/*--------------------------------*- C++ -*----------------------------------*\
| =========                 |                                                 |
| \\      /  F ield         | OpenFOAM: The Open Source CFD Toolbox           |
|  \\    /   O peration     | Version:  v1912                                 |
|   \\  /    A nd           | Website:  www.openfoam.com                      |
|    \\/     M anipulation  |                                                 |
\*---------------------------------------------------------------------------*/
FoamFile
{
    version     2.0;
    format      ascii;
    class       volScalarField;
    location    "9.35";
    object      p;
}
// * * * * * * * * * * * * * * * * * * * * * * * * * * * * * * * * * * * * * //

dimensions      [0 2 -2 0 0 0 0];


internalField   nonuniform List<scalar> 
9600
(
-1.60397e-10
0.00336593
0.00496459
0.00174732
-0.000848845
0.00277738
0.002533
0.00419889
0.00602796
0.00587273
0.00597006
0.00474419
0.00631099
0.00799353
0.00776955
0.0101671
0.00609319
0.00487075
0.00314525
0.00315275
1.72389e-06
0.00337339
0.00493856
0.00174382
-0.000830942
0.00277748
0.00252785
0.00419462
0.00602717
0.00588352
0.00597349
0.00474069
0.00632174
0.00794871
0.00777832
0.0099062
0.00613709
0.00483326
0.00319598
0.00312716
5.7309e-06
0.00338003
0.00490532
0.00174978
-0.000811737
0.00277345
0.00252226
0.00419782
0.00602812
0.0058952
0.00597592
0.00473134
0.00632657
0.00788677
0.00777779
0.00967547
0.00620382
0.0047881
0.00326466
0.00308811
1.33284e-05
0.00338463
0.00487057
0.00176371
-0.000781956
0.00276855
0.00251938
0.00421148
0.00602678
0.00590727
0.00597864
0.00471695
0.00633724
0.00780453
0.0077708
0.00943362
0.00625101
0.00474981
0.00331535
0.00303784
2.65789e-05
0.00338723
0.00483325
0.00178584
-0.000740063
0.00276276
0.00251973
0.00423147
0.00602405
0.00591997
0.00598105
0.00470334
0.00635452
0.00770571
0.00776236
0.00917839
0.00629066
0.00472386
0.00333951
0.00301648
4.65566e-05
0.00338656
0.00479591
0.00181519
-0.00068529
0.00275665
0.00252296
0.00425472
0.00602137
0.00593249
0.00598339
0.00469419
0.00637651
0.00759766
0.00775457
0.00892088
0.00633038
0.00470236
0.00335174
0.00302558
7.30732e-05
0.00338299
0.00476143
0.00185068
-0.000618783
0.00275059
0.00252901
0.00427908
0.00601891
0.00594388
0.00598604
0.00468977
0.00640212
0.00748425
0.00774744
0.00866753
0.00635968
0.00468925
0.00335676
0.00304216
0.000105234
0.00337789
0.0047313
0.00189163
-0.000541941
0.00274501
0.00253808
0.0043028
0.00601526
0.00595325
0.00598897
0.00468902
0.0064307
0.00736696
0.00774089
0.00841948
0.00637354
0.00468988
0.00334429
0.0030583
0.000141943
0.00337247
0.00470557
0.00193758
-0.000456143
0.00274048
0.00255081
0.00432451
0.00600836
0.00595985
0.00599198
0.00469071
0.0064594
0.00724748
0.007733
0.00817887
0.00637262
0.00470192
0.00331154
0.0030789
0.000182197
0.0033675
0.00468338
0.00198781
-0.000362735
0.00273783
0.0025681
0.00434329
0.0059965
0.00596317
0.00599484
0.00469412
0.00648716
0.00712869
0.00772135
0.00794991
0.00635655
0.00472402
0.00326556
0.00310379
0.000225261
0.00336326
0.00466323
0.00204118
-0.000263039
0.0027379
0.00259061
0.00435879
0.00597884
0.0059629
0.00599738
0.0046994
0.00651291
0.00701489
0.00770406
0.00773623
0.0063264
0.00475733
0.00321262
0.00312737
0.000270658
0.00335975
0.00464359
0.0020963
-0.000158292
0.00274118
0.00261851
0.00437105
0.00595561
0.00595907
0.0059994
0.00470745
0.00653603
0.00691106
0.00768011
0.0075405
0.00628536
0.00480213
0.00315814
0.0031465
0.000318069
0.00335687
0.00462329
0.00215196
-4.95212e-05
0.00274779
0.0026514
0.00438048
0.00592805
0.00595205
0.00600064
0.00471939
0.00655628
0.00682123
0.00764952
0.00736473
0.00623636
0.00485766
0.0031085
0.00316037
0.000367265
0.00335454
0.00460161
0.00220744
6.25434e-05
0.00275749
0.00268845
0.00438762
0.00589807
0.0059425
0.00600095
0.00473621
0.00657376
0.00674771
0.00761251
0.00720955
0.00618122
0.00492245
0.00306925
0.00316815
0.000418038
0.00335276
0.00457832
0.00226249
0.000177452
0.00276985
0.00272867
0.00439293
0.00586777
0.00593129
0.00600021
0.00475848
0.00658854
0.00669074
0.00756929
0.00707398
0.0061205
0.00499379
0.00304369
0.0031686
0.000470198
0.00335163
0.00455354
0.00231715
0.00029496
0.0027843
0.00277121
0.00439685
0.00583907
0.00591941
0.00599828
0.00478609
0.00660049
0.00664903
0.00751977
0.00695602
0.00605402
0.00506735
0.00303333
0.00316012
0.000523615
0.00335118
0.00452752
0.0023717
0.000414944
0.00280024
0.00281538
0.00439979
0.0058135
0.00590775
0.00599498
0.00481864
0.00660912
0.00662045
0.00746363
0.00685318
0.00598167
0.00513754
0.00303911
0.00314137
0.000578221
0.00335143
0.00450072
0.00242645
0.00053734
0.00281723
0.00286087
0.004402
0.00579189
0.00589699
0.00598991
0.00485579
0.00661375
0.00660249
0.00740074
0.00676298
0.00590356
0.00519876
0.00306245
0.00311257
0.000634017
0.0033524
0.00447357
0.00248161
0.000662124
0.00283502
0.0029076
0.00440347
0.00577431
0.00588775
0.00598243
0.00489694
0.00661404
0.00659303
0.00733107
0.00668272
0.0058205
0.00524679
0.00310479
0.00307552
0.000691058
0.00335407
0.00444649
0.00253729
0.000789263
0.00285339
0.00295563
0.00440421
0.0057602
0.0058806
0.00597209
0.00494127
0.0066098
0.00659021
0.00725522
0.00660966
0.00573433
0.00527992
0.00316645
0.00303324
0.000749432
0.00335639
0.00441985
0.00259345
0.000918647
0.00287226
0.00300519
0.00440433
0.00574845
0.005876
0.00595874
0.00498791
0.00660079
0.00659206
0.00717499
0.00654182
0.00564725
0.00529825
0.00324658
0.00299018
0.000809244
0.00335928
0.00439394
0.00265004
0.00105014
0.00289164
0.00305627
0.00440394
0.00573796
0.00587426
0.00594237
0.00503587
0.00658738
0.00659683
0.00709207
0.00647766
0.00556153
0.00530288
0.00334349
0.00295137
0.000870604
0.00336263
0.004369
0.00270698
0.0011836
0.00291163
0.00310867
0.00440345
0.00572763
0.00587537
0.00592329
0.00508413
0.00657055
0.00660281
0.00700744
0.006416
0.00547947
0.0052952
0.00345469
0.00292155
0.00093363
0.00336633
0.00434523
0.0027642
0.00131875
0.00293231
0.00316228
0.00440362
0.00571643
0.00587904
0.00590211
0.00513155
0.00655145
0.00660846
0.00692176
0.0063568
0.00540283
0.00527591
0.0035777
0.00290558
0.000998451
0.00337026
0.0043228
0.00282174
0.00145526
0.00295373
0.00321686
0.00440516
0.00570361
0.00588499
0.00587958
0.00517696
0.00653116
0.00661296
0.00683567
0.00629992
0.005333
0.0052454
0.0037099
0.00290859
0.00106522
0.0033743
0.00430189
0.00287962
0.00159278
0.0029761
0.00327188
0.00440884
0.00568871
0.00589262
0.00585656
0.0052193
0.00651055
0.00661595
0.00674949
0.00624487
0.00527191
0.00520437
0.00384729
0.00293602
0.0011341
0.0033783
0.00428269
0.00293795
0.0017309
0.00299984
0.00332665
0.0044153
0.00567154
0.005901
0.00583393
0.00525748
0.00649034
0.00661777
0.00666303
0.00619097
0.00522215
0.00515439
0.00398444
0.00299264
0.00120531
0.0033821
0.00426533
0.00299689
0.00186916
0.00302535
0.00338058
0.00442504
0.00565244
0.00590924
0.00581237
0.00529065
0.00647071
0.00661914
0.00657642
0.00613673
0.00518576
0.00509871
0.00411491
0.00308081
0.00127908
0.00338553
0.00424997
0.00305665
0.00200706
0.00305302
0.00343322
0.00443834
0.00563217
0.00591655
0.00579245
0.00531829
0.00645119
0.00662098
0.00649053
0.00608039
0.00516413
0.00504185
0.00423145
0.00319869
0.00135563
0.00338843
0.00423669
0.00311749
0.0021441
0.00308328
0.00348422
0.0044552
0.00561153
0.0059222
0.00577468
0.00534017
0.00643089
0.00662451
0.00640673
0.00602023
0.00515738
0.00498948
0.00432917
0.00334023
0.00143519
0.00339071
0.00422547
0.00317963
0.00227986
0.00311649
0.00353325
0.0044754
0.00559119
0.00592584
0.00575941
0.0053562
0.00640887
0.00663047
0.00632667
0.00595487
0.00516375
0.00494778
0.00440786
0.00349578
0.00151793
0.00339233
0.00421622
0.00324331
0.00241393
0.00315286
0.00358039
0.00449868
0.0055718
0.00592742
0.00574675
0.00536658
0.00638434
0.006639
0.00625256
0.00588372
0.00517999
0.00492199
0.00447103
0.00365372
0.00160404
0.00339329
0.00420875
0.00330884
0.00254606
0.00319243
0.00362709
0.00452451
0.00555344
0.00592703
0.00573694
0.00537196
0.00635598
0.00664998
0.00618734
0.00580686
0.00520216
0.00491589
0.0045245
0.00380519
0.00169368
0.00339371
0.00420275
0.00337641
0.00267615
0.00323526
0.00367354
0.00455254
0.00553591
0.0059248
0.00573028
0.00537283
0.00632244
0.00666337
0.00613383
0.00572527
0.00522609
0.00493083
0.00457412
0.00394734
0.00178696
0.00339383
0.0041978
0.0034462
0.00280424
0.00328114
0.00372014
0.00458298
0.0055192
0.00592003
0.00572707
0.00537027
0.00628249
0.00667828
0.00609501
0.0056411
0.00524729
0.00496668
0.00462524
0.0040808
0.00188399
0.00339403
0.0041933
0.00351835
0.00293061
0.00332969
0.00376718
0.00461555
0.0055036
0.00591176
0.00572723
0.0053661
0.00623528
0.00669272
0.00607401
0.00555721
0.00526084
0.00502321
0.00468374
0.0042058
0.00198483
0.00339481
0.00418864
0.00359284
0.00305559
0.00338086
0.00381466
0.00465292
0.00548976
0.00589955
0.00573024
0.00536175
0.00618069
0.00670446
0.00607329
0.00547752
0.00526089
0.00509706
0.00475621
0.00432247
0.0020895
0.00339673
0.00418326
0.00366963
0.00317955
0.00343448
0.00386229
0.00469423
0.00547894
0.00588246
0.0057353
0.00535931
0.00611871
0.00671136
0.00609359
0.00540834
0.0052439
0.00518166
0.00485066
0.00443156
0.002198
0.00340045
0.00417655
0.00374845
0.00330312
0.00349088
0.0039092
0.00473907
0.00547333
0.00586028
0.00574023
0.00536112
0.00605141
0.00670746
0.00613133
0.00535795
0.00521197
0.00526864
0.0049755
0.0045414
0.00231023
0.00340668
0.00416813
0.00382898
0.00342663
0.00355035
0.00395526
0.00478683
0.00547449
0.00583388
0.00574321
0.00536735
0.00598126
0.00668878
0.00618084
0.0053311
0.00517103
0.00534995
0.00513411
0.00467166
0.002426
0.00341622
0.00415774
0.00391077
0.00355043
0.00361295
0.00400052
0.00483662
0.00548377
0.00580469
0.00574285
0.00537836
0.00591043
0.00665593
0.00623513
0.00532517
0.0051257
0.00542106
0.00532073
0.00484284
0.00254511
0.00342981
0.00414537
0.00399312
0.00367488
0.00367874
0.00404553
0.00488709
0.00550095
0.00577607
0.00573705
0.00539344
0.00584347
0.00660954
0.00628871
0.00533679
0.00507561
0.0054744
0.00552902
0.00507511
0.00266713
0.00344834
0.00413123
0.00407535
0.00380026
0.00374746
0.00409156
0.00493743
0.00552522
0.00575111
0.00572667
0.0054109
0.00578276
0.00655355
0.00633813
0.0053651
0.00501607
0.00549004
0.00572975
0.00537106
0.00279158
0.00347273
0.00411574
0.00415651
0.00392681
0.00381937
0.00413866
0.00498741
0.00555579
0.00573133
0.00571337
0.00543031
0.00573131
0.00648956
0.00639244
0.00544263
0.00499195
0.00547581
0.00588129
0.00562491
0.00291788
0.0035037
0.00409986
0.00423582
0.00405461
0.00389371
0.00418749
0.0050382
0.00559035
0.00571838
0.00569909
0.00545045
0.00569096
0.00643052
0.00645427
0.00555917
0.00500388
0.00543983
0.00595877
0.00582171
0.00304522
0.0035423
0.00408463
0.00431179
0.00418395
0.00397066
0.00423747
0.00509054
0.00562982
0.00571181
0.00568763
0.00547374
0.00566022
0.00638499
0.00652412
0.00570165
0.00505753
0.00539156
0.00596798
0.00595287
0.003173
0.00358926
0.00407154
0.00438281
0.00431477
0.00405044
0.00428742
0.00514662
0.0056751
0.00570993
0.00568015
0.00550322
0.0056417
0.00631208
0.00655454
0.00581861
0.00507959
0.0053025
0.00592193
0.00610745
0.00330033
0.00364568
0.00405996
0.00444725
0.00444703
0.00413394
0.00433525
0.00520617
0.0057279
0.00571409
0.00567639
0.00553879
0.00563616
0.00628833
0.00658145
0.00598229
0.00519042
0.00524333
0.00584302
0.00613537
0.00342685
0.00371151
0.00405567
0.00450406
0.00457974
0.00422246
0.0043793
0.0052683
0.00579279
0.00572533
0.0056712
0.00558157
0.00564261
0.00614722
0.00655146
0.00611854
0.00533376
0.00520491
0.00574601
0.00613717
0.00355216
0.00378643
0.00405927
0.00455282
0.00471176
0.00431749
0.00441892
0.00532894
0.00587154
0.00574706
0.00566216
0.00562596
0.00566372
0.00607146
0.00649089
0.00621976
0.00550252
0.00523375
0.00567251
0.00612889
0.00367584
0.00387475
0.00407146
0.00459367
0.00484115
0.00442146
0.00445428
0.00538236
0.00596291
0.00578582
0.00564811
0.00565898
0.00570324
0.00602132
0.00641023
0.00627675
0.00568989
0.0053366
0.00563477
0.00612902
0.00379782
0.00396624
0.00409409
0.00462754
0.00496549
0.00453611
0.00448693
0.00542283
0.00606372
0.00584697
0.00563151
0.00567637
0.00575883
0.0060001
0.00633544
0.00630165
0.00585627
0.00548843
0.00564637
0.00612416
0.00391782
0.00406517
0.00412826
0.00465579
0.00508264
0.00466134
0.00451964
0.0054462
0.00616743
0.00593475
0.00562266
0.0056769
0.00581809
0.00601308
0.00628555
0.00630301
0.00597729
0.0056539
0.00571194
0.00612559
0.00403588
0.00417031
0.00417508
0.00468015
0.00518994
0.00479668
0.00455719
0.00545086
0.00626434
0.00604969
0.00563306
0.00566269
0.00587004
0.00605624
0.00626651
0.00629336
0.00606512
0.00580719
0.00581828
0.00616441
0.00415195
0.00428098
0.00423552
0.00470268
0.00528509
0.00494039
0.00460522
0.00543766
0.00634428
0.00618762
0.00567399
0.00564223
0.0059058
0.0061395
0.00628719
0.00629441
0.00613152
0.00593869
0.00593958
0.00624065
0.00426616
0.00439578
0.00431011
0.0047258
0.00536592
0.00508958
0.00466927
0.00540949
0.00639798
0.00634055
0.00575323
0.00562771
0.00592078
0.00620807
0.0063412
0.00631864
0.00618447
0.00605424
0.00605783
0.00633159
0.00437868
0.00451355
0.00439916
0.00475185
0.00543102
0.0052408
0.00475396
0.0053727
0.00641802
0.00649539
0.00587401
0.0056337
0.00591867
0.00626266
0.0064188
0.00637466
0.00623696
0.00615684
0.00617697
0.00641765
0.00448982
0.004633
0.00450215
0.0047837
0.00547994
0.00538961
0.00486311
0.00533665
0.0064006
0.00663612
0.00603358
0.00567427
0.00591048
0.00629968
0.00650204
0.00646002
0.00630319
0.0062445
0.00630041
0.00650697
0.00460015
0.00475236
0.00461774
0.00482471
0.00551369
0.00553041
0.0049983
0.00531235
0.00634743
0.00674741
0.00622261
0.00575905
0.00591139
0.00631979
0.00657577
0.00656619
0.00639665
0.00632198
0.00641748
0.00661658
0.00471012
0.00487069
0.00474366
0.00487726
0.00553527
0.00565543
0.00515637
0.00531303
0.00626701
0.00681609
0.00642289
0.00589061
0.00593521
0.0063267
0.00663153
0.00667713
0.0065216
0.00640988
0.0065152
0.00673834
0.00482015
0.0049872
0.00487653
0.0049425
0.00554969
0.00575956
0.00533044
0.00535094
0.00617955
0.00683574
0.00661274
0.00606501
0.00599259
0.00633167
0.00667034
0.00677548
0.00666453
0.00652902
0.0066015
0.00685025
0.00493061
0.00510088
0.00501326
0.00502104
0.00556221
0.00584359
0.00550673
0.00542822
0.00610703
0.0068101
0.00677025
0.00626764
0.00608988
0.00635045
0.00669951
0.00685554
0.00680403
0.00667937
0.0067016
0.00694426
0.00504171
0.00521137
0.00515
0.00511287
0.00557782
0.00590963
0.00567347
0.00553917
0.00606602
0.00675942
0.00688331
0.00647779
0.00622776
0.0063902
0.0067255
0.00692496
0.0069261
0.00684009
0.00683306
0.00703739
0.00515339
0.00531843
0.00528336
0.00521665
0.00560119
0.00596083
0.00582592
0.0056723
0.00606276
0.00670498
0.00695175
0.00667431
0.00639754
0.00645934
0.00675352
0.00698821
0.00703602
0.00699105
0.00698582
0.00714677
0.0052653
0.00542226
0.00541122
0.00533004
0.00563579
0.00600176
0.00596118
0.00581603
0.00609544
0.00666303
0.00698591
0.00684495
0.00658555
0.00656843
0.00679214
0.0070423
0.0071412
0.00712863
0.00714213
0.00727821
0.00537688
0.00552348
0.00553219
0.0054497
0.00568347
0.00603752
0.00607835
0.00596223
0.00615948
0.00664323
0.0069998
0.00696546
0.00676995
0.00671126
0.00685625
0.00708898
0.00723706
0.00726066
0.00729169
0.0074214
0.0054873
0.00562235
0.00564597
0.0055718
0.00574447
0.00607302
0.00617882
0.00610449
0.00624745
0.00664953
0.00700913
0.00707025
0.00693993
0.00686698
0.00695195
0.00714109
0.00731648
0.00738568
0.00743411
0.00756737
0.00559567
0.00571892
0.00575265
0.00569279
0.00581752
0.00611183
0.00626481
0.00623873
0.00635123
0.00668113
0.00702363
0.00715462
0.00709198
0.00701997
0.00706921
0.00721588
0.00738754
0.00749688
0.0075697
0.00770957
0.00570097
0.00581355
0.00585216
0.00580967
0.00590046
0.00615669
0.00633935
0.00636263
0.00646405
0.00673491
0.00705026
0.0072182
0.00722436
0.00716859
0.00719271
0.00731102
0.00746467
0.00759418
0.00769394
0.00784255
0.00580199
0.00590474
0.00594556
0.00592047
0.00598995
0.00620944
0.00640634
0.00647487
0.00657943
0.00680625
0.00709366
0.00731202
0.00734375
0.00731901
0.00732567
0.00742073
0.00755818
0.00768829
0.00780927
0.00796926
0.00589758
0.00599331
0.00603257
0.00602376
0.00608234
0.0062693
0.00647064
0.00657815
0.0066918
0.00688358
0.00713351
0.00729898
0.00741966
0.0074445
0.00745536
0.00752844
0.00765695
0.00778256
0.007915
0.00808571
0.00598629
0.00607626
0.00611374
0.00611926
0.00617513
0.00633391
0.00653152
0.00667603
0.00680931
0.00698698
0.00721989
0.0074389
0.0075327
0.00758536
0.00761029
0.00766087
0.00777482
0.00789942
0.00803214
0.00820814
0.00606667
0.00615391
0.00618852
0.00620537
0.00626528
0.00640533
0.00658649
0.00674229
0.00688475
0.0070484
0.00724798
0.00744873
0.00757814
0.00765867
0.00772637
0.00777666
0.00787504
0.00800677
0.00815424
0.00834431
0.00613721
0.00622447
0.00625649
0.00628103
0.00634801
0.0064821
0.00666768
0.00685683
0.00702574
0.00720437
0.00743075
0.00762875
0.00774261
0.00781071
0.00787573
0.00790746
0.0079487
0.00803334
0.0081523
0.00832173
0.00619495
0.00628422
0.00631755
0.00635204
0.00642128
0.00652439
0.00668593
0.00680792
0.00698667
0.00714128
0.00736631
0.00758803
0.00777489
0.00792149
0.00807703
0.00822445
0.00834601
0.00848411
0.00863685
0.00882294
0.00623967
0.00633191
0.00636786
0.00641318
0.00651025
0.00667058
0.0068247
0.00703909
0.00724061
0.0074128
0.0076137
0.00779492
0.00791191
0.00796891
0.00799624
0.00801928
0.00803813
0.00807878
0.00817415
0.0083262
0.0062674
0.00636124
0.00640118
0.00645649
0.00654548
0.00663348
0.00677663
0.00687002
0.00699654
0.00718216
0.00747687
0.00779978
0.00808934
0.00835732
0.00860701
0.00885752
0.00911645
0.00937612
0.0096388
0.00986612
0.006272
0.00638007
0.00644094
0.00652238
0.00666197
0.00683678
0.00701025
0.0071892
0.00736818
0.00753578
0.00773199
0.00790902
0.00801358
0.00808573
0.0081274
0.00816189
0.00819925
0.00824679
0.0083155
0.00841315
0.00622746
0.00632435
0.00643909
0.0065839
0.00672629
0.00684978
0.00700332
0.00711692
0.00727234
0.00745372
0.00764245
0.00787033
0.00809025
0.00830522
0.00859259
0.00888492
0.00918167
0.00943785
0.00968033
0.00989105
0.00621445
0.00632087
0.00645204
0.00663274
0.00682981
0.0070153
0.00719294
0.00734131
0.0074857
0.00765512
0.00780509
0.00794085
0.00808341
0.0081752
0.00827984
0.00841486
0.00858688
0.00879788
0.00901693
0.00920259
0.00341904
0.00373897
-0.000951114
-0.00513297
-0.00534051
-0.00293331
-0.000117903
0.00178742
0.00280369
0.00351638
0.00410252
0.00471827
0.00551626
0.00623146
0.00691827
0.00780554
0.00860283
0.00919216
0.0097809
0.0103954
0.0109879
0.0116499
0.0123354
0.0128963
0.0134494
0.0141792
0.0149502
0.0155386
0.0161321
0.0169597
0.0178715
0.0187064
0.0193901
0.0198517
0.020248
0.0207713
0.0213018
0.0217987
0.0225482
0.023594
0.0245809
0.0253472
0.025994
0.0267234
0.0275243
0.0283503
0.0293107
0.0303452
0.0314431
0.0322203
0.0317245
0.0306662
0.0316343
0.0342328
0.0359937
0.0369382
0.0378171
0.0387241
0.0397116
0.0406743
0.0414629
0.0422127
0.0431858
0.0443286
0.0454981
0.0466426
0.0476695
0.0487411
0.0499177
0.0509303
0.051985
0.0532979
0.0547011
0.0560217
0.0573724
0.0587469
0.0601408
0.0614906
0.0628561
0.0642842
0.0657412
0.0672722
0.0687853
0.0703487
0.0718706
0.0734796
0.0751037
0.0768039
0.0785471
0.080229
0.0820111
0.0837634
0.0855572
0.0874155
0.0892678
0.0911794
0.0931144
0.0950279
0.0969663
0.0989001
0.003373
0.00366285
-0.000846655
-0.00499306
-0.0052602
-0.00289235
-8.73062e-05
0.00181168
0.00282101
0.00352891
0.00411189
0.0047254
0.00552264
0.00623718
0.00692289
0.00781009
0.00860738
0.00919602
0.00978422
0.0103984
0.0109904
0.011652
0.0123376
0.0128984
0.013451
0.0141806
0.0149519
0.0155402
0.0161332
0.0169607
0.0178726
0.0187076
0.0193916
0.019853
0.020249
0.0207723
0.021303
0.0217996
0.0225489
0.0235949
0.024582
0.0253483
0.0259949
0.0267242
0.0275251
0.0283509
0.0293113
0.0303456
0.0314437
0.0322217
0.0317262
0.0306663
0.0316336
0.0342332
0.0359945
0.0369386
0.0378175
0.0387245
0.039712
0.0406747
0.0414634
0.0422131
0.043186
0.0443289
0.0454984
0.0466429
0.0476698
0.0487413
0.0499179
0.0509306
0.0519851
0.0532981
0.0547013
0.0560218
0.0573726
0.058747
0.060141
0.0614907
0.0628562
0.0642843
0.0657414
0.0672723
0.0687854
0.0703489
0.0718707
0.0734797
0.0751038
0.076804
0.0785472
0.0802291
0.0820112
0.0837635
0.0855573
0.0874155
0.0892679
0.0911795
0.0931145
0.095028
0.0969664
0.0989003
0.00315487
0.00352653
-0.000617942
-0.00470005
-0.00510715
-0.00283776
-6.76615e-05
0.00182619
0.00283699
0.00354491
0.00412538
0.00473525
0.00553011
0.00624292
0.00692736
0.00781447
0.00861156
0.00919964
0.00978755
0.0104014
0.0109928
0.0116542
0.0123396
0.0129001
0.0134524
0.014182
0.0149534
0.0155415
0.0161341
0.0169616
0.0178736
0.0187087
0.019393
0.0198542
0.0202496
0.0207731
0.0213039
0.0218001
0.0225493
0.0235957
0.0245831
0.0253492
0.0259955
0.0267248
0.0275258
0.0283514
0.0293117
0.030346
0.0314443
0.0322235
0.0317279
0.0306652
0.031632
0.0342341
0.0359957
0.0369391
0.0378179
0.0387248
0.0397123
0.0406752
0.0414638
0.0422132
0.0431862
0.0443291
0.0454986
0.0466432
0.04767
0.0487415
0.0499182
0.0509308
0.0519852
0.0532982
0.0547015
0.056022
0.0573727
0.0587472
0.0601412
0.0614909
0.0628563
0.0642844
0.0657415
0.0672724
0.0687855
0.070349
0.0718708
0.0734798
0.0751039
0.0768041
0.0785473
0.0802292
0.0820112
0.0837635
0.0855574
0.0874156
0.089268
0.0911796
0.0931145
0.095028
0.0969665
0.0989007
0.00293364
0.00342865
-0.00031297
-0.00432087
-0.00489651
-0.00276351
-4.36505e-05
0.00184318
0.00285715
0.0035664
0.00414559
0.00475172
0.00554216
0.00625173
0.00693424
0.00782017
0.00861629
0.00920421
0.00979241
0.0104061
0.0109968
0.0116573
0.0123422
0.0129023
0.0134544
0.0141837
0.0149551
0.015543
0.0161353
0.0169628
0.0178747
0.01871
0.0193947
0.0198555
0.0202501
0.0207737
0.0213048
0.0218004
0.0225494
0.0235966
0.0245843
0.0253503
0.0259961
0.0267254
0.0275266
0.028352
0.0293123
0.0303465
0.0314451
0.0322259
0.03173
0.0306632
0.0316297
0.0342354
0.0359973
0.0369395
0.0378183
0.0387251
0.0397126
0.0406757
0.0414642
0.0422134
0.0431862
0.0443293
0.0454989
0.0466435
0.0476703
0.0487416
0.0499185
0.050931
0.0519852
0.0532983
0.0547017
0.0560222
0.0573728
0.0587473
0.0601413
0.061491
0.0628564
0.0642846
0.0657416
0.0672725
0.0687857
0.0703491
0.0718709
0.0734799
0.075104
0.0768041
0.0785474
0.0802293
0.0820113
0.0837636
0.0855574
0.0874157
0.089268
0.0911796
0.0931146
0.0950281
0.0969666
0.0989013
0.00274911
0.00333553
1.44004e-06
-0.00391054
-0.0046567
-0.00267496
-1.5233e-05
0.00186203
0.00287996
0.00359205
0.00417224
0.00477551
0.00556001
0.00626517
0.0069451
0.00782797
0.0086218
0.00921005
0.0097992
0.010413
0.0110031
0.0116622
0.0123459
0.0129059
0.0134579
0.014186
0.0149567
0.0155447
0.0161369
0.0169641
0.0178757
0.0187114
0.0193969
0.0198571
0.0202506
0.0207743
0.0213057
0.0218007
0.0225495
0.0235974
0.0245855
0.0253512
0.0259966
0.026726
0.0275276
0.0283527
0.029313
0.030347
0.031446
0.0322286
0.0317323
0.0306604
0.0316268
0.0342374
0.0359993
0.0369399
0.0378188
0.0387255
0.039713
0.0406763
0.0414647
0.0422135
0.0431863
0.0443295
0.0454993
0.0466439
0.0476705
0.0487418
0.0499188
0.0509313
0.0519852
0.0532984
0.0547019
0.0560224
0.057373
0.0587475
0.0601415
0.0614912
0.0628565
0.0642847
0.0657417
0.0672727
0.0687858
0.0703492
0.071871
0.07348
0.0751041
0.0768042
0.0785476
0.0802294
0.0820114
0.0837637
0.0855575
0.0874158
0.0892681
0.0911797
0.0931147
0.0950282
0.0969668
0.0989022
0.00257008
0.00320995
0.000309304
-0.00347723
-0.00439444
-0.00257608
1.59808e-05
0.00188191
0.00290392
0.00361888
0.00420147
0.00480346
0.00558213
0.00628302
0.00696024
0.00783811
0.00862823
0.00921734
0.00980801
0.0104221
0.0110117
0.0116689
0.0123509
0.0129114
0.0134638
0.0141897
0.0149587
0.015547
0.0161393
0.0169655
0.0178762
0.0187124
0.0193994
0.0198591
0.0202512
0.0207749
0.0213067
0.0218012
0.0225496
0.0235983
0.0245866
0.025352
0.0259968
0.0267265
0.0275288
0.0283537
0.0293139
0.0303477
0.031447
0.0322318
0.0317349
0.0306571
0.0316237
0.0342399
0.0360015
0.0369402
0.0378193
0.0387259
0.0397135
0.040677
0.0414653
0.0422137
0.0431864
0.0443298
0.0454997
0.0466444
0.0476708
0.048742
0.0499192
0.0509315
0.0519852
0.0532985
0.0547022
0.0560226
0.0573731
0.0587477
0.0601417
0.0614914
0.0628567
0.0642848
0.0657418
0.0672728
0.0687859
0.0703494
0.0718712
0.0734801
0.0751042
0.0768043
0.0785477
0.0802295
0.0820115
0.0837638
0.0855576
0.0874159
0.0892682
0.0911798
0.0931148
0.0950284
0.096967
0.0989033
0.00239052
0.00306591
0.000621621
-0.00302381
-0.0041158
-0.00247108
4.78725e-05
0.00190206
0.00292903
0.00364681
0.00423181
0.00483294
0.0056063
0.00630374
0.00697856
0.00785012
0.0086355
0.00922597
0.00981863
0.0104331
0.0110222
0.011677
0.0123567
0.0129186
0.0134723
0.0141952
0.0149615
0.0155503
0.0161428
0.0169671
0.0178757
0.0187125
0.0194018
0.0198612
0.0202517
0.0207756
0.0213083
0.0218023
0.02255
0.0235994
0.0245877
0.0253527
0.0259967
0.0267267
0.02753
0.0283548
0.0293148
0.0303483
0.0314481
0.0322354
0.0317379
0.0306537
0.0316206
0.0342428
0.0360037
0.0369403
0.0378198
0.0387265
0.039714
0.0406778
0.0414659
0.0422139
0.0431866
0.0443302
0.0455002
0.0466449
0.0476712
0.0487423
0.0499197
0.0509318
0.0519852
0.0532986
0.0547025
0.0560228
0.0573733
0.0587479
0.060142
0.0614915
0.0628568
0.064285
0.0657419
0.0672729
0.0687861
0.0703495
0.0718713
0.0734802
0.0751043
0.0768044
0.0785479
0.0802296
0.0820116
0.083764
0.0855577
0.087416
0.0892683
0.0911799
0.0931149
0.0950285
0.0969673
0.0989048
0.00222915
0.00291792
0.000930717
-0.00256244
-0.00382627
-0.00236113
8.07168e-05
0.00192272
0.00295582
0.00367662
0.00426365
0.00486364
0.00563166
0.00632604
0.00699887
0.00786355
0.00864345
0.00923563
0.00983065
0.0104453
0.0110339
0.0116856
0.0123628
0.0129271
0.013483
0.0142023
0.0149655
0.0155549
0.0161475
0.016969
0.0178744
0.0187112
0.0194032
0.0198628
0.0202516
0.020776
0.0213104
0.0218044
0.0225514
0.0236009
0.0245891
0.0253535
0.0259965
0.0267266
0.027531
0.0283556
0.0293153
0.0303485
0.0314489
0.0322392
0.0317418
0.0306507
0.0316179
0.0342464
0.0360057
0.03694
0.0378203
0.038727
0.0397146
0.0406787
0.0414667
0.0422143
0.0431868
0.0443308
0.0455009
0.0466455
0.0476716
0.0487427
0.0499203
0.0509322
0.0519853
0.0532989
0.0547029
0.0560231
0.0573736
0.0587482
0.0601423
0.0614918
0.0628569
0.0642851
0.0657421
0.0672731
0.0687863
0.0703497
0.0718714
0.0734803
0.0751045
0.0768045
0.0785481
0.0802297
0.0820118
0.0837641
0.0855578
0.0874161
0.0892684
0.09118
0.0931151
0.0950287
0.0969676
0.0989066
0.00209829
0.00276418
0.00122183
-0.00210058
-0.00352472
-0.00224338
0.00011615
0.00194437
0.00298446
0.00370862
0.0042973
0.00489582
0.00565809
0.00634923
0.00702049
0.00787825
0.00865204
0.00924596
0.00984366
0.0104586
0.0110465
0.0116947
0.0123688
0.0129358
0.0134948
0.0142106
0.0149706
0.0155607
0.0161531
0.0169713
0.0178727
0.0187087
0.0194033
0.0198632
0.0202505
0.0207756
0.0213123
0.0218072
0.0225539
0.0236034
0.0245908
0.0253547
0.0259966
0.0267268
0.027532
0.0283559
0.029315
0.0303473
0.0314483
0.0322425
0.0317461
0.0306487
0.0316165
0.034251
0.0360076
0.036939
0.0378206
0.0387274
0.0397151
0.0406796
0.0414676
0.0422148
0.0431873
0.0443314
0.0455017
0.0466462
0.0476722
0.0487433
0.049921
0.0509326
0.0519855
0.0532992
0.0547034
0.0560235
0.0573739
0.0587485
0.0601426
0.061492
0.0628571
0.0642853
0.0657422
0.0672733
0.0687865
0.0703499
0.0718715
0.0734805
0.0751046
0.0768046
0.0785483
0.0802299
0.0820119
0.0837643
0.0855579
0.0874163
0.0892686
0.0911801
0.0931152
0.0950289
0.0969681
0.0989087
0.00199888
0.00260269
0.00148811
-0.00163905
-0.00320797
-0.00211567
0.000154611
0.00196639
0.00301427
0.00374266
0.00433286
0.0049296
0.00568557
0.00637311
0.00704308
0.00789417
0.00866132
0.00925678
0.00985731
0.0104724
0.0110598
0.0117042
0.0123747
0.0129444
0.013507
0.0142196
0.0149762
0.0155673
0.0161592
0.0169738
0.0178706
0.018705
0.0194019
0.0198622
0.0202481
0.0207741
0.0213133
0.0218099
0.0225574
0.0236074
0.0245932
0.025356
0.0259971
0.0267277
0.0275333
0.0283559
0.0293138
0.0303445
0.0314452
0.0322436
0.0317498
0.0306473
0.0316171
0.0342577
0.0360099
0.0369375
0.0378204
0.0387274
0.0397151
0.0406803
0.0414685
0.0422155
0.0431878
0.0443322
0.0455026
0.0466471
0.0476729
0.0487441
0.0499217
0.0509331
0.0519858
0.0532998
0.054704
0.056024
0.0573744
0.058749
0.0601431
0.0614923
0.0628573
0.0642856
0.0657424
0.0672735
0.0687868
0.0703501
0.0718716
0.0734806
0.0751048
0.0768047
0.0785485
0.08023
0.0820121
0.0837645
0.085558
0.0874165
0.0892687
0.0911803
0.0931155
0.0950292
0.0969686
0.0989112
0.00193186
0.00244037
0.00172765
-0.00117902
-0.00287549
-0.00197774
0.000195426
0.00198785
0.0030447
0.0037789
0.00437057
0.00496513
0.00571429
0.00639775
0.0070664
0.00791113
0.00867139
0.00926799
0.00987129
0.0104867
0.0110736
0.0117144
0.0123806
0.0129525
0.0135192
0.0142287
0.0149821
0.015574
0.0161654
0.0169761
0.0178679
0.0186998
0.0193988
0.0198596
0.0202442
0.0207715
0.0213131
0.0218114
0.0225608
0.0236128
0.0245965
0.0253572
0.0259976
0.0267293
0.0275354
0.0283556
0.0293117
0.0303401
0.0314391
0.032241
0.0317508
0.0306447
0.0316196
0.0342675
0.0360134
0.0369357
0.0378197
0.0387268
0.0397144
0.0406804
0.0414692
0.0422163
0.0431885
0.0443331
0.0455037
0.0466479
0.0476738
0.0487451
0.0499226
0.0509337
0.0519864
0.0533005
0.0547047
0.0560247
0.057375
0.0587497
0.0601437
0.0614928
0.0628575
0.0642859
0.0657427
0.0672738
0.0687871
0.0703503
0.0718717
0.0734808
0.075105
0.0768049
0.0785487
0.0802302
0.0820123
0.0837647
0.0855582
0.0874167
0.0892689
0.0911805
0.0931157
0.0950296
0.0969693
0.098914
0.00190081
0.00228668
0.00193824
-0.000724865
-0.00252928
-0.00182965
0.000238761
0.00200866
0.0030757
0.00381756
0.00441075
0.00500269
0.00574467
0.00642351
0.00709036
0.00792879
0.00868234
0.0092796
0.00988522
0.0105011
0.011088
0.0117251
0.0123868
0.0129605
0.0135313
0.0142379
0.014988
0.0155809
0.0161716
0.0169782
0.0178642
0.0186927
0.0193935
0.0198553
0.0202391
0.0207682
0.0213119
0.021811
0.0225627
0.0236189
0.0246011
0.0253581
0.0259975
0.0267309
0.0275382
0.0283551
0.0293087
0.0303339
0.0314299
0.0322338
0.0317473
0.030638
0.031622
0.0342807
0.036019
0.036934
0.0378187
0.0387254
0.0397128
0.0406797
0.0414694
0.0422171
0.0431894
0.0443342
0.0455049
0.0466488
0.0476747
0.0487463
0.0499236
0.0509344
0.0519872
0.0533014
0.0547055
0.0560254
0.0573758
0.0587505
0.0601445
0.0614934
0.0628579
0.0642862
0.0657429
0.0672741
0.0687875
0.0703506
0.0718719
0.073481
0.0751052
0.076805
0.0785489
0.0802305
0.0820124
0.0837649
0.0855583
0.0874169
0.0892692
0.0911807
0.093116
0.0950301
0.0969702
0.0989172
0.00190788
0.00214932
0.00211699
-0.00028208
-0.00217118
-0.00166968
0.000286314
0.00202931
0.00310689
0.00385842
0.00445368
0.00504277
0.00577732
0.00645117
0.00711541
0.00794685
0.00869412
0.00929163
0.00989866
0.0105153
0.0111028
0.0117365
0.0123934
0.0129683
0.0135431
0.0142473
0.014994
0.0155879
0.016178
0.0169802
0.0178596
0.0186836
0.0193855
0.0198489
0.0202328
0.0207643
0.02131
0.0218088
0.0225624
0.0236245
0.0246068
0.0253585
0.0259963
0.0267317
0.0275413
0.0283543
0.0293048
0.0303257
0.031417
0.0322222
0.0317382
0.0306241
0.0316202
0.0342957
0.0360268
0.0369326
0.0378173
0.0387233
0.0397101
0.0406778
0.0414688
0.0422175
0.0431902
0.0443353
0.0455061
0.0466495
0.0476756
0.0487476
0.0499245
0.0509351
0.0519883
0.0533025
0.0547064
0.0560263
0.0573767
0.0587515
0.0601456
0.0614942
0.0628585
0.0642867
0.0657432
0.0672744
0.068788
0.0703509
0.0718721
0.0734812
0.0751054
0.076805
0.0785491
0.0802307
0.0820126
0.0837651
0.0855585
0.0874172
0.0892695
0.091181
0.0931164
0.0950306
0.0969712
0.0989208
0.00195224
0.00203341
0.00226156
0.000145249
-0.00180144
-0.00149504
0.00033994
0.00205001
0.00313752
0.00390087
0.00449967
0.00508607
0.0058129
0.00648168
0.00714249
0.00796521
0.00870651
0.00930413
0.00991125
0.0105288
0.0111179
0.0117485
0.0124003
0.0129762
0.0135548
0.014257
0.0150005
0.0155952
0.016185
0.0169824
0.0178543
0.0186724
0.0193743
0.0198402
0.0202254
0.0207599
0.0213078
0.021805
0.0225594
0.0236282
0.0246134
0.0253586
0.025994
0.0267309
0.0275438
0.0283533
0.0293001
0.0303153
0.0314001
0.032204
0.0317232
0.0306015
0.0316097
0.0343096
0.0360362
0.0369314
0.0378154
0.0387203
0.0397064
0.0406749
0.0414673
0.0422174
0.043191
0.0443367
0.0455074
0.0466501
0.0476764
0.048749
0.0499253
0.0509358
0.0519895
0.0533038
0.0547073
0.0560273
0.0573778
0.0587527
0.0601467
0.0614952
0.0628594
0.0642875
0.0657436
0.0672747
0.0687885
0.0703514
0.0718724
0.0734815
0.0751056
0.0768051
0.0785492
0.0802309
0.0820128
0.0837654
0.0855587
0.0874175
0.0892698
0.0911812
0.0931168
0.0950312
0.0969724
0.0989248
0.00203006
0.00194201
0.00237177
0.000554784
-0.00141983
-0.0013032
0.000401272
0.0020711
0.00316696
0.00394427
0.0045489
0.0051333
0.00585184
0.00651561
0.00717242
0.00798403
0.00871925
0.00931719
0.0099231
0.0105416
0.0111333
0.0117611
0.0124078
0.0129846
0.0135667
0.0142674
0.0150073
0.0156032
0.016193
0.0169853
0.0178488
0.0186596
0.0193602
0.0198293
0.0202173
0.0207554
0.0213055
0.0218001
0.0225539
0.0236294
0.0246205
0.0253586
0.0259904
0.0267281
0.0275451
0.0283519
0.0292948
0.0303029
0.0313784
0.0321793
0.0316995
0.0305712
0.0315874
0.0343184
0.0360462
0.0369304
0.037813
0.0387167
0.0397019
0.0406709
0.0414651
0.0422168
0.0431916
0.0443382
0.045509
0.0466508
0.0476772
0.0487504
0.0499259
0.0509361
0.0519907
0.0533053
0.0547083
0.0560282
0.057379
0.0587541
0.0601481
0.0614963
0.0628605
0.0642886
0.0657442
0.067275
0.068789
0.0703519
0.0718729
0.073482
0.0751059
0.076805
0.0785493
0.0802312
0.082013
0.0837656
0.085559
0.0874177
0.0892701
0.0911815
0.0931172
0.0950319
0.0969737
0.0989291
0.00213481
0.00187785
0.00245015
0.000944318
-0.00102702
-0.00109191
0.000472257
0.00209354
0.00319507
0.00398795
0.0046012
0.00518476
0.00589411
0.00655273
0.00720539
0.00800367
0.0087323
0.009331
0.00993482
0.0105542
0.011149
0.0117744
0.0124158
0.0129936
0.0135791
0.0142784
0.0150145
0.0156121
0.0162026
0.0169894
0.0178434
0.0186457
0.0193436
0.0198168
0.0202069
0.020751
0.0213034
0.0217946
0.0225465
0.023628
0.0246274
0.0253588
0.025986
0.0267236
0.0275446
0.0283503
0.0292889
0.0302893
0.0313517
0.0321475
0.0316712
0.0305354
0.031553
0.0343188
0.0360555
0.0369296
0.0378098
0.0387122
0.0396969
0.0406667
0.0414625
0.0422159
0.043192
0.0443397
0.0455108
0.0466515
0.047678
0.0487519
0.0499266
0.0509362
0.0519917
0.0533068
0.0547094
0.0560291
0.0573801
0.0587556
0.0601495
0.0614974
0.0628618
0.0642899
0.065745
0.0672752
0.0687893
0.0703524
0.0718736
0.0734827
0.0751063
0.0768049
0.0785493
0.0802313
0.0820131
0.0837659
0.0855592
0.087418
0.0892705
0.0911817
0.0931177
0.0950327
0.0969752
0.0989337
0.00225846
0.00184406
0.00250123
0.00131083
-0.000624688
-0.000859136
0.000555257
0.00211883
0.00322195
0.00403112
0.00465595
0.00524025
0.00593944
0.00659233
0.00724093
0.00802464
0.008746
0.00934575
0.00994729
0.0105673
0.0111653
0.0117883
0.0124247
0.0130037
0.0135922
0.0142901
0.0150219
0.0156218
0.0162138
0.0169947
0.0178387
0.0186315
0.0193255
0.0198037
0.0201998
0.0207472
0.0213017
0.0217896
0.0225381
0.0236246
0.0246337
0.0253601
0.0259811
0.0267181
0.0275423
0.0283487
0.0292826
0.0302749
0.0313209
0.0321095
0.0316369
0.0304972
0.0315091
0.0343091
0.0360633
0.0369291
0.0378058
0.0387069
0.0396913
0.0406625
0.04146
0.0422154
0.0431923
0.044341
0.0455125
0.0466523
0.0476788
0.0487534
0.0499272
0.0509361
0.0519925
0.0533082
0.0547104
0.0560298
0.0573811
0.058757
0.0601511
0.0614985
0.062863
0.0642915
0.065746
0.0672755
0.0687895
0.0703528
0.0718743
0.0734837
0.0751068
0.0768048
0.0785491
0.0802315
0.0820131
0.0837661
0.0855595
0.0874183
0.0892709
0.091182
0.0931182
0.0950335
0.0969768
0.0989386
0.00239265
0.00184379
0.00253101
0.00165062
-0.00021557
-0.000603587
0.000652702
0.00214889
0.00324798
0.00407308
0.00471234
0.00529931
0.00598762
0.00663377
0.00727825
0.00804753
0.00876106
0.00936159
0.00996131
0.0105819
0.0111824
0.0118029
0.0124348
0.0130154
0.0136062
0.0143023
0.0150298
0.0156325
0.0162266
0.0170011
0.0178343
0.0186178
0.0193071
0.0197911
0.0201944
0.0207444
0.0213008
0.0217863
0.0225304
0.0236198
0.0246387
0.0253623
0.0259764
0.0267127
0.0275386
0.0283472
0.0292759
0.0302603
0.0312872
0.0320667
0.0315984
0.0304607
0.0314609
0.0342896
0.036069
0.0369292
0.0378009
0.0387006
0.0396852
0.0406583
0.0414579
0.0422156
0.0431928
0.0443421
0.0455142
0.0466532
0.0476797
0.0487551
0.049928
0.050936
0.051993
0.0533094
0.0547114
0.0560304
0.0573818
0.0587584
0.0601527
0.0614995
0.0628641
0.0642932
0.0657472
0.0672758
0.0687895
0.070353
0.071875
0.0734848
0.0751075
0.0768047
0.0785489
0.0802315
0.0820131
0.0837662
0.0855597
0.0874186
0.0892714
0.0911822
0.0931187
0.0950344
0.0969785
0.0989437
0.00252971
0.00187979
0.00254656
0.00195982
0.000196438
-0.000325539
0.000766738
0.00218586
0.00327402
0.00411349
0.00476954
0.00536134
0.00603868
0.00667688
0.00731677
0.00807281
0.00877817
0.00937861
0.00997732
0.0105984
0.0112004
0.0118182
0.0124463
0.0130288
0.0136215
0.0143148
0.0150379
0.0156442
0.0162408
0.0170084
0.0178313
0.0186052
0.0192895
0.0197801
0.0201914
0.020743
0.0213011
0.0217862
0.022525
0.0236146
0.0246418
0.0253654
0.0259727
0.0267083
0.0275342
0.0283461
0.0292693
0.0302459
0.031252
0.032021
0.0315596
0.0304304
0.0314156
0.0342623
0.0360723
0.0369293
0.0377957
0.0386935
0.0396786
0.0406541
0.0414563
0.0422168
0.0431939
0.044343
0.0455156
0.0466541
0.0476808
0.0487568
0.0499289
0.0509359
0.0519936
0.0533106
0.0547123
0.0560308
0.0573822
0.0587593
0.0601542
0.0615004
0.0628651
0.0642948
0.0657485
0.0672762
0.0687894
0.070353
0.0718755
0.073486
0.0751084
0.0768047
0.0785486
0.0802315
0.082013
0.0837663
0.08556
0.0874189
0.0892719
0.0911825
0.0931192
0.0950354
0.0969803
0.0989489
0.00266292
0.00195318
0.00255567
0.00223568
0.000606681
-2.70245e-05
0.000899211
0.00223211
0.00330145
0.00415223
0.00482664
0.00542576
0.00609291
0.00672204
0.00735642
0.00810074
0.00879773
0.00939683
0.00999544
0.0106173
0.0112196
0.0118343
0.0124593
0.0130442
0.0136381
0.0143276
0.0150465
0.0156568
0.0162561
0.0170162
0.0178291
0.018594
0.0192734
0.0197713
0.0201911
0.0207431
0.0213034
0.0217904
0.0225237
0.02361
0.0246423
0.0253687
0.0259709
0.0267056
0.0275301
0.0283456
0.0292628
0.0302316
0.0312163
0.0319739
0.0315251
0.0304138
0.0313818
0.0342311
0.0360733
0.036933
0.0377905
0.0386862
0.0396715
0.0406494
0.041455
0.0422191
0.0431957
0.0443438
0.0455165
0.046655
0.0476821
0.0487585
0.0499297
0.0509361
0.0519945
0.0533117
0.054713
0.0560312
0.0573824
0.0587598
0.0601555
0.0615012
0.0628661
0.0642962
0.0657498
0.0672766
0.0687891
0.0703529
0.071876
0.0734873
0.0751094
0.0768047
0.0785481
0.0802313
0.082013
0.0837664
0.0855602
0.0874192
0.0892724
0.0911828
0.0931198
0.0950364
0.0969822
0.0989544
0.00278662
0.00206204
0.00256608
0.00247716
0.00101014
0.000288749
0.0010515
0.00229009
0.00333187
0.00418921
0.0048827
0.00549212
0.00615062
0.00676984
0.00739759
0.00813132
0.00881974
0.00941622
0.0100156
0.0106384
0.01124
0.0118511
0.0124737
0.0130613
0.0136561
0.0143407
0.0150556
0.0156702
0.0162722
0.0170243
0.0178277
0.0185845
0.0192595
0.0197647
0.0201934
0.0207458
0.0213082
0.0217997
0.0225276
0.023607
0.0246406
0.0253734
0.0259785
0.026705
0.0275273
0.0283461
0.0292567
0.0302168
0.0311806
0.0319261
0.0314993
0.0304205
0.0313674
0.0342007
0.0360722
0.0369393
0.037786
0.0386791
0.0396643
0.040644
0.0414537
0.0422224
0.0431985
0.0443447
0.0455168
0.0466556
0.0476834
0.0487603
0.0499304
0.0509367
0.0519962
0.0533132
0.0547136
0.0560314
0.0573826
0.0587598
0.0601563
0.061502
0.0628671
0.0642975
0.0657512
0.067277
0.0687888
0.0703527
0.0718764
0.0734886
0.0751105
0.0768048
0.0785476
0.0802312
0.0820128
0.0837665
0.0855604
0.0874195
0.089273
0.0911832
0.0931204
0.0950374
0.0969842
0.09896
0.00289688
0.00220215
0.00258489
0.00268434
0.00140131
0.000618108
0.00122405
0.00236212
0.00336741
0.00422481
0.00493697
0.00555984
0.00621189
0.00682077
0.00744087
0.00816451
0.00884396
0.00943677
0.0100373
0.0106614
0.0112617
0.0118688
0.0124894
0.0130801
0.0136756
0.0143543
0.0150654
0.0156844
0.0162885
0.0170325
0.017827
0.0185769
0.0192478
0.0197603
0.0201983
0.020751
0.0213161
0.0218144
0.0225377
0.0236063
0.0246368
0.0253753
0.0259805
0.0267065
0.0275262
0.0283477
0.0292513
0.0302014
0.0311454
0.031878
0.0314845
0.0304522
0.0313791
0.0341758
0.0360687
0.0369467
0.0377826
0.038673
0.0396572
0.0406377
0.0414524
0.0422268
0.0432024
0.0443459
0.0455166
0.0466556
0.0476848
0.0487619
0.0499309
0.0509378
0.0519992
0.0533154
0.0547142
0.0560317
0.0573827
0.0587594
0.0601565
0.0615025
0.0628682
0.0642988
0.0657525
0.0672775
0.0687885
0.0703524
0.0718768
0.07349
0.0751117
0.076805
0.078547
0.080231
0.0820127
0.0837665
0.0855607
0.0874197
0.0892736
0.0911835
0.093121
0.0950386
0.0969863
0.0989657
0.00299147
0.00236812
0.00261837
0.00285835
0.00177509
0.000957489
0.00141595
0.00244985
0.00341087
0.00426016
0.00498896
0.00562814
0.00627643
0.00687519
0.00748697
0.00820029
0.00887009
0.0094585
0.0100605
0.0106862
0.0112849
0.0118875
0.0125061
0.0131002
0.0136963
0.0143686
0.0150758
0.0156992
0.0163052
0.0170409
0.017827
0.0185708
0.0192383
0.0197578
0.0202055
0.0207591
0.0213275
0.0218345
0.0225539
0.0236083
0.0246314
0.025376
0.0259841
0.02671
0.027527
0.0283501
0.0292466
0.0301854
0.031111
0.03183
0.0314814
0.0305112
0.0314208
0.0341602
0.0360622
0.0369534
0.0377799
0.038668
0.0396507
0.0406305
0.041451
0.0422324
0.0432079
0.0443477
0.045516
0.046655
0.047686
0.0487635
0.049931
0.0509399
0.0520038
0.0533185
0.054715
0.056032
0.0573831
0.0587588
0.0601561
0.061503
0.0628695
0.0643
0.0657539
0.0672781
0.0687884
0.0703521
0.0718772
0.0734914
0.075113
0.0768053
0.0785464
0.0802308
0.0820126
0.0837666
0.085561
0.0874201
0.0892741
0.0911839
0.0931217
0.0950398
0.0969885
0.0989716
0.00306873
0.00255324
0.00267241
0.00300194
0.00212743
0.00130382
0.00162525
0.00255437
0.00346501
0.00429684
0.00503824
0.0056961
0.00634371
0.00693325
0.00753647
0.00823881
0.00889801
0.00948146
0.0100849
0.0107124
0.0113094
0.0119073
0.0125239
0.0131215
0.0137183
0.0143835
0.0150869
0.0157145
0.0163221
0.0170496
0.0178276
0.0185662
0.0192306
0.0197568
0.0202146
0.0207699
0.0213426
0.0218595
0.0225758
0.0236128
0.024625
0.0253751
0.0259894
0.0267149
0.0275294
0.028353
0.0292427
0.0301689
0.0310778
0.0317833
0.0314893
0.030597
0.0314924
0.0341553
0.0360518
0.0369576
0.0377775
0.0386642
0.0396446
0.0406226
0.0414497
0.0422392
0.0432152
0.0443504
0.045515
0.0466536
0.0476871
0.0487649
0.0499309
0.050943
0.0520104
0.0533227
0.054716
0.0560325
0.0573836
0.0587583
0.0601552
0.0615033
0.0628709
0.0643013
0.0657555
0.0672788
0.0687883
0.0703518
0.0718777
0.0734929
0.0751145
0.0768057
0.0785459
0.0802306
0.0820124
0.0837668
0.0855614
0.0874204
0.0892747
0.0911843
0.0931225
0.0950411
0.0969908
0.0989777
0.00312755
0.00274953
0.00275279
0.00311988
0.00245463
0.00165404
0.00184944
0.00267587
0.00353237
0.00433694
0.0050847
0.00576272
0.00641304
0.00699492
0.00758983
0.00828034
0.0089278
0.00950574
0.0101105
0.0107399
0.0113355
0.0119282
0.0125426
0.0131437
0.0137413
0.0143994
0.0150986
0.0157302
0.0163393
0.0170586
0.0178286
0.0185625
0.0192243
0.0197568
0.020225
0.0207832
0.0213612
0.0218886
0.0226021
0.0236193
0.0246181
0.0253728
0.025997
0.0267207
0.0275328
0.0283561
0.0292392
0.0301523
0.031046
0.0317388
0.0315059
0.0307059
0.0315906
0.0341609
0.0360366
0.0369576
0.0377748
0.0386613
0.0396391
0.0406142
0.0414484
0.042247
0.043224
0.0443539
0.0455141
0.0466516
0.0476881
0.0487662
0.0499306
0.0509472
0.0520189
0.0533281
0.0547173
0.0560331
0.0573845
0.0587578
0.0601541
0.0615035
0.0628725
0.0643028
0.0657571
0.0672796
0.0687884
0.0703516
0.0718784
0.0734944
0.075116
0.0768062
0.0785455
0.0802304
0.0820123
0.0837669
0.0855619
0.0874208
0.0892753
0.0911847
0.0931233
0.0950424
0.0969932
0.0989839
0.00316913
0.00294761
0.00286336
0.00321883
0.00275302
0.00200473
0.00208645
0.00281324
0.00361497
0.00438337
0.00512893
0.00582698
0.0064836
0.00706001
0.00764729
0.00832523
0.00895973
0.00953146
0.0101371
0.0107687
0.0113631
0.0119502
0.0125621
0.0131666
0.0137654
0.0144161
0.015111
0.0157465
0.0163568
0.0170678
0.0178301
0.0185597
0.0192189
0.0197573
0.0202361
0.0207983
0.0213823
0.0219203
0.0226313
0.0236272
0.0246111
0.0253694
0.0260034
0.0267269
0.0275364
0.028359
0.029236
0.0301356
0.0310149
0.0316969
0.0315285
0.0308325
0.0317098
0.0341752
0.0360166
0.0369525
0.0377713
0.0386589
0.0396338
0.0406057
0.0414471
0.0422557
0.0432341
0.0443583
0.0455133
0.0466493
0.047689
0.0487676
0.0499303
0.0509523
0.052029
0.0533345
0.0547191
0.0560341
0.0573855
0.0587575
0.0601528
0.0615039
0.0628742
0.0643043
0.0657589
0.0672806
0.0687887
0.0703515
0.0718792
0.073496
0.0751177
0.0768068
0.0785452
0.0802303
0.0820123
0.083767
0.0855625
0.0874213
0.0892759
0.091185
0.0931241
0.0950438
0.0969958
0.0989903
0.00319773
0.00313665
0.00300452
0.00330779
0.00301954
0.0023521
0.00233535
0.00296434
0.00371361
0.00443967
0.00517221
0.00588779
0.00655456
0.00712825
0.00770889
0.00837374
0.00899408
0.00955881
0.0101649
0.010799
0.0113923
0.0119735
0.0125825
0.0131905
0.0137902
0.0144337
0.0151241
0.0157633
0.0163746
0.0170773
0.017832
0.0185577
0.0192143
0.0197581
0.0202474
0.0208147
0.0214049
0.0219536
0.0226618
0.0236358
0.0246041
0.0253655
0.0260096
0.0267328
0.0275399
0.0283617
0.0292327
0.0301188
0.0309845
0.0316573
0.0315546
0.0309704
0.0318425
0.0341957
0.0359923
0.0369425
0.0377668
0.0386566
0.0396287
0.0405972
0.0414458
0.0422648
0.0432449
0.0443632
0.0455127
0.0466468
0.0476899
0.0487689
0.0499299
0.0509582
0.0520402
0.0533416
0.0547213
0.0560353
0.0573867
0.0587573
0.0601515
0.0615043
0.062876
0.0643059
0.0657607
0.0672817
0.0687891
0.0703515
0.0718803
0.0734977
0.0751193
0.0768073
0.078545
0.0802302
0.0820122
0.0837672
0.0855632
0.0874218
0.0892766
0.0911854
0.093125
0.0950454
0.0969984
0.0989969
0.00322066
0.00330602
0.00317268
0.00339846
0.00325315
0.00269132
0.00259586
0.00312664
0.00382771
0.00450952
0.00521693
0.00594447
0.00662499
0.00719924
0.00777446
0.00842617
0.00903141
0.00958799
0.0101939
0.0108307
0.0114232
0.0119979
0.0126039
0.0132152
0.0138157
0.0144524
0.0151379
0.0157806
0.0163928
0.017087
0.0178345
0.0185564
0.0192104
0.019759
0.0202586
0.0208317
0.0214287
0.0219876
0.0226926
0.0236445
0.0245973
0.0253615
0.0260153
0.0267381
0.027543
0.0283642
0.0292289
0.030102
0.0309545
0.0316201
0.0315822
0.0311131
0.0319814
0.0342197
0.0359651
0.0369286
0.0377611
0.0386542
0.0396234
0.0405889
0.0414446
0.0422741
0.0432561
0.0443686
0.0455125
0.0466443
0.0476909
0.0487703
0.0499296
0.0509646
0.0520522
0.0533492
0.0547238
0.0560367
0.057388
0.0587571
0.0601503
0.0615048
0.0628778
0.0643077
0.0657625
0.0672829
0.0687895
0.0703518
0.0718815
0.0734994
0.0751209
0.0768079
0.0785448
0.0802303
0.0820122
0.0837673
0.085564
0.0874225
0.0892772
0.0911859
0.093126
0.095047
0.0970012
0.0990036
0.0032484
0.00344902
0.00335969
0.00350264
0.00345611
0.0030163
0.00286748
0.0032988
0.00395531
0.00459551
0.00526649
0.00599688
0.0066938
0.00727261
0.00784354
0.00848259
0.0090723
0.00961928
0.0102243
0.0108642
0.0114557
0.0120236
0.0126261
0.0132407
0.0138423
0.0144722
0.0151525
0.0157984
0.0164113
0.0170972
0.0178373
0.0185557
0.0192071
0.0197601
0.0202696
0.0208491
0.0214532
0.0220217
0.0227229
0.0236534
0.024591
0.0253576
0.0260203
0.0267428
0.0275457
0.0283662
0.0292247
0.0300851
0.030925
0.0315854
0.0316102
0.0312552
0.0321207
0.034245
0.0359364
0.0369118
0.0377545
0.0386514
0.0396181
0.0405808
0.0414435
0.0422835
0.0432673
0.0443742
0.0455124
0.0466418
0.047692
0.0487717
0.0499295
0.0509715
0.0520646
0.0533572
0.0547266
0.0560383
0.0573894
0.0587571
0.0601491
0.0615055
0.0628797
0.0643095
0.0657644
0.0672841
0.06879
0.0703523
0.0718829
0.0735011
0.0751226
0.0768085
0.0785446
0.0802304
0.0820123
0.0837674
0.0855649
0.0874232
0.0892779
0.0911863
0.093127
0.0950488
0.0970041
0.0990105
0.00329184
0.00356563
0.00355386
0.0036286
0.00363534
0.00332049
0.00314775
0.00348147
0.00409332
0.00469839
0.00532499
0.00604569
0.00675979
0.00734831
0.00791587
0.00854277
0.00911694
0.0096529
0.0102562
0.0108995
0.0114902
0.0120506
0.0126491
0.0132672
0.0138699
0.0144931
0.015168
0.0158168
0.0164302
0.0171077
0.0178406
0.0185557
0.0192045
0.0197614
0.0202801
0.0208665
0.0214783
0.0220555
0.0227525
0.0236622
0.0245851
0.0253537
0.0260246
0.026747
0.0275478
0.028368
0.0292202
0.0300684
0.0308962
0.0315529
0.031638
0.0313932
0.0322563
0.0342705
0.0359074
0.0368932
0.037747
0.0386481
0.0396126
0.0405729
0.0414425
0.0422929
0.0432786
0.0443799
0.0455126
0.0466394
0.0476931
0.0487734
0.0499297
0.0509785
0.0520772
0.0533653
0.0547295
0.0560401
0.0573909
0.058757
0.060148
0.0615061
0.0628818
0.0643115
0.0657663
0.0672854
0.0687905
0.070353
0.0718843
0.0735028
0.0751243
0.0768092
0.0785444
0.0802306
0.0820124
0.0837676
0.0855658
0.0874239
0.0892787
0.0911868
0.0931281
0.0950507
0.0970072
0.0990175
0.00335824
0.00366304
0.00374205
0.00377716
0.00380239
0.00359954
0.00343116
0.00367665
0.00423917
0.00481698
0.00539675
0.00609311
0.00682156
0.00742573
0.00799153
0.00860647
0.00916553
0.00968924
0.0102898
0.0109368
0.0115268
0.012079
0.012673
0.0132949
0.0138986
0.0145149
0.0151842
0.0158358
0.0164495
0.0171187
0.0178442
0.0185563
0.0192027
0.0197631
0.0202904
0.0208838
0.0215036
0.022089
0.0227812
0.0236708
0.0245797
0.02535
0.0260285
0.0267508
0.0275494
0.0283693
0.0292153
0.0300518
0.030868
0.0315228
0.0316656
0.0315252
0.032386
0.0342954
0.0358789
0.0368737
0.0377388
0.0386444
0.0396068
0.0405654
0.0414415
0.0423022
0.0432896
0.0443858
0.045513
0.0466371
0.0476943
0.0487752
0.04993
0.0509858
0.0520899
0.0533736
0.0547327
0.056042
0.0573924
0.058757
0.060147
0.0615069
0.0628838
0.0643136
0.0657682
0.0672868
0.068791
0.0703538
0.0718859
0.0735046
0.075126
0.0768098
0.0785442
0.0802309
0.0820126
0.0837677
0.0855668
0.0874246
0.0892795
0.0911874
0.0931292
0.0950526
0.0970104
0.0990247
0.00344802
0.00375284
0.00391591
0.0039411
0.00396959
0.0038545
0.00370991
0.00388465
0.00439265
0.00494863
0.00548481
0.00614312
0.00687822
0.0075036
0.00807072
0.00867321
0.00921789
0.00972891
0.0103253
0.0109761
0.0115658
0.0121089
0.0126978
0.0133235
0.0139284
0.0145379
0.0152015
0.0158553
0.0164692
0.0171301
0.0178484
0.0185577
0.0192018
0.0197651
0.0203003
0.020901
0.0215289
0.022122
0.022809
0.0236792
0.0245748
0.0253468
0.0260319
0.0267541
0.0275506
0.0283702
0.02921
0.0300354
0.0308407
0.0314952
0.0316927
0.0316502
0.032509
0.0343196
0.0358514
0.0368538
0.0377301
0.0386403
0.0396009
0.040558
0.0414408
0.0423114
0.0433004
0.0443918
0.0455137
0.0466351
0.0476955
0.0487771
0.0499306
0.0509931
0.0521026
0.0533821
0.0547362
0.0560442
0.0573941
0.0587571
0.0601461
0.0615076
0.062886
0.0643158
0.0657702
0.0672882
0.0687915
0.0703548
0.0718875
0.0735064
0.0751277
0.0768105
0.078544
0.0802312
0.0820128
0.0837678
0.0855679
0.0874254
0.0892803
0.091188
0.0931303
0.0950548
0.0970138
0.099032
0.00355588
0.00384597
0.00407705
0.00411057
0.00414303
0.00409249
0.0039771
0.00410169
0.00455594
0.00509015
0.00558945
0.00620078
0.00693014
0.00758002
0.00815397
0.00874298
0.0092732
0.00977213
0.0103633
0.0110177
0.0116074
0.0121406
0.0127233
0.013353
0.0139594
0.0145622
0.0152198
0.0158756
0.0164894
0.017142
0.0178531
0.0185598
0.0192019
0.0197677
0.02031
0.020918
0.0215541
0.0221543
0.0228357
0.0236873
0.0245705
0.0253442
0.0260352
0.0267569
0.0275513
0.0283708
0.0292042
0.030019
0.0308142
0.0314699
0.0317197
0.031768
0.0326248
0.034343
0.0358255
0.0368338
0.0377208
0.0386357
0.0395948
0.0405509
0.0414401
0.0423205
0.043311
0.0443978
0.0455145
0.0466332
0.0476969
0.0487792
0.0499315
0.0510006
0.0521153
0.0533907
0.0547398
0.0560464
0.0573957
0.0587573
0.0601452
0.0615083
0.0628881
0.0643181
0.0657722
0.0672897
0.0687921
0.0703559
0.0718892
0.0735083
0.0751295
0.0768112
0.0785437
0.0802315
0.082013
0.0837679
0.0855691
0.0874262
0.0892812
0.0911887
0.0931316
0.095057
0.0970174
0.0990395
0.00367499
0.00394714
0.0042332
0.00427701
0.004318
0.00432353
0.00423135
0.0043208
0.00473132
0.00524007
0.00570835
0.00627111
0.00697986
0.00765242
0.00824087
0.00881654
0.00933066
0.00981857
0.0104045
0.0110616
0.0116516
0.0121745
0.0127499
0.0133835
0.0139918
0.0145878
0.0152391
0.0158964
0.01651
0.0171546
0.0178584
0.0185627
0.0192029
0.0197706
0.0203196
0.0209346
0.021579
0.022186
0.0228615
0.0236953
0.0245671
0.0253424
0.0260381
0.0267592
0.0275516
0.0283711
0.0291983
0.0300027
0.0307887
0.0314469
0.0317465
0.0318786
0.0327335
0.0343658
0.0358012
0.036814
0.0377112
0.0386309
0.0395886
0.040544
0.0414396
0.0423294
0.0433213
0.0444037
0.0455155
0.0466315
0.0476983
0.0487815
0.0499327
0.0510081
0.0521281
0.0533995
0.0547436
0.0560488
0.0573975
0.0587576
0.0601445
0.061509
0.0628903
0.0643204
0.0657742
0.0672912
0.0687928
0.070357
0.0718909
0.0735103
0.0751314
0.076812
0.0785435
0.0802319
0.0820132
0.083768
0.0855703
0.0874269
0.0892822
0.0911895
0.0931328
0.0950594
0.0970211
0.0990471
0.00380015
0.00405358
0.00439166
0.00444097
0.00448556
0.00455329
0.00447784
0.0045343
0.00491688
0.00540033
0.00583838
0.00635671
0.00703212
0.0077192
0.00833021
0.00889526
0.00938956
0.00986723
0.0104494
0.0111082
0.0116983
0.0122108
0.0127775
0.0134148
0.0140256
0.0146148
0.0152597
0.0159182
0.0165312
0.0171677
0.0178643
0.0185667
0.0192052
0.0197743
0.0203292
0.0209509
0.0216036
0.0222169
0.0228862
0.0237031
0.0245648
0.0253415
0.0260408
0.026761
0.0275515
0.0283709
0.0291921
0.0299868
0.0307644
0.0314266
0.031773
0.0319821
0.0328354
0.0343882
0.0357788
0.0367947
0.0377013
0.0386257
0.0395823
0.0405373
0.0414393
0.042338
0.0433313
0.0444096
0.0455168
0.04663
0.0476997
0.0487839
0.0499341
0.0510158
0.0521408
0.0534084
0.0547477
0.0560514
0.0573993
0.058758
0.0601439
0.0615097
0.0628926
0.0643228
0.0657764
0.0672927
0.0687935
0.0703582
0.0718926
0.0735124
0.0751333
0.0768127
0.0785433
0.0802323
0.0820134
0.0837681
0.0855715
0.0874278
0.0892832
0.0911904
0.0931342
0.0950619
0.097025
0.0990549
0.00392944
0.00416123
0.00455523
0.00461121
0.00463804
0.00477523
0.00472639
0.00474055
0.00510546
0.00557366
0.00597755
0.0064565
0.00709223
0.00778005
0.00841943
0.00898101
0.00945058
0.00991678
0.0104979
0.011158
0.0117479
0.01225
0.0128065
0.0134469
0.0140607
0.0146429
0.0152812
0.0159409
0.0165533
0.0171816
0.0178708
0.0185714
0.0192086
0.0197787
0.0203391
0.0209672
0.0216279
0.022247
0.0229099
0.0237107
0.0245632
0.0253415
0.0260435
0.0267624
0.0275513
0.0283705
0.0291859
0.0299711
0.0307414
0.0314088
0.0317995
0.0320788
0.0329307
0.0344104
0.0357585
0.0367761
0.0376913
0.0386204
0.0395759
0.0405309
0.0414391
0.0423465
0.0433409
0.0444155
0.0455183
0.0466288
0.0477012
0.0487866
0.0499359
0.0510235
0.0521535
0.0534174
0.054752
0.0560541
0.0574013
0.0587585
0.0601434
0.0615104
0.0628948
0.0643254
0.0657786
0.0672943
0.0687943
0.0703594
0.0718943
0.0735145
0.0751352
0.0768135
0.0785432
0.0802326
0.0820137
0.0837682
0.0855729
0.0874286
0.0892842
0.0911915
0.0931356
0.0950646
0.097029
0.0990628
0.00406404
0.00426999
0.00471883
0.00479602
0.00477551
0.00497465
0.00498433
0.00494804
0.00528861
0.00575899
0.00612743
0.00656742
0.0071643
0.00783763
0.00850482
0.00907381
0.00951558
0.0099661
0.0105497
0.0112121
0.0118002
0.0122917
0.0128371
0.0134798
0.0140973
0.0146727
0.015304
0.0159644
0.0165761
0.0171964
0.0178784
0.018577
0.0192133
0.0197837
0.0203489
0.0209834
0.0216517
0.0222765
0.022933
0.0237184
0.0245626
0.0253425
0.0260463
0.0267633
0.0275507
0.0283699
0.0291797
0.029956
0.0307197
0.0313936
0.031826
0.032169
0.0330199
0.0344323
0.0357403
0.0367581
0.0376812
0.0386148
0.0395696
0.0405247
0.041439
0.0423546
0.0433503
0.0444213
0.04552
0.0466278
0.0477028
0.0487895
0.049938
0.0510313
0.0521663
0.0534265
0.0547566
0.056057
0.0574033
0.0587591
0.0601431
0.061511
0.0628971
0.0643279
0.0657809
0.067296
0.0687952
0.0703607
0.0718961
0.0735168
0.0751373
0.0768142
0.0785431
0.080233
0.082014
0.0837683
0.0855743
0.0874294
0.0892853
0.0911926
0.0931371
0.0950674
0.0970333
0.0990708
0.0042006
0.00438471
0.00487787
0.00499969
0.00490911
0.00513564
0.00524382
0.00517076
0.00546311
0.00594951
0.00629314
0.00668718
0.0072479
0.0078968
0.00858473
0.00917233
0.00958674
0.0100139
0.0106028
0.0112713
0.0118562
0.0123366
0.01287
0.0135137
0.014135
0.0147037
0.0153278
0.0159891
0.0166
0.0172122
0.0178868
0.018584
0.0192196
0.0197901
0.0203594
0.0209991
0.021675
0.0223051
0.0229554
0.023726
0.0245629
0.0253447
0.0260493
0.026764
0.0275499
0.0283692
0.0291736
0.0299412
0.0306994
0.031381
0.0318524
0.0322531
0.033103
0.0344542
0.0357242
0.036741
0.0376711
0.0386091
0.0395633
0.0405189
0.0414391
0.0423626
0.0433594
0.0444269
0.0455219
0.0466272
0.0477045
0.0487926
0.0499405
0.0510392
0.052179
0.0534358
0.0547613
0.0560601
0.0574055
0.0587599
0.0601429
0.0615117
0.0628995
0.0643306
0.0657832
0.0672977
0.0687962
0.0703621
0.0718978
0.0735191
0.0751393
0.076815
0.078543
0.0802334
0.0820143
0.0837684
0.0855758
0.0874303
0.0892864
0.0911939
0.0931386
0.0950703
0.0970377
0.0990789
0.00432763
0.00450315
0.00502974
0.00522027
0.00505676
0.00525355
0.00548534
0.00542177
0.00563631
0.00613246
0.00647579
0.00681834
0.00734011
0.00796151
0.00865934
0.00927347
0.00966711
0.0100614
0.010654
0.0113349
0.0119164
0.0123842
0.0129056
0.0135494
0.0141744
0.0147365
0.0153526
0.0160146
0.0166248
0.0172291
0.0178964
0.0185917
0.0192269
0.0197975
0.0203703
0.0210155
0.0216982
0.0223333
0.0229773
0.0237336
0.0245639
0.0253477
0.0260524
0.0267641
0.027549
0.0283686
0.029168
0.0299272
0.0306807
0.0313708
0.0318788
0.0323313
0.0331805
0.034476
0.0357103
0.0367248
0.037661
0.0386033
0.039557
0.0405132
0.0414393
0.0423702
0.0433681
0.0444325
0.0455241
0.0466268
0.0477062
0.0487959
0.0499433
0.0510471
0.0521916
0.0534452
0.0547663
0.0560634
0.0574077
0.0587609
0.0601428
0.0615124
0.0629018
0.0643333
0.0657857
0.0672995
0.0687973
0.0703635
0.0718996
0.0735215
0.0751415
0.0768159
0.078543
0.0802339
0.0820147
0.0837685
0.0855773
0.0874313
0.0892875
0.0911953
0.0931403
0.0950734
0.0970424
0.0990872
0.00444567
0.00461426
0.00516359
0.00544019
0.00523225
0.0053435
0.0056908
0.00570397
0.00582649
0.00629879
0.00666835
0.00696728
0.00743895
0.00803374
0.0087321
0.00937339
0.00975754
0.0101123
0.0107016
0.0114021
0.0119826
0.0124337
0.0129426
0.0135865
0.014215
0.0147708
0.0153788
0.0160413
0.016651
0.0172475
0.0179074
0.0186009
0.0192358
0.0198061
0.0203817
0.0210316
0.0217208
0.022361
0.022999
0.0237415
0.0245659
0.025352
0.0260561
0.0267642
0.0275477
0.0283678
0.0291627
0.029914
0.0306635
0.031363
0.0319052
0.0324039
0.0332524
0.0344978
0.0356985
0.0367097
0.0376513
0.0385975
0.0395509
0.0405079
0.0414396
0.0423776
0.0433765
0.044438
0.0455266
0.0466267
0.047708
0.0487994
0.0499464
0.0510551
0.0522041
0.0534547
0.0547715
0.0560668
0.0574101
0.058762
0.0601429
0.0615132
0.0629042
0.0643361
0.0657881
0.0673013
0.0687985
0.070365
0.0719014
0.073524
0.0751436
0.0768167
0.078543
0.0802343
0.0820151
0.0837686
0.0855789
0.0874323
0.0892887
0.0911968
0.093142
0.0950766
0.0970473
0.0990956
0.00457314
0.00471887
0.0052703
0.00563646
0.00542964
0.00542495
0.00584536
0.00599881
0.00605485
0.00645211
0.00685597
0.00713647
0.00754597
0.00811082
0.00880649
0.0094707
0.00985737
0.0101707
0.0107443
0.0114698
0.0120572
0.0124876
0.0129812
0.0136264
0.0142577
0.0148063
0.0154056
0.0160682
0.0166782
0.0172675
0.0179199
0.0186113
0.019246
0.0198162
0.0203941
0.0210482
0.0217432
0.0223879
0.0230202
0.0237494
0.0245684
0.025357
0.0260603
0.0267643
0.0275465
0.0283672
0.0291581
0.0299015
0.0306476
0.0313575
0.0319316
0.0324712
0.0333191
0.0345195
0.0356888
0.0366957
0.0376419
0.0385918
0.0395449
0.040503
0.0414401
0.0423848
0.0433846
0.0444434
0.0455293
0.0466269
0.04771
0.0488032
0.0499499
0.0510632
0.0522166
0.0534643
0.054777
0.0560705
0.0574127
0.0587632
0.0601432
0.0615141
0.0629067
0.064339
0.0657906
0.0673032
0.0687997
0.0703665
0.0719032
0.0735266
0.0751458
0.0768175
0.0785431
0.0802348
0.0820156
0.0837687
0.0855806
0.0874334
0.0892899
0.0911986
0.0931438
0.09508
0.0970524
0.099104
0.00474004
0.00482833
0.00535218
0.00579299
0.00563172
0.00551567
0.00594848
0.00627878
0.00633207
0.0066127
0.00702429
0.00731994
0.00766866
0.00819182
0.00888336
0.00956492
0.00996303
0.0102408
0.0107838
0.0115328
0.0121395
0.0125477
0.0130198
0.0136685
0.0143045
0.0148441
0.0154339
0.0160964
0.0167064
0.0172889
0.0179339
0.0186229
0.0192576
0.0198273
0.0204071
0.0210648
0.0217653
0.0224149
0.0230416
0.0237578
0.0245717
0.025363
0.0260649
0.0267642
0.0275448
0.0283666
0.0291542
0.0298901
0.0306334
0.0313541
0.0319579
0.0325336
0.0333808
0.0345412
0.0356813
0.0366829
0.0376328
0.0385861
0.0395391
0.0404983
0.0414408
0.0423917
0.0433924
0.0444487
0.0455322
0.0466275
0.047712
0.0488073
0.0499539
0.0510713
0.0522289
0.0534741
0.0547826
0.0560744
0.0574154
0.0587646
0.0601437
0.061515
0.0629092
0.0643419
0.0657932
0.0673051
0.0688011
0.0703681
0.071905
0.0735292
0.0751481
0.0768184
0.0785433
0.0802353
0.0820162
0.0837689
0.0855824
0.0874345
0.0892911
0.0912005
0.0931458
0.0950835
0.0970578
0.0991126
0.00497128
0.0049548
0.00542321
0.00591939
0.00583906
0.00563719
0.00601633
0.00650467
0.00663804
0.00680427
0.0071706
0.007502
0.0078127
0.00828065
0.00896193
0.0096575
0.0100713
0.0103235
0.0108241
0.0115865
0.0122266
0.0126179
0.013058
0.0137093
0.0143551
0.0148842
0.0154623
0.0161256
0.016736
0.0173122
0.0179503
0.0186363
0.0192705
0.01984
0.0204212
0.0210817
0.0217868
0.0224411
0.0230627
0.0237664
0.0245757
0.0253701
0.0260705
0.0267645
0.0275434
0.0283663
0.0291508
0.0298798
0.0306207
0.0313527
0.0319841
0.0325913
0.0334376
0.0345627
0.0356757
0.0366713
0.0376243
0.0385807
0.0395335
0.0404939
0.0414415
0.0423983
0.0433999
0.0444539
0.0455353
0.0466285
0.0477142
0.0488116
0.0499582
0.0510795
0.0522412
0.0534839
0.0547886
0.0560785
0.0574183
0.0587662
0.0601444
0.0615161
0.0629117
0.0643449
0.0657959
0.0673072
0.0688026
0.0703698
0.0719068
0.0735318
0.0751504
0.0768193
0.0785436
0.0802359
0.0820168
0.0837691
0.0855841
0.0874358
0.0892923
0.0912026
0.0931479
0.0950871
0.0970633
0.0991213
0.00516409
0.00505012
0.00548786
0.00605516
0.00609122
0.00584074
0.00608666
0.00666103
0.00693892
0.00704274
0.00730916
0.00766267
0.00797454
0.00838548
0.0090415
0.00974792
0.0101807
0.0104204
0.0108717
0.0116292
0.0123127
0.0127016
0.0130999
0.0137467
0.0144102
0.0149296
0.0154906
0.0161543
0.0167666
0.0173364
0.0179685
0.0186518
0.0192845
0.0198536
0.0204364
0.0210991
0.0218083
0.0224672
0.023084
0.0237753
0.0245801
0.0253776
0.0260766
0.0267648
0.0275418
0.0283661
0.0291484
0.0298709
0.0306097
0.031353
0.03201
0.0326446
0.0334899
0.0345842
0.0356722
0.0366611
0.0376163
0.0385755
0.0395283
0.04049
0.0414425
0.0424047
0.0434071
0.044459
0.0455387
0.0466299
0.0477165
0.0488161
0.049963
0.0510878
0.0522533
0.0534938
0.0547947
0.0560828
0.0574214
0.0587679
0.0601452
0.0615173
0.0629143
0.0643479
0.0657985
0.0673093
0.0688042
0.0703715
0.0719087
0.0735346
0.0751528
0.0768202
0.0785439
0.0802365
0.0820174
0.0837693
0.085586
0.0874372
0.0892935
0.0912048
0.0931502
0.0950908
0.0970691
0.0991301
0.00532921
0.00511891
0.00553471
0.0061963
0.00638132
0.00613065
0.0062091
0.00676543
0.00721061
0.0073314
0.00747087
0.00779773
0.00814228
0.00851508
0.00912688
0.00983546
0.0102891
0.0105295
0.010934
0.0116648
0.0123915
0.0127989
0.0131508
0.0137781
0.0144657
0.0149837
0.0155211
0.0161822
0.0167997
0.0173631
0.0179884
0.0186694
0.0193
0.0198683
0.0204528
0.0211172
0.0218292
0.0224927
0.0231057
0.023785
0.0245851
0.0253861
0.0260839
0.0267658
0.0275401
0.028366
0.0291468
0.0298631
0.0306002
0.0313551
0.0320359
0.032693
0.0335379
0.0346053
0.0356705
0.0366522
0.0376089
0.0385706
0.0395233
0.0404863
0.0414436
0.0424109
0.0434139
0.0444641
0.0455424
0.0466316
0.0477191
0.0488209
0.0499681
0.051096
0.0522653
0.0535038
0.0548011
0.0560874
0.0574247
0.0587699
0.0601463
0.0615186
0.062917
0.0643511
0.0658013
0.0673115
0.0688059
0.0703733
0.0719106
0.0735373
0.0751552
0.0768212
0.0785444
0.0802371
0.0820182
0.0837696
0.0855878
0.0874387
0.0892948
0.0912072
0.0931526
0.0950947
0.0970752
0.0991389
0.00546859
0.00518583
0.00558319
0.00634121
0.00668054
0.00647421
0.00638712
0.00683141
0.00741016
0.00763723
0.00767305
0.00791576
0.00829668
0.0086669
0.00922625
0.00992012
0.0103936
0.0106458
0.0110133
0.0116985
0.0124557
0.0129042
0.0132178
0.0138058
0.0145168
0.0150467
0.0155571
0.016207
0.0168324
0.0173923
0.0180099
0.0186894
0.019318
0.0198838
0.02047
0.021136
0.0218502
0.0225183
0.0231279
0.023795
0.0245903
0.0253951
0.0260919
0.0267673
0.0275386
0.0283664
0.0291466
0.0298571
0.0305922
0.0313586
0.0320614
0.0327386
0.033582
0.0346262
0.0356708
0.0366448
0.0376022
0.0385662
0.0395188
0.040483
0.0414449
0.042417
0.0434205
0.0444692
0.0455463
0.0466337
0.0477218
0.0488259
0.0499737
0.0511044
0.0522771
0.0535139
0.0548077
0.0560922
0.0574281
0.0587721
0.0601477
0.0615201
0.0629197
0.0643542
0.0658041
0.0673138
0.0688077
0.0703752
0.0719125
0.0735401
0.0751577
0.0768222
0.078545
0.0802377
0.0820189
0.08377
0.0855897
0.0874403
0.0892961
0.0912098
0.0931553
0.0950986
0.0970814
0.0991479
0.00577672
0.00538566
0.00564543
0.00645851
0.00695678
0.00683939
0.00663677
0.00689898
0.00753621
0.00792288
0.00791885
0.00803572
0.00842216
0.00882374
0.00934442
0.0100079
0.0104918
0.0107624
0.0111101
0.0117393
0.0125021
0.0130069
0.0133035
0.0138354
0.0145571
0.0151144
0.0156031
0.0162311
0.0168631
0.017425
0.0180336
0.0187101
0.019338
0.0199009
0.0204877
0.0211553
0.0218709
0.0225433
0.0231504
0.0238057
0.0245959
0.025405
0.026101
0.0267694
0.0275372
0.0283666
0.029147
0.0298523
0.0305856
0.0313634
0.0320868
0.0327808
0.0336222
0.0346468
0.0356726
0.0366387
0.0375962
0.0385621
0.0395147
0.0404801
0.0414463
0.0424228
0.0434268
0.0444742
0.0455504
0.0466362
0.0477247
0.048831
0.0499796
0.0511128
0.0522889
0.053524
0.0548145
0.0560972
0.0574318
0.0587744
0.0601492
0.0615217
0.0629226
0.0643575
0.0658069
0.0673162
0.0688096
0.0703772
0.0719145
0.073543
0.0751602
0.0768232
0.0785457
0.0802384
0.0820197
0.0837704
0.0855915
0.0874421
0.0892975
0.0912125
0.0931581
0.0951027
0.0970879
0.0991567
0.00593658
0.00557596
0.00572503
0.00654321
0.00719513
0.0072012
0.00695917
0.00702886
0.00761203
0.00816292
0.00820529
0.00819638
0.00853187
0.00897135
0.00948214
0.0101111
0.0105887
0.0108744
0.0112211
0.0117986
0.0125372
0.0130984
0.0134077
0.0138774
0.0145868
0.0151807
0.0156624
0.016259
0.0168889
0.0174587
0.0180615
0.0187329
0.0193607
0.0199205
0.0205055
0.0211749
0.0218923
0.0225687
0.0231738
0.0238172
0.0246016
0.0254152
0.0261111
0.0267722
0.0275361
0.0283675
0.0291489
0.0298496
0.0305806
0.0313692
0.032112
0.0328199
0.033659
0.0346669
0.0356761
0.0366341
0.0375911
0.0385586
0.0395111
0.0404776
0.0414479
0.0424287
0.0434329
0.0444791
0.0455549
0.0466391
0.0477279
0.0488366
0.0499859
0.0511213
0.0523005
0.0535343
0.0548216
0.0561025
0.0574358
0.058777
0.060151
0.0615235
0.0629255
0.0643608
0.0658099
0.0673187
0.0688117
0.0703792
0.0719166
0.0735459
0.0751628
0.0768243
0.0785465
0.0802392
0.0820206
0.0837711
0.0855934
0.087444
0.0892989
0.0912154
0.0931612
0.0951069
0.0970945
0.0991659
0.00608354
0.00582958
0.00587819
0.00661238
0.00739209
0.00754677
0.00733453
0.0072415
0.00767296
0.00833485
0.00850317
0.00840811
0.00864302
0.00909261
0.00962296
0.0102354
0.0106923
0.0109762
0.0113367
0.0118826
0.0125724
0.0131695
0.0135206
0.0139402
0.0146116
0.0152378
0.0157317
0.0162969
0.0169121
0.0174907
0.0180934
0.0187572
0.019384
0.0199427
0.0205249
0.0211944
0.0219137
0.0225939
0.0231976
0.0238296
0.0246076
0.0254261
0.0261227
0.0267763
0.0275355
0.0283686
0.0291517
0.0298483
0.0305769
0.031376
0.0321368
0.0328562
0.0336927
0.0346867
0.0356812
0.0366309
0.0375867
0.0385556
0.0395081
0.0404754
0.0414497
0.0424344
0.0434388
0.044484
0.0455595
0.0466424
0.0477312
0.0488424
0.0499926
0.0511298
0.052312
0.0535445
0.0548288
0.056108
0.05744
0.0587799
0.0601531
0.0615254
0.0629285
0.0643642
0.0658128
0.0673214
0.0688139
0.0703814
0.0719187
0.0735488
0.0751654
0.0768255
0.0785474
0.0802401
0.0820215
0.0837718
0.0855953
0.0874461
0.0893005
0.0912184
0.0931646
0.0951113
0.0971013
0.0991751
0.00621692
0.00611084
0.00610612
0.00669152
0.00753266
0.00783626
0.00769251
0.00751736
0.00775217
0.00843637
0.00877504
0.00866332
0.00877461
0.00919248
0.00974675
0.0103741
0.0108143
0.0110716
0.0114425
0.0119865
0.0126208
0.0132196
0.0136275
0.0140259
0.0146399
0.0152807
0.0158036
0.0163479
0.0169361
0.0175171
0.0181275
0.0187869
0.0194094
0.0199668
0.0205458
0.0212133
0.0219343
0.02262
0.023223
0.023843
0.0246137
0.025437
0.026135
0.0267808
0.0275347
0.0283698
0.0291558
0.0298491
0.0305747
0.0313834
0.0321611
0.0328901
0.0337234
0.0347058
0.0356874
0.036629
0.0375832
0.0385531
0.0395057
0.0404737
0.0414517
0.0424401
0.0434444
0.0444889
0.0455646
0.0466461
0.0477349
0.0488485
0.0499997
0.0511383
0.0523233
0.053555
0.0548362
0.0561137
0.0574444
0.0587829
0.0601554
0.0615276
0.0629317
0.0643676
0.0658159
0.0673241
0.0688162
0.0703836
0.071921
0.0735518
0.0751681
0.0768267
0.0785484
0.080241
0.0820224
0.0837728
0.0855972
0.0874483
0.0893022
0.0912214
0.0931683
0.0951158
0.0971083
0.0991845
0.00633172
0.00634695
0.00636511
0.00678616
0.00760937
0.00806396
0.00801573
0.00783796
0.0079002
0.00849927
0.00899981
0.00894821
0.0089474
0.00929077
0.00984562
0.0105109
0.0109639
0.0111753
0.0115302
0.0120982
0.0126983
0.0132608
0.0137148
0.0141288
0.0146853
0.0153128
0.0158701
0.0164113
0.0169686
0.0175407
0.0181608
0.018821
0.0194364
0.0199914
0.0205699
0.021234
0.0219537
0.0226457
0.0232498
0.0238572
0.0246194
0.0254482
0.0261491
0.0267873
0.0275348
0.0283717
0.0291613
0.0298518
0.0305738
0.0313915
0.0321851
0.032922
0.0337516
0.0347244
0.035695
0.0366286
0.0375807
0.0385513
0.039504
0.0404725
0.0414538
0.0424458
0.04345
0.0444937
0.0455698
0.0466502
0.0477388
0.048855
0.0500071
0.0511469
0.0523345
0.0535654
0.0548439
0.0561197
0.0574492
0.0587862
0.0601579
0.0615299
0.062935
0.0643711
0.065819
0.067327
0.0688186
0.0703859
0.0719233
0.0735548
0.0751708
0.0768281
0.0785496
0.0802421
0.0820233
0.083774
0.0855991
0.0874506
0.0893041
0.0912246
0.0931723
0.0951205
0.0971154
0.0991939
0.00641957
0.00653116
0.00661768
0.00693338
0.0076731
0.0082512
0.00831656
0.00817994
0.00812464
0.00856136
0.00916213
0.00923529
0.0091608
0.00940644
0.00992641
0.0106244
0.0111322
0.0113057
0.0116019
0.0121986
0.012806
0.0133123
0.0137765
0.0142357
0.0147556
0.0153421
0.0159255
0.0164831
0.0170117
0.0175618
0.0181893
0.0188585
0.0194688
0.0200172
0.0205949
0.0212562
0.0219717
0.0226703
0.0232793
0.0238742
0.0246255
0.0254598
0.0261647
0.0267951
0.027535
0.0283731
0.0291678
0.0298566
0.0305744
0.0313997
0.0322086
0.0329518
0.0337774
0.0347424
0.0357036
0.0366295
0.0375789
0.0385501
0.0395029
0.0404717
0.0414561
0.0424516
0.0434553
0.0444985
0.0455754
0.0466546
0.0477429
0.0488616
0.050015
0.0511556
0.0523456
0.0535759
0.0548517
0.0561258
0.0574541
0.0587898
0.0601607
0.0615325
0.0629384
0.0643747
0.0658222
0.06733
0.0688212
0.0703883
0.0719258
0.0735579
0.0751735
0.0768296
0.0785508
0.0802432
0.0820243
0.0837753
0.0856011
0.0874529
0.0893062
0.0912278
0.0931765
0.0951254
0.0971225
0.0992034
0.00648906
0.00669154
0.00686185
0.00713448
0.00775326
0.0083977
0.00858352
0.00849913
0.00839524
0.00865616
0.00926758
0.00949607
0.00940703
0.00955309
0.0100076
0.0107051
0.0112969
0.011475
0.0116773
0.012271
0.012929
0.0133935
0.0138205
0.0143264
0.0148496
0.0153801
0.0159656
0.016555
0.0170668
0.0175868
0.0182158
0.018897
0.019505
0.0200444
0.0206209
0.0212819
0.0219911
0.022693
0.0233097
0.0238936
0.0246307
0.0254697
0.0261812
0.0268047
0.0275362
0.028375
0.0291757
0.0298639
0.0305763
0.031408
0.0322315
0.0329802
0.0338012
0.0347598
0.0357132
0.0366317
0.0375781
0.0385497
0.0395025
0.0404714
0.0414588
0.0424575
0.0434607
0.0445033
0.0455813
0.0466596
0.0477473
0.0488685
0.0500231
0.0511643
0.0523566
0.0535865
0.0548598
0.0561322
0.0574594
0.0587936
0.0601638
0.0615353
0.062942
0.0643784
0.0658255
0.0673331
0.0688239
0.0703907
0.0719284
0.0735609
0.0751761
0.0768312
0.0785521
0.0802445
0.0820253
0.0837768
0.0856032
0.0874553
0.0893086
0.0912311
0.0931809
0.0951306
0.0971298
0.099213
0.00655996
0.00683766
0.00707897
0.00735423
0.00785938
0.00850602
0.0088124
0.00879296
0.00869056
0.00881258
0.00934563
0.0097099
0.00967149
0.00973324
0.0101072
0.0107638
0.0114325
0.0116759
0.0117809
0.0123113
0.0130403
0.0135133
0.0138682
0.0143888
0.0149543
0.0154399
0.0159965
0.0166232
0.0171353
0.0176161
0.0182385
0.0189358
0.0195457
0.0200751
0.020647
0.0213081
0.0220109
0.022713
0.0233394
0.0239167
0.024638
0.0254795
0.0261995
0.026817
0.0275382
0.0283765
0.029184
0.0298731
0.0305799
0.0314164
0.032254
0.0330074
0.0338233
0.0347766
0.0357238
0.0366351
0.0375782
0.0385499
0.039503
0.0404715
0.0414615
0.0424635
0.0434659
0.0445081
0.0455875
0.0466649
0.047752
0.0488757
0.0500317
0.0511731
0.0523674
0.0535971
0.0548681
0.0561389
0.0574649
0.0587976
0.0601672
0.0615382
0.0629458
0.0643822
0.0658288
0.0673363
0.0688266
0.0703933
0.0719312
0.0735641
0.0751787
0.0768331
0.0785535
0.0802459
0.0820264
0.0837785
0.0856054
0.0874577
0.0893114
0.0912345
0.0931856
0.095136
0.0971371
0.0992225
0.00664657
0.00697102
0.00726407
0.00756822
0.00800193
0.00860429
0.00900585
0.00906516
0.0089873
0.00902278
0.00942608
0.00986776
0.00993379
0.00994314
0.0102331
0.0108209
0.0115238
0.0118788
0.0119345
0.0123424
0.0131165
0.0136604
0.0139458
0.0144255
0.0150512
0.0155282
0.0160268
0.0166766
0.017213
0.0176538
0.0182584
0.018975
0.0195894
0.0201068
0.0206732
0.0213368
0.0220344
0.0227334
0.0233687
0.0239428
0.0246475
0.0254876
0.0262168
0.026831
0.0275416
0.0283782
0.0291934
0.0298849
0.0305852
0.0314246
0.0322758
0.0330335
0.0338437
0.0347924
0.0357351
0.0366398
0.0375789
0.0385513
0.0395044
0.0404722
0.0414645
0.0424698
0.0434713
0.0445129
0.0455939
0.0466707
0.047757
0.048883
0.0500405
0.0511822
0.0523782
0.0536078
0.0548764
0.0561456
0.0574707
0.0588021
0.0601709
0.0615415
0.0629496
0.064386
0.0658323
0.0673398
0.0688296
0.0703961
0.071934
0.0735674
0.0751813
0.0768352
0.078555
0.0802473
0.0820276
0.0837803
0.0856077
0.08746
0.0893143
0.0912381
0.0931903
0.0951418
0.0971446
0.0992321
0.00675228
0.00710762
0.00743033
0.00776938
0.00817288
0.00871243
0.00916443
0.00931232
0.0092706
0.00926444
0.00953895
0.00998298
0.0101695
0.010174
0.0103831
0.0108954
0.0115836
0.012056
0.0121382
0.0123966
0.0131448
0.0138041
0.0140697
0.014456
0.0151198
0.0156358
0.0160705
0.0167144
0.0172972
0.0177056
0.0182717
0.0190117
0.019641
0.0201423
0.0206997
0.0213672
0.0220603
0.022753
0.0233954
0.0239692
0.0246591
0.0254963
0.0262347
0.0268477
0.0275474
0.0283801
0.029203
0.0298983
0.0305918
0.0314326
0.0322969
0.033059
0.0338629
0.0348075
0.0357473
0.036646
0.0375805
0.0385529
0.0395067
0.0404735
0.0414677
0.0424761
0.0434767
0.0445177
0.0456007
0.0466769
0.0477623
0.0488906
0.0500496
0.0511912
0.0523887
0.0536185
0.0548853
0.0561526
0.0574767
0.0588066
0.0601749
0.061545
0.0629537
0.0643901
0.0658359
0.0673433
0.0688324
0.0703989
0.071937
0.0735707
0.0751838
0.0768375
0.0785567
0.0802489
0.082029
0.0837823
0.0856103
0.0874624
0.0893177
0.0912419
0.0931952
0.0951478
0.0971521
0.0992416
0.00686086
0.00725988
0.00759782
0.00795794
0.00835292
0.00883702
0.00929931
0.0095299
0.00953569
0.0095161
0.00969641
0.0100815
0.0103607
0.0104145
0.010558
0.0109965
0.0116366
0.0121851
0.0123592
0.0125026
0.0131445
0.0139122
0.0142339
0.0145076
0.0151554
0.0157479
0.0161413
0.0167391
0.0173749
0.0177771
0.0182847
0.0190409
0.0197011
0.0201818
0.0207206
0.0213968
0.0220902
0.022774
0.0234217
0.0239972
0.0246736
0.0255067
0.0262527
0.0268648
0.0275542
0.0283822
0.0292129
0.0299141
0.0306005
0.0314405
0.0323176
0.033084
0.033881
0.0348217
0.0357598
0.0366534
0.0375829
0.038555
0.0395097
0.0404755
0.0414712
0.0424828
0.0434823
0.0445226
0.0456076
0.0466834
0.0477679
0.0488984
0.050059
0.0512004
0.0523992
0.0536291
0.0548942
0.0561598
0.0574831
0.0588115
0.0601792
0.0615487
0.0629577
0.064394
0.0658397
0.0673471
0.0688355
0.0704021
0.0719401
0.0735741
0.0751862
0.07684
0.0785586
0.0802504
0.0820306
0.0837843
0.0856131
0.0874647
0.0893212
0.0912459
0.0932
0.0951542
0.0971598
0.0992511
0.00695707
0.00741923
0.00777803
0.0081404
0.00852984
0.00897446
0.00942373
0.00971499
0.0097816
0.00976568
0.00988898
0.0101941
0.0105099
0.0106462
0.0107552
0.0111167
0.0116979
0.0122727
0.0125648
0.0126708
0.0131524
0.0139627
0.0144096
0.0146061
0.0151721
0.0158409
0.0162396
0.0167644
0.0174379
0.0178684
0.0183043
0.0190517
0.0197654
0.020235
0.0207388
0.0214236
0.022126
0.0227989
0.0234471
0.0240244
0.0246879
0.0255174
0.026272
0.0268833
0.0275627
0.0283858
0.0292235
0.0299314
0.0306108
0.0314476
0.0323373
0.0331089
0.0338982
0.034835
0.0357728
0.0366621
0.0375863
0.0385579
0.0395134
0.0404781
0.0414751
0.0424896
0.043488
0.0445274
0.0456149
0.0466906
0.0477739
0.0489062
0.0500686
0.0512099
0.0524096
0.0536397
0.0549033
0.0561671
0.0574896
0.0588166
0.0601839
0.0615529
0.0629621
0.0643982
0.0658435
0.0673511
0.0688384
0.0704053
0.0719434
0.0735777
0.0751886
0.0768427
0.0785606
0.0802519
0.0820325
0.0837864
0.0856162
0.0874672
0.0893249
0.0912503
0.0932049
0.0951608
0.0971677
0.0992605
0.00704161
0.0075633
0.00796635
0.0083238
0.0087035
0.00911972
0.00954862
0.00987468
0.0100084
0.0100091
0.010097
0.0103364
0.0106349
0.0108455
0.0109643
0.0112543
0.011779
0.0123438
0.0127293
0.0128746
0.0132049
0.0139671
0.0145601
0.0147545
0.0151949
0.0159019
0.0163562
0.0168048
0.017477
0.0179672
0.0183458
0.019048
0.0198249
0.0203082
0.0207584
0.0214393
0.0221635
0.0228294
0.0234725
0.0240509
0.0247028
0.025529
0.0262943
0.0269042
0.027571
0.0283897
0.0292346
0.0299501
0.0306231
0.0314544
0.032356
0.0331342
0.0339151
0.0348472
0.035786
0.0366719
0.0375904
0.0385615
0.0395178
0.040481
0.0414792
0.0424968
0.0434941
0.0445324
0.0456224
0.0466981
0.0477801
0.0489143
0.0500784
0.0512193
0.0524199
0.0536503
0.0549129
0.0561747
0.0574962
0.0588219
0.0601888
0.0615574
0.0629666
0.0644024
0.0658475
0.0673554
0.0688413
0.0704087
0.0719467
0.0735812
0.075191
0.0768456
0.0785629
0.0802534
0.0820347
0.0837887
0.0856193
0.0874697
0.0893287
0.0912551
0.0932098
0.0951676
0.0971758
0.0992699
0.00713188
0.00768259
0.00814887
0.00851307
0.00888353
0.00927352
0.00967742
0.010016
0.0102088
0.0102429
0.0103054
0.0105024
0.0107602
0.0110085
0.0111728
0.0114121
0.0118772
0.012416
0.0128517
0.0130792
0.0133191
0.0139594
0.0146555
0.0149304
0.0152526
0.0159326
0.016469
0.0168726
0.0175024
0.0180619
0.018417
0.0190369
0.0198611
0.0203981
0.0207922
0.0214421
0.0221964
0.0228689
0.0235028
0.0240775
0.0247165
0.0255396
0.0263184
0.026928
0.0275796
0.0283932
0.0292472
0.029971
0.0306372
0.0314608
0.0323733
0.0331598
0.033932
0.0348582
0.0357994
0.0366829
0.0375951
0.038566
0.0395233
0.0404846
0.0414835
0.0425045
0.0435006
0.0445372
0.04563
0.0467062
0.0477868
0.0489223
0.0500884
0.0512294
0.0524302
0.0536604
0.0549225
0.0561825
0.0575033
0.0588278
0.060194
0.0615619
0.0629708
0.0644067
0.0658515
0.06736
0.0688444
0.0704124
0.0719503
0.0735848
0.0751935
0.0768485
0.0785655
0.0802547
0.0820373
0.083791
0.0856226
0.0874725
0.0893327
0.0912603
0.0932148
0.0951744
0.0971842
0.0992792
0.00723474
0.00778755
0.00831806
0.00870806
0.00907029
0.00943534
0.00980902
0.0101444
0.0103794
0.0104646
0.0105131
0.0106782
0.0109032
0.0111495
0.0113624
0.0115832
0.0119884
0.0124983
0.0129505
0.0132571
0.0134787
0.0139782
0.0146969
0.0150979
0.0153563
0.0159529
0.0165629
0.0169692
0.017527
0.0181345
0.0185122
0.0190376
0.0198687
0.0204921
0.020853
0.0214389
0.022215
0.0229133
0.0235417
0.0241059
0.0247271
0.0255475
0.0263448
0.0269568
0.02759
0.0283951
0.0292598
0.0299944
0.0306528
0.0314664
0.0323895
0.0331856
0.0339495
0.0348685
0.0358124
0.036695
0.0376007
0.0385709
0.0395297
0.0404889
0.0414879
0.0425122
0.0435077
0.0445422
0.0456376
0.0467149
0.0477938
0.0489303
0.0500986
0.0512394
0.0524403
0.0536708
0.0549326
0.0561905
0.05751
0.0588336
0.0601994
0.0615673
0.0629757
0.0644113
0.0658556
0.0673646
0.0688472
0.0704161
0.0719541
0.0735884
0.0751962
0.0768516
0.0785684
0.080256
0.0820401
0.0837936
0.0856258
0.0874755
0.0893366
0.0912657
0.0932199
0.0951814
0.0971927
0.0992886
0.0073408
0.00789031
0.00846888
0.0088992
0.0092583
0.00960597
0.00994837
0.0102693
0.0105256
0.0106659
0.0107211
0.0108551
0.0110605
0.0112852
0.0115258
0.0117564
0.012111
0.0125901
0.0130415
0.0134027
0.0136565
0.0140464
0.0147106
0.0152269
0.0154969
0.0159874
0.0166253
0.0170764
0.0175663
0.0181846
0.0186193
0.0190672
0.0198528
0.0205699
0.0209441
0.0214449
0.0222131
0.0229525
0.0235915
0.0241423
0.0247358
0.0255503
0.0263725
0.0269909
0.0276028
0.0283951
0.0292712
0.0300211
0.0306709
0.0314708
0.0324043
0.0332118
0.0339673
0.0348782
0.0358252
0.0367079
0.037607
0.0385764
0.039537
0.0404939
0.0414924
0.0425201
0.0435156
0.0445474
0.0456451
0.0467242
0.0478014
0.0489382
0.0501088
0.0512499
0.0524505
0.0536807
0.0549426
0.0561987
0.0575172
0.0588402
0.0602051
0.0615725
0.0629803
0.0644161
0.0658601
0.0673698
0.0688505
0.07042
0.071958
0.0735918
0.075199
0.0768546
0.0785716
0.0802573
0.0820432
0.0837964
0.085629
0.0874788
0.0893407
0.0912715
0.0932251
0.0951882
0.0972015
0.0992979
0.00743965
0.00799028
0.00860105
0.00908138
0.00944633
0.00978217
0.0100987
0.0103969
0.0106542
0.0108372
0.010924
0.0110332
0.0112222
0.0114279
0.0116704
0.0119214
0.0122423
0.0126885
0.0131331
0.0135225
0.0138255
0.0141587
0.014732
0.0153103
0.0156455
0.0160528
0.0166665
0.0171805
0.0176312
0.0182191
0.0187169
0.0191285
0.0198317
0.0206164
0.0210524
0.0214777
0.0221982
0.0229747
0.0236476
0.024194
0.0247467
0.0255427
0.0263979
0.0270323
0.0276197
0.0283933
0.0292802
0.0300504
0.0306929
0.0314738
0.0324169
0.0332389
0.0339858
0.0348872
0.035838
0.0367214
0.0376155
0.0385828
0.039545
0.0404998
0.0414972
0.0425279
0.043524
0.0445528
0.0456525
0.0467339
0.0478093
0.048946
0.0501193
0.0512608
0.0524606
0.0536906
0.0549531
0.0562073
0.0575243
0.0588469
0.0602109
0.0615783
0.062985
0.0644209
0.0658643
0.0673748
0.0688536
0.0704241
0.0719625
0.0735953
0.0752022
0.0768576
0.0785749
0.0802586
0.0820464
0.0837996
0.0856321
0.0874825
0.0893449
0.0912775
0.0932306
0.0951951
0.0972104
0.0993073
0.00753447
0.00808749
0.00871757
0.00924803
0.00963212
0.00995907
0.0102568
0.0105307
0.0107757
0.0109807
0.0111108
0.011212
0.0113809
0.0115775
0.0118085
0.0120745
0.0123777
0.0127906
0.0132275
0.0136278
0.0139751
0.0142949
0.0147804
0.0153618
0.0157753
0.016152
0.0167061
0.0172652
0.0177167
0.018254
0.0187962
0.0192142
0.0198236
0.0206285
0.0211565
0.0215451
0.0221877
0.0229721
0.0236969
0.0242637
0.0247696
0.0255243
0.026415
0.0270827
0.0276436
0.0283889
0.0292858
0.0300813
0.0307196
0.0314763
0.032426
0.0332672
0.0340059
0.0348949
0.0358506
0.0367359
0.0376229
0.0385895
0.0395541
0.0405065
0.041502
0.0425358
0.0435334
0.0445585
0.0456597
0.0467444
0.047818
0.0489534
0.0501295
0.051272
0.0524707
0.0537005
0.0549637
0.0562159
0.0575312
0.058854
0.0602172
0.0615845
0.0629901
0.0644261
0.065869
0.0673798
0.0688569
0.0704279
0.0719669
0.0735983
0.0752056
0.0768609
0.0785785
0.0802604
0.0820498
0.0838033
0.0856351
0.0874864
0.0893492
0.0912836
0.0932363
0.095202
0.0972195
0.0993167
0.00763687
0.00818329
0.00882066
0.00939355
0.00981109
0.0101348
0.0104177
0.0106718
0.0109002
0.0111048
0.011269
0.0113843
0.0115365
0.0117279
0.0119456
0.012216
0.012514
0.0128962
0.0133259
0.0137274
0.0141028
0.0144353
0.014859
0.0154074
0.0158742
0.0162647
0.0167586
0.0173271
0.0178104
0.0183021
0.0188559
0.0193092
0.019842
0.020621
0.0212384
0.0216371
0.0221996
0.0229527
0.0237232
0.0243428
0.0248166
0.0255016
0.0264142
0.0271387
0.0276801
0.0283822
0.0292861
0.0301135
0.0307514
0.0314801
0.0324307
0.0332949
0.0340288
0.0349016
0.0358619
0.0367517
0.0376315
0.0385961
0.039564
0.0405145
0.0415069
0.0425437
0.0435435
0.0445644
0.0456667
0.0467555
0.047827
0.0489606
0.0501403
0.0512841
0.0524805
0.0537097
0.0549741
0.056225
0.0575385
0.0588618
0.0602236
0.0615905
0.062995
0.0644312
0.065874
0.0673851
0.0688609
0.0704322
0.0719719
0.0736014
0.0752092
0.0768641
0.0785818
0.0802622
0.0820532
0.0838071
0.085638
0.0874907
0.0893539
0.0912897
0.0932424
0.0952089
0.0972285
0.0993263
0.00775186
0.00828355
0.00891787
0.00951757
0.00997556
0.0103069
0.0105779
0.0108161
0.011029
0.0112199
0.0114008
0.0115426
0.011688
0.0118735
0.0120833
0.0123501
0.0126472
0.0130014
0.0134208
0.0138237
0.0142145
0.0145726
0.0149603
0.0154632
0.01595
0.0163725
0.0168318
0.0173749
0.0178952
0.0183676
0.0189037
0.0193999
0.0198873
0.0206094
0.0212914
0.0217354
0.0222436
0.0229361
0.02372
0.0244138
0.0248929
0.0254887
0.0263891
0.0271901
0.0277352
0.0283773
0.0292768
0.0301459
0.0307892
0.0314857
0.0324316
0.0333213
0.0340552
0.0349084
0.0358712
0.0367685
0.037641
0.0386018
0.0395742
0.0405241
0.0415118
0.0425512
0.0435548
0.0445708
0.045673
0.0467673
0.0478369
0.0489674
0.0501504
0.0512962
0.0524903
0.0537193
0.0549851
0.0562343
0.0575453
0.0588693
0.0602302
0.061597
0.0630004
0.0644367
0.0658791
0.0673898
0.0688646
0.0704364
0.071977
0.0736045
0.0752133
0.0768679
0.0785854
0.0802647
0.0820566
0.0838113
0.0856409
0.087495
0.0893587
0.0912956
0.0932487
0.0952159
0.0972375
0.0993356
0.00787875
0.00839217
0.00901645
0.00962482
0.0101184
0.0104695
0.0107352
0.0109572
0.0111591
0.0113369
0.0115151
0.0116791
0.0118315
0.0120157
0.0122191
0.0124729
0.0127705
0.0131073
0.013514
0.0139212
0.0143165
0.0146963
0.0150701
0.0155338
0.0160183
0.0164646
0.0169184
0.0174252
0.0179646
0.0184466
0.0189503
0.0194754
0.0199505
0.0206055
0.0213205
0.0218243
0.02231
0.0229408
0.0236987
0.0244571
0.0249882
0.0255051
0.0263459
0.0272218
0.0278091
0.028384
0.0292542
0.0301736
0.0308354
0.0314941
0.0324277
0.0333452
0.0340843
0.0349165
0.0358787
0.0367857
0.0376533
0.0386075
0.0395838
0.0405354
0.0415171
0.0425581
0.043567
0.0445776
0.0456787
0.04678
0.0478475
0.0489734
0.050161
0.0513098
0.0525003
0.0537285
0.0549959
0.0562437
0.0575526
0.0588776
0.0602373
0.0616033
0.0630058
0.0644421
0.0658847
0.0673948
0.0688691
0.0704408
0.0719817
0.0736073
0.0752172
0.0768716
0.0785885
0.0802676
0.0820604
0.0838158
0.0856441
0.0874997
0.0893641
0.0913016
0.0932552
0.0952229
0.0972463
0.0993452
0.00801173
0.0085081
0.00912036
0.0097231
0.0102396
0.0106164
0.0108854
0.0110949
0.0112852
0.0114545
0.0116198
0.0117961
0.011962
0.0121464
0.0123457
0.012588
0.0128901
0.0132192
0.0136045
0.014012
0.0144091
0.014804
0.0151806
0.0156156
0.0160887
0.0165436
0.017006
0.0174867
0.0180185
0.0185256
0.0190056
0.0195371
0.0200244
0.0206177
0.0213333
0.0218951
0.0223836
0.0229716
0.0236793
0.0244641
0.0250794
0.0255621
0.0263038
0.0272196
0.027891
0.0284156
0.0292212
0.0301884
0.0308921
0.0315094
0.032418
0.0333663
0.0341157
0.0349254
0.0358841
0.0368021
0.0376671
0.0386131
0.0395922
0.0405481
0.0415231
0.0425644
0.0435802
0.0445853
0.0456834
0.0467929
0.0478589
0.0489793
0.0501708
0.0513231
0.0525097
0.053737
0.0550067
0.0562536
0.0575599
0.0588856
0.0602447
0.06161
0.0630118
0.0644477
0.0658904
0.0673993
0.0688737
0.0704456
0.071987
0.0736107
0.0752215
0.0768757
0.0785915
0.0802706
0.0820639
0.0838199
0.085647
0.087504
0.0893695
0.0913072
0.0932617
0.09523
0.0972549
0.0993543
0.00814417
0.00862699
0.00922725
0.00981986
0.0103431
0.0107424
0.0110226
0.0112262
0.0114016
0.0115665
0.0117208
0.0118954
0.0120717
0.0122602
0.0124679
0.0127043
0.013002
0.0133252
0.0136899
0.0140972
0.0144989
0.0149011
0.0152856
0.0157025
0.0161635
0.0166157
0.0170829
0.0175553
0.0180671
0.0185958
0.0190717
0.0195903
0.0200971
0.0206491
0.0213398
0.0219492
0.0224552
0.0230204
0.0236791
0.024448
0.0251411
0.0256483
0.0262873
0.027182
0.027959
0.0284804
0.02919
0.03018
0.0309554
0.0315383
0.0324019
0.033383
0.0341515
0.0349367
0.035889
0.0368184
0.0376839
0.0386203
0.0395996
0.0405613
0.04153
0.0425707
0.0435943
0.0445936
0.0456873
0.0468065
0.0478718
0.0489847
0.0501804
0.0513376
0.05252
0.053746
0.0550178
0.0562635
0.0575674
0.0588936
0.0602523
0.0616165
0.0630179
0.0644537
0.0658964
0.067404
0.0688787
0.0704506
0.0719915
0.073614
0.075226
0.0768803
0.0785948
0.0802746
0.0820685
0.0838247
0.0856509
0.087509
0.0893754
0.0913133
0.0932683
0.0952373
0.0972634
0.0993635
0.00827198
0.00874591
0.00933419
0.0099153
0.0104333
0.0108483
0.0111419
0.0113472
0.0115097
0.0116667
0.0118143
0.0119793
0.0121646
0.0123615
0.0125806
0.0128127
0.0130977
0.0134245
0.01378
0.0141814
0.0145834
0.0149896
0.0153842
0.0157903
0.0162393
0.0166859
0.0171517
0.0176263
0.018119
0.0186522
0.0191384
0.0196413
0.0201612
0.0206951
0.021348
0.0219868
0.0225203
0.0230764
0.0237014
0.0244301
0.0251662
0.025739
0.0263149
0.0271303
0.0279888
0.0285702
0.0291778
0.030141
0.031012
0.0315866
0.0323808
0.033388
0.0341899
0.0349488
0.0358902
0.0368335
0.0377014
0.0386281
0.0396064
0.040575
0.0415375
0.0425764
0.0436089
0.0446027
0.0456903
0.0468197
0.0478856
0.0489898
0.0501895
0.0513521
0.0525299
0.0537537
0.0550279
0.0562734
0.0575753
0.0589014
0.0602599
0.0616232
0.0630239
0.0644591
0.0659017
0.0674083
0.0688838
0.0704559
0.0719958
0.0736173
0.0752302
0.0768842
0.0785971
0.0802779
0.0820722
0.0838283
0.0856541
0.0875135
0.0893812
0.0913188
0.0932748
0.0952444
0.0972716
0.0993723
0.0083893
0.00885821
0.00943289
0.0100014
0.0105085
0.0109276
0.0112328
0.0114438
0.0115993
0.0117453
0.0118926
0.0120499
0.0122397
0.0124436
0.0126695
0.0129094
0.0131893
0.0135208
0.0138677
0.0142583
0.0146631
0.0150732
0.0154759
0.0158757
0.016317
0.0167595
0.0172174
0.017694
0.0181748
0.0187021
0.0192032
0.0196979
0.0202202
0.0207494
0.0213647
0.0220123
0.0225782
0.023135
0.0237379
0.0244259
0.0251683
0.0258122
0.0263808
0.0270979
0.0279758
0.0286657
0.0292121
0.0300868
0.0310493
0.0316622
0.0323686
0.0333796
0.0342335
0.0349694
0.0358898
0.0368488
0.0377221
0.0386369
0.039613
0.0405888
0.0415451
0.0425825
0.043625
0.0446132
0.0456923
0.0468324
0.0479011
0.0489955
0.0501976
0.051367
0.0525412
0.0537624
0.0550389
0.0562844
0.057584
0.0589094
0.060268
0.0616306
0.0630312
0.064466
0.0659081
0.0674132
0.0688896
0.0704619
0.0720003
0.0736218
0.0752358
0.0768896
0.0786008
0.0802828
0.0820776
0.083833
0.0856584
0.0875187
0.0893873
0.0913249
0.0932813
0.0952519
0.0972797
0.0993809
0.00851061
0.00897492
0.00953796
0.010092
0.0105813
0.0109888
0.0112977
0.0115121
0.0116659
0.0118001
0.0119444
0.0120972
0.0122836
0.0124949
0.0127296
0.0129865
0.0132637
0.013594
0.0139423
0.0143245
0.0147299
0.0151387
0.0155505
0.0159498
0.0163834
0.0168235
0.017271
0.0177496
0.0182249
0.0187413
0.0192531
0.0197498
0.0202714
0.0208
0.0213871
0.0220265
0.022621
0.0231894
0.0237778
0.0244324
0.0251576
0.0258487
0.0264536
0.0270973
0.0279275
0.0287208
0.0292824
0.0300318
0.0310388
0.0317463
0.0323729
0.0333487
0.0342687
0.0349978
0.0358838
0.0368595
0.0377426
0.0386447
0.0396189
0.0406036
0.0415524
0.0425868
0.0436413
0.0446247
0.0456934
0.0468437
0.0479178
0.0490001
0.0502048
0.0513813
0.0525526
0.0537695
0.0550477
0.0562944
0.0575923
0.0589161
0.060275
0.0616373
0.063037
0.0644712
0.0659125
0.0674173
0.0688951
0.0704673
0.0720032
0.0736247
0.0752399
0.0768929
0.078603
0.0802863
0.0820818
0.0838364
0.0856619
0.0875235
0.0893931
0.0913304
0.0932875
0.0952588
0.0972873
0.0993891
0.00865082
0.0091151
0.00967254
0.0102138
0.0106858
0.0110742
0.0113771
0.0115916
0.0117445
0.0118679
0.0120033
0.0121554
0.0123367
0.0125553
0.0127969
0.0130673
0.0133507
0.013678
0.0140316
0.0144047
0.0148067
0.015213
0.0156289
0.0160293
0.0164521
0.0168947
0.0173344
0.0178102
0.0182822
0.0187846
0.019302
0.019805
0.0203278
0.0208552
0.0214227
0.022046
0.0226556
0.0232437
0.0238277
0.0244576
0.025161
0.0258678
0.0265191
0.0271442
0.0278957
0.0287358
0.0293807
0.030026
0.0309969
0.0318251
0.0324187
0.0333126
0.0342898
0.0350429
0.0358818
0.0368644
0.0377693
0.0386538
0.0396224
0.0406206
0.0415612
0.0425893
0.0436585
0.0446405
0.0456944
0.0468522
0.0479354
0.0490094
0.0502107
0.0513951
0.0525657
0.0537779
0.0550569
0.0563062
0.0576024
0.0589236
0.0602832
0.0616462
0.0630451
0.0644785
0.0659187
0.0674226
0.0689019
0.070474
0.0720078
0.07363
0.0752466
0.0768983
0.0786071
0.0802916
0.0820874
0.0838407
0.0856662
0.087529
0.0893991
0.0913363
0.0932938
0.095266
0.0972949
0.0993968
0.00860963
0.00905246
0.00959551
0.0101265
0.0105931
0.0109745
0.0112811
0.0115103
0.0116821
0.0118197
0.0119621
0.01213
0.0123239
0.0125586
0.0128172
0.0131051
0.0134067
0.013734
0.0140934
0.0144648
0.0148619
0.0152661
0.0156805
0.0160867
0.0165003
0.0169465
0.0173847
0.0178529
0.0183264
0.018817
0.0193365
0.0198471
0.0203727
0.0209028
0.0214563
0.0220629
0.022674
0.0232787
0.02387
0.0244833
0.0251672
0.0258701
0.0265469
0.0271961
0.0278882
0.0287075
0.0294486
0.0300607
0.0309385
0.0318582
0.0324888
0.0332835
0.0342807
0.0350923
0.0358884
0.0368575
0.0377962
0.038667
0.0396213
0.0406376
0.0415735
0.0425874
0.0436721
0.0446597
0.0456957
0.0468573
0.0479552
0.0490204
0.0502152
0.0514078
0.0525802
0.0537861
0.0550642
0.056317
0.0576119
0.0589296
0.0602895
0.0616535
0.0630512
0.0644835
0.0659229
0.0674271
0.0689079
0.0704792
0.0720099
0.0736331
0.0752511
0.0769013
0.0786097
0.0802958
0.0820922
0.0838445
0.0856702
0.0875343
0.0894048
0.0913416
0.0932996
0.0952724
0.0973018
0.0994046
0.00909789
0.00950362
0.00996981
0.0104185
0.0108027
0.0111041
0.0113389
0.0115195
0.0116659
0.0117974
0.0119385
0.0121156
0.0123215
0.0125672
0.0128411
0.0131406
0.0134579
0.0137897
0.0141511
0.0145231
0.0149124
0.0153139
0.0157258
0.016139
0.0165489
0.0169927
0.0174352
0.0178934
0.018368
0.0188521
0.0193684
0.019886
0.0204111
0.0209485
0.0214944
0.0220868
0.022696
0.0233061
0.023912
0.0245199
0.0251865
0.0258814
0.0265599
0.0272414
0.0279175
0.0286801
0.0294788
0.0301249
0.0309057
0.0318495
0.0325648
0.033288
0.0342519
0.0351342
0.0359139
0.0368445
0.0378158
0.0386886
0.039618
0.0406508
0.041593
0.042585
0.0436805
0.0446846
0.0457007
0.0468561
0.0479728
0.0490331
0.0502165
0.0514165
0.0525949
0.0537944
0.05507
0.0563282
0.0576218
0.0589358
0.0602972
0.0616629
0.0630592
0.0644899
0.065928
0.0674324
0.0689152
0.0704855
0.072014
0.0736388
0.075258
0.076906
0.0786135
0.0803009
0.0820972
0.0838481
0.085674
0.0875394
0.0894103
0.091347
0.0933056
0.0952788
0.0973086
0.0994111
0.00858918
0.00898718
0.00950518
0.0100108
0.0104539
0.0108161
0.0111065
0.0113474
0.011555
0.0117432
0.0119247
0.0121301
0.0123601
0.0126193
0.0129001
0.0132004
0.0135211
0.0138552
0.0142119
0.01458
0.01496
0.0153551
0.0157645
0.0161827
0.0165959
0.0170336
0.017482
0.0179356
0.0184083
0.0188933
0.0194024
0.0199258
0.020448
0.0209912
0.0215368
0.0221128
0.0227186
0.0233245
0.0239431
0.0245572
0.0252063
0.0258922
0.0265663
0.0272707
0.02796
0.0286725
0.0294801
0.0301909
0.0309144
0.0318195
0.0326212
0.0333271
0.0342218
0.0351545
0.0359541
0.0368362
0.0378225
0.0387182
0.0396192
0.0406545
0.0416169
0.0425857
0.0436792
0.0447117
0.0457124
0.0468514
0.0479944
0.0490568
0.0502215
0.0514259
0.0526136
0.0538063
0.0550769
0.0563408
0.0576331
0.0589412
0.0603046
0.061672
0.0630659
0.0644951
0.0659331
0.0674381
0.0689222
0.0704908
0.0720164
0.0736427
0.0752633
0.0769096
0.0786171
0.0803062
0.0821028
0.0838526
0.0856786
0.0875452
0.0894161
0.0913521
0.0933111
0.0952851
0.0973146
0.0994183
0.00999732
0.0100001
0.00995296
0.00994985
0.0100346
0.0102023
0.0104297
0.0107052
0.0110092
0.0113323
0.011651
0.0119655
0.0122748
0.0125839
0.0128956
0.0132106
0.0135391
0.013879
0.0142378
0.0146041
0.0149802
0.0153685
0.0157739
0.0161933
0.0166102
0.0170433
0.0174935
0.0179541
0.0184239
0.0189133
0.0194173
0.019943
0.0204667
0.0210106
0.0215661
0.022129
0.0227313
0.0233354
0.0239597
0.0245892
0.0252211
0.0258986
0.0265715
0.0272807
0.0279921
0.0286788
0.0294638
0.030226
0.0309411
0.0317829
0.0326352
0.0333766
0.0342038
0.0351466
0.0359942
0.0368389
0.0378134
0.0387471
0.0396285
0.0406487
0.0416415
0.0425936
0.0436687
0.0447358
0.0457311
0.0468417
0.0480012
0.0490755
0.0502201
0.0514264
0.0526271
0.0538138
0.055079
0.0563501
0.0576418
0.0589443
0.0603111
0.0616813
0.0630723
0.0644988
0.0659371
0.0674431
0.0689283
0.0704957
0.0720194
0.0736476
0.0752692
0.0769132
0.0786201
0.0803105
0.0821067
0.0838556
0.0856815
0.0875494
0.0894206
0.0913566
0.0933163
0.0952893
0.0973199
0.0994234
0.00862103
0.00896396
0.00938904
0.0098037
0.0101746
0.0104941
0.0107611
0.0110015
0.0112272
0.0114572
0.0116988
0.011964
0.012259
0.0125728
0.0129009
0.0132305
0.0135703
0.013918
0.0142825
0.014653
0.0150295
0.0154158
0.0158105
0.0162242
0.0166391
0.0170698
0.0175178
0.0179864
0.0184592
0.0189476
0.019451
0.0199708
0.0204995
0.0210376
0.0215981
0.0221578
0.022748
0.0233566
0.0239757
0.0246187
0.0252423
0.0259049
0.0265889
0.0272881
0.0280173
0.0287059
0.0294582
0.0302491
0.0309828
0.0317781
0.0326345
0.033427
0.0342228
0.0351285
0.0360279
0.0368668
0.0377966
0.0387721
0.0396535
0.0406351
0.0416653
0.0426144
0.043652
0.0447567
0.0457612
0.0468337
0.048011
0.0491087
0.0502301
0.0514326
0.0526489
0.0538294
0.0550866
0.0563645
0.0576551
0.0589499
0.0603193
0.0616924
0.0630802
0.064504
0.065943
0.0674505
0.0689363
0.0705016
0.072023
0.0736529
0.0752756
0.076918
0.078625
0.0803168
0.0821131
0.0838609
0.0856869
0.0875556
0.0894264
0.0913615
0.0933231
0.0952964
0.0973248
0.0994303
0.00997046
0.00989956
0.0097563
0.00966149
0.00966034
0.00977079
0.00997494
0.0102535
0.0105863
0.0109599
0.0113612
0.0117612
0.0121524
0.0125236
0.0128866
0.0132367
0.0135846
0.0139341
0.014291
0.0146589
0.015032
0.0154176
0.0158038
0.0162109
0.0166267
0.017059
0.0175112
0.0179838
0.0184667
0.0189544
0.0194595
0.0199762
0.0205077
0.0210481
0.0216039
0.0221727
0.0227531
0.0233657
0.0239849
0.0246278
0.0252603
0.0259025
0.0265987
0.0272936
0.0280183
0.0287293
0.0294524
0.0302495
0.031008
0.0317779
0.0326212
0.0334411
0.0342489
0.0351091
0.0360267
0.0369041
0.0377765
0.0387695
0.0396909
0.0406141
0.0416688
0.0426461
0.0436319
0.0447581
0.0457945
0.0468156
0.0479988
0.04913
0.050233
0.0514239
0.0526585
0.0538377
0.055085
0.0563701
0.057663
0.058951
0.0603226
0.0616998
0.0630853
0.0645063
0.0659454
0.0674541
0.068941
0.0705053
0.0720246
0.073656
0.07528
0.0769206
0.0786269
0.0803197
0.082116
0.0838629
0.0856888
0.0875583
0.0894292
0.0913637
0.0933218
0.0952987
0.0973282
0.0994292
0.00926808
0.00920119
0.0090895
0.00903999
0.00909689
0.00927234
0.00955649
0.0099216
0.010341
0.0107904
0.0112537
0.0117019
0.012127
0.0125208
0.0128936
0.01325
0.0135975
0.0139451
0.0142951
0.0146584
0.0150298
0.0154147
0.0158012
0.0162051
0.0166231
0.0170564
0.0175123
0.0179863
0.0184727
0.018962
0.0194653
0.019983
0.0205112
0.0210551
0.021606
0.0221767
0.0227566
0.0233646
0.023989
0.0246264
0.0252671
0.0259054
0.0265996
0.0273057
0.0280194
0.0287452
0.0294657
0.0302514
0.0310306
0.0317941
0.0326271
0.033452
0.0342753
0.0351262
0.0360249
0.0369371
0.0377987
0.0387622
0.0397238
0.040637
0.0416608
0.042678
0.0436421
0.0447506
0.0458269
0.0468435
0.047999
0.049153
0.050259
0.051433
0.0526741
0.0538585
0.0550973
0.056382
0.0576782
0.0589609
0.0603308
0.0617099
0.0630948
0.0645137
0.0659523
0.0674615
0.0689486
0.0705129
0.0720303
0.0736616
0.0752867
0.0769271
0.0786331
0.0803262
0.0821231
0.0838692
0.0856946
0.0875646
0.0894349
0.0913691
0.0933274
0.095304
0.0973312
0.0994387
)
;

boundaryField
{
    zeroGradientPlanes
    {
        type            zeroGradient;
    }
    inlet
    {
        type            zeroGradient;
    }
    plate
    {
        type            zeroGradient;
    }
    frontAndBack
    {
        type            empty;
    }
}


// ************************************************************************* //
