/*--------------------------------*- C++ -*----------------------------------*\
| =========                 |                                                 |
| \\      /  F ield         | OpenFOAM: The Open Source CFD Toolbox           |
|  \\    /   O peration     | Version:  v1912                                 |
|   \\  /    A nd           | Website:  www.openfoam.com                      |
|    \\/     M anipulation  |                                                 |
\*---------------------------------------------------------------------------*/
FoamFile
{
    version     2.0;
    format      ascii;
    class       volScalarField;
    location    "6.9";
    object      p;
}
// * * * * * * * * * * * * * * * * * * * * * * * * * * * * * * * * * * * * * //

dimensions      [0 2 -2 0 0 0 0];


internalField   nonuniform List<scalar> 
9600
(
9.55298e-10
0.00943468
0.0149646
0.00780878
0.00182027
0.0128999
0.0138371
0.0124286
0.0174428
0.0207927
0.0180666
0.018708
0.0203613
0.0221885
0.0200427
0.0219131
0.021704
0.0213027
0.0221452
0.0222399
5.41171e-06
0.00944394
0.0149383
0.00781495
0.00184072
0.0128636
0.013823
0.0124529
0.0174435
0.0207718
0.0180687
0.0187184
0.0203206
0.0221613
0.0200595
0.0219066
0.0217079
0.0212872
0.0221651
0.0220933
1.19823e-05
0.00946379
0.0149315
0.00784492
0.00185294
0.012824
0.0138133
0.0124942
0.0174362
0.0207454
0.0180762
0.0187146
0.0202862
0.0221197
0.0200937
0.0218797
0.0217228
0.0212613
0.0221777
0.0219151
2.41076e-05
0.00950739
0.0149136
0.00789783
0.00187787
0.0127983
0.0138084
0.0125509
0.0174246
0.0207153
0.0180885
0.0186998
0.0202515
0.0220619
0.0201311
0.02184
0.0217398
0.0212341
0.0221615
0.0217652
4.79759e-05
0.00956916
0.01488
0.0079716
0.00192699
0.0127807
0.0138021
0.0126258
0.0174121
0.0206811
0.0181062
0.0186712
0.0202141
0.0219863
0.0201689
0.0217922
0.0217555
0.021198
0.0221338
0.0216567
8.76165e-05
0.00963269
0.0148259
0.00806207
0.0020124
0.0127653
0.0137931
0.0127187
0.0174026
0.0206439
0.0181277
0.0186349
0.0201723
0.0218972
0.0202068
0.0217377
0.0217688
0.0211567
0.0221045
0.0215743
0.000144595
0.00968681
0.0147521
0.00816332
0.00213744
0.0127473
0.0137833
0.0128414
0.0173985
0.0206041
0.0181509
0.0185967
0.0201284
0.0218035
0.0202433
0.0216785
0.0217813
0.0211152
0.0220699
0.0215114
0.000218979
0.0097276
0.014663
0.0082694
0.00229887
0.0127231
0.0137743
0.0129593
0.0173999
0.0205613
0.0181751
0.0185607
0.0200871
0.021711
0.0202773
0.0216158
0.0217932
0.0210739
0.0220265
0.0214686
0.000310111
0.00975621
0.0145646
0.00837536
0.00249065
0.01269
0.0137649
0.0130769
0.0174046
0.0205143
0.0181998
0.01853
0.0200527
0.0216236
0.0203082
0.0215497
0.0218023
0.0210337
0.0219738
0.0214465
0.000416947
0.00977644
0.0144619
0.00847829
0.00270858
0.012647
0.0137528
0.0131891
0.0174093
0.0204626
0.0182241
0.0185063
0.0200288
0.0215438
0.0203364
0.0214804
0.0218073
0.0209973
0.0219114
0.0214431
0.000538098
0.00979261
0.0143579
0.00857738
0.00295013
0.0125978
0.0137377
0.0132918
0.0174112
0.0204061
0.0182474
0.0184898
0.0200172
0.0214729
0.0203626
0.0214092
0.0218071
0.0209665
0.0218389
0.0214533
0.000671786
0.00980827
0.0142536
0.00867332
0.00321287
0.0125478
0.0137217
0.0133836
0.017409
0.0203453
0.018269
0.0184798
0.0200177
0.021411
0.0203873
0.021338
0.0217999
0.0209412
0.0217562
0.0214683
0.000815983
0.0098253
0.0141491
0.00876761
0.00349352
0.012502
0.0137088
0.013466
0.0174029
0.0202817
0.0182883
0.0184744
0.0200286
0.0213568
0.0204109
0.0212692
0.0217838
0.0209198
0.0216639
0.0214801
0.000968704
0.00984437
0.0140442
0.00886154
0.00378825
0.0124633
0.0137017
0.0135418
0.0173945
0.0202166
0.0183053
0.0184713
0.0200466
0.0213086
0.0204333
0.0212053
0.0217581
0.0209005
0.0215648
0.0214841
0.0011283
0.00986552
0.0139389
0.00895557
0.00409335
0.0124329
0.0137011
0.0136131
0.0173854
0.0201508
0.0183201
0.0184685
0.0200679
0.0212651
0.020455
0.0211484
0.0217245
0.0208824
0.0214627
0.02148
0.00129362
0.00988863
0.0138336
0.00904953
0.00440586
0.01241
0.013706
0.0136812
0.0173773
0.0200848
0.0183331
0.0184652
0.0200897
0.0212257
0.0204761
0.0210991
0.0216855
0.0208656
0.0213612
0.0214691
0.00146401
0.00991368
0.0137289
0.00914306
0.00472364
0.0123936
0.0137153
0.0137467
0.0173709
0.0200189
0.0183446
0.0184612
0.0201101
0.0211902
0.0204963
0.0210562
0.0216432
0.0208501
0.0212629
0.0214528
0.00163912
0.00994068
0.0136253
0.00923588
0.00504522
0.012383
0.013728
0.0138101
0.0173666
0.0199537
0.0183548
0.0184567
0.0201278
0.0211584
0.0205152
0.0210174
0.0215983
0.0208355
0.0211687
0.021432
0.00181884
0.00996964
0.0135236
0.00932778
0.00536949
0.0123777
0.0137436
0.0138714
0.0173647
0.0198896
0.0183638
0.018452
0.0201425
0.0211301
0.0205324
0.0209808
0.0215502
0.0208215
0.0210794
0.0214078
0.00200313
0.0100006
0.0134245
0.00941863
0.00569551
0.0123776
0.0137618
0.0139308
0.0173648
0.0198273
0.0183717
0.0184472
0.020154
0.0211051
0.0205478
0.0209451
0.0214989
0.0208078
0.0209951
0.0213808
0.00219201
0.0100334
0.0133286
0.00950843
0.0060225
0.0123827
0.0137827
0.0139883
0.0173667
0.0197675
0.0183782
0.0184425
0.0201625
0.0210828
0.0205615
0.0209099
0.0214445
0.0207947
0.0209162
0.0213509
0.00238554
0.0100682
0.0132367
0.00959719
0.00634972
0.0123933
0.0138061
0.0140442
0.0173698
0.0197107
0.0183836
0.0184377
0.0201684
0.0210626
0.0205732
0.0208751
0.0213877
0.0207825
0.0208434
0.0213177
0.00258376
0.0101047
0.0131493
0.009685
0.00667635
0.0124096
0.0138321
0.0140985
0.0173736
0.0196575
0.0183879
0.0184325
0.0201721
0.0210445
0.0205825
0.020841
0.0213288
0.0207712
0.0207779
0.0212808
0.0027868
0.010143
0.0130672
0.00977198
0.00700156
0.0124317
0.0138607
0.0141517
0.0173778
0.0196084
0.0183913
0.0184265
0.020174
0.0210287
0.0205892
0.0208077
0.0212686
0.0207602
0.0207215
0.0212408
0.00299476
0.0101829
0.0129909
0.0098583
0.0073245
0.0124597
0.0138918
0.014204
0.0173818
0.0195637
0.0183941
0.0184192
0.0201743
0.0210155
0.020593
0.0207746
0.0212079
0.0207491
0.0206754
0.0211994
0.00320782
0.0102242
0.012921
0.00994428
0.00764424
0.0124941
0.0139256
0.0142559
0.017385
0.0195237
0.0183967
0.0184102
0.0201728
0.0210052
0.0205941
0.0207415
0.0211475
0.0207375
0.0206402
0.0211598
0.00342619
0.0102668
0.012858
0.0100303
0.00795995
0.0125349
0.0139618
0.0143077
0.0173872
0.0194885
0.0183998
0.0183988
0.0201692
0.0209985
0.0205926
0.0207079
0.0210886
0.0207246
0.0206144
0.0211259
0.00365008
0.0103105
0.0128026
0.0101169
0.00827083
0.0125824
0.0140006
0.0143599
0.0173879
0.0194582
0.0184042
0.0183845
0.0201632
0.0209958
0.0205891
0.0206734
0.0210325
0.0207103
0.0205941
0.0211002
0.00387979
0.0103552
0.0127551
0.0102047
0.00857598
0.0126369
0.0140418
0.0144127
0.017387
0.0194328
0.0184107
0.0183667
0.0201543
0.0209973
0.0205842
0.0206376
0.0209806
0.0206962
0.020575
0.0210801
0.00411558
0.0104006
0.0127161
0.0102943
0.00887466
0.0126986
0.0140857
0.0144667
0.0173842
0.0194118
0.0184202
0.0183453
0.0201419
0.0210034
0.0205785
0.0205996
0.0209335
0.0206858
0.0205552
0.021059
0.00435772
0.0104465
0.0126858
0.0103866
0.00916633
0.0127675
0.0141322
0.0145223
0.0173795
0.0193951
0.0184336
0.0183199
0.0201251
0.0210152
0.0205731
0.0205581
0.0208905
0.0206821
0.0205373
0.0210294
0.00460642
0.0104928
0.0126644
0.0104821
0.00945042
0.0128436
0.0141816
0.0145796
0.0173731
0.0193825
0.018452
0.0182898
0.0201019
0.0210334
0.0205709
0.020513
0.02085
0.020686
0.0205261
0.0209877
0.00486186
0.0105394
0.0126519
0.0105818
0.00972647
0.0129268
0.0142342
0.0146391
0.0173651
0.0193731
0.0184766
0.0182559
0.0200705
0.0210579
0.0205735
0.0204643
0.0208115
0.0206976
0.0205261
0.0209367
0.00512421
0.0105861
0.0126479
0.0106864
0.00999444
0.0130165
0.0142904
0.0147009
0.0173556
0.019366
0.0185081
0.0182194
0.0200295
0.0210883
0.0205833
0.020411
0.0207743
0.020717
0.0205397
0.0208845
0.00539353
0.0106332
0.0126522
0.0107965
0.0102543
0.0131125
0.0143502
0.0147654
0.0173452
0.0193605
0.0185474
0.0181813
0.0199766
0.0211239
0.0206041
0.0203524
0.0207362
0.0207458
0.0205675
0.0208383
0.00566988
0.0106806
0.0126645
0.0109129
0.010506
0.0132143
0.0144143
0.0148329
0.017334
0.0193555
0.0185951
0.0181438
0.0199094
0.0211621
0.020641
0.0202889
0.0206919
0.020787
0.0206135
0.0208037
0.00595329
0.0107286
0.0126842
0.0110363
0.0107498
0.013321
0.0144829
0.0149038
0.0173224
0.0193502
0.0186515
0.01811
0.0198263
0.0211983
0.020699
0.0202246
0.0206327
0.0208384
0.0206853
0.0207886
0.00624379
0.0107793
0.0127109
0.0111673
0.0109861
0.0134321
0.014556
0.0149785
0.0173114
0.0193434
0.0187153
0.018083
0.0197277
0.0212262
0.0207799
0.0201689
0.0205533
0.020891
0.0207885
0.0208041
0.00654144
0.0108319
0.0127442
0.0113061
0.0112151
0.0135473
0.0146342
0.0150565
0.0173021
0.0193347
0.0187852
0.0180658
0.019616
0.0212405
0.0208805
0.0201289
0.0204535
0.0209356
0.0209231
0.0208618
0.00684623
0.0108872
0.0127834
0.0114536
0.0114372
0.0136651
0.0147181
0.0151385
0.0172941
0.0193291
0.0188601
0.0180613
0.0194935
0.0212358
0.0209988
0.0201123
0.0203347
0.0209617
0.0210827
0.0209724
0.00715792
0.0109462
0.012828
0.0116096
0.0116533
0.0137853
0.0148072
0.015225
0.0172888
0.0193148
0.018941
0.0180734
0.0193643
0.0212034
0.0211264
0.0201289
0.020203
0.0209588
0.0212579
0.0211446
0.00747637
0.0110094
0.0128695
0.0117745
0.0118637
0.0139072
0.0149022
0.0153155
0.0172871
0.0192979
0.0190219
0.0181025
0.0192357
0.0211425
0.0212531
0.0201799
0.0200669
0.0209136
0.0214388
0.0213836
0.00780138
0.0110782
0.0129238
0.0119487
0.0120697
0.014029
0.0150035
0.0154116
0.0172882
0.019279
0.0191044
0.0181462
0.0191108
0.0210544
0.021374
0.0202693
0.0199332
0.0208135
0.0215882
0.0216877
0.00813243
0.0111536
0.0129821
0.0121319
0.0122719
0.0141506
0.0151107
0.0155133
0.0172944
0.019256
0.0191872
0.01821
0.0189982
0.0209425
0.0214789
0.0204171
0.0198609
0.0206795
0.0216768
0.0219401
0.00846905
0.011237
0.0130436
0.0123242
0.0124722
0.0142701
0.0152237
0.0156222
0.0173055
0.0192308
0.019267
0.0182912
0.0189043
0.0208148
0.0215685
0.0206109
0.01985
0.0205328
0.0216808
0.0221161
0.00881076
0.0113295
0.0131078
0.0125257
0.0126724
0.0143864
0.0153418
0.0157389
0.0173224
0.019204
0.0193431
0.0183909
0.0188299
0.0206751
0.0216439
0.0208271
0.0198927
0.0203931
0.0216092
0.0222098
0.00915664
0.0114326
0.0131741
0.0127351
0.0128743
0.0144997
0.0154624
0.015864
0.0173489
0.0191743
0.0194133
0.0185089
0.0187818
0.0205321
0.021684
0.0210329
0.0199596
0.0202268
0.0214713
0.0223037
0.0095059
0.0115479
0.0132419
0.012951
0.0130814
0.014609
0.0155839
0.0159994
0.0173845
0.0191432
0.0194827
0.0186361
0.0187567
0.0203999
0.0216911
0.0212322
0.0201056
0.0201209
0.0212811
0.0222878
0.00985771
0.0116769
0.013311
0.0131715
0.0132958
0.0147159
0.0157041
0.0161423
0.0174324
0.0191161
0.019539
0.018771
0.0187666
0.0202759
0.021654
0.021397
0.0202835
0.0200543
0.0210649
0.0222213
0.0102109
0.011821
0.0133817
0.0133932
0.0135205
0.0148234
0.0158187
0.0162916
0.0174956
0.0190924
0.0195872
0.0189144
0.0188033
0.0201541
0.0215872
0.0215319
0.0204702
0.0200547
0.0208821
0.0221029
0.0105646
0.0119811
0.013455
0.0136129
0.0137573
0.0149341
0.0159256
0.0164452
0.0175732
0.0190768
0.0196278
0.0190504
0.0188626
0.0200517
0.0215012
0.0216288
0.0206551
0.0201191
0.0207537
0.021953
0.0109177
0.0121577
0.0135333
0.0138278
0.0140053
0.0150526
0.0160253
0.0165966
0.0176646
0.0190739
0.0196602
0.0191802
0.0189477
0.0199656
0.0213916
0.0216945
0.0208437
0.0202289
0.0206872
0.0218118
0.0112689
0.0123513
0.0136191
0.0140346
0.014263
0.0151839
0.0161177
0.0167411
0.0177684
0.0190858
0.0196885
0.0192989
0.0190491
0.0199064
0.0212775
0.021734
0.0210261
0.0203672
0.0206729
0.021703
0.0116173
0.0125616
0.0137153
0.0142318
0.0145265
0.0153308
0.0162065
0.0168758
0.0178798
0.0191128
0.0196903
0.0194057
0.0191679
0.0198831
0.0211618
0.0217351
0.0211948
0.0205392
0.0207051
0.0216293
0.0119617
0.012788
0.013826
0.0144189
0.0147897
0.0154961
0.0162978
0.0169971
0.0179922
0.0191572
0.0197288
0.0195067
0.0192911
0.0198845
0.0210576
0.0217168
0.0213518
0.0207362
0.0207721
0.0215723
0.0123016
0.0130294
0.0139537
0.0145957
0.0150479
0.0156802
0.016397
0.0171046
0.0180995
0.0192168
0.0197772
0.0196026
0.019413
0.019913
0.0209838
0.0216964
0.0214803
0.020928
0.0208717
0.021537
0.0126365
0.0132839
0.0141005
0.0147645
0.0152961
0.015881
0.0165108
0.0172022
0.0181943
0.0192839
0.0198395
0.0197013
0.0195387
0.0199649
0.0209302
0.0216686
0.0215855
0.0211135
0.0210144
0.021546
0.0129663
0.0135489
0.0142676
0.0149287
0.0155299
0.0160944
0.0166443
0.0172959
0.0182738
0.0193502
0.0199174
0.0198096
0.0196628
0.0200292
0.0208933
0.0216436
0.0216898
0.0212961
0.0211743
0.0215955
0.0132912
0.0138218
0.0144548
0.0150926
0.0157474
0.0163139
0.0167991
0.0173951
0.0183405
0.0194073
0.0200039
0.0199331
0.0197918
0.020106
0.0208806
0.0216234
0.0217863
0.021472
0.0213286
0.0216791
0.0136113
0.0140998
0.0146607
0.0152604
0.0159485
0.0165323
0.0169742
0.017508
0.0184003
0.019452
0.0200897
0.0200721
0.0199353
0.0201926
0.0208841
0.021603
0.0218652
0.0216532
0.021494
0.0217847
0.013927
0.0143802
0.0148831
0.0154354
0.0161349
0.0167446
0.0171658
0.0176391
0.0184619
0.0194858
0.0201697
0.0202204
0.0200944
0.0202941
0.0209018
0.0215886
0.0219293
0.0218365
0.0216811
0.0218945
0.0142386
0.0146608
0.0151187
0.0156205
0.0163105
0.0169467
0.0173677
0.0177894
0.0185345
0.0195131
0.0202393
0.02037
0.0202657
0.0204147
0.0209399
0.0215843
0.0219752
0.0219982
0.0218872
0.0220269
0.0145462
0.0149401
0.0153633
0.0158176
0.0164803
0.0171365
0.017573
0.0179573
0.0186246
0.019542
0.0202956
0.0205149
0.0204467
0.020552
0.0209987
0.021595
0.0220109
0.0221292
0.0220985
0.0222003
0.0148499
0.0152167
0.0156127
0.0160266
0.01665
0.0173146
0.0177755
0.0181387
0.0187348
0.0195809
0.0203411
0.0206469
0.0206344
0.0207061
0.0210749
0.0216237
0.0220515
0.0222331
0.0222879
0.022398
0.0151492
0.0154898
0.0158634
0.0162459
0.0168235
0.0174826
0.0179711
0.0183286
0.0188652
0.0196359
0.020382
0.0207601
0.0208204
0.0208789
0.0211703
0.0216656
0.0221032
0.0223258
0.0224433
0.0225931
0.0154438
0.0157588
0.0161126
0.0164732
0.0170036
0.0176434
0.0181571
0.0185221
0.0190133
0.01971
0.0204266
0.0208582
0.0209918
0.0210636
0.0212913
0.0217184
0.022159
0.0224201
0.0225784
0.0227692
0.0157326
0.0160231
0.0163581
0.0167048
0.0171916
0.0178011
0.0183327
0.0187142
0.0191749
0.0198039
0.0204806
0.0209469
0.0211461
0.0212465
0.0214373
0.0217921
0.0222139
0.0225133
0.0227058
0.022925
0.0160145
0.0162824
0.0165986
0.0169369
0.0173868
0.0179588
0.0184985
0.0189019
0.0193459
0.0199167
0.0205469
0.0210313
0.0212872
0.02142
0.0215963
0.0218973
0.022278
0.0225983
0.0228268
0.0230695
0.0162883
0.0165359
0.0168327
0.0171659
0.0175875
0.0181191
0.0186555
0.0190817
0.0195219
0.0200461
0.020629
0.0211097
0.0214165
0.0215858
0.0217558
0.0220248
0.0223652
0.0226813
0.0229386
0.0232041
0.0165525
0.0167822
0.0170595
0.0173891
0.0177907
0.0182837
0.0188073
0.0192525
0.0196969
0.0201874
0.0207297
0.0212005
0.0215362
0.0217475
0.021916
0.0221598
0.0224762
0.0227754
0.0230445
0.0233284
0.016805
0.0170202
0.0172784
0.0176043
0.0179923
0.0184506
0.0189562
0.0194157
0.0198683
0.0203351
0.0208472
0.0213015
0.0216465
0.0218993
0.0220831
0.0222987
0.0225972
0.022887
0.0231546
0.0234464
0.017044
0.017248
0.0174881
0.0178093
0.0181902
0.0186201
0.0191022
0.0195698
0.0200342
0.0204832
0.0209748
0.0214242
0.0217629
0.0220393
0.022256
0.0224517
0.022722
0.0230075
0.0232731
0.023565
0.017267
0.0174639
0.017688
0.0180021
0.0183787
0.0187891
0.0192486
0.0197159
0.0201944
0.0206331
0.0210945
0.021537
0.0218602
0.0221527
0.0224173
0.0226184
0.0228558
0.023128
0.0233908
0.0236787
0.0174716
0.0176646
0.0178764
0.0181829
0.0185561
0.0189525
0.0193932
0.0198514
0.0203392
0.0207993
0.0212636
0.0216903
0.0220672
0.0223506
0.0226306
0.0228508
0.023058
0.0233012
0.023552
0.0238244
0.0176542
0.0178463
0.0180508
0.0183508
0.018722
0.0191091
0.0195374
0.0199812
0.0204441
0.0208781
0.0213262
0.0217307
0.0220866
0.0223937
0.0227101
0.0229988
0.0232443
0.0235164
0.0238075
0.0241141
0.0178136
0.0180049
0.0182054
0.0185029
0.0188756
0.019255
0.0196752
0.020131
0.0206279
0.0211035
0.0215934
0.0220464
0.0224085
0.0227017
0.0229535
0.0231711
0.0233194
0.0234562
0.0236386
0.0238701
0.0179469
0.0181367
0.0183333
0.0186361
0.0190176
0.0193929
0.0197748
0.0201454
0.0205453
0.0209457
0.0213779
0.0219003
0.0224148
0.022878
0.0233216
0.0237557
0.0241764
0.0245918
0.0250125
0.0253859
0.0180435
0.0182484
0.0184587
0.0187693
0.0191575
0.0195425
0.0199647
0.0204054
0.0208859
0.0213566
0.0218203
0.0222449
0.0225951
0.0229034
0.0231446
0.0233507
0.0235307
0.0236603
0.0237995
0.0239807
0.0180641
0.0182543
0.0185171
0.018886
0.0192959
0.0196714
0.02006
0.0204434
0.0208721
0.0213202
0.0217507
0.0221867
0.0226246
0.0230325
0.0234922
0.0239609
0.0244201
0.0248514
0.0252397
0.0255557
0.0181361
0.0183458
0.0186157
0.0189897
0.0194151
0.0198024
0.0202203
0.0206475
0.0211005
0.021575
0.0220219
0.0224165
0.0227944
0.0231193
0.0234326
0.0237449
0.024076
0.0244089
0.0247123
0.0249629
0.0242279
0.0235505
0.0185232
0.0139648
0.013107
0.0149405
0.0170621
0.018551
0.0194752
0.0202379
0.0211007
0.0219817
0.0227584
0.0235445
0.0245254
0.0255329
0.0262661
0.0268292
0.0274459
0.0281179
0.0288338
0.0296117
0.0303532
0.0310481
0.0317806
0.0325572
0.0333575
0.0341547
0.0349179
0.0356777
0.0364484
0.0372341
0.0380229
0.0388257
0.0396627
0.0404946
0.0413342
0.042217
0.0431148
0.0440086
0.0449137
0.0458464
0.0468097
0.0477617
0.0486834
0.0496236
0.0506069
0.0515879
0.0525457
0.0535105
0.0545636
0.0556779
0.0567365
0.0578086
0.0589995
0.0602185
0.0614092
0.0626603
0.0638833
0.0649692
0.0660333
0.0673145
0.0687233
0.0700505
0.0713976
0.0727859
0.0741758
0.0755774
0.0770501
0.0785277
0.080007
0.0815013
0.0830489
0.0846198
0.086197
0.0878423
0.08954
0.0912529
0.0929364
0.0946828
0.0965104
0.0983744
0.100293
0.102257
0.104149
0.10606
0.10807
0.110143
0.112284
0.114472
0.116623
0.118802
0.121011
0.123314
0.125595
0.12796
0.130277
0.132504
0.134767
0.136801
0.0239597
0.023453
0.0186061
0.0141152
0.0132118
0.0149959
0.0170972
0.0185741
0.0194907
0.0202489
0.0211098
0.0219898
0.0227652
0.02355
0.0245303
0.0255379
0.0262708
0.0268331
0.0274493
0.0281209
0.0288364
0.0296141
0.0303556
0.0310502
0.0317825
0.0325588
0.033359
0.0341561
0.0349192
0.0356789
0.0364494
0.0372351
0.0380238
0.0388266
0.0396635
0.0404955
0.041335
0.0422178
0.0431156
0.0440094
0.0449145
0.0458471
0.0468103
0.0477623
0.0486841
0.0496242
0.0506074
0.0515885
0.0525463
0.053511
0.054564
0.0556783
0.056737
0.057809
0.0589999
0.0602188
0.0614095
0.0626606
0.0638837
0.0649697
0.0660336
0.0673148
0.0687236
0.0700508
0.0713978
0.0727861
0.074176
0.0755776
0.0770504
0.078528
0.0800072
0.0815015
0.0830491
0.08462
0.0861972
0.0878424
0.0895401
0.0912531
0.0929366
0.094683
0.0965105
0.0983745
0.100294
0.102257
0.104149
0.10606
0.10807
0.110143
0.112284
0.114472
0.116623
0.118802
0.121011
0.123314
0.125595
0.12796
0.130277
0.132504
0.134767
0.136801
0.0236369
0.0233474
0.0187788
0.0143995
0.0133859
0.0150571
0.0171237
0.0185967
0.0195107
0.0202649
0.0211216
0.0219987
0.0227724
0.0235559
0.0245354
0.0255428
0.026275
0.0268366
0.0274525
0.0281237
0.0288387
0.0296164
0.0303577
0.031052
0.0317841
0.0325603
0.0333604
0.0341574
0.0349204
0.0356799
0.0364504
0.0372359
0.0380246
0.0388273
0.0396643
0.0404962
0.0413356
0.0422184
0.0431162
0.04401
0.044915
0.0458476
0.0468109
0.0477629
0.0486846
0.0496246
0.0506079
0.051589
0.0525467
0.0535114
0.0545644
0.0556787
0.0567374
0.0578093
0.0590002
0.0602192
0.0614098
0.062661
0.0638841
0.06497
0.0660338
0.0673149
0.0687238
0.070051
0.0713981
0.0727864
0.0741762
0.0755778
0.0770505
0.0785281
0.0800074
0.0815016
0.0830492
0.0846202
0.0861973
0.0878426
0.0895403
0.0912533
0.0929367
0.0946831
0.0965106
0.0983746
0.100294
0.102257
0.10415
0.10606
0.10807
0.110143
0.112284
0.114473
0.116623
0.118802
0.121011
0.123314
0.125595
0.12796
0.130278
0.132504
0.134767
0.136802
0.0233473
0.0232551
0.0189891
0.0147414
0.0136132
0.0151387
0.0171609
0.018629
0.0195408
0.0202909
0.0211414
0.0220126
0.0227832
0.0235648
0.0245425
0.0255483
0.02628
0.0268416
0.0274574
0.0281279
0.028842
0.029619
0.0303601
0.0310544
0.0317864
0.0325625
0.0333623
0.0341591
0.0349219
0.0356812
0.0364516
0.037237
0.0380255
0.0388281
0.0396651
0.0404969
0.0413362
0.0422191
0.0431169
0.0440106
0.0449156
0.0458482
0.0468115
0.0477635
0.0486851
0.0496252
0.0506084
0.0515895
0.0525472
0.0535118
0.0545648
0.0556792
0.0567378
0.0578096
0.0590005
0.0602195
0.0614101
0.0626613
0.0638845
0.0649704
0.0660339
0.0673151
0.0687241
0.0700513
0.0713983
0.0727866
0.0741765
0.075578
0.0770507
0.0785284
0.0800076
0.0815018
0.0830494
0.0846204
0.0861974
0.0878427
0.0895404
0.0912535
0.0929368
0.0946832
0.0965108
0.0983747
0.100294
0.102257
0.10415
0.10606
0.10807
0.110143
0.112284
0.114473
0.116623
0.118802
0.121011
0.123314
0.125595
0.127961
0.130278
0.132504
0.134767
0.136802
0.0230683
0.0231465
0.019198
0.0150972
0.0138613
0.015231
0.0172016
0.0186661
0.0195789
0.0203268
0.0211702
0.0220332
0.0227996
0.023579
0.0245525
0.0255545
0.0262855
0.0268485
0.027465
0.0281349
0.0288472
0.0296227
0.0303631
0.0310574
0.0317897
0.0325655
0.0333649
0.0341615
0.0349241
0.0356832
0.0364533
0.0372384
0.0380267
0.0388291
0.039666
0.0404977
0.0413369
0.0422198
0.0431176
0.0440113
0.0449163
0.0458489
0.0468122
0.0477642
0.0486858
0.0496258
0.050609
0.0515901
0.0525477
0.0535122
0.0545652
0.0556796
0.0567382
0.05781
0.0590008
0.0602199
0.0614105
0.0626617
0.0638851
0.0649708
0.066034
0.0673152
0.0687245
0.0700516
0.0713985
0.0727869
0.0741767
0.0755782
0.0770509
0.0785286
0.0800079
0.081502
0.0830495
0.0846206
0.0861976
0.0878428
0.0895406
0.0912536
0.092937
0.0946833
0.0965109
0.0983749
0.100294
0.102257
0.10415
0.10606
0.108071
0.110143
0.112284
0.114473
0.116623
0.118802
0.121011
0.123315
0.125595
0.127961
0.130278
0.132504
0.134767
0.136803
0.0227862
0.023014
0.0194009
0.0154591
0.0141229
0.0153304
0.017242
0.0187033
0.01962
0.0203678
0.021205
0.0220595
0.0228219
0.0235987
0.0245657
0.0255611
0.0262913
0.0268569
0.0274753
0.0281449
0.0288552
0.0296281
0.0303672
0.0310616
0.031794
0.0325694
0.0333684
0.0341647
0.0349272
0.0356862
0.0364559
0.0372405
0.0380285
0.0388306
0.0396672
0.0404987
0.0413377
0.0422204
0.0431182
0.044012
0.044917
0.0458497
0.0468129
0.0477649
0.0486866
0.0496266
0.0506097
0.0515907
0.0525483
0.0535128
0.0545656
0.0556801
0.0567387
0.0578104
0.0590012
0.0602202
0.0614109
0.0626622
0.0638856
0.0649712
0.0660342
0.0673154
0.0687249
0.0700519
0.0713989
0.0727872
0.0741769
0.0755784
0.0770512
0.0785289
0.0800081
0.0815022
0.0830497
0.0846208
0.0861978
0.087843
0.0895408
0.0912539
0.0929371
0.0946834
0.0965111
0.098375
0.100294
0.102258
0.10415
0.10606
0.108071
0.110143
0.112285
0.114473
0.116624
0.118802
0.121011
0.123315
0.125595
0.127961
0.130278
0.132505
0.134768
0.136803
0.0225058
0.0228636
0.0195999
0.0158262
0.0143975
0.0154374
0.0172823
0.0187399
0.0196627
0.0204115
0.0212426
0.0220891
0.0228483
0.0236229
0.0245816
0.0255682
0.0262971
0.0268663
0.0274876
0.0281575
0.0288656
0.0296354
0.0303728
0.0310673
0.0317997
0.0325742
0.0333724
0.0341684
0.034931
0.0356901
0.0364594
0.0372435
0.0380312
0.0388329
0.0396689
0.0405001
0.0413389
0.0422213
0.0431188
0.0440126
0.0449178
0.0458504
0.0468136
0.0477656
0.0486876
0.0496277
0.0506106
0.0515914
0.0525491
0.0535136
0.0545662
0.0556805
0.0567392
0.0578109
0.0590016
0.0602206
0.0614114
0.0626628
0.0638862
0.0649716
0.0660343
0.0673156
0.0687253
0.0700523
0.0713992
0.0727876
0.0741772
0.0755787
0.0770515
0.0785292
0.0800084
0.0815024
0.0830499
0.084621
0.0861979
0.0878431
0.089541
0.0912541
0.0929373
0.0946835
0.0965112
0.0983751
0.100294
0.102258
0.10415
0.10606
0.108071
0.110143
0.112285
0.114473
0.116624
0.118803
0.121011
0.123315
0.125596
0.127961
0.130278
0.132505
0.134768
0.136805
0.0222353
0.0226988
0.019793
0.0161963
0.0146839
0.0155529
0.0173234
0.0187764
0.0197071
0.0204576
0.0212823
0.0221206
0.0228772
0.0236501
0.0245998
0.0255763
0.0263032
0.0268762
0.0275008
0.0281716
0.0288776
0.0296442
0.03038
0.0310747
0.0318069
0.0325799
0.0333767
0.0341724
0.0349353
0.0356946
0.0364636
0.0372471
0.0380346
0.0388361
0.0396714
0.0405021
0.0413406
0.0422225
0.0431196
0.0440132
0.0449185
0.0458512
0.0468142
0.0477663
0.0486887
0.049629
0.0506117
0.0515922
0.0525501
0.0535148
0.0545669
0.0556809
0.0567397
0.0578115
0.0590019
0.0602208
0.061412
0.0626635
0.0638868
0.0649722
0.0660346
0.0673159
0.0687257
0.0700527
0.0713997
0.072788
0.0741775
0.075579
0.0770518
0.0785296
0.0800088
0.0815027
0.0830502
0.0846213
0.0861981
0.0878433
0.0895412
0.0912543
0.0929375
0.0946836
0.0965114
0.0983752
0.100294
0.102258
0.10415
0.10606
0.108071
0.110143
0.112285
0.114473
0.116624
0.118803
0.121011
0.123315
0.125596
0.127961
0.130279
0.132505
0.134769
0.136806
0.0219816
0.0225204
0.0199749
0.0165658
0.0149816
0.0156788
0.0173674
0.0188134
0.0197534
0.0205064
0.0213243
0.0221536
0.0229076
0.0236793
0.0246201
0.0255856
0.0263099
0.0268866
0.0275147
0.0281865
0.0288904
0.0296537
0.0303882
0.0310835
0.0318155
0.0325866
0.0333815
0.0341765
0.0349397
0.0356994
0.0364682
0.037251
0.0380386
0.0388401
0.0396747
0.0405048
0.0413429
0.0422241
0.0431207
0.0440141
0.0449193
0.0458518
0.0468146
0.0477667
0.0486898
0.0496306
0.0506129
0.0515931
0.0525514
0.0535165
0.054568
0.0556814
0.0567405
0.0578123
0.0590021
0.0602208
0.0614126
0.0626642
0.0638874
0.0649728
0.066035
0.0673162
0.0687262
0.0700532
0.0714002
0.0727885
0.0741778
0.0755793
0.0770522
0.0785301
0.0800093
0.0815031
0.0830505
0.0846216
0.0861984
0.0878436
0.0895415
0.0912546
0.0929377
0.0946838
0.0965116
0.0983754
0.100295
0.102258
0.104151
0.10606
0.108071
0.110144
0.112285
0.114474
0.116624
0.118803
0.121012
0.123315
0.125596
0.127961
0.130279
0.132506
0.13477
0.136807
0.0217511
0.0223286
0.0201395
0.0169319
0.0152909
0.0158174
0.0174154
0.0188507
0.0198016
0.0205582
0.0213687
0.022188
0.0229392
0.0237102
0.0246421
0.0255962
0.0263175
0.0268976
0.0275291
0.0282018
0.0289037
0.0296637
0.030397
0.0310934
0.0318252
0.032594
0.0333866
0.0341808
0.0349442
0.0357044
0.0364727
0.0372549
0.0380427
0.0388445
0.0396786
0.0405082
0.0413458
0.0422263
0.0431223
0.0440154
0.0449204
0.0458525
0.0468148
0.0477669
0.0486908
0.0496322
0.0506141
0.051594
0.0525528
0.0535186
0.0545695
0.0556822
0.0567417
0.0578135
0.0590023
0.0602205
0.0614129
0.0626647
0.0638879
0.0649735
0.0660357
0.0673168
0.0687266
0.0700537
0.0714009
0.072789
0.0741782
0.0755796
0.0770526
0.0785306
0.0800099
0.0815035
0.0830509
0.0846221
0.0861988
0.0878439
0.0895418
0.091255
0.0929379
0.0946839
0.0965117
0.0983755
0.100295
0.102259
0.104151
0.10606
0.108071
0.110144
0.112285
0.114474
0.116624
0.118803
0.121012
0.123315
0.125596
0.127962
0.130279
0.132507
0.134772
0.136809
0.0215475
0.0221257
0.0202838
0.017293
0.0156105
0.0159686
0.0174673
0.0188879
0.0198512
0.0206132
0.0214161
0.0222241
0.0229716
0.023742
0.0246652
0.0256077
0.0263259
0.0269093
0.0275441
0.0282178
0.0289175
0.029674
0.0304062
0.0311037
0.0318357
0.0326021
0.0333921
0.0341853
0.034949
0.0357095
0.0364774
0.0372586
0.0380466
0.038849
0.0396829
0.0405122
0.0413493
0.0422288
0.0431242
0.0440172
0.0449218
0.0458533
0.046815
0.0477669
0.0486916
0.0496338
0.0506153
0.0515947
0.0525543
0.053521
0.0545712
0.0556832
0.0567434
0.0578154
0.0590026
0.0602199
0.0614129
0.0626648
0.0638879
0.0649741
0.0660367
0.0673176
0.0687272
0.0700543
0.0714016
0.0727896
0.0741785
0.07558
0.0770529
0.0785311
0.0800106
0.0815041
0.0830514
0.0846226
0.0861992
0.0878443
0.0895423
0.0912555
0.0929383
0.094684
0.0965119
0.0983757
0.100295
0.102259
0.104151
0.10606
0.108071
0.110144
0.112285
0.114474
0.116624
0.118803
0.121012
0.123315
0.125597
0.127962
0.13028
0.132508
0.134774
0.136811
0.0213723
0.0219182
0.0204077
0.0176461
0.0159365
0.0161314
0.0175233
0.018925
0.0199019
0.0206714
0.0214666
0.022262
0.0230047
0.0237741
0.0246886
0.0256197
0.0263349
0.0269217
0.0275597
0.0282343
0.0289318
0.0296848
0.0304156
0.0311144
0.0318468
0.0326108
0.033398
0.0341901
0.0349539
0.0357148
0.0364821
0.0372622
0.0380504
0.0388534
0.0396872
0.0405166
0.0413532
0.0422317
0.0431264
0.0440193
0.0449236
0.0458543
0.046815
0.0477667
0.0486923
0.0496353
0.0506164
0.0515952
0.0525557
0.0535236
0.0545731
0.0556843
0.0567454
0.0578179
0.0590034
0.0602193
0.0614126
0.0626644
0.0638873
0.0649743
0.0660377
0.0673187
0.0687279
0.070055
0.0714025
0.0727903
0.074179
0.0755804
0.0770532
0.0785315
0.0800113
0.0815046
0.0830519
0.0846232
0.0861998
0.0878449
0.0895429
0.0912561
0.0929389
0.0946843
0.0965121
0.0983758
0.100295
0.10226
0.104152
0.10606
0.108071
0.110144
0.112285
0.114475
0.116625
0.118803
0.121012
0.123315
0.125597
0.127962
0.130281
0.13251
0.134776
0.136814
0.0212264
0.0217142
0.0205105
0.0179857
0.0162652
0.0163062
0.0175852
0.0189623
0.0199531
0.0207321
0.0215202
0.0223021
0.0230385
0.0238061
0.0247119
0.0256318
0.0263443
0.0269348
0.0275761
0.0282514
0.0289467
0.0296961
0.0304254
0.0311254
0.0318583
0.03262
0.0334043
0.0341951
0.0349591
0.0357203
0.0364869
0.0372659
0.0380542
0.0388578
0.0396915
0.040521
0.0413574
0.0422348
0.0431288
0.0440217
0.0449257
0.0458555
0.0468152
0.0477664
0.0486928
0.0496369
0.0506175
0.0515955
0.0525569
0.0535262
0.0545751
0.0556853
0.0567477
0.057821
0.0590047
0.0602187
0.061412
0.0626633
0.0638859
0.0649738
0.0660385
0.06732
0.068729
0.0700558
0.0714034
0.0727909
0.0741796
0.0755811
0.0770535
0.0785318
0.0800119
0.0815052
0.0830525
0.0846238
0.0862005
0.0878456
0.0895436
0.0912569
0.0929396
0.0946849
0.0965123
0.0983757
0.100296
0.102261
0.104152
0.10606
0.108071
0.110144
0.112286
0.114475
0.116625
0.118803
0.121012
0.123316
0.125597
0.127962
0.130281
0.132512
0.134778
0.136817
0.0211097
0.0215195
0.0205903
0.0183079
0.0165953
0.0164951
0.017655
0.0189997
0.0200032
0.0207943
0.0215769
0.0223448
0.0230737
0.0238384
0.0247351
0.0256439
0.0263539
0.0269484
0.0275932
0.0282692
0.0289622
0.0297079
0.0304355
0.0311366
0.0318702
0.0326297
0.0334111
0.0342006
0.0349645
0.035726
0.0364919
0.0372698
0.0380583
0.0388624
0.0396958
0.0405254
0.0413617
0.0422381
0.0431313
0.0440243
0.0449282
0.0458569
0.0468154
0.0477661
0.0486933
0.0496384
0.0506186
0.0515957
0.0525579
0.0535288
0.0545771
0.0556862
0.0567498
0.0578243
0.0590064
0.0602182
0.0614112
0.0626617
0.0638836
0.0649726
0.0660388
0.0673213
0.0687302
0.070057
0.0714044
0.0727915
0.0741801
0.0755819
0.0770539
0.0785319
0.0800123
0.0815057
0.083053
0.0846245
0.0862012
0.0878463
0.0895443
0.0912577
0.0929406
0.0946857
0.0965128
0.0983757
0.100296
0.102261
0.104153
0.106061
0.108072
0.110144
0.112286
0.114475
0.116625
0.118803
0.121013
0.123316
0.125598
0.127963
0.130282
0.132514
0.134781
0.13682
0.0210204
0.021337
0.0206474
0.018612
0.0169267
0.0166989
0.0177343
0.0190378
0.0200516
0.0208575
0.0216367
0.0223909
0.023111
0.0238715
0.0247583
0.025656
0.0263638
0.0269626
0.0276109
0.0282875
0.0289782
0.0297203
0.0304461
0.0311483
0.0318825
0.0326399
0.0334183
0.0342064
0.0349703
0.035732
0.0364972
0.0372742
0.0380629
0.0388673
0.0397001
0.0405297
0.0413662
0.0422416
0.043134
0.044027
0.0449308
0.0458586
0.0468158
0.0477658
0.0486937
0.0496399
0.0506197
0.0515958
0.0525589
0.0535315
0.0545792
0.055687
0.0567518
0.0578275
0.0590082
0.0602178
0.0614101
0.0626596
0.0638806
0.0649706
0.0660386
0.0673223
0.0687316
0.0700583
0.0714055
0.0727921
0.0741807
0.0755829
0.0770545
0.078532
0.0800126
0.0815061
0.0830534
0.084625
0.086202
0.0878472
0.0895451
0.0912585
0.0929416
0.0946869
0.0965137
0.0983756
0.100295
0.102262
0.104153
0.106061
0.108072
0.110144
0.112286
0.114475
0.116625
0.118803
0.121013
0.123316
0.125598
0.127963
0.130283
0.132516
0.134784
0.136823
0.0209554
0.0211686
0.0206844
0.018898
0.0172577
0.0169169
0.0178248
0.019078
0.0200983
0.0209209
0.0216996
0.0224407
0.0231509
0.0239058
0.0247824
0.0256686
0.0263742
0.0269773
0.0276293
0.0283065
0.0289949
0.0297333
0.0304571
0.0311604
0.0318954
0.0326506
0.033426
0.0342126
0.0349764
0.0357382
0.0365029
0.0372792
0.0380683
0.0388728
0.0397047
0.0405341
0.0413708
0.0422453
0.0431368
0.0440299
0.0449337
0.0458605
0.0468163
0.0477655
0.0486941
0.0496414
0.0506208
0.0515959
0.0525598
0.0535343
0.0545813
0.0556877
0.0567536
0.0578306
0.0590099
0.0602174
0.0614087
0.0626569
0.0638771
0.0649679
0.066038
0.0673232
0.068733
0.0700597
0.0714067
0.0727927
0.0741812
0.0755838
0.0770551
0.078532
0.0800127
0.0815063
0.0830539
0.0846255
0.0862026
0.0878481
0.089546
0.0912592
0.0929425
0.0946882
0.096515
0.0983758
0.100295
0.102262
0.104154
0.106062
0.108073
0.110145
0.112285
0.114475
0.116626
0.118803
0.121013
0.123316
0.125598
0.127963
0.130283
0.132519
0.134788
0.136826
0.0209118
0.0210164
0.0207038
0.0191646
0.017586
0.0171486
0.0179288
0.0191227
0.0201434
0.0209834
0.0217649
0.0224942
0.0231939
0.0239419
0.0248077
0.0256823
0.0263854
0.0269929
0.0276485
0.0283263
0.0290124
0.0297471
0.0304688
0.0311731
0.0319089
0.032662
0.0334341
0.0342193
0.0349829
0.0357448
0.0365091
0.0372848
0.0380743
0.0388787
0.0397096
0.0405387
0.0413757
0.0422494
0.0431397
0.044033
0.0449368
0.0458627
0.0468169
0.0477652
0.0486944
0.049643
0.0506219
0.0515959
0.0525608
0.0535372
0.0545837
0.0556885
0.0567554
0.0578335
0.0590115
0.060217
0.0614071
0.0626539
0.0638731
0.0649648
0.0660375
0.0673239
0.0687342
0.070061
0.071408
0.0727933
0.0741816
0.0755847
0.0770556
0.0785318
0.0800126
0.0815065
0.0830543
0.084626
0.0862033
0.0878491
0.0895471
0.0912597
0.0929432
0.0946893
0.0965165
0.0983763
0.100294
0.102261
0.104154
0.106063
0.108074
0.110145
0.112285
0.114475
0.116626
0.118804
0.121014
0.123316
0.125599
0.127963
0.130284
0.132522
0.134792
0.13683
0.0208872
0.0208823
0.0207075
0.0194104
0.01791
0.0173933
0.018048
0.0191735
0.0201871
0.0210443
0.0218321
0.0225515
0.0232398
0.0239799
0.0248345
0.0256974
0.0263977
0.0270093
0.0276686
0.0283471
0.0290308
0.0297616
0.0304814
0.0311867
0.0319233
0.032674
0.0334428
0.0342264
0.0349898
0.0357518
0.0365156
0.0372911
0.0380811
0.0388852
0.0397148
0.0405436
0.0413811
0.0422538
0.0431429
0.0440361
0.0449401
0.045865
0.0468176
0.047765
0.0486948
0.0496446
0.050623
0.0515959
0.052562
0.0535403
0.0545862
0.0556894
0.0567572
0.0578363
0.0590128
0.0602168
0.0614054
0.0626506
0.0638687
0.0649619
0.0660376
0.0673248
0.0687353
0.0700622
0.0714092
0.0727941
0.0741822
0.0755854
0.0770558
0.0785313
0.0800123
0.0815067
0.0830547
0.0846266
0.0862039
0.08785
0.0895482
0.0912603
0.0929435
0.0946902
0.096518
0.0983769
0.100293
0.10226
0.104154
0.106063
0.108075
0.110146
0.112285
0.114475
0.116626
0.118804
0.121014
0.123316
0.125599
0.127963
0.130285
0.132526
0.134796
0.136834
0.0208798
0.0207667
0.0206969
0.0196359
0.018229
0.0176488
0.0181829
0.0192324
0.0202305
0.0211031
0.0219004
0.0226122
0.0232888
0.02402
0.0248631
0.0257142
0.0264112
0.0270268
0.0276897
0.0283688
0.0290501
0.0297769
0.0304948
0.0312013
0.0319384
0.0326868
0.033452
0.0342339
0.0349972
0.0357592
0.0365226
0.037298
0.0380884
0.038892
0.0397203
0.0405489
0.041387
0.0422586
0.0431463
0.0440393
0.0449435
0.0458675
0.0468184
0.0477648
0.0486952
0.0496463
0.0506242
0.0515959
0.0525633
0.0535437
0.0545889
0.0556905
0.0567592
0.0578391
0.0590141
0.0602167
0.0614037
0.0626471
0.0638641
0.0649596
0.0660388
0.0673263
0.0687364
0.0700631
0.0714101
0.0727948
0.0741829
0.0755861
0.0770557
0.0785306
0.0800118
0.0815069
0.0830552
0.0846272
0.0862046
0.087851
0.0895492
0.0912609
0.0929438
0.0946908
0.0965192
0.0983776
0.100292
0.102258
0.104153
0.106063
0.108076
0.110147
0.112284
0.114474
0.116625
0.118803
0.121015
0.123316
0.1256
0.127964
0.130286
0.132529
0.1348
0.136837
0.0208869
0.0206699
0.0206749
0.019842
0.0185413
0.017912
0.0183337
0.0193016
0.0202753
0.0211597
0.0219688
0.0226756
0.0233407
0.0240624
0.0248938
0.0257329
0.0264261
0.0270454
0.027712
0.0283916
0.0290706
0.0297932
0.0305092
0.0312169
0.0319544
0.0327003
0.0334618
0.0342419
0.0350051
0.0357671
0.03653
0.0373053
0.0380961
0.0388992
0.0397261
0.0405547
0.0413934
0.042264
0.0431499
0.0440427
0.044947
0.0458702
0.0468193
0.0477646
0.0486958
0.049648
0.0506254
0.051596
0.052565
0.0535474
0.0545918
0.0556919
0.0567614
0.0578421
0.0590155
0.060217
0.0614023
0.0626436
0.0638596
0.0649581
0.0660417
0.067329
0.0687375
0.0700638
0.0714107
0.0727954
0.0741837
0.075587
0.0770555
0.0785282
0.0800111
0.0815072
0.0830557
0.0846279
0.0862056
0.087852
0.08955
0.0912614
0.092944
0.0946913
0.0965199
0.0983781
0.10029
0.102256
0.104151
0.106062
0.108077
0.110148
0.112284
0.114473
0.116625
0.118803
0.121015
0.123316
0.1256
0.127964
0.130286
0.132533
0.134805
0.136841
0.0209065
0.0205928
0.0206446
0.0200291
0.0188448
0.01818
0.0185003
0.0193834
0.0203232
0.0212139
0.0220362
0.0227412
0.0233957
0.0241075
0.0249271
0.0257537
0.0264422
0.0270649
0.0277353
0.0284155
0.0290921
0.0298105
0.0305244
0.0312333
0.0319712
0.0327146
0.0334722
0.0342504
0.0350135
0.0357756
0.0365378
0.037313
0.0381042
0.0389068
0.0397321
0.0405607
0.0414003
0.0422696
0.0431538
0.0440461
0.0449507
0.0458732
0.0468203
0.0477644
0.0486965
0.0496499
0.0506267
0.0515962
0.0525669
0.0535514
0.0545949
0.0556934
0.056764
0.0578454
0.0590172
0.0602178
0.0614012
0.0626401
0.063855
0.0649575
0.0660464
0.0673329
0.0687387
0.0700643
0.0714109
0.0727958
0.0741845
0.0755882
0.0770553
0.0785273
0.0800105
0.0815078
0.0830564
0.0846287
0.0862067
0.0878531
0.0895506
0.0912619
0.0929444
0.0946919
0.0965204
0.0983787
0.100289
0.102254
0.10415
0.106061
0.108077
0.11015
0.112283
0.114471
0.116624
0.118803
0.121016
0.123316
0.125601
0.127964
0.130287
0.132537
0.13481
0.136846
0.0209366
0.0205371
0.0206088
0.0201963
0.0191381
0.0184507
0.0186816
0.0194793
0.0203762
0.0212662
0.0221021
0.0228084
0.0234537
0.0241555
0.0249632
0.0257768
0.0264597
0.0270855
0.0277597
0.0284405
0.0291148
0.0298287
0.0305406
0.0312507
0.0319889
0.0327296
0.0334833
0.0342594
0.0350225
0.0357845
0.036546
0.037321
0.0381127
0.0389147
0.0397386
0.0405671
0.0414076
0.0422757
0.0431579
0.0440497
0.0449546
0.0458763
0.0468214
0.0477644
0.0486975
0.0496519
0.0506281
0.0515965
0.0525692
0.0535558
0.0545983
0.0556952
0.0567669
0.057849
0.0590191
0.0602188
0.0614003
0.0626366
0.0638505
0.0649579
0.0660528
0.0673379
0.0687401
0.0700648
0.0714111
0.0727957
0.0741851
0.0755895
0.0770553
0.0785265
0.0800101
0.0815086
0.0830572
0.0846295
0.0862081
0.0878545
0.0895511
0.0912623
0.0929448
0.0946929
0.0965207
0.0983792
0.100287
0.102251
0.104148
0.10606
0.108077
0.110151
0.112283
0.114469
0.116623
0.118802
0.121016
0.123317
0.125601
0.127965
0.130288
0.132541
0.134815
0.13685
0.0209744
0.0205036
0.0205702
0.0203432
0.0194205
0.0187227
0.0188751
0.0195899
0.0204367
0.021318
0.0221662
0.0228764
0.0235141
0.0242066
0.0250025
0.0258025
0.0264788
0.0271072
0.0277853
0.0284666
0.0291386
0.0298479
0.0305576
0.0312689
0.0320074
0.0327454
0.033495
0.0342689
0.035032
0.0357941
0.0365548
0.0373294
0.0381215
0.0389231
0.0397453
0.0405738
0.0414151
0.042282
0.0431622
0.0440535
0.0449587
0.0458795
0.0468226
0.0477645
0.0486987
0.0496541
0.0506295
0.0515969
0.0525718
0.0535605
0.0546019
0.0556972
0.05677
0.0578528
0.0590212
0.06022
0.0613996
0.0626331
0.0638461
0.064959
0.0660603
0.0673438
0.0687414
0.0700653
0.0714112
0.0727953
0.0741857
0.0755909
0.0770555
0.078526
0.0800098
0.0815096
0.0830581
0.0846305
0.0862097
0.0878561
0.0895515
0.0912625
0.0929456
0.0946942
0.0965213
0.0983798
0.100286
0.102249
0.104147
0.106059
0.108077
0.110152
0.112282
0.114467
0.116622
0.118802
0.121017
0.123317
0.125602
0.127965
0.130288
0.132545
0.13482
0.136854
0.0210158
0.0204924
0.0205333
0.0204701
0.0196915
0.0189944
0.0190778
0.0197156
0.0205069
0.0213707
0.0222282
0.0229444
0.0235764
0.0242606
0.0250454
0.0258312
0.0264996
0.02713
0.0278119
0.0284937
0.0291634
0.029868
0.0305755
0.031288
0.0320267
0.032762
0.0335074
0.034279
0.0350422
0.0358042
0.0365641
0.0373383
0.0381307
0.0389319
0.0397525
0.0405807
0.0414228
0.0422886
0.0431667
0.0440575
0.0449631
0.045883
0.0468238
0.0477647
0.0487001
0.0496566
0.050631
0.0515975
0.0525746
0.0535655
0.0546058
0.0556995
0.0567734
0.0578568
0.0590236
0.0602212
0.0613991
0.0626298
0.0638418
0.0649606
0.0660686
0.0673502
0.0687428
0.0700659
0.0714114
0.0727947
0.0741862
0.0755923
0.0770559
0.0785257
0.0800097
0.0815107
0.0830592
0.0846314
0.0862116
0.0878579
0.0895519
0.0912626
0.0929466
0.0946959
0.0965221
0.0983807
0.100285
0.102246
0.104145
0.106059
0.108077
0.110154
0.112283
0.114465
0.116621
0.118802
0.121018
0.123317
0.125603
0.127966
0.130289
0.13255
0.134826
0.136859
0.0210558
0.0205014
0.0205035
0.020578
0.0199492
0.0192649
0.0192872
0.0198558
0.0205889
0.0214261
0.0222883
0.0230118
0.0236396
0.0243172
0.0250922
0.0258633
0.0265225
0.027154
0.0278395
0.028522
0.0291893
0.0298893
0.0305943
0.0313079
0.0320469
0.0327794
0.0335205
0.0342897
0.0350531
0.0358148
0.0365738
0.0373476
0.0381403
0.0389411
0.0397601
0.0405879
0.0414306
0.0422955
0.0431715
0.0440616
0.0449677
0.0458867
0.0468253
0.0477651
0.0487017
0.0496592
0.0506327
0.0515983
0.0525777
0.0535708
0.0546099
0.0557019
0.0567768
0.057861
0.0590262
0.0602224
0.0613987
0.0626265
0.0638376
0.0649625
0.0660772
0.0673569
0.0687442
0.0700667
0.0714118
0.0727942
0.0741868
0.0755937
0.0770565
0.0785255
0.0800099
0.081512
0.0830603
0.0846324
0.0862135
0.0878598
0.0895525
0.0912627
0.0929479
0.0946978
0.0965234
0.098382
0.100285
0.102244
0.104144
0.106059
0.108077
0.110155
0.112283
0.114463
0.11662
0.118802
0.121019
0.123318
0.125603
0.127966
0.130291
0.132555
0.134831
0.136863
0.021091
0.0205258
0.0204852
0.02067
0.0201918
0.0195333
0.0195016
0.0200084
0.0206838
0.0214865
0.0223475
0.0230782
0.0237032
0.0243758
0.025143
0.0258995
0.0265477
0.0271793
0.0278683
0.0285515
0.0292163
0.0299117
0.0306142
0.0313286
0.032068
0.0327976
0.0335343
0.0343011
0.0350646
0.0358262
0.0365841
0.0373575
0.0381502
0.0389508
0.0397682
0.0405953
0.0414386
0.0423027
0.0431765
0.044066
0.0449726
0.0458905
0.0468269
0.0477657
0.0487034
0.0496621
0.0506346
0.0515992
0.052581
0.0535764
0.0546143
0.0557045
0.0567804
0.0578653
0.0590288
0.0602235
0.0613984
0.0626233
0.0638336
0.0649644
0.0660857
0.0673635
0.0687456
0.0700676
0.0714125
0.0727938
0.0741875
0.0755949
0.0770572
0.0785255
0.0800101
0.0815134
0.0830616
0.0846335
0.0862155
0.0878618
0.0895531
0.091263
0.0929496
0.0947
0.096525
0.0983838
0.100285
0.102242
0.104144
0.106059
0.108078
0.110157
0.112284
0.114462
0.11662
0.118802
0.121019
0.123318
0.125604
0.127966
0.130292
0.13256
0.134837
0.136868
0.0211217
0.0205592
0.0204798
0.0207516
0.0204175
0.0197981
0.0197206
0.020171
0.0207919
0.0215544
0.0224069
0.0231434
0.0237666
0.0244359
0.0251976
0.0259399
0.0265758
0.0272061
0.0278982
0.0285821
0.0292445
0.0299353
0.0306351
0.0313502
0.03209
0.0328168
0.0335488
0.0343132
0.0350769
0.0358381
0.0365951
0.0373679
0.0381606
0.0389608
0.0397768
0.0406029
0.0414467
0.0423102
0.0431817
0.0440706
0.0449778
0.0458946
0.0468286
0.0477665
0.0487053
0.0496652
0.0506366
0.0516002
0.0525844
0.0535822
0.0546188
0.0557072
0.0567841
0.0578698
0.0590316
0.0602245
0.0613982
0.0626202
0.0638296
0.0649663
0.0660941
0.0673702
0.0687472
0.0700686
0.0714134
0.0727937
0.0741884
0.0755961
0.077058
0.0785255
0.0800105
0.0815148
0.0830629
0.0846346
0.0862176
0.0878638
0.0895539
0.0912633
0.0929516
0.0947026
0.0965271
0.0983859
0.100286
0.10224
0.104143
0.10606
0.108079
0.110159
0.112285
0.11446
0.116619
0.118802
0.12102
0.123318
0.125605
0.127966
0.130294
0.132566
0.134844
0.136873
0.0211532
0.0205959
0.020484
0.0208297
0.0206268
0.0200556
0.0199438
0.0203421
0.0209123
0.0216319
0.0224684
0.0232075
0.0238295
0.0244966
0.0252555
0.0259849
0.0266072
0.0272346
0.0279293
0.0286141
0.0292739
0.02996
0.0306571
0.0313728
0.0321131
0.032837
0.0335641
0.0343259
0.0350899
0.0358508
0.0366066
0.0373789
0.0381715
0.0389714
0.0397859
0.0406109
0.0414551
0.0423181
0.0431872
0.0440754
0.0449832
0.0458988
0.0468306
0.0477674
0.0487072
0.0496684
0.0506388
0.0516014
0.0525879
0.0535882
0.0546236
0.0557101
0.0567879
0.0578745
0.0590344
0.0602254
0.061398
0.0626173
0.0638257
0.0649681
0.0661024
0.0673768
0.0687489
0.0700699
0.0714144
0.0727938
0.0741895
0.0755973
0.0770589
0.0785256
0.0800109
0.0815163
0.0830643
0.0846358
0.0862197
0.0878658
0.0895548
0.0912638
0.0929539
0.0947054
0.0965295
0.0983883
0.100287
0.102239
0.104143
0.106062
0.108081
0.110161
0.112287
0.114459
0.116619
0.118802
0.121021
0.123319
0.125606
0.127967
0.130295
0.132572
0.13485
0.136879
0.0211925
0.0206361
0.0204915
0.0209088
0.0208242
0.0203012
0.0201695
0.0205216
0.0210433
0.0217201
0.0225346
0.0232708
0.0238913
0.0245575
0.0253159
0.0260344
0.0266427
0.0272653
0.0279616
0.0286474
0.0293048
0.029986
0.0306801
0.0313963
0.0321372
0.0328583
0.0335804
0.0343393
0.0351036
0.0358642
0.0366187
0.0373904
0.0381828
0.0389824
0.0397956
0.0406193
0.0414637
0.0423263
0.043193
0.0440804
0.0449888
0.0459034
0.0468328
0.0477686
0.0487094
0.0496718
0.0506413
0.0516028
0.0525915
0.0535944
0.0546286
0.055713
0.0567918
0.0578793
0.0590373
0.0602263
0.061398
0.0626145
0.063822
0.0649699
0.0661105
0.0673834
0.0687507
0.0700713
0.0714156
0.0727942
0.0741906
0.0755984
0.0770598
0.0785258
0.0800114
0.0815179
0.0830657
0.084637
0.0862219
0.0878678
0.0895558
0.0912643
0.0929562
0.0947084
0.0965321
0.0983909
0.100289
0.102237
0.104144
0.106065
0.108084
0.110163
0.112288
0.114459
0.116618
0.118803
0.121022
0.123319
0.125607
0.127967
0.130297
0.132579
0.134857
0.136884
0.0212427
0.0206877
0.0204958
0.0209867
0.0210178
0.0205331
0.0203923
0.0207109
0.0211833
0.0218182
0.0226085
0.0233348
0.0239518
0.0246184
0.0253781
0.026088
0.0266825
0.0272986
0.0279953
0.0286821
0.0293373
0.0300134
0.0307041
0.0314209
0.0321625
0.0328806
0.0335974
0.0343536
0.0351182
0.0358785
0.0366315
0.0374024
0.0381945
0.0389939
0.0398058
0.040628
0.0414726
0.042335
0.0431993
0.0440856
0.0449947
0.0459082
0.0468353
0.0477699
0.0487116
0.0496755
0.050644
0.0516044
0.0525951
0.0536008
0.0546338
0.0557161
0.0567958
0.0578843
0.0590403
0.0602271
0.061398
0.0626118
0.0638183
0.0649717
0.0661185
0.06739
0.0687526
0.0700728
0.0714168
0.0727947
0.0741919
0.0755996
0.0770606
0.0785261
0.0800119
0.0815194
0.0830672
0.0846384
0.0862242
0.0878699
0.0895568
0.0912649
0.0929587
0.0947118
0.0965349
0.0983935
0.10029
0.102236
0.104145
0.106069
0.108087
0.110165
0.11229
0.114458
0.116618
0.118804
0.121023
0.123319
0.125608
0.127967
0.130299
0.132586
0.134864
0.13689
0.0213
0.0207617
0.0204959
0.0210541
0.0212164
0.0207553
0.020604
0.0209093
0.0213335
0.0219244
0.0226916
0.0234019
0.0240106
0.024679
0.0254417
0.0261452
0.0267266
0.0273347
0.0280306
0.0287184
0.0293716
0.0300423
0.0307292
0.0314464
0.032189
0.0329042
0.0336153
0.0343686
0.0351337
0.0358937
0.036645
0.037415
0.0382068
0.0390059
0.0398167
0.0406372
0.0414818
0.0423441
0.043206
0.0440911
0.0450009
0.0459133
0.046838
0.0477714
0.048714
0.0496793
0.0506469
0.0516062
0.0525988
0.0536072
0.0546392
0.0557192
0.0567999
0.0578895
0.0590434
0.060228
0.061398
0.0626093
0.0638149
0.0649735
0.0661265
0.0673965
0.0687546
0.0700743
0.0714182
0.0727955
0.0741933
0.0756007
0.0770615
0.0785263
0.0800124
0.081521
0.0830687
0.0846398
0.0862265
0.087872
0.0895579
0.0912656
0.0929612
0.0947153
0.0965378
0.0983962
0.100291
0.102235
0.104145
0.106073
0.108091
0.110167
0.112291
0.114457
0.116619
0.118805
0.121024
0.12332
0.125609
0.127968
0.130302
0.132593
0.134872
0.136896
0.0213535
0.0208663
0.020501
0.0210994
0.0214221
0.0209781
0.0207973
0.0211107
0.0214982
0.0220371
0.0227833
0.0234758
0.0240686
0.0247382
0.0255065
0.0262055
0.0267751
0.0273741
0.0280678
0.0287564
0.0294078
0.0300728
0.0307553
0.0314729
0.0322168
0.0329293
0.0336344
0.0343844
0.03515
0.0359098
0.0366593
0.0374282
0.0382197
0.0390186
0.0398282
0.040647
0.0414914
0.0423536
0.043213
0.0440968
0.0450073
0.0459188
0.046841
0.0477731
0.0487167
0.0496833
0.0506501
0.0516081
0.0526026
0.0536139
0.0546449
0.0557225
0.0568041
0.0578948
0.0590465
0.0602288
0.0613982
0.0626071
0.0638116
0.0649753
0.0661343
0.067403
0.0687568
0.0700761
0.0714196
0.0727964
0.0741947
0.0756019
0.0770624
0.0785266
0.080013
0.0815227
0.0830702
0.0846412
0.0862288
0.0878742
0.0895591
0.0912664
0.0929638
0.0947189
0.0965408
0.098399
0.100293
0.102234
0.104146
0.106077
0.108095
0.110169
0.112292
0.114457
0.116619
0.118807
0.121026
0.123321
0.12561
0.127969
0.130304
0.1326
0.13488
0.136902
0.0213906
0.021001
0.0205273
0.0211139
0.0216243
0.0212161
0.0209719
0.0213038
0.0216805
0.0221575
0.0228803
0.0235596
0.0241284
0.0247945
0.0255718
0.0262688
0.0268277
0.0274166
0.0281071
0.0287968
0.0294464
0.0301049
0.0307824
0.0315003
0.0322458
0.0329558
0.0336547
0.0344011
0.0351674
0.035927
0.0366743
0.0374419
0.0382332
0.0390318
0.0398402
0.0406572
0.0415014
0.0423637
0.0432206
0.0441028
0.045014
0.0459246
0.0468442
0.047775
0.0487196
0.0496876
0.0506535
0.0516102
0.0526064
0.0536206
0.0546508
0.0557259
0.0568084
0.0579004
0.0590497
0.0602297
0.0613984
0.062605
0.0638086
0.0649771
0.066142
0.0674095
0.068759
0.0700779
0.0714212
0.0727974
0.0741962
0.0756032
0.0770633
0.078527
0.0800136
0.0815243
0.0830718
0.0846428
0.0862313
0.0878764
0.0895603
0.0912673
0.0929664
0.0947227
0.0965438
0.0984016
0.100294
0.102234
0.104147
0.106082
0.108098
0.110171
0.112293
0.114456
0.116619
0.118808
0.121027
0.123322
0.125611
0.12797
0.130306
0.132607
0.134889
0.136909
0.0214022
0.0211537
0.0205924
0.0210994
0.0218035
0.0214807
0.0211391
0.0214747
0.0218778
0.0222926
0.0229793
0.0236537
0.0241945
0.0248474
0.0256361
0.0263353
0.0268842
0.0274621
0.0281481
0.0288397
0.029488
0.0301388
0.0308107
0.0315288
0.0322759
0.0329836
0.0336761
0.0344186
0.0351857
0.0359455
0.0366905
0.0374563
0.0382472
0.0390457
0.0398529
0.040668
0.0415118
0.0423742
0.0432288
0.0441091
0.0450211
0.0459309
0.0468477
0.047777
0.0487226
0.049692
0.0506573
0.0516125
0.0526103
0.0536276
0.0546569
0.0557294
0.0568128
0.057906
0.0590531
0.0602306
0.0613988
0.0626031
0.0638057
0.064979
0.0661496
0.0674159
0.0687614
0.0700798
0.0714228
0.0727985
0.0741977
0.0756045
0.0770642
0.0785273
0.0800143
0.081526
0.0830733
0.0846444
0.0862337
0.0878787
0.0895616
0.0912683
0.0929691
0.0947265
0.0965468
0.0984043
0.100295
0.102233
0.104148
0.106086
0.108102
0.110173
0.112294
0.114456
0.116619
0.118809
0.121028
0.123322
0.125613
0.127971
0.130309
0.132615
0.134898
0.136916
0.0213864
0.0213068
0.0207089
0.0210732
0.0219388
0.0217684
0.0213171
0.0216141
0.0220791
0.0224501
0.0230796
0.0237542
0.024272
0.0248984
0.0256969
0.0264052
0.0269446
0.0275102
0.028191
0.0288851
0.029533
0.0301749
0.0308397
0.0315585
0.0323075
0.0330128
0.033699
0.0344371
0.0352047
0.0359649
0.0367076
0.0374713
0.0382621
0.0390604
0.0398662
0.0406794
0.0415227
0.0423852
0.0432374
0.0441156
0.0450285
0.0459377
0.0468516
0.0477794
0.048726
0.0496968
0.0506613
0.0516149
0.0526143
0.0536347
0.0546633
0.055733
0.0568172
0.0579119
0.0590565
0.0602315
0.0613992
0.0626015
0.0638031
0.0649808
0.0661571
0.0674223
0.0687639
0.0700818
0.0714246
0.0727996
0.0741993
0.0756058
0.0770651
0.0785278
0.080015
0.0815277
0.0830749
0.084646
0.0862363
0.087881
0.089563
0.0912693
0.0929718
0.0947303
0.0965498
0.0984069
0.100297
0.102232
0.104149
0.106091
0.108106
0.110176
0.112295
0.114455
0.116619
0.11881
0.121029
0.123323
0.125614
0.127972
0.130312
0.132622
0.134907
0.136923
0.0213463
0.0214419
0.0208773
0.0210595
0.0220153
0.0220589
0.021527
0.0217277
0.0222675
0.0226333
0.023187
0.0238557
0.0243633
0.0249516
0.0257522
0.0264781
0.0270096
0.02756
0.0282355
0.0289328
0.0295817
0.0302141
0.0308696
0.0315889
0.0323406
0.0330434
0.0337233
0.034457
0.0352248
0.0359855
0.0367258
0.0374869
0.0382774
0.0390758
0.0398804
0.0406915
0.0415341
0.0423968
0.0432467
0.0441225
0.0450361
0.0459448
0.0468556
0.0477819
0.0487298
0.0497019
0.0506656
0.0516176
0.0526183
0.0536419
0.0546698
0.0557367
0.0568217
0.0579179
0.05906
0.0602324
0.0613997
0.0626001
0.0638008
0.0649827
0.0661644
0.0674286
0.0687665
0.070084
0.0714265
0.0728009
0.0742009
0.0756073
0.0770661
0.0785282
0.0800158
0.0815294
0.0830766
0.0846478
0.0862388
0.0878834
0.0895644
0.0912705
0.0929745
0.0947342
0.0965528
0.0984096
0.100298
0.102232
0.10415
0.106095
0.10811
0.110178
0.112297
0.114454
0.11662
0.118812
0.121031
0.123324
0.125615
0.127974
0.130315
0.13263
0.134917
0.136931
0.021288
0.021543
0.0210847
0.0210837
0.022035
0.0223247
0.0217794
0.0218343
0.0224274
0.0228354
0.0233115
0.0239552
0.0244651
0.0250117
0.0258017
0.0265522
0.0270805
0.0276112
0.0282813
0.0289834
0.0296339
0.0302567
0.0309005
0.0316198
0.0323755
0.0330756
0.0337486
0.0344781
0.035246
0.0360073
0.0367453
0.0375036
0.0382935
0.0390918
0.039895
0.0407041
0.0415457
0.0424088
0.0432567
0.0441299
0.0450443
0.0459527
0.04686
0.0477846
0.0487338
0.0497072
0.0506702
0.0516205
0.0526224
0.0536494
0.0546767
0.0557405
0.0568262
0.0579241
0.0590636
0.0602333
0.0614004
0.062599
0.0637986
0.0649846
0.0661717
0.0674349
0.0687693
0.0700863
0.0714284
0.0728022
0.0742025
0.0756087
0.0770671
0.0785288
0.0800166
0.0815312
0.0830783
0.0846496
0.0862415
0.0878859
0.089566
0.0912718
0.0929773
0.0947381
0.0965558
0.0984122
0.100299
0.102231
0.104151
0.1061
0.108114
0.11018
0.112298
0.114454
0.11662
0.118813
0.121032
0.123326
0.125617
0.127976
0.130318
0.132638
0.134927
0.136939
0.0212219
0.0215984
0.0213082
0.0211659
0.0220197
0.022537
0.0220623
0.0219588
0.0225561
0.0230406
0.0234611
0.0240567
0.0245718
0.0250818
0.0258475
0.0266251
0.0271578
0.0276637
0.0283273
0.0290376
0.0296899
0.0303028
0.0309335
0.0316508
0.0324119
0.03311
0.0337751
0.0345001
0.0352683
0.0360304
0.0367658
0.037521
0.0383105
0.039109
0.0399108
0.0407175
0.0415579
0.0424213
0.0432672
0.0441375
0.0450525
0.045961
0.046865
0.0477878
0.0487383
0.0497129
0.0506752
0.0516235
0.0526266
0.053657
0.0546839
0.0557445
0.0568309
0.0579306
0.0590674
0.0602343
0.0614011
0.0625982
0.0637968
0.0649866
0.0661787
0.0674411
0.0687721
0.0700887
0.0714306
0.0728036
0.0742041
0.0756103
0.0770681
0.0785294
0.0800176
0.081533
0.08308
0.0846515
0.0862442
0.0878884
0.0895677
0.0912732
0.0929802
0.0947421
0.0965589
0.0984148
0.1003
0.102231
0.104152
0.106104
0.108118
0.110182
0.112299
0.114453
0.11662
0.118814
0.121033
0.123327
0.125618
0.127978
0.130322
0.132646
0.134937
0.136947
0.0211646
0.0216054
0.0215186
0.0213095
0.021999
0.0226794
0.0223502
0.0221234
0.0226677
0.0232309
0.023633
0.0241699
0.0246798
0.0251609
0.0258935
0.0266952
0.0272417
0.0277188
0.0283709
0.0290948
0.0297506
0.0303523
0.0309692
0.0316825
0.032449
0.0331467
0.0338033
0.034523
0.0352917
0.0360549
0.0367878
0.0375392
0.0383279
0.0391266
0.0399271
0.0407318
0.0415708
0.0424345
0.0432787
0.0441457
0.0450612
0.0459698
0.0468702
0.047791
0.0487431
0.049719
0.0506806
0.0516269
0.0526308
0.0536649
0.0546913
0.0557484
0.0568354
0.0579372
0.0590714
0.0602353
0.061402
0.0625977
0.0637953
0.0649886
0.0661857
0.0674473
0.068775
0.0700912
0.0714328
0.0728051
0.0742057
0.0756119
0.0770693
0.0785301
0.0800186
0.0815349
0.0830818
0.0846535
0.086247
0.087891
0.0895695
0.0912747
0.0929831
0.0947461
0.096562
0.0984174
0.100302
0.10223
0.104154
0.106108
0.108121
0.110184
0.1123
0.114453
0.11662
0.118816
0.121035
0.123329
0.12562
0.12798
0.130326
0.132654
0.134948
0.136956
0.021137
0.0215729
0.0216873
0.0214973
0.0220017
0.022757
0.0226143
0.0223308
0.0227842
0.023398
0.0238154
0.0243021
0.0247911
0.0252455
0.0259424
0.0267624
0.0273319
0.0277793
0.0284107
0.029153
0.0298176
0.030405
0.0310068
0.0317155
0.0324869
0.0331856
0.0338337
0.0345465
0.035316
0.0360812
0.0368112
0.0375582
0.0383464
0.0391454
0.0399441
0.0407464
0.0415839
0.042448
0.0432907
0.0441544
0.0450701
0.0459794
0.0468762
0.0477946
0.0487481
0.0497253
0.0506864
0.0516305
0.0526351
0.053673
0.0546991
0.0557526
0.0568401
0.057944
0.0590754
0.0602362
0.061403
0.0625975
0.0637941
0.0649906
0.0661924
0.0674534
0.068778
0.0700939
0.0714352
0.0728067
0.0742074
0.0756137
0.0770705
0.0785308
0.0800197
0.0815368
0.0830837
0.0846556
0.0862498
0.0878937
0.0895713
0.0912763
0.0929861
0.0947501
0.0965652
0.0984201
0.100303
0.10223
0.104155
0.106112
0.108125
0.110186
0.112302
0.114453
0.116621
0.118817
0.121036
0.12333
0.125621
0.127982
0.13033
0.132663
0.134959
0.136966
0.0211635
0.0215198
0.0217916
0.021701
0.0220449
0.02279
0.0228329
0.0225643
0.0229258
0.0235509
0.0239939
0.0244507
0.0249125
0.0253356
0.0259942
0.0268259
0.0274272
0.0278492
0.0284472
0.0292082
0.029892
0.0304633
0.0310454
0.0317503
0.0325261
0.0332262
0.0338668
0.0345711
0.0353404
0.036109
0.0368367
0.0375782
0.0383653
0.0391652
0.0399624
0.0407621
0.0415979
0.0424622
0.0433035
0.0441635
0.0450793
0.0459893
0.0468825
0.0477985
0.0487536
0.0497322
0.0506927
0.0516345
0.0526393
0.0536811
0.0547072
0.0557569
0.0568448
0.0579511
0.0590798
0.0602373
0.0614041
0.0625976
0.0637932
0.0649927
0.066199
0.0674594
0.068781
0.0700966
0.0714377
0.0728083
0.074209
0.0756155
0.0770719
0.0785317
0.080021
0.0815387
0.0830855
0.0846578
0.0862528
0.0878964
0.0895733
0.091278
0.0929892
0.0947542
0.0965683
0.0984228
0.100305
0.10223
0.104156
0.106116
0.108129
0.110189
0.112303
0.114452
0.116621
0.118818
0.121037
0.123332
0.125623
0.127985
0.130335
0.132671
0.134971
0.136976
0.0212733
0.0214741
0.021823
0.0218879
0.0221303
0.0228027
0.0230006
0.0228002
0.0230958
0.0237057
0.0241599
0.0246034
0.0250469
0.0254365
0.0260497
0.0268839
0.0275246
0.0279323
0.0284842
0.0292553
0.0299715
0.0305308
0.0310847
0.0317854
0.0325679
0.0332685
0.033902
0.0345974
0.035365
0.0361379
0.0368645
0.0375995
0.0383847
0.0391859
0.0399816
0.0407783
0.0416124
0.0424771
0.0433172
0.0441734
0.0450889
0.0460002
0.0468897
0.0478026
0.0487593
0.0497394
0.0506995
0.0516389
0.0526438
0.0536895
0.0547158
0.0557614
0.0568494
0.0579582
0.0590842
0.0602384
0.0614055
0.0625982
0.0637926
0.0649948
0.0662054
0.0674654
0.0687842
0.0700995
0.0714403
0.0728101
0.0742107
0.0756173
0.0770734
0.0785327
0.0800223
0.0815408
0.0830875
0.0846601
0.0862558
0.0878991
0.0895754
0.0912799
0.0929924
0.0947583
0.0965716
0.0984255
0.100306
0.10223
0.104157
0.10612
0.108133
0.110191
0.112305
0.114452
0.116621
0.11882
0.121039
0.123334
0.125624
0.127988
0.13034
0.13268
0.134983
0.136986
0.0214817
0.0214654
0.0217971
0.0220367
0.0222631
0.0228311
0.0231287
0.0230142
0.0232792
0.0238769
0.0243227
0.0247439
0.0251868
0.025555
0.0261133
0.0269337
0.0276183
0.0280303
0.028528
0.029291
0.0300503
0.0306106
0.0311275
0.0318177
0.0326124
0.0333144
0.0339389
0.0346256
0.0353902
0.0361673
0.0368948
0.0376226
0.0384044
0.0392073
0.0400022
0.0407957
0.0416272
0.0424923
0.0433317
0.0441838
0.0450986
0.0460114
0.0468976
0.0478073
0.0487655
0.0497471
0.0507067
0.0516436
0.0526482
0.0536979
0.0547247
0.0557661
0.0568542
0.0579657
0.059089
0.0602397
0.061407
0.062599
0.0637924
0.064997
0.0662117
0.0674713
0.0687874
0.0701024
0.0714431
0.072812
0.0742123
0.0756193
0.0770751
0.0785337
0.0800237
0.0815429
0.0830895
0.0846625
0.0862588
0.087902
0.0895777
0.0912819
0.0929957
0.0947625
0.0965749
0.0984282
0.100308
0.10223
0.104158
0.106124
0.108136
0.110194
0.112306
0.114452
0.116621
0.118821
0.12104
0.123336
0.125626
0.127991
0.130346
0.132689
0.134995
0.136997
0.0216855
0.0214866
0.0217387
0.0221441
0.0224552
0.022927
0.0232412
0.0231954
0.0234555
0.0240676
0.0244999
0.0248696
0.0253181
0.0256949
0.0261956
0.026977
0.0277014
0.0281413
0.0285873
0.0293173
0.0301201
0.0307027
0.0311796
0.0318458
0.0326568
0.0333661
0.0339779
0.0346544
0.0354166
0.0361969
0.0369266
0.0376482
0.0384248
0.0392291
0.0400238
0.0408141
0.0416428
0.0425083
0.0433474
0.0441951
0.0451087
0.0460233
0.0469062
0.0478121
0.0487717
0.0497552
0.0507145
0.0516487
0.0526527
0.0537064
0.0547339
0.0557709
0.0568587
0.0579733
0.0590941
0.0602411
0.0614087
0.0626003
0.0637925
0.0649992
0.0662178
0.0674771
0.0687906
0.0701055
0.0714461
0.072814
0.074214
0.0756213
0.0770769
0.0785349
0.0800252
0.0815452
0.0830916
0.084665
0.086262
0.0879049
0.08958
0.091284
0.092999
0.0947668
0.0965782
0.098431
0.10031
0.102231
0.10416
0.106127
0.10814
0.110196
0.112308
0.114452
0.116622
0.118823
0.121042
0.123338
0.125628
0.127994
0.130352
0.132698
0.135008
0.137008
0.0218725
0.0215377
0.0216746
0.0222144
0.0226945
0.0231156
0.0233741
0.0233491
0.0236088
0.0242625
0.024708
0.024996
0.0254276
0.0258468
0.0263092
0.0270238
0.0277682
0.0282577
0.0286696
0.0293425
0.0301736
0.0308012
0.0312477
0.0318717
0.0326963
0.0334245
0.0340219
0.034683
0.0354439
0.0362276
0.0369598
0.0376763
0.0384464
0.0392513
0.0400469
0.0408339
0.0416589
0.0425244
0.0433637
0.0442072
0.0451189
0.0460357
0.046916
0.0478178
0.0487785
0.0497639
0.0507229
0.0516542
0.0526573
0.0537152
0.0547436
0.0557762
0.0568635
0.0579811
0.0590993
0.0602425
0.0614105
0.0626019
0.0637931
0.0650016
0.0662239
0.0674829
0.068794
0.0701086
0.0714492
0.0728162
0.0742157
0.0756234
0.0770789
0.0785361
0.0800267
0.0815474
0.0830938
0.0846675
0.0862653
0.0879078
0.0895825
0.0912863
0.0930024
0.0947711
0.0965815
0.0984339
0.100311
0.102231
0.104161
0.106131
0.108144
0.110198
0.11231
0.114452
0.116622
0.118824
0.121043
0.123341
0.125631
0.127998
0.130359
0.132707
0.135021
0.13702
0.0220299
0.0216234
0.0216334
0.0222465
0.0229378
0.0233801
0.0235517
0.0234906
0.0237282
0.0244359
0.0249415
0.0251438
0.0255088
0.0259883
0.0264551
0.0270888
0.0278175
0.0283666
0.0287755
0.0293784
0.0302079
0.0308959
0.0313354
0.0319029
0.032727
0.0334862
0.034075
0.0347121
0.0354705
0.0362601
0.0369942
0.0377063
0.0384699
0.039274
0.0400705
0.0408549
0.041676
0.0425415
0.0433813
0.0442205
0.0451298
0.0460486
0.0469264
0.0478237
0.0487852
0.049773
0.0507322
0.0516603
0.052662
0.053724
0.0547538
0.0557817
0.056868
0.057989
0.0591051
0.0602443
0.0614127
0.062604
0.063794
0.065004
0.0662298
0.0674888
0.0687973
0.0701118
0.0714525
0.0728185
0.0742175
0.0756256
0.0770811
0.0785375
0.0800285
0.0815498
0.083096
0.0846702
0.0862687
0.0879109
0.0895851
0.0912887
0.0930059
0.0947754
0.0965849
0.0984368
0.100313
0.102232
0.104163
0.106135
0.108147
0.110201
0.112311
0.114453
0.116623
0.118826
0.121045
0.123344
0.125633
0.128001
0.130366
0.132717
0.135034
0.137033
0.0222828
0.0218073
0.0216465
0.0222468
0.0231251
0.0236759
0.0237847
0.0236408
0.0238204
0.0245639
0.0251779
0.0253342
0.0255815
0.0260928
0.0266169
0.0271878
0.027861
0.0284541
0.0288944
0.0294373
0.0302307
0.0309743
0.0314384
0.0319478
0.0327481
0.0335443
0.0341389
0.034745
0.0354938
0.0362937
0.0370313
0.0377373
0.0384947
0.0392979
0.0400952
0.0408774
0.0416938
0.0425585
0.0433994
0.0442346
0.0451409
0.0460617
0.0469378
0.0478307
0.0487925
0.0497823
0.0507419
0.0516669
0.0526666
0.0537327
0.0547644
0.0557877
0.0568725
0.057997
0.0591111
0.0602461
0.0614147
0.0626063
0.0637954
0.0650065
0.0662356
0.0674946
0.0688008
0.0701152
0.0714559
0.072821
0.0742192
0.0756277
0.0770834
0.078539
0.0800302
0.0815523
0.0830984
0.0846729
0.0862721
0.087914
0.0895878
0.0912913
0.0930095
0.0947798
0.0965884
0.0984397
0.100315
0.102233
0.104164
0.106138
0.108151
0.110204
0.112313
0.114453
0.116623
0.118827
0.121046
0.123346
0.125636
0.128005
0.130373
0.132726
0.135047
0.137046
0.0224313
0.0219938
0.0217252
0.0222495
0.0232513
0.0239651
0.0240761
0.0238377
0.0239078
0.0246421
0.025392
0.025581
0.0256824
0.0261549
0.0267696
0.0273311
0.0279214
0.0285177
0.0290107
0.0295264
0.030257
0.0310289
0.0315454
0.032015
0.032767
0.0335924
0.0342116
0.0347878
0.0355141
0.0363257
0.0370725
0.0377705
0.0385203
0.0393234
0.0401207
0.0409004
0.0417128
0.0425766
0.0434187
0.0442499
0.0451528
0.0460757
0.04695
0.0478382
0.0488
0.0497921
0.0507525
0.0516743
0.0526715
0.0537415
0.0547756
0.0557939
0.0568768
0.0580049
0.0591177
0.0602484
0.0614172
0.0626092
0.0637972
0.0650092
0.0662414
0.0675005
0.0688042
0.0701185
0.0714595
0.0728237
0.074221
0.0756301
0.0770859
0.0785407
0.0800322
0.0815549
0.0831008
0.0846758
0.0862757
0.0879172
0.0895906
0.0912941
0.0930132
0.0947843
0.0965918
0.0984428
0.100317
0.102234
0.104166
0.106142
0.108154
0.110206
0.112315
0.114454
0.116623
0.118829
0.121048
0.123349
0.125639
0.128009
0.130381
0.132736
0.135061
0.13706
0.0225824
0.0222287
0.0218769
0.0222784
0.0233185
0.0242025
0.0244002
0.0240979
0.0240161
0.0246787
0.0255571
0.0258605
0.0258441
0.0261924
0.0268779
0.0275005
0.0280209
0.028569
0.0291049
0.0296355
0.0303057
0.0310656
0.0316417
0.0321042
0.0327944
0.0336272
0.0342865
0.0348444
0.0355348
0.0363524
0.0371173
0.0378077
0.038545
0.0393495
0.0401487
0.0409249
0.0417325
0.042595
0.0434388
0.0442666
0.0451652
0.04609
0.0469632
0.0478465
0.0488082
0.0498024
0.0507636
0.0516823
0.0526765
0.0537502
0.0547872
0.055801
0.0568815
0.0580131
0.0591246
0.060251
0.0614196
0.0626124
0.0637996
0.0650119
0.066247
0.0675064
0.0688078
0.0701221
0.0714635
0.0728266
0.0742229
0.0756325
0.0770885
0.0785424
0.0800342
0.0815575
0.0831033
0.0846787
0.0862793
0.0879206
0.0895936
0.091297
0.0930171
0.0947888
0.0965953
0.0984459
0.100319
0.102235
0.104168
0.106146
0.108158
0.110209
0.112317
0.114454
0.116624
0.118831
0.12105
0.123352
0.125642
0.128013
0.130389
0.132747
0.135074
0.137074
0.0227041
0.0225073
0.0220974
0.0223364
0.0233377
0.0243609
0.0247138
0.0244149
0.0241705
0.0246951
0.0256538
0.0261349
0.0260788
0.0262402
0.0269234
0.0276625
0.0281699
0.0286328
0.0291692
0.0297438
0.0303862
0.0310999
0.0317135
0.0322042
0.0328404
0.0336526
0.0343545
0.0349144
0.035562
0.0363722
0.0371619
0.0378519
0.0385709
0.0393747
0.0401789
0.0409509
0.0417523
0.0426142
0.0434602
0.0442841
0.045178
0.0461051
0.0469777
0.0478553
0.0488162
0.0498131
0.0507756
0.051691
0.0526817
0.0537589
0.0547992
0.0558084
0.0568859
0.058021
0.0591317
0.060254
0.0614223
0.0626159
0.0638024
0.0650147
0.0662525
0.0675125
0.0688113
0.0701254
0.0714675
0.0728295
0.0742247
0.0756351
0.0770914
0.0785444
0.0800364
0.0815603
0.083106
0.0846817
0.0862831
0.087924
0.0895966
0.0913
0.093021
0.0947933
0.0965988
0.0984492
0.100322
0.102236
0.10417
0.106149
0.108161
0.110212
0.112319
0.114455
0.116625
0.118833
0.121052
0.123356
0.125646
0.128018
0.130398
0.132757
0.135088
0.137088
0.0227631
0.0227896
0.0223797
0.0224339
0.0233296
0.0244477
0.0249853
0.0247658
0.0243942
0.024724
0.0256873
0.0263689
0.0263722
0.0263459
0.0269266
0.0277798
0.0283534
0.0287378
0.0292177
0.0298278
0.0304893
0.0311556
0.0317644
0.0322987
0.0329099
0.033679
0.0344104
0.0349929
0.0356012
0.0363875
0.0372029
0.0379034
0.0386001
0.0393965
0.0402108
0.0409813
0.0417726
0.0426327
0.0434829
0.0443036
0.0451913
0.0461202
0.0469932
0.0478651
0.0488244
0.0498244
0.0507886
0.0517006
0.0526871
0.0537673
0.0548113
0.0558163
0.0568908
0.0580293
0.0591395
0.0602574
0.0614253
0.0626198
0.0638058
0.0650178
0.0662579
0.0675186
0.068815
0.070129
0.0714719
0.0728328
0.0742268
0.0756379
0.0770944
0.0785464
0.0800388
0.0815632
0.0831087
0.0846848
0.0862869
0.0879276
0.0895997
0.0913032
0.0930251
0.0947979
0.0966024
0.0984525
0.100324
0.102238
0.104172
0.106153
0.108165
0.110214
0.112322
0.114457
0.116625
0.118835
0.121055
0.123359
0.12565
0.128023
0.130407
0.132768
0.135102
0.137103
0.0227533
0.0230194
0.022699
0.0225948
0.0233276
0.0244802
0.0251982
0.0251211
0.0246885
0.024799
0.0256805
0.0265322
0.0266864
0.0265373
0.0269259
0.0278251
0.0285353
0.0288985
0.0292792
0.0298771
0.0305909
0.0312466
0.0318124
0.0323714
0.0329946
0.0337184
0.0344536
0.0350728
0.0356554
0.036402
0.0372355
0.0379594
0.0386368
0.0394164
0.0402406
0.0410153
0.0417947
0.0426503
0.0435067
0.0443251
0.0452052
0.0461359
0.0470106
0.0478764
0.0488326
0.0498356
0.0508027
0.051711
0.0526926
0.0537762
0.0548245
0.055825
0.0568956
0.0580374
0.0591472
0.0602612
0.0614284
0.062624
0.0638096
0.0650209
0.0662633
0.067525
0.0688188
0.0701325
0.0714765
0.0728361
0.0742285
0.0756407
0.0770976
0.0785484
0.0800413
0.0815662
0.0831116
0.0846881
0.0862909
0.0879313
0.089603
0.0913066
0.0930293
0.0948026
0.096606
0.0984559
0.100327
0.102239
0.104174
0.106156
0.108169
0.110217
0.112324
0.114458
0.116626
0.118837
0.121057
0.123363
0.125654
0.128028
0.130417
0.13278
0.135116
0.137118
0.0227018
0.0231695
0.0230209
0.022833
0.0233653
0.0244775
0.0253452
0.0254487
0.025032
0.0249432
0.0256647
0.026615
0.0269774
0.0268089
0.02697
0.0278118
0.0286736
0.0290996
0.0293847
0.0299072
0.030662
0.0313616
0.0318829
0.032422
0.0330769
0.0337783
0.0344911
0.0351461
0.0357235
0.0364212
0.0372599
0.038017
0.0386825
0.0394365
0.0402671
0.0410537
0.0418218
0.0426665
0.0435297
0.0443496
0.0452204
0.0461508
0.0470282
0.0478889
0.0488412
0.0498467
0.0508176
0.051723
0.0526983
0.0537844
0.0548375
0.0558336
0.0569004
0.0580458
0.0591557
0.0602654
0.0614318
0.0626285
0.0638141
0.0650244
0.0662686
0.0675314
0.0688226
0.0701359
0.0714814
0.0728398
0.0742306
0.0756439
0.0771012
0.0785506
0.080044
0.0815695
0.0831146
0.0846914
0.0862949
0.0879352
0.0896064
0.09131
0.0930337
0.0948074
0.0966096
0.0984594
0.10033
0.102241
0.104177
0.10616
0.108172
0.11022
0.112326
0.11446
0.116627
0.118839
0.12106
0.123366
0.125659
0.128033
0.130427
0.132792
0.13513
0.137134
0.0226436
0.0232549
0.023305
0.0231242
0.0234603
0.0244614
0.0254288
0.0257266
0.0253977
0.0251637
0.0256759
0.026633
0.0272073
0.0271265
0.0270973
0.0277778
0.0287369
0.0293046
0.0295518
0.0299499
0.0306905
0.031473
0.0319928
0.0324695
0.0331396
0.0338545
0.0345344
0.035208
0.0358029
0.0364516
0.0372754
0.0380714
0.0387385
0.0394611
0.0402883
0.0410909
0.0418537
0.0426831
0.0435506
0.0443755
0.0452377
0.046166
0.0470473
0.0479035
0.0488505
0.0498577
0.0508328
0.0517359
0.0527042
0.0537922
0.0548517
0.0558438
0.0569054
0.0580543
0.0591646
0.06027
0.0614353
0.0626335
0.0638189
0.065028
0.0662738
0.067538
0.0688268
0.0701394
0.0714866
0.0728437
0.0742323
0.0756471
0.0771049
0.0785528
0.0800468
0.0815728
0.0831177
0.0846948
0.086299
0.0879392
0.0896098
0.0913136
0.0930382
0.0948121
0.0966132
0.0984629
0.100333
0.102243
0.104179
0.106164
0.108176
0.110223
0.112329
0.114461
0.116628
0.118842
0.121063
0.12337
0.125664
0.128039
0.130437
0.132804
0.135144
0.13715
0.0225938
0.0233096
0.0235317
0.0234303
0.0236217
0.0244653
0.0254668
0.0259438
0.0257558
0.0254491
0.0257427
0.0266164
0.0273556
0.0274455
0.0273137
0.027772
0.0287328
0.0294704
0.0297641
0.0300397
0.030694
0.0315481
0.0321315
0.0325414
0.0331789
0.0339318
0.0345941
0.0352599
0.0358848
0.0364979
0.037285
0.0381172
0.0388025
0.0394916
0.0403051
0.041127
0.0418921
0.0427033
0.0435693
0.0444027
0.045259
0.0461816
0.0470656
0.0479189
0.0488604
0.0498687
0.0508487
0.0517506
0.0527115
0.0538001
0.054866
0.0558541
0.0569099
0.0580624
0.0591743
0.0602752
0.0614389
0.0626387
0.0638243
0.0650319
0.0662791
0.0675448
0.0688309
0.0701426
0.0714919
0.072848
0.0742343
0.0756506
0.077109
0.0785551
0.0800497
0.0815765
0.083121
0.0846983
0.0863032
0.0879434
0.0896135
0.0913173
0.0930429
0.094817
0.0966169
0.0984667
0.100336
0.102246
0.104182
0.106167
0.108179
0.110226
0.112332
0.114463
0.11663
0.118844
0.121066
0.123374
0.12567
0.128045
0.130447
0.132817
0.135159
0.137166
0.0225514
0.0233587
0.0237161
0.0237246
0.0238382
0.0245095
0.0254778
0.0260964
0.0260781
0.0257737
0.0258791
0.0266023
0.0274274
0.0277222
0.0275943
0.027837
0.0286958
0.0295644
0.0299859
0.0301961
0.0307072
0.0315721
0.0322686
0.0326563
0.0332123
0.033992
0.0346701
0.0353095
0.0359604
0.0365631
0.0372956
0.0381484
0.0388728
0.0395357
0.040321
0.0411585
0.0419339
0.042728
0.0435865
0.0444276
0.0452817
0.0461984
0.0470844
0.0479362
0.0488718
0.0498804
0.0508653
0.0517659
0.0527185
0.0538069
0.0548805
0.0558661
0.0569152
0.0580704
0.0591845
0.0602811
0.0614426
0.0626443
0.0638302
0.065036
0.0662843
0.0675517
0.0688354
0.070146
0.0714976
0.0728527
0.0742362
0.075654
0.0771132
0.0785575
0.0800526
0.0815802
0.0831245
0.0847019
0.0863074
0.0879478
0.0896172
0.0913211
0.0930477
0.0948221
0.0966206
0.0984704
0.100339
0.102248
0.104184
0.106171
0.108183
0.11023
0.112334
0.114465
0.116631
0.118847
0.121069
0.123378
0.125676
0.128052
0.130458
0.13283
0.135173
0.137182
0.0225062
0.0233913
0.0238715
0.0239929
0.0240863
0.0246013
0.0254868
0.0261966
0.0263494
0.0261104
0.0260834
0.0266254
0.0274464
0.0279282
0.0278988
0.0279854
0.0286715
0.0295897
0.0301741
0.0304037
0.0307666
0.0315619
0.0323687
0.0328055
0.0332665
0.0340286
0.0347512
0.0353687
0.0360244
0.0366418
0.0373196
0.0381646
0.0389412
0.0395937
0.0403361
0.041182
0.0419782
0.0427585
0.0436032
0.0444511
0.0453076
0.046219
0.0471039
0.0479534
0.0488833
0.0498915
0.0508819
0.0517824
0.0527266
0.0538145
0.0548961
0.0558788
0.0569202
0.0580779
0.0591952
0.0602878
0.0614465
0.0626502
0.0638366
0.0650404
0.0662897
0.0675588
0.0688401
0.0701492
0.0715033
0.0728575
0.0742382
0.0756577
0.0771179
0.0785602
0.0800557
0.0815841
0.0831282
0.0847055
0.0863117
0.0879524
0.0896212
0.091325
0.0930526
0.094827
0.0966243
0.0984742
0.100342
0.102251
0.104187
0.106175
0.108186
0.110233
0.112337
0.114468
0.116633
0.118849
0.121073
0.123382
0.125682
0.128059
0.130468
0.132844
0.135188
0.137199
0.0224639
0.0233978
0.0240047
0.0242387
0.0243518
0.0247423
0.0255141
0.0262597
0.0265623
0.0264297
0.0263361
0.026706
0.0274459
0.0280579
0.0281854
0.0282026
0.0286998
0.0295754
0.0302974
0.0306274
0.0308934
0.0315539
0.0324144
0.0329588
0.0333617
0.0340556
0.0348215
0.0354429
0.0360806
0.0367224
0.0373639
0.0381688
0.0389948
0.039668
0.0403611
0.0411968
0.0420216
0.0427974
0.043623
0.0444721
0.0453329
0.046241
0.0471239
0.0479709
0.0488955
0.0499037
0.0509004
0.0518014
0.0527348
0.0538201
0.0549116
0.0558927
0.0569256
0.0580854
0.0592064
0.0602951
0.0614505
0.0626564
0.0638435
0.065045
0.0662949
0.067566
0.068845
0.0701525
0.0715092
0.072863
0.0742404
0.0756613
0.0771223
0.078563
0.0800588
0.081588
0.0831322
0.0847092
0.0863159
0.0879571
0.0896251
0.0913289
0.0930578
0.0948323
0.0966282
0.0984782
0.100346
0.102254
0.10419
0.106178
0.10819
0.110236
0.11234
0.11447
0.116635
0.118852
0.121077
0.123386
0.125689
0.128067
0.130479
0.132858
0.135203
0.137215
0.0224598
0.0233981
0.024113
0.0244576
0.0246178
0.0249231
0.0255683
0.0263001
0.0267199
0.0267152
0.0266142
0.0268479
0.027463
0.0281267
0.0284211
0.028457
0.0287954
0.029561
0.030356
0.030827
0.0310757
0.031584
0.0324197
0.0330825
0.0334932
0.0340958
0.0348713
0.0355261
0.0361386
0.036793
0.0374291
0.0381785
0.0390277
0.03975
0.0404038
0.0412044
0.0420583
0.0428442
0.0436459
0.0444882
0.0453568
0.0462666
0.0471476
0.04799
0.0489081
0.0499158
0.0509187
0.0518211
0.0527433
0.0538249
0.0549282
0.055909
0.056931
0.058092
0.0592181
0.060303
0.0614547
0.0626631
0.0638508
0.0650499
0.0663004
0.0675735
0.0688503
0.0701559
0.0715151
0.0728685
0.0742428
0.0756649
0.0771273
0.0785662
0.0800621
0.0815921
0.0831366
0.084713
0.0863201
0.087962
0.0896294
0.0913331
0.093063
0.0948376
0.096632
0.0984822
0.10035
0.102257
0.104194
0.106182
0.108193
0.11024
0.112343
0.114472
0.116638
0.118855
0.121082
0.123391
0.125695
0.128075
0.13049
0.132872
0.135219
0.137232
0.0224957
0.0234038
0.0241911
0.024642
0.0248709
0.025135
0.0256598
0.0263393
0.0268353
0.0269583
0.0268914
0.0270337
0.0275213
0.0281622
0.0285929
0.028715
0.0289513
0.0295815
0.0303744
0.0309716
0.0312813
0.0316734
0.032417
0.0331592
0.0336351
0.0341668
0.0349071
0.0356048
0.0362095
0.0368544
0.0375046
0.0382059
0.0390392
0.0398232
0.0404698
0.0412131
0.0420792
0.0428949
0.0436801
0.044504
0.0453781
0.0462946
0.0471738
0.0480093
0.0489193
0.0499267
0.0509381
0.0518442
0.0527541
0.0538282
0.0549437
0.0559269
0.056937
0.0580979
0.0592307
0.060312
0.0614586
0.06267
0.0638588
0.065055
0.0663058
0.067581
0.0688558
0.0701592
0.071521
0.0728746
0.0742456
0.0756685
0.0771322
0.0785698
0.0800655
0.081596
0.083141
0.084717
0.0863245
0.0879673
0.0896338
0.0913371
0.0930682
0.0948429
0.0966359
0.0984864
0.100353
0.102261
0.104197
0.106186
0.108197
0.110243
0.112347
0.114475
0.116641
0.118858
0.121086
0.123396
0.125702
0.128084
0.130501
0.132886
0.135234
0.137249
0.0225448
0.023423
0.0242566
0.0248018
0.0251049
0.0253645
0.025791
0.026392
0.0269178
0.0271538
0.0271509
0.0272423
0.0276266
0.0281995
0.0287067
0.0289452
0.0291452
0.0296504
0.0303853
0.0310611
0.0314755
0.0318153
0.0324377
0.033198
0.033758
0.0342665
0.0349479
0.0356708
0.036293
0.036913
0.0375737
0.0382563
0.0390461
0.0398743
0.0405526
0.0412372
0.0420854
0.0429426
0.0437287
0.0445217
0.0453906
0.0463212
0.0472049
0.0480315
0.048931
0.0499374
0.0509581
0.0518694
0.0527656
0.0538296
0.0549583
0.0559472
0.0569447
0.0581028
0.0592434
0.0603219
0.0614624
0.0626772
0.0638677
0.0650605
0.0663109
0.0675886
0.0688619
0.0701627
0.0715269
0.0728808
0.0742487
0.0756723
0.0771371
0.0785736
0.0800692
0.0816001
0.083146
0.0847211
0.0863286
0.0879725
0.0896382
0.0913415
0.0930738
0.0948486
0.0966399
0.0984906
0.100357
0.102265
0.104201
0.10619
0.108201
0.110247
0.112351
0.114477
0.116644
0.118862
0.121091
0.123401
0.125709
0.128093
0.130512
0.1329
0.13525
0.137266
0.022606
0.0234576
0.0243203
0.0249407
0.0253102
0.0255914
0.0259551
0.0264699
0.0269842
0.0273055
0.0273873
0.0274589
0.0277657
0.0282622
0.0287832
0.0291291
0.0293515
0.0297635
0.0304164
0.0311125
0.0316303
0.0319857
0.0325023
0.0332241
0.0338497
0.0343786
0.0350074
0.0357216
0.0363748
0.0369799
0.0376332
0.0383204
0.0390652
0.0399005
0.0406375
0.0412897
0.0420849
0.0429718
0.0437866
0.0445509
0.0453967
0.0463433
0.0472421
0.0480586
0.0489421
0.049945
0.0509769
0.0518979
0.0527802
0.0538303
0.0549716
0.0559688
0.0569537
0.0581067
0.0592561
0.0603333
0.0614661
0.062684
0.0638774
0.0650667
0.0663159
0.0675961
0.0688686
0.0701662
0.0715327
0.0728875
0.0742524
0.0756755
0.0771419
0.078578
0.0800733
0.081604
0.0831509
0.0847253
0.0863328
0.0879782
0.0896429
0.0913458
0.0930792
0.0948541
0.096644
0.0984951
0.100361
0.102269
0.104205
0.106193
0.108205
0.11025
0.112355
0.11448
0.116647
0.118866
0.121096
0.123407
0.125716
0.128103
0.130524
0.132914
0.135267
0.137283
0.0226909
0.0234972
0.0243727
0.025058
0.0254929
0.0258076
0.0261416
0.0265785
0.0270522
0.0274192
0.0275911
0.0276734
0.0279212
0.0283563
0.0288514
0.029268
0.029547
0.0299056
0.0304769
0.0311497
0.0317409
0.0321571
0.0326089
0.0332618
0.0339156
0.0344808
0.0350841
0.0357708
0.036449
0.0370604
0.0376901
0.0383833
0.0391041
0.0399137
0.040703
0.0413653
0.042094
0.0429791
0.0438449
0.0446014
0.0454035
0.0463526
0.0472807
0.0480932
0.0489534
0.0499497
0.0509948
0.0519298
0.0527982
0.053829
0.0549824
0.0559921
0.0569648
0.0581104
0.0592687
0.0603459
0.0614701
0.0626903
0.0638878
0.0650739
0.0663207
0.0676032
0.0688758
0.07017
0.0715384
0.0728945
0.0742564
0.0756791
0.0771468
0.0785828
0.0800774
0.0816078
0.0831562
0.0847299
0.0863371
0.087984
0.0896475
0.0913502
0.0930848
0.0948599
0.0966481
0.0984995
0.100365
0.102273
0.104209
0.106197
0.108209
0.110254
0.112359
0.114483
0.11665
0.11887
0.121101
0.123413
0.125723
0.128113
0.130536
0.132928
0.135283
0.1373
0.0228091
0.0235496
0.0244207
0.0251599
0.0256596
0.026007
0.0263313
0.0267111
0.0271346
0.0275089
0.0277553
0.0278803
0.0280851
0.028471
0.0289313
0.0293754
0.0297171
0.0300617
0.0305678
0.0311941
0.0318169
0.032305
0.0327395
0.0333225
0.0339689
0.0345659
0.0351705
0.0358301
0.0365128
0.0371452
0.0377545
0.0384376
0.0391548
0.0399302
0.0407434
0.0414505
0.0421306
0.0429717
0.0438842
0.0446686
0.0454227
0.0463478
0.0473134
0.0481399
0.0489707
0.04995
0.0510088
0.051964
0.0528209
0.0538269
0.0549903
0.0560169
0.056978
0.058113
0.0592811
0.0603599
0.0614744
0.0626959
0.0638987
0.0650825
0.0663254
0.06761
0.0688837
0.070174
0.0715436
0.072902
0.0742612
0.0756822
0.0771512
0.078588
0.080082
0.0816118
0.0831615
0.084734
0.086341
0.08799
0.0896524
0.0913549
0.0930905
0.0948658
0.0966525
0.0985041
0.100369
0.102277
0.104213
0.1062
0.108213
0.110258
0.112363
0.114487
0.116654
0.118874
0.121106
0.12342
0.125731
0.128123
0.130548
0.132943
0.135299
0.137317
0.022963
0.0236345
0.0244764
0.0252458
0.0258041
0.0261857
0.0265126
0.0268598
0.0272379
0.0275938
0.0278822
0.028067
0.028253
0.0285927
0.0290254
0.0294702
0.0298615
0.0302172
0.0306781
0.0312557
0.0318756
0.0324226
0.0328763
0.0334096
0.0340276
0.0346378
0.0352521
0.0358962
0.0365697
0.0372225
0.0378288
0.03849
0.0392082
0.0399635
0.040769
0.0415242
0.0421956
0.042968
0.0438941
0.0447391
0.0454678
0.0463377
0.0473287
0.0481934
0.048999
0.0499457
0.0510163
0.052001
0.0528505
0.0538253
0.0549939
0.0560427
0.0569941
0.0581147
0.0592929
0.0603754
0.0614794
0.0627006
0.0639094
0.0650921
0.0663302
0.0676162
0.068892
0.070178
0.0715488
0.07291
0.0742664
0.075685
0.0771558
0.0785941
0.0800867
0.0816155
0.0831671
0.0847392
0.0863454
0.0879966
0.0896574
0.0913594
0.0930961
0.0948716
0.0966571
0.0985087
0.100374
0.102282
0.104218
0.106204
0.108218
0.110262
0.112367
0.11449
0.116658
0.118879
0.121111
0.123426
0.125739
0.128133
0.13056
0.132957
0.135316
0.137335
0.0231315
0.0237503
0.0245485
0.0253229
0.0259293
0.0263504
0.0266844
0.0270126
0.0273561
0.0276845
0.0279818
0.0282211
0.0284198
0.0287188
0.0291276
0.0295648
0.0299826
0.0303592
0.0307965
0.0313369
0.0319334
0.0325149
0.0330057
0.033514
0.0340985
0.0347034
0.035325
0.0359641
0.0366252
0.037291
0.0379102
0.0385511
0.0392562
0.0400038
0.0407913
0.0415766
0.0422759
0.04299
0.0438831
0.0447926
0.0455391
0.0463391
0.0473217
0.048243
0.0490453
0.0499429
0.0510125
0.052037
0.0528875
0.0538248
0.054992
0.0560687
0.0570143
0.0581155
0.0593035
0.060393
0.0614857
0.0627042
0.0639201
0.0651034
0.0663353
0.0676222
0.0689008
0.0701823
0.0715534
0.0729184
0.0742725
0.0756875
0.0771595
0.0786007
0.0800914
0.0816194
0.0831729
0.084743
0.0863494
0.0880027
0.0896624
0.0913641
0.0931021
0.0948776
0.0966618
0.0985129
0.100378
0.102286
0.104223
0.106207
0.108223
0.110267
0.112371
0.114494
0.116661
0.118885
0.121117
0.123433
0.125748
0.128144
0.130572
0.132971
0.135332
0.137352
0.0232951
0.0238835
0.0246401
0.0254029
0.026041
0.0265006
0.0268449
0.0271591
0.0274798
0.027787
0.028074
0.0283439
0.0285746
0.0288496
0.0292297
0.0296571
0.0300866
0.0304877
0.0309166
0.0314313
0.0319997
0.0325886
0.033117
0.0336233
0.0341831
0.034772
0.0353907
0.0360314
0.0366853
0.037355
0.0379878
0.038618
0.0393013
0.0400447
0.0408216
0.0416129
0.0423513
0.0430414
0.0438706
0.0448133
0.045619
0.0463694
0.0473024
0.048274
0.0491078
0.0499524
0.0509965
0.0520676
0.0529348
0.0538289
0.0549839
0.0560931
0.0570389
0.0581159
0.0593113
0.0604121
0.0614938
0.0627062
0.0639299
0.0651157
0.0663405
0.0676279
0.0689102
0.0701866
0.0715576
0.0729276
0.0742794
0.0756892
0.0771634
0.0786083
0.0800967
0.0816232
0.0831791
0.0847541
0.0863543
0.0880095
0.0896681
0.0913688
0.0931078
0.0948835
0.096667
0.0985175
0.100383
0.102291
0.104228
0.106211
0.108227
0.110271
0.112375
0.114498
0.116666
0.11889
0.121123
0.12344
0.125757
0.128154
0.130585
0.132986
0.135348
0.137369
0.0234501
0.024024
0.0247479
0.025487
0.0261376
0.0266309
0.0269928
0.0272984
0.0276023
0.0278976
0.0281691
0.0284439
0.0287054
0.0289787
0.0293312
0.0297471
0.0301826
0.0306044
0.031033
0.0315289
0.0320745
0.0326538
0.0332107
0.0337292
0.0342733
0.034847
0.0354562
0.0360976
0.0367451
0.0374114
0.0380569
0.0386913
0.0393554
0.0400848
0.040856
0.0416426
0.0424095
0.0431095
0.0438779
0.0448082
0.0456833
0.0464305
0.0472907
0.0482756
0.0491714
0.0499838
0.0509728
0.052084
0.0529913
0.0538422
0.0549694
0.0561142
0.0570691
0.0581177
0.059316
0.0604325
0.0615053
0.0627073
0.0639385
0.0651297
0.066346
0.067633
0.0689201
0.0701911
0.0715609
0.0729371
0.074287
0.0756906
0.0771664
0.0786165
0.0801014
0.0816266
0.0831851
0.0847576
0.0863586
0.0880154
0.0896735
0.0913737
0.0931138
0.0948893
0.0966723
0.0985216
0.100388
0.102296
0.104234
0.106214
0.108231
0.110276
0.112379
0.114503
0.11667
0.118895
0.121128
0.123447
0.125765
0.128165
0.130597
0.133
0.135364
0.137385
0.0235971
0.0241654
0.024865
0.0255764
0.0262243
0.0267434
0.0271267
0.027431
0.0277161
0.0280021
0.0282658
0.0285335
0.0288122
0.0290969
0.0294331
0.0298343
0.0302718
0.0307082
0.0311402
0.0316237
0.0321565
0.0327211
0.0332878
0.0338247
0.0343662
0.0349305
0.0355236
0.0361555
0.0368008
0.037466
0.0381223
0.0387648
0.0394158
0.0401248
0.0408908
0.0416741
0.0424541
0.0431782
0.0439109
0.0447975
0.0457155
0.0465029
0.0473085
0.0482588
0.0492174
0.0500396
0.050955
0.0520782
0.0530498
0.0538695
0.0549492
0.0561279
0.0571037
0.058122
0.0593168
0.0604527
0.0615205
0.062708
0.0639452
0.0651451
0.0663521
0.0676379
0.0689313
0.0701961
0.0715633
0.0729473
0.074296
0.0756915
0.0771693
0.0786257
0.0801073
0.0816301
0.0831912
0.0847638
0.0863635
0.0880216
0.0896796
0.0913791
0.0931198
0.0948954
0.0966783
0.0985263
0.100393
0.102301
0.104239
0.106218
0.108236
0.110282
0.112383
0.114508
0.116675
0.118902
0.121135
0.123454
0.125775
0.128176
0.130609
0.133014
0.13538
0.137402
0.0237331
0.0243011
0.0249852
0.0256731
0.0263056
0.0268376
0.0272414
0.027551
0.0278203
0.0280941
0.0283586
0.028619
0.0289011
0.0291976
0.0295316
0.0299192
0.0303509
0.0307983
0.0312391
0.0317166
0.0322378
0.0327896
0.0333563
0.0339107
0.0344558
0.0350112
0.0355919
0.0362122
0.0368564
0.03752
0.0381797
0.0388313
0.0394789
0.0401693
0.0409253
0.0417068
0.0424916
0.0432395
0.0439623
0.0448005
0.0457232
0.0465634
0.0473577
0.0482447
0.0492318
0.0501057
0.050959
0.0520529
0.0531003
0.0539159
0.0549292
0.0561313
0.0571411
0.0581301
0.0593134
0.0604706
0.0615391
0.0627084
0.0639484
0.0651608
0.0663588
0.0676411
0.0689425
0.0702017
0.0715641
0.0729569
0.0743058
0.075692
0.0771701
0.0786347
0.0801123
0.0816334
0.0831967
0.0847686
0.0863685
0.0880266
0.0896851
0.0913844
0.0931251
0.0949006
0.0966837
0.0985303
0.100398
0.102307
0.104244
0.106222
0.10824
0.110287
0.112387
0.114512
0.11668
0.118907
0.121141
0.123461
0.125784
0.128187
0.130622
0.133028
0.135395
0.137417
0.0238575
0.024429
0.0251042
0.0257731
0.0263842
0.0269141
0.0273327
0.0276521
0.0279145
0.028172
0.0284368
0.0286957
0.0289769
0.0292813
0.0296175
0.0299989
0.0304238
0.030881
0.0313301
0.0318035
0.0323175
0.0328619
0.0334218
0.0339799
0.0345342
0.0350888
0.035664
0.0362721
0.0369059
0.0375684
0.0382302
0.0388908
0.0395427
0.0402185
0.0409604
0.0417377
0.0425239
0.0432911
0.0440192
0.0448206
0.0457226
0.046601
0.0474231
0.0482572
0.0492228
0.0501627
0.0509936
0.05202
0.0531309
0.0539812
0.0549184
0.0561232
0.0571812
0.0581464
0.0593092
0.0604877
0.0615626
0.0627121
0.0639498
0.0651773
0.0663683
0.067644
0.0689543
0.0702094
0.071564
0.0729658
0.0743183
0.0756937
0.0771765
0.0786448
0.0801199
0.0816366
0.0832027
0.0847754
0.0863744
0.0880319
0.0896914
0.0913913
0.0931312
0.094907
0.0966905
0.0985354
0.100403
0.102313
0.104249
0.106227
0.108246
0.110293
0.112391
0.114518
0.116686
0.118913
0.121148
0.123469
0.125793
0.128198
0.130633
0.133042
0.13541
0.137433
0.0239748
0.0245453
0.0252143
0.0258702
0.0264612
0.0269768
0.0274007
0.0277284
0.0279912
0.0282339
0.0284944
0.0287583
0.0290398
0.0293487
0.0296882
0.0300738
0.0304938
0.0309525
0.031412
0.0318866
0.0323958
0.0329296
0.0334822
0.0340409
0.034607
0.0351649
0.0357308
0.0363298
0.0369505
0.0376106
0.0382754
0.0389408
0.0396025
0.0402695
0.0409962
0.0417657
0.0425494
0.0433332
0.0440729
0.0448501
0.0457217
0.0466119
0.0474761
0.0482938
0.0492043
0.0501877
0.0510486
0.0519936
0.0531273
0.0540508
0.0549221
0.0560968
0.0572125
0.0581682
0.0592993
0.0604983
0.0615871
0.0627158
0.0639472
0.0651912
0.0663787
0.0676456
0.0689649
0.0702182
0.071563
0.0729729
0.0743298
0.0756947
0.0771762
0.0786533
0.080125
0.0816401
0.0832074
0.084781
0.0863803
0.0880358
0.0896969
0.0913979
0.0931357
0.0949117
0.0966959
0.0985396
0.100408
0.102319
0.104253
0.106231
0.10825
0.110297
0.112395
0.114522
0.116692
0.118918
0.121154
0.123476
0.125802
0.128208
0.130645
0.133055
0.135424
0.137448
0.0240817
0.0246445
0.0253065
0.0259502
0.0265237
0.0270194
0.0274383
0.0277711
0.0280397
0.0282768
0.0285302
0.0288033
0.0290903
0.0294076
0.0297524
0.0301431
0.0305643
0.0310226
0.031494
0.0319696
0.0324753
0.0330027
0.0335506
0.0341049
0.0346721
0.0352387
0.0357986
0.0363946
0.0370048
0.0376548
0.0383228
0.0389892
0.0396629
0.040329
0.0410398
0.0417997
0.042576
0.0433718
0.0441292
0.0448935
0.0457393
0.0466204
0.0475143
0.0483548
0.0492092
0.0501875
0.0511133
0.0520013
0.0531024
0.0541167
0.0549615
0.0560691
0.0572344
0.0582057
0.0592936
0.0605055
0.0616171
0.0627245
0.0639444
0.0652047
0.0663914
0.0676478
0.0689756
0.0702295
0.0715614
0.0729784
0.0743452
0.0756981
0.0771774
0.0786611
0.0801325
0.0816444
0.0832122
0.0847879
0.086387
0.0880396
0.0897028
0.0914062
0.0931412
0.0949177
0.0967032
0.0985449
0.100413
0.102325
0.104258
0.106236
0.108256
0.110303
0.1124
0.114527
0.116698
0.118924
0.121161
0.123484
0.125812
0.128219
0.130656
0.133068
0.135439
0.137462
0.0241984
0.0247269
0.0253601
0.0259806
0.0265328
0.0269997
0.027396
0.0277234
0.0279964
0.0282378
0.0284885
0.0287738
0.0290794
0.0294139
0.029772
0.0301713
0.030605
0.0310656
0.0315471
0.0320282
0.0325328
0.0330577
0.0335979
0.0341478
0.0347101
0.0352895
0.0358507
0.0364409
0.0370478
0.0376845
0.0383543
0.039022
0.0397056
0.0403801
0.0410771
0.0418273
0.0425943
0.0433923
0.0441707
0.0449318
0.0457574
0.046625
0.047523
0.048401
0.0492345
0.0501687
0.0511524
0.0520333
0.0530634
0.0541438
0.0550192
0.0560458
0.0572291
0.0582463
0.059292
0.0604992
0.0616465
0.0627368
0.0639375
0.0652147
0.0664046
0.0676485
0.0689847
0.070243
0.0715595
0.0729799
0.0743591
0.0757026
0.0771765
0.0786667
0.0801393
0.0816493
0.0832159
0.0847946
0.0863941
0.0880432
0.0897089
0.0914145
0.0931455
0.0949223
0.0967095
0.0985497
0.100418
0.102331
0.104262
0.10624
0.108261
0.110307
0.112404
0.114532
0.116704
0.118929
0.121167
0.123491
0.12582
0.128228
0.130666
0.133079
0.135452
0.137476
0.0244985
0.0250103
0.0256096
0.0261893
0.0266981
0.0271147
0.0274591
0.027752
0.0280104
0.0282492
0.0284936
0.0287784
0.0290966
0.0294452
0.0298169
0.0302209
0.0306625
0.0311275
0.0316114
0.0320961
0.0325944
0.0331168
0.0336514
0.0341991
0.0347547
0.0353383
0.0359098
0.0364907
0.0370979
0.0377259
0.0383903
0.0390602
0.0397454
0.0404334
0.0411216
0.0418612
0.0426226
0.0434121
0.0442091
0.0449772
0.0457871
0.046645
0.0475297
0.0484299
0.0492784
0.0501665
0.0511686
0.0520828
0.0530472
0.054142
0.0550847
0.0560515
0.0572077
0.0582828
0.0593068
0.0604859
0.0616711
0.0627598
0.0639311
0.0652204
0.0664211
0.0676497
0.0689913
0.0702599
0.0715592
0.0729773
0.0743733
0.075712
0.0771761
0.0786712
0.0801476
0.0816547
0.0832186
0.0848004
0.0864002
0.0880451
0.0897145
0.0914228
0.0931496
0.094927
0.0967161
0.0985544
0.100424
0.102337
0.104267
0.106245
0.108267
0.110312
0.112408
0.114538
0.11671
0.118935
0.121172
0.123498
0.125829
0.128238
0.130677
0.133091
0.135464
0.137488
0.024209
0.0246822
0.0252552
0.0258274
0.0263499
0.026796
0.0271759
0.0275155
0.0278306
0.0281348
0.0284315
0.0287506
0.0290975
0.0294711
0.0298621
0.0302725
0.0307144
0.0311813
0.0316637
0.0321484
0.032641
0.0331576
0.0336903
0.0342353
0.034787
0.0353669
0.0359518
0.0365315
0.037136
0.0377656
0.0384208
0.0390941
0.0397766
0.0404758
0.0411649
0.0418906
0.0426517
0.0434265
0.0442324
0.0450159
0.0458162
0.0466674
0.0475363
0.0484417
0.0493195
0.0501849
0.0511713
0.0521236
0.0530549
0.0541225
0.0551351
0.0560836
0.0571842
0.0583052
0.0593365
0.0604734
0.0616821
0.0627909
0.0639296
0.0652162
0.066439
0.0676528
0.068992
0.0702799
0.0715622
0.0729684
0.0743842
0.0757253
0.0771749
0.0786696
0.0801559
0.0816637
0.0832216
0.0848087
0.0864091
0.0880492
0.0897227
0.0914334
0.0931546
0.0949326
0.0967243
0.0985607
0.10043
0.102343
0.104271
0.10625
0.108273
0.110316
0.112413
0.114543
0.116717
0.118941
0.121179
0.123506
0.125838
0.128247
0.130686
0.133103
0.135476
0.1375
0.0256249
0.0257218
0.025779
0.025886
0.0260729
0.0263359
0.0266536
0.0270172
0.0274078
0.0278153
0.0282157
0.028616
0.029024
0.0294439
0.0298698
0.0302966
0.0307403
0.0312062
0.0316904
0.0321771
0.032668
0.0331767
0.0337087
0.0342537
0.0348026
0.0353775
0.0359682
0.0365582
0.0371594
0.0377931
0.0384423
0.0391157
0.0397976
0.0404987
0.0412001
0.0419127
0.0426735
0.0434398
0.044242
0.0450475
0.0458421
0.0466865
0.0475429
0.0484375
0.0493427
0.0502113
0.0511709
0.0521423
0.0530731
0.0541005
0.0551528
0.0561238
0.0571674
0.0583024
0.0593684
0.0604673
0.0616745
0.0628241
0.0639396
0.0652029
0.0664566
0.0676617
0.0689856
0.0703018
0.0715722
0.0729533
0.074392
0.0757449
0.0771753
0.0786653
0.0801637
0.0816717
0.0832221
0.084812
0.0864136
0.0880488
0.0897275
0.0914403
0.0931564
0.094935
0.0967296
0.0985644
0.100434
0.102347
0.104274
0.106255
0.108278
0.11032
0.112416
0.114548
0.116721
0.118945
0.121183
0.123512
0.125844
0.128255
0.130693
0.133109
0.135486
0.13751
0.0242691
0.0246855
0.0251748
0.0256588
0.0261026
0.0265007
0.026852
0.0271833
0.0275145
0.0278646
0.0282313
0.0286127
0.0290152
0.0294388
0.0298803
0.0303225
0.0307737
0.0312403
0.0317271
0.0322206
0.0327133
0.0332177
0.0337424
0.0342869
0.0348306
0.0353976
0.0359843
0.036586
0.0371928
0.037824
0.038475
0.0391444
0.0398276
0.0405223
0.0412335
0.0419451
0.0426941
0.0434647
0.0442528
0.0450722
0.0458733
0.0467045
0.0475627
0.048437
0.049358
0.0502485
0.0511809
0.0521554
0.0530974
0.0541003
0.0551598
0.0561646
0.0571827
0.0582925
0.059398
0.0604844
0.0616543
0.0628514
0.063966
0.0651816
0.0664689
0.0676788
0.0689711
0.0703214
0.0715927
0.0729332
0.0743922
0.07577
0.0771762
0.0786562
0.0801718
0.0816826
0.0832265
0.0848209
0.0864229
0.0880545
0.0897384
0.0914526
0.093163
0.094942
0.0967393
0.0985728
0.100441
0.102354
0.10428
0.106261
0.108284
0.110325
0.112422
0.114554
0.116728
0.118952
0.12119
0.12352
0.125853
0.128263
0.130706
0.133123
0.135496
0.13752
0.0257187
0.0257245
0.0256605
0.0256425
0.0257185
0.0259045
0.0261882
0.0265517
0.0269773
0.0274441
0.0279343
0.0284246
0.0289115
0.0293902
0.0298664
0.0303332
0.0307945
0.0312604
0.0317387
0.0322314
0.0327231
0.0332266
0.0337443
0.0342858
0.0348315
0.0353931
0.0359784
0.036587
0.0372076
0.0378361
0.0384882
0.039159
0.0398405
0.040533
0.041243
0.0419663
0.0427036
0.0434775
0.0442639
0.0450774
0.0458971
0.0467135
0.0475747
0.0484404
0.0493527
0.0502752
0.0511896
0.0521571
0.0531128
0.0541001
0.0551568
0.0561763
0.0572012
0.0582822
0.059399
0.0605114
0.0616344
0.0628538
0.0640061
0.0651634
0.066466
0.0677058
0.0689536
0.0703269
0.0716234
0.0729155
0.0743797
0.0757963
0.0771849
0.0786437
0.0801763
0.081692
0.0832252
0.0848234
0.0864261
0.0880514
0.0897416
0.0914584
0.0931631
0.0949424
0.0967426
0.0985752
0.100444
0.102357
0.104282
0.106264
0.108288
0.110327
0.112424
0.114558
0.116731
0.118954
0.121193
0.123524
0.125857
0.128268
0.130711
0.133128
0.135503
0.137526
0.0250858
0.0250723
0.025013
0.0250162
0.0251294
0.0253676
0.0257247
0.0261732
0.0266857
0.0272296
0.027786
0.0283325
0.0288618
0.0293713
0.0298634
0.0303408
0.0308067
0.0312721
0.0317441
0.0322318
0.0327222
0.0332247
0.0337417
0.0342796
0.0348285
0.0353896
0.0359749
0.0365861
0.0372127
0.0378441
0.0384939
0.039168
0.0398476
0.0405404
0.0412474
0.0419746
0.042712
0.0434806
0.0442728
0.0450795
0.0459065
0.0467237
0.0475794
0.0484524
0.0493532
0.0502888
0.051207
0.0521615
0.0531297
0.0541112
0.0551639
0.0561884
0.0572199
0.0582956
0.0594003
0.0605325
0.0616414
0.0628452
0.0640335
0.0651689
0.0664529
0.067727
0.0689553
0.0703193
0.0716463
0.0729205
0.074363
0.0758053
0.0771991
0.0786391
0.0801763
0.0817041
0.0832324
0.0848307
0.0864389
0.08806
0.0897509
0.0914724
0.0931737
0.094951
0.0967529
0.0985851
0.100452
0.102365
0.104289
0.106271
0.108295
0.110333
0.11243
0.114564
0.116738
0.118962
0.1212
0.123531
0.125864
0.128276
0.130718
0.133136
0.135511
0.137533
)
;

boundaryField
{
    zeroGradientPlanes
    {
        type            zeroGradient;
    }
    inlet
    {
        type            zeroGradient;
    }
    plate
    {
        type            zeroGradient;
    }
    frontAndBack
    {
        type            empty;
    }
}


// ************************************************************************* //
