/*--------------------------------*- C++ -*----------------------------------*\
| =========                 |                                                 |
| \\      /  F ield         | OpenFOAM: The Open Source CFD Toolbox           |
|  \\    /   O peration     | Version:  v1912                                 |
|   \\  /    A nd           | Website:  www.openfoam.com                      |
|    \\/     M anipulation  |                                                 |
\*---------------------------------------------------------------------------*/
FoamFile
{
    version     2.0;
    format      ascii;
    class       volScalarField;
    location    "4.95";
    object      p;
}
// * * * * * * * * * * * * * * * * * * * * * * * * * * * * * * * * * * * * * //

dimensions      [0 2 -2 0 0 0 0];


internalField   nonuniform List<scalar> 
9600
(
-2.35971e-10
0.002612
-0.00151638
0.0126345
0.021023
0.0151488
0.0127934
0.0151777
0.0111628
0.00988887
0.0110703
0.011802
0.0111937
0.0127072
0.0116492
0.0108015
0.0112739
0.0129138
0.0126146
0.0157483
6.00166e-06
0.00255328
-0.00150168
0.0126715
0.0208098
0.0151443
0.0127925
0.0151574
0.0111964
0.00991012
0.0110587
0.0117917
0.0112005
0.0126858
0.0116579
0.0107999
0.0112873
0.0129178
0.0127638
0.0155325
5.03012e-06
0.00249286
-0.00148147
0.012708
0.0206559
0.0151391
0.0127881
0.0151252
0.0112397
0.0099357
0.0110441
0.0117829
0.0112086
0.0126651
0.0116748
0.0108017
0.0113169
0.0129127
0.0128053
0.0152656
1.6441e-06
0.00244644
-0.00144602
0.0127329
0.0204794
0.015131
0.0127838
0.0150837
0.0112809
0.00996425
0.0110293
0.0117788
0.0112178
0.0126469
0.0116923
0.0108065
0.0113474
0.0128866
0.0128326
0.0150038
-2.22156e-06
0.0024211
-0.00139009
0.012739
0.0202853
0.0151237
0.0127824
0.0150322
0.0113221
0.00999561
0.0110121
0.0117755
0.0112281
0.0126264
0.0117091
0.0108098
0.0113743
0.0128554
0.0128442
0.0147412
-4.09622e-06
0.00242526
-0.00130738
0.0127143
0.020076
0.0151178
0.0127844
0.0149746
0.0113648
0.0100261
0.0109924
0.0117703
0.0112391
0.0126016
0.0117258
0.0108098
0.0113999
0.0128256
0.0128356
0.0144776
-1.85718e-06
0.00246174
-0.00119707
0.0126577
0.0198562
0.0151114
0.0127892
0.0149149
0.0114072
0.0100547
0.0109732
0.011763
0.0112506
0.0125728
0.0117425
0.0108064
0.0114253
0.0127974
0.0128083
0.014223
6.00598e-06
0.00252816
-0.00106163
0.0125747
0.019632
0.0151016
0.0127953
0.0148546
0.0114483
0.0100828
0.0109577
0.0117535
0.0112617
0.0125404
0.0117582
0.0107993
0.0114491
0.0127715
0.0127677
0.0139804
1.99573e-05
0.00262013
-0.000904756
0.0124756
0.0194081
0.0150865
0.0128011
0.0147936
0.0114879
0.0101118
0.0109476
0.0117421
0.0112717
0.0125047
0.0117722
0.0107886
0.0114693
0.0127493
0.0127154
0.0137458
3.96575e-05
0.00273331
-0.000729856
0.0123684
0.0191871
0.0150657
0.0128056
0.0147316
0.0115263
0.0101417
0.0109432
0.0117289
0.0112802
0.0124657
0.011784
0.0107752
0.0114837
0.0127304
0.012651
0.0135167
6.44786e-05
0.00286367
-0.000540083
0.0122583
0.0189694
0.0150395
0.0128084
0.0146683
0.0115641
0.0101722
0.0109441
0.0117142
0.0112877
0.0124241
0.0117934
0.0107606
0.011491
0.0127135
0.0125764
0.0132925
9.39627e-05
0.00300715
-0.000338757
0.0121473
0.0187537
0.0150083
0.0128094
0.014604
0.0116017
0.0102026
0.0109492
0.011698
0.0112946
0.0123802
0.0118003
0.0107461
0.0114904
0.0126972
0.0124943
0.0130703
0.000127989
0.00315964
-0.00012924
0.0120354
0.018538
0.0149724
0.0128082
0.0145388
0.0116398
0.0102323
0.0109573
0.0116805
0.0113013
0.0123347
0.0118043
0.0107329
0.0114813
0.0126802
0.0124072
0.0128459
0.000166698
0.00331743
8.56475e-05
0.0119223
0.0183205
0.0149315
0.0128051
0.0144729
0.0116786
0.0102607
0.0109673
0.0116618
0.0113079
0.0122884
0.0118047
0.0107218
0.0114635
0.0126607
0.0123174
0.0126167
0.000210314
0.00347752
0.000304054
0.0118077
0.0181003
0.0148855
0.0128004
0.0144062
0.0117185
0.0102874
0.0109784
0.0116424
0.0113142
0.0122421
0.0118013
0.0107132
0.0114377
0.0126363
0.0122277
0.0123826
0.000259042
0.00363783
0.000525108
0.0116914
0.0178768
0.0148343
0.0127942
0.0143388
0.0117594
0.0103122
0.01099
0.0116231
0.0113197
0.0121964
0.0117936
0.0107068
0.0114053
0.0126049
0.0121402
0.0121454
0.000313058
0.00379702
0.000748757
0.0115737
0.0176501
0.0147778
0.0127868
0.0142703
0.0118015
0.010335
0.0110017
0.0116046
0.0113239
0.012152
0.0117816
0.0107023
0.0113683
0.0125647
0.0120559
0.0119077
0.000372527
0.00395422
0.000975468
0.0114549
0.0174203
0.0147159
0.0127781
0.0142003
0.0118445
0.0103558
0.0110129
0.0115879
0.0113264
0.012109
0.0117656
0.0106986
0.0113282
0.0125148
0.0119749
0.0116734
0.000437604
0.00410893
0.00120583
0.0113354
0.017188
0.0146488
0.0127682
0.0141287
0.0118886
0.0103749
0.0110232
0.0115741
0.011327
0.0120672
0.0117461
0.0106947
0.0112863
0.0124547
0.0118965
0.0114467
0.000508453
0.00426084
0.0014404
0.0112153
0.0169534
0.0145763
0.0127568
0.0140553
0.0119334
0.0103925
0.0110319
0.0115638
0.0113255
0.0120262
0.011724
0.0106894
0.0112428
0.012385
0.0118196
0.011232
0.000585256
0.00440981
0.00167957
0.0110949
0.0167172
0.0144984
0.0127436
0.0139801
0.011979
0.010409
0.0110384
0.0115575
0.0113219
0.011985
0.0117001
0.010682
0.0111978
0.0123071
0.0117428
0.0110329
0.000668232
0.00455568
0.00192352
0.0109743
0.0164796
0.0144152
0.0127283
0.0139032
0.0120252
0.0104248
0.0110415
0.0115555
0.0113167
0.0119429
0.0116746
0.0106715
0.0111515
0.0122231
0.011664
0.0108515
0.000757639
0.00469821
0.00217215
0.0108535
0.016241
0.0143266
0.0127105
0.0138247
0.0120717
0.0104402
0.0110405
0.0115576
0.0113104
0.011899
0.011648
0.010657
0.0111035
0.0121357
0.0115814
0.0106868
0.000853765
0.00483709
0.00242508
0.0107326
0.0160016
0.0142328
0.0126899
0.0137445
0.0121183
0.0104557
0.0110343
0.0115635
0.0113037
0.011853
0.0116203
0.0106381
0.0110529
0.0120474
0.0114942
0.0105356
0.000956891
0.00497197
0.00268176
0.0106119
0.0157616
0.0141341
0.012666
0.0136625
0.0121649
0.0104716
0.0110222
0.0115728
0.0112972
0.0118043
0.0115919
0.0106149
0.0109982
0.0119604
0.0114046
0.0103928
0.00106727
0.00510257
0.00294159
0.0104916
0.0155211
0.0140309
0.0126386
0.0135787
0.0122111
0.0104885
0.0110035
0.0115848
0.011292
0.0117519
0.0115631
0.0105885
0.0109376
0.0118761
0.0113173
0.0102521
0.00118513
0.00522868
0.00320392
0.010372
0.0152802
0.0139238
0.0126073
0.0134928
0.0122565
0.0105071
0.0109775
0.0115988
0.0112888
0.0116951
0.0115336
0.0105605
0.0108692
0.0117945
0.0112381
0.0101106
0.00131067
0.00535021
0.00346794
0.0102532
0.0150392
0.0138132
0.012572
0.0134043
0.0123007
0.0105283
0.0109439
0.0116137
0.0112891
0.011633
0.0115029
0.0105333
0.0107924
0.0117124
0.011172
0.00997188
0.00144406
0.00546721
0.00373278
0.0101358
0.0147979
0.0136996
0.0125327
0.0133132
0.0123431
0.0105529
0.010902
0.0116284
0.0112942
0.0115649
0.0114704
0.0105096
0.010707
0.011625
0.0111227
0.00984631
0.00158539
0.0055798
0.00399755
0.0100202
0.0145566
0.0135837
0.0124896
0.0132189
0.0123828
0.0105822
0.0108516
0.0116413
0.0113057
0.0114902
0.0114347
0.0104923
0.0106144
0.0115274
0.0110902
0.00974549
0.00173469
0.00568817
0.00426131
0.00990681
0.0143153
0.0134659
0.0124429
0.0131213
0.0124185
0.0106173
0.0107924
0.0116508
0.0113257
0.0114085
0.0113927
0.0104842
0.0105188
0.0114151
0.0110678
0.00968062
0.00189192
0.00579254
0.00452312
0.00979645
0.0140742
0.0133464
0.0123932
0.0130204
0.012449
0.0106591
0.010725
0.0116541
0.0113558
0.0113213
0.0113407
0.0104873
0.0104264
0.0112854
0.0110449
0.00965885
0.00205688
0.00589319
0.00478212
0.00968981
0.0138337
0.0132254
0.0123411
0.0129167
0.0124724
0.0107082
0.010651
0.0116473
0.0113967
0.0112318
0.0112752
0.0105015
0.0103432
0.0111391
0.0110121
0.00967628
0.00222932
0.00599045
0.00503751
0.00958768
0.013594
0.0131029
0.0122873
0.0128106
0.012487
0.0107645
0.0105733
0.0116269
0.0114482
0.0111441
0.0111924
0.0105249
0.0102755
0.0109806
0.010961
0.00972088
0.00240889
0.00608474
0.00528848
0.00949076
0.0133558
0.0129787
0.012232
0.0127031
0.0124912
0.0108272
0.0104945
0.0115894
0.01151
0.0110641
0.011087
0.0105509
0.0102316
0.0108172
0.0108845
0.00977787
0.0025952
0.00617651
0.00553443
0.00939962
0.0131195
0.0128524
0.0121756
0.0125952
0.0124837
0.0108951
0.0104182
0.0115309
0.0115783
0.0110001
0.0109576
0.0105698
0.0102193
0.0106606
0.0107777
0.00983241
0.00278781
0.0062662
0.00577492
0.00931463
0.0128858
0.0127242
0.012118
0.0124883
0.0124634
0.0109656
0.0103486
0.0114515
0.0116463
0.0109585
0.0108089
0.0105701
0.0102404
0.0105246
0.0106408
0.00986783
0.00298629
0.00635417
0.00600971
0.00923596
0.0126555
0.0125946
0.0120589
0.0123834
0.0124306
0.0110352
0.0102873
0.0113531
0.0117083
0.0109428
0.0106477
0.0105394
0.0102877
0.0104265
0.0104848
0.00986332
0.00319015
0.00644061
0.00623887
0.00916348
0.0124291
0.0124644
0.0119974
0.0122813
0.0123856
0.0111023
0.0102366
0.0112365
0.0117575
0.0109559
0.0104837
0.0104675
0.0103466
0.0103821
0.0103341
0.00980646
0.00339897
0.00652556
0.00646285
0.00909691
0.0122069
0.0123354
0.0119322
0.0121818
0.0123297
0.0111635
0.0101991
0.0111063
0.0117856
0.0109954
0.010329
0.0103531
0.0103995
0.01039
0.0102142
0.00971111
0.00361238
0.00660901
0.0066819
0.00903618
0.0119892
0.0122094
0.0118628
0.012084
0.0122656
0.011217
0.0101734
0.0109673
0.011789
0.0110549
0.0101944
0.0101994
0.0104297
0.0104394
0.0101466
0.0096064
0.00383
0.00669071
0.00689655
0.00898165
0.0117755
0.0120884
0.01179
0.0119863
0.0121942
0.011263
0.0101597
0.0108224
0.0117636
0.0111265
0.010092
0.0100149
0.0104132
0.0105167
0.0101424
0.00952973
0.00405171
0.00677007
0.00710662
0.00893467
0.0115643
0.0119731
0.0117151
0.0118872
0.0121163
0.0113001
0.0101573
0.0106767
0.0117087
0.0111998
0.0100294
0.00981806
0.0103372
0.0105877
0.0101916
0.00950633
0.00427731
0.00684694
0.00731126
0.00889698
0.0113607
0.0118634
0.0116414
0.0117854
0.0120314
0.0113297
0.0101667
0.0105323
0.0116249
0.0112706
0.0100068
0.00962915
0.0102186
0.0106358
0.0102742
0.00952916
0.00450647
0.00692121
0.00750908
0.00887152
0.0111475
0.011758
0.0115741
0.01168
0.0119381
0.0113504
0.0101894
0.0103959
0.0115094
0.0113316
0.0100352
0.00947585
0.010072
0.0106499
0.0103533
0.00954438
0.00473904
0.0069932
0.00769744
0.00886214
0.0109339
0.0116508
0.0115193
0.0115741
0.0118335
0.0113601
0.0102238
0.0102743
0.011368
0.0113741
0.0101045
0.00936483
0.00991117
0.0106235
0.0104228
0.00953934
0.0049745
0.00706366
0.00787408
0.00887109
0.0107221
0.0115368
0.0114783
0.011471
0.0117146
0.0113578
0.0102716
0.0101683
0.0112081
0.0113912
0.0101894
0.00928335
0.00970922
0.0105045
0.01046
0.00963343
0.00521249
0.00713266
0.0080366
0.00890023
0.0105156
0.0114089
0.0114511
0.0113802
0.0115829
0.0113378
0.0103302
0.0100858
0.0110356
0.0113709
0.0102975
0.00927334
0.0095266
0.0103441
0.0104553
0.00966165
0.0054523
0.00720231
0.00818355
0.00894865
0.0103201
0.0112634
0.0114329
0.0113088
0.0114425
0.0112944
0.0103947
0.0100328
0.0108567
0.0113039
0.0103897
0.00930072
0.00936099
0.0101423
0.0103949
0.00971461
0.00569336
0.00727341
0.00831358
0.00901406
0.0101425
0.0110982
0.0114124
0.0112646
0.0113012
0.0112213
0.0104559
0.0100122
0.0106808
0.0111898
0.0104516
0.00936162
0.00923381
0.00991744
0.0102968
0.00979182
0.00593485
0.00734753
0.00842612
0.00909217
0.00998843
0.0109154
0.0113802
0.011247
0.0111686
0.011119
0.010503
0.0100202
0.0105172
0.0110422
0.0104826
0.00943852
0.00915116
0.00970204
0.010172
0.00986401
0.00617587
0.00742647
0.00852093
0.00917732
0.0098632
0.0107188
0.011324
0.0112508
0.0110607
0.0109964
0.0105198
0.0100446
0.0103841
0.010883
0.0104749
0.0095066
0.00911576
0.00952671
0.0100197
0.0099059
0.00641547
0.00751133
0.00859849
0.00926433
0.00976992
0.0105156
0.0112389
0.011267
0.0109843
0.0108609
0.0104996
0.0100797
0.0102884
0.0107184
0.0104317
0.00956766
0.00911632
0.00939763
0.00985342
0.00989599
0.00665244
0.00760334
0.00866033
0.00934779
0.00970979
0.010323
0.0111217
0.011279
0.0109412
0.0107292
0.0104473
0.0101084
0.0102235
0.0105676
0.0103685
0.0096151
0.00912638
0.00930889
0.00971127
0.00983434
0.00688562
0.00770314
0.00870876
0.00942321
0.00968192
0.0101449
0.010973
0.0112742
0.0109289
0.0106156
0.0103693
0.0101162
0.010183
0.010444
0.0102909
0.0096447
0.00914456
0.00924731
0.00960775
0.00974622
0.00711355
0.00781117
0.00874732
0.0094865
0.00968208
0.00998959
0.0107976
0.0112398
0.0109388
0.0105311
0.0102785
0.0100996
0.0101541
0.0103474
0.0102127
0.00966166
0.00917106
0.0091883
0.00952408
0.00967555
0.00733491
0.00792713
0.00878037
0.0095351
0.00970306
0.00986354
0.010605
0.0111676
0.0109571
0.0104817
0.0101874
0.010059
0.0101243
0.0102737
0.0101461
0.00966571
0.00920083
0.00913586
0.00944286
0.00964144
0.00754836
0.00805047
0.00881239
0.00956753
0.00973633
0.00977158
0.0104088
0.0110542
0.0109658
0.0104652
0.010112
0.0100017
0.0100858
0.010215
0.0100929
0.00966069
0.00923313
0.00911061
0.00935511
0.00960867
0.00775288
0.00818014
0.00884719
0.00958372
0.00977289
0.00971532
0.0102242
0.0109029
0.0109502
0.0104754
0.0100647
0.00993728
0.0100312
0.0101607
0.0100545
0.00965932
0.00926172
0.00911015
0.0092716
0.00954992
0.00794774
0.00831426
0.00888747
0.00958557
0.0098044
0.00969098
0.0100621
0.0107256
0.0109024
0.0104979
0.0100458
0.00987814
0.00996415
0.0101019
0.0100273
0.00966815
0.00928019
0.00911797
0.0092179
0.00947916
0.00813252
0.0084506
0.00893447
0.00957693
0.00982616
0.00968939
0.00992917
0.0105419
0.0108212
0.0105167
0.0100505
0.00983541
0.00989502
0.0100315
0.00999569
0.00968757
0.00930404
0.0091266
0.00919578
0.00941706
0.00830693
0.00858647
0.00898898
0.00956286
0.00983652
0.00970062
0.00983976
0.0103679
0.0107123
0.0105198
0.0100723
0.00981051
0.00983047
0.00995553
0.00995165
0.00971186
0.00934958
0.00913572
0.00917909
0.00937107
0.00847095
0.0087193
0.00905104
0.00954819
0.00983596
0.00975518
0.00979056
0.0102145
0.0105845
0.0104994
0.0101018
0.0098039
0.00977493
0.00988344
0.00989865
0.00972339
0.00940964
0.00915882
0.00916132
0.00934208
0.00862475
0.00884704
0.00911977
0.00953694
0.00982345
0.00977289
0.00975911
0.0100862
0.0104491
0.0104538
0.0101289
0.00981646
0.00973235
0.00981599
0.00984459
0.00971449
0.00946615
0.00921137
0.00915816
0.00931903
0.00876873
0.00896833
0.00919336
0.00953191
0.00980247
0.00978607
0.00974339
0.00998392
0.0103175
0.0103886
0.0101431
0.00984147
0.00970865
0.00975411
0.00979402
0.00969682
0.00950474
0.00928017
0.00917849
0.00930031
0.0089034
0.00908233
0.00926948
0.00953476
0.00977704
0.00979131
0.00973917
0.00990663
0.0101971
0.0103112
0.0101416
0.00986828
0.00970461
0.0097047
0.00974528
0.00967937
0.00952403
0.00934231
0.00922327
0.00929851
0.00902916
0.00918849
0.00934584
0.00954589
0.00975106
0.00978805
0.00973868
0.00985132
0.010092
0.0102281
0.0101282
0.00989113
0.00971359
0.00967498
0.00969985
0.00966096
0.0095354
0.0093891
0.00928012
0.00931888
0.00914659
0.00928683
0.00942019
0.0095646
0.00972716
0.00977762
0.00973947
0.00981376
0.010004
0.0101441
0.0101041
0.00990982
0.00972869
0.00966457
0.00966676
0.00964114
0.00954512
0.00942346
0.00933527
0.00935682
0.00925595
0.00937739
0.00949086
0.00958982
0.00970781
0.00976077
0.00973867
0.0097901
0.00993478
0.0100652
0.0100697
0.00992346
0.00974925
0.00966803
0.00965181
0.00962467
0.00955262
0.00945293
0.00938344
0.00940327
0.00935767
0.00946034
0.00955638
0.00961941
0.00969473
0.00974059
0.00973139
0.00977257
0.00988226
0.00999889
0.0100291
0.00992796
0.00977528
0.00968371
0.00965488
0.00962037
0.00956084
0.00948205
0.00942715
0.00945224
0.00945188
0.0095365
0.00961611
0.00965093
0.00968649
0.00971954
0.00972077
0.00975675
0.0098411
0.00994647
0.00999018
0.00992231
0.00980227
0.0097111
0.00967366
0.00963467
0.00957747
0.0095141
0.00947098
0.0095012
0.0095387
0.00960582
0.00966968
0.00968288
0.00968308
0.00969748
0.00970593
0.00974234
0.00980682
0.00990328
0.00995826
0.00991446
0.00982718
0.00974898
0.00970728
0.00966873
0.009612
0.00955589
0.00952126
0.00955301
0.00961807
0.00966963
0.00971688
0.00971277
0.00968347
0.00967684
0.00968331
0.00972362
0.00977932
0.00986552
0.00992826
0.00991049
0.00985283
0.00979481
0.0097566
0.00972196
0.00967143
0.00961968
0.00959026
0.00962016
0.00968974
0.00972762
0.0097583
0.00974004
0.00968612
0.0096593
0.00965901
0.00969659
0.0097536
0.00983549
0.00989907
0.00990876
0.00988386
0.00984816
0.00982371
0.00979779
0.00975959
0.00971496
0.00969204
0.00972325
0.00975379
0.00978058
0.00979584
0.00975877
0.00968031
0.00963501
0.00962777
0.00966074
0.00971807
0.00980693
0.00987021
0.00989851
0.00991113
0.0098998
0.00989198
0.00987459
0.00984595
0.00981392
0.00980664
0.0098584
0.00981087
0.00982878
0.00983
0.00978511
0.00968323
0.00961673
0.0095921
0.00962085
0.00968468
0.00979255
0.00989325
0.00996346
0.010039
0.0100844
0.0101043
0.0100874
0.0100196
0.00992013
0.00982191
0.00977775
0.00986158
0.00986494
0.00984532
0.00977858
0.00967167
0.00958706
0.00953116
0.00951826
0.00953596
0.00958511
0.00967256
0.00980563
0.00999182
0.0101706
0.0103168
0.010457
0.0105985
0.0107563
0.010921
0.0110655
0.00991304
0.00992195
0.00990299
0.00981559
0.00967599
0.00956338
0.00950091
0.00951181
0.0095936
0.00972539
0.00988123
0.0100232
0.0101616
0.0102797
0.0103425
0.0103474
0.0102832
0.010161
0.0100179
0.00990858
0.00990652
0.00988417
0.00987959
0.00980847
0.0096634
0.00954656
0.00946772
0.00947526
0.00956505
0.00969183
0.00984161
0.00999013
0.0101303
0.0102963
0.0104677
0.0106493
0.010841
0.0110262
0.0111838
0.0112727
0.0100492
0.0100454
0.00998236
0.00983846
0.00960917
0.00941227
0.00928455
0.00926662
0.00937817
0.00957209
0.00982038
0.0100924
0.0103209
0.0105232
0.0107001
0.0108442
0.0109569
0.0110303
0.0110629
0.0110261
0.0186734
0.0133739
0.00687216
0.00188742
0.000642001
0.00172867
0.00321134
0.00450601
0.00550131
0.00614207
0.00651492
0.00686591
0.00733445
0.0076697
0.00772666
0.00781506
0.00805901
0.00831596
0.00866745
0.00911229
0.00943885
0.00966117
0.00991468
0.0101726
0.0103972
0.0106941
0.0110613
0.0113598
0.0116037
0.0119046
0.0122515
0.0125564
0.0128605
0.0132316
0.0135746
0.0138487
0.0141261
0.0144721
0.0148082
0.0150675
0.0153824
0.0157814
0.016104
0.0162756
0.0163992
0.0166088
0.0168598
0.0170941
0.0174373
0.0179302
0.0183976
0.0187623
0.0191765
0.0196885
0.0200617
0.020205
0.0203675
0.0207159
0.0212082
0.0217277
0.0221464
0.0225483
0.0229573
0.0233525
0.0237897
0.0242417
0.0246677
0.0251175
0.0256042
0.026099
0.0266206
0.027128
0.0276473
0.0281732
0.0287295
0.0292808
0.029863
0.0304282
0.0310187
0.0316615
0.0323281
0.0329584
0.0335419
0.0341744
0.0348433
0.0355478
0.0362239
0.0369525
0.0376192
0.0383304
0.0391019
0.0398095
0.0405588
0.0413414
0.0421024
0.0429307
0.0436754
0.0443913
0.0450319
0.0455751
0.0181288
0.0132662
0.00697584
0.00204855
0.00073532
0.00177277
0.00323878
0.00452443
0.00551464
0.00615271
0.00652366
0.00687336
0.00734166
0.00767685
0.00773269
0.00781986
0.00806318
0.00831935
0.00867015
0.00911494
0.00944138
0.00966327
0.00991652
0.0101743
0.0103987
0.0106954
0.0110626
0.0113611
0.0116049
0.0119056
0.0122526
0.0125575
0.0128615
0.0132327
0.0135757
0.0138498
0.014127
0.014473
0.0148092
0.0150684
0.0153831
0.0157822
0.0161049
0.0162765
0.0163999
0.0166095
0.0168605
0.0170947
0.0174378
0.0179307
0.0183981
0.0187627
0.0191768
0.0196889
0.0200622
0.0202055
0.0203679
0.0207162
0.0212085
0.0217281
0.0221467
0.0225486
0.0229576
0.0233528
0.0237899
0.024242
0.024668
0.0251177
0.0256044
0.0260992
0.0266208
0.0271281
0.0276474
0.0281734
0.0287296
0.029281
0.0298632
0.0304284
0.0310189
0.0316617
0.0323283
0.0329585
0.0335421
0.0341745
0.0348434
0.0355479
0.0362241
0.0369526
0.0376193
0.0383305
0.039102
0.0398096
0.0405589
0.0413415
0.0421025
0.0429307
0.0436755
0.0443913
0.045032
0.0455751
0.0175578
0.0130932
0.00712938
0.0023338
0.000894827
0.00182705
0.00326558
0.00454607
0.00553146
0.00616523
0.00653332
0.00688088
0.00734802
0.00768283
0.00773817
0.00782487
0.0080678
0.00832306
0.00867309
0.00911769
0.00944382
0.00966524
0.00991828
0.0101759
0.0103999
0.0106964
0.0110638
0.0113622
0.0116058
0.0119065
0.0122536
0.0125584
0.0128623
0.0132335
0.0135766
0.0138507
0.0141278
0.0144737
0.0148101
0.0150691
0.0153837
0.0157829
0.0161057
0.0162772
0.0164005
0.01661
0.016861
0.0170951
0.0174381
0.0179311
0.0183987
0.0187631
0.0191771
0.0196894
0.0200628
0.0202059
0.020368
0.0207163
0.0212087
0.0217284
0.022147
0.0225488
0.0229579
0.023353
0.0237901
0.0242422
0.0246681
0.0251179
0.0256046
0.0260993
0.026621
0.0271283
0.0276476
0.0281735
0.0287298
0.0292811
0.0298633
0.0304285
0.031019
0.0316618
0.0323284
0.0329586
0.0335422
0.0341746
0.0348435
0.035548
0.0362242
0.0369527
0.0376194
0.0383305
0.0391021
0.0398097
0.040559
0.0413416
0.0421026
0.0429308
0.0436756
0.0443914
0.0450322
0.045575
0.0170092
0.012912
0.0073236
0.00270294
0.00112257
0.00190918
0.00330912
0.00458207
0.00555768
0.00618269
0.00654663
0.00689117
0.00735519
0.00768882
0.00774483
0.00783221
0.00807499
0.00832918
0.00867795
0.00912179
0.00944735
0.00966828
0.00992094
0.0101782
0.0104017
0.010698
0.0110653
0.0113635
0.0116068
0.0119074
0.0122545
0.0125592
0.0128629
0.0132343
0.0135776
0.0138515
0.0141285
0.0144745
0.0148109
0.0150699
0.0153844
0.0157837
0.0161066
0.016278
0.016401
0.0166104
0.0168616
0.0170955
0.0174384
0.0179316
0.0183993
0.0187635
0.0191774
0.0196899
0.0200635
0.0202063
0.0203682
0.0207164
0.0212089
0.0217288
0.0221474
0.022549
0.0229581
0.0233532
0.0237903
0.0242424
0.0246683
0.0251181
0.0256047
0.0260995
0.0266211
0.0271285
0.0276477
0.0281736
0.0287299
0.0292813
0.0298634
0.0304287
0.0310191
0.0316619
0.0323285
0.0329588
0.0335423
0.0341747
0.0348436
0.0355481
0.0362243
0.0369528
0.0376195
0.0383306
0.0391022
0.0398098
0.0405591
0.0413417
0.0421026
0.0429309
0.0436757
0.0443915
0.0450324
0.0455749
0.0164699
0.0127341
0.00753874
0.00309817
0.00137851
0.00200592
0.00336145
0.00462777
0.00559188
0.00620517
0.00656435
0.00690543
0.00736391
0.00769513
0.00775339
0.00784299
0.00808584
0.00833868
0.0086853
0.00912734
0.00945229
0.00967312
0.0099253
0.0101819
0.0104048
0.0107005
0.0110673
0.0113652
0.0116083
0.0119087
0.0122555
0.0125599
0.0128635
0.013235
0.0135784
0.0138523
0.0141292
0.0144752
0.0148117
0.0150707
0.0153852
0.0157846
0.0161077
0.0162789
0.0164017
0.016611
0.0168621
0.0170959
0.0174387
0.0179321
0.0184
0.018764
0.0191777
0.0196905
0.0200644
0.0202068
0.0203683
0.0207166
0.0212093
0.0217292
0.0221478
0.0225493
0.0229584
0.0233534
0.0237905
0.0242426
0.0246685
0.0251182
0.0256049
0.0260996
0.0266213
0.0271286
0.0276479
0.0281738
0.0287301
0.0292814
0.0298636
0.0304288
0.0310192
0.031662
0.0323287
0.032959
0.0335424
0.0341748
0.0348437
0.0355482
0.0362244
0.0369529
0.0376196
0.0383307
0.0391023
0.0398099
0.0405591
0.0413418
0.0421027
0.042931
0.0436758
0.0443917
0.0450327
0.0455748
0.0159528
0.0125595
0.00774708
0.00349432
0.00164892
0.00211073
0.00341633
0.00467721
0.00563034
0.00623073
0.00658502
0.00692256
0.00737389
0.00770203
0.00776419
0.00785738
0.00810058
0.00835196
0.00869525
0.009134
0.00945826
0.0096797
0.00993159
0.0101874
0.0104097
0.0107045
0.0110703
0.0113677
0.0116107
0.0119107
0.0122568
0.0125608
0.0128641
0.0132355
0.0135791
0.0138531
0.0141299
0.0144756
0.0148123
0.0150717
0.0153863
0.0157856
0.0161089
0.0162802
0.0164026
0.0166117
0.0168627
0.0170964
0.0174391
0.0179327
0.0184008
0.0187646
0.0191782
0.0196912
0.0200653
0.0202074
0.0203684
0.0207168
0.0212096
0.0217298
0.0221482
0.0225497
0.0229588
0.0233537
0.0237908
0.0242429
0.0246688
0.0251185
0.0256051
0.0260998
0.0266216
0.0271288
0.0276481
0.0281739
0.0287302
0.0292816
0.0298637
0.030429
0.0310193
0.0316621
0.0323289
0.0329591
0.0335425
0.0341749
0.0348438
0.0355484
0.0362245
0.036953
0.0376197
0.0383308
0.0391024
0.03981
0.0405592
0.0413419
0.0421028
0.0429311
0.043676
0.0443919
0.0450331
0.0455747
0.0154656
0.0123752
0.00793291
0.0038872
0.00193558
0.00222542
0.00347305
0.00472844
0.00567173
0.00625872
0.00660757
0.00694125
0.00738473
0.00770967
0.00777682
0.00787449
0.00811839
0.00836842
0.00870737
0.00914125
0.00946452
0.00968732
0.0099394
0.0101947
0.0104166
0.0107102
0.0110744
0.0113711
0.0116142
0.0119136
0.0122587
0.012562
0.0128649
0.013236
0.0135797
0.013854
0.0141305
0.0144756
0.0148124
0.0150726
0.0153874
0.0157865
0.0161101
0.0162818
0.0164039
0.0166126
0.0168635
0.017097
0.0174397
0.0179333
0.0184015
0.0187651
0.0191787
0.0196921
0.0200664
0.0202081
0.0203686
0.020717
0.0212101
0.0217305
0.0221488
0.0225501
0.0229592
0.0233541
0.0237912
0.0242433
0.0246691
0.0251188
0.0256053
0.0261
0.0266218
0.0271291
0.0276482
0.0281741
0.0287304
0.0292818
0.0298639
0.0304291
0.0310194
0.0316622
0.0323291
0.0329593
0.0335426
0.034175
0.0348439
0.0355485
0.0362246
0.0369532
0.0376198
0.0383308
0.0391025
0.0398102
0.0405593
0.041342
0.0421029
0.0429312
0.0436762
0.0443921
0.0450336
0.0455746
0.015005
0.0121759
0.00809707
0.00428081
0.00224168
0.00235172
0.0035312
0.00478033
0.0057155
0.00628905
0.00663166
0.00696113
0.00739654
0.00771817
0.0077906
0.00789314
0.00813806
0.00838698
0.00872105
0.00914889
0.00947064
0.00969512
0.00994789
0.0102032
0.0104253
0.0107174
0.0110794
0.0113754
0.0116188
0.0119176
0.0122614
0.0125639
0.012866
0.0132365
0.0135803
0.0138551
0.0141312
0.0144752
0.0148119
0.0150732
0.0153884
0.015787
0.016111
0.0162836
0.0164058
0.0166139
0.0168646
0.0170981
0.0174405
0.017934
0.0184022
0.0187656
0.0191792
0.0196929
0.0200676
0.0202089
0.0203689
0.0207173
0.0212107
0.0217313
0.0221495
0.0225507
0.0229598
0.0233547
0.0237917
0.0242437
0.0246695
0.0251191
0.0256057
0.0261003
0.0266221
0.0271293
0.0276485
0.0281743
0.0287306
0.0292819
0.0298641
0.0304293
0.0310195
0.0316624
0.0323293
0.0329595
0.0335428
0.0341751
0.0348441
0.0355487
0.0362248
0.0369533
0.03762
0.0383309
0.0391027
0.0398103
0.0405594
0.0413421
0.042103
0.0429314
0.0436764
0.0443924
0.0450343
0.0455746
0.0145709
0.0119716
0.00824572
0.00467315
0.00256368
0.00248886
0.00359019
0.00483201
0.00576114
0.00632155
0.00665731
0.00698231
0.0074095
0.00772753
0.00780515
0.00791263
0.00815871
0.0084067
0.00873574
0.00915692
0.00947667
0.00970282
0.00995653
0.0102124
0.010435
0.0107258
0.0110852
0.0113803
0.0116243
0.0119226
0.0122649
0.0125664
0.0128676
0.0132372
0.0135812
0.0138566
0.0141322
0.0144748
0.0148112
0.0150736
0.015389
0.0157867
0.0161114
0.0162854
0.0164079
0.0166155
0.0168662
0.0171
0.0174421
0.017935
0.0184029
0.0187659
0.0191794
0.0196936
0.0200687
0.0202099
0.0203694
0.0207178
0.0212114
0.0217322
0.0221503
0.0225514
0.0229605
0.0233554
0.0237924
0.0242443
0.02467
0.0251197
0.0256061
0.0261007
0.0266225
0.0271297
0.0276488
0.0281745
0.0287308
0.0292821
0.0298643
0.0304295
0.0310197
0.0316625
0.0323295
0.0329598
0.0335429
0.0341753
0.0348442
0.0355488
0.0362249
0.0369535
0.0376202
0.038331
0.0391029
0.0398104
0.0405595
0.0413422
0.0421032
0.0429315
0.0436767
0.0443928
0.0450351
0.0455746
0.0141694
0.0117725
0.00837806
0.00505533
0.00289575
0.00263674
0.00365052
0.00488287
0.00580786
0.00635598
0.00668458
0.00700486
0.00742359
0.00773773
0.00782037
0.00793272
0.00817996
0.00842712
0.0087511
0.00916529
0.00948277
0.00971061
0.00996536
0.0102219
0.0104455
0.010735
0.0110915
0.0113855
0.0116302
0.0119282
0.0122692
0.0125697
0.0128696
0.0132379
0.0135822
0.0138585
0.0141337
0.0144745
0.0148104
0.0150741
0.0153893
0.0157857
0.0161108
0.0162867
0.0164099
0.0166171
0.0168679
0.0171025
0.0174446
0.0179368
0.018404
0.0187661
0.0191792
0.0196938
0.0200697
0.0202109
0.0203701
0.0207184
0.0212123
0.0217331
0.0221511
0.0225521
0.0229613
0.0233564
0.0237932
0.024245
0.0246708
0.0251204
0.0256066
0.0261012
0.0266231
0.0271301
0.0276491
0.0281749
0.028731
0.0292824
0.0298645
0.0304296
0.0310198
0.0316627
0.0323298
0.03296
0.033543
0.0341754
0.0348444
0.035549
0.0362251
0.0369537
0.0376203
0.0383312
0.0391031
0.0398106
0.0405596
0.0413424
0.0421033
0.0429316
0.0436771
0.0443933
0.045036
0.0455747
0.0138033
0.0115814
0.00848969
0.00542061
0.00323477
0.00279665
0.0037131
0.00493221
0.00585475
0.00639212
0.00671364
0.00702887
0.0074388
0.00774878
0.00783631
0.00795342
0.00820181
0.00844827
0.00876717
0.00917406
0.00948907
0.00971872
0.00997458
0.0102317
0.0104565
0.0107449
0.0110982
0.011391
0.0116364
0.0119343
0.012274
0.0125736
0.012872
0.0132387
0.0135831
0.0138607
0.0141356
0.0144745
0.0148097
0.0150746
0.0153895
0.0157839
0.0161093
0.0162874
0.0164115
0.0166182
0.0168693
0.0171053
0.0174479
0.0179397
0.018406
0.0187665
0.0191785
0.0196931
0.0200699
0.0202118
0.0203709
0.0207194
0.0212134
0.0217342
0.022152
0.0225528
0.0229622
0.0233574
0.0237942
0.0242458
0.0246717
0.0251214
0.0256074
0.0261019
0.0266238
0.0271307
0.0276497
0.0281753
0.0287314
0.0292827
0.0298648
0.0304298
0.03102
0.0316628
0.03233
0.0329602
0.0335431
0.0341756
0.0348445
0.0355492
0.0362253
0.0369538
0.0376205
0.0383313
0.0391033
0.0398108
0.0405598
0.0413425
0.0421035
0.0429317
0.0436775
0.044394
0.0450372
0.0455749
0.0134687
0.0113986
0.00858002
0.00576677
0.00357885
0.0029694
0.00377867
0.00497966
0.00590132
0.00643001
0.00674472
0.00705449
0.00745519
0.00776074
0.00785304
0.00797485
0.00822445
0.00847042
0.00878423
0.00918343
0.00949569
0.00972727
0.00998433
0.010242
0.0104678
0.0107552
0.0111053
0.0113967
0.0116428
0.0119406
0.0122791
0.012578
0.0128749
0.0132395
0.0135841
0.013863
0.0141378
0.0144747
0.0148092
0.0150753
0.0153896
0.0157814
0.0161069
0.0162873
0.0164125
0.0166188
0.0168701
0.0171077
0.0174514
0.0179434
0.018409
0.0187674
0.0191774
0.0196914
0.0200692
0.0202119
0.0203715
0.0207206
0.0212149
0.0217354
0.0221528
0.0225535
0.022963
0.0233586
0.0237953
0.0242466
0.0246728
0.0251226
0.0256083
0.0261027
0.0266247
0.0271315
0.0276504
0.0281759
0.0287319
0.0292832
0.0298651
0.0304301
0.0310201
0.0316629
0.0323304
0.0329605
0.0335433
0.0341757
0.0348447
0.0355494
0.0362255
0.036954
0.0376207
0.0383315
0.0391035
0.0398111
0.0405599
0.0413427
0.0421038
0.0429319
0.043678
0.0443948
0.0450384
0.0455751
0.0131601
0.011226
0.00865177
0.00609226
0.00392542
0.00315567
0.00384888
0.00502584
0.0059474
0.00646944
0.00677789
0.00708195
0.00747296
0.00777375
0.00787069
0.00799717
0.00824806
0.00849385
0.00880261
0.00919368
0.00950278
0.00973633
0.00999466
0.0102527
0.0104796
0.010766
0.0111129
0.0114026
0.0116494
0.0119472
0.0122847
0.0125829
0.0128782
0.0132405
0.0135849
0.0138653
0.0141402
0.0144751
0.0148087
0.0150762
0.0153895
0.0157783
0.0161037
0.0162864
0.016413
0.0166188
0.0168704
0.0171094
0.0174544
0.0179471
0.0184128
0.0187688
0.0191759
0.0196886
0.0200673
0.020211
0.0203715
0.0207218
0.0212168
0.021737
0.0221538
0.022554
0.0229636
0.0233597
0.0237963
0.0242475
0.0246739
0.0251239
0.0256094
0.0261038
0.0266257
0.0271325
0.0276513
0.0281767
0.0287326
0.0292839
0.0298657
0.0304304
0.0310202
0.031663
0.0323307
0.0329609
0.0335435
0.0341759
0.0348448
0.0355496
0.0362256
0.0369542
0.0376209
0.0383317
0.0391037
0.0398113
0.0405601
0.0413428
0.0421041
0.042932
0.0436787
0.0443957
0.0450399
0.0455755
0.0128725
0.0110666
0.00870713
0.00639434
0.00427229
0.00335729
0.00392628
0.00507153
0.00599241
0.00650985
0.00681316
0.00711162
0.00749246
0.00778798
0.0078894
0.00802055
0.00827279
0.0085187
0.00882255
0.00920504
0.00951047
0.00974597
0.0100056
0.010264
0.0104918
0.0107772
0.0111208
0.0114088
0.0116562
0.011954
0.0122905
0.0125882
0.0128819
0.0132415
0.0135857
0.0138677
0.0141428
0.0144757
0.0148084
0.015077
0.0153893
0.0157745
0.0160995
0.0162848
0.0164129
0.0166184
0.0168701
0.0171105
0.0174565
0.0179501
0.0184164
0.0187704
0.0191739
0.0196846
0.0200639
0.020209
0.0203706
0.0207227
0.0212189
0.021739
0.022155
0.0225545
0.0229642
0.0233608
0.0237974
0.0242482
0.024675
0.0251253
0.0256106
0.026105
0.026627
0.0271335
0.0276523
0.0281777
0.0287334
0.0292847
0.0298664
0.030431
0.0310204
0.0316628
0.0323308
0.0329612
0.0335439
0.0341762
0.034845
0.0355497
0.0362258
0.0369543
0.0376212
0.0383318
0.039104
0.0398116
0.0405603
0.0413429
0.0421044
0.0429321
0.0436794
0.0443969
0.0450416
0.0455761
0.0126016
0.010922
0.00874758
0.0066709
0.00461839
0.00357636
0.00401301
0.00511716
0.00603577
0.00655079
0.00685069
0.00714393
0.0075141
0.0078037
0.00790929
0.0080451
0.00829868
0.00854498
0.00884412
0.00921766
0.00951888
0.00975624
0.0100174
0.010276
0.0105045
0.0107887
0.0111291
0.0114155
0.0116634
0.0119612
0.0122968
0.0125941
0.0128861
0.0132428
0.0135863
0.01387
0.0141456
0.0144764
0.0148081
0.015078
0.0153891
0.0157702
0.0160942
0.0162823
0.0164124
0.0166178
0.0168697
0.0171111
0.0174577
0.0179519
0.0184192
0.0187718
0.0191711
0.0196791
0.020059
0.0202057
0.020369
0.0207232
0.0212212
0.0217413
0.0221563
0.022555
0.0229647
0.0233619
0.0237985
0.024249
0.0246761
0.0251267
0.0256118
0.0261064
0.0266283
0.0271347
0.0276535
0.0281788
0.0287343
0.0292856
0.0298673
0.0304318
0.0310207
0.0316626
0.0323308
0.0329615
0.0335443
0.0341767
0.0348452
0.0355498
0.0362259
0.0369544
0.0376214
0.038332
0.0391041
0.0398119
0.0405605
0.0413431
0.0421047
0.0429321
0.0436802
0.0443983
0.0450434
0.0455768
0.0123427
0.0107926
0.00877617
0.00692123
0.00496197
0.00381348
0.00411084
0.00516373
0.00607752
0.00659196
0.00689043
0.00717912
0.00753826
0.00782115
0.00793044
0.00807084
0.00832574
0.00857261
0.00886726
0.00923152
0.00952802
0.00976719
0.0100299
0.0102887
0.0105178
0.0108006
0.0111378
0.0114225
0.0116709
0.0119687
0.0123035
0.0126005
0.0128909
0.0132444
0.013587
0.0138724
0.0141484
0.0144771
0.0148077
0.0150791
0.0153888
0.0157654
0.0160879
0.0162791
0.0164117
0.0166172
0.0168694
0.0171118
0.0174584
0.0179524
0.0184207
0.0187729
0.0191678
0.0196722
0.0200525
0.0202015
0.020367
0.0207234
0.0212232
0.0217438
0.0221577
0.0225555
0.0229652
0.023363
0.0237996
0.0242497
0.0246772
0.025128
0.025613
0.0261078
0.0266298
0.0271359
0.0276548
0.0281801
0.0287353
0.0292865
0.0298683
0.0304329
0.0310213
0.0316623
0.0323305
0.0329617
0.0335449
0.0341774
0.0348455
0.0355499
0.036226
0.0369544
0.0376216
0.0383322
0.0391042
0.0398122
0.0405608
0.0413432
0.042105
0.0429321
0.0436811
0.0443999
0.0450455
0.0455776
0.0120918
0.0106785
0.00879767
0.00714483
0.00529943
0.00406787
0.004222
0.00521311
0.00611804
0.00663281
0.00693197
0.00721728
0.00756531
0.00784064
0.00795291
0.00809774
0.00835396
0.00860149
0.0088918
0.0092465
0.00953789
0.00977882
0.0100432
0.0103022
0.0105317
0.010813
0.011147
0.0114299
0.0116789
0.0119768
0.0123108
0.0126075
0.0128962
0.0132465
0.0135878
0.0138749
0.0141514
0.0144779
0.0148073
0.0150802
0.0153885
0.0157602
0.0160806
0.0162752
0.0164103
0.0166169
0.0168695
0.017113
0.0174591
0.0179519
0.0184208
0.0187737
0.0191643
0.0196644
0.0200446
0.0201966
0.0203651
0.0207236
0.0212251
0.0217462
0.0221591
0.0225561
0.0229657
0.0233642
0.0238008
0.0242506
0.0246783
0.0251294
0.0256141
0.0261091
0.0266313
0.027137
0.0276561
0.0281816
0.0287365
0.0292874
0.0298693
0.0304341
0.0310222
0.031662
0.0323299
0.0329615
0.0335453
0.0341782
0.0348459
0.03555
0.036226
0.0369543
0.0376218
0.0383324
0.0391043
0.0398124
0.040561
0.0413434
0.0421054
0.0429319
0.043682
0.0444017
0.0450477
0.0455786
0.0118465
0.0105795
0.00881696
0.00734137
0.00562634
0.00433794
0.00434893
0.00526739
0.00615774
0.00667266
0.00697465
0.00725833
0.0075956
0.00786247
0.00797677
0.00812577
0.00838332
0.00863155
0.00891756
0.00926245
0.00954846
0.00979113
0.0100572
0.0103163
0.0105462
0.0108259
0.0111565
0.0114376
0.0116872
0.0119853
0.0123185
0.0126149
0.0129019
0.0132488
0.0135888
0.0138776
0.0141546
0.0144787
0.0148069
0.0150813
0.0153886
0.0157551
0.0160729
0.0162709
0.0164099
0.0166173
0.0168705
0.0171152
0.0174606
0.0179512
0.0184199
0.0187744
0.019161
0.0196564
0.0200356
0.0201917
0.0203642
0.0207246
0.0212268
0.0217482
0.0221603
0.0225567
0.0229665
0.0233656
0.0238022
0.0242515
0.0246796
0.0251309
0.0256152
0.0261104
0.0266328
0.0271382
0.0276574
0.028183
0.0287377
0.0292884
0.0298703
0.0304354
0.0310232
0.0316617
0.032329
0.032961
0.0335457
0.0341792
0.0348465
0.0355501
0.036226
0.0369541
0.037622
0.0383327
0.0391044
0.0398125
0.0405612
0.0413437
0.0421059
0.0429315
0.0436828
0.0444036
0.0450501
0.0455797
0.0116057
0.0104938
0.00883804
0.00751179
0.00593855
0.0046209
0.00449362
0.00532852
0.0061971
0.00671091
0.00701769
0.00730207
0.00762947
0.00788707
0.00800213
0.00815479
0.00841375
0.00866275
0.00894439
0.00927925
0.00955978
0.0098042
0.0100719
0.010331
0.0105611
0.0108394
0.0111665
0.0114456
0.0116958
0.0119942
0.0123267
0.0126227
0.0129079
0.0132515
0.01359
0.0138806
0.014158
0.0144795
0.0148064
0.0150826
0.0153889
0.0157502
0.0160649
0.0162667
0.0164103
0.0166187
0.0168727
0.017119
0.0174636
0.0179508
0.0184186
0.0187755
0.0191564
0.0196486
0.0200264
0.0201875
0.0203651
0.0207268
0.0212287
0.0217498
0.0221612
0.0225573
0.0229673
0.0233671
0.0238036
0.0242525
0.0246809
0.0251326
0.0256166
0.0261117
0.0266343
0.0271394
0.0276587
0.0281844
0.028739
0.0292893
0.0298712
0.0304366
0.0310243
0.0316615
0.0323278
0.0329603
0.0335459
0.0341802
0.0348472
0.0355502
0.0362261
0.0369538
0.0376221
0.038333
0.0391045
0.0398126
0.0405613
0.041344
0.0421065
0.0429311
0.0436837
0.0444057
0.0450526
0.045581
0.0113697
0.0104187
0.00886409
0.00765881
0.00623228
0.00491255
0.00465725
0.00539842
0.00623698
0.0067473
0.00706023
0.00734803
0.00766713
0.00791485
0.0080291
0.00818466
0.00844511
0.00869507
0.00897228
0.00929687
0.00957187
0.00981812
0.0100874
0.0103462
0.0105766
0.0108535
0.0111771
0.0114539
0.0117047
0.0120035
0.0123352
0.0126307
0.0129142
0.0132543
0.0135914
0.0138838
0.0141616
0.0144803
0.0148059
0.0150839
0.0153898
0.0157457
0.0160572
0.0162629
0.0164117
0.0166215
0.0168763
0.0171245
0.0174685
0.0179515
0.0184173
0.018777
0.0191558
0.0196416
0.0200174
0.0201845
0.0203684
0.020731
0.0212309
0.0217508
0.0221617
0.0225578
0.0229684
0.0233688
0.0238052
0.0242537
0.0246824
0.0251345
0.0256182
0.0261129
0.0266357
0.0271406
0.02766
0.0281858
0.0287403
0.0292903
0.029872
0.0304379
0.0310255
0.0316615
0.0323265
0.0329593
0.0335459
0.0341811
0.034848
0.0355503
0.036226
0.0369534
0.0376222
0.0383333
0.0391046
0.0398126
0.0405614
0.0413442
0.0421071
0.0429306
0.0436844
0.0444078
0.0450554
0.0455824
0.01114
0.0103498
0.00889703
0.0077868
0.00650431
0.00520768
0.00484011
0.00547924
0.00627863
0.00678189
0.0071015
0.00739552
0.00770862
0.00794612
0.00805786
0.00821536
0.00847737
0.00872855
0.00900125
0.00931535
0.0095848
0.00983292
0.0101038
0.010362
0.0105926
0.0108683
0.0111882
0.0114626
0.0117141
0.0120132
0.012344
0.0126391
0.0129206
0.0132572
0.0135931
0.0138875
0.0141654
0.0144811
0.0148053
0.0150855
0.0153911
0.0157419
0.01605
0.0162598
0.0164145
0.0166259
0.0168814
0.017132
0.0174755
0.0179536
0.0184165
0.0187789
0.0191564
0.0196354
0.0200089
0.020183
0.0203744
0.0207372
0.0212338
0.0217513
0.0221618
0.0225582
0.0229694
0.0233706
0.0238067
0.0242549
0.0246841
0.0251365
0.0256201
0.0261143
0.026637
0.0271418
0.0276614
0.0281871
0.0287415
0.0292913
0.0298729
0.0304391
0.0310269
0.0316616
0.0323251
0.0329581
0.0335459
0.0341819
0.0348489
0.0355504
0.036226
0.036953
0.0376223
0.0383335
0.0391047
0.0398126
0.0405615
0.0413444
0.0421077
0.0429302
0.0436852
0.0444101
0.0450583
0.0455839
0.01092
0.0102827
0.00893654
0.007901
0.0067527
0.00550087
0.00504141
0.00557319
0.00632372
0.00681517
0.00714078
0.00744354
0.00775373
0.00798118
0.00808867
0.00824701
0.00851056
0.00876319
0.00903133
0.00933471
0.00959858
0.00984868
0.0101209
0.0103785
0.0106092
0.0108838
0.0111999
0.0114719
0.011724
0.0120234
0.0123531
0.0126476
0.0129271
0.0132601
0.0135951
0.0138915
0.0141694
0.0144819
0.0148047
0.0150872
0.0153929
0.0157386
0.0160433
0.0162574
0.0164185
0.0166321
0.0168881
0.0171412
0.0174845
0.017957
0.0184161
0.0187811
0.0191577
0.0196298
0.020001
0.020183
0.0203828
0.0207454
0.0212373
0.0217513
0.0221616
0.0225587
0.0229706
0.0233725
0.0238083
0.0242562
0.0246859
0.0251388
0.0256222
0.0261157
0.0266382
0.0271431
0.0276628
0.0281885
0.0287429
0.0292923
0.0298738
0.0304404
0.0310283
0.0316619
0.0323237
0.0329567
0.033546
0.0341826
0.0348499
0.0355504
0.0362258
0.0369526
0.0376223
0.0383337
0.0391048
0.0398126
0.0405616
0.0413446
0.0421082
0.0429296
0.043686
0.0444125
0.0450613
0.0455855
0.010714
0.0102149
0.00898018
0.00800606
0.0069773
0.0057872
0.00525934
0.00568237
0.00637403
0.00684796
0.0071776
0.00749097
0.00780197
0.00802034
0.00812195
0.00827978
0.00854471
0.00879898
0.00906254
0.00935502
0.00961326
0.00986545
0.0101391
0.0103957
0.0106263
0.0108998
0.0112122
0.0114819
0.0117345
0.012034
0.0123625
0.0126563
0.0129338
0.0132631
0.0135972
0.0138958
0.0141736
0.0144828
0.0148041
0.015089
0.0153951
0.015736
0.0160371
0.0162555
0.0164235
0.0166397
0.016896
0.0171519
0.0174951
0.0179616
0.0184162
0.0187833
0.0191595
0.0196246
0.0199935
0.0201843
0.020393
0.0207552
0.0212414
0.021751
0.0221611
0.0225591
0.0229717
0.0233745
0.0238098
0.0242575
0.0246879
0.0251411
0.0256246
0.0261174
0.0266393
0.0271443
0.0276644
0.02819
0.0287443
0.0292935
0.0298747
0.0304418
0.03103
0.0316625
0.0323225
0.0329557
0.0335462
0.0341833
0.0348509
0.0355504
0.0362254
0.0369523
0.0376223
0.0383338
0.0391048
0.0398126
0.0405619
0.0413448
0.0421085
0.0429291
0.0436868
0.044415
0.0450645
0.0455872
0.0105255
0.0101476
0.00902477
0.00810494
0.00717995
0.00606253
0.00549079
0.00580865
0.00643151
0.00688102
0.00721181
0.00753699
0.00785268
0.00806374
0.00815807
0.00831396
0.00857992
0.00883587
0.00909488
0.00937638
0.00962887
0.00988322
0.0101583
0.0104137
0.010644
0.0109164
0.0112251
0.0114926
0.0117458
0.0120452
0.0123723
0.0126653
0.0129407
0.0132661
0.0135996
0.0139005
0.0141781
0.0144837
0.0148036
0.0150909
0.0153976
0.0157336
0.0160311
0.016254
0.0164293
0.0166482
0.0169049
0.0171636
0.0175069
0.017967
0.0184165
0.0187852
0.0191614
0.0196196
0.0199864
0.0201863
0.0204043
0.0207658
0.021246
0.0217505
0.0221606
0.0225595
0.0229729
0.0233765
0.0238114
0.0242589
0.02469
0.0251436
0.0256272
0.0261192
0.0266405
0.0271456
0.0276661
0.0281916
0.0287458
0.0292948
0.0298758
0.0304433
0.0310318
0.0316634
0.0323216
0.0329548
0.0335466
0.0341841
0.034852
0.0355502
0.036225
0.036952
0.0376222
0.0383339
0.0391048
0.0398126
0.0405623
0.0413451
0.0421088
0.0429286
0.0436877
0.0444179
0.0450678
0.045589
0.0103556
0.0100858
0.00906739
0.00819787
0.0073643
0.00632409
0.00573077
0.00595303
0.00649857
0.00691535
0.00724358
0.0075811
0.00790521
0.00811129
0.00819722
0.00834974
0.00861642
0.00887403
0.00912834
0.00939877
0.00964551
0.00990205
0.0101786
0.0104326
0.0106625
0.0109337
0.0112386
0.011504
0.0117579
0.0120569
0.0123824
0.0126746
0.0129478
0.0132693
0.0136021
0.0139055
0.0141829
0.0144847
0.0148031
0.015093
0.0154003
0.0157314
0.0160254
0.0162527
0.0164356
0.0166571
0.0169144
0.017176
0.0175194
0.0179729
0.0184171
0.0187868
0.0191633
0.0196146
0.0199796
0.0201887
0.0204159
0.020777
0.0212509
0.0217499
0.02216
0.0225601
0.0229741
0.0233785
0.0238131
0.0242603
0.0246922
0.0251461
0.0256298
0.0261212
0.0266417
0.027147
0.0276678
0.0281933
0.0287474
0.0292962
0.029877
0.0304449
0.0310338
0.0316644
0.0323208
0.0329541
0.0335472
0.034185
0.0348531
0.03555
0.0362245
0.0369517
0.0376221
0.0383341
0.0391046
0.0398126
0.0405628
0.0413455
0.042109
0.042928
0.0436886
0.0444209
0.0450713
0.045591
0.0101999
0.0100356
0.00910824
0.0082823
0.00753449
0.00657146
0.00597304
0.00611492
0.00657799
0.00695239
0.00727349
0.00762307
0.00795867
0.00816252
0.00823958
0.00838746
0.00865444
0.00891365
0.00916301
0.00942212
0.00966312
0.00992201
0.0102001
0.0104523
0.0106816
0.0109517
0.0112528
0.0115161
0.0117707
0.0120692
0.012393
0.0126843
0.0129552
0.0132727
0.0136049
0.0139108
0.014188
0.0144857
0.0148027
0.0150953
0.0154032
0.0157294
0.0160199
0.0162515
0.0164422
0.0166663
0.0169242
0.0171889
0.0175323
0.0179791
0.0184177
0.0187882
0.019165
0.0196097
0.0199729
0.0201914
0.0204277
0.0207883
0.021256
0.0217493
0.0221594
0.0225607
0.0229753
0.0233807
0.0238148
0.0242618
0.0246945
0.0251487
0.0256327
0.0261234
0.026643
0.0271485
0.0276696
0.0281951
0.0287492
0.0292977
0.0298783
0.0304466
0.031036
0.0316656
0.0323202
0.0329536
0.033548
0.0341861
0.0348541
0.0355498
0.0362241
0.0369514
0.037622
0.0383344
0.0391043
0.0398126
0.0405635
0.0413459
0.0421093
0.0429275
0.0436897
0.0444243
0.0450751
0.045593
0.010051
0.0100012
0.00915257
0.00835466
0.00769244
0.00680638
0.0062121
0.00629197
0.00667263
0.00699382
0.00730198
0.00766313
0.00801259
0.00821657
0.00828501
0.00842742
0.00869431
0.00895491
0.00919899
0.00944642
0.00968168
0.00994311
0.0102228
0.010473
0.0107015
0.0109704
0.0112677
0.011529
0.0117841
0.0120821
0.012404
0.0126943
0.012963
0.0132763
0.013608
0.0139164
0.0141934
0.0144869
0.0148022
0.0150977
0.0154062
0.0157276
0.0160145
0.0162504
0.016449
0.0166757
0.0169343
0.0172019
0.0175455
0.0179856
0.0184185
0.0187893
0.0191665
0.0196048
0.0199664
0.0201941
0.0204392
0.0207996
0.0212611
0.0217488
0.022159
0.0225614
0.0229766
0.0233829
0.0238166
0.0242634
0.024697
0.0251514
0.0256356
0.0261257
0.0266443
0.02715
0.0276715
0.028197
0.028751
0.0292994
0.0298797
0.0304484
0.0310383
0.0316669
0.0323197
0.0329532
0.033549
0.0341874
0.034855
0.0355495
0.0362237
0.0369511
0.0376222
0.038335
0.0391038
0.0398126
0.0405644
0.0413465
0.0421097
0.0429271
0.0436909
0.0444279
0.045079
0.0455952
0.00989836
0.0099806
0.00920946
0.00841376
0.00783503
0.0070321
0.006445
0.00647985
0.00678503
0.00704204
0.0073289
0.00770162
0.00806719
0.00827278
0.00833309
0.00846962
0.00873621
0.00899809
0.00923647
0.00947173
0.00970114
0.0099654
0.0102468
0.0104947
0.0107221
0.0109899
0.0112834
0.0115425
0.0117983
0.0120956
0.0124156
0.0127047
0.012971
0.0132802
0.0136113
0.0139225
0.0141991
0.0144882
0.0148017
0.0151003
0.0154093
0.0157258
0.0160093
0.0162495
0.0164559
0.0166853
0.0169446
0.0172151
0.0175588
0.0179923
0.0184192
0.0187902
0.0191679
0.0195999
0.0199601
0.0201967
0.0204506
0.0208107
0.0212663
0.0217484
0.0221587
0.0225623
0.022978
0.0233851
0.0238185
0.0242652
0.0246995
0.0251542
0.0256387
0.0261281
0.0266457
0.0271517
0.0276734
0.028199
0.0287529
0.0293011
0.0298812
0.0304503
0.0310406
0.0316682
0.0323192
0.0329528
0.0335501
0.0341888
0.0348558
0.0355495
0.0362235
0.0369507
0.0376225
0.0383356
0.0391033
0.0398126
0.0405653
0.0413471
0.0421102
0.0429267
0.0436921
0.0444316
0.0450831
0.0455976
0.00973178
0.00996264
0.00928995
0.00846501
0.00795485
0.0072512
0.00667267
0.00667223
0.00691575
0.0071007
0.00735443
0.00773865
0.00812282
0.00833048
0.00838325
0.00851422
0.00878034
0.00904339
0.00927573
0.00949814
0.00972136
0.00998888
0.0102723
0.0105175
0.0107436
0.0110102
0.0112998
0.0115567
0.0118131
0.0121098
0.0124276
0.0127155
0.0129795
0.0132843
0.013615
0.0139289
0.0142052
0.0144897
0.0148013
0.015103
0.0154125
0.0157241
0.0160042
0.0162487
0.0164629
0.0166951
0.0169549
0.0172282
0.0175722
0.0179991
0.0184201
0.0187911
0.0191691
0.0195951
0.0199539
0.0201994
0.0204616
0.0208217
0.0212716
0.0217483
0.0221586
0.0225633
0.0229795
0.0233875
0.0238205
0.024267
0.0247021
0.0251571
0.025642
0.0261307
0.0266472
0.0271534
0.0276754
0.028201
0.0287549
0.0293029
0.0298828
0.0304523
0.031043
0.0316695
0.0323188
0.0329525
0.0335512
0.0341903
0.0348566
0.0355495
0.0362234
0.0369503
0.037623
0.0383365
0.0391028
0.0398127
0.0405664
0.0413477
0.0421108
0.0429265
0.0436934
0.0444356
0.0450875
0.0456001
0.00954867
0.00993106
0.00939979
0.00852083
0.00804522
0.007462
0.00689913
0.006863
0.00706222
0.00717388
0.00737975
0.00777404
0.00818047
0.00838944
0.00843419
0.0085609
0.00882701
0.00909118
0.00931712
0.00952586
0.00974222
0.0100133
0.0102993
0.0105416
0.0107659
0.0110313
0.011317
0.0115717
0.0118287
0.0121246
0.01244
0.0127267
0.0129884
0.0132889
0.013619
0.0139357
0.0142117
0.0144914
0.0148008
0.0151058
0.0154159
0.0157225
0.0159992
0.0162481
0.0164702
0.0167051
0.0169653
0.0172414
0.0175856
0.0180061
0.018421
0.018792
0.0191701
0.0195905
0.019948
0.0202022
0.0204724
0.0208325
0.0212769
0.0217484
0.0221588
0.0225644
0.022981
0.0233899
0.0238227
0.024269
0.0247048
0.0251602
0.0256454
0.0261333
0.0266488
0.0271552
0.0276776
0.0282032
0.028757
0.0293047
0.0298844
0.0304543
0.0310455
0.0316708
0.0323184
0.0329522
0.0335524
0.0341919
0.0348573
0.0355498
0.0362235
0.0369498
0.0376237
0.0383374
0.0391023
0.0398128
0.0405675
0.0413484
0.0421115
0.0429263
0.0436948
0.0444397
0.045092
0.0456027
0.00935962
0.00986647
0.00953141
0.00859869
0.00810492
0.00765545
0.00712906
0.0070501
0.00721907
0.00726515
0.00740752
0.00780644
0.00824104
0.00845073
0.00848481
0.00860869
0.00887607
0.00914165
0.00936125
0.00955543
0.00976384
0.0100386
0.0103277
0.0105668
0.0107892
0.0110533
0.0113352
0.0115875
0.0118449
0.0121401
0.012453
0.0127384
0.0129977
0.0132938
0.0136233
0.013943
0.0142186
0.0144932
0.0148003
0.0151087
0.0154195
0.0157211
0.0159944
0.0162477
0.0164775
0.0167153
0.0169757
0.0172545
0.017599
0.0180132
0.0184221
0.0187929
0.0191711
0.0195859
0.0199423
0.0202049
0.0204829
0.0208432
0.0212823
0.0217488
0.0221591
0.0225656
0.0229825
0.0233925
0.023825
0.0242712
0.0247075
0.0251634
0.0256489
0.0261361
0.0266505
0.0271571
0.0276798
0.0282054
0.0287591
0.0293066
0.0298862
0.0304565
0.0310481
0.0316721
0.032318
0.032952
0.0335536
0.0341936
0.034858
0.0355502
0.0362237
0.0369493
0.0376246
0.0383384
0.0391019
0.039813
0.0405686
0.0413491
0.0421122
0.0429263
0.0436962
0.044444
0.0450968
0.0456055
0.00918289
0.00975622
0.00966615
0.00871624
0.00814388
0.0078186
0.00736389
0.00723703
0.00737896
0.00737526
0.00744254
0.00783488
0.00830422
0.00851578
0.00853454
0.00865643
0.00892748
0.00919487
0.00940821
0.00958718
0.0097865
0.0100648
0.0103575
0.0105934
0.0108131
0.011076
0.0113543
0.0116042
0.0118619
0.0121562
0.0124665
0.0127507
0.0130076
0.013299
0.0136279
0.0139506
0.0142258
0.0144953
0.0147999
0.0151118
0.0154232
0.0157198
0.0159899
0.0162475
0.0164851
0.0167255
0.0169861
0.0172676
0.0176125
0.0180205
0.0184233
0.0187939
0.0191719
0.0195816
0.0199369
0.0202078
0.0204932
0.0208536
0.0212877
0.0217495
0.0221596
0.0225669
0.0229842
0.0233951
0.0238274
0.0242734
0.0247104
0.0251667
0.0256525
0.0261389
0.0266523
0.0271591
0.0276821
0.0282077
0.0287613
0.0293086
0.029888
0.0304587
0.0310506
0.0316734
0.0323177
0.0329518
0.0335548
0.0341953
0.0348586
0.0355508
0.036224
0.0369488
0.0376256
0.0383395
0.0391014
0.0398133
0.0405697
0.0413499
0.042113
0.0429264
0.0436976
0.0444485
0.0451018
0.0456085
0.00903675
0.00960501
0.00977983
0.00887897
0.00818109
0.00794159
0.00759757
0.0074302
0.00753572
0.00750065
0.00749036
0.00786005
0.00836839
0.00858692
0.00858408
0.008702
0.00898062
0.00925143
0.00945834
0.00962128
0.00981012
0.0100918
0.0103889
0.0106218
0.0108384
0.0110995
0.0113742
0.0116216
0.0118795
0.0121732
0.0124808
0.0127635
0.0130182
0.0133049
0.013633
0.0139585
0.0142334
0.0144977
0.0147996
0.015115
0.0154271
0.0157188
0.0159855
0.0162476
0.0164927
0.016736
0.0169965
0.0172805
0.0176259
0.0180278
0.0184246
0.018795
0.0191728
0.0195774
0.0199318
0.0202106
0.0205033
0.0208639
0.0212932
0.0217505
0.0221604
0.0225683
0.0229859
0.0233979
0.02383
0.0242757
0.0247133
0.0251703
0.0256562
0.0261418
0.0266543
0.0271612
0.0276846
0.0282101
0.0287635
0.0293107
0.0298898
0.030461
0.0310533
0.0316747
0.0323175
0.0329516
0.0335561
0.034197
0.0348594
0.0355516
0.0362244
0.0369483
0.0376267
0.0383406
0.039101
0.0398136
0.0405709
0.0413506
0.0421138
0.0429266
0.0436991
0.0444531
0.0451071
0.0456116
0.00893758
0.00943209
0.0098483
0.00907338
0.00823992
0.00802454
0.00781683
0.007635
0.00768952
0.00763511
0.00755528
0.00788452
0.00842992
0.00866561
0.00863599
0.00874382
0.00903391
0.00931157
0.00951223
0.00965833
0.00983513
0.0101193
0.0104212
0.0106513
0.0108647
0.0111243
0.0113954
0.01164
0.0118979
0.0121907
0.0124955
0.0127769
0.0130294
0.0133113
0.0136384
0.013967
0.0142416
0.0145004
0.0147993
0.0151181
0.0154313
0.015718
0.0159815
0.0162479
0.0165006
0.0167465
0.0170069
0.0172932
0.0176392
0.0180354
0.0184262
0.0187962
0.0191736
0.0195735
0.0199271
0.0202136
0.020513
0.0208739
0.0212988
0.0217517
0.0221614
0.0225698
0.0229877
0.0234008
0.0238327
0.0242781
0.0247163
0.025174
0.02566
0.0261448
0.0266563
0.0271635
0.0276872
0.0282126
0.0287658
0.0293129
0.0298917
0.0304633
0.0310559
0.031676
0.0323174
0.0329515
0.0335573
0.0341988
0.0348602
0.0355525
0.0362249
0.0369478
0.0376278
0.0383417
0.0391006
0.039814
0.0405721
0.0413513
0.0421145
0.0429269
0.0437007
0.0444579
0.0451126
0.0456149
0.0088937
0.00926017
0.00986063
0.00927819
0.00833772
0.00807949
0.00800722
0.00784967
0.00784578
0.00777235
0.00763848
0.00791383
0.00848626
0.00875102
0.00869325
0.00878087
0.00908503
0.00937549
0.00957032
0.0096983
0.00986204
0.0101483
0.010455
0.010682
0.0108918
0.0111497
0.0114174
0.0116596
0.0119176
0.0122093
0.0125109
0.0127907
0.0130412
0.0133183
0.0136441
0.0139757
0.0142503
0.0145035
0.0147992
0.0151216
0.0154357
0.0157174
0.0159776
0.0162484
0.0165086
0.0167571
0.0170171
0.0173058
0.0176525
0.0180431
0.018428
0.0187976
0.0191745
0.0195698
0.0199227
0.0202165
0.0205225
0.0208837
0.0213044
0.0217533
0.0221626
0.0225713
0.0229895
0.0234039
0.0238355
0.0242806
0.0247195
0.0251778
0.0256639
0.0261479
0.0266585
0.0271658
0.0276898
0.0282151
0.0287682
0.0293151
0.0298937
0.0304656
0.0310587
0.0316774
0.0323174
0.0329514
0.0335585
0.0342006
0.034861
0.0355534
0.0362253
0.0369474
0.0376289
0.0383428
0.0391002
0.0398144
0.0405734
0.0413521
0.0421154
0.0429274
0.0437023
0.0444628
0.0451184
0.0456185
0.0089045
0.00911175
0.00982122
0.00946915
0.00847574
0.00812611
0.00816214
0.00806446
0.00800937
0.00790916
0.00773701
0.0079531
0.0085368
0.00884067
0.00876009
0.00881441
0.00913049
0.00944241
0.00963354
0.00974125
0.0098906
0.0101785
0.0104904
0.0107144
0.0109201
0.0111762
0.0114402
0.0116797
0.0119378
0.0122287
0.0125272
0.0128054
0.0130539
0.013326
0.0136502
0.0139849
0.0142595
0.0145067
0.0147991
0.0151251
0.0154406
0.0157174
0.0159742
0.0162491
0.0165166
0.0167678
0.0170273
0.0173182
0.0176658
0.0180509
0.01843
0.0187991
0.0191754
0.0195663
0.0199188
0.0202196
0.0205317
0.0208933
0.0213101
0.0217551
0.022164
0.0225729
0.0229914
0.023407
0.0238385
0.0242832
0.0247227
0.0251819
0.0256678
0.026151
0.0266608
0.0271684
0.0276926
0.0282177
0.0287707
0.0293175
0.0298958
0.030468
0.0310615
0.0316788
0.0323174
0.0329514
0.0335597
0.0342025
0.034862
0.0355545
0.0362258
0.036947
0.0376299
0.0383439
0.0390999
0.0398148
0.0405746
0.0413529
0.0421162
0.0429279
0.043704
0.0444679
0.0451245
0.0456222
0.00896392
0.00900775
0.00974465
0.00962392
0.00863962
0.00818298
0.00828724
0.00826817
0.00818087
0.0080484
0.00784708
0.00800508
0.00858293
0.00893007
0.00883898
0.0088482
0.00916778
0.0095104
0.00970295
0.00978765
0.00992075
0.0102101
0.0105273
0.0107481
0.0109494
0.0112039
0.0114646
0.0117013
0.0119592
0.0122486
0.0125436
0.0128204
0.0130672
0.0133344
0.0136568
0.0139947
0.0142695
0.0145106
0.0147992
0.0151286
0.0154457
0.0157177
0.015971
0.0162502
0.0165251
0.0167787
0.0170374
0.0173303
0.017679
0.0180589
0.0184322
0.0188008
0.0191765
0.0195632
0.0199152
0.0202227
0.0205406
0.0209026
0.0213159
0.0217573
0.0221656
0.0225746
0.0229933
0.0234104
0.0238417
0.0242858
0.0247261
0.0251861
0.0256719
0.0261542
0.0266633
0.027171
0.0276955
0.0282204
0.0287732
0.0293199
0.0298979
0.0304705
0.0310643
0.0316802
0.0323176
0.0329515
0.0335609
0.0342043
0.034863
0.0355555
0.0362263
0.0369467
0.037631
0.038345
0.0390996
0.0398153
0.0405759
0.0413536
0.042117
0.0429286
0.0437057
0.0444731
0.0451308
0.0456262
0.00905402
0.00896702
0.00965225
0.00973047
0.0088119
0.0082574
0.00839443
0.00845506
0.0083534
0.00819315
0.00796688
0.00806932
0.00862763
0.0090167
0.00892975
0.00888678
0.00919579
0.00957606
0.00977951
0.0098385
0.00995195
0.0102434
0.0105664
0.0107835
0.0109794
0.0112321
0.0114895
0.0117238
0.0119821
0.0122703
0.0125614
0.012836
0.0130811
0.0133433
0.0136634
0.0140046
0.0142799
0.0145149
0.0147996
0.0151326
0.0154515
0.0157186
0.0159682
0.0162514
0.0165337
0.0167897
0.0170474
0.0173423
0.0176923
0.0180672
0.0184347
0.0188026
0.0191778
0.0195605
0.0199122
0.0202259
0.0205493
0.0209117
0.0213217
0.0217596
0.0221675
0.0225765
0.0229953
0.0234138
0.023845
0.0242886
0.0247295
0.0251905
0.0256761
0.0261575
0.026666
0.0271739
0.0276986
0.0282231
0.0287758
0.0293225
0.0299001
0.030473
0.0310671
0.0316817
0.0323178
0.0329517
0.0335621
0.0342062
0.0348642
0.0355567
0.0362268
0.0369464
0.037632
0.038346
0.0390994
0.0398157
0.0405772
0.0413544
0.0421178
0.0429295
0.0437076
0.0444784
0.0451374
0.0456304
0.00914618
0.00899626
0.00957082
0.00978576
0.00897256
0.00834403
0.00849583
0.00863079
0.00852088
0.00834285
0.00809928
0.00814411
0.00867147
0.00909857
0.00902973
0.00893514
0.00921675
0.00963497
0.00986243
0.00989598
0.00998402
0.0102776
0.010608
0.0108208
0.0110107
0.0112614
0.0115157
0.0117471
0.0120054
0.0122925
0.0125798
0.0128526
0.0130964
0.0133537
0.0136708
0.0140151
0.014291
0.0145195
0.0147998
0.0151364
0.0154576
0.0157202
0.015966
0.0162529
0.0165426
0.016801
0.0170573
0.0173539
0.0177053
0.0180756
0.0184374
0.0188046
0.0191792
0.019558
0.0199095
0.0202291
0.0205577
0.0209205
0.0213275
0.0217623
0.0221697
0.0225784
0.0229974
0.0234174
0.0238485
0.0242914
0.0247331
0.0251951
0.0256803
0.0261609
0.0266688
0.0271768
0.0277017
0.028226
0.0287786
0.0293252
0.0299024
0.0304756
0.0310701
0.0316832
0.0323182
0.0329519
0.0335632
0.0342082
0.0348653
0.0355578
0.0362273
0.0369461
0.037633
0.0383471
0.0390992
0.0398163
0.0405786
0.0413553
0.0421187
0.0429306
0.0437096
0.0444839
0.0451443
0.0456349
0.00920854
0.00908257
0.00952971
0.00979792
0.00910515
0.0084335
0.00859144
0.00880289
0.00868237
0.00849087
0.00824747
0.00823314
0.00871537
0.00917509
0.0091355
0.00899554
0.00923435
0.00968335
0.00994884
0.00996232
0.0100175
0.0103117
0.0106525
0.0108607
0.011043
0.0112914
0.0115427
0.0117719
0.0120305
0.012316
0.0125986
0.0128689
0.0131118
0.0133645
0.0136786
0.0140261
0.0143032
0.0145253
0.0148006
0.0151405
0.015464
0.0157221
0.015964
0.0162545
0.0165518
0.0168125
0.0170672
0.0173655
0.0177185
0.0180842
0.0184404
0.0188068
0.0191809
0.019556
0.0199073
0.0202326
0.0205659
0.020929
0.0213334
0.0217651
0.0221721
0.0225805
0.0229996
0.0234211
0.0238522
0.0242944
0.0247367
0.0251998
0.0256847
0.0261644
0.0266717
0.0271799
0.027705
0.028229
0.0287814
0.029328
0.0299049
0.0304782
0.031073
0.0316847
0.0323187
0.0329523
0.0335644
0.0342101
0.0348666
0.0355589
0.0362278
0.0369459
0.037634
0.0383482
0.039099
0.0398168
0.04058
0.0413562
0.0421196
0.0429318
0.0437117
0.0444895
0.0451515
0.0456397
0.00922128
0.00919415
0.00954468
0.00978353
0.00920407
0.00852
0.00867475
0.00897675
0.00884651
0.0086274
0.00840452
0.00834175
0.00876119
0.00924512
0.00924534
0.00907079
0.00925414
0.00971938
0.010034
0.010039
0.0100542
0.0103437
0.0106991
0.0109043
0.0110769
0.0113222
0.0115704
0.0117971
0.0120566
0.0123411
0.0126191
0.0128865
0.0131283
0.0133763
0.0136866
0.0140369
0.0143157
0.0145313
0.0148014
0.0151449
0.0154713
0.0157252
0.0159629
0.0162564
0.0165611
0.0168241
0.0170768
0.0173766
0.0177315
0.0180931
0.0184436
0.0188092
0.0191828
0.0195544
0.0199055
0.0202361
0.0205738
0.0209375
0.0213393
0.0217683
0.0221748
0.0225828
0.0230018
0.0234249
0.0238561
0.0242975
0.0247405
0.0252047
0.0256892
0.0261681
0.0266748
0.0271831
0.0277084
0.0282321
0.0287843
0.029331
0.0299074
0.030481
0.031076
0.0316863
0.0323193
0.0329527
0.0335655
0.0342121
0.0348679
0.03556
0.0362284
0.0369458
0.0376349
0.0383492
0.039099
0.0398174
0.0405814
0.0413571
0.0421205
0.0429332
0.0437139
0.0444951
0.0451589
0.0456447
0.00920118
0.00929558
0.00960553
0.00976179
0.00926839
0.00860104
0.00873899
0.00914731
0.00902822
0.00875018
0.00855512
0.00847264
0.00881536
0.00930501
0.00935405
0.00916096
0.00928259
0.00974514
0.0101128
0.0101259
0.0100981
0.0103729
0.0107464
0.0109526
0.0111126
0.0113535
0.0115991
0.0118232
0.0120839
0.0123672
0.0126399
0.0129044
0.0131458
0.0133897
0.0136959
0.0140486
0.0143294
0.0145384
0.0148025
0.0151491
0.0154786
0.0157288
0.0159621
0.0162585
0.0165708
0.0168363
0.0170866
0.0173874
0.0177444
0.0181022
0.0184471
0.0188117
0.019185
0.0195533
0.0199042
0.0202398
0.0205815
0.0209455
0.0213452
0.0217717
0.0221777
0.0225852
0.0230042
0.0234289
0.0238602
0.0243007
0.0247443
0.0252097
0.0256938
0.0261718
0.0266781
0.0271864
0.0277119
0.0282353
0.0287873
0.029334
0.02991
0.0304838
0.0310791
0.0316879
0.03232
0.0329532
0.0335666
0.0342141
0.0348692
0.0355611
0.036229
0.0369458
0.0376359
0.0383503
0.0390989
0.0398181
0.0405828
0.0413581
0.0421215
0.0429347
0.0437164
0.0445009
0.0451666
0.0456501
0.00918125
0.0093609
0.00968362
0.00976258
0.00931157
0.00867759
0.00878225
0.00929711
0.00923765
0.00887337
0.00867921
0.00861866
0.0088897
0.00935501
0.00945529
0.00926412
0.00932425
0.00976381
0.0101797
0.0102197
0.010153
0.0103998
0.0107914
0.0110062
0.0111522
0.0113853
0.0116283
0.01185
0.0121124
0.0123955
0.0126622
0.0129227
0.0131635
0.0134034
0.0137052
0.0140603
0.0143438
0.0145467
0.0148041
0.0151539
0.0154871
0.0157335
0.0159619
0.0162607
0.0165806
0.0168487
0.0170963
0.017398
0.0177574
0.0181116
0.0184509
0.0188145
0.0191875
0.0195527
0.0199035
0.0202436
0.0205891
0.0209534
0.0213512
0.0217753
0.022181
0.0225878
0.0230066
0.023433
0.0238645
0.0243041
0.0247483
0.0252149
0.0256986
0.0261756
0.0266815
0.0271898
0.0277156
0.0282387
0.0287904
0.0293372
0.0299128
0.0304868
0.0310821
0.0316895
0.0323208
0.0329538
0.0335677
0.0342161
0.0348706
0.0355622
0.0362296
0.0369458
0.0376369
0.0383513
0.039099
0.0398188
0.0405842
0.0413592
0.0421224
0.0429365
0.043719
0.0445067
0.0451746
0.0456558
0.00914944
0.00935079
0.00974462
0.0098198
0.00937637
0.00876
0.00881311
0.00941155
0.00947236
0.00902117
0.00876781
0.00876014
0.00899501
0.00940443
0.00954171
0.00937534
0.00938416
0.00978185
0.0102315
0.0103141
0.0102211
0.0104274
0.0108305
0.0110633
0.0111974
0.0114177
0.0116577
0.0118777
0.0121417
0.012425
0.0126856
0.0129418
0.0131827
0.0134187
0.0137154
0.0140722
0.0143586
0.0145555
0.0148057
0.0151581
0.0154958
0.0157392
0.0159626
0.0162632
0.0165906
0.0168615
0.0171058
0.0174081
0.0177702
0.0181212
0.018455
0.0188176
0.0191903
0.0195526
0.0199031
0.0202476
0.0205964
0.0209611
0.0213572
0.0217792
0.0221845
0.0225905
0.0230092
0.0234373
0.0238689
0.0243075
0.0247524
0.0252203
0.0257034
0.0261796
0.0266851
0.0271934
0.0277194
0.0282421
0.0287937
0.0293404
0.0299156
0.0304898
0.0310852
0.0316912
0.0323217
0.0329544
0.0335688
0.0342182
0.034872
0.0355633
0.0362303
0.0369458
0.0376379
0.0383524
0.0390991
0.0398196
0.0405856
0.0413604
0.0421235
0.0429385
0.0437219
0.0445126
0.0451828
0.0456618
0.00907888
0.00927383
0.00977755
0.00993525
0.00950309
0.00886394
0.00884279
0.00948502
0.0097097
0.00921839
0.00883752
0.00887375
0.00913124
0.00947128
0.009612
0.00948597
0.00946457
0.00980832
0.0102698
0.010403
0.010303
0.010462
0.0108632
0.0111209
0.0112505
0.0114529
0.011686
0.0119058
0.0121724
0.0124565
0.0127106
0.012961
0.0132019
0.0134351
0.0137265
0.0140849
0.0143749
0.0145662
0.0148082
0.0151627
0.0155051
0.0157456
0.0159636
0.0162656
0.0166007
0.0168748
0.0171157
0.017418
0.017783
0.018131
0.0184594
0.0188208
0.0191935
0.019553
0.0199033
0.0202518
0.0206037
0.0209687
0.0213633
0.0217833
0.0221877
0.0225934
0.0230119
0.0234418
0.0238736
0.0243111
0.0247565
0.0252257
0.0257084
0.0261837
0.0266889
0.0271972
0.0277234
0.0282457
0.0287971
0.0293438
0.0299186
0.0304929
0.0310884
0.031693
0.0323227
0.0329552
0.0335699
0.0342203
0.0348735
0.0355644
0.036231
0.036946
0.0376389
0.0383534
0.0390993
0.0398205
0.0405871
0.0413616
0.0421246
0.0429406
0.043725
0.0445186
0.0451912
0.0456682
0.00894713
0.00913942
0.00977847
0.0100888
0.00969557
0.00900147
0.00888098
0.00952001
0.00991882
0.00946308
0.00891709
0.00893685
0.00927471
0.00957174
0.00967371
0.00958471
0.00956022
0.0098515
0.0103004
0.010479
0.0103935
0.0105088
0.0108912
0.0111738
0.0113106
0.0114942
0.0117138
0.0119334
0.0122046
0.0124896
0.012737
0.0129813
0.0132224
0.0134531
0.0137382
0.0140971
0.0143915
0.0145778
0.0148111
0.0151673
0.0155153
0.0157539
0.0159662
0.0162686
0.0166111
0.0168885
0.0171255
0.0174274
0.0177957
0.0181414
0.0184642
0.0188245
0.0191972
0.019554
0.019904
0.0202562
0.0206108
0.020976
0.0213695
0.0217878
0.022192
0.0225965
0.0230148
0.0234465
0.0238785
0.0243149
0.0247609
0.0252315
0.0257136
0.0261879
0.0266928
0.0272011
0.0277275
0.0282495
0.0288006
0.0293473
0.0299217
0.0304961
0.0310916
0.0316948
0.0323239
0.032956
0.033571
0.0342225
0.034875
0.0355655
0.0362318
0.0369462
0.03764
0.0383545
0.0390995
0.0398216
0.0405885
0.041363
0.0421258
0.0429429
0.0437284
0.0445246
0.0451999
0.045675
0.00893877
0.00903153
0.00974559
0.0102323
0.00993608
0.00918538
0.00893488
0.00952763
0.0100743
0.00973143
0.0090399
0.00895778
0.00938946
0.00970973
0.00974577
0.00966175
0.00965752
0.0099143
0.0103326
0.0105385
0.0104831
0.0105707
0.0109199
0.0112171
0.0113736
0.0115443
0.0117419
0.0119576
0.0122377
0.0125257
0.0127651
0.0130018
0.0132428
0.0134721
0.0137511
0.01411
0.0144093
0.0145912
0.0148147
0.0151716
0.0155254
0.0157624
0.0159687
0.0162711
0.0166211
0.0169028
0.0171357
0.0174364
0.0178082
0.0181518
0.0184691
0.0188282
0.0192012
0.0195555
0.0199052
0.0202608
0.0206178
0.0209833
0.0213746
0.0217923
0.0221963
0.0225998
0.0230177
0.0234514
0.0238835
0.0243187
0.0247653
0.0252373
0.0257188
0.0261923
0.0266969
0.0272052
0.0277318
0.0282534
0.0288042
0.0293509
0.0299249
0.0304995
0.0310949
0.0316967
0.0323252
0.032957
0.0335722
0.0342247
0.0348766
0.0355665
0.0362327
0.0369465
0.037641
0.0383556
0.0390998
0.0398227
0.04059
0.0413644
0.0421271
0.0429453
0.0437321
0.0445307
0.0452087
0.0456821
0.00887381
0.00890712
0.00967878
0.0103417
0.0102013
0.0094315
0.00902195
0.0095213
0.0101734
0.00999604
0.00923812
0.00897377
0.0094471
0.00986702
0.00985477
0.00972562
0.00974314
0.00999445
0.0103811
0.0105873
0.0105624
0.0106463
0.0109584
0.0112515
0.0114343
0.0116057
0.0117757
0.0119784
0.0122701
0.0125648
0.0127949
0.013023
0.0132646
0.0134928
0.0137649
0.0141224
0.0144272
0.0146061
0.0148191
0.0151758
0.0155365
0.0157731
0.0159732
0.0162744
0.0166315
0.0169176
0.0171461
0.0174448
0.0178206
0.018163
0.0184746
0.0188324
0.0192058
0.0195576
0.0199068
0.0202655
0.0206248
0.0209905
0.0213808
0.0217971
0.0222012
0.0226034
0.0230209
0.0234565
0.0238889
0.0243227
0.0247698
0.0252434
0.0257242
0.0261967
0.0267013
0.0272094
0.0277362
0.0282574
0.028808
0.0293546
0.0299282
0.0305029
0.0310982
0.0316986
0.0323267
0.032958
0.0335733
0.0342269
0.0348782
0.0355676
0.0362336
0.0369469
0.0376421
0.0383566
0.0391002
0.039824
0.0405914
0.041366
0.0421285
0.0429479
0.0437361
0.0445368
0.0452176
0.0456897
0.00891179
0.00885181
0.00959684
0.0103836
0.0104424
0.00972977
0.00915949
0.00951011
0.0102174
0.0102301
0.00949929
0.00902689
0.00944174
0.0100081
0.0100135
0.00979784
0.00980387
0.0100777
0.0104529
0.0106376
0.0106236
0.010726
0.0110138
0.0112816
0.0114852
0.0116749
0.0118193
0.0119958
0.0122981
0.0126078
0.0128289
0.0130442
0.013286
0.0135146
0.0137799
0.0141355
0.0144463
0.0146233
0.0148253
0.0151803
0.0155479
0.0157848
0.0159783
0.0162773
0.0166416
0.0169332
0.0171574
0.017453
0.0178327
0.0181746
0.0184804
0.0188366
0.0192108
0.0195604
0.0199091
0.0202707
0.0206317
0.0209976
0.0213869
0.0218021
0.0222062
0.0226072
0.0230241
0.0234617
0.0238945
0.0243267
0.0247745
0.0252497
0.0257298
0.0262012
0.0267057
0.0272139
0.0277407
0.0282616
0.0288119
0.0293584
0.0299317
0.0305064
0.0311015
0.0317007
0.0323283
0.0329591
0.0335746
0.0342293
0.0348799
0.0355687
0.0362345
0.0369475
0.0376433
0.0383578
0.0391007
0.0398254
0.0405928
0.0413677
0.0421301
0.0429506
0.0437405
0.0445431
0.0452267
0.0456976
0.00901327
0.00885087
0.0095148
0.0103607
0.0106168
0.0100462
0.00936029
0.0095099
0.0102127
0.0104122
0.00979105
0.00914759
0.0094014
0.0100881
0.0102038
0.00990387
0.00984268
0.010143
0.0105432
0.0107049
0.0106694
0.0107945
0.0110873
0.0113177
0.0115218
0.0117445
0.0118772
0.0120155
0.0123193
0.0126517
0.0128681
0.0130663
0.0133077
0.0135389
0.0137965
0.0141484
0.0144654
0.0146417
0.014832
0.0151838
0.0155587
0.0157978
0.0159847
0.0162805
0.0166516
0.0169491
0.0171688
0.0174604
0.0178442
0.0181864
0.0184867
0.0188411
0.0192162
0.0195636
0.0199117
0.0202759
0.0206386
0.0210047
0.0213933
0.0218074
0.0222116
0.0226114
0.0230273
0.0234672
0.0239004
0.0243309
0.0247792
0.0252562
0.0257356
0.0262059
0.0267104
0.0272185
0.0277454
0.0282659
0.028816
0.0293623
0.0299353
0.03051
0.0311049
0.0317029
0.03233
0.0329602
0.0335759
0.0342316
0.0348816
0.0355697
0.0362356
0.0369481
0.0376444
0.0383589
0.0391012
0.039827
0.0405943
0.0413694
0.0421319
0.0429534
0.0437452
0.0445495
0.0452359
0.0457059
0.00914433
0.00889179
0.00945237
0.0103027
0.0107204
0.0103412
0.00961919
0.009545
0.0101748
0.0105361
0.0100808
0.00934714
0.0093723
0.0100912
0.0103904
0.0100679
0.0098838
0.0101754
0.0106352
0.0108033
0.0107158
0.0108409
0.0111704
0.0113728
0.0115474
0.0118066
0.0119497
0.0120425
0.0123324
0.0126936
0.0129145
0.013091
0.0133274
0.0135636
0.0138141
0.0141603
0.0144844
0.014662
0.014841
0.0151886
0.0155708
0.0158127
0.0159929
0.0162838
0.0166611
0.0169657
0.0171813
0.017468
0.0178556
0.0181991
0.0184938
0.0188459
0.0192222
0.0195677
0.0199149
0.0202816
0.0206457
0.0210117
0.0213996
0.0218129
0.0222172
0.0226158
0.0230309
0.0234728
0.0239067
0.0243354
0.024784
0.0252629
0.0257415
0.0262107
0.0267152
0.0272234
0.0277503
0.0282703
0.0288202
0.0293663
0.029939
0.0305137
0.0311084
0.0317053
0.0323319
0.0329614
0.0335773
0.0342341
0.0348834
0.0355709
0.0362367
0.0369489
0.0376456
0.0383601
0.0391018
0.0398288
0.0405957
0.0413713
0.0421339
0.0429563
0.0437502
0.0445561
0.0452451
0.0457146
0.00929606
0.00896937
0.00941091
0.0102313
0.0107652
0.0105861
0.00991106
0.0096421
0.0101307
0.0106007
0.01034
0.00960536
0.00939805
0.0100386
0.0105286
0.0102805
0.00995966
0.0101758
0.0107055
0.0109308
0.0107831
0.0108614
0.0112447
0.0114535
0.0115724
0.011851
0.0120307
0.0120834
0.0123405
0.0127287
0.0129649
0.0131195
0.0133459
0.0135901
0.0138358
0.0141735
0.0145043
0.0146851
0.0148517
0.0151927
0.0155817
0.015828
0.0160023
0.0162874
0.0166703
0.0169832
0.017195
0.0174752
0.0178661
0.018212
0.0185013
0.0188507
0.0192285
0.0195724
0.0199185
0.0202874
0.0206527
0.0210188
0.021406
0.0218186
0.0222233
0.0226205
0.0230346
0.0234785
0.0239132
0.02434
0.0247889
0.0252698
0.0257476
0.0262156
0.0267201
0.0272285
0.0277554
0.0282749
0.0288246
0.0293705
0.029943
0.0305175
0.0311118
0.0317078
0.032334
0.0329627
0.0335788
0.0342366
0.0348852
0.035572
0.0362378
0.0369497
0.0376467
0.0383613
0.0391024
0.0398307
0.0405972
0.0413731
0.0421363
0.0429593
0.0437555
0.0445628
0.0452543
0.0457235
0.00945367
0.00908828
0.0093947
0.0101624
0.0107687
0.0107718
0.0102045
0.00980476
0.0101097
0.0106121
0.0105467
0.00989229
0.00950073
0.00997138
0.0105877
0.0105055
0.0100987
0.010168
0.0107298
0.0110665
0.0108901
0.0108714
0.0112917
0.0115542
0.011613
0.0118767
0.0121113
0.0121416
0.0123475
0.0127557
0.0130203
0.0131562
0.0133649
0.0136156
0.0138592
0.0141861
0.0145218
0.0147082
0.0148634
0.0151971
0.0155937
0.0158457
0.016014
0.0162915
0.0166786
0.0170006
0.0172093
0.017482
0.0178761
0.0182254
0.0185097
0.0188559
0.0192352
0.0195778
0.0199227
0.0202935
0.0206601
0.0210259
0.0214125
0.0218246
0.0222296
0.0226257
0.0230386
0.0234845
0.02392
0.0243449
0.0247938
0.0252769
0.0257541
0.0262207
0.0267252
0.0272337
0.0277606
0.0282796
0.0288291
0.0293747
0.0299471
0.0305214
0.0311153
0.0317105
0.0323362
0.032964
0.0335803
0.0342392
0.0348871
0.0355732
0.036239
0.0369508
0.0376479
0.0383627
0.0391031
0.0398328
0.0405988
0.041375
0.0421389
0.0429624
0.0437611
0.0445698
0.0452635
0.0457328
0.00958071
0.00924504
0.00941375
0.0101025
0.0107405
0.0108979
0.0104771
0.0100168
0.0101374
0.0105937
0.01069
0.0101765
0.00967372
0.00993154
0.0105752
0.0106962
0.0103005
0.0101874
0.0107046
0.0111833
0.0110432
0.0108959
0.0113009
0.011657
0.0116837
0.011891
0.0121788
0.0122178
0.0123616
0.0127729
0.013075
0.0131978
0.0133826
0.0136388
0.0138848
0.0142007
0.0145401
0.0147349
0.0148793
0.0152024
0.0156052
0.0158637
0.0160265
0.0162955
0.0166861
0.0170188
0.0172256
0.0174894
0.0178857
0.0182393
0.0185187
0.0188611
0.0192424
0.0195839
0.0199275
0.0202998
0.0206675
0.0210331
0.021419
0.0218307
0.0222361
0.022631
0.0230428
0.0234905
0.0239271
0.02435
0.0247988
0.025284
0.0257607
0.0262259
0.0267305
0.0272392
0.0277661
0.0282844
0.0288337
0.029379
0.0299513
0.0305253
0.0311188
0.0317133
0.0323385
0.0329654
0.0335821
0.0342419
0.034889
0.0355745
0.0362403
0.0369521
0.037649
0.0383641
0.0391039
0.039835
0.0406005
0.0413769
0.0421419
0.0429656
0.0437669
0.044577
0.0452727
0.0457423
0.00964331
0.00941548
0.00947939
0.0100606
0.0106976
0.0109747
0.0107193
0.0102569
0.0102182
0.0105708
0.0107673
0.0104277
0.00989556
0.00994963
0.0105271
0.0108177
0.0105324
0.0102717
0.0106543
0.0112491
0.0112237
0.0109613
0.011282
0.0117377
0.0117859
0.0119112
0.0122253
0.0123036
0.0123864
0.0127779
0.0131272
0.0132497
0.0134038
0.0136618
0.0139142
0.0142185
0.0145574
0.0147608
0.0148952
0.0152061
0.0156159
0.0158842
0.0160421
0.0163007
0.0166934
0.0170373
0.0172429
0.0174966
0.017894
0.0182532
0.0185287
0.0188666
0.0192497
0.0195907
0.019933
0.020306
0.0206753
0.0210405
0.0214256
0.0218371
0.0222431
0.0226367
0.0230472
0.0234968
0.0239346
0.0243554
0.0248039
0.0252913
0.0257676
0.0262314
0.0267356
0.0272448
0.0277718
0.0282896
0.0288386
0.0293835
0.0299558
0.0305293
0.0311224
0.0317165
0.0323411
0.0329668
0.033584
0.0342447
0.0348909
0.0355758
0.0362415
0.0369535
0.0376502
0.0383655
0.0391049
0.0398374
0.0406024
0.0413789
0.0421452
0.0429689
0.0437729
0.0445846
0.0452819
0.0457521
0.00965674
0.0095676
0.00958851
0.010046
0.0106576
0.0110099
0.010914
0.0105012
0.0103425
0.0105711
0.010798
0.0106286
0.0101421
0.0100309
0.0104838
0.0108685
0.0107479
0.0104288
0.0106151
0.011248
0.0114018
0.0110842
0.0112584
0.0117777
0.0119039
0.0119533
0.0122512
0.0123887
0.0124319
0.012779
0.0131731
0.0133113
0.0134281
0.0136793
0.0139425
0.0142369
0.0145732
0.0147879
0.0149157
0.015212
0.015627
0.0159065
0.0160597
0.0163055
0.0166986
0.0170555
0.0172618
0.0175042
0.0179019
0.0182678
0.0185397
0.0188723
0.0192573
0.0195981
0.0199335
0.0203123
0.0206832
0.021048
0.0214323
0.0218438
0.0222503
0.0226426
0.0230517
0.023503
0.0239424
0.0243611
0.0248091
0.0252986
0.0257747
0.0262371
0.0267412
0.0272506
0.0277776
0.0282946
0.0288434
0.029388
0.0299606
0.0305335
0.031126
0.0317198
0.0323437
0.0329681
0.033586
0.0342476
0.0348927
0.0355773
0.0362429
0.0369551
0.0376513
0.0383671
0.039106
0.0398397
0.0406045
0.0413808
0.0421489
0.0429725
0.043779
0.0445924
0.0452911
0.045762
0.00965927
0.00967329
0.00971676
0.0100623
0.0106309
0.0110191
0.0110523
0.0107354
0.0105018
0.01061
0.010808
0.0107681
0.0103838
0.0101631
0.0104732
0.0108748
0.0109088
0.0106329
0.0106304
0.0111966
0.0115391
0.0112572
0.0112599
0.0117756
0.0120159
0.0120286
0.012273
0.0124631
0.0124949
0.012778
0.0132027
0.0133794
0.0134605
0.0136918
0.0139709
0.0142619
0.0145921
0.0148166
0.0149385
0.0152167
0.015635
0.0159292
0.0160801
0.0163115
0.0167032
0.0170744
0.0172829
0.0175124
0.0179088
0.0182825
0.0185517
0.0188782
0.019265
0.0196063
0.0199403
0.0203188
0.0206912
0.0210557
0.0214391
0.0218507
0.0222579
0.022649
0.0230564
0.0235093
0.0239506
0.0243673
0.0248144
0.025306
0.025782
0.0262431
0.0267467
0.0272566
0.0277838
0.0283
0.0288485
0.0293926
0.0299654
0.0305375
0.0311296
0.0317234
0.0323466
0.0329696
0.0335881
0.0342508
0.0348946
0.0355789
0.0362444
0.0369569
0.0376525
0.0383687
0.0391074
0.0398421
0.0406068
0.0413828
0.0421528
0.0429762
0.0437851
0.0446006
0.0453003
0.045772
0.00967072
0.00974236
0.00984728
0.0101149
0.0106208
0.0110208
0.0111389
0.0109409
0.0106811
0.0106857
0.0108229
0.0108531
0.0105979
0.0103295
0.0105036
0.0108714
0.0110082
0.010841
0.0107196
0.0111315
0.0116087
0.011453
0.0113121
0.0117506
0.012101
0.012128
0.0123009
0.0125179
0.0125678
0.0127874
0.0132176
0.0134506
0.0135103
0.0137038
0.0139942
0.0142896
0.0146108
0.0148427
0.0149628
0.0152232
0.0156424
0.0159536
0.0161047
0.0163191
0.0167059
0.0170924
0.0173058
0.0175211
0.0179141
0.0182974
0.0185651
0.0188846
0.0192728
0.0196153
0.0199476
0.0203259
0.0206996
0.0210636
0.0214459
0.0218577
0.0222658
0.0226558
0.0230614
0.0235157
0.0239589
0.0243738
0.0248197
0.0253135
0.0257896
0.0262492
0.0267523
0.0272627
0.0277901
0.0283056
0.0288536
0.0293973
0.0299706
0.0305418
0.0311332
0.0317272
0.0323496
0.0329711
0.0335905
0.034254
0.0348964
0.0355805
0.0362458
0.0369589
0.0376537
0.0383703
0.0391091
0.0398445
0.0406092
0.0413848
0.0421571
0.0429803
0.0437913
0.0446091
0.0453096
0.0457821
0.0096927
0.00980853
0.00997048
0.0101953
0.010621
0.0110249
0.0111925
0.0111025
0.0108663
0.010793
0.0108619
0.0109035
0.0107687
0.010513
0.0105681
0.0108798
0.0110639
0.0110138
0.0108687
0.0110988
0.011612
0.0116344
0.0114218
0.0117248
0.0121451
0.0122335
0.0123495
0.0125648
0.0126454
0.012813
0.0132202
0.0135124
0.0135756
0.0137184
0.0140053
0.0143162
0.0146352
0.0148721
0.0149905
0.0152317
0.0156479
0.015977
0.0161321
0.0163285
0.0167067
0.0171091
0.0173312
0.0175317
0.0179183
0.0183121
0.0185798
0.0188914
0.0192808
0.0196248
0.019955
0.0203333
0.0207083
0.0210718
0.0214529
0.0218647
0.0222741
0.0226633
0.0230664
0.023522
0.0239678
0.0243809
0.024825
0.0253207
0.0257975
0.0262559
0.0267582
0.0272689
0.0277965
0.028311
0.0288589
0.0294023
0.0299761
0.0305461
0.0311368
0.0317313
0.0323526
0.0329726
0.0335928
0.0342574
0.0348981
0.0355824
0.0362475
0.0369611
0.0376549
0.0383719
0.0391111
0.0398468
0.0406119
0.041387
0.0421615
0.0429846
0.0437975
0.0446178
0.045319
0.0457922
0.00970668
0.00987699
0.0100768
0.0102916
0.0106372
0.0110339
0.0112346
0.0112199
0.0110396
0.0109173
0.0109274
0.0109447
0.0108914
0.0106946
0.0106599
0.0109082
0.0111045
0.0111373
0.0110406
0.0111252
0.0115775
0.0117661
0.0115719
0.0117266
0.0121581
0.0123325
0.0124196
0.0126092
0.0127167
0.0128514
0.0132173
0.0135564
0.0136516
0.0137488
0.0140109
0.0143384
0.0146652
0.0149051
0.0150182
0.0152395
0.0156521
0.0159997
0.0161624
0.0163414
0.0167063
0.0171241
0.0173589
0.0175442
0.017921
0.018326
0.0185959
0.0188988
0.0192888
0.0196349
0.0199626
0.020341
0.0207175
0.0210803
0.02146
0.0218718
0.0222825
0.0226714
0.0230718
0.0235281
0.0239767
0.0243885
0.0248306
0.025328
0.0258057
0.0262625
0.0267638
0.0272753
0.0278036
0.028317
0.0288643
0.0294069
0.0299814
0.0305503
0.0311406
0.0317357
0.0323558
0.0329744
0.0335955
0.034261
0.0348998
0.0355844
0.0362491
0.0369633
0.0376563
0.0383734
0.0391136
0.0398491
0.0406148
0.0413893
0.0421661
0.0429894
0.0438036
0.0446268
0.0453285
0.0458023
0.00969134
0.0099318
0.0101701
0.0104006
0.0106813
0.0110438
0.0112718
0.0113032
0.0111862
0.0110471
0.0110143
0.0109989
0.0109752
0.010859
0.0107769
0.0109522
0.0111453
0.0112207
0.0111983
0.0112082
0.0115438
0.0118384
0.0117361
0.0117744
0.0121546
0.0124071
0.0124997
0.0126578
0.0127832
0.0129006
0.0132192
0.0135843
0.0137295
0.0138004
0.014017
0.0143461
0.0146926
0.0149452
0.0150504
0.0152468
0.0156551
0.0160225
0.0161952
0.0163577
0.016705
0.0171362
0.0173884
0.0175593
0.0179225
0.0183391
0.0186133
0.0189071
0.0192971
0.0196456
0.0199705
0.0203488
0.0207274
0.0210892
0.0214672
0.021879
0.022291
0.0226801
0.0230775
0.023534
0.0239861
0.0243967
0.0248362
0.0253348
0.0258142
0.02627
0.0267698
0.0272817
0.0278105
0.0283227
0.0288699
0.0294123
0.0299875
0.0305547
0.0311442
0.0317401
0.0323588
0.0329763
0.0335982
0.0342647
0.0349015
0.0355865
0.0362511
0.0369656
0.0376579
0.0383749
0.0391163
0.0398514
0.0406177
0.0413919
0.0421708
0.0429945
0.0438098
0.0446358
0.0453382
0.0458125
0.0096602
0.00996939
0.0102557
0.0105133
0.0107528
0.0110557
0.0113018
0.0113695
0.0113045
0.0111745
0.011112
0.0110735
0.0110394
0.0109886
0.010904
0.0110054
0.0111929
0.0112887
0.011327
0.0113262
0.0115427
0.0118668
0.0118783
0.0118598
0.0121529
0.0124552
0.0125832
0.0127147
0.0128484
0.0129596
0.0132304
0.013599
0.0137952
0.0138665
0.0140348
0.014343
0.0147113
0.0149934
0.0150926
0.0152529
0.0156532
0.0160456
0.0162308
0.0163768
0.0167032
0.0171454
0.0174196
0.017578
0.0179228
0.0183507
0.018632
0.0189162
0.0193054
0.0196571
0.0199786
0.0203563
0.0207378
0.0210988
0.0214745
0.0218862
0.0222997
0.0226893
0.0230836
0.0235398
0.0239957
0.0244054
0.0248418
0.0253415
0.0258232
0.0262777
0.0267752
0.027288
0.0278182
0.0283288
0.0288754
0.0294174
0.0299932
0.0305592
0.0311482
0.0317452
0.0323619
0.0329784
0.033601
0.0342684
0.0349031
0.0355887
0.0362532
0.0369679
0.0376597
0.0383763
0.0391195
0.0398538
0.0406206
0.0413949
0.0421755
0.043
0.043816
0.0446449
0.0453481
0.0458226
0.00963433
0.00998956
0.0103248
0.0106132
0.0108426
0.011085
0.0113259
0.0114262
0.011399
0.0112927
0.0112116
0.0111601
0.0111034
0.0110809
0.0110268
0.0110725
0.0112456
0.0113542
0.0114255
0.0114527
0.0115817
0.0118752
0.0119835
0.0119686
0.0121744
0.0124815
0.0126583
0.0127794
0.0129125
0.013024
0.0132481
0.0136046
0.0138471
0.0139401
0.0140745
0.0143403
0.0147121
0.0150397
0.0151492
0.0152626
0.0156424
0.0160668
0.0162719
0.0163991
0.016701
0.0171517
0.0174513
0.0176004
0.0179229
0.0183602
0.0186517
0.0189264
0.0193135
0.0196692
0.0199874
0.0203634
0.0207482
0.0211093
0.0214822
0.0218931
0.0223084
0.0226992
0.0230899
0.0235452
0.0240055
0.024415
0.0248477
0.0253477
0.0258324
0.026286
0.026781
0.0272945
0.0278261
0.0283347
0.0288809
0.029423
0.0299992
0.0305636
0.0311519
0.0317503
0.0323649
0.032981
0.0336042
0.0342723
0.034905
0.035591
0.0362556
0.0369701
0.0376617
0.0383777
0.0391229
0.0398563
0.0406235
0.0413982
0.0421803
0.0430059
0.0438224
0.0446539
0.0453581
0.0458329
0.00961302
0.00999654
0.0103738
0.0106944
0.0109412
0.011142
0.0113499
0.0114713
0.0114754
0.0113953
0.0113059
0.0112486
0.0111808
0.0111547
0.0111366
0.0111549
0.0112969
0.0114153
0.0115006
0.0115661
0.0116519
0.0118896
0.0120584
0.0120798
0.012224
0.0125013
0.0127186
0.0128481
0.0129719
0.0130898
0.0132773
0.0136081
0.0138873
0.0140097
0.0141295
0.01435
0.0146971
0.0150722
0.0152216
0.0152865
0.0156216
0.0160798
0.0163201
0.0164272
0.0166965
0.0171546
0.0174834
0.0176267
0.0179234
0.0183675
0.0186723
0.018938
0.0193213
0.0196819
0.0199973
0.0203702
0.0207583
0.0211206
0.0214907
0.0218998
0.0223169
0.02271
0.0230966
0.0235504
0.0240158
0.0244254
0.0248532
0.025353
0.0258422
0.0262954
0.0267866
0.0273006
0.0278342
0.028341
0.0288866
0.0294289
0.0300053
0.0305683
0.0311559
0.0317556
0.0323677
0.0329835
0.0336074
0.0342759
0.034907
0.0355935
0.0362584
0.0369723
0.037664
0.0383793
0.0391264
0.0398591
0.0406264
0.041402
0.042185
0.0430119
0.043829
0.0446629
0.0453682
0.0458431
0.00959458
0.00999902
0.0104118
0.0107603
0.0110329
0.0112185
0.0113844
0.0115042
0.0115331
0.0114799
0.0113919
0.0113319
0.0112685
0.0112304
0.0112304
0.0112419
0.0113462
0.0114713
0.0115672
0.0116614
0.0117391
0.0119174
0.0121099
0.0121771
0.0122923
0.0125279
0.0127599
0.0129154
0.0130345
0.0131586
0.0133222
0.0136111
0.0139137
0.01407
0.0141896
0.0143805
0.0146805
0.0150789
0.0152976
0.0153354
0.0155974
0.0160758
0.0163733
0.0164669
0.0166902
0.0171514
0.0175164
0.0176573
0.0179246
0.0183723
0.0186931
0.0189512
0.0193287
0.0196947
0.0200084
0.0203772
0.0207679
0.021132
0.0215004
0.0219066
0.0223249
0.0227215
0.0231042
0.0235549
0.0240258
0.0244368
0.0248594
0.0253582
0.0258521
0.0263049
0.0267917
0.0273067
0.0278431
0.0283476
0.0288919
0.0294349
0.0300113
0.0305732
0.0311602
0.0317613
0.0323708
0.0329866
0.033611
0.0342793
0.0349091
0.0355957
0.0362612
0.0369742
0.0376663
0.0383811
0.03913
0.0398621
0.0406292
0.0414062
0.04219
0.0430181
0.0438358
0.0446719
0.0453784
0.0458534
0.00958233
0.0100017
0.0104448
0.0108134
0.0111065
0.0113005
0.0114352
0.0115354
0.0115761
0.0115476
0.0114687
0.0114079
0.0113542
0.0113089
0.0113059
0.011319
0.0114018
0.0115301
0.0116349
0.0117397
0.0118278
0.0119629
0.0121502
0.0122575
0.0123632
0.0125649
0.0127919
0.0129759
0.0131017
0.0132223
0.0133763
0.0136215
0.0139296
0.0141255
0.0142488
0.0144262
0.0146777
0.0150614
0.0153584
0.0154118
0.0155843
0.0160481
0.0164209
0.0165244
0.0166867
0.0171378
0.017549
0.0176943
0.0179266
0.0183747
0.0187145
0.0189659
0.0193354
0.0197078
0.0200205
0.0203841
0.0207773
0.0211431
0.0215106
0.0219139
0.0223324
0.0227334
0.0231123
0.0235586
0.0240361
0.0244496
0.0248654
0.0253618
0.0258623
0.0263158
0.0267975
0.0273126
0.0278514
0.0283539
0.0288973
0.0294414
0.0300173
0.030578
0.0311644
0.0317666
0.0323736
0.0329899
0.0336149
0.0342827
0.0349118
0.0355983
0.0362646
0.0369762
0.0376688
0.0383831
0.0391334
0.0398653
0.040632
0.0414107
0.0421949
0.0430242
0.0438429
0.0446807
0.0453885
0.0458636
0.00957997
0.0100031
0.0104705
0.0108591
0.0111647
0.0113757
0.0114991
0.0115756
0.0116099
0.0116009
0.0115383
0.0114743
0.0114252
0.0113793
0.0113731
0.0113913
0.0114648
0.011586
0.0116947
0.0118055
0.0119104
0.0120253
0.0121895
0.0123259
0.0124367
0.0126132
0.0128235
0.0130192
0.0131641
0.013281
0.0134326
0.0136466
0.0139376
0.0141718
0.0143058
0.0144757
0.0146985
0.0150382
0.0153885
0.0155027
0.0156008
0.0160033
0.0164474
0.0165994
0.0166961
0.0171101
0.0175756
0.0177403
0.0179305
0.0183727
0.0187362
0.0189825
0.0193415
0.019721
0.020034
0.0203919
0.0207867
0.021154
0.0215212
0.0219218
0.0223397
0.0227456
0.0231216
0.0235626
0.0240458
0.024463
0.0248719
0.0253657
0.0258731
0.0263271
0.0268026
0.0273185
0.0278605
0.0283612
0.0289029
0.0294478
0.030023
0.0305831
0.0311691
0.0317719
0.0323766
0.0329933
0.0336189
0.0342853
0.0349145
0.0356008
0.0362679
0.0369783
0.0376715
0.0383859
0.0391369
0.0398689
0.040635
0.0414156
0.0422002
0.0430304
0.0438503
0.0446896
0.0453986
0.0458741
0.00959005
0.0100071
0.0104905
0.0109003
0.0112135
0.0114384
0.011564
0.0116243
0.0116435
0.0116397
0.0115947
0.0115286
0.011483
0.0114449
0.0114425
0.0114605
0.0115193
0.0116326
0.0117483
0.0118649
0.0119796
0.012094
0.0122382
0.0123861
0.012508
0.012664
0.0128594
0.0130555
0.0132218
0.0133436
0.0134858
0.0136817
0.0139438
0.014202
0.014361
0.0145222
0.0147333
0.0150274
0.0153868
0.0155853
0.0156575
0.0159617
0.0164399
0.0166806
0.0167322
0.0170726
0.017587
0.0177969
0.0179408
0.0183644
0.0187574
0.0190018
0.0193459
0.0197335
0.0200486
0.0203986
0.0207962
0.0211651
0.0215315
0.0219299
0.0223469
0.0227582
0.0231315
0.0235643
0.0240547
0.024478
0.0248789
0.0253681
0.0258831
0.0263388
0.0268081
0.0273245
0.0278692
0.0283681
0.0289085
0.0294548
0.0300289
0.0305883
0.0311741
0.0317768
0.0323798
0.0329974
0.0336234
0.034288
0.0349177
0.0356037
0.036271
0.0369802
0.0376737
0.0383886
0.0391399
0.0398721
0.040638
0.0414202
0.0422054
0.0430364
0.0438578
0.0446984
0.0454084
0.045884
0.0096139
0.0100178
0.0105055
0.0109352
0.0112576
0.0114877
0.0116212
0.0116754
0.0116794
0.0116657
0.0116355
0.0115765
0.0115349
0.0115037
0.0115005
0.01152
0.0115684
0.0116774
0.0117993
0.0119182
0.0120386
0.0121594
0.0122925
0.0124352
0.0125695
0.0127173
0.0129005
0.0130932
0.0132693
0.0134053
0.013539
0.0137227
0.0139615
0.014221
0.0144113
0.0145694
0.0147699
0.0150354
0.0153701
0.0156349
0.0157392
0.0159463
0.0163976
0.016746
0.0168023
0.0170393
0.017574
0.0178594
0.0179659
0.0183493
0.0187756
0.0190269
0.0193501
0.0197451
0.0200656
0.020407
0.0208056
0.0211767
0.0215419
0.021938
0.0223543
0.0227712
0.0231422
0.0235693
0.0240638
0.0244938
0.024886
0.0253704
0.0258941
0.0263516
0.0268138
0.0273304
0.0278779
0.0283753
0.0289144
0.0294614
0.0300346
0.0305938
0.0311798
0.0317815
0.0323832
0.0330017
0.0336279
0.0342902
0.0349213
0.0356073
0.0362745
0.036983
0.0376768
0.0383926
0.0391435
0.0398759
0.0406415
0.041426
0.0422111
0.0430426
0.0438655
0.0447073
0.045418
0.0458946
0.00964742
0.0100344
0.0105182
0.0109609
0.0112948
0.0115268
0.0116662
0.0117194
0.0117155
0.0116881
0.0116625
0.0116161
0.0115747
0.0115468
0.0115447
0.0115735
0.011619
0.0117173
0.0118453
0.0119685
0.0120913
0.012214
0.0123458
0.0124847
0.012625
0.012772
0.0129396
0.0131278
0.0133069
0.0134582
0.0135943
0.0137634
0.0139887
0.0142377
0.0144504
0.0146217
0.0148084
0.0150573
0.0153602
0.015652
0.0158216
0.0159744
0.0163418
0.0167708
0.0168944
0.0170264
0.0175309
0.0179124
0.01801
0.0183295
0.0187837
0.0190564
0.0193531
0.0197522
0.0200838
0.0204151
0.0208136
0.0211888
0.0215528
0.021945
0.0223606
0.0227851
0.0231544
0.0235692
0.0240701
0.0245101
0.0248939
0.0253722
0.0259038
0.0263633
0.0268192
0.027336
0.0278861
0.0283824
0.0289202
0.0294677
0.0300399
0.0305989
0.0311851
0.0317852
0.0323864
0.0330063
0.0336321
0.0342918
0.0349243
0.0356104
0.0362767
0.0369847
0.0376788
0.0383959
0.0391463
0.0398789
0.0406449
0.0414282
0.0422163
0.0430483
0.0438732
0.0447161
0.0454276
0.0459041
0.0096871
0.0100577
0.0105316
0.0109765
0.0113212
0.0115556
0.0116966
0.0117523
0.0117466
0.011708
0.0116762
0.0116396
0.0116012
0.0115801
0.0115822
0.0116152
0.0116646
0.0117528
0.0118843
0.0120123
0.0121367
0.0122624
0.0123972
0.0125372
0.0126722
0.0128208
0.0129793
0.0131606
0.0133424
0.0134998
0.0136467
0.0138048
0.0140161
0.0142565
0.0144756
0.0146702
0.0148506
0.0150812
0.0153654
0.0156543
0.015884
0.016041
0.0163086
0.0167544
0.0169915
0.0170608
0.0174759
0.0179445
0.0180793
0.0183197
0.0187794
0.0190914
0.0193621
0.0197564
0.0201047
0.0204265
0.0208203
0.0212013
0.0215655
0.0219522
0.022366
0.0227997
0.0231681
0.0235725
0.0240769
0.0245281
0.0249036
0.0253741
0.025914
0.0263765
0.0268269
0.0273427
0.0278946
0.0283903
0.0289272
0.0294747
0.0300463
0.0306054
0.0311917
0.0317896
0.0323904
0.0330122
0.033637
0.0342943
0.034929
0.0356156
0.0362802
0.036988
0.0376825
0.0384003
0.03915
0.0398825
0.0406492
0.041434
0.042222
0.0430546
0.0438808
0.0447248
0.0454366
0.0459144
0.00973215
0.010087
0.0105456
0.0109836
0.0113319
0.0115687
0.0117089
0.0117668
0.0117622
0.0117193
0.0116777
0.0116467
0.0116192
0.0116046
0.011611
0.0116474
0.0117076
0.011789
0.0119148
0.0120512
0.0121795
0.0123078
0.0124402
0.0125824
0.0127142
0.0128625
0.0130203
0.0131887
0.0133718
0.013533
0.0136906
0.0138498
0.0140423
0.0142771
0.0144937
0.0147052
0.0148958
0.0151016
0.0153741
0.0156523
0.0159078
0.0161103
0.0163074
0.0167011
0.0170465
0.0171281
0.0174231
0.0179329
0.0181527
0.0183265
0.0187577
0.01912
0.0193766
0.019754
0.0201232
0.0204409
0.020824
0.021212
0.02158
0.0219588
0.0223686
0.0228135
0.0231848
0.0235736
0.0240792
0.0245448
0.0249143
0.0253757
0.0259219
0.0263876
0.0268338
0.0273479
0.027901
0.0283971
0.0289333
0.0294798
0.0300509
0.0306104
0.0311966
0.0317924
0.0323935
0.0330173
0.0336403
0.0342949
0.0349318
0.035619
0.0362815
0.0369897
0.0376852
0.038404
0.0391529
0.0398852
0.0406532
0.0414385
0.0422272
0.0430605
0.0438885
0.0447336
0.0454457
0.0459237
0.0097896
0.0101255
0.010562
0.0109828
0.0113224
0.0115553
0.0116893
0.011746
0.0117452
0.0117062
0.011662
0.0116353
0.0116223
0.0116182
0.0116359
0.0116787
0.0117478
0.0118327
0.0119531
0.0120963
0.012228
0.0123563
0.0124859
0.0126292
0.0127639
0.0129062
0.0130662
0.0132225
0.0134007
0.0135693
0.01373
0.0139006
0.0140775
0.0143025
0.0145211
0.0147346
0.0149476
0.0151366
0.0153901
0.0156693
0.0159208
0.0161704
0.0163572
0.0166639
0.0170625
0.0172208
0.0174151
0.0178958
0.0182177
0.0183656
0.0187346
0.0191375
0.0194032
0.0197536
0.0201382
0.0204612
0.0208278
0.0212197
0.0215975
0.0219689
0.0223693
0.0228255
0.0232041
0.0235773
0.0240794
0.0245614
0.0249288
0.0253782
0.0259285
0.0263999
0.0268443
0.0273545
0.0279078
0.0284057
0.0289415
0.0294867
0.0300577
0.0306176
0.0312032
0.0317966
0.0323983
0.0330244
0.0336451
0.0342977
0.0349374
0.0356251
0.0362845
0.0369928
0.0376893
0.0384083
0.0391564
0.0398884
0.0406579
0.0414443
0.0422327
0.0430667
0.0438958
0.044742
0.0454542
0.0459331
0.0098829
0.0101972
0.010601
0.0109877
0.0112965
0.0115054
0.0116181
0.0116609
0.0116565
0.0116212
0.0115814
0.0115598
0.0115648
0.0115818
0.0116172
0.0116726
0.0117544
0.0118528
0.01197
0.012113
0.0122522
0.012383
0.0125117
0.0126527
0.0127948
0.0129333
0.0130928
0.0132468
0.0134143
0.0135923
0.013754
0.0139342
0.0141089
0.0143163
0.0145404
0.0147483
0.0149757
0.015169
0.0153964
0.0156829
0.0159259
0.0161903
0.0164119
0.0166505
0.0170355
0.0172895
0.0174436
0.0178476
0.0182457
0.0184202
0.0187209
0.0191358
0.0194311
0.0197574
0.0201433
0.0204826
0.020832
0.0212187
0.0216134
0.021983
0.0223675
0.0228322
0.0232266
0.0235854
0.0240756
0.024575
0.0249475
0.0253822
0.0259312
0.0264111
0.0268568
0.0273598
0.0279112
0.0284134
0.0289485
0.0294912
0.0300623
0.0306231
0.0312076
0.0317991
0.0324021
0.0330298
0.0336474
0.034298
0.0349409
0.0356291
0.0362857
0.0369949
0.0376933
0.0384124
0.0391597
0.0398914
0.0406622
0.041449
0.0422375
0.043073
0.0439033
0.0447507
0.0454636
0.0459426
0.010031
0.0103482
0.0107388
0.0111017
0.0113813
0.0115587
0.0116396
0.0116536
0.0116329
0.0115929
0.0115536
0.0115308
0.011543
0.0115766
0.0116281
0.0116975
0.0117869
0.0118923
0.0120071
0.0121424
0.0122837
0.0124163
0.0125441
0.012682
0.0128287
0.012967
0.0131198
0.0132778
0.0134371
0.013618
0.013785
0.0139657
0.0141497
0.0143422
0.0145668
0.0147755
0.0149985
0.0152094
0.0154182
0.0156982
0.0159452
0.0161969
0.0164571
0.0166748
0.017002
0.0173239
0.0174975
0.0178182
0.018242
0.0184745
0.0187298
0.0191243
0.0194535
0.019771
0.0201445
0.0205021
0.0208473
0.0212171
0.0216256
0.0220033
0.0223688
0.0228336
0.0232499
0.0235984
0.024067
0.024582
0.024969
0.025388
0.0259276
0.0264199
0.0268731
0.0273653
0.0279121
0.0284217
0.0289577
0.0294973
0.0300682
0.0306296
0.0312129
0.0318028
0.0324075
0.0330368
0.0336511
0.0343004
0.0349468
0.0356348
0.0362877
0.0369971
0.0376973
0.038416
0.0391624
0.0398941
0.0406668
0.0414543
0.0422422
0.0430791
0.0439106
0.0447578
0.0454701
0.0459507
0.00985868
0.0100888
0.010407
0.0107235
0.0109907
0.0111843
0.0113066
0.0113728
0.0114135
0.011434
0.0114483
0.0114664
0.0115072
0.0115684
0.0116405
0.0117236
0.0118164
0.0119236
0.0120375
0.0121642
0.0123001
0.0124347
0.0125657
0.0127018
0.0128506
0.0129918
0.0131394
0.0133005
0.0134606
0.0136376
0.0138104
0.0139884
0.0141789
0.0143679
0.0145834
0.0147988
0.0150104
0.0152377
0.0154481
0.0157072
0.0159662
0.0162045
0.0164854
0.0167193
0.0169867
0.0173325
0.0175589
0.0178215
0.0182249
0.0185138
0.0187592
0.0191161
0.0194653
0.0197901
0.0201453
0.0205128
0.0208655
0.0212183
0.0216283
0.0220237
0.0223754
0.0228296
0.0232714
0.0236212
0.024062
0.0245859
0.0249972
0.0254017
0.0259226
0.026429
0.0268956
0.0273737
0.0279115
0.0284297
0.0289674
0.0295035
0.0300736
0.030635
0.0312177
0.0318064
0.0324127
0.0330427
0.0336536
0.0343019
0.0349517
0.0356398
0.0362898
0.0370005
0.0377028
0.0384208
0.0391662
0.0398974
0.0406714
0.0414592
0.0422468
0.0430847
0.0439175
0.0447661
0.0454839
0.0459616
0.0111047
0.0110182
0.0108825
0.0107795
0.0107396
0.0107519
0.0108066
0.0108835
0.0109839
0.0110962
0.0112086
0.0113143
0.0114153
0.0115206
0.0116209
0.0117212
0.0118216
0.0119318
0.012048
0.0121701
0.0123013
0.0124342
0.0125675
0.0126998
0.012848
0.0129942
0.0131431
0.0133065
0.013473
0.0136483
0.013823
0.0140032
0.0141955
0.0143909
0.0145958
0.0148139
0.015022
0.0152524
0.0154776
0.0157117
0.0159745
0.0162144
0.016489
0.0167519
0.0169849
0.0173157
0.0175969
0.0178372
0.0181995
0.0185265
0.0187882
0.019116
0.0194658
0.0198062
0.0201526
0.0205161
0.0208845
0.0212296
0.0216252
0.0220416
0.0223927
0.0228183
0.0232828
0.0236483
0.0240517
0.0245766
0.0250225
0.0254144
0.0259079
0.0264305
0.0269166
0.0273796
0.0279061
0.0284346
0.0289758
0.0295093
0.0300785
0.0306384
0.0312207
0.0318097
0.0324178
0.0330474
0.0336554
0.0343036
0.0349562
0.0356438
0.0362905
0.0370017
0.0377056
0.0384233
0.0391681
0.0398996
0.040675
0.0414637
0.0422506
0.0430897
0.0439243
0.0447722
0.045487
0.0459668
0.00992301
0.0100743
0.0103
0.0105161
0.0107005
0.0108407
0.0109364
0.0109992
0.0110544
0.0111221
0.0112046
0.0112998
0.0113966
0.0115009
0.0116082
0.0117191
0.011833
0.0119512
0.0120755
0.0122015
0.0123337
0.0124615
0.0125906
0.0127165
0.0128568
0.0130079
0.0131595
0.0133241
0.0134927
0.0136689
0.0138432
0.014024
0.0142158
0.0144143
0.0146158
0.0148282
0.0150409
0.01527
0.0155064
0.0157298
0.0159808
0.0162383
0.0164987
0.0167763
0.0170138
0.0173079
0.0176265
0.0178745
0.0181897
0.018535
0.018816
0.0191299
0.0194705
0.019813
0.0201673
0.0205156
0.020891
0.02125
0.0216149
0.0220461
0.0224221
0.0228107
0.0232847
0.023689
0.0240553
0.0245636
0.0250566
0.0254431
0.0258971
0.0264349
0.0269459
0.0273927
0.0279048
0.0284418
0.0289864
0.0295177
0.0300862
0.0306435
0.0312252
0.0318155
0.0324252
0.0330535
0.0336587
0.0343075
0.0349626
0.0356499
0.0362944
0.0370066
0.0377121
0.0384287
0.0391726
0.0399035
0.0406797
0.0414687
0.0422551
0.0430955
0.0439314
0.0447801
0.0454974
0.0459782
0.0112288
0.0110355
0.0107721
0.0105369
0.0103784
0.0103066
0.0103159
0.0103936
0.0105245
0.0106997
0.0109005
0.0111049
0.0112878
0.0114449
0.0115839
0.0117124
0.0118369
0.0119582
0.0120827
0.0122082
0.0123372
0.0124606
0.012582
0.0127041
0.0128396
0.012997
0.0131567
0.0133237
0.0134965
0.0136735
0.0138515
0.0140317
0.0142232
0.0144232
0.0146262
0.0148353
0.0150487
0.0152819
0.0155181
0.0157426
0.015979
0.0162462
0.0165077
0.0167742
0.0170342
0.0173023
0.0176249
0.0179043
0.0181814
0.0185306
0.0188315
0.0191367
0.0194795
0.0198114
0.0201775
0.0205244
0.0208864
0.0212743
0.02162
0.0220346
0.0224507
0.0228118
0.023266
0.0237188
0.0240657
0.0245341
0.025069
0.025471
0.0258809
0.0264225
0.0269651
0.0274018
0.0278977
0.0284421
0.0289912
0.0295217
0.0300903
0.0306449
0.0312255
0.0318169
0.0324288
0.0330563
0.0336586
0.0343079
0.034965
0.0356519
0.0362939
0.0370068
0.0377135
0.0384299
0.0391735
0.0399045
0.0406817
0.0414716
0.0422572
0.0430982
0.0439345
0.0447837
0.0454997
0.0459808
0.0108658
0.0105747
0.0102424
0.00997584
0.00981818
0.00977821
0.00984762
0.0100045
0.0102219
0.0104778
0.0107498
0.0110111
0.0112375
0.0114225
0.0115769
0.0117128
0.0118403
0.0119626
0.0120848
0.0122089
0.012336
0.0124583
0.0125765
0.0126961
0.0128309
0.0129896
0.0131548
0.013322
0.0134968
0.0136744
0.0138532
0.0140341
0.0142235
0.0144238
0.014627
0.0148378
0.0150513
0.0152887
0.0155261
0.0157528
0.015988
0.0162535
0.0165242
0.0167825
0.0170507
0.0173208
0.0176281
0.0179292
0.0181956
0.01853
0.0188464
0.0191451
0.0194905
0.0198177
0.0201808
0.0205384
0.0208854
0.0212833
0.0216394
0.0220283
0.0224631
0.0228361
0.0232601
0.0237345
0.0240994
0.0245339
0.0250747
0.0255042
0.0258947
0.0264214
0.0269819
0.027422
0.0279041
0.0284487
0.0290011
0.0295303
0.0300995
0.0306525
0.031232
0.0318232
0.0324361
0.0330639
0.0336647
0.0343134
0.0349717
0.0356592
0.0363003
0.0370129
0.0377205
0.0384358
0.039179
0.0399092
0.0406861
0.0414763
0.0422618
0.0431034
0.0439441
0.0447925
0.0455099
0.0459924
)
;

boundaryField
{
    zeroGradientPlanes
    {
        type            zeroGradient;
    }
    inlet
    {
        type            zeroGradient;
    }
    plate
    {
        type            zeroGradient;
    }
    frontAndBack
    {
        type            empty;
    }
}


// ************************************************************************* //
