/*--------------------------------*- C++ -*----------------------------------*\
| =========                 |                                                 |
| \\      /  F ield         | OpenFOAM: The Open Source CFD Toolbox           |
|  \\    /   O peration     | Version:  v1912                                 |
|   \\  /    A nd           | Website:  www.openfoam.com                      |
|    \\/     M anipulation  |                                                 |
\*---------------------------------------------------------------------------*/
FoamFile
{
    version     2.0;
    format      ascii;
    class       volScalarField;
    location    "6.35";
    object      p;
}
// * * * * * * * * * * * * * * * * * * * * * * * * * * * * * * * * * * * * * //

dimensions      [0 2 -2 0 0 0 0];


internalField   nonuniform List<scalar> 
9600
(
-3.8055e-09
0.00492874
-0.00398783
0.0026381
0.00898517
0.00573908
0.00554584
0.0107502
0.00736495
0.00942494
0.00948255
0.00941342
0.0101964
0.0102686
0.00951057
0.0114363
0.0101627
0.0106411
0.0093762
0.00938901
-2.65742e-07
0.00491671
-0.00396454
0.00265508
0.00895616
0.00576165
0.00555075
0.0107277
0.00735716
0.0093967
0.00950914
0.00945583
0.0101958
0.0102489
0.00949228
0.0113792
0.0101891
0.0106432
0.0093865
0.00940136
-8.32776e-07
0.0049009
-0.00393987
0.00267761
0.00893569
0.00581494
0.00554588
0.0106845
0.0073463
0.00935601
0.00955168
0.00950622
0.0101868
0.0102158
0.0094804
0.0113099
0.0102598
0.0106282
0.00939359
0.00945186
-1.87765e-06
0.00487992
-0.0039023
0.00273724
0.00892057
0.00590376
0.00554561
0.0106265
0.00733537
0.00931285
0.00960155
0.00956301
0.0101728
0.010172
0.00946427
0.0112355
0.0103275
0.0105817
0.0094021
0.00948393
-4.03909e-06
0.0048546
-0.00384125
0.00283345
0.00889703
0.0060335
0.00556151
0.0105561
0.00732628
0.00926795
0.00965578
0.00961732
0.0101542
0.0101148
0.00944244
0.011152
0.0103793
0.0105182
0.0094092
0.00948814
-7.20225e-06
0.00482716
-0.00375154
0.00293969
0.00885666
0.00619728
0.0056048
0.0104815
0.00732081
0.00922197
0.00970955
0.00966879
0.0101345
0.0100485
0.00941564
0.0110569
0.0104118
0.0104495
0.00940328
0.00947978
-1.07147e-05
0.00480018
-0.00363573
0.0030301
0.00879686
0.00637967
0.00567844
0.0104104
0.00731833
0.00917606
0.00976247
0.00972018
0.0101181
0.00997885
0.00938484
0.0109537
0.0104272
0.010376
0.00938261
0.00947132
-1.36964e-05
0.004776
-0.00350048
0.00309
0.0087189
0.0065623
0.00577802
0.0103471
0.00731948
0.0091323
0.00981753
0.0097746
0.0101083
0.00991076
0.00935374
0.0108478
0.0104269
0.0102985
0.0093539
0.00946343
-1.54169e-05
0.00475649
-0.0033508
0.0031178
0.00862565
0.00673019
0.00589473
0.010292
0.00732466
0.00909309
0.00987488
0.00983217
0.0101077
0.00984929
0.00932729
0.0107448
0.0104144
0.0102223
0.0093208
0.00944988
-1.55536e-05
0.00474303
-0.00318699
0.0031216
0.00852096
0.00687449
0.006019
0.0102433
0.00733787
0.00905934
0.00993043
0.00988975
0.010117
0.00979916
0.0093105
0.0106514
0.0103971
0.010152
0.00928387
0.00942956
-1.40928e-05
0.00473677
-0.00300592
0.00311212
0.00840988
0.00699116
0.00614229
0.0101986
0.00736226
0.00903046
0.00997799
0.00994299
0.0101352
0.00976252
0.00930697
0.0105748
0.0103823
0.0100912
0.0092472
0.00940614
-1.10713e-05
0.00473878
-0.00280454
0.00310567
0.00829824
0.00708613
0.00625832
0.0101561
0.00740155
0.00900546
0.0100136
0.00998822
0.01016
0.00974003
0.00931786
0.0105197
0.0103759
0.010044
0.00921606
0.00938097
-6.37017e-06
0.00474955
-0.00258201
0.00311265
0.00819048
0.00716142
0.00636401
0.0101152
0.00745739
0.00898374
0.0100369
0.0100233
0.0101885
0.00973022
0.00934133
0.0104869
0.0103809
0.0100111
0.00919195
0.00935293
3.46626e-07
0.00477142
-0.00234078
0.00313139
0.00808851
0.0072208
0.00645952
0.0100757
0.00752869
0.00896478
0.0100505
0.0100488
0.0102183
0.00973016
0.00937302
0.0104727
0.0103954
0.00998788
0.00917415
0.00932262
9.5306e-06
0.00479738
-0.0020852
0.00316058
0.00799212
0.00726762
0.00654714
0.0100376
0.00761221
0.00894758
0.0100584
0.0100672
0.0102479
0.00973728
0.00940825
0.0104713
0.0104151
0.00996914
0.00916325
0.00929277
2.1595e-05
0.00482806
-0.00181951
0.00319774
0.00790022
0.00730442
0.00662985
0.0100013
0.00770393
0.00893086
0.010064
0.0100814
0.010276
0.00975037
0.00944362
0.0104774
0.0104374
0.0099521
0.00916045
0.00926627
3.68809e-05
0.00486222
-0.00154679
0.00324083
0.00781194
0.00733298
0.00671014
0.00996714
0.00780044
0.00891366
0.0100698
0.0100938
0.0103019
0.00976886
0.00947741
0.0104878
0.010462
0.00993592
0.00916569
0.00924597
5.57474e-05
0.00489919
-0.001269
0.00328862
0.00772689
0.00735452
0.00678978
0.00993531
0.00789957
0.00889558
0.0100769
0.0101068
0.010325
0.00979241
0.00950954
0.0105006
0.0104896
0.00992055
0.00917766
0.00923461
7.85606e-05
0.00493615
-0.00098733
0.00334057
0.00764515
0.00736998
0.00686976
0.00990613
0.00800022
0.00887672
0.0100857
0.010123
0.0103445
0.00982064
0.00954077
0.0105146
0.0105203
0.00990639
0.00919436
0.00923427
0.000105665
0.00497322
-0.000702405
0.00339657
0.00756704
0.00738001
0.00695042
0.00987985
0.00810189
0.00885742
0.0100961
0.0101426
0.0103604
0.00985296
0.00957215
0.0105288
0.0105542
0.00989418
0.00921369
0.00924634
0.000137429
0.00500992
-0.000414557
0.00345664
0.007493
0.00738509
0.0070317
0.00985688
0.0082043
0.00883806
0.0101075
0.0101664
0.0103724
0.00988864
0.00960464
0.0105426
0.0105911
0.0098848
0.00923375
0.00927187
0.000174252
0.00504572
-0.00012403
0.00352097
0.00742349
0.00738564
0.00711325
0.0098376
0.00830727
0.00881903
0.0101196
0.0101951
0.0103809
0.00992684
0.00963894
0.0105555
0.0106312
0.00987941
0.00925268
0.00931142
0.000216541
0.00508017
0.00016897
0.00358968
0.00735899
0.00738208
0.00719442
0.00982233
0.00841062
0.0088008
0.0101315
0.0102292
0.0103863
0.00996667
0.00967566
0.0105665
0.0106745
0.00988012
0.00926852
0.00936404
0.000264721
0.00511292
0.000464279
0.00366282
0.00729982
0.00737488
0.0072745
0.00981137
0.00851419
0.00878381
0.0101426
0.0102693
0.0103894
0.0100074
0.0097155
0.010575
0.0107211
0.00989043
0.00927993
0.00942572
0.000319237
0.00514369
0.000761764
0.00374036
0.00724611
0.00736467
0.00735273
0.00980496
0.00861784
0.00876848
0.0101522
0.0103158
0.010391
0.0100482
0.00975972
0.0105804
0.0107694
0.00991414
0.00928745
0.00948962
0.000380557
0.00517221
0.00106126
0.0038223
0.00719794
0.00735219
0.00742831
0.00980315
0.00872148
0.00875529
0.0101599
0.0103689
0.0103917
0.0100875
0.00980986
0.0105836
0.0108169
0.00995416
0.00929466
0.0095476
0.000449189
0.00519832
0.00136252
0.00390861
0.00715532
0.00733841
0.0075005
0.0098058
0.00882522
0.0087447
0.0101648
0.0104291
0.0103925
0.0101233
0.0098672
0.0105866
0.010861
0.0100116
0.0093083
0.00959271
0.000525668
0.00522194
0.00166529
0.00399925
0.00711824
0.00732448
0.00756879
0.00981268
0.00892927
0.0087371
0.0101662
0.0104965
0.0103956
0.0101539
0.009932
0.0105922
0.0108993
0.0100853
0.00933645
0.00962288
0.000610519
0.00524291
0.00196949
0.00409426
0.00708646
0.00731148
0.00763297
0.00982346
0.00903383
0.0087331
0.0101633
0.0105705
0.010403
0.0101779
0.0100036
0.0106039
0.0109303
0.0101704
0.0093863
0.00964357
0.000704273
0.00526117
0.00227487
0.00419387
0.00705963
0.00730055
0.00769307
0.00983759
0.00913912
0.00873353
0.0101557
0.0106504
0.0104171
0.0101943
0.0100805
0.0106257
0.0109546
0.0102605
0.00946152
0.00966618
0.000807452
0.00527669
0.00258089
0.00429848
0.00703748
0.00729286
0.00774925
0.00985438
0.00924537
0.00873921
0.010143
0.0107353
0.0104402
0.0102025
0.0101595
0.0106618
0.0109759
0.0103498
0.00955987
0.00970138
0.000920586
0.00528944
0.0028868
0.00440861
0.00701967
0.0072896
0.00780201
0.00987304
0.00935281
0.00875105
0.0101247
0.0108234
0.0104753
0.0102032
0.0102367
0.0107144
0.0109997
0.0104354
0.00967532
0.00975623
0.00104423
0.00529946
0.00319165
0.00452487
0.00700586
0.00729174
0.0078521
0.00989284
0.00946148
0.00877037
0.0101008
0.0109124
0.0105248
0.0101986
0.0103084
0.0107833
0.0110301
0.0105169
0.00980268
0.00983332
0.0011789
0.00530676
0.00349436
0.00464819
0.0069957
0.00729978
0.00790039
0.00991324
0.00957127
0.00879818
0.0100718
0.0110005
0.0105893
0.0101909
0.0103721
0.0108686
0.0110715
0.0105941
0.0099377
0.00993244
0.00132501
0.00531154
0.00379366
0.00477958
0.0069891
0.00731393
0.00794766
0.00993383
0.00968236
0.00883419
0.0100382
0.0110865
0.0106698
0.0101819
0.0104237
0.0109696
0.0111305
0.0106666
0.0100749
0.010052
0.00148292
0.00531418
0.00408806
0.00491992
0.00698625
0.00733422
0.0079946
0.00995423
0.00979488
0.00887985
0.0100001
0.0111675
0.0107684
0.0101762
0.0104583
0.0110816
0.0112148
0.0107372
0.0102077
0.0101911
0.001653
0.00531532
0.00437602
0.00506995
0.00698759
0.00736064
0.00804198
0.00997388
0.00990866
0.00893692
0.00995838
0.0112399
0.0108847
0.0101802
0.0104735
0.0111965
0.0113303
0.0108131
0.0103283
0.0103463
0.00183552
0.00531575
0.00465592
0.00523033
0.00699392
0.00739284
0.00809065
0.00999242
0.0100231
0.0090068
0.00991504
0.011301
0.0110167
0.0101987
0.0104694
0.0113061
0.01148
0.0109063
0.0104312
0.0105065
0.00203063
0.00531658
0.00492616
0.00540134
0.00700658
0.00743046
0.00814084
0.0100099
0.0101379
0.0090903
0.00987155
0.0113479
0.0111637
0.010238
0.0104459
0.0113983
0.011661
0.0110331
0.010521
0.0106599
0.00223836
0.00531919
0.00518535
0.00558285
0.00702648
0.00747366
0.00819351
0.0100257
0.0102527
0.00918906
0.00983024
0.0113769
0.0113212
0.010306
0.0104098
0.0114611
0.01186
0.0112049
0.0106126
0.0107969
0.00245868
0.00532532
0.00543185
0.00577425
0.00705524
0.00752185
0.00824998
0.0100405
0.0103654
0.00930415
0.00979477
0.011386
0.0114833
0.0104067
0.0103695
0.0114882
0.0120627
0.0114247
0.0107261
0.0109141
0.00269136
0.00533688
0.0056643
0.0059746
0.00709476
0.00757489
0.00831028
0.0100554
0.0104756
0.00943453
0.00976713
0.0113742
0.0116442
0.0105448
0.0103342
0.011473
0.0122489
0.0116893
0.0108822
0.0110226
0.00293618
0.00535569
0.00588136
0.00618349
0.00714597
0.00763285
0.00837529
0.0100701
0.0105833
0.00957855
0.00975264
0.0113457
0.011796
0.0107178
0.0103243
0.0114234
0.012397
0.0119809
0.0110942
0.0111411
0.00319255
0.00538402
0.00608165
0.0063998
0.00721112
0.00769444
0.00844561
0.010087
0.010686
0.00973588
0.00975566
0.0113039
0.0119376
0.0109178
0.010354
0.0113651
0.012512
0.0122988
0.0113633
0.0112324
0.00345966
0.00542382
0.00626475
0.0066224
0.00729155
0.00775929
0.00852159
0.0101076
0.0107839
0.00990344
0.00978054
0.0112539
0.0120584
0.0111453
0.0104303
0.0113108
0.0126008
0.0126087
0.0116631
0.0113068
0.00373676
0.00547708
0.00643036
0.00684967
0.00738931
0.00782757
0.00860209
0.0101337
0.0108776
0.0100779
0.0098301
0.0111981
0.0121546
0.0113935
0.0105525
0.011274
0.0126637
0.0129023
0.0119756
0.0113827
0.00402253
0.00554589
0.00657896
0.00707951
0.00750639
0.00789928
0.00868583
0.0101674
0.0109667
0.0102594
0.00990134
0.0111477
0.0122343
0.0116415
0.0107186
0.0112507
0.0126627
0.0131109
0.0122897
0.0115795
0.00431557
0.00563195
0.00671224
0.00730891
0.00764405
0.00797582
0.00877193
0.0102089
0.0110533
0.0104442
0.00999696
0.0111076
0.0122888
0.01189
0.0109374
0.0112626
0.0126367
0.0133091
0.012611
0.0117583
0.00461415
0.0057368
0.00683302
0.00753409
0.00780353
0.00805975
0.00885636
0.0102593
0.0111413
0.0106304
0.0101148
0.0110797
0.0123245
0.0121257
0.0111822
0.0113098
0.0125794
0.0134251
0.0129266
0.0120374
0.00491656
0.00586162
0.00694509
0.00775112
0.00798391
0.00815424
0.00893797
0.0103183
0.0112318
0.0108172
0.0102538
0.0110692
0.0123405
0.0123392
0.011453
0.0113971
0.0125012
0.0134787
0.0132349
0.0123854
0.00522111
0.00600723
0.0070529
0.00795595
0.00818297
0.0082648
0.00901627
0.0103809
0.0113282
0.0110067
0.010412
0.0110705
0.0123349
0.0125388
0.0117487
0.0115167
0.0124326
0.0134886
0.0135098
0.0127683
0.00552615
0.00617417
0.0071607
0.0081459
0.00839755
0.00839619
0.0090908
0.0104431
0.0114327
0.0111996
0.0105852
0.0110933
0.0123244
0.0127166
0.0120474
0.0116874
0.0124009
0.0134629
0.01373
0.0131632
0.00583051
0.00636221
0.00727298
0.00831941
0.00862213
0.00855226
0.00916513
0.0104991
0.0115425
0.011399
0.0107751
0.011132
0.0123042
0.0128574
0.0123507
0.0119188
0.0124162
0.0134126
0.0138864
0.0135464
0.00613316
0.00657044
0.00739408
0.00847597
0.00885087
0.00873563
0.00924429
0.010544
0.0116533
0.0116085
0.010983
0.0111889
0.0122792
0.0129749
0.0126534
0.012189
0.0124829
0.0133663
0.0139838
0.0138917
0.0064334
0.00679734
0.00752763
0.00861697
0.00907725
0.00894538
0.00933599
0.0105775
0.0117566
0.0118266
0.0112128
0.0112748
0.0122592
0.0130641
0.0129361
0.012484
0.0126142
0.0133578
0.0140368
0.0141646
0.00673073
0.00704081
0.00767671
0.00874517
0.00929538
0.00917922
0.00944897
0.0106014
0.0118427
0.0120489
0.011468
0.0113963
0.0122485
0.013121
0.0131942
0.0128024
0.0128005
0.0133938
0.0140717
0.0143606
0.00702486
0.00729805
0.00784362
0.00886534
0.00950058
0.00943161
0.00959064
0.0106219
0.0119041
0.0122671
0.0117473
0.0115575
0.0122588
0.0131537
0.0134146
0.0131288
0.0130302
0.0134787
0.0141266
0.014511
0.0073157
0.00756569
0.00802997
0.00898342
0.00968884
0.00969431
0.00976702
0.0106497
0.0119379
0.0124697
0.0120471
0.0117601
0.0123038
0.0131746
0.0135878
0.0134474
0.0133038
0.0136099
0.0142104
0.0146484
0.00760352
0.00784031
0.00823584
0.00910566
0.0098594
0.00995667
0.00997906
0.0106995
0.011947
0.0126429
0.0123586
0.0120038
0.0123899
0.0131983
0.0137207
0.0137381
0.0136105
0.0137842
0.0143118
0.0147968
0.00788856
0.0081189
0.00846057
0.00923727
0.0100131
0.0102093
0.0102229
0.0107865
0.0119438
0.0127745
0.0126655
0.0122871
0.0125245
0.013239
0.0138269
0.0139851
0.0139282
0.0140108
0.0144321
0.0149518
0.00817127
0.0083985
0.00870196
0.00938214
0.0101543
0.0104473
0.0104868
0.0109179
0.0119492
0.0128617
0.0129517
0.0126378
0.0127169
0.0133077
0.0139181
0.0141897
0.0142295
0.0142876
0.0145899
0.0150941
0.00845205
0.00867671
0.00895622
0.00954368
0.0102895
0.0106687
0.0107569
0.0110929
0.011982
0.0129154
0.0132093
0.0129788
0.0129586
0.013417
0.0140084
0.014365
0.0144947
0.0145849
0.0148025
0.0152385
0.0087312
0.00895209
0.00921852
0.00972377
0.0104252
0.0108731
0.0110239
0.0113024
0.0120539
0.0129559
0.0134019
0.0133066
0.0132423
0.0135744
0.0141133
0.0145246
0.0147252
0.014867
0.0150618
0.0154183
0.00900894
0.00922396
0.0094839
0.00992196
0.0105676
0.0110624
0.0112815
0.0115345
0.0121682
0.0130038
0.0135503
0.0136074
0.013549
0.0137746
0.0142418
0.0146784
0.0149365
0.0151187
0.0153342
0.0156444
0.00928507
0.00949182
0.00974876
0.0101362
0.0107209
0.0112405
0.0115265
0.0117787
0.0123211
0.0130749
0.0136741
0.0138692
0.0138608
0.0140129
0.0143978
0.0148337
0.0151409
0.0153504
0.015592
0.015898
0.00955899
0.0097555
0.0100105
0.010363
0.010888
0.0114119
0.0117575
0.0120272
0.0125045
0.0131763
0.0137899
0.0140935
0.0141595
0.0142816
0.0145872
0.0149936
0.0153393
0.0155767
0.0158307
0.0161518
0.0098298
0.010015
0.0102671
0.0105979
0.0110697
0.0115816
0.0119744
0.0122739
0.0127101
0.0133086
0.0139108
0.0142881
0.0144311
0.0145629
0.0148127
0.0151671
0.015528
0.0157986
0.0160595
0.0163918
0.0100964
0.0102702
0.0105178
0.0108357
0.0112644
0.0117541
0.0121796
0.0125145
0.0129295
0.0134687
0.0140443
0.0144648
0.0146763
0.0148355
0.0150635
0.015367
0.0157133
0.0160132
0.0162854
0.0166227
0.0103573
0.0105208
0.0107618
0.0110731
0.0114697
0.0119314
0.012376
0.0127469
0.0131556
0.0136512
0.0141945
0.0146346
0.0149046
0.0150931
0.0153214
0.0155951
0.0159088
0.016221
0.0165094
0.0168494
0.0106112
0.0107654
0.0109984
0.0113065
0.0116823
0.0121155
0.0125658
0.0129689
0.0133837
0.013851
0.0143624
0.0148027
0.0151223
0.0153439
0.0155748
0.015837
0.0161232
0.0164287
0.0167298
0.0170717
0.010856
0.0110032
0.0112273
0.0115333
0.0118968
0.0123058
0.0127536
0.0131806
0.013608
0.0140629
0.0145493
0.0149823
0.015332
0.0155915
0.0158286
0.0160825
0.0163541
0.0166449
0.0169489
0.0172921
0.0110898
0.0112318
0.0114476
0.0117519
0.0121092
0.0124991
0.0129405
0.0133847
0.0138257
0.0142783
0.0147499
0.0151705
0.0155409
0.0158339
0.0160875
0.0163336
0.016594
0.0168714
0.0171691
0.0175107
0.0113102
0.0114501
0.011658
0.0119597
0.012316
0.0126935
0.0131253
0.0135803
0.0140399
0.0144965
0.0149529
0.0153382
0.0157491
0.0160707
0.01635
0.0165972
0.0168457
0.017109
0.0173903
0.0177216
0.0115147
0.011655
0.0118578
0.012155
0.0125113
0.0128849
0.013309
0.0137639
0.0142417
0.0147263
0.0152098
0.0157307
0.0160512
0.0163563
0.0166478
0.0169086
0.0171494
0.0173972
0.017656
0.0179635
0.0117002
0.0118427
0.0120448
0.0123387
0.0126944
0.0130661
0.0134895
0.0139432
0.0144109
0.0148791
0.0152895
0.0156883
0.016134
0.0165
0.0168343
0.0171455
0.0174282
0.0177178
0.0180215
0.0183563
0.0118653
0.0120086
0.0122125
0.0125059
0.0128657
0.0132373
0.0136574
0.0141318
0.0146488
0.0151919
0.0157857
0.0162163
0.0166141
0.0169487
0.0172194
0.0174526
0.0176195
0.0177713
0.0179503
0.0181895
0.0120076
0.0121504
0.0123512
0.0126463
0.0130164
0.0133978
0.0137984
0.0142054
0.0146404
0.0150956
0.0155476
0.0160416
0.0165752
0.0171437
0.0176276
0.0180977
0.0185601
0.0190139
0.0194501
0.0198402
0.012119
0.0122754
0.0124943
0.0127924
0.0131605
0.0135491
0.013986
0.0144895
0.0150453
0.0156126
0.0161713
0.0166844
0.0171508
0.0174848
0.017718
0.017909
0.0180791
0.0182133
0.0183447
0.0185156
0.0121594
0.0122941
0.012552
0.0128971
0.0132852
0.0136891
0.0141141
0.0145685
0.0150864
0.0155891
0.0161112
0.0165654
0.0169638
0.0174622
0.0179665
0.0184539
0.0189456
0.0194207
0.0198458
0.0201776
0.0122876
0.0124362
0.0126587
0.012962
0.0133405
0.013763
0.0142494
0.0147955
0.0154186
0.0160227
0.0165861
0.0171188
0.0175856
0.0179519
0.0182866
0.0186067
0.0189128
0.0192173
0.0195099
0.0197445
0.00801084
0.00737329
0.00445601
0.00160032
0.00179093
0.00434916
0.00711177
0.00904287
0.0103956
0.0116955
0.0130166
0.014177
0.0151658
0.0161546
0.0172569
0.0183996
0.0193966
0.0202577
0.0212073
0.0222344
0.0231201
0.0238579
0.0246167
0.0255209
0.0265285
0.0274791
0.0283629
0.0293345
0.0303662
0.031304
0.0322119
0.0331949
0.0341962
0.035192
0.0362443
0.0373493
0.0384394
0.0395093
0.0405648
0.0416001
0.0426438
0.0437113
0.0447785
0.0458591
0.0470061
0.048195
0.0493494
0.0505058
0.0517365
0.0530271
0.0543126
0.0556166
0.0570061
0.0584366
0.0597153
0.0607827
0.0618828
0.0633018
0.0649798
0.0666231
0.0681705
0.0697477
0.0712933
0.0728035
0.0743865
0.0759954
0.077664
0.0793702
0.0810663
0.0828074
0.084658
0.0864696
0.0882949
0.0901913
0.092147
0.0941256
0.0961318
0.0981841
0.100268
0.102416
0.104574
0.106798
0.109027
0.111337
0.113693
0.116079
0.118516
0.120957
0.123463
0.126013
0.128606
0.13129
0.133955
0.136694
0.139442
0.142225
0.144989
0.147729
0.150297
0.152676
0.00818491
0.00736436
0.00457158
0.00176209
0.00188689
0.00439707
0.00714448
0.00906505
0.01041
0.0117059
0.0130256
0.0141853
0.0151731
0.0161608
0.0172624
0.0184047
0.0194012
0.0202614
0.0212104
0.0222374
0.023123
0.0238605
0.0246188
0.0255226
0.0265302
0.0274808
0.0283644
0.0293358
0.0303675
0.0313053
0.032213
0.0331959
0.0341972
0.0351929
0.0362451
0.0373502
0.0384403
0.0395101
0.0405656
0.0416009
0.0426445
0.043712
0.0447792
0.0458598
0.0470068
0.0481956
0.0493501
0.0505064
0.0517371
0.0530276
0.0543131
0.055617
0.0570065
0.058437
0.0597159
0.0607832
0.0618831
0.0633021
0.0649801
0.0666235
0.0681708
0.069748
0.0712936
0.0728038
0.0743867
0.0759957
0.0776642
0.0793704
0.0810665
0.0828076
0.0846581
0.0864699
0.0882951
0.0901915
0.0921471
0.0941258
0.0961319
0.0981843
0.100268
0.102416
0.104574
0.106798
0.109027
0.111337
0.113694
0.11608
0.118516
0.120957
0.123463
0.126013
0.128606
0.13129
0.133955
0.136694
0.139442
0.142225
0.144989
0.147729
0.150298
0.152676
0.00818469
0.00724713
0.00472707
0.00204618
0.00205214
0.00445212
0.00716825
0.00908631
0.0104296
0.0117214
0.0130365
0.0141933
0.0151797
0.0161668
0.017268
0.01841
0.0194058
0.0202651
0.0212135
0.0222404
0.0231257
0.0238627
0.0246207
0.0255243
0.0265318
0.0274823
0.0283656
0.0293369
0.0303688
0.0313064
0.0322138
0.0331968
0.0341981
0.0351936
0.0362458
0.0373509
0.038441
0.0395108
0.0405663
0.0416016
0.0426451
0.0437126
0.0447798
0.0458604
0.0470073
0.0481962
0.0493506
0.0505069
0.0517375
0.0530281
0.0543135
0.0556174
0.0570068
0.0584375
0.0597165
0.0607837
0.0618832
0.0633021
0.0649804
0.0666239
0.0681711
0.0697483
0.0712939
0.072804
0.0743869
0.0759959
0.0776644
0.0793706
0.0810667
0.0828077
0.0846583
0.08647
0.0882952
0.0901916
0.0921473
0.0941259
0.0961321
0.0981844
0.100268
0.102416
0.104575
0.106798
0.109027
0.111337
0.113694
0.11608
0.118517
0.120957
0.123463
0.126013
0.128606
0.131291
0.133955
0.136694
0.139442
0.142225
0.144989
0.147729
0.150298
0.152676
0.00813863
0.00714018
0.00492681
0.00241183
0.00228333
0.00453119
0.00720242
0.00911736
0.0104598
0.0117459
0.0130532
0.0142042
0.0151883
0.0161749
0.0172756
0.0184167
0.0194121
0.0202709
0.0212184
0.0222441
0.0231289
0.0238658
0.0246237
0.0255269
0.026534
0.0274842
0.0283671
0.0293384
0.0303704
0.0313078
0.0322148
0.0331977
0.034199
0.0351945
0.0362466
0.0373517
0.0384417
0.0395116
0.0405671
0.0416023
0.0426457
0.0437132
0.0447804
0.0458609
0.0470079
0.0481968
0.0493512
0.0505074
0.051738
0.0530286
0.054314
0.0556178
0.0570072
0.0584381
0.0597172
0.0607841
0.0618832
0.0633021
0.0649807
0.0666243
0.0681714
0.0697486
0.0712942
0.0728043
0.0743871
0.0759961
0.0776646
0.0793708
0.0810668
0.0828079
0.0846585
0.0864702
0.0882954
0.0901917
0.0921474
0.0941261
0.0961322
0.0981845
0.100269
0.102416
0.104575
0.106798
0.109027
0.111337
0.113694
0.11608
0.118517
0.120957
0.123463
0.126014
0.128606
0.131291
0.133955
0.136694
0.139442
0.142225
0.144989
0.147729
0.150298
0.152676
0.00810173
0.00706902
0.00514869
0.00280136
0.00254167
0.00462368
0.00724039
0.00915299
0.0104979
0.0117792
0.0130765
0.0142194
0.0152006
0.0161869
0.0172863
0.0184254
0.0194202
0.0202794
0.0212256
0.0222489
0.0231326
0.0238705
0.024629
0.0255313
0.026537
0.0274866
0.0283696
0.0293408
0.0303726
0.0313096
0.0322162
0.0331989
0.0342001
0.0351955
0.0362477
0.0373525
0.0384424
0.0395124
0.0405681
0.0416031
0.0426463
0.0437138
0.044781
0.0458615
0.0470085
0.0481974
0.0493518
0.0505079
0.0517385
0.0530291
0.0543145
0.0556182
0.0570077
0.0584387
0.059718
0.0607847
0.0618832
0.0633021
0.0649811
0.0666248
0.0681717
0.0697489
0.0712947
0.0728045
0.0743874
0.0759963
0.0776648
0.0793711
0.081067
0.082808
0.0846587
0.0864704
0.0882955
0.0901919
0.0921476
0.0941262
0.0961323
0.0981847
0.100269
0.102416
0.104575
0.106798
0.109027
0.111337
0.113694
0.11608
0.118517
0.120958
0.123463
0.126014
0.128606
0.131291
0.133956
0.136694
0.139442
0.142226
0.144989
0.147729
0.150298
0.152677
0.00809021
0.00702571
0.00536553
0.00319231
0.00281591
0.00472549
0.0072788
0.00918895
0.0105391
0.0118164
0.0131034
0.014238
0.015217
0.0162033
0.0173007
0.0184361
0.01943
0.0202904
0.021235
0.0222544
0.0231367
0.0238767
0.024637
0.0255382
0.0265414
0.0274899
0.0283731
0.0293444
0.0303757
0.0313122
0.0322183
0.0332004
0.0342012
0.0351968
0.0362489
0.0373534
0.0384431
0.0395134
0.0405693
0.041604
0.0426469
0.0437143
0.0447816
0.0458622
0.0470092
0.048198
0.0493523
0.0505085
0.0517391
0.0530297
0.0543151
0.0556188
0.0570082
0.0584394
0.059719
0.0607853
0.0618831
0.063302
0.0649816
0.0666255
0.0681721
0.0697493
0.0712951
0.0728048
0.0743877
0.0759966
0.0776651
0.0793714
0.0810673
0.0828082
0.084659
0.0864707
0.0882957
0.090192
0.0921477
0.0941264
0.0961325
0.0981848
0.100269
0.102417
0.104575
0.106798
0.109027
0.111337
0.113694
0.11608
0.118517
0.120958
0.123463
0.126014
0.128606
0.131291
0.133956
0.136694
0.139442
0.142226
0.144989
0.147729
0.150299
0.152678
0.00810317
0.00699659
0.00556854
0.00358334
0.00310807
0.00483868
0.00731814
0.00922451
0.0105819
0.0118559
0.013132
0.0142586
0.0152363
0.0162235
0.0173184
0.0184491
0.0194414
0.0203032
0.0212458
0.02226
0.0231407
0.0238842
0.0246478
0.0255476
0.0265473
0.0274943
0.028378
0.0293492
0.0303797
0.031316
0.0322216
0.0332026
0.0342028
0.0351983
0.0362504
0.0373542
0.0384436
0.0395144
0.0405707
0.0416053
0.0426477
0.0437148
0.0447822
0.0458632
0.04701
0.0481986
0.0493529
0.0505092
0.0517398
0.0530302
0.0543157
0.0556195
0.057009
0.0584402
0.05972
0.060786
0.061883
0.063302
0.0649821
0.0666262
0.0681725
0.0697498
0.0712957
0.0728052
0.074388
0.0759969
0.0776655
0.0793717
0.0810676
0.0828084
0.0846593
0.0864709
0.0882958
0.0901922
0.0921479
0.0941266
0.0961326
0.098185
0.100269
0.102417
0.104575
0.106798
0.109027
0.111337
0.113694
0.11608
0.118517
0.120958
0.123463
0.126014
0.128606
0.131291
0.133956
0.136695
0.139442
0.142226
0.14499
0.14773
0.1503
0.152679
0.00813091
0.00697806
0.0057606
0.00397727
0.00342098
0.00496625
0.00735941
0.0092594
0.0106261
0.0118978
0.0131625
0.0142806
0.0152574
0.0162461
0.0173387
0.018464
0.0194543
0.0203174
0.0212576
0.0222657
0.0231446
0.0238926
0.0246604
0.0255591
0.0265546
0.0274999
0.0283843
0.029355
0.0303844
0.0313207
0.0322261
0.0332058
0.034205
0.0352005
0.0362521
0.0373548
0.0384437
0.0395151
0.0405724
0.0416069
0.0426488
0.0437155
0.0447831
0.0458644
0.0470111
0.0481992
0.0493535
0.05051
0.0517405
0.0530307
0.0543162
0.0556202
0.0570097
0.0584411
0.0597213
0.060787
0.0618831
0.063302
0.0649828
0.0666269
0.0681729
0.0697503
0.0712964
0.0728057
0.0743884
0.0759973
0.0776659
0.0793722
0.0810679
0.0828087
0.0846597
0.0864713
0.0882961
0.0901925
0.0921482
0.0941268
0.0961328
0.0981852
0.100269
0.102417
0.104575
0.106798
0.109027
0.111337
0.113694
0.11608
0.118517
0.120958
0.123463
0.126014
0.128607
0.131291
0.133956
0.136695
0.139443
0.142226
0.14499
0.147731
0.150301
0.15268
0.00816961
0.00697557
0.00594553
0.00437274
0.00375497
0.00511101
0.00740419
0.00929356
0.0106718
0.0119424
0.0131951
0.0143039
0.0152798
0.0162703
0.0173609
0.0184805
0.0194684
0.0203328
0.02127
0.0222716
0.0231486
0.0239015
0.0246741
0.0255718
0.0265628
0.0275063
0.0283916
0.0293616
0.0303895
0.031326
0.0322316
0.03321
0.0342082
0.0352035
0.0362543
0.0373554
0.0384432
0.0395155
0.0405739
0.0416087
0.04265
0.0437162
0.0447841
0.0458661
0.0470126
0.0482
0.0493543
0.0505112
0.0517414
0.053031
0.0543165
0.0556208
0.0570103
0.0584419
0.0597227
0.0607883
0.0618835
0.0633022
0.0649835
0.0666276
0.0681733
0.0697508
0.0712971
0.0728063
0.0743889
0.0759978
0.0776664
0.0793727
0.0810684
0.0828091
0.0846601
0.0864717
0.0882964
0.0901928
0.0921485
0.0941271
0.0961331
0.0981854
0.100269
0.102417
0.104575
0.106799
0.109028
0.111337
0.113694
0.11608
0.118517
0.120958
0.123464
0.126014
0.128607
0.131291
0.133956
0.136695
0.139443
0.142226
0.14499
0.147731
0.150303
0.152681
0.00822177
0.00699359
0.00612305
0.00476617
0.00410989
0.00527607
0.00745429
0.00932688
0.0107183
0.0119898
0.0132303
0.0143287
0.0153032
0.0162958
0.0173844
0.0184981
0.0194833
0.0203489
0.0212833
0.0222781
0.023153
0.0239108
0.0246886
0.0255852
0.0265716
0.0275135
0.0283998
0.0293688
0.0303948
0.0313314
0.0322376
0.0332151
0.0342122
0.0352072
0.0362572
0.0373561
0.0384424
0.0395152
0.0405751
0.0416104
0.0426514
0.0437171
0.0447854
0.0458681
0.0470143
0.048201
0.0493555
0.0505128
0.0517426
0.0530314
0.0543168
0.0556212
0.0570105
0.0584422
0.0597239
0.06079
0.0618844
0.0633029
0.0649845
0.0666283
0.0681736
0.0697512
0.0712978
0.072807
0.0743894
0.0759985
0.0776671
0.0793733
0.0810689
0.0828097
0.0846607
0.0864722
0.0882969
0.0901933
0.0921489
0.0941274
0.0961334
0.0981857
0.10027
0.102417
0.104576
0.106799
0.109028
0.111338
0.113695
0.116081
0.118518
0.120958
0.123464
0.126014
0.128607
0.131291
0.133956
0.136695
0.139443
0.142226
0.144991
0.147733
0.150305
0.152683
0.00828767
0.0070325
0.00629365
0.00515532
0.00448408
0.00546282
0.00751098
0.00935958
0.0107656
0.0120406
0.0132687
0.0143555
0.0153276
0.016322
0.0174086
0.018516
0.0194983
0.0203654
0.0212973
0.0222853
0.0231579
0.0239205
0.0247036
0.0255994
0.0265809
0.0275209
0.0284085
0.0293764
0.0304001
0.031337
0.0322439
0.0332206
0.0342168
0.0352116
0.0362606
0.0373571
0.0384414
0.0395144
0.0405758
0.0416119
0.0426527
0.0437181
0.0447869
0.0458706
0.0470164
0.0482022
0.0493569
0.0505149
0.0517443
0.053032
0.0543171
0.0556216
0.0570103
0.0584416
0.0597245
0.0607915
0.0618856
0.0633043
0.0649862
0.0666293
0.0681737
0.0697513
0.0712984
0.0728076
0.07439
0.0759991
0.0776679
0.079374
0.0810696
0.0828104
0.0846614
0.0864728
0.0882975
0.0901939
0.0921494
0.0941279
0.0961338
0.0981861
0.10027
0.102418
0.104576
0.106799
0.109028
0.111338
0.113695
0.116081
0.118518
0.120958
0.123464
0.126014
0.128607
0.131292
0.133956
0.136695
0.139443
0.142227
0.144991
0.147734
0.150307
0.152686
0.00836365
0.00709306
0.00646064
0.0055365
0.00487144
0.00566997
0.00757565
0.00939289
0.0108144
0.012095
0.013311
0.0143849
0.0153533
0.0163486
0.0174328
0.0185336
0.0195129
0.0203817
0.0213115
0.022293
0.0231633
0.0239306
0.024719
0.025614
0.0265906
0.0275287
0.0284174
0.0293844
0.0304056
0.0313425
0.0322502
0.0332263
0.0342218
0.0352165
0.0362646
0.0373584
0.0384403
0.0395132
0.040576
0.0416131
0.042654
0.0437191
0.0447885
0.0458733
0.0470187
0.0482033
0.0493584
0.0505175
0.0517466
0.053033
0.0543176
0.0556218
0.0570095
0.0584401
0.0597241
0.0607924
0.0618867
0.0633062
0.0649888
0.0666309
0.0681739
0.0697511
0.0712987
0.072808
0.0743905
0.0759999
0.0776687
0.0793747
0.0810703
0.0828112
0.0846621
0.0864735
0.0882982
0.0901946
0.0921501
0.0941285
0.0961343
0.0981866
0.10027
0.102418
0.104576
0.106799
0.109028
0.111338
0.113695
0.116081
0.118518
0.120959
0.123464
0.126015
0.128607
0.131292
0.133957
0.136695
0.139444
0.142227
0.144992
0.147736
0.15031
0.152688
0.00844611
0.00717671
0.00662536
0.00590234
0.00526322
0.00589518
0.00764986
0.00942805
0.0108646
0.0121529
0.0133573
0.0144173
0.0153806
0.0163758
0.0174567
0.0185506
0.0195266
0.0203975
0.0213258
0.0223011
0.0231691
0.0239413
0.024735
0.0256293
0.0266008
0.0275367
0.0284266
0.0293926
0.0304113
0.031348
0.0322567
0.0332323
0.0342272
0.0352219
0.036269
0.0373601
0.0384392
0.0395115
0.0405758
0.041614
0.0426551
0.0437201
0.0447902
0.0458763
0.0470212
0.0482045
0.0493599
0.0505203
0.0517492
0.0530343
0.0543182
0.0556222
0.0570085
0.0584377
0.0597224
0.0607921
0.061887
0.0633083
0.0649923
0.0666334
0.0681743
0.0697506
0.0712986
0.0728081
0.0743908
0.0760006
0.0776695
0.0793754
0.081071
0.082812
0.0846629
0.0864742
0.0882991
0.0901956
0.0921509
0.0941293
0.096135
0.0981872
0.100271
0.102419
0.104577
0.1068
0.109028
0.111338
0.113695
0.116081
0.118518
0.120959
0.123464
0.126015
0.128607
0.131292
0.133957
0.136695
0.139444
0.142227
0.144993
0.147738
0.150314
0.152691
0.00853155
0.00728061
0.00678546
0.00624533
0.00565189
0.00613598
0.00773446
0.00946522
0.0109152
0.0122132
0.0134076
0.0144533
0.0154104
0.0164043
0.017481
0.018567
0.0195395
0.0204127
0.0213402
0.0223096
0.0231754
0.0239524
0.0247516
0.0256452
0.0266118
0.0275453
0.0284361
0.0294009
0.030417
0.0313537
0.0322633
0.0332386
0.034233
0.0352277
0.0362738
0.0373622
0.0384383
0.0395096
0.0405753
0.0416148
0.0426563
0.0437211
0.044792
0.0458794
0.0470239
0.0482057
0.0493613
0.0505232
0.0517522
0.0530358
0.054319
0.0556225
0.0570071
0.0584344
0.0597195
0.0607904
0.061886
0.0633096
0.0649961
0.0666367
0.0681752
0.0697499
0.071298
0.0728078
0.0743908
0.0760012
0.0776704
0.079376
0.0810718
0.082813
0.0846636
0.0864748
0.0883
0.0901967
0.0921519
0.0941302
0.0961359
0.098188
0.100272
0.102419
0.104577
0.1068
0.109029
0.111338
0.113696
0.116081
0.118518
0.120959
0.123464
0.126015
0.128608
0.131292
0.133957
0.136696
0.139445
0.142227
0.144994
0.14774
0.150317
0.152694
0.00861515
0.00739853
0.00693981
0.00656238
0.00603223
0.00638987
0.00783008
0.00950462
0.0109653
0.0122751
0.0134617
0.0144936
0.0154435
0.016435
0.017506
0.0185831
0.0195518
0.0204278
0.021355
0.0223188
0.0231823
0.023964
0.0247688
0.0256618
0.0266235
0.0275547
0.028446
0.0294096
0.030423
0.0313595
0.0322702
0.0332454
0.0342393
0.0352341
0.0362792
0.0373647
0.0384377
0.0395076
0.0405745
0.0416157
0.0426575
0.0437221
0.0447938
0.0458828
0.0470268
0.0482069
0.0493626
0.0505261
0.0517553
0.0530376
0.0543199
0.0556228
0.0570054
0.0584304
0.0597154
0.0607872
0.0618834
0.0633097
0.0649996
0.0666405
0.0681764
0.0697491
0.0712969
0.072807
0.0743905
0.0760017
0.0776713
0.0793766
0.0810725
0.082814
0.0846643
0.0864753
0.0883009
0.0901978
0.092153
0.0941312
0.0961369
0.0981889
0.100272
0.10242
0.104578
0.106801
0.109029
0.111339
0.113696
0.116082
0.118519
0.120959
0.123465
0.126015
0.128608
0.131292
0.133957
0.136696
0.139445
0.142228
0.144995
0.147743
0.150322
0.152698
0.00869334
0.00752619
0.0070911
0.00685406
0.00640053
0.00665518
0.00793869
0.00954776
0.0110145
0.0123377
0.0135194
0.0145384
0.0154807
0.0164687
0.0175325
0.0185995
0.0195641
0.0204432
0.0213708
0.022329
0.0231898
0.0239761
0.0247866
0.0256792
0.0266363
0.027565
0.0284566
0.0294188
0.0304294
0.0313656
0.0322775
0.0332526
0.0342462
0.035241
0.0362849
0.0373678
0.0384375
0.0395058
0.0405737
0.0416166
0.0426589
0.0437232
0.0447956
0.0458862
0.0470299
0.0482081
0.0493639
0.0505288
0.0517583
0.0530396
0.0543209
0.0556231
0.0570034
0.0584256
0.0597102
0.060783
0.0618797
0.0633082
0.0650021
0.0666442
0.0681777
0.0697479
0.0712953
0.0728058
0.0743901
0.0760022
0.0776722
0.0793772
0.0810731
0.082815
0.0846651
0.0864757
0.0883017
0.0901989
0.0921542
0.0941323
0.0961379
0.09819
0.100273
0.102421
0.104579
0.106802
0.10903
0.111339
0.113696
0.116082
0.118519
0.12096
0.123465
0.126015
0.128608
0.131292
0.133958
0.136696
0.139446
0.142228
0.144996
0.147746
0.150326
0.152702
0.00876595
0.00766239
0.00724336
0.00712252
0.00675477
0.00693157
0.00806333
0.00959697
0.0110631
0.0124001
0.0135801
0.0145876
0.0155219
0.0165054
0.0175605
0.0186164
0.0195768
0.0204595
0.0213878
0.0223404
0.0231981
0.023989
0.0248051
0.0256974
0.02665
0.0275764
0.028468
0.0294285
0.0304362
0.0313721
0.0322852
0.0332603
0.0342535
0.0352484
0.0362911
0.0373713
0.0384379
0.0395043
0.040573
0.0416178
0.0426604
0.0437244
0.0447975
0.0458898
0.0470331
0.0482094
0.049365
0.0505314
0.0517614
0.0530416
0.0543219
0.0556235
0.0570012
0.0584201
0.0597038
0.0607779
0.0618756
0.0633057
0.0650032
0.0666475
0.068179
0.0697467
0.0712933
0.0728044
0.0743896
0.0760028
0.0776732
0.0793779
0.0810738
0.0828161
0.084666
0.0864762
0.0883024
0.0902
0.0921555
0.0941335
0.0961391
0.0981912
0.100275
0.102421
0.104579
0.106802
0.109031
0.111339
0.113696
0.116082
0.118519
0.12096
0.123466
0.126016
0.128608
0.131292
0.133958
0.136696
0.139446
0.142229
0.144997
0.14775
0.150332
0.152706
0.00883495
0.0078064
0.00740006
0.00737145
0.00709459
0.00721862
0.0082068
0.00965471
0.0111115
0.0124615
0.0136431
0.0146408
0.015567
0.0165451
0.0175904
0.0186342
0.0195904
0.0204769
0.0214062
0.022353
0.0232073
0.0240025
0.0248244
0.0257165
0.0266646
0.0275886
0.0284801
0.0294388
0.0304436
0.0313792
0.0322936
0.0332685
0.0342612
0.0352561
0.0362976
0.0373751
0.0384386
0.0395031
0.0405724
0.0416192
0.0426622
0.0437256
0.0447995
0.0458935
0.0470366
0.0482108
0.0493662
0.050534
0.0517644
0.0530437
0.054323
0.0556239
0.0569989
0.058414
0.0596965
0.0607727
0.0618721
0.0633028
0.065003
0.0666501
0.0681803
0.0697455
0.0712909
0.0728028
0.0743892
0.0760034
0.0776743
0.0793786
0.0810745
0.0828172
0.0846669
0.0864767
0.0883031
0.0902011
0.0921567
0.0941347
0.0961402
0.0981924
0.100276
0.102422
0.10458
0.106803
0.109032
0.11134
0.113697
0.116082
0.11852
0.120961
0.123466
0.126016
0.128608
0.131292
0.133958
0.136696
0.139447
0.142229
0.144998
0.147754
0.150337
0.152711
0.00890249
0.00795661
0.007564
0.00760575
0.00742
0.00751442
0.00837073
0.0097234
0.0111607
0.0125215
0.0137074
0.0146977
0.0156158
0.0165877
0.0176222
0.0186533
0.019605
0.0204956
0.021426
0.0223668
0.0232174
0.0240167
0.0248444
0.0257363
0.02668
0.0276016
0.028493
0.0294498
0.0304516
0.0313869
0.0323026
0.0332771
0.0342692
0.0352643
0.0363044
0.0373793
0.0384398
0.0395022
0.040572
0.0416208
0.042664
0.0437268
0.0448015
0.0458973
0.0470403
0.0482124
0.0493675
0.0505366
0.0517674
0.0530459
0.0543242
0.0556244
0.0569964
0.0584074
0.0596886
0.0607682
0.0618705
0.063301
0.0650021
0.066652
0.0681814
0.0697443
0.0712884
0.0728015
0.0743891
0.0760042
0.0776753
0.0793794
0.0810754
0.0828183
0.0846679
0.0864773
0.088304
0.0902023
0.0921579
0.0941359
0.0961414
0.0981936
0.100277
0.102423
0.104581
0.106804
0.109033
0.111341
0.113697
0.116082
0.11852
0.120961
0.123467
0.126017
0.128609
0.131292
0.133958
0.136696
0.139447
0.142229
0.145
0.147758
0.150343
0.152716
0.00897073
0.00811079
0.00773688
0.00783049
0.00773076
0.00781558
0.00855535
0.00980538
0.0112123
0.0125798
0.0137721
0.0147576
0.0156683
0.0166334
0.0176562
0.0186739
0.019621
0.0205158
0.0214473
0.0223818
0.0232284
0.0240318
0.0248652
0.025757
0.026696
0.027615
0.0285065
0.0294615
0.0304602
0.0313951
0.0323123
0.0332862
0.0342775
0.0352727
0.0363116
0.0373838
0.0384412
0.0395017
0.0405719
0.0416226
0.042666
0.043728
0.0448035
0.0459013
0.0470441
0.0482142
0.0493691
0.0505395
0.0517705
0.0530483
0.0543257
0.055625
0.0569939
0.0584005
0.0596806
0.0607649
0.061872
0.0633015
0.0650011
0.0666532
0.0681825
0.0697432
0.0712859
0.0728006
0.0743894
0.0760053
0.0776764
0.0793802
0.0810764
0.0828196
0.0846688
0.0864779
0.0883051
0.0902036
0.0921592
0.094137
0.0961426
0.0981949
0.100278
0.102424
0.104581
0.106805
0.109034
0.111342
0.113697
0.116083
0.11852
0.120961
0.123467
0.126017
0.128609
0.131292
0.133958
0.136696
0.139447
0.14223
0.145002
0.147763
0.150349
0.15272
0.00904229
0.00826637
0.00791896
0.00805026
0.0080265
0.00811799
0.00875986
0.00990298
0.0112681
0.0126367
0.0138365
0.0148201
0.0157247
0.0166826
0.0176929
0.0186963
0.0196386
0.0205377
0.0214701
0.0223981
0.0232403
0.0240476
0.0248869
0.0257787
0.0267127
0.0276287
0.0285205
0.0294739
0.0304693
0.031404
0.0323227
0.0332957
0.0342861
0.0352815
0.0363192
0.0373885
0.0384428
0.0395014
0.0405721
0.0416246
0.0426681
0.0437292
0.0448056
0.0459054
0.0470481
0.0482163
0.049371
0.0505427
0.0517739
0.0530509
0.0543274
0.0556257
0.0569915
0.0583933
0.0596725
0.0607635
0.0618776
0.0633056
0.0650008
0.0666538
0.0681833
0.0697422
0.0712835
0.0728002
0.0743902
0.0760067
0.0776775
0.079381
0.0810778
0.0828211
0.0846695
0.0864785
0.0883064
0.0902051
0.0921604
0.0941382
0.0961438
0.0981961
0.100279
0.102425
0.104582
0.106806
0.109035
0.111343
0.113698
0.116083
0.11852
0.120962
0.123468
0.126018
0.128609
0.131292
0.133958
0.136696
0.139448
0.14223
0.145003
0.147767
0.150356
0.152726
0.00912078
0.00842066
0.0081087
0.00826926
0.00830748
0.0084175
0.00898251
0.0100184
0.0113306
0.012693
0.0138999
0.0148844
0.0157847
0.0167355
0.0177324
0.0187209
0.019658
0.0205613
0.0214946
0.0224158
0.0232534
0.0240643
0.0249095
0.0258013
0.02673
0.0276428
0.0285351
0.0294872
0.0304792
0.0314135
0.0323336
0.0333058
0.0342951
0.0352906
0.0363271
0.0373935
0.0384447
0.0395012
0.0405726
0.0416268
0.0426704
0.0437305
0.0448078
0.0459096
0.0470522
0.0482185
0.0493732
0.0505462
0.0517776
0.0530536
0.0543292
0.0556266
0.0569891
0.0583861
0.0596646
0.0607642
0.0618879
0.0633138
0.0650017
0.0666538
0.0681838
0.0697411
0.0712813
0.0728004
0.0743914
0.0760083
0.0776786
0.0793818
0.0810794
0.0828228
0.0846702
0.0864792
0.088308
0.0902068
0.0921617
0.0941393
0.096145
0.0981974
0.100281
0.102426
0.104583
0.106807
0.109036
0.111344
0.113698
0.116083
0.11852
0.120962
0.123468
0.126019
0.12861
0.131292
0.133958
0.136696
0.139448
0.14223
0.145005
0.147772
0.150363
0.152731
0.0092112
0.00857173
0.00830223
0.00849101
0.00857567
0.0087105
0.00922066
0.0101533
0.0114019
0.0127499
0.013962
0.0149497
0.0158482
0.0167924
0.0177754
0.0187479
0.0196794
0.0205868
0.0215207
0.0224348
0.0232675
0.0240819
0.0249331
0.0258251
0.0267482
0.0276573
0.0285503
0.0295013
0.0304898
0.0314235
0.032345
0.0333163
0.0343043
0.0353001
0.0363355
0.0373989
0.0384469
0.0395014
0.0405734
0.0416292
0.0426727
0.043732
0.0448102
0.0459141
0.0470564
0.0482208
0.0493756
0.0505502
0.0517815
0.0530563
0.0543312
0.0556275
0.0569868
0.0583788
0.0596571
0.0607669
0.0619039
0.0633259
0.0650041
0.0666531
0.0681838
0.0697398
0.0712794
0.0728011
0.074393
0.07601
0.0776798
0.0793826
0.0810813
0.0828248
0.0846709
0.0864799
0.0883099
0.0902087
0.092163
0.0941404
0.0961463
0.0981988
0.100282
0.102427
0.104584
0.106808
0.109038
0.111345
0.113698
0.116083
0.11852
0.120962
0.123469
0.126019
0.128611
0.131292
0.133958
0.136696
0.139449
0.142231
0.145007
0.147777
0.15037
0.152737
0.00931874
0.00872049
0.00849416
0.00871759
0.00883495
0.00899412
0.00947056
0.0103089
0.0114845
0.0128086
0.0140226
0.0150153
0.0159147
0.0168537
0.0178221
0.0187778
0.019703
0.0206141
0.0215485
0.0224553
0.0232828
0.0241006
0.0249578
0.02585
0.0267671
0.0276723
0.0285663
0.0295164
0.0305012
0.0314341
0.0323569
0.0333272
0.034314
0.0353099
0.0363442
0.0374046
0.0384493
0.0395018
0.0405745
0.0416318
0.0426752
0.0437336
0.0448129
0.0459188
0.0470608
0.0482233
0.0493784
0.0505546
0.0517857
0.0530591
0.0543332
0.0556285
0.0569847
0.0583717
0.05965
0.0607712
0.0619215
0.0633413
0.065008
0.066652
0.0681833
0.0697382
0.0712777
0.0728021
0.0743947
0.0760119
0.0776809
0.0793834
0.0810834
0.082827
0.0846714
0.0864806
0.088312
0.0902108
0.0921644
0.0941416
0.0961476
0.0982002
0.100283
0.102428
0.104585
0.106808
0.109039
0.111346
0.113699
0.116083
0.118521
0.120962
0.123469
0.12602
0.128611
0.131292
0.133958
0.136696
0.139449
0.142231
0.145009
0.147783
0.150378
0.152743
0.00944662
0.00887237
0.00867916
0.00894857
0.00909047
0.00926633
0.00972735
0.0104859
0.0115805
0.0128708
0.0140823
0.0150806
0.0159838
0.0169192
0.0178728
0.0188106
0.0197289
0.0206434
0.021578
0.0224773
0.0232993
0.0241203
0.0249837
0.0258762
0.026787
0.0276879
0.028583
0.0295324
0.0305133
0.0314453
0.0323693
0.0333386
0.034324
0.0353201
0.0363533
0.0374106
0.0384519
0.0395025
0.040576
0.0416348
0.0426779
0.0437354
0.0448161
0.0459239
0.0470654
0.0482258
0.0493813
0.0505593
0.0517902
0.0530619
0.0543351
0.0556296
0.0569827
0.0583646
0.0596432
0.0607767
0.061941
0.063359
0.0650131
0.0666504
0.0681824
0.0697363
0.071276
0.0728033
0.0743966
0.0760138
0.0776822
0.0793842
0.0810857
0.0828294
0.084672
0.0864814
0.0883142
0.0902129
0.0921659
0.0941428
0.096149
0.0982017
0.100285
0.102429
0.104586
0.106809
0.10904
0.111347
0.113699
0.116084
0.118521
0.120962
0.12347
0.126021
0.128612
0.131292
0.133959
0.136696
0.13945
0.142232
0.145011
0.147788
0.150386
0.15275
0.00959357
0.00903634
0.0088542
0.0091796
0.00934794
0.00952739
0.00998532
0.0106837
0.0116926
0.012938
0.014142
0.0151456
0.0160547
0.0169885
0.0179274
0.0188467
0.0197575
0.0206749
0.0216093
0.0225008
0.0233171
0.0241411
0.025011
0.0259038
0.026808
0.0277043
0.0286005
0.0295495
0.0305263
0.031457
0.0323822
0.0333506
0.0343345
0.0353307
0.0363629
0.0374169
0.0384549
0.0395035
0.0405778
0.0416381
0.0426807
0.0437374
0.0448196
0.0459294
0.0470701
0.0482285
0.0493845
0.0505643
0.0517949
0.0530646
0.054337
0.0556307
0.0569808
0.0583577
0.0596368
0.0607828
0.0619615
0.0633781
0.065019
0.0666486
0.0681812
0.0697341
0.0712745
0.0728045
0.0743985
0.0760158
0.0776835
0.0793851
0.0810882
0.0828319
0.0846726
0.0864823
0.0883166
0.0902152
0.0921675
0.094144
0.0961505
0.0982032
0.100286
0.102431
0.104587
0.10681
0.109042
0.111349
0.113699
0.116084
0.118521
0.120963
0.123471
0.126021
0.128613
0.131292
0.133959
0.136696
0.139451
0.142233
0.145014
0.147794
0.150394
0.152756
0.00975181
0.00922243
0.00902149
0.00940296
0.0096118
0.0097809
0.0102387
0.0109
0.0118233
0.0130115
0.0142026
0.0152103
0.0161266
0.0170613
0.017986
0.0188863
0.0197891
0.0207088
0.0216425
0.0225261
0.0233361
0.024163
0.0250396
0.0259329
0.02683
0.0277213
0.028619
0.0295676
0.0305401
0.0314693
0.0323957
0.033363
0.0343454
0.0353418
0.0363729
0.0374237
0.0384582
0.0395048
0.04058
0.0416419
0.0426838
0.0437396
0.0448235
0.0459352
0.0470751
0.0482314
0.0493878
0.0505695
0.0517998
0.0530674
0.0543388
0.0556317
0.0569789
0.0583509
0.0596307
0.0607894
0.0619825
0.0633979
0.0650254
0.0666467
0.0681797
0.0697318
0.0712731
0.0728058
0.0744004
0.0760178
0.077685
0.079386
0.0810908
0.0828345
0.0846733
0.0864832
0.088319
0.0902176
0.0921691
0.0941454
0.096152
0.0982048
0.100288
0.102432
0.104588
0.106812
0.109043
0.11135
0.1137
0.116084
0.118521
0.120963
0.123472
0.126022
0.128613
0.131292
0.133959
0.136696
0.139451
0.142234
0.145017
0.1478
0.150403
0.152764
0.00990941
0.00943659
0.00918983
0.0096113
0.00988186
0.0100329
0.0104829
0.0111303
0.0119757
0.0130936
0.0142645
0.0152753
0.0161995
0.0171367
0.0180486
0.0189295
0.0198237
0.0207453
0.0216777
0.0225531
0.0233565
0.024186
0.0250696
0.0259635
0.0268532
0.0277391
0.0286383
0.0295869
0.030555
0.0314824
0.0324099
0.0333761
0.0343567
0.0353532
0.0363835
0.0374309
0.0384618
0.0395064
0.0405826
0.041646
0.0426871
0.043742
0.0448277
0.0459412
0.0470803
0.0482345
0.0493912
0.050575
0.0518049
0.0530702
0.0543405
0.0556328
0.0569772
0.0583443
0.059625
0.0607961
0.0620036
0.0634179
0.0650322
0.0666449
0.0681782
0.0697295
0.0712717
0.0728071
0.0744024
0.0760198
0.0776865
0.0793871
0.0810934
0.0828373
0.084674
0.0864842
0.0883215
0.0902201
0.0921708
0.0941468
0.0961536
0.0982065
0.100289
0.102433
0.104589
0.106813
0.109045
0.111351
0.113701
0.116085
0.118522
0.120964
0.123473
0.126023
0.128614
0.131292
0.133959
0.136696
0.139452
0.142236
0.14502
0.147807
0.150412
0.152771
0.0100526
0.00967488
0.00937202
0.00980175
0.0101518
0.0102903
0.0107168
0.0113673
0.0121518
0.0131875
0.0143278
0.0153414
0.0162735
0.0172141
0.0181148
0.0189767
0.0198617
0.0207847
0.0217155
0.0225819
0.0233783
0.0242103
0.0251011
0.0259958
0.0268778
0.0277578
0.0286586
0.0296073
0.0305707
0.0314963
0.0324248
0.0333899
0.0343685
0.0353651
0.0363945
0.0374385
0.0384657
0.0395084
0.0405855
0.0416506
0.0426908
0.0437446
0.044832
0.0459475
0.0470859
0.0482378
0.0493948
0.0505805
0.0518102
0.0530731
0.0543422
0.0556339
0.0569756
0.058338
0.0596195
0.060803
0.0620244
0.0634377
0.0650391
0.0666432
0.0681767
0.0697271
0.0712704
0.0728083
0.0744043
0.0760219
0.0776881
0.0793881
0.0810961
0.0828401
0.0846749
0.0864853
0.0883241
0.0902226
0.0921726
0.0941482
0.0961553
0.0982082
0.100291
0.102435
0.10459
0.106814
0.109047
0.111352
0.113701
0.116085
0.118522
0.120964
0.123474
0.126024
0.128615
0.131292
0.13396
0.136696
0.139452
0.142237
0.145023
0.147813
0.150422
0.152779
0.0101715
0.00992459
0.00958074
0.00997926
0.0104115
0.0105587
0.0109451
0.0116024
0.0123502
0.0132977
0.0143927
0.0154089
0.0163497
0.0172927
0.0181839
0.0190278
0.0199032
0.0208273
0.0217561
0.0226129
0.0234015
0.0242357
0.0251341
0.0260298
0.0269037
0.0277774
0.02868
0.0296291
0.0305875
0.0315109
0.0324404
0.0334044
0.034381
0.0353775
0.0364062
0.0374465
0.0384699
0.0395107
0.0405887
0.0416556
0.0426948
0.0437473
0.0448364
0.0459541
0.0470918
0.0482413
0.0493984
0.0505862
0.0518157
0.0530761
0.0543438
0.055635
0.0569741
0.0583319
0.0596143
0.0608101
0.0620449
0.0634574
0.0650461
0.0666418
0.0681752
0.0697248
0.0712691
0.0728096
0.0744062
0.076024
0.0776897
0.0793893
0.0810989
0.082843
0.0846758
0.0864864
0.0883267
0.0902252
0.0921744
0.0941498
0.096157
0.09821
0.100293
0.102436
0.104591
0.106815
0.109049
0.111354
0.113702
0.116085
0.118522
0.120965
0.123475
0.126025
0.128616
0.131292
0.13396
0.136697
0.139453
0.142239
0.145026
0.14782
0.150432
0.152787
0.0102661
0.0101704
0.0098208
0.0101552
0.0106523
0.010836
0.0111751
0.0118294
0.012566
0.0134293
0.0144612
0.0154769
0.0164294
0.017373
0.0182549
0.0190826
0.0199482
0.0208733
0.0218001
0.0226463
0.023426
0.0242623
0.0251685
0.0260655
0.026931
0.027798
0.0287025
0.0296522
0.0306055
0.0315265
0.0324568
0.0334195
0.0343939
0.0353904
0.0364184
0.0374551
0.0384745
0.0395133
0.0405924
0.0416611
0.0426992
0.0437501
0.0448409
0.0459609
0.047098
0.0482451
0.0494021
0.050592
0.0518214
0.0530793
0.0543454
0.0556362
0.0569727
0.058326
0.0596095
0.0608173
0.0620649
0.0634767
0.0650532
0.0666406
0.0681737
0.0697226
0.0712678
0.0728108
0.0744082
0.0760262
0.0776915
0.0793906
0.0811017
0.082846
0.0846768
0.0864876
0.0883295
0.0902279
0.0921764
0.0941514
0.0961588
0.0982119
0.100295
0.102438
0.104593
0.106817
0.109051
0.111355
0.113703
0.116086
0.118523
0.120966
0.123476
0.126026
0.128617
0.131293
0.13396
0.136697
0.139454
0.142241
0.14503
0.147828
0.150443
0.152796
0.0103456
0.0103976
0.0100848
0.0103453
0.0108734
0.011112
0.0114135
0.0120482
0.0127905
0.0135853
0.014538
0.0155441
0.0165132
0.017456
0.018327
0.0191407
0.0199967
0.0209227
0.021848
0.0226827
0.0234523
0.0242901
0.0252047
0.026103
0.0269597
0.0278195
0.028726
0.0296767
0.0306248
0.0315429
0.0324742
0.0334358
0.0344075
0.0354037
0.0364312
0.0374642
0.0384795
0.0395164
0.0405965
0.041667
0.0427039
0.0437531
0.0448456
0.0459681
0.0471046
0.0482492
0.049406
0.0505978
0.0518273
0.0530825
0.054347
0.0556373
0.0569715
0.0583205
0.0596051
0.0608245
0.0620844
0.0634955
0.0650603
0.0666398
0.0681724
0.0697205
0.0712667
0.072812
0.0744101
0.0760284
0.0776934
0.079392
0.0811045
0.082849
0.0846779
0.086489
0.0883323
0.0902306
0.0921784
0.0941531
0.0961607
0.0982138
0.100296
0.102439
0.104594
0.106819
0.109053
0.111357
0.113704
0.116086
0.118523
0.120966
0.123477
0.126027
0.128618
0.131293
0.133961
0.136698
0.139454
0.142243
0.145034
0.147835
0.150454
0.152805
0.0104209
0.0105992
0.0103582
0.0105614
0.0110844
0.0113759
0.0116623
0.0122657
0.0130144
0.0137631
0.0146295
0.0156102
0.0166002
0.017544
0.0184003
0.0192009
0.0200486
0.0209755
0.0218999
0.0227224
0.0234803
0.0243194
0.0252427
0.0261424
0.0269899
0.0278421
0.0287506
0.0297028
0.0306454
0.0315602
0.0324923
0.0334528
0.0344219
0.0354178
0.0364446
0.0374738
0.0384848
0.0395198
0.0406011
0.0416735
0.0427091
0.0437563
0.0448503
0.0459755
0.0471115
0.0482534
0.0494099
0.0506038
0.0518335
0.053086
0.0543485
0.0556386
0.0569704
0.0583153
0.0596011
0.0608317
0.0621033
0.0635139
0.0650675
0.0666393
0.0681712
0.0697185
0.0712656
0.0728132
0.074412
0.0760307
0.0776953
0.0793934
0.0811074
0.0828521
0.0846792
0.0864904
0.0883352
0.0902335
0.0921805
0.0941549
0.0961627
0.0982158
0.100298
0.102441
0.104595
0.10682
0.109055
0.111358
0.113705
0.116087
0.118523
0.120967
0.123478
0.126028
0.128619
0.131293
0.133961
0.136699
0.139455
0.142246
0.145038
0.147843
0.150466
0.152815
0.0105018
0.01078
0.0106253
0.0108009
0.0112999
0.0116223
0.0119129
0.0124896
0.0132348
0.0139563
0.0147414
0.0156784
0.016687
0.0176384
0.0184764
0.019262
0.0201034
0.0210319
0.0219562
0.022766
0.0235102
0.0243499
0.0252824
0.0261838
0.0270216
0.0278659
0.0287765
0.0297305
0.0306674
0.0315785
0.0325114
0.0334707
0.0344369
0.0354324
0.0364588
0.0374844
0.0384908
0.0395237
0.0406061
0.0416803
0.0427147
0.0437597
0.0448552
0.0459833
0.0471189
0.048258
0.0494139
0.0506099
0.0518398
0.0530895
0.0543501
0.0556399
0.0569696
0.0583105
0.0595975
0.060839
0.0621217
0.0635318
0.0650747
0.0666391
0.0681702
0.0697166
0.0712645
0.0728145
0.0744139
0.076033
0.0776974
0.079395
0.0811103
0.0828553
0.0846806
0.0864919
0.0883382
0.0902364
0.0921827
0.0941568
0.0961648
0.0982179
0.1003
0.102443
0.104597
0.106822
0.109057
0.11136
0.113706
0.116088
0.118524
0.120968
0.123479
0.126029
0.12862
0.131294
0.133962
0.136699
0.139456
0.142248
0.145042
0.147852
0.150478
0.152825
0.0105944
0.0109497
0.0108767
0.01105
0.0115336
0.0118587
0.0121528
0.0127221
0.0134571
0.0141562
0.0148746
0.0157553
0.0167718
0.0177388
0.0185577
0.0193229
0.0201597
0.0210922
0.0220172
0.022814
0.0235427
0.0243818
0.0253241
0.0262273
0.0270548
0.0278905
0.0288036
0.02976
0.0306911
0.0315978
0.0325314
0.0334896
0.0344529
0.0354476
0.0364735
0.0374954
0.0384975
0.0395284
0.0406117
0.0416878
0.0427209
0.0437634
0.0448601
0.0459913
0.0471267
0.0482628
0.0494181
0.0506161
0.0518464
0.0530933
0.0543517
0.0556412
0.056969
0.0583061
0.0595943
0.0608463
0.0621395
0.0635492
0.0650821
0.0666392
0.0681693
0.0697149
0.0712636
0.0728158
0.0744158
0.0760353
0.0776995
0.0793966
0.0811132
0.0828585
0.0846821
0.0864936
0.0883412
0.0902395
0.092185
0.0941588
0.096167
0.0982201
0.100302
0.102445
0.104599
0.106824
0.109059
0.111362
0.113707
0.116089
0.118524
0.120969
0.12348
0.12603
0.128622
0.131294
0.133963
0.1367
0.139457
0.142251
0.145047
0.14786
0.150491
0.152835
0.0107036
0.0111167
0.0111127
0.0112926
0.0117858
0.012101
0.0123752
0.0129549
0.0136893
0.0143585
0.0150233
0.0158472
0.0168561
0.0178425
0.018647
0.0193844
0.0202159
0.0211564
0.0220829
0.0228664
0.0235781
0.0244154
0.0253679
0.0262732
0.0270898
0.0279161
0.0288317
0.0297911
0.0307166
0.0316184
0.0325524
0.0335096
0.0344697
0.0354636
0.036489
0.0375072
0.0385045
0.0395333
0.0406179
0.0416958
0.0427276
0.0437675
0.0448652
0.0459997
0.047135
0.0482679
0.0494222
0.0506224
0.0518532
0.0530973
0.0543535
0.0556427
0.0569686
0.0583021
0.0595916
0.0608537
0.0621567
0.0635661
0.0650894
0.0666397
0.0681686
0.0697133
0.0712628
0.0728171
0.0744176
0.0760377
0.0777018
0.0793984
0.0811161
0.0828618
0.0846837
0.0864953
0.0883444
0.0902426
0.0921874
0.094161
0.0961692
0.0982223
0.100304
0.102447
0.1046
0.106826
0.109061
0.111363
0.113708
0.116089
0.118525
0.12097
0.123482
0.126031
0.128623
0.131294
0.133963
0.136701
0.139458
0.142254
0.145051
0.147869
0.150504
0.152847
0.0108358
0.0112896
0.011342
0.0115147
0.0120391
0.0123652
0.0125876
0.013173
0.0139351
0.0145708
0.0151802
0.0159549
0.0169447
0.0179468
0.0187447
0.0194485
0.0202704
0.0212241
0.022154
0.0229232
0.023617
0.0244509
0.0254136
0.026322
0.0271267
0.0279427
0.0288611
0.0298242
0.0307438
0.0316399
0.0325742
0.0335308
0.0344876
0.0354803
0.0365052
0.03752
0.0385126
0.039539
0.0406245
0.0417042
0.0427348
0.0437718
0.0448703
0.0460084
0.0471438
0.0482734
0.0494266
0.0506289
0.0518603
0.0531014
0.0543552
0.0556442
0.0569685
0.0582986
0.0595895
0.060861
0.0621732
0.0635823
0.0650968
0.0666405
0.0681681
0.0697118
0.0712621
0.0728184
0.0744195
0.0760401
0.0777041
0.0794003
0.0811191
0.0828652
0.0846855
0.0864971
0.0883476
0.0902458
0.0921899
0.0941632
0.0961716
0.0982246
0.100307
0.102449
0.104602
0.106827
0.109063
0.111365
0.113709
0.11609
0.118525
0.120971
0.123483
0.126033
0.128624
0.131295
0.133964
0.136702
0.139459
0.142258
0.145057
0.147879
0.150518
0.152858
0.0109951
0.0114752
0.0115744
0.0117157
0.0122718
0.0126557
0.0128108
0.0133647
0.014184
0.0148035
0.0153415
0.0160726
0.0170433
0.0180529
0.0188499
0.0195176
0.0203222
0.0212938
0.0222312
0.0229841
0.0236591
0.0244887
0.0254612
0.0263738
0.0271659
0.02797
0.0288913
0.0298594
0.0307734
0.0316629
0.0325969
0.033553
0.0345064
0.0354977
0.0365221
0.0375334
0.0385213
0.0395454
0.040632
0.0417134
0.0427427
0.0437765
0.0448755
0.0460172
0.047153
0.0482792
0.0494311
0.0506355
0.0518678
0.0531059
0.054357
0.0556459
0.0569687
0.0582955
0.0595878
0.0608684
0.0621893
0.0635981
0.0651043
0.0666416
0.0681678
0.0697106
0.0712616
0.0728198
0.0744214
0.0760425
0.0777066
0.0794022
0.0811221
0.0828686
0.0846874
0.0864991
0.088351
0.0902491
0.0921925
0.0941655
0.0961741
0.098227
0.100309
0.102451
0.104604
0.10683
0.109065
0.111367
0.11371
0.116091
0.118526
0.120972
0.123484
0.126034
0.128626
0.131296
0.133965
0.136704
0.139461
0.142261
0.145062
0.147888
0.150532
0.15287
0.0111816
0.0116788
0.0118156
0.0119044
0.0124625
0.0129547
0.01307
0.0135357
0.0144174
0.0150642
0.0155157
0.0161905
0.0171515
0.0181646
0.018961
0.0195939
0.0203722
0.0213633
0.0223157
0.0230501
0.0237039
0.0245293
0.0255109
0.0264285
0.0272083
0.027998
0.028922
0.0298965
0.0308052
0.0316872
0.0326208
0.0335766
0.0345266
0.0355158
0.0365397
0.0375478
0.0385308
0.0395523
0.0406398
0.0417231
0.0427513
0.0437819
0.0448811
0.0460265
0.0471629
0.0482854
0.0494356
0.0506422
0.0518754
0.0531104
0.0543589
0.0556478
0.0569693
0.0582929
0.0595866
0.0608759
0.0622047
0.0636132
0.0651118
0.0666431
0.0681677
0.0697095
0.0712612
0.0728213
0.0744232
0.0760452
0.0777091
0.0794043
0.0811252
0.0828721
0.0846895
0.0865011
0.0883544
0.0902525
0.0921953
0.094168
0.0961766
0.0982295
0.100311
0.102453
0.104606
0.106832
0.109068
0.111369
0.113712
0.116092
0.118527
0.120973
0.123486
0.126035
0.128627
0.131296
0.133965
0.136705
0.139462
0.142265
0.145068
0.147898
0.150547
0.152883
0.0113914
0.0119084
0.0120683
0.0120924
0.0126013
0.013233
0.0133795
0.0137099
0.0146165
0.015346
0.0157189
0.0163047
0.0172626
0.0182862
0.0190782
0.0196779
0.0204222
0.0214299
0.0224069
0.0231235
0.0237509
0.0245723
0.0255632
0.0264862
0.0272543
0.0280275
0.0289528
0.0299357
0.0308396
0.031713
0.0326452
0.0336012
0.034548
0.035535
0.0365581
0.0375632
0.0385414
0.0395602
0.0406485
0.0417334
0.0427603
0.0437875
0.0448866
0.046036
0.0471733
0.0482921
0.0494404
0.0506492
0.0518835
0.0531153
0.0543608
0.0556497
0.0569702
0.0582909
0.0595859
0.0608834
0.0622196
0.0636278
0.0651194
0.066645
0.0681678
0.0697086
0.0712611
0.0728229
0.0744251
0.0760477
0.0777118
0.0794065
0.0811283
0.0828757
0.0846917
0.0865032
0.0883578
0.090256
0.0921981
0.0941705
0.0961793
0.0982321
0.100314
0.102455
0.104608
0.106834
0.10907
0.111371
0.113713
0.116093
0.118528
0.120974
0.123487
0.126036
0.128629
0.131297
0.133966
0.136707
0.139464
0.142269
0.145074
0.147908
0.150563
0.152897
0.0116131
0.0121711
0.012333
0.012288
0.0126987
0.0134605
0.0137298
0.0139186
0.0147749
0.0156252
0.0159646
0.0164254
0.0173676
0.0184164
0.0192046
0.0197714
0.0204749
0.0214909
0.0225025
0.0232072
0.0238003
0.0246158
0.0256193
0.0265475
0.0273039
0.0280591
0.0289836
0.0299763
0.0308771
0.0317408
0.0326709
0.033627
0.0345707
0.035555
0.0365772
0.0375795
0.038553
0.0395688
0.0406578
0.0417446
0.0427705
0.0437939
0.0448924
0.0460458
0.0471842
0.0482991
0.0494452
0.0506561
0.0518919
0.0531205
0.054363
0.0556519
0.0569716
0.0582894
0.0595857
0.0608909
0.0622339
0.063642
0.0651271
0.0666471
0.0681682
0.0697079
0.0712612
0.0728245
0.074427
0.0760504
0.0777146
0.0794088
0.0811314
0.0828794
0.084694
0.0865055
0.0883614
0.0902596
0.092201
0.0941732
0.096182
0.0982348
0.100316
0.102458
0.10461
0.106836
0.109073
0.111373
0.113714
0.116095
0.118528
0.120976
0.123489
0.126038
0.128631
0.131298
0.133967
0.136708
0.139465
0.142273
0.145081
0.147918
0.150579
0.152911
0.0118348
0.0124645
0.0126095
0.0124938
0.0127744
0.0136159
0.0140895
0.0141898
0.0149086
0.01587
0.0162482
0.016572
0.0174613
0.0185473
0.0193417
0.0198769
0.0205346
0.0215454
0.0225975
0.0233036
0.0238551
0.0246573
0.025678
0.0266139
0.027357
0.028093
0.0290149
0.0300179
0.0309175
0.0317708
0.0326974
0.0336541
0.0345952
0.0355764
0.0365972
0.0375967
0.0385658
0.0395783
0.0406677
0.0417563
0.0427811
0.0438009
0.0448986
0.0460559
0.0471958
0.0483069
0.0494502
0.0506633
0.0519006
0.053126
0.0543652
0.0556542
0.0569734
0.0582885
0.0595862
0.0608985
0.0622476
0.0636555
0.0651347
0.0666496
0.0681689
0.0697074
0.0712614
0.0728263
0.0744289
0.0760531
0.0777175
0.0794112
0.0811347
0.0828833
0.0846965
0.0865078
0.0883651
0.0902633
0.0922041
0.094176
0.0961849
0.0982376
0.100319
0.10246
0.104612
0.106838
0.109075
0.111375
0.113716
0.116096
0.118529
0.120977
0.123491
0.126039
0.128633
0.131299
0.133968
0.13671
0.139467
0.142278
0.145088
0.147929
0.150595
0.152926
0.0120585
0.0127757
0.0129047
0.0127241
0.01286
0.0137068
0.0144219
0.0145376
0.0150525
0.016052
0.0165427
0.0167642
0.0175538
0.0186674
0.0194857
0.0199976
0.0206066
0.0215947
0.022686
0.0234124
0.0239204
0.0246946
0.0257366
0.0266876
0.0274145
0.0281285
0.0290472
0.0300605
0.0309604
0.0318035
0.0327251
0.0336819
0.0346207
0.0355989
0.0366182
0.0376151
0.0385798
0.0395889
0.0406784
0.0417689
0.0427928
0.0438085
0.0449048
0.046066
0.0472079
0.0483151
0.0494554
0.0506705
0.0519098
0.053132
0.0543676
0.0556568
0.0569757
0.0582881
0.059587
0.0609062
0.0622609
0.0636686
0.0651423
0.0666525
0.0681699
0.0697072
0.0712619
0.0728282
0.0744309
0.0760559
0.0777205
0.0794137
0.0811379
0.0828872
0.0846992
0.0865103
0.0883689
0.0902671
0.0922073
0.094179
0.0961879
0.0982405
0.100322
0.102463
0.104615
0.106841
0.109078
0.111378
0.113717
0.116097
0.11853
0.120978
0.123492
0.12604
0.128634
0.1313
0.133969
0.136713
0.139469
0.142283
0.145096
0.14794
0.150612
0.152941
0.0121545
0.013026
0.0132283
0.0130157
0.0130073
0.0137632
0.0146971
0.0149516
0.0152511
0.0161737
0.016813
0.0170092
0.0176669
0.018772
0.0196271
0.0201329
0.0206974
0.0216441
0.0227618
0.0235295
0.0240024
0.0247292
0.0257896
0.0267693
0.0274796
0.0281644
0.02908
0.0301051
0.0310054
0.0318386
0.0327546
0.0337111
0.0346481
0.0356228
0.0366398
0.0376343
0.038595
0.0396006
0.0406897
0.041782
0.0428053
0.0438171
0.0449116
0.0460766
0.0472207
0.048324
0.0494608
0.0506777
0.0519192
0.0531382
0.0543702
0.0556596
0.0569785
0.0582885
0.0595883
0.0609139
0.0622735
0.0636811
0.06515
0.0666558
0.0681713
0.0697073
0.0712627
0.0728302
0.0744329
0.0760588
0.0777242
0.0794164
0.0811413
0.0828912
0.084702
0.0865129
0.0883728
0.0902709
0.0922106
0.094182
0.0961909
0.0982436
0.100325
0.102466
0.104617
0.106844
0.10908
0.11138
0.113719
0.116099
0.118531
0.12098
0.123494
0.126042
0.128636
0.131301
0.13397
0.136715
0.139471
0.142288
0.145104
0.147951
0.150629
0.152957
0.0121437
0.0132019
0.0135779
0.0133768
0.0132402
0.0138263
0.0148981
0.0153927
0.015541
0.0162672
0.0170237
0.0172875
0.0178238
0.0188711
0.0197571
0.0202763
0.0208108
0.0217028
0.0228231
0.0236465
0.024106
0.0247683
0.0258326
0.0268562
0.0275571
0.0282018
0.0291113
0.0301527
0.0310534
0.0318754
0.0327858
0.0337414
0.0346767
0.0356482
0.0366628
0.0376548
0.0386115
0.0396134
0.040702
0.0417961
0.0428189
0.0438263
0.0449184
0.0460873
0.0472342
0.0483337
0.0494665
0.0506851
0.0519292
0.0531451
0.0543729
0.0556624
0.0569817
0.0582894
0.0595901
0.0609213
0.0622858
0.0636932
0.0651577
0.0666593
0.0681729
0.0697076
0.0712636
0.0728324
0.074435
0.0760617
0.0777274
0.0794191
0.0811447
0.0828953
0.084705
0.0865156
0.0883768
0.0902749
0.0922141
0.0941852
0.0961941
0.0982467
0.100328
0.102468
0.10462
0.106846
0.109083
0.111382
0.113721
0.1161
0.118532
0.120981
0.123496
0.126043
0.128638
0.131302
0.133971
0.136718
0.139474
0.142293
0.145113
0.147963
0.150647
0.152974
0.0120458
0.0132933
0.0139314
0.0137953
0.013551
0.0139296
0.0150236
0.0158053
0.0159223
0.0163758
0.0171588
0.0175633
0.0180322
0.0189838
0.0198736
0.0204175
0.020943
0.0217814
0.0228751
0.0237534
0.0242295
0.0248209
0.0258627
0.0269408
0.0276502
0.0282447
0.0291381
0.0302025
0.0311067
0.0319135
0.0328178
0.0337739
0.0347072
0.035675
0.0366867
0.0376762
0.0386298
0.0396278
0.0407149
0.0418107
0.0428337
0.0438368
0.044926
0.0460984
0.0472481
0.0483441
0.0494725
0.0506924
0.0519395
0.0531525
0.054376
0.0556658
0.0569859
0.0582913
0.0595925
0.0609291
0.0622977
0.0637049
0.0651655
0.0666633
0.0681751
0.0697082
0.0712649
0.0728347
0.0744372
0.0760647
0.0777309
0.0794221
0.0811482
0.0828996
0.0847082
0.0865184
0.0883809
0.0902791
0.0922177
0.0941886
0.0961975
0.09825
0.100331
0.102471
0.104622
0.106849
0.109086
0.111385
0.113723
0.116102
0.118533
0.120983
0.123498
0.126045
0.12864
0.131304
0.133972
0.136721
0.139476
0.142299
0.145122
0.147975
0.150665
0.152991
0.0120525
0.0133334
0.014254
0.0142529
0.0139297
0.0140964
0.0151026
0.016134
0.0163604
0.0165518
0.0172418
0.0177949
0.0182751
0.01913
0.0199897
0.0205462
0.0210806
0.0218856
0.0229299
0.02384
0.024362
0.0248962
0.0258848
0.0270133
0.0277578
0.0282999
0.0291587
0.0302501
0.0311675
0.0319548
0.0328492
0.0338081
0.0347399
0.0357033
0.036712
0.0376988
0.0386491
0.0396434
0.0407286
0.0418262
0.0428495
0.0438481
0.0449335
0.0461094
0.0472629
0.0483556
0.0494789
0.0506997
0.0519502
0.0531606
0.0543792
0.0556689
0.0569902
0.0582935
0.0595951
0.060937
0.0623092
0.0637162
0.0651732
0.0666674
0.0681774
0.0697092
0.0712664
0.0728372
0.0744396
0.0760678
0.0777343
0.079425
0.0811516
0.082904
0.0847114
0.0865213
0.0883851
0.0902833
0.0922214
0.0941921
0.0962009
0.0982533
0.100334
0.102475
0.104625
0.106852
0.109089
0.111387
0.113725
0.116104
0.118535
0.120984
0.1235
0.126047
0.128642
0.131306
0.133973
0.136724
0.139479
0.142304
0.145132
0.147988
0.150683
0.15301
0.0120063
0.0132798
0.0145004
0.0147308
0.0143762
0.0143458
0.0151801
0.0163608
0.0168084
0.0168369
0.0173198
0.0179608
0.0185215
0.0193172
0.0201253
0.0206661
0.021209
0.0220117
0.0230062
0.0239101
0.0244898
0.0249999
0.0259114
0.0270675
0.0278732
0.0283758
0.0291772
0.0302904
0.0312358
0.0320028
0.0328788
0.0338423
0.0347762
0.0357336
0.0367378
0.0377221
0.0386701
0.0396612
0.0407435
0.041842
0.0428665
0.0438609
0.0449419
0.0461207
0.0472781
0.0483678
0.0494857
0.0507069
0.0519611
0.0531693
0.0543829
0.0556726
0.0569955
0.0582968
0.0595983
0.0609449
0.0623204
0.0637271
0.065181
0.0666721
0.0681803
0.0697104
0.0712682
0.0728399
0.074442
0.076071
0.0777381
0.0794283
0.0811556
0.0829085
0.084715
0.0865244
0.0883894
0.0902876
0.0922253
0.0941957
0.0962044
0.0982569
0.100337
0.102478
0.104628
0.106855
0.109092
0.11139
0.113727
0.116106
0.118536
0.120986
0.123502
0.126048
0.128644
0.131308
0.133975
0.136727
0.139483
0.14231
0.145142
0.148001
0.150702
0.153028
0.0120842
0.0132299
0.0146391
0.0151756
0.0148765
0.0146747
0.0152877
0.0164953
0.0172101
0.0172181
0.0174503
0.0180735
0.018736
0.0195302
0.0202988
0.0207948
0.0213163
0.0221424
0.0231161
0.0239788
0.0245978
0.0251238
0.0259567
0.0271023
0.0279842
0.0284753
0.0292013
0.0303188
0.031307
0.0320623
0.0329091
0.033874
0.0348154
0.0357675
0.0367651
0.0377465
0.0386921
0.0396802
0.0407597
0.0418588
0.0428848
0.0438749
0.0449506
0.046132
0.047294
0.0483812
0.0494932
0.0507142
0.0519726
0.0531791
0.054387
0.0556762
0.0570011
0.0583007
0.059602
0.060953
0.0623314
0.0637378
0.0651887
0.0666769
0.0681834
0.0697121
0.0712703
0.0728428
0.0744446
0.0760743
0.0777419
0.0794315
0.0811591
0.0829131
0.0847187
0.0865277
0.0883938
0.090292
0.0922294
0.0941995
0.096208
0.0982605
0.100341
0.102481
0.104631
0.106858
0.109095
0.111393
0.113729
0.116108
0.118538
0.120988
0.123505
0.12605
0.128647
0.13131
0.133976
0.136731
0.139487
0.142316
0.145153
0.148014
0.150721
0.153048
0.0122639
0.0132231
0.0146854
0.0155237
0.0153948
0.0150799
0.0154473
0.0165721
0.0175193
0.0176503
0.0176732
0.0181654
0.0188954
0.0197402
0.0205074
0.0209524
0.0214088
0.0222535
0.0232537
0.0240678
0.0246829
0.025249
0.0260304
0.0271294
0.0280782
0.0285937
0.0292417
0.030336
0.0313738
0.0321343
0.0329445
0.033901
0.0348552
0.0358064
0.0367942
0.0377706
0.0387154
0.0397015
0.0407775
0.0418762
0.0429038
0.0438904
0.0449603
0.0461434
0.0473106
0.0483957
0.0495012
0.0507213
0.051984
0.0531892
0.0543913
0.05568
0.0570075
0.0583055
0.059606
0.0609609
0.062342
0.063748
0.0651965
0.0666822
0.0681869
0.069714
0.0712726
0.0728459
0.0744474
0.0760777
0.0777459
0.0794351
0.081163
0.0829178
0.0847226
0.0865311
0.0883984
0.0902966
0.0922336
0.0942034
0.0962117
0.0982643
0.100344
0.102484
0.104635
0.106861
0.109098
0.111395
0.113731
0.11611
0.118539
0.12099
0.123507
0.126052
0.128649
0.131312
0.133978
0.136735
0.139491
0.142323
0.145164
0.148028
0.15074
0.153068
0.012523
0.0132878
0.0146938
0.0157581
0.015886
0.0155536
0.0156795
0.0166331
0.0177271
0.0180772
0.0179973
0.0182847
0.0190084
0.0199195
0.0207321
0.0211566
0.0215106
0.0223307
0.0233967
0.0241969
0.0247622
0.0253573
0.0261306
0.0271668
0.0281498
0.028719
0.0293071
0.0303496
0.0314287
0.0322155
0.0329913
0.0339248
0.0348913
0.0358499
0.036828
0.0377956
0.038739
0.039724
0.0407968
0.0418948
0.0429242
0.0439074
0.0449705
0.0461547
0.0473274
0.0484112
0.0495097
0.0507283
0.0519959
0.0532007
0.0543966
0.0556841
0.0570144
0.0583111
0.0596106
0.060969
0.0623526
0.0637583
0.0652043
0.0666878
0.0681908
0.0697164
0.0712754
0.0728494
0.0744503
0.0760812
0.07775
0.0794387
0.0811669
0.0829227
0.0847267
0.0865346
0.088403
0.0903012
0.0922381
0.0942076
0.0962156
0.0982683
0.100348
0.102488
0.104638
0.106865
0.109101
0.111398
0.113734
0.116112
0.118541
0.120992
0.123509
0.126055
0.128651
0.131314
0.13398
0.136739
0.139496
0.142329
0.145176
0.148042
0.150759
0.153089
0.012845
0.0134235
0.014714
0.0159024
0.0162994
0.0160583
0.0159966
0.0167233
0.017855
0.0184468
0.0183927
0.018475
0.0191017
0.0200533
0.020945
0.0214025
0.0216517
0.0223808
0.0235156
0.024365
0.0248631
0.0254385
0.0262359
0.0272296
0.0282075
0.0288355
0.0293971
0.0303705
0.0314689
0.0322982
0.0330524
0.0339506
0.0349221
0.0358963
0.0368681
0.0378218
0.0387617
0.0397481
0.0408182
0.0419143
0.0429454
0.0439258
0.0449817
0.0461661
0.0473452
0.0484286
0.0495196
0.0507356
0.0520082
0.0532129
0.0544021
0.0556881
0.0570218
0.0583177
0.0596157
0.060977
0.0623629
0.0637682
0.0652121
0.0666936
0.068195
0.069719
0.0712784
0.072853
0.0744534
0.0760848
0.0777543
0.0794426
0.0811708
0.0829276
0.0847309
0.0865384
0.0884079
0.0903058
0.0922426
0.0942118
0.0962195
0.0982724
0.100352
0.102492
0.104641
0.106868
0.109104
0.111401
0.113737
0.116114
0.118543
0.120994
0.123512
0.126057
0.128653
0.131317
0.133982
0.136743
0.139501
0.142336
0.145189
0.148057
0.150779
0.15311
0.0132124
0.0136194
0.0147754
0.0160024
0.0166181
0.0165473
0.0163925
0.0168796
0.0179406
0.0187279
0.0188108
0.0187536
0.0192112
0.0201473
0.0211208
0.021666
0.0218531
0.0224314
0.0235858
0.0245452
0.0250094
0.025509
0.0263239
0.0273187
0.02827
0.0289335
0.0295009
0.0304101
0.0314992
0.0323749
0.0331271
0.033984
0.0349466
0.0359401
0.0369147
0.0378528
0.0387839
0.0397719
0.0408415
0.0419355
0.0429683
0.0439466
0.0449942
0.0461775
0.047363
0.0484469
0.0495296
0.050742
0.0520201
0.0532262
0.0544086
0.0556924
0.0570299
0.0583252
0.0596212
0.060985
0.0623732
0.0637782
0.06522
0.0666998
0.0681997
0.0697221
0.0712817
0.0728569
0.0744569
0.0760885
0.0777587
0.0794466
0.081175
0.0829329
0.0847354
0.0865422
0.0884128
0.0903107
0.0922475
0.0942163
0.0962235
0.0982765
0.100356
0.102495
0.104645
0.106872
0.109107
0.111404
0.113739
0.116117
0.118544
0.120997
0.123514
0.12606
0.128656
0.13132
0.133985
0.136747
0.139507
0.142344
0.145202
0.148072
0.150798
0.153132
0.0136137
0.0138757
0.0148783
0.0160925
0.0168597
0.0169786
0.0168342
0.0171177
0.0180266
0.0189244
0.0191993
0.0191051
0.0193733
0.0202224
0.021247
0.0219163
0.0221124
0.0225172
0.0236098
0.024704
0.0252066
0.0255992
0.0263805
0.0274127
0.0283564
0.0290193
0.0296026
0.0304719
0.0315294
0.0324398
0.0332087
0.0340287
0.0349691
0.0359799
0.0369664
0.03789
0.0388065
0.0397953
0.0408672
0.0419586
0.0429916
0.0439682
0.0450075
0.0461881
0.0473809
0.048467
0.0495415
0.0507493
0.0520328
0.0532409
0.0544159
0.0556964
0.0570381
0.0583336
0.0596275
0.0609931
0.0623835
0.0637881
0.0652279
0.0667064
0.0682048
0.0697255
0.0712853
0.0728611
0.0744605
0.0760923
0.0777633
0.0794508
0.0811792
0.082938
0.08474
0.0865463
0.0884179
0.0903155
0.0922524
0.094221
0.0962277
0.0982809
0.10036
0.102499
0.104649
0.106875
0.109111
0.111407
0.113742
0.116119
0.118546
0.120999
0.123517
0.126062
0.128659
0.131323
0.133988
0.136752
0.139513
0.142351
0.145215
0.148089
0.150818
0.153154
0.0140187
0.0141954
0.015024
0.0161846
0.0170537
0.0173448
0.0172816
0.0174304
0.0181512
0.0190636
0.019522
0.0194918
0.0196076
0.020308
0.0213309
0.0221279
0.0224039
0.0226681
0.0236178
0.0248088
0.0254274
0.0257389
0.02642
0.0274855
0.0284699
0.0291124
0.0296893
0.0305467
0.0315707
0.0324933
0.0332921
0.0340879
0.0349933
0.0360133
0.0370197
0.0379348
0.0388318
0.0398165
0.0408923
0.0419834
0.0430166
0.0439922
0.0450232
0.0461997
0.0473995
0.0484889
0.0495545
0.0507556
0.0520445
0.0532563
0.0544243
0.0557009
0.0570471
0.0583432
0.0596344
0.0610009
0.0623935
0.0637979
0.0652359
0.0667132
0.0682101
0.0697292
0.0712892
0.0728656
0.0744644
0.0760962
0.0777681
0.0794553
0.0811835
0.0829433
0.0847449
0.0865506
0.0884232
0.0903205
0.0922576
0.0942258
0.0962319
0.0982854
0.100365
0.102503
0.104653
0.106879
0.109114
0.111411
0.113745
0.116122
0.118549
0.121002
0.12352
0.126065
0.128661
0.131326
0.133991
0.136756
0.13952
0.142359
0.145228
0.148105
0.150838
0.153177
0.0143925
0.0145695
0.0152309
0.0162884
0.0172201
0.0176565
0.0176981
0.0177873
0.0183332
0.0191819
0.0197745
0.0198708
0.019908
0.0204368
0.0213935
0.0222864
0.0226936
0.0228873
0.0236464
0.0248542
0.0256361
0.0259397
0.0264738
0.0275175
0.0285883
0.0292345
0.029766
0.0306197
0.0316305
0.0325439
0.0333696
0.0341578
0.0350217
0.036041
0.0370739
0.0379864
0.0388604
0.0398371
0.0409184
0.0420114
0.0430441
0.0440177
0.04504
0.0462105
0.0474168
0.0485115
0.0495689
0.0507624
0.0520566
0.0532735
0.0544342
0.0557051
0.0570556
0.0583534
0.0596419
0.061009
0.0624037
0.0638078
0.065244
0.0667204
0.068216
0.0697334
0.0712934
0.0728704
0.0744687
0.0761001
0.0777731
0.07946
0.081188
0.0829487
0.0847499
0.086555
0.0884285
0.0903255
0.092263
0.0942308
0.0962362
0.0982901
0.100369
0.102507
0.104657
0.106884
0.109117
0.111414
0.113748
0.116125
0.118551
0.121005
0.123522
0.126068
0.128665
0.131329
0.133995
0.136761
0.139527
0.142368
0.145242
0.148122
0.150859
0.153199
0.0146989
0.0149529
0.0155046
0.016422
0.0173642
0.0179229
0.0180743
0.0181604
0.0185746
0.0193145
0.0199734
0.0202093
0.020244
0.0206242
0.0214626
0.0223954
0.0229517
0.0231557
0.02373
0.0248652
0.0257954
0.0261777
0.0265776
0.0275208
0.0286818
0.0293913
0.0298536
0.030676
0.0317005
0.0326001
0.0334391
0.0342383
0.0350599
0.0360615
0.0371252
0.0380463
0.0388952
0.0398581
0.0409434
0.0420394
0.0430723
0.0440442
0.0450579
0.0462219
0.047435
0.0485368
0.0495862
0.0507693
0.0520675
0.0532912
0.0544452
0.0557095
0.0570646
0.0583649
0.0596504
0.0610171
0.0624138
0.0638177
0.0652522
0.0667278
0.0682221
0.069738
0.0712978
0.0728754
0.0744733
0.0761043
0.0777784
0.0794649
0.0811925
0.0829542
0.0847553
0.0865598
0.088434
0.0903306
0.0922685
0.0942361
0.0962407
0.098295
0.100374
0.102511
0.104661
0.106888
0.109121
0.111418
0.113751
0.116128
0.118553
0.121008
0.123526
0.126071
0.128668
0.131333
0.133999
0.136766
0.139534
0.142377
0.145256
0.14814
0.150879
0.153222
0.0149363
0.0152958
0.0158252
0.0166141
0.0175058
0.0181513
0.0184145
0.0185266
0.0188554
0.0194782
0.0201403
0.0204989
0.0205848
0.0208662
0.0215686
0.0224748
0.0231598
0.0234413
0.0238774
0.0248772
0.0258937
0.0264171
0.0267505
0.0275287
0.0287242
0.0295611
0.029976
0.0307176
0.0317663
0.0326704
0.0335032
0.0343228
0.0351122
0.0360773
0.0371709
0.0381143
0.0389349
0.0398758
0.0409672
0.0420695
0.0431035
0.0440743
0.0450788
0.0462343
0.0474526
0.0485621
0.0496044
0.0507759
0.0520776
0.0533104
0.0544586
0.0557144
0.0570735
0.0583771
0.0596593
0.0610251
0.0624239
0.0638277
0.0652605
0.0667355
0.0682286
0.069743
0.0713026
0.0728808
0.0744783
0.0761084
0.0777838
0.0794702
0.0811971
0.0829596
0.0847607
0.0865647
0.0884396
0.0903358
0.0922742
0.0942414
0.0962451
0.0983002
0.100379
0.102515
0.104666
0.106892
0.109124
0.111422
0.113755
0.116131
0.118556
0.121011
0.123529
0.126074
0.128672
0.131336
0.134004
0.136772
0.139542
0.142387
0.14527
0.148158
0.1509
0.153246
0.0151478
0.015587
0.0161541
0.0168614
0.017667
0.0183479
0.0187178
0.0188753
0.0191551
0.0196786
0.0202981
0.0207463
0.0209096
0.02114
0.0217227
0.0225501
0.0233154
0.023716
0.0240803
0.0249248
0.025948
0.0266166
0.0269739
0.0275791
0.0287198
0.0297116
0.0301461
0.0307664
0.0318134
0.0327504
0.0335668
0.0344045
0.0351821
0.0360929
0.0372024
0.0381884
0.0389871
0.0398937
0.0409899
0.0421029
0.0431368
0.0441054
0.0450999
0.0462453
0.0474697
0.0485892
0.0496258
0.0507841
0.0520871
0.0533303
0.0544736
0.055719
0.057082
0.0583905
0.0596693
0.0610331
0.0624343
0.0638379
0.0652689
0.0667436
0.0682355
0.0697484
0.0713075
0.0728865
0.0744835
0.0761126
0.0777895
0.0794757
0.0812018
0.0829653
0.0847666
0.0865699
0.0884451
0.090341
0.0922802
0.0942472
0.0962497
0.0983054
0.100384
0.10252
0.104671
0.106897
0.109127
0.111427
0.113758
0.116134
0.118558
0.121014
0.123532
0.126077
0.128676
0.13134
0.134009
0.136778
0.13955
0.142398
0.145284
0.148176
0.150921
0.153269
0.0153634
0.0158429
0.0164504
0.0171319
0.0178683
0.0185375
0.0189882
0.019206
0.0194591
0.0199087
0.0204623
0.0209566
0.0212089
0.0214254
0.0219185
0.0226505
0.0234348
0.0239584
0.0243147
0.0250202
0.0259886
0.0267602
0.0272125
0.0276979
0.0287003
0.0298106
0.0303458
0.0308469
0.0318398
0.0328306
0.0336399
0.0344792
0.0352648
0.0361172
0.0372181
0.0382641
0.0390576
0.0399127
0.0410047
0.042137
0.0431727
0.0441374
0.0451234
0.0462577
0.0474872
0.0486182
0.0496494
0.0507922
0.0520948
0.0533506
0.0544909
0.0557245
0.0570902
0.058405
0.0596803
0.0610408
0.0624446
0.0638484
0.0652774
0.0667518
0.0682428
0.0697542
0.0713126
0.0728926
0.0744894
0.0761169
0.0777953
0.0794816
0.0812067
0.0829708
0.0847724
0.0865755
0.0884509
0.0903465
0.0922864
0.0942528
0.0962543
0.098311
0.100389
0.102524
0.104675
0.106902
0.109131
0.111431
0.113762
0.116138
0.118562
0.121017
0.123536
0.12608
0.12868
0.131343
0.134014
0.136784
0.139558
0.142409
0.145299
0.148194
0.150942
0.153293
0.0155736
0.0160879
0.0167218
0.0174073
0.0181078
0.0187417
0.0192287
0.0195116
0.0197555
0.0201548
0.0206457
0.0211435
0.0214821
0.021713
0.0221398
0.0227848
0.0235358
0.0241557
0.0245574
0.0251617
0.0260476
0.0268612
0.0274277
0.0278787
0.0287049
0.0298485
0.0305421
0.030978
0.0318619
0.0328943
0.0337215
0.0345502
0.0353573
0.0361627
0.0372198
0.0383244
0.0391443
0.0399406
0.0410092
0.0421696
0.0432171
0.044174
0.0451485
0.0462699
0.0475024
0.0486475
0.0496759
0.0508011
0.0521014
0.0533719
0.0545108
0.0557303
0.0570976
0.0584202
0.0596925
0.0610485
0.0624549
0.0638593
0.0652861
0.0667603
0.0682504
0.0697604
0.0713178
0.0728989
0.0744956
0.0761212
0.0778014
0.0794877
0.0812115
0.0829765
0.0847788
0.0865813
0.0884563
0.0903519
0.0922928
0.0942589
0.0962591
0.0983167
0.100394
0.102529
0.10468
0.106907
0.109134
0.111436
0.113766
0.116141
0.118565
0.12102
0.12354
0.126084
0.128684
0.131348
0.13402
0.136791
0.139566
0.142421
0.145314
0.148213
0.150963
0.153316
0.0157668
0.0163314
0.0169849
0.0176732
0.0183562
0.0189629
0.0194541
0.0197932
0.0200438
0.0204076
0.020854
0.0213234
0.0217242
0.0219929
0.0223721
0.0229492
0.0236441
0.0243161
0.0247899
0.0253338
0.0261357
0.026944
0.0275976
0.02809
0.0287667
0.0298498
0.0307012
0.0311521
0.0319025
0.0329368
0.0338068
0.0346205
0.0354467
0.0362302
0.03722
0.038363
0.0392435
0.039991
0.0410072
0.0421914
0.0432667
0.0442159
0.0451726
0.0462813
0.0475172
0.0486787
0.0497073
0.0508114
0.0521057
0.0533931
0.0545328
0.055737
0.0571043
0.058436
0.059706
0.0610563
0.0624648
0.0638704
0.0652954
0.066769
0.0682582
0.0697672
0.0713232
0.0729054
0.0745024
0.0761258
0.0778076
0.0794941
0.0812166
0.0829822
0.0847853
0.0865875
0.0884617
0.0903575
0.0922996
0.0942649
0.0962638
0.0983227
0.1004
0.102534
0.104685
0.106912
0.109138
0.11144
0.11377
0.116144
0.118569
0.121024
0.123544
0.126087
0.128689
0.131352
0.134025
0.136798
0.139575
0.142433
0.145329
0.148231
0.150985
0.15334
0.0159492
0.016562
0.0172385
0.0179272
0.0185985
0.0191992
0.0196842
0.0200561
0.020322
0.0206555
0.0210761
0.0215088
0.0219365
0.0222573
0.0226128
0.0231373
0.0237729
0.0244523
0.0249977
0.0255214
0.0262511
0.0270325
0.0277278
0.0282951
0.0288896
0.0298492
0.0308048
0.0313446
0.0319849
0.0329684
0.0338835
0.0346921
0.0355281
0.036317
0.0372348
0.0383759
0.0393376
0.0400693
0.041009
0.0421954
0.0433159
0.0442702
0.0452007
0.0462901
0.04753
0.0487097
0.0497422
0.0508238
0.0521074
0.0534141
0.0545582
0.0557449
0.0571101
0.0584522
0.0597208
0.0610646
0.0624746
0.0638814
0.0653051
0.066778
0.0682664
0.0697742
0.0713286
0.0729123
0.0745097
0.0761305
0.077814
0.0795008
0.0812216
0.0829876
0.0847922
0.0865944
0.0884672
0.0903631
0.0923065
0.0942711
0.0962689
0.0983289
0.100405
0.102539
0.104691
0.106917
0.109142
0.111445
0.113775
0.116147
0.118573
0.121027
0.123549
0.126091
0.128693
0.131357
0.134031
0.136805
0.139584
0.142446
0.145345
0.14825
0.151007
0.153364
0.0161412
0.0167773
0.01748
0.0181786
0.0188395
0.0194375
0.0199158
0.0202997
0.0205897
0.0208981
0.0213002
0.0217072
0.0221309
0.0224994
0.0228544
0.0233386
0.0239225
0.0245805
0.0251793
0.0257126
0.0263867
0.027137
0.0278402
0.0284704
0.0290508
0.0298801
0.0308614
0.0315226
0.0321061
0.0330025
0.0339487
0.0347712
0.0356051
0.0364114
0.0372711
0.0383721
0.0394093
0.0401685
0.0410298
0.042184
0.0433544
0.044338
0.0452391
0.0462948
0.0475382
0.0487416
0.0497813
0.0508395
0.0521068
0.0534328
0.0545866
0.0557549
0.0571145
0.0584685
0.0597371
0.0610734
0.0624842
0.0638924
0.0653152
0.0667874
0.0682749
0.0697817
0.0713341
0.0729193
0.0745175
0.0761354
0.0778205
0.0795076
0.0812267
0.0829933
0.0847996
0.0866013
0.088472
0.0903688
0.0923139
0.0942776
0.0962739
0.098335
0.10041
0.102545
0.104696
0.106922
0.109146
0.11145
0.11378
0.116151
0.118577
0.121031
0.123553
0.126095
0.128698
0.131363
0.134037
0.136814
0.139593
0.142458
0.145361
0.148269
0.151029
0.153388
0.0163589
0.0169911
0.0177108
0.0184223
0.0190759
0.0196653
0.0201458
0.0205362
0.0208515
0.0211391
0.0215145
0.0219111
0.0223189
0.0227199
0.0230897
0.0235468
0.0240907
0.0247124
0.0253385
0.0258968
0.0265347
0.0272553
0.027952
0.0286172
0.0292228
0.0299565
0.030894
0.0316626
0.0322554
0.0330587
0.0340027
0.0348474
0.0356757
0.0365038
0.0373335
0.0383715
0.039454
0.0402741
0.04108
0.0421687
0.0433682
0.0444074
0.0452954
0.0462998
0.0475377
0.0487737
0.0498266
0.0508597
0.0521046
0.0534483
0.0546178
0.0557679
0.0571171
0.058484
0.0597549
0.0610828
0.0624936
0.0639032
0.0653255
0.0667971
0.068284
0.0697895
0.0713393
0.0729266
0.074526
0.0761405
0.0778271
0.079515
0.0812319
0.0829985
0.084807
0.0866091
0.0884771
0.0903747
0.0923212
0.0942838
0.0962792
0.0983417
0.100416
0.10255
0.104702
0.106927
0.10915
0.111455
0.113785
0.116154
0.118582
0.121034
0.123558
0.126099
0.128703
0.131369
0.134044
0.136822
0.139603
0.142471
0.145378
0.148287
0.151051
0.153411
0.0165965
0.0172125
0.0179336
0.0186544
0.0193107
0.0198927
0.0203787
0.0207681
0.0210959
0.0213763
0.0217201
0.0221134
0.0225098
0.0229229
0.023309
0.0237506
0.0242716
0.0248554
0.0254856
0.0260703
0.026688
0.0273822
0.0280688
0.0287468
0.029383
0.0300694
0.0309341
0.0317639
0.0324111
0.0331411
0.0340508
0.034919
0.0357446
0.0365895
0.0374119
0.0383843
0.0394759
0.040369
0.0411586
0.0421688
0.0433606
0.0444655
0.0453722
0.0463153
0.047523
0.0487985
0.0498784
0.0508851
0.0521008
0.0534599
0.0546516
0.0557857
0.0571186
0.0584983
0.0597747
0.0610933
0.0625027
0.063914
0.065336
0.0668066
0.0682935
0.0697978
0.0713443
0.0729338
0.0745351
0.0761462
0.0778336
0.0795223
0.0812371
0.0830039
0.084815
0.0866171
0.0884814
0.0903804
0.0923291
0.0942906
0.0962848
0.0983479
0.100421
0.102556
0.104708
0.106931
0.109155
0.11146
0.113789
0.116157
0.118586
0.121039
0.123562
0.126104
0.128708
0.131375
0.13405
0.13683
0.139613
0.142484
0.145394
0.148306
0.151072
0.153435
0.0168382
0.0174438
0.0181582
0.0188802
0.0195437
0.0201198
0.0206032
0.0209889
0.0213236
0.0216146
0.0219288
0.0223074
0.022696
0.0231076
0.0235122
0.0239484
0.0244584
0.0250115
0.0256262
0.0262308
0.0268399
0.0275147
0.0281907
0.0288704
0.0295284
0.0302001
0.0309981
0.0318353
0.0325496
0.033248
0.0341053
0.0349875
0.0358134
0.036666
0.037498
0.0384155
0.0394862
0.0404413
0.041249
0.0421952
0.0433448
0.0444983
0.0454595
0.0463571
0.0475019
0.0488079
0.0499376
0.0509206
0.0520939
0.0534651
0.0546865
0.0558073
0.0571187
0.0585105
0.0597958
0.0611051
0.0625116
0.063925
0.0653471
0.0668162
0.068304
0.0698072
0.071349
0.0729409
0.0745449
0.0761521
0.0778397
0.0795302
0.0812429
0.0830089
0.0848231
0.0866257
0.0884861
0.0903868
0.0923371
0.0942969
0.0962907
0.0983544
0.100427
0.102562
0.104714
0.106936
0.10916
0.111465
0.113794
0.116161
0.118591
0.121043
0.123566
0.126109
0.128713
0.131381
0.134057
0.136839
0.139623
0.142498
0.145411
0.148324
0.151094
0.153458
0.0170762
0.0176782
0.018384
0.0190985
0.0197638
0.0203378
0.0208196
0.021207
0.0215419
0.0218433
0.0221369
0.0224895
0.0228744
0.0232847
0.0237063
0.0241383
0.0246375
0.0251746
0.0257635
0.0263781
0.0269882
0.0276505
0.0283174
0.0289919
0.0296629
0.0303311
0.0310859
0.0318997
0.0326618
0.0333679
0.0341716
0.0350511
0.0358825
0.0367337
0.0375839
0.0384657
0.0394975
0.0404941
0.0413377
0.0422454
0.0433367
0.0445018
0.0455355
0.0464285
0.0474883
0.0487932
0.0499963
0.0509742
0.0520884
0.0534629
0.054724
0.0558349
0.057118
0.05852
0.0598178
0.0611185
0.0625198
0.0639354
0.0653582
0.066825
0.0683141
0.0698174
0.0713536
0.0729475
0.0745551
0.0761587
0.0778458
0.0795383
0.0812485
0.0830135
0.0848314
0.0866347
0.0884902
0.0903927
0.092345
0.0943034
0.0962971
0.0983607
0.100433
0.102568
0.10472
0.106941
0.109165
0.111471
0.113799
0.116165
0.118596
0.121048
0.123571
0.126115
0.128718
0.131388
0.134064
0.136847
0.139634
0.142511
0.145427
0.148343
0.151114
0.153481
0.0173068
0.0179081
0.0186081
0.0193105
0.0199721
0.020549
0.0210298
0.0214171
0.0217445
0.02205
0.0223412
0.0226718
0.0230484
0.0234533
0.0238833
0.0243169
0.0248042
0.0253368
0.0259039
0.0265182
0.0271335
0.0277839
0.0284433
0.0291095
0.0297891
0.0304582
0.0311872
0.0319729
0.0327509
0.033485
0.0342533
0.0351123
0.0359528
0.0367964
0.0376628
0.0385303
0.0395157
0.0405319
0.0414169
0.0423095
0.0433504
0.0444942
0.0455835
0.0465176
0.0475001
0.0487548
0.050036
0.0510459
0.0520892
0.0534476
0.0547604
0.0558701
0.0571177
0.0585269
0.0598414
0.0611348
0.0625286
0.0639462
0.0653705
0.066834
0.0683248
0.0698289
0.0713583
0.0729536
0.0745658
0.0761661
0.0778513
0.0795464
0.0812549
0.0830179
0.08484
0.0866438
0.0884947
0.0903994
0.0923535
0.09431
0.0963039
0.0983671
0.100439
0.102575
0.104726
0.106946
0.109171
0.111476
0.113804
0.11617
0.118601
0.121052
0.123575
0.126121
0.128724
0.131394
0.134072
0.136856
0.139645
0.142525
0.145443
0.148361
0.151135
0.153503
0.0175316
0.0181337
0.0188297
0.019521
0.0201712
0.0207453
0.0212231
0.0216113
0.0219343
0.0222404
0.0225374
0.0228513
0.0232115
0.0236086
0.0240434
0.0244855
0.0249621
0.0254926
0.0260503
0.0266539
0.0272697
0.0279101
0.0285665
0.029226
0.0299073
0.03058
0.0312902
0.032055
0.0328291
0.0335866
0.0343445
0.0351748
0.0360224
0.0368611
0.0377326
0.0386024
0.0395463
0.0405604
0.0414849
0.0423764
0.0433808
0.0444918
0.0456038
0.0466033
0.0475523
0.0487151
0.050044
0.0511308
0.05211
0.0534184
0.0547887
0.0559136
0.0571166
0.0585269
0.0598637
0.0611527
0.0625365
0.0639552
0.0653818
0.0668421
0.0683346
0.0698408
0.0713638
0.0729592
0.0745763
0.0761739
0.0778565
0.0795548
0.0812617
0.083022
0.084848
0.086653
0.0884995
0.0904055
0.092361
0.0943159
0.0963106
0.098373
0.100445
0.102581
0.104732
0.10695
0.109176
0.111482
0.113809
0.116174
0.118606
0.121057
0.123579
0.126126
0.128729
0.1314
0.134079
0.136865
0.139656
0.142538
0.145459
0.148379
0.151155
0.153525
0.0177513
0.0183524
0.0190441
0.0197267
0.0203598
0.0209254
0.0213999
0.0217894
0.0221112
0.022411
0.0227101
0.023017
0.0233656
0.0237546
0.0241891
0.024642
0.0251153
0.0256404
0.0261943
0.0267844
0.0273964
0.0280325
0.0286868
0.0293415
0.0300177
0.0306953
0.0313918
0.0321392
0.0329045
0.0336718
0.0344358
0.0352417
0.0360864
0.0369259
0.0377937
0.0386725
0.0395898
0.0405853
0.0415428
0.0424447
0.0434204
0.0445029
0.0456106
0.0466646
0.0476305
0.0486983
0.0500161
0.0512108
0.0521658
0.0533862
0.054804
0.055971
0.0571241
0.0585225
0.059887
0.0611754
0.0625462
0.0639646
0.0653941
0.066851
0.0683449
0.0698534
0.0713699
0.0729644
0.0745868
0.0761826
0.0778616
0.0795631
0.0812692
0.0830255
0.0848561
0.0866627
0.0885052
0.0904123
0.0923692
0.0943232
0.0963186
0.0983797
0.100452
0.102589
0.104738
0.106956
0.109183
0.111488
0.113814
0.11618
0.118612
0.121063
0.123585
0.126133
0.128736
0.131408
0.134088
0.136874
0.139667
0.142551
0.145475
0.148397
0.151175
0.153546
0.0179644
0.0185623
0.0192489
0.0199241
0.0205413
0.0210922
0.0215579
0.0219424
0.0222642
0.0225566
0.0228568
0.0231651
0.0235063
0.0238886
0.0243211
0.0247856
0.0252618
0.0257793
0.0263297
0.0269134
0.0275206
0.0281516
0.028802
0.0294528
0.0301214
0.0308011
0.0314912
0.0322229
0.0329799
0.0337475
0.0345183
0.0353119
0.0361458
0.036989
0.0378512
0.0387329
0.0396391
0.0406085
0.041585
0.0425083
0.0434615
0.0445211
0.0456165
0.0466953
0.0477085
0.0487167
0.0499624
0.0512501
0.0522467
0.053359
0.0547862
0.0560279
0.057141
0.0585071
0.0599038
0.0612007
0.0625557
0.0639726
0.0654049
0.0668584
0.0683544
0.0698664
0.0713769
0.072969
0.0745971
0.0761912
0.0778658
0.0795713
0.0812776
0.0830292
0.0848629
0.0866716
0.0885116
0.0904187
0.0923754
0.0943293
0.0963256
0.0983851
0.100458
0.102595
0.104742
0.106961
0.109189
0.111493
0.113818
0.116185
0.118617
0.121067
0.123589
0.126138
0.128741
0.131414
0.134095
0.136882
0.139678
0.142564
0.145489
0.148413
0.151193
0.153566
0.0181666
0.0187583
0.0194373
0.0201021
0.0207039
0.0212341
0.0216877
0.0220649
0.0223877
0.0226777
0.0229767
0.0232891
0.023631
0.0240136
0.0244433
0.0249162
0.0253993
0.0259147
0.0264638
0.0270457
0.0276472
0.0282686
0.0289151
0.029563
0.030226
0.0309047
0.031593
0.0323108
0.0330573
0.0338229
0.0345967
0.0353892
0.0362119
0.0370547
0.0379153
0.0387934
0.039698
0.0406458
0.0416215
0.0425706
0.0435129
0.0445477
0.0456357
0.0467133
0.0477712
0.0487807
0.0499314
0.0512517
0.0523465
0.0533766
0.0547518
0.0560778
0.0571834
0.0584922
0.0599128
0.0612309
0.0625674
0.0639808
0.0654165
0.0668652
0.0683639
0.0698803
0.0713849
0.0729724
0.0746071
0.0762014
0.0778698
0.0795796
0.0812871
0.0830314
0.0848691
0.0866812
0.0885195
0.0904254
0.0923817
0.0943372
0.0963343
0.0983918
0.100466
0.102603
0.104747
0.106967
0.109197
0.111499
0.113823
0.116191
0.118623
0.121072
0.123595
0.126145
0.128749
0.131421
0.134104
0.136891
0.139688
0.142578
0.145504
0.14843
0.151212
0.153586
0.0183768
0.0189345
0.0195834
0.0202206
0.0207994
0.0213037
0.0217374
0.0221017
0.0224212
0.0227138
0.0230146
0.0233385
0.0236922
0.0240864
0.0245207
0.0250034
0.0255004
0.0260202
0.0265698
0.0271488
0.027749
0.028361
0.029003
0.0296509
0.0303101
0.0309867
0.0316722
0.0323833
0.0331197
0.0338833
0.0346571
0.0354503
0.036268
0.0371049
0.0379664
0.0388413
0.039744
0.0406815
0.0416446
0.0426138
0.0435637
0.0445714
0.0456547
0.0467238
0.047796
0.0488464
0.0499269
0.0512086
0.0524105
0.0534273
0.0547095
0.0560933
0.0572391
0.0584851
0.0599069
0.061261
0.0625831
0.0639877
0.0654289
0.0668706
0.068371
0.0698951
0.0713943
0.0729744
0.0746158
0.0762123
0.0778727
0.0795866
0.081298
0.0830331
0.0848737
0.0866914
0.0885294
0.0904318
0.0923864
0.094345
0.0963426
0.0983975
0.100473
0.102609
0.104751
0.106973
0.109203
0.111503
0.113827
0.116197
0.118628
0.121076
0.1236
0.126151
0.128754
0.131427
0.134111
0.1369
0.139699
0.14259
0.145517
0.148445
0.151228
0.153604
0.0187785
0.0193257
0.0199439
0.020534
0.0210591
0.0215086
0.0218918
0.0222188
0.0225145
0.0227994
0.0230962
0.0234235
0.0237835
0.0241863
0.0246266
0.0251128
0.0256197
0.0261407
0.0266878
0.0272606
0.0278584
0.0284619
0.029093
0.0297415
0.0303967
0.0310715
0.0317527
0.0324604
0.0331908
0.0339476
0.0347227
0.0355146
0.0363323
0.0371623
0.0380206
0.0388963
0.0397918
0.0407251
0.0416757
0.0426482
0.0436163
0.0446043
0.0456761
0.0467453
0.0478108
0.0489058
0.0499681
0.051172
0.0524374
0.0535045
0.0546925
0.0560788
0.0572947
0.0584977
0.0598903
0.0612826
0.062603
0.063993
0.0654411
0.0668772
0.0683742
0.0699097
0.0714077
0.0729753
0.0746223
0.0762252
0.077877
0.0795931
0.0813111
0.0830326
0.0848765
0.0867007
0.0885409
0.0904366
0.0923884
0.0943531
0.0963513
0.0984028
0.10048
0.102616
0.104755
0.10698
0.109211
0.111507
0.113832
0.116204
0.118634
0.121081
0.123605
0.126157
0.128761
0.131434
0.134119
0.136908
0.139708
0.142601
0.145531
0.148459
0.151245
0.153621
0.0185523
0.0190568
0.0196537
0.0202432
0.0207852
0.0212638
0.0216851
0.0220593
0.0224068
0.0227461
0.0230916
0.0234575
0.023846
0.0242681
0.0247215
0.025211
0.0257234
0.0262438
0.0267851
0.0273516
0.027945
0.0285462
0.0291643
0.0298103
0.0304646
0.0311382
0.0318187
0.0325209
0.0332521
0.0340019
0.0347774
0.0355684
0.0363847
0.037213
0.0380634
0.0389456
0.0398337
0.0407626
0.0417106
0.0426753
0.043661
0.0446426
0.0456944
0.0467654
0.0478219
0.048939
0.0500201
0.051156
0.0524267
0.0535768
0.0547115
0.0560497
0.0573368
0.0585349
0.0598778
0.0612933
0.0626287
0.0640022
0.0654519
0.0668876
0.0683737
0.0699192
0.0714258
0.072976
0.0746233
0.0762384
0.077882
0.0795978
0.0813276
0.0830669
0.084882
0.0867121
0.0885571
0.0904442
0.0923909
0.0943635
0.096363
0.0984095
0.100488
0.102622
0.104759
0.106988
0.109219
0.111512
0.113836
0.11621
0.11864
0.121085
0.123611
0.126164
0.128767
0.13144
0.134126
0.136917
0.139718
0.142613
0.145542
0.148472
0.151259
0.153636
0.0200999
0.0202197
0.0202904
0.0204038
0.0206001
0.0208842
0.0212405
0.0216406
0.0220641
0.0224983
0.022937
0.0233846
0.0238364
0.0243006
0.0247783
0.0252776
0.0257956
0.0263195
0.026856
0.0274169
0.028004
0.028606
0.0292162
0.0298538
0.0305088
0.0311789
0.0318641
0.0325638
0.0332972
0.0340472
0.0348199
0.0356123
0.0364237
0.0372557
0.0380977
0.0389823
0.0398699
0.0407867
0.0417387
0.0426934
0.0436881
0.0446769
0.0457058
0.046779
0.0478365
0.0489571
0.0500646
0.0511652
0.0524007
0.0536158
0.0547506
0.056019
0.057344
0.0585771
0.0598721
0.0612849
0.0626501
0.0640133
0.0654574
0.0669015
0.0683731
0.0699217
0.0714488
0.0729819
0.0746192
0.0762517
0.0778896
0.0796006
0.081339
0.0830628
0.0848796
0.0867183
0.0885702
0.0904474
0.0923882
0.0943693
0.0963718
0.0984136
0.100493
0.102627
0.104763
0.106994
0.109225
0.111515
0.113841
0.116216
0.118644
0.121089
0.123616
0.126169
0.128771
0.131446
0.134132
0.136923
0.139725
0.142622
0.145553
0.148484
0.151272
0.15365
0.0188091
0.01924
0.0197515
0.0202488
0.0207057
0.0211196
0.0215022
0.0218673
0.022227
0.0226008
0.0229988
0.02343
0.023882
0.0243527
0.0248373
0.0253403
0.025863
0.0263944
0.026934
0.0274919
0.0280748
0.0286778
0.0292868
0.0299095
0.0305578
0.0312218
0.0319086
0.032611
0.0333406
0.0340965
0.0348657
0.0356568
0.0364621
0.0372959
0.0381382
0.0390147
0.039911
0.0408158
0.041769
0.0427245
0.0437107
0.044715
0.0457239
0.0467894
0.0478594
0.048968
0.0500967
0.0511932
0.0523876
0.0536329
0.0548
0.0560215
0.0573382
0.0586201
0.0598944
0.0612713
0.0626679
0.0640338
0.0654585
0.0669191
0.0683756
0.0699142
0.0714729
0.072994
0.0746103
0.0762629
0.0778993
0.079602
0.0813522
0.083072
0.0848792
0.0867296
0.0885907
0.0904569
0.0923912
0.0943803
0.096386
0.0984235
0.100501
0.102634
0.104769
0.107004
0.109233
0.11152
0.113847
0.116224
0.118651
0.121094
0.123623
0.126177
0.128779
0.131453
0.13414
0.136931
0.139734
0.142631
0.145562
0.148494
0.151283
0.153662
0.0203487
0.0203638
0.0203174
0.0203133
0.0204002
0.0205951
0.0208953
0.0212882
0.0217428
0.0222382
0.0227521
0.0232807
0.0238127
0.0243419
0.0248635
0.0253812
0.0259065
0.0264396
0.0269797
0.0275319
0.0281084
0.0287082
0.0293179
0.0299332
0.0305727
0.0312355
0.0319235
0.0326345
0.0333625
0.0341226
0.0348956
0.0356824
0.0364858
0.0373162
0.0381654
0.0390331
0.0399311
0.0408369
0.0417808
0.0427466
0.0437212
0.0447342
0.0457442
0.0467902
0.0478789
0.048977
0.0501091
0.0512215
0.0523822
0.0536309
0.0548255
0.0560322
0.0573233
0.0586309
0.0599231
0.0612579
0.0626663
0.0640572
0.0654536
0.0669301
0.0683887
0.0698976
0.0714881
0.0730134
0.0745974
0.0762677
0.0779117
0.0795984
0.0813595
0.083079
0.0848719
0.0867291
0.0886041
0.0904604
0.0923855
0.0943824
0.0963925
0.0984266
0.100505
0.102635
0.10477
0.107009
0.109238
0.111521
0.113849
0.116228
0.118654
0.121096
0.123626
0.12618
0.128781
0.131456
0.134143
0.136936
0.139739
0.142637
0.145569
0.148501
0.151291
0.153671
0.0198495
0.0198212
0.0197591
0.0197664
0.0198838
0.020126
0.0204894
0.020957
0.0214912
0.0220618
0.0226419
0.0232213
0.0237918
0.0243469
0.024884
0.025408
0.0259328
0.0264641
0.0270032
0.0275531
0.0281257
0.0287224
0.0293316
0.0299469
0.0305817
0.0312434
0.031932
0.0326464
0.0333759
0.0341351
0.0349117
0.0356963
0.0364993
0.0373281
0.0381795
0.0390476
0.0399414
0.0408524
0.0417904
0.0427581
0.0437322
0.0447405
0.0457595
0.0467942
0.0478876
0.0489908
0.0501148
0.0512435
0.0523954
0.0536346
0.0548446
0.0560518
0.0573317
0.0586383
0.0599496
0.0612706
0.0626637
0.0640766
0.0654611
0.0669331
0.0684093
0.0698952
0.0714886
0.0730358
0.0745973
0.0762662
0.0779244
0.079602
0.0813646
0.0830945
0.0848795
0.0867342
0.0886207
0.0904778
0.0923939
0.094392
0.0964069
0.0984387
0.100515
0.102646
0.104778
0.107019
0.109248
0.111529
0.113856
0.116236
0.118662
0.121103
0.123633
0.126188
0.128789
0.131464
0.134151
0.136943
0.139745
0.142644
0.145576
0.148509
0.151299
0.15368
)
;

boundaryField
{
    zeroGradientPlanes
    {
        type            zeroGradient;
    }
    inlet
    {
        type            zeroGradient;
    }
    plate
    {
        type            zeroGradient;
    }
    frontAndBack
    {
        type            empty;
    }
}


// ************************************************************************* //
