/*--------------------------------*- C++ -*----------------------------------*\
| =========                 |                                                 |
| \\      /  F ield         | OpenFOAM: The Open Source CFD Toolbox           |
|  \\    /   O peration     | Version:  v1912                                 |
|   \\  /    A nd           | Website:  www.openfoam.com                      |
|    \\/     M anipulation  |                                                 |
\*---------------------------------------------------------------------------*/
FoamFile
{
    version     2.0;
    format      ascii;
    class       volScalarField;
    location    "2";
    object      p;
}
// * * * * * * * * * * * * * * * * * * * * * * * * * * * * * * * * * * * * * //

dimensions      [0 2 -2 0 0 0 0];


internalField   nonuniform List<scalar> 
9600
(
-2.86979e-10
0.00897788
0.00961946
0.00598739
0.0037552
0.00979002
0.00571784
0.00953138
0.00996885
0.0109738
0.0147052
0.0157154
0.00971787
0.00962505
0.0103543
0.0141794
0.0153481
0.0170943
0.0181926
0.0198943
-1.99e-07
0.00900122
0.00961316
0.00595756
0.00377087
0.00980006
0.00571459
0.00953295
0.00997142
0.0110234
0.0147107
0.0157213
0.00974146
0.00958699
0.0103198
0.0141068
0.0153342
0.0170445
0.0182069
0.019608
6.54218e-06
0.00903203
0.0095972
0.00596909
0.00381382
0.00979416
0.00572332
0.00954947
0.00997853
0.0110966
0.0147197
0.0157256
0.00976557
0.00952259
0.0102899
0.0139984
0.0153197
0.0169816
0.0182049
0.0192764
2.69371e-05
0.00905865
0.00957354
0.00601348
0.00389756
0.00977566
0.0057617
0.00958133
0.00997851
0.0111814
0.0147317
0.015722
0.00981048
0.00946263
0.0102625
0.013867
0.0153046
0.0169149
0.0181687
0.0189871
6.47972e-05
0.00907386
0.0095392
0.00608705
0.00401713
0.00974824
0.0058363
0.00961964
0.00996999
0.0112731
0.0147456
0.0157098
0.00987846
0.00941957
0.0102431
0.0137262
0.0152853
0.016835
0.0181157
0.0187386
0.000120267
0.00907284
0.00949502
0.00618101
0.00416112
0.00971846
0.00594405
0.00966039
0.00995532
0.0113649
0.0147609
0.0156855
0.00997145
0.00940518
0.0102402
0.0135841
0.0152601
0.0167488
0.0180526
0.0185134
0.000190306
0.00905585
0.00944409
0.00628738
0.00431158
0.00968724
0.00607236
0.00970064
0.00994001
0.0114516
0.014775
0.0156468
0.0100876
0.00942234
0.0102623
0.01345
0.0152334
0.0166603
0.0179761
0.0183075
0.000270632
0.00902606
0.0093899
0.00640088
0.00445712
0.00965171
0.0062049
0.0097346
0.00991766
0.0115293
0.0147829
0.0155919
0.0102219
0.00947079
0.0103159
0.0133315
0.0152069
0.0165703
0.0178854
0.0181216
0.000357635
0.00898736
0.00933503
0.00651998
0.00459389
0.00960857
0.00633017
0.00975604
0.0098896
0.0115952
0.014779
0.0155196
0.0103673
0.00954813
0.0104186
0.0132324
0.0151801
0.0164797
0.0177816
0.017955
0.000449235
0.00894399
0.00928122
0.0066455
0.00472286
0.00955747
0.00644544
0.00976215
0.0098574
0.0116486
0.0147581
0.0154296
0.0105168
0.00964985
0.0105378
0.0131528
0.0151517
0.0163899
0.0176638
0.0178033
0.000544656
0.00889933
0.00922958
0.00677806
0.00484533
0.00950002
0.00655477
0.00975358
0.00982548
0.0116919
0.0147175
0.0153228
0.0106642
0.00976929
0.0106809
0.0130904
0.0151184
0.016301
0.0175297
0.01766
0.00064377
0.00885279
0.00918072
0.00691666
0.00496214
0.00943841
0.00666526
0.00973766
0.00979976
0.0117301
0.0146577
0.0152013
0.0108058
0.0099
0.0108405
0.0130419
0.0150757
0.0162125
0.0173773
0.0175184
0.000746587
0.00881142
0.00913481
0.00705897
0.0050734
0.00937432
0.00678291
0.00971881
0.00978605
0.0117686
0.0145813
0.0150682
0.01094
0.0100378
0.0110096
0.0130049
0.0150213
0.0161237
0.017208
0.0173735
0.000853022
0.00877121
0.00909188
0.00720221
0.00517983
0.00930871
0.0069096
0.00970048
0.00978829
0.0118106
0.0144922
0.0149264
0.0110661
0.0101794
0.0111834
0.0129794
0.0149561
0.0160359
0.0170267
0.0172234
0.00096291
0.00873209
0.0090518
0.00734384
0.00528307
0.0092424
0.00704402
0.00968435
0.00980728
0.0118567
0.0143947
0.0147782
0.0111844
0.0103227
0.0113582
0.012967
0.0148838
0.0159508
0.0168402
0.0170689
0.00107608
0.00869395
0.00901435
0.00748218
0.00538539
0.00917619
0.00718348
0.00967066
0.00984103
0.011905
0.0142929
0.0146254
0.0112961
0.0104668
0.011531
0.012968
0.0148076
0.0158697
0.0166549
0.0169118
0.0011924
0.00865676
0.00897941
0.00761638
0.00548898
0.00911083
0.00732536
0.00965904
0.00988631
0.0119533
0.0141897
0.0144699
0.0114022
0.0106113
0.0116997
0.0129809
0.0147282
0.0157922
0.0164754
0.0167524
0.00131177
0.0086205
0.00894694
0.00774602
0.0055956
0.0090468
0.0074677
0.00964918
0.00994001
0.0119995
0.0140877
0.0143135
0.0115033
0.010756
0.0118628
0.0130025
0.0146447
0.0157171
0.0163044
0.0165894
0.00143419
0.00858517
0.0089171
0.00787085
0.00570643
0.00898448
0.00760918
0.00964087
0.00999982
0.0120427
0.0139874
0.014158
0.0116001
0.0109005
0.0120194
0.0130309
0.0145566
0.0156419
0.016143
0.0164214
0.0015597
0.00855077
0.00889016
0.00799054
0.00582209
0.00892425
0.00774895
0.00963407
0.0100642
0.0120826
0.013889
0.0140049
0.011693
0.0110446
0.0121683
0.0130655
0.0144642
0.0155641
0.015992
0.016248
0.00168836
0.00851729
0.0088664
0.00810474
0.00594302
0.00886641
0.00788648
0.0096289
0.010132
0.0121196
0.0137929
0.0138556
0.0117821
0.0111881
0.0123089
0.0131054
0.0143683
0.0154819
0.0158528
0.0160705
0.00182029
0.00848468
0.00884613
0.00821316
0.00606945
0.00881141
0.00802124
0.00962553
0.0102024
0.0121544
0.0136988
0.0137109
0.0118674
0.0113306
0.0124403
0.0131499
0.0142699
0.015394
0.0157273
0.0158907
0.0019556
0.00845289
0.00882969
0.00831556
0.00620137
0.00875968
0.00815276
0.00962418
0.0102745
0.0121875
0.0136068
0.0135715
0.0119491
0.0114718
0.0125617
0.0131981
0.0141708
0.0152994
0.015617
0.0157116
0.00209445
0.0084218
0.00881746
0.00841181
0.00633859
0.00871156
0.00828059
0.0096252
0.0103473
0.0122196
0.0135169
0.0134376
0.0120271
0.0116114
0.0126729
0.0132495
0.0140728
0.0151963
0.0155221
0.0155383
0.00223698
0.00839129
0.00880984
0.00850173
0.00648087
0.00866751
0.00840414
0.00962904
0.0104199
0.0122516
0.0134291
0.0133092
0.0121013
0.011749
0.0127735
0.0133026
0.0139781
0.0150834
0.0154415
0.0153776
0.00238335
0.00836123
0.00880718
0.00858518
0.00662771
0.00862822
0.00852279
0.0096362
0.0104914
0.0122838
0.0133439
0.0131861
0.0121716
0.0118845
0.0128632
0.0133561
0.0138895
0.0149598
0.0153721
0.0152377
0.00253375
0.00833146
0.00880981
0.00866218
0.0067784
0.00859445
0.00863597
0.0096472
0.0105609
0.0123166
0.0132623
0.0130679
0.0122378
0.0120181
0.0129422
0.0134082
0.0138099
0.0148254
0.0153076
0.0151252
0.00268838
0.00830179
0.00881795
0.00873299
0.00693213
0.00856704
0.0087432
0.00966242
0.0106277
0.0123502
0.0131854
0.0129543
0.0122992
0.0121501
0.0130106
0.0134564
0.0137428
0.0146835
0.015239
0.0150411
0.00284749
0.00827203
0.00883181
0.00879794
0.00708791
0.00854685
0.00884418
0.0096822
0.0106912
0.0123842
0.0131143
0.0128449
0.012355
0.0122812
0.0130697
0.013498
0.0136904
0.0145396
0.0151589
0.0149799
0.00301128
0.00824198
0.0088516
0.00885755
0.00724451
0.00853477
0.00893876
0.00970669
0.0107513
0.0124184
0.01305
0.0127394
0.0124039
0.012412
0.0131215
0.01353
0.0136517
0.0144001
0.0150662
0.014933
0.00318002
0.00821142
0.0088773
0.00891261
0.00740069
0.00853175
0.00902706
0.00973581
0.0108078
0.0124522
0.0129934
0.0126385
0.0124444
0.0125419
0.0131691
0.0135509
0.0136235
0.0142704
0.014964
0.0148931
0.003354
0.0081802
0.00890868
0.0089642
0.00755513
0.00853852
0.00910952
0.00976931
0.0108608
0.0124849
0.0129455
0.0125431
0.0124751
0.0126698
0.0132152
0.0135608
0.013603
0.0141528
0.0148549
0.0148563
0.00353344
0.00814823
0.00894547
0.00901342
0.00770638
0.00855542
0.00918682
0.00980685
0.0109105
0.0125159
0.0129066
0.0124544
0.0124949
0.0127938
0.0132629
0.0135602
0.0135874
0.0140499
0.0147401
0.0148192
0.00371863
0.00811554
0.00898708
0.00905956
0.00785327
0.00858233
0.00925982
0.00984817
0.0109572
0.0125445
0.0128765
0.0123735
0.0125032
0.012912
0.0133148
0.0135504
0.0135738
0.0139654
0.0146231
0.0147763
0.0039098
0.00808225
0.00903262
0.00910905
0.00799501
0.00861872
0.00932939
0.00989306
0.0110012
0.0125703
0.0128548
0.0123015
0.0125003
0.0130218
0.0133728
0.0135335
0.0135582
0.0139015
0.0145116
0.014723
0.00410716
0.00804866
0.00908086
0.00916156
0.00813147
0.00866382
0.00939624
0.00994135
0.011043
0.0125931
0.0128414
0.0122393
0.0124862
0.013121
0.0134382
0.013513
0.0135348
0.0138559
0.0144148
0.0146607
0.00431094
0.00801537
0.00913019
0.00921828
0.00826335
0.00871674
0.00946074
0.0099928
0.011083
0.0126126
0.0128357
0.0121878
0.0124614
0.013207
0.0135113
0.0134926
0.0134993
0.0138236
0.0143406
0.0145966
0.0045213
0.00798335
0.00917876
0.00928018
0.00839189
0.00877656
0.00952332
0.010047
0.011122
0.0126288
0.0128372
0.0121479
0.0124268
0.0132769
0.0135919
0.0134771
0.0134509
0.0137986
0.0142936
0.0145413
0.00473837
0.00795395
0.00922439
0.00934741
0.00851881
0.00884248
0.0095846
0.0101037
0.0111602
0.0126418
0.012845
0.0121203
0.0123845
0.0133278
0.0136785
0.0134723
0.0134376
0.0137729
0.0142741
0.0145082
0.0049621
0.00792881
0.00926491
0.00941937
0.00864615
0.00891396
0.00964484
0.0101624
0.011198
0.0126519
0.0128585
0.0121055
0.0123365
0.0133578
0.0137677
0.0134807
0.0133552
0.0137319
0.014276
0.0145094
0.0051923
0.0079095
0.00929831
0.00949568
0.0087759
0.00899072
0.00970409
0.0102229
0.011236
0.012659
0.012877
0.012104
0.0122852
0.013366
0.0138552
0.0135077
0.0132698
0.0136651
0.0142862
0.014546
0.0054287
0.00789754
0.00932301
0.00957586
0.00890964
0.00907272
0.00976248
0.0102849
0.0112748
0.0126634
0.0128995
0.0121164
0.0122335
0.0133519
0.0139363
0.0135566
0.0131924
0.0135706
0.0142848
0.0146088
0.00567086
0.00789442
0.0093382
0.00965912
0.00904842
0.00916011
0.00982053
0.0103479
0.0113146
0.0126655
0.0129249
0.0121425
0.0121848
0.0133169
0.0140057
0.0136274
0.0131352
0.0134549
0.0142547
0.0146781
0.00591809
0.00790158
0.00934387
0.00974428
0.009193
0.00925306
0.00987879
0.0104116
0.0113555
0.0126658
0.0129518
0.0121817
0.0121429
0.013264
0.0140587
0.0137157
0.0131078
0.0133265
0.0141864
0.014732
0.00616946
0.00792052
0.00934082
0.00982956
0.00934392
0.00935233
0.00993719
0.0104756
0.0113981
0.0126655
0.0129788
0.0122325
0.0121109
0.013197
0.0140909
0.0138148
0.0131148
0.0131961
0.0140783
0.0147586
0.00642372
0.00795268
0.00933098
0.00991236
0.00950109
0.00945942
0.00999574
0.0105388
0.0114428
0.0126656
0.0130053
0.0122931
0.0120916
0.0131207
0.0140996
0.0139145
0.0131568
0.0130806
0.0139334
0.0147502
0.00667925
0.00799963
0.00931742
0.00998955
0.00966336
0.00957579
0.0100555
0.0106009
0.011489
0.0126672
0.0130308
0.0123614
0.0120868
0.0130394
0.0140841
0.0140049
0.013229
0.0130016
0.0137614
0.0146923
0.00693409
0.00806302
0.0093037
0.0100581
0.00982901
0.00970293
0.0101177
0.010661
0.0115364
0.0126712
0.0130554
0.0124353
0.0120974
0.0129568
0.014045
0.014081
0.0133218
0.0129665
0.013579
0.0145713
0.0071864
0.00814423
0.00929368
0.0101152
0.00999571
0.00984217
0.0101834
0.0107187
0.011585
0.0126786
0.0130785
0.0125124
0.0121244
0.0128758
0.013983
0.0141415
0.013425
0.0129737
0.0134146
0.0143957
0.00743487
0.00824381
0.0092912
0.0101593
0.0101602
0.00999387
0.0102544
0.0107739
0.0116344
0.0126903
0.0131005
0.0125898
0.0121674
0.0128002
0.0138994
0.0141848
0.0135343
0.013014
0.0132971
0.0141924
0.00767852
0.00836144
0.00929973
0.0101906
0.0103186
0.0101578
0.010333
0.0108259
0.0116831
0.0127081
0.0131236
0.0126646
0.0122236
0.0127356
0.0137987
0.0142067
0.0136486
0.0130789
0.0132284
0.0139968
0.00791657
0.00849613
0.00932233
0.0102105
0.0104668
0.0103322
0.010422
0.0108743
0.0117289
0.0127324
0.0131509
0.0127363
0.0122883
0.012686
0.0136885
0.0142041
0.0137646
0.0131656
0.0131993
0.0138386
0.0081487
0.00864586
0.00936155
0.010222
0.0106011
0.0105135
0.0105248
0.0109211
0.0117682
0.0127613
0.0131866
0.0128078
0.0123574
0.0126515
0.0135767
0.0141785
0.0138752
0.0132731
0.0132011
0.0137239
0.00837499
0.00880795
0.00941941
0.0102301
0.0107176
0.0106972
0.0106443
0.0109691
0.0117973
0.0127916
0.0132335
0.0128836
0.0124299
0.0126311
0.0134685
0.0141333
0.0139739
0.0133986
0.0132324
0.0136459
0.00859569
0.00897955
0.00949741
0.0102401
0.0108142
0.0108781
0.0107816
0.0110224
0.0118143
0.0128175
0.0132914
0.0129687
0.012507
0.0126251
0.0133675
0.0140706
0.0140557
0.0135364
0.0132945
0.0136
0.00881117
0.00915779
0.00959606
0.0102575
0.0108903
0.0110497
0.010936
0.0110871
0.01182
0.0128312
0.0133577
0.0130681
0.0125914
0.0126348
0.0132784
0.0139923
0.0141158
0.0136798
0.0133864
0.0135915
0.00902216
0.00933975
0.00971469
0.0102879
0.0109474
0.0112055
0.0111045
0.0111705
0.0118178
0.0128246
0.0134258
0.0131859
0.012688
0.0126599
0.0132064
0.0139031
0.0141491
0.0138216
0.0135032
0.0136208
0.00922947
0.00952338
0.0098512
0.010335
0.0109896
0.01134
0.0112816
0.0112795
0.0118157
0.0127921
0.0134816
0.0133223
0.0128057
0.0127003
0.0131539
0.0138116
0.0141531
0.0139526
0.0136382
0.0136856
0.00943339
0.00970716
0.0100021
0.0104006
0.0110239
0.0114508
0.0114594
0.0114161
0.0118285
0.0127369
0.0135072
0.0134684
0.0129538
0.0127627
0.0131202
0.0137261
0.0141309
0.0140618
0.013784
0.0137781
0.00963465
0.00988943
0.0101629
0.0104863
0.0110576
0.0115395
0.0116273
0.0115745
0.0118724
0.0126697
0.01349
0.0136026
0.0131315
0.0128586
0.0131088
0.0136512
0.0140911
0.0141433
0.0139311
0.0138904
0.00983391
0.0100694
0.0103288
0.0105921
0.0110974
0.0116091
0.0117791
0.0117457
0.0119523
0.0126141
0.0134335
0.013701
0.0133265
0.0129933
0.01313
0.0135913
0.0140406
0.0141965
0.0140698
0.0140173
0.0100312
0.0102468
0.0104954
0.0107155
0.0111495
0.0116645
0.0119129
0.0119168
0.0120618
0.0125916
0.0133536
0.0137495
0.0135163
0.0131622
0.013191
0.0135571
0.013986
0.0142236
0.0141929
0.0141526
0.0102267
0.0104218
0.0106601
0.0108526
0.0112177
0.0117124
0.0120272
0.0120808
0.0121915
0.0126091
0.01328
0.0137511
0.0136772
0.0133518
0.0132899
0.0135607
0.0139399
0.014227
0.0142949
0.01429
0.0104201
0.0105946
0.0108212
0.0109989
0.0113032
0.0117598
0.012123
0.0122336
0.0123301
0.0126609
0.0132343
0.0137211
0.013792
0.013546
0.0134201
0.0136018
0.01392
0.0142156
0.014371
0.0144217
0.0106106
0.0107656
0.0109783
0.0111494
0.0114051
0.0118127
0.012203
0.0123719
0.0124716
0.0127391
0.0132226
0.0136875
0.0138615
0.013724
0.0135753
0.0136743
0.0139352
0.0142074
0.0144212
0.0145401
0.0107977
0.0109351
0.0111319
0.0112996
0.0115203
0.0118756
0.0122719
0.0124938
0.0126123
0.0128356
0.0132407
0.0136689
0.0139003
0.0138675
0.0137436
0.0137743
0.0139811
0.0142208
0.0144541
0.0146382
0.0109805
0.0111028
0.0112824
0.0114468
0.0116451
0.0119503
0.0123357
0.0125998
0.0127473
0.0129448
0.0132848
0.0136702
0.0139297
0.0139779
0.0139049
0.0138985
0.0140522
0.0142621
0.014486
0.0147157
0.0111582
0.0112684
0.0114301
0.0115896
0.0117749
0.0120371
0.0123991
0.0126917
0.0128731
0.0130608
0.0133513
0.0136923
0.0139608
0.0140672
0.0140478
0.0140354
0.0141455
0.0143289
0.0145325
0.0147789
0.0113303
0.0114308
0.0115755
0.0117273
0.011905
0.012134
0.012466
0.0127722
0.0129881
0.0131784
0.0134347
0.0137373
0.0139981
0.0141452
0.0141761
0.0141728
0.0142546
0.014417
0.0146037
0.0148432
0.0114959
0.0115889
0.0117183
0.0118599
0.0120321
0.0122373
0.0125387
0.0128459
0.0130912
0.0132924
0.0135277
0.013804
0.0140514
0.0142182
0.0142951
0.0143104
0.0143704
0.0145142
0.0146929
0.0149224
0.0116545
0.0117418
0.011858
0.0119872
0.0121542
0.0123428
0.0126153
0.0129172
0.0131862
0.0134004
0.0136227
0.0138821
0.0141218
0.0142955
0.0144099
0.0144588
0.0145052
0.0146254
0.0147945
0.0150132
0.0118052
0.0118882
0.0119935
0.012109
0.0122697
0.0124477
0.0126936
0.012983
0.0132722
0.0135066
0.0137253
0.0139684
0.0142014
0.0143781
0.0145128
0.0146033
0.014658
0.0147611
0.0149252
0.0151387
0.0119473
0.0120267
0.0121235
0.0122251
0.0123769
0.0125486
0.0127744
0.0130448
0.0133415
0.0136003
0.0138349
0.0140744
0.0143026
0.0144836
0.0146206
0.0147355
0.0148047
0.0148867
0.015042
0.0152624
0.0120806
0.0121564
0.0122463
0.0123342
0.0124744
0.0126398
0.0128525
0.0131097
0.0134
0.0136664
0.0139277
0.0141852
0.014425
0.0146362
0.0147931
0.0149305
0.0150252
0.0150836
0.0151936
0.0153783
0.0122037
0.0122772
0.0123607
0.0124347
0.012561
0.012718
0.0129202
0.0131702
0.0134625
0.0137193
0.0139778
0.0142423
0.0144837
0.0147244
0.0149193
0.0150889
0.0152489
0.0153649
0.0154927
0.0156771
0.012317
0.0123866
0.0124643
0.0125269
0.0126366
0.0127803
0.0129687
0.0132109
0.0135307
0.0138386
0.0141456
0.0144568
0.0147162
0.0149667
0.0151747
0.0153003
0.0154057
0.0154885
0.015573
0.0156959
0.0124188
0.012483
0.0125544
0.0126103
0.0127086
0.0128356
0.0129909
0.0131619
0.0133877
0.0136298
0.0139307
0.0143354
0.0147455
0.0151472
0.0155452
0.015864
0.0161477
0.0164273
0.016706
0.0169594
0.012504
0.0125629
0.0126286
0.0126792
0.012772
0.0129052
0.0130967
0.0133334
0.0136456
0.013971
0.0142873
0.0146358
0.0149466
0.0151997
0.0154452
0.0156386
0.0157955
0.0159476
0.0161118
0.0163075
0.0125747
0.0126317
0.0126899
0.0127295
0.012794
0.0128779
0.0130093
0.0131746
0.0134401
0.0138169
0.0142176
0.014645
0.0150832
0.0154442
0.0158077
0.0161858
0.0165393
0.016862
0.0171372
0.0173508
0.0126258
0.0126866
0.0127555
0.0128125
0.0128986
0.0130058
0.0131797
0.0133819
0.013614
0.0139008
0.0142159
0.0145867
0.0150697
0.0155472
0.0159749
0.0163637
0.0166922
0.016959
0.0171569
0.0172844
0.0236842
0.020931
0.0148058
0.00908421
0.0069364
0.00773542
0.00898542
0.00989575
0.0106223
0.011197
0.011733
0.0125289
0.0135415
0.0144865
0.0151603
0.0155497
0.0159181
0.0164425
0.0170335
0.0175644
0.0179308
0.0182217
0.0186407
0.0191277
0.0195414
0.0199511
0.0204925
0.0211546
0.0217273
0.0221332
0.0225587
0.0230581
0.0235269
0.024003
0.0245437
0.0250773
0.0255948
0.0261508
0.0267121
0.0272365
0.0277514
0.0282947
0.0288857
0.0295236
0.0301629
0.0307835
0.0313933
0.0320037
0.0326041
0.0331893
0.0338161
0.0344879
0.0351235
0.0357765
0.036511
0.0372642
0.0380025
0.0387834
0.0396464
0.0404872
0.0410846
0.0415206
0.0422439
0.0432381
0.0442255
0.0451324
0.046002
0.0468371
0.047726
0.0486409
0.0495453
0.0504645
0.0514253
0.052411
0.0533798
0.0543883
0.0554196
0.0564952
0.057553
0.0586525
0.0597841
0.0609393
0.0621324
0.0633194
0.0645397
0.0657787
0.067049
0.0683771
0.0696929
0.0710529
0.0723794
0.0737675
0.0751614
0.076585
0.0780197
0.0794475
0.080883
0.0821907
0.0835254
0.0847256
0.0230953
0.0207934
0.0148687
0.00923925
0.0070588
0.00780068
0.00902334
0.00991889
0.0106381
0.0112092
0.0117423
0.0125364
0.0135482
0.0144929
0.0151664
0.0155548
0.0159223
0.0164463
0.0170371
0.0175678
0.0179339
0.0182242
0.0186429
0.0191299
0.0195435
0.0199529
0.020494
0.021156
0.0217288
0.0221345
0.0225598
0.0230592
0.023528
0.0240038
0.0245446
0.0250782
0.0255955
0.0261516
0.0267129
0.0272372
0.0277521
0.0282953
0.0288863
0.0295242
0.0301636
0.0307841
0.0313939
0.0320043
0.0326046
0.0331898
0.0338166
0.0344884
0.035124
0.035777
0.0365114
0.0372646
0.0380029
0.0387838
0.0396467
0.0404876
0.0410851
0.0415209
0.0422441
0.0432383
0.0442258
0.0451327
0.0460023
0.0468374
0.0477263
0.0486411
0.0495455
0.0504647
0.0514255
0.0524112
0.05338
0.0543884
0.0554197
0.0564953
0.0575532
0.0586526
0.0597843
0.0609395
0.0621326
0.0633195
0.0645398
0.0657788
0.0670491
0.0683772
0.069693
0.071053
0.0723795
0.0737676
0.0751615
0.0765851
0.0780198
0.0794476
0.0808831
0.0821907
0.0835253
0.0847256
0.0225531
0.020662
0.0150075
0.00952981
0.00725788
0.00787265
0.00905452
0.00994375
0.010658
0.0112246
0.0117544
0.0125464
0.0135565
0.0144996
0.0151719
0.0155593
0.0159261
0.0164499
0.0170405
0.0175712
0.0179368
0.0182264
0.0186449
0.0191319
0.0195452
0.0199543
0.0204953
0.0211575
0.0217303
0.0221357
0.0225607
0.0230601
0.0235288
0.0240045
0.0245453
0.0250789
0.0255961
0.0261522
0.0267135
0.0272378
0.0277527
0.0282958
0.0288868
0.0295247
0.0301641
0.0307846
0.0313944
0.0320048
0.0326051
0.0331903
0.033817
0.0344888
0.0351244
0.0357773
0.0365118
0.037265
0.0380032
0.038784
0.039647
0.0404881
0.0410856
0.0415211
0.0422442
0.0432385
0.044226
0.045133
0.0460025
0.0468376
0.0477264
0.0486413
0.0495457
0.0504649
0.0514257
0.0524114
0.0533802
0.0543886
0.0554199
0.0564954
0.0575533
0.0586527
0.0597844
0.0609396
0.0621327
0.0633196
0.0645399
0.0657789
0.0670492
0.0683773
0.0696931
0.071053
0.0723795
0.0737677
0.0751616
0.0765851
0.0780199
0.0794477
0.0808832
0.0821908
0.0835254
0.0847257
0.0220563
0.0205231
0.0151705
0.00986983
0.00751125
0.00796702
0.00909886
0.00998264
0.0106894
0.0112476
0.0117733
0.0125633
0.0135709
0.0145102
0.0151791
0.0155646
0.0159307
0.0164544
0.0170449
0.0175755
0.0179409
0.0182298
0.0186475
0.0191339
0.0195471
0.0199563
0.0204973
0.0211594
0.0217321
0.0221371
0.022562
0.0230613
0.0235298
0.0240053
0.0245461
0.0250797
0.0255968
0.0261528
0.0267142
0.0272384
0.0277533
0.0282963
0.0288872
0.0295252
0.0301646
0.0307852
0.0313949
0.0320052
0.0326056
0.0331907
0.0338175
0.0344893
0.0351248
0.0357776
0.0365121
0.0372653
0.0380035
0.0387843
0.0396473
0.0404887
0.0410861
0.0415211
0.0422441
0.0432388
0.0442264
0.0451332
0.0460028
0.0468378
0.0477266
0.0486415
0.0495458
0.050465
0.0514258
0.0524115
0.0533803
0.0543887
0.05542
0.0564956
0.0575534
0.0586528
0.0597845
0.0609397
0.0621328
0.0633197
0.06454
0.065779
0.0670493
0.0683774
0.0696932
0.0710531
0.0723796
0.0737678
0.0751617
0.0765852
0.07802
0.0794477
0.0808833
0.0821909
0.0835255
0.084726
0.0215607
0.0203532
0.0153272
0.0102188
0.00778372
0.00807114
0.00914628
0.0100285
0.0107299
0.0112786
0.0118002
0.0125889
0.0135932
0.0145266
0.0151899
0.0155723
0.0159372
0.0164599
0.0170498
0.0175806
0.0179466
0.0182355
0.0186517
0.0191364
0.0195493
0.0199593
0.0205005
0.0211621
0.0217343
0.0221392
0.0225639
0.023063
0.0235311
0.0240064
0.0245473
0.0250807
0.0255976
0.0261536
0.0267149
0.0272391
0.0277539
0.0282969
0.0288877
0.0295257
0.0301652
0.0307859
0.0313955
0.0320058
0.0326061
0.0331912
0.0338179
0.0344897
0.0351252
0.035778
0.0365125
0.0372658
0.0380039
0.0387845
0.0396477
0.0404893
0.0410867
0.0415212
0.0422441
0.043239
0.0442268
0.0451336
0.0460031
0.046838
0.0477268
0.0486417
0.0495461
0.0504652
0.051426
0.0524117
0.0533805
0.0543888
0.0554201
0.0564957
0.0575536
0.058653
0.0597847
0.0609398
0.0621329
0.0633198
0.0645401
0.0657791
0.0670494
0.0683775
0.0696933
0.0710533
0.0723797
0.0737679
0.0751618
0.0765853
0.0780201
0.0794478
0.0808834
0.082191
0.0835256
0.0847263
0.0210596
0.0201534
0.0154754
0.010568
0.0080672
0.00818121
0.00919065
0.0100728
0.010773
0.011314
0.0118325
0.0126209
0.0136221
0.0145486
0.0152051
0.0155838
0.0159466
0.016467
0.0170547
0.0175853
0.0179534
0.0182439
0.0186582
0.0191399
0.0195524
0.0199639
0.0205051
0.0211653
0.0217369
0.0221421
0.022567
0.0230655
0.0235329
0.024008
0.0245488
0.0250821
0.0255988
0.0261546
0.0267156
0.0272397
0.0277546
0.0282976
0.0288882
0.0295262
0.0301659
0.0307866
0.0313962
0.0320063
0.0326066
0.0331917
0.0338184
0.0344902
0.0351256
0.0357784
0.036513
0.0372662
0.0380042
0.0387848
0.0396481
0.0404901
0.0410874
0.0415212
0.042244
0.0432394
0.0442272
0.0451339
0.0460034
0.0468383
0.047727
0.048642
0.0495463
0.0504654
0.0514262
0.0524119
0.0533807
0.054389
0.0554203
0.0564959
0.0575537
0.0586531
0.0597848
0.0609399
0.0621331
0.06332
0.0645403
0.0657792
0.0670495
0.0683776
0.0696934
0.0710534
0.0723798
0.0737679
0.0751619
0.0765854
0.0780202
0.079448
0.0808836
0.0821913
0.083526
0.0847268
0.0205612
0.0199288
0.0156143
0.0109146
0.00836065
0.00829863
0.0092325
0.0101136
0.0108159
0.0113511
0.0118676
0.0126565
0.013655
0.0145746
0.0152241
0.0155992
0.0159595
0.016476
0.0170598
0.017589
0.01796
0.0182538
0.0186666
0.0191444
0.0195569
0.0199707
0.0205116
0.0211692
0.0217395
0.0221456
0.0225711
0.0230689
0.0235355
0.0240102
0.0245508
0.0250839
0.0256005
0.026156
0.0267165
0.0272405
0.0277554
0.0282983
0.0288886
0.0295265
0.0301665
0.0307876
0.0313971
0.0320069
0.0326072
0.0331925
0.0338191
0.0344907
0.035126
0.0357788
0.0365134
0.0372666
0.0380046
0.0387852
0.0396487
0.040491
0.0410882
0.0415212
0.0422439
0.0432398
0.0442277
0.0451344
0.0460038
0.0468386
0.0477273
0.0486423
0.0495466
0.0504657
0.0514264
0.0524122
0.0533809
0.0543892
0.0554205
0.0564961
0.0575539
0.0586532
0.0597849
0.0609401
0.0621332
0.0633201
0.0645404
0.0657794
0.0670496
0.0683777
0.0696936
0.0710535
0.07238
0.0737681
0.075162
0.0765855
0.0780204
0.0794481
0.0808838
0.0821916
0.0835264
0.0847274
0.020073
0.0196794
0.0157411
0.0112582
0.00866491
0.00842593
0.0092739
0.0101515
0.0108581
0.0113888
0.0119037
0.0126938
0.0136904
0.0146033
0.0152458
0.0156176
0.0159756
0.0164874
0.0170652
0.0175914
0.0179654
0.0182638
0.0186755
0.0191496
0.0195628
0.01998
0.0205204
0.0211739
0.0217421
0.0221496
0.0225761
0.0230731
0.0235389
0.0240132
0.0245534
0.0250862
0.0256028
0.0261579
0.0267179
0.0272416
0.0277566
0.0282992
0.0288889
0.0295267
0.030167
0.0307886
0.0313982
0.0320076
0.0326079
0.0331934
0.03382
0.0344913
0.0351265
0.0357794
0.0365139
0.037267
0.0380049
0.0387856
0.0396493
0.0404919
0.041089
0.0415212
0.0422438
0.0432403
0.0442283
0.0451348
0.0460043
0.046839
0.0477277
0.0486427
0.049547
0.050466
0.0514267
0.0524125
0.0533811
0.0543894
0.0554207
0.0564963
0.0575541
0.0586534
0.0597851
0.0609402
0.0621334
0.0633203
0.0645405
0.0657795
0.0670497
0.0683779
0.0696937
0.0710537
0.0723801
0.0737682
0.0751622
0.0765856
0.0780206
0.0794483
0.0808841
0.0821922
0.0835272
0.0847282
0.0196008
0.0194059
0.0158534
0.0115985
0.00898012
0.00856564
0.00931778
0.010188
0.0109002
0.0114272
0.0119403
0.0127317
0.0137271
0.0146338
0.0152695
0.0156385
0.0159945
0.0165009
0.0170714
0.0175931
0.0179695
0.0182731
0.0186841
0.0191545
0.0195696
0.0199914
0.0205314
0.0211796
0.021745
0.0221538
0.0225813
0.0230776
0.0235429
0.024017
0.0245564
0.0250888
0.0256054
0.0261602
0.0267196
0.0272432
0.0277584
0.0283006
0.0288894
0.0295265
0.0301674
0.0307897
0.0313993
0.0320084
0.0326087
0.0331947
0.0338212
0.034492
0.0351271
0.0357802
0.0365145
0.0372672
0.0380051
0.0387859
0.0396499
0.040493
0.04109
0.0415214
0.0422439
0.0432408
0.0442288
0.0451353
0.0460048
0.0468394
0.0477281
0.0486432
0.0495474
0.0504664
0.0514271
0.0524129
0.0533815
0.0543897
0.055421
0.0564966
0.0575543
0.0586536
0.0597853
0.0609404
0.0621336
0.0633205
0.0645407
0.0657796
0.0670498
0.068378
0.0696939
0.0710538
0.0723802
0.0737683
0.0751624
0.0765858
0.0780208
0.0794486
0.0808845
0.082193
0.0835282
0.0847291
0.0191502
0.0191114
0.0159482
0.0119328
0.00930461
0.00872006
0.00936806
0.0102259
0.0109437
0.0114666
0.0119768
0.0127692
0.0137643
0.0146657
0.0152949
0.0156616
0.0160159
0.0165168
0.0170788
0.0175943
0.0179726
0.0182816
0.018692
0.0191587
0.0195763
0.0200041
0.0205441
0.0211866
0.0217484
0.0221582
0.0225866
0.0230822
0.0235472
0.0240213
0.0245597
0.0250914
0.0256081
0.0261628
0.0267215
0.0272453
0.027761
0.0283026
0.0288901
0.0295263
0.0301674
0.0307906
0.0314004
0.032009
0.0326096
0.0331962
0.0338227
0.034493
0.0351281
0.0357813
0.0365152
0.0372674
0.038005
0.0387858
0.0396503
0.040494
0.0410911
0.0415218
0.0422442
0.0432415
0.0442294
0.0451357
0.0460053
0.0468399
0.0477286
0.0486437
0.0495479
0.0504669
0.0514276
0.0524134
0.0533819
0.0543901
0.0554214
0.056497
0.0575546
0.0586538
0.0597856
0.0609406
0.0621338
0.0633207
0.0645409
0.0657798
0.06705
0.0683782
0.0696941
0.071054
0.0723804
0.0737685
0.0751626
0.0765859
0.0780211
0.0794489
0.0808849
0.0821942
0.0835295
0.0847302
0.0187278
0.0188009
0.0160208
0.0122561
0.00963523
0.00889067
0.00942849
0.0102684
0.0109908
0.0115086
0.0120134
0.0128056
0.0138008
0.0146981
0.0153218
0.0156868
0.0160402
0.0165354
0.0170877
0.0175957
0.0179753
0.01829
0.0186999
0.0191625
0.0195827
0.0200171
0.0205578
0.0211945
0.0217524
0.022163
0.0225922
0.0230867
0.0235517
0.024026
0.0245634
0.0250941
0.0256109
0.0261654
0.0267236
0.0272477
0.0277641
0.0283055
0.0288914
0.0295262
0.0301672
0.0307913
0.0314014
0.0320096
0.0326104
0.0331978
0.0338243
0.0344942
0.0351294
0.035783
0.0365165
0.0372678
0.0380048
0.0387853
0.03965
0.0404945
0.0410921
0.0415225
0.0422448
0.0432424
0.04423
0.045136
0.0460057
0.0468404
0.0477291
0.0486442
0.0495485
0.0504675
0.0514282
0.052414
0.0533825
0.0543907
0.0554219
0.0564975
0.057555
0.0586542
0.0597859
0.0609409
0.0621341
0.0633209
0.0645411
0.06578
0.0670501
0.0683784
0.0696943
0.0710542
0.0723806
0.0737687
0.0751628
0.0765861
0.0780215
0.0794493
0.0808854
0.0821957
0.0835313
0.0847314
0.0183391
0.0184804
0.016067
0.0125631
0.00996719
0.00907622
0.00950078
0.0103185
0.0110443
0.0115554
0.0120518
0.0128413
0.0138359
0.01473
0.0153496
0.0157141
0.0160672
0.0165567
0.0170985
0.0175977
0.0179781
0.0182991
0.0187086
0.0191664
0.0195887
0.02003
0.0205718
0.0212028
0.0217567
0.0221682
0.022598
0.0230914
0.0235564
0.024031
0.0245673
0.0250968
0.0256136
0.026168
0.0267256
0.02725
0.0277675
0.0283088
0.0288932
0.0295263
0.0301669
0.0307916
0.031402
0.0320101
0.0326112
0.0331995
0.033826
0.0344954
0.0351309
0.035785
0.0365182
0.0372687
0.0380049
0.0387845
0.039649
0.0404943
0.0410927
0.0415232
0.042246
0.0432438
0.0442308
0.0451363
0.046006
0.0468408
0.0477295
0.0486447
0.0495491
0.0504681
0.0514288
0.0524147
0.0533832
0.0543914
0.0554226
0.0564981
0.0575556
0.0586547
0.0597863
0.0609412
0.0621344
0.0633212
0.0645413
0.0657802
0.0670503
0.0683786
0.0696945
0.0710545
0.0723808
0.0737688
0.0751631
0.0765863
0.078022
0.0794498
0.080886
0.0821976
0.0835336
0.0847329
0.0179874
0.0181581
0.0160861
0.0128495
0.0102944
0.00927255
0.00958425
0.0103774
0.0111065
0.0116101
0.0120951
0.0128785
0.01387
0.0147605
0.0153773
0.0157428
0.0160963
0.0165802
0.0171109
0.0176007
0.0179818
0.0183096
0.0187187
0.019171
0.0195946
0.0200426
0.0205853
0.0212107
0.0217607
0.0221733
0.022604
0.0230964
0.0235613
0.0240362
0.0245713
0.0250994
0.0256161
0.0261706
0.0267276
0.0272523
0.0277709
0.0283126
0.0288954
0.0295266
0.0301665
0.0307917
0.0314025
0.0320104
0.032612
0.0332012
0.0338278
0.0344966
0.0351325
0.0357873
0.0365202
0.03727
0.0380052
0.0387835
0.0396472
0.0404929
0.0410924
0.0415235
0.0422474
0.0432459
0.044232
0.0451366
0.0460062
0.0468412
0.0477299
0.0486451
0.0495496
0.0504687
0.0514294
0.0524153
0.0533839
0.0543922
0.0554234
0.0564989
0.0575563
0.0586553
0.0597869
0.0609417
0.0621349
0.0633216
0.0645417
0.0657804
0.0670505
0.0683788
0.0696948
0.0710547
0.0723811
0.0737691
0.0751634
0.0765866
0.0780225
0.0794504
0.0808867
0.0821999
0.0835364
0.0847346
0.0176746
0.0178439
0.0160801
0.0131114
0.0106115
0.00947565
0.00967724
0.0104447
0.0111777
0.0116747
0.0121475
0.0129213
0.013905
0.0147894
0.0154041
0.0157719
0.0161266
0.0166047
0.0171239
0.0176044
0.0179869
0.0183219
0.0187307
0.019177
0.0196011
0.0200548
0.0205981
0.0212176
0.0217638
0.022178
0.0226101
0.0231017
0.0235664
0.0240415
0.0245755
0.0251022
0.0256187
0.0261732
0.0267296
0.0272545
0.0277744
0.0283165
0.0288979
0.0295271
0.0301661
0.0307915
0.0314027
0.0320105
0.0326127
0.033203
0.0338295
0.0344976
0.035134
0.0357898
0.0365225
0.0372717
0.0380058
0.0387824
0.0396447
0.0404902
0.0410908
0.041523
0.0422487
0.0432485
0.0442337
0.045137
0.0460062
0.0468414
0.0477303
0.0486455
0.0495501
0.0504693
0.05143
0.052416
0.0533847
0.054393
0.0554243
0.0564998
0.0575572
0.0586562
0.0597876
0.0609422
0.0621354
0.0633222
0.0645422
0.0657807
0.0670507
0.068379
0.0696951
0.071055
0.0723814
0.0737693
0.0751637
0.0765868
0.078023
0.0794511
0.0808875
0.0822027
0.0835397
0.0847365
0.0174014
0.0175465
0.0160509
0.0133459
0.0109163
0.00968469
0.00977936
0.0105186
0.011256
0.0117495
0.0122122
0.0129739
0.0139433
0.0148168
0.0154287
0.0157998
0.0161562
0.0166287
0.0171365
0.0176084
0.0179932
0.0183359
0.0187446
0.0191849
0.0196088
0.0200673
0.0206102
0.0212232
0.0217658
0.022182
0.022616
0.0231072
0.0235719
0.0240471
0.0245799
0.0251053
0.0256215
0.0261757
0.0267315
0.0272568
0.0277779
0.0283207
0.0289009
0.029528
0.0301658
0.0307911
0.0314026
0.0320106
0.0326135
0.0332049
0.0338312
0.0344985
0.0351354
0.0357922
0.0365249
0.0372735
0.0380067
0.0387811
0.0396412
0.0404862
0.0410879
0.0415212
0.0422495
0.0432514
0.044236
0.0451377
0.0460061
0.0468414
0.0477305
0.0486458
0.0495506
0.0504699
0.0514306
0.0524166
0.0533854
0.0543939
0.0554252
0.0565008
0.0575583
0.0586572
0.0597885
0.0609429
0.0621361
0.0633229
0.0645428
0.0657812
0.067051
0.0683792
0.0696953
0.0710553
0.0723817
0.0737696
0.0751641
0.076587
0.0780236
0.0794519
0.0808884
0.0822059
0.0835435
0.0847387
0.0171657
0.0172698
0.0159991
0.0135524
0.0112101
0.00990148
0.00989131
0.0105973
0.0113383
0.0118325
0.012289
0.013037
0.0139853
0.014842
0.0154495
0.0158244
0.0161839
0.0166515
0.0171481
0.0176122
0.0180003
0.018351
0.0187598
0.0191945
0.0196181
0.0200805
0.0206219
0.0212277
0.0217666
0.0221855
0.0226219
0.0231129
0.0235777
0.0240529
0.0245846
0.0251089
0.0256247
0.0261782
0.0267335
0.0272591
0.0277815
0.0283251
0.0289043
0.0295294
0.0301657
0.0307907
0.0314025
0.0320106
0.0326142
0.0332068
0.0338329
0.0344994
0.0351368
0.0357947
0.0365273
0.0372754
0.0380075
0.0387797
0.039637
0.0404808
0.0410835
0.0415183
0.0422493
0.0432542
0.0442387
0.0451386
0.046006
0.0468413
0.0477307
0.0486461
0.049551
0.0504705
0.0514313
0.0524172
0.0533861
0.0543947
0.0554262
0.0565018
0.0575593
0.0586584
0.0597897
0.0609437
0.0621367
0.0633236
0.0645436
0.0657818
0.0670513
0.0683793
0.0696956
0.0710556
0.0723821
0.0737699
0.0751645
0.0765873
0.0780243
0.0794528
0.0808893
0.0822095
0.0835479
0.084741
0.016962
0.0170145
0.0159257
0.0137326
0.0114955
0.0101275
0.010014
0.0106805
0.0114225
0.0119203
0.0123746
0.0131081
0.0140299
0.0148643
0.0154649
0.0158444
0.0162091
0.0166736
0.0171592
0.0176159
0.0180082
0.0183671
0.018776
0.0192059
0.0196295
0.020095
0.0206338
0.0212313
0.0217666
0.0221887
0.0226279
0.0231189
0.0235837
0.0240589
0.0245897
0.0251132
0.0256285
0.0261809
0.0267355
0.0272616
0.0277853
0.02833
0.0289083
0.0295311
0.0301659
0.0307905
0.0314023
0.0320105
0.0326149
0.0332087
0.0338347
0.0345002
0.035138
0.0357971
0.0365296
0.0372771
0.0380084
0.0387781
0.0396319
0.0404739
0.0410777
0.0415144
0.0422483
0.0432565
0.0442414
0.0451398
0.0460059
0.0468411
0.0477309
0.0486464
0.0495514
0.050471
0.0514319
0.0524178
0.0533867
0.0543955
0.0554273
0.0565028
0.0575604
0.0586597
0.059791
0.0609447
0.0621374
0.0633244
0.0645444
0.0657826
0.0670518
0.0683795
0.0696958
0.0710559
0.0723826
0.0737703
0.0751651
0.0765876
0.078025
0.0794537
0.0808904
0.0822135
0.0835526
0.0847435
0.0167832
0.0167803
0.0158334
0.0138883
0.0117736
0.0103627
0.0101481
0.0107685
0.0115075
0.0120098
0.0124647
0.0131841
0.0140763
0.0148838
0.0154747
0.0158596
0.0162323
0.0166957
0.0171707
0.0176198
0.0180167
0.0183838
0.0187929
0.0192187
0.0196425
0.0201109
0.0206462
0.0212347
0.021766
0.0221918
0.0226343
0.0231252
0.0235898
0.0240651
0.024595
0.0251182
0.025633
0.0261838
0.0267375
0.0272641
0.0277894
0.0283352
0.0289128
0.0295333
0.0301663
0.0307903
0.0314022
0.0320105
0.0326157
0.0332107
0.0338366
0.0345011
0.0351393
0.0357994
0.0365319
0.0372787
0.0380092
0.0387765
0.0396262
0.0404657
0.0410708
0.0415102
0.0422469
0.0432583
0.044244
0.045141
0.0460058
0.046841
0.0477311
0.0486467
0.0495518
0.0504716
0.0514326
0.0524185
0.0533874
0.0543964
0.0554283
0.0565039
0.0575614
0.058661
0.0597924
0.0609457
0.0621381
0.0633251
0.0645454
0.0657835
0.0670524
0.0683796
0.0696959
0.0710561
0.0723831
0.0737708
0.0751656
0.076588
0.0780257
0.0794547
0.0808914
0.0822177
0.0835578
0.0847462
0.0166225
0.016568
0.015726
0.0140195
0.0120441
0.0106063
0.0102941
0.0108626
0.0115932
0.0120988
0.012556
0.0132631
0.014125
0.0149023
0.0154803
0.0158708
0.0162542
0.0167184
0.0171832
0.0176245
0.018026
0.0184012
0.0188106
0.0192326
0.0196569
0.0201278
0.0206594
0.0212382
0.0217653
0.0221953
0.0226413
0.0231319
0.0235963
0.0240716
0.0246008
0.0251237
0.025638
0.0261869
0.0267396
0.0272667
0.0277936
0.0283408
0.0289177
0.0295358
0.030167
0.0307904
0.0314021
0.0320105
0.0326164
0.0332128
0.0338386
0.0345021
0.0351407
0.0358018
0.0365341
0.0372802
0.0380099
0.0387752
0.0396201
0.0404566
0.0410631
0.0415064
0.0422458
0.0432596
0.0442463
0.0451423
0.0460057
0.0468409
0.0477314
0.0486471
0.0495523
0.0504723
0.0514334
0.0524192
0.0533881
0.0543972
0.0554294
0.0565049
0.0575625
0.0586622
0.0597938
0.0609469
0.0621389
0.0633259
0.0645464
0.0657846
0.0670532
0.0683798
0.069696
0.0710562
0.0723835
0.0737713
0.0751663
0.0765884
0.0780265
0.0794558
0.0808926
0.0822221
0.0835633
0.0847491
0.0164744
0.0163788
0.0156071
0.0141257
0.0123063
0.0108575
0.0104521
0.0109638
0.0116808
0.0121865
0.0126466
0.013344
0.0141769
0.0149216
0.0154839
0.0158799
0.0162755
0.016742
0.0171969
0.01763
0.018036
0.0184194
0.018829
0.0192472
0.019672
0.0201456
0.0206732
0.021242
0.0217647
0.0221991
0.0226488
0.0231391
0.0236029
0.0240783
0.0246068
0.0251297
0.0256435
0.0261904
0.0267419
0.0272695
0.0277979
0.0283468
0.0289231
0.0295386
0.0301678
0.0307907
0.0314021
0.0320106
0.0326172
0.0332149
0.0338408
0.0345033
0.0351423
0.0358043
0.0365363
0.0372815
0.0380107
0.0387742
0.0396141
0.0404469
0.0410552
0.0415035
0.0422459
0.0432608
0.0442481
0.0451435
0.0460057
0.0468411
0.0477318
0.0486474
0.0495528
0.0504731
0.0514342
0.0524199
0.053389
0.0543983
0.0554305
0.0565061
0.0575636
0.0586635
0.0597952
0.0609481
0.0621397
0.0633266
0.0645474
0.0657857
0.0670541
0.0683801
0.069696
0.0710563
0.072384
0.0737718
0.075167
0.0765889
0.0780273
0.079457
0.0808938
0.0822267
0.0835691
0.0847522
0.0163339
0.0162135
0.0154807
0.0142064
0.012559
0.0111153
0.0106212
0.0110729
0.0117717
0.0122733
0.0127353
0.0134259
0.0142321
0.0149437
0.0154879
0.0158885
0.0162969
0.0167662
0.0172116
0.0176365
0.0180469
0.0184385
0.0188481
0.0192624
0.0196876
0.0201639
0.0206878
0.0212465
0.0217646
0.0222033
0.0226569
0.0231466
0.0236098
0.0240852
0.0246131
0.0251359
0.0256491
0.0261942
0.0267445
0.0272724
0.0278025
0.0283531
0.0289287
0.0295416
0.0301688
0.0307911
0.0314022
0.0320106
0.032618
0.0332171
0.0338432
0.0345047
0.0351443
0.0358071
0.0365385
0.0372828
0.0380117
0.0387737
0.0396083
0.0404371
0.041048
0.0415038
0.0422483
0.0432623
0.0442494
0.0451442
0.0460057
0.0468413
0.0477323
0.0486477
0.0495534
0.050474
0.0514351
0.0524207
0.05339
0.0543995
0.0554317
0.0565072
0.0575649
0.0586648
0.0597965
0.0609493
0.0621405
0.0633274
0.0645484
0.0657868
0.067055
0.0683804
0.069696
0.0710563
0.0723845
0.0737724
0.0751678
0.0765894
0.0780282
0.0794582
0.0808952
0.0822315
0.0835752
0.0847555
0.0161954
0.0160719
0.0153529
0.0142611
0.0128004
0.0113787
0.0108005
0.0111902
0.0118674
0.0123599
0.0128213
0.0135074
0.0142907
0.0149696
0.015494
0.015898
0.0163188
0.0167911
0.0172273
0.017644
0.0180587
0.0184585
0.0188679
0.0192779
0.0197033
0.0201827
0.020703
0.0212516
0.021765
0.022208
0.0226655
0.0231545
0.0236169
0.0240923
0.0246197
0.0251423
0.025655
0.0261982
0.0267474
0.0272755
0.0278072
0.0283596
0.0289346
0.0295446
0.03017
0.0307918
0.0314025
0.0320107
0.0326188
0.0332194
0.0338456
0.0345064
0.0351465
0.0358101
0.0365409
0.0372842
0.0380129
0.0387738
0.0396032
0.0404275
0.0410419
0.0415072
0.0422536
0.0432645
0.0442501
0.0451444
0.0460055
0.0468418
0.047733
0.0486479
0.0495539
0.0504752
0.051436
0.0524214
0.053391
0.0544009
0.0554329
0.0565083
0.0575662
0.0586663
0.0597979
0.0609506
0.0621413
0.0633282
0.0645495
0.0657881
0.0670561
0.0683809
0.069696
0.0710563
0.072385
0.073773
0.0751686
0.07659
0.0780292
0.0794596
0.0808966
0.0822364
0.0835816
0.0847589
0.0160536
0.0159535
0.0152305
0.0142893
0.0130274
0.0116471
0.0109891
0.0113154
0.0119692
0.0124479
0.0129045
0.0135876
0.0143521
0.015
0.0155033
0.0159091
0.0163415
0.0168166
0.0172438
0.0176526
0.0180716
0.0184795
0.0188886
0.0192938
0.0197193
0.020202
0.0207192
0.0212576
0.021766
0.0222133
0.0226746
0.0231628
0.0236242
0.0240997
0.0246265
0.0251489
0.025661
0.0262025
0.0267505
0.0272788
0.0278122
0.0283663
0.0289406
0.0295477
0.0301712
0.0307927
0.031403
0.032011
0.0326197
0.0332217
0.0338483
0.0345084
0.0351492
0.0358135
0.0365434
0.0372856
0.0380143
0.0387744
0.0395986
0.0404183
0.0410373
0.0415141
0.0422621
0.0432675
0.0442502
0.0451439
0.0460051
0.0468423
0.0477337
0.0486481
0.0495545
0.0504765
0.0514371
0.0524221
0.0533922
0.0544025
0.0554342
0.0565094
0.0575676
0.0586679
0.0597993
0.0609518
0.0621422
0.0633291
0.0645506
0.0657893
0.0670572
0.0683814
0.0696961
0.0710563
0.0723855
0.0737736
0.0751695
0.0765906
0.0780302
0.0794611
0.0808983
0.0822415
0.0835882
0.0847627
0.0159032
0.0158545
0.015121
0.014292
0.0132361
0.01192
0.0111861
0.0114474
0.0120778
0.0125391
0.0129852
0.0136653
0.0144155
0.0150351
0.0155165
0.0159224
0.0163654
0.0168429
0.0172612
0.0176622
0.0180855
0.0185015
0.0189102
0.01931
0.0197356
0.0202219
0.0207362
0.0212646
0.0217678
0.0222192
0.0226842
0.0231713
0.0236318
0.0241074
0.0246337
0.0251558
0.0256672
0.0262071
0.0267539
0.0272824
0.0278174
0.0283732
0.0289466
0.0295508
0.0301726
0.0307938
0.0314038
0.0320114
0.0326206
0.0332241
0.033851
0.0345107
0.0351523
0.0358172
0.0365462
0.0372871
0.0380159
0.0387753
0.0395946
0.0404094
0.0410341
0.041524
0.0422737
0.0432713
0.0442498
0.0451427
0.0460045
0.0468428
0.0477344
0.0486482
0.0495552
0.0504779
0.0514383
0.0524228
0.0533935
0.0544043
0.0554356
0.0565106
0.0575691
0.0586696
0.0598008
0.0609531
0.0621432
0.06333
0.0645518
0.0657906
0.0670584
0.068382
0.0696962
0.0710564
0.0723861
0.0737743
0.0751704
0.0765913
0.0780312
0.0794627
0.0809001
0.0822468
0.0835952
0.0847666
0.0157404
0.0157675
0.0150313
0.0142738
0.0134223
0.012196
0.0113915
0.0115845
0.0121938
0.0126357
0.0130643
0.0137396
0.0144799
0.0150745
0.0155339
0.0159382
0.0163907
0.01687
0.0172794
0.0176729
0.0181005
0.0185248
0.0189327
0.0193268
0.0197521
0.0202424
0.0207541
0.0212724
0.0217702
0.0222256
0.0226943
0.0231803
0.0236396
0.0241153
0.0246413
0.025163
0.0256737
0.026212
0.0267576
0.0272863
0.0278229
0.0283803
0.0289527
0.029554
0.0301742
0.0307951
0.0314048
0.0320118
0.0326216
0.0332266
0.033854
0.0345133
0.0351557
0.0358213
0.0365491
0.0372888
0.0380176
0.0387765
0.0395912
0.0404008
0.041032
0.0415364
0.0422877
0.0432759
0.044249
0.0451409
0.0460035
0.0468434
0.0477352
0.0486484
0.0495559
0.0504794
0.0514395
0.0524235
0.0533948
0.0544062
0.0554371
0.0565117
0.0575706
0.0586714
0.0598023
0.0609545
0.0621442
0.063331
0.0645531
0.065792
0.0670597
0.0683827
0.0696963
0.0710564
0.0723867
0.073775
0.0751713
0.076592
0.0780324
0.0794644
0.080902
0.0822522
0.0836024
0.0847709
0.0155651
0.0156816
0.0149656
0.0142426
0.0135815
0.0124725
0.0116067
0.011725
0.0123164
0.0127397
0.0131432
0.0138101
0.0145441
0.0151179
0.0155558
0.015957
0.0164176
0.0168982
0.0172987
0.0176848
0.0181167
0.0185491
0.0189562
0.0193442
0.0197691
0.0202635
0.0207729
0.021281
0.0217732
0.0222325
0.0227049
0.0231896
0.0236477
0.0241237
0.0246492
0.0251704
0.0256804
0.0262172
0.0267615
0.0272905
0.0278286
0.0283875
0.0289588
0.0295572
0.0301758
0.0307967
0.0314061
0.0320125
0.0326227
0.0332292
0.0338571
0.0345162
0.0351595
0.0358256
0.0365523
0.0372905
0.0380194
0.0387778
0.039588
0.0403925
0.0410308
0.0415505
0.0423034
0.0432811
0.0442479
0.0451388
0.0460025
0.0468439
0.047736
0.0486485
0.0495566
0.0504809
0.0514407
0.0524243
0.0533963
0.0544082
0.0554387
0.056513
0.0575723
0.0586733
0.059804
0.0609559
0.0621454
0.0633321
0.0645544
0.0657934
0.0670611
0.0683834
0.0696965
0.0710566
0.0723874
0.0737757
0.0751723
0.0765928
0.0780335
0.0794662
0.0809042
0.0822578
0.08361
0.0847754
0.015384
0.0155856
0.014922
0.014209
0.0137108
0.0127449
0.0118337
0.0118677
0.0124439
0.0128529
0.013224
0.0138768
0.0146073
0.0151644
0.0155819
0.0159791
0.0164466
0.0169276
0.0173189
0.0176977
0.0181341
0.0185747
0.0189807
0.0193621
0.0197864
0.0202852
0.0207926
0.0212905
0.0217768
0.0222399
0.0227161
0.0231994
0.023656
0.0241323
0.0246575
0.0251783
0.0256875
0.0262226
0.0267657
0.0272949
0.0278347
0.0283949
0.028965
0.0295605
0.0301777
0.0307985
0.0314075
0.0320132
0.0326239
0.0332321
0.0338605
0.0345192
0.0351634
0.0358301
0.0365556
0.0372923
0.0380211
0.038779
0.039585
0.0403845
0.0410301
0.0415654
0.04232
0.0432866
0.0442467
0.0451364
0.0460012
0.0468444
0.0477368
0.0486487
0.0495573
0.0504825
0.0514421
0.0524252
0.0533978
0.0544102
0.0554404
0.0565143
0.0575741
0.0586753
0.0598058
0.0609575
0.0621466
0.0633332
0.0645557
0.0657949
0.0670625
0.0683842
0.0696967
0.0710567
0.0723881
0.0737765
0.0751733
0.0765937
0.0780348
0.0794682
0.0809066
0.0822635
0.0836179
0.0847802
0.0152088
0.0154724
0.0148936
0.0141834
0.0138115
0.0130063
0.0120736
0.0120135
0.0125731
0.0129761
0.0133099
0.0139399
0.0146684
0.0152134
0.0156121
0.0160047
0.016478
0.0169585
0.0173403
0.0177118
0.0181525
0.0186015
0.0190063
0.0193808
0.0198043
0.0203075
0.0208132
0.0213008
0.0217809
0.0222479
0.022728
0.0232097
0.0236647
0.0241413
0.0246662
0.0251865
0.025695
0.0262284
0.0267702
0.0272996
0.027841
0.0284025
0.0289714
0.0295639
0.0301796
0.0308005
0.0314092
0.0320141
0.0326252
0.0332351
0.0338641
0.0345224
0.0351675
0.0358349
0.036559
0.0372942
0.0380229
0.0387803
0.0395822
0.0403768
0.0410297
0.0415806
0.0423369
0.0432924
0.0442456
0.045134
0.046
0.046845
0.0477377
0.0486489
0.0495581
0.0504842
0.0514434
0.0524261
0.0533994
0.0544124
0.0554422
0.0565156
0.0575759
0.0586773
0.0598077
0.0609591
0.0621479
0.0633344
0.0645572
0.0657964
0.067064
0.068385
0.069697
0.071057
0.0723889
0.0737773
0.0751744
0.0765946
0.078036
0.0794703
0.0809091
0.0822695
0.0836261
0.0847854
0.0150497
0.0153434
0.0148713
0.0141725
0.0138892
0.0132498
0.0123246
0.0121656
0.0127009
0.0131082
0.0134042
0.0140009
0.0147263
0.015264
0.0156459
0.0160338
0.0165122
0.0169912
0.0173631
0.0177272
0.018172
0.0186293
0.019033
0.0194002
0.0198225
0.0203305
0.0208348
0.021312
0.0217855
0.0222563
0.0227405
0.0232204
0.0236737
0.0241506
0.0246753
0.0251951
0.0257028
0.0262346
0.0267749
0.0273046
0.0278475
0.0284103
0.0289779
0.0295674
0.0301817
0.0308029
0.0314112
0.0320151
0.0326265
0.0332382
0.033868
0.0345258
0.0351717
0.0358397
0.0365625
0.0372962
0.0380247
0.0387815
0.0395794
0.0403693
0.0410295
0.0415956
0.0423539
0.0432983
0.0442446
0.0451316
0.0459987
0.0468455
0.0477385
0.0486492
0.049559
0.0504859
0.0514449
0.052427
0.053401
0.0544145
0.055444
0.056517
0.0575778
0.0586795
0.0598096
0.0609608
0.0621493
0.0633356
0.0645587
0.065798
0.0670655
0.0683858
0.0696973
0.0710572
0.0723897
0.0737781
0.0751755
0.0765956
0.0780374
0.0794726
0.0809119
0.0822756
0.0836347
0.0847909
0.0149114
0.0152056
0.0148474
0.0141767
0.0139531
0.0134713
0.012581
0.0123271
0.0128262
0.0132465
0.0135099
0.0140625
0.0147798
0.0153153
0.015683
0.0160663
0.0165495
0.0170262
0.0173874
0.0177438
0.0181928
0.0186583
0.0190608
0.0194203
0.0198413
0.0203542
0.0208573
0.021324
0.0217908
0.0222654
0.0227536
0.0232318
0.0236831
0.0241603
0.0246848
0.0252041
0.025711
0.0262411
0.02678
0.0273099
0.0278543
0.0284184
0.0289847
0.029571
0.0301839
0.0308054
0.0314134
0.0320162
0.0326279
0.0332416
0.033872
0.0345292
0.0351759
0.0358447
0.0365662
0.0372982
0.0380265
0.0387827
0.0395767
0.0403621
0.0410294
0.0416105
0.0423706
0.0433044
0.0442437
0.0451293
0.0459974
0.046846
0.0477394
0.0486494
0.0495599
0.0504876
0.0514463
0.052428
0.0534027
0.0544168
0.0554459
0.0565186
0.0575798
0.0586817
0.0598116
0.0609626
0.0621507
0.063337
0.0645602
0.0657996
0.0670671
0.0683867
0.0696977
0.0710575
0.0723906
0.073779
0.0751767
0.0765967
0.0780388
0.079475
0.080915
0.0822818
0.0836437
0.0847967
0.0147935
0.0150655
0.0148175
0.0141916
0.0140121
0.0136721
0.0128357
0.0124987
0.0129507
0.0133874
0.0136279
0.0141284
0.0148289
0.0153658
0.0157233
0.0161021
0.0165899
0.0170637
0.0174135
0.0177619
0.0182147
0.0186885
0.0190897
0.0194413
0.0198607
0.0203785
0.0208809
0.0213371
0.0217967
0.022275
0.0227675
0.0232437
0.0236928
0.0241704
0.0246948
0.0252135
0.0257197
0.026248
0.0267854
0.0273154
0.0278614
0.0284267
0.0289916
0.0295747
0.0301863
0.0308083
0.0314158
0.0320175
0.0326293
0.033245
0.0338763
0.0345328
0.0351802
0.0358498
0.0365701
0.0373003
0.0380282
0.0387839
0.039574
0.0403551
0.0410294
0.0416249
0.042387
0.0433105
0.0442431
0.045127
0.0459962
0.0468465
0.0477403
0.0486498
0.0495608
0.0504893
0.0514478
0.0524291
0.0534044
0.0544191
0.0554478
0.0565201
0.0575818
0.058684
0.0598137
0.0609644
0.0621522
0.0633383
0.0645619
0.0658013
0.0670688
0.0683877
0.0696981
0.0710578
0.0723915
0.0737799
0.0751779
0.0765979
0.0780403
0.0794776
0.0809183
0.0822883
0.083653
0.084803
0.0146955
0.014928
0.0147814
0.014212
0.0140694
0.0138575
0.0130844
0.0126769
0.0130773
0.0135285
0.0137562
0.0142027
0.0148751
0.0154138
0.0157664
0.0161411
0.0166333
0.0171038
0.0174416
0.0177818
0.0182381
0.0187198
0.0191197
0.0194631
0.0198806
0.0204035
0.0209055
0.0213512
0.0218032
0.0222852
0.0227821
0.0232562
0.0237029
0.0241808
0.0247053
0.0252234
0.0257287
0.0262553
0.0267912
0.0273213
0.0278688
0.0284352
0.0289987
0.0295786
0.0301888
0.0308114
0.0314186
0.0320188
0.0326308
0.0332487
0.0338808
0.0345365
0.0351845
0.0358551
0.0365741
0.0373024
0.0380299
0.038785
0.0395714
0.0403484
0.0410294
0.041639
0.042403
0.0433166
0.0442426
0.045125
0.0459951
0.0468471
0.0477412
0.0486502
0.0495617
0.0504911
0.0514494
0.0524303
0.0534063
0.0544215
0.0554499
0.0565218
0.057584
0.0586864
0.0598159
0.0609663
0.0621537
0.0633398
0.0645636
0.065803
0.0670705
0.0683886
0.0696986
0.0710582
0.0723924
0.0737809
0.0751792
0.0765992
0.0780419
0.0794804
0.0809218
0.0822948
0.0836627
0.0848096
0.0146173
0.0147963
0.0147407
0.0142351
0.014122
0.0140328
0.0133285
0.0128563
0.013206
0.0136709
0.0138923
0.0142875
0.0149218
0.015458
0.0158109
0.0161835
0.0166794
0.0171467
0.0174718
0.0178037
0.0182631
0.0187524
0.0191508
0.0194857
0.0199011
0.0204292
0.0209311
0.0213665
0.0218106
0.0222961
0.0227976
0.0232694
0.0237135
0.0241917
0.0247163
0.0252337
0.0257381
0.0262631
0.0267974
0.0273276
0.0278765
0.0284441
0.0290061
0.0295826
0.0301915
0.0308148
0.0314216
0.0320203
0.0326323
0.0332525
0.0338856
0.0345402
0.0351889
0.0358604
0.0365782
0.0373046
0.0380317
0.0387861
0.0395689
0.040342
0.0410296
0.0416527
0.0424186
0.0433229
0.0442424
0.0451231
0.045994
0.0468476
0.0477422
0.0486506
0.0495628
0.050493
0.051451
0.0524315
0.0534082
0.0544239
0.055452
0.0565236
0.0575862
0.0586888
0.0598181
0.0609683
0.0621553
0.0633413
0.0645653
0.0658048
0.0670722
0.0683897
0.0696991
0.0710586
0.0723934
0.073782
0.0751805
0.0766006
0.0780435
0.0794834
0.0809257
0.0823016
0.0836728
0.0848167
0.0145578
0.0146738
0.0146967
0.0142624
0.0141665
0.0141971
0.0135725
0.0130343
0.0133326
0.0138168
0.0140347
0.0143813
0.014973
0.0154994
0.0158548
0.0162289
0.0167284
0.0171924
0.0175044
0.0178275
0.0182903
0.0187864
0.019183
0.0195094
0.0199221
0.0204555
0.0209579
0.021383
0.0218188
0.0223077
0.0228139
0.0232833
0.0237244
0.0242029
0.0247278
0.0252445
0.025748
0.0262713
0.0268041
0.0273342
0.0278845
0.0284532
0.0290137
0.0295868
0.0301943
0.0308185
0.031425
0.032022
0.0326339
0.0332565
0.0338906
0.0345441
0.0351932
0.0358659
0.0365825
0.0373069
0.0380334
0.0387872
0.0395665
0.040336
0.0410299
0.041666
0.0424338
0.0433291
0.0442424
0.0451213
0.045993
0.0468482
0.0477431
0.048651
0.0495638
0.0504949
0.0514526
0.0524328
0.0534101
0.0544264
0.0554542
0.0565254
0.0575885
0.0586914
0.0598204
0.0609704
0.062157
0.063343
0.0645671
0.0658067
0.067074
0.0683907
0.0696996
0.0710591
0.0723945
0.0737831
0.0751818
0.0766021
0.0780452
0.0794866
0.0809298
0.0823085
0.0836833
0.0848242
0.0145121
0.0145636
0.0146494
0.014297
0.0142035
0.0143428
0.0138212
0.0132158
0.0134504
0.0139651
0.0141856
0.014482
0.0150306
0.0155406
0.0158969
0.0162763
0.0167802
0.0172408
0.0175395
0.017853
0.0183195
0.0188223
0.0192163
0.0195339
0.0199438
0.0204824
0.0209859
0.0214008
0.0218278
0.0223199
0.0228311
0.0232981
0.0237359
0.0242146
0.0247398
0.0252559
0.0257584
0.02628
0.0268112
0.0273411
0.0278928
0.0284625
0.0290216
0.0295912
0.0301974
0.0308226
0.0314288
0.0320239
0.0326355
0.0332607
0.0338959
0.0345481
0.0351976
0.0358715
0.0365869
0.0373093
0.0380351
0.0387882
0.0395642
0.0403303
0.0410302
0.0416788
0.0424486
0.0433354
0.0442427
0.0451198
0.045992
0.0468488
0.0477441
0.0486516
0.0495649
0.0504968
0.0514544
0.0524342
0.0534122
0.054429
0.0554565
0.0565274
0.0575909
0.058694
0.0598228
0.0609725
0.0621588
0.0633447
0.064569
0.0658086
0.0670759
0.0683919
0.0697002
0.0710596
0.0723956
0.0737843
0.0751832
0.0766038
0.0780471
0.07949
0.0809343
0.0823156
0.0836941
0.0848322
0.0144735
0.0144675
0.0145985
0.0143398
0.0142395
0.0144624
0.0140713
0.0134099
0.0135562
0.0141088
0.0143491
0.0145894
0.0150924
0.0155853
0.0159379
0.016324
0.0168347
0.0172919
0.0175774
0.0178804
0.0183506
0.0188608
0.0192511
0.0195593
0.0199662
0.0205099
0.0210149
0.0214201
0.0218379
0.0223329
0.0228492
0.0233137
0.0237478
0.0242267
0.0247523
0.0252678
0.0257692
0.0262891
0.0268187
0.0273486
0.0279014
0.0284722
0.0290298
0.0295958
0.0302006
0.0308269
0.0314329
0.0320259
0.0326372
0.0332651
0.0339014
0.0345522
0.035202
0.0358771
0.0365915
0.0373117
0.0380368
0.0387893
0.039562
0.040325
0.0410307
0.0416911
0.0424629
0.0433418
0.0442432
0.0451184
0.0459912
0.0468494
0.0477452
0.0486521
0.0495661
0.0504988
0.0514561
0.0524357
0.0534143
0.0544316
0.0554588
0.0565294
0.0575933
0.0586968
0.0598253
0.0609748
0.0621606
0.0633464
0.064571
0.0658106
0.0670778
0.068393
0.0697009
0.0710601
0.0723967
0.0737856
0.0751847
0.0766056
0.078049
0.0794936
0.0809392
0.0823229
0.0837053
0.0848407
0.0144363
0.0143849
0.0145441
0.0143887
0.014283
0.0145526
0.01431
0.0136262
0.0136571
0.0142373
0.0145241
0.0147085
0.0151558
0.0156344
0.0159805
0.0163712
0.0168911
0.0173455
0.0176181
0.01791
0.0183832
0.0189019
0.0192881
0.0195853
0.0199893
0.0205381
0.021045
0.0214409
0.021849
0.0223467
0.0228684
0.0233303
0.0237604
0.0242392
0.0247654
0.0252804
0.0257807
0.0262988
0.0268268
0.0273564
0.0279104
0.0284821
0.0290383
0.0296006
0.030204
0.0308316
0.0314375
0.0320282
0.032639
0.0332696
0.0339073
0.0345565
0.0352064
0.0358829
0.0365962
0.0373142
0.0380386
0.0387904
0.0395601
0.0403201
0.0410314
0.041703
0.0424766
0.0433481
0.0442439
0.0451173
0.0459904
0.0468501
0.0477462
0.0486528
0.0495673
0.0505008
0.051458
0.0524372
0.0534165
0.0544343
0.0554613
0.0565315
0.0575959
0.0586996
0.0598278
0.0609771
0.0621625
0.0633483
0.0645731
0.0658126
0.0670797
0.0683943
0.0697016
0.0710608
0.0723979
0.073787
0.0751862
0.0766076
0.0780511
0.0794973
0.0809444
0.0823303
0.0837168
0.0848498
0.0143977
0.0143116
0.0144867
0.0144401
0.0143415
0.0146184
0.0145227
0.0138657
0.013767
0.0143433
0.0147017
0.0148455
0.0152219
0.015685
0.0160272
0.0164183
0.0169483
0.0174013
0.0176612
0.0179425
0.0184172
0.0189449
0.019328
0.0196123
0.0200126
0.0205673
0.0210761
0.021463
0.0218612
0.0223612
0.0228885
0.0233478
0.0237736
0.0242521
0.024779
0.0252936
0.0257927
0.0263089
0.0268353
0.0273646
0.0279197
0.0284924
0.0290471
0.0296057
0.0302076
0.0308366
0.0314425
0.0320307
0.0326408
0.0332743
0.0339134
0.0345609
0.0352109
0.0358888
0.0366011
0.0373168
0.0380404
0.0387916
0.0395583
0.0403157
0.0410322
0.0417144
0.0424899
0.0433545
0.0442449
0.0451163
0.0459898
0.0468508
0.0477474
0.0486534
0.0495686
0.0505029
0.0514598
0.0524389
0.0534188
0.0544371
0.0554638
0.0565338
0.0575985
0.0587025
0.0598304
0.0609795
0.0621645
0.0633503
0.0645752
0.0658148
0.0670818
0.0683956
0.0697024
0.0710615
0.0723991
0.0737884
0.0751878
0.0766097
0.0780533
0.0795013
0.08095
0.082338
0.0837287
0.0848594
0.0143613
0.0142407
0.0144244
0.0144905
0.0144192
0.0146713
0.0146969
0.0141151
0.0139023
0.0144321
0.0148679
0.0150016
0.0152972
0.0157341
0.0160777
0.0164676
0.0170062
0.017459
0.0177058
0.0179777
0.0184534
0.0189893
0.019371
0.0196414
0.0200357
0.0205971
0.0211089
0.0214863
0.0218745
0.0223766
0.0229098
0.0233665
0.0237874
0.0242656
0.0247933
0.0253074
0.0258053
0.0263196
0.0268444
0.0273733
0.0279294
0.0285031
0.0290562
0.0296111
0.0302114
0.030842
0.0314479
0.0320336
0.0326428
0.0332792
0.0339199
0.0345655
0.0352153
0.0358948
0.0366062
0.0373195
0.0380422
0.0387927
0.0395568
0.0403117
0.0410332
0.0417254
0.0425027
0.0433608
0.0442461
0.0451156
0.0459893
0.0468515
0.0477485
0.0486542
0.0495699
0.0505051
0.0514618
0.0524406
0.0534212
0.05444
0.0554664
0.0565361
0.0576013
0.0587055
0.0598331
0.060982
0.0621666
0.0633524
0.0645774
0.0658169
0.0670839
0.0683969
0.0697032
0.0710623
0.0724004
0.07379
0.0751894
0.076612
0.0780557
0.0795054
0.0809561
0.0823458
0.0837409
0.0848695
0.0143397
0.0141678
0.0143509
0.0145359
0.0145186
0.0147253
0.0148291
0.0143555
0.0140714
0.0145193
0.0150106
0.0151676
0.01539
0.0157835
0.0161284
0.0165198
0.0170661
0.0175193
0.0177513
0.0180144
0.0184929
0.0190352
0.0194163
0.0196735
0.0200591
0.020627
0.0211436
0.0215111
0.0218884
0.022393
0.0229324
0.0233865
0.0238019
0.0242796
0.0248082
0.0253218
0.0258185
0.026331
0.026854
0.0273825
0.0279394
0.0285142
0.0290658
0.0296166
0.0302154
0.0308477
0.0314539
0.0320368
0.0326447
0.0332842
0.0339267
0.0345703
0.0352197
0.0359009
0.0366114
0.0373223
0.038044
0.038794
0.0395555
0.0403082
0.0410343
0.0417359
0.042515
0.0433671
0.0442476
0.0451152
0.0459889
0.0468523
0.0477498
0.048655
0.0495713
0.0505073
0.0514638
0.0524424
0.0534236
0.0544429
0.0554691
0.0565386
0.0576041
0.0587086
0.0598359
0.0609846
0.0621688
0.0633545
0.0645797
0.0658192
0.067086
0.0683984
0.0697042
0.0710631
0.0724017
0.0737917
0.0751911
0.0766144
0.0780583
0.0795098
0.0809625
0.0823539
0.0837534
0.0848802
0.0143491
0.0141015
0.0142583
0.0145671
0.01464
0.0147951
0.0149278
0.0145665
0.0142645
0.0146241
0.015132
0.0153282
0.015503
0.0158415
0.0161769
0.0165722
0.0171287
0.0175844
0.017798
0.0180502
0.0185355
0.0190844
0.0194629
0.0197087
0.0200838
0.0206562
0.0211801
0.0215384
0.0219029
0.0224098
0.0229564
0.0234078
0.0238172
0.0242939
0.0248237
0.0253371
0.0258324
0.0263429
0.0268643
0.0273922
0.0279498
0.0285256
0.0290759
0.0296226
0.0302195
0.0308538
0.0314604
0.0320404
0.0326468
0.0332894
0.0339338
0.0345752
0.0352241
0.0359071
0.0366169
0.0373252
0.038046
0.0387953
0.0395544
0.0403051
0.0410356
0.041746
0.0425268
0.0433734
0.0442493
0.045115
0.0459886
0.0468532
0.047751
0.0486559
0.0495728
0.0505096
0.0514659
0.0524443
0.0534261
0.0544459
0.0554719
0.0565412
0.057607
0.0587118
0.0598388
0.0609873
0.062171
0.0633568
0.064582
0.0658215
0.0670883
0.0683999
0.0697052
0.0710641
0.0724031
0.0737935
0.0751929
0.076617
0.0780611
0.0795143
0.0809695
0.0823621
0.0837662
0.0848915
0.014398
0.0140586
0.0141477
0.0145714
0.0147786
0.0148955
0.0150081
0.014736
0.0144621
0.0147594
0.0152478
0.0154696
0.015627
0.0159174
0.0162271
0.0166204
0.0171921
0.0176565
0.0178488
0.0180828
0.0185789
0.0191388
0.0195112
0.0197453
0.0201111
0.0206852
0.0212172
0.0215688
0.0219183
0.0224265
0.0229819
0.023431
0.0238333
0.0243086
0.0248398
0.0253532
0.0258471
0.0263554
0.0268751
0.0274024
0.0279605
0.0285374
0.0290864
0.0296289
0.0302239
0.0308601
0.0314675
0.0320444
0.032649
0.0332947
0.0339413
0.0345804
0.0352285
0.0359133
0.0366225
0.0373282
0.0380479
0.0387968
0.0395537
0.0403026
0.0410372
0.0417556
0.0425381
0.0433796
0.0442513
0.045115
0.0459885
0.0468541
0.0477524
0.0486568
0.0495743
0.0505119
0.0514681
0.0524463
0.0534288
0.054449
0.0554748
0.0565438
0.05761
0.0587151
0.0598417
0.0609902
0.0621734
0.0633592
0.0645845
0.0658238
0.0670906
0.0684015
0.0697063
0.0710651
0.0724045
0.0737954
0.0751948
0.0766198
0.078064
0.079519
0.0809769
0.0823707
0.0837793
0.0849034
0.0144798
0.0140559
0.0140362
0.014537
0.0149197
0.015037
0.0150905
0.0148681
0.0146402
0.0149171
0.0153783
0.0155928
0.0157459
0.0160139
0.0162891
0.0166629
0.0172501
0.0177363
0.0179089
0.0181123
0.0186186
0.0191993
0.0195641
0.0197818
0.0201406
0.0207156
0.0212543
0.0216018
0.0219358
0.0224426
0.0230083
0.0234565
0.0238505
0.0243236
0.0248564
0.0253702
0.0258627
0.0263685
0.0268865
0.0274132
0.0279716
0.0285496
0.0290975
0.0296357
0.0302285
0.0308668
0.0314751
0.032049
0.0326514
0.0333001
0.0339491
0.0345859
0.0352329
0.0359196
0.0366283
0.0373313
0.03805
0.0387983
0.0395533
0.0403006
0.0410389
0.0417648
0.0425489
0.0433858
0.0442536
0.0451153
0.0459886
0.0468551
0.0477539
0.0486578
0.0495759
0.0505143
0.0514703
0.0524484
0.0534315
0.0544521
0.0554778
0.0565466
0.0576132
0.0587185
0.0598448
0.0609931
0.0621759
0.0633617
0.0645871
0.0658263
0.067093
0.0684031
0.0697075
0.0710663
0.072406
0.0737974
0.0751967
0.0766227
0.0780673
0.0795239
0.0809847
0.0823795
0.0837926
0.0849159
0.0145801
0.0141024
0.0139481
0.0144626
0.015042
0.0152192
0.015198
0.0149776
0.0147821
0.0150758
0.0155384
0.0157156
0.0158446
0.0161194
0.0163741
0.0167068
0.0172962
0.0178182
0.0179836
0.0181433
0.0186495
0.0192631
0.0196258
0.0198183
0.0201694
0.020749
0.0212924
0.0216362
0.0219559
0.0224587
0.0230347
0.0234843
0.0238693
0.0243387
0.0248734
0.025388
0.0258792
0.0263824
0.0268984
0.0274247
0.0279831
0.0285621
0.0291091
0.029643
0.0302334
0.0308737
0.0314833
0.0320541
0.0326539
0.0333056
0.0339573
0.0345916
0.0352373
0.035926
0.0366343
0.0373346
0.0380521
0.0388
0.0395532
0.040299
0.0410408
0.0417736
0.0425592
0.043392
0.044256
0.0451158
0.0459888
0.0468562
0.0477554
0.0486589
0.0495775
0.0505168
0.0514726
0.0524506
0.0534343
0.0544554
0.0554808
0.0565495
0.0576164
0.0587221
0.0598479
0.0609961
0.0621784
0.0633642
0.0645897
0.0658288
0.0670954
0.0684049
0.0697087
0.0710676
0.0724076
0.0737996
0.0751988
0.0766259
0.0780708
0.079529
0.0809931
0.0823886
0.0838061
0.084929
0.0146845
0.0141919
0.0139091
0.0143656
0.0151204
0.0154265
0.0153474
0.0150847
0.0148902
0.0152096
0.0157204
0.0158618
0.0159236
0.0162151
0.0164844
0.0167656
0.0173293
0.0178923
0.0180741
0.0181843
0.0186693
0.0193234
0.0196993
0.019859
0.0201946
0.0207845
0.0213341
0.0216713
0.0219778
0.0224761
0.0230609
0.0235137
0.0238903
0.0243545
0.0248906
0.0254065
0.0258967
0.0263972
0.026911
0.0274366
0.0279952
0.028575
0.0291212
0.0296508
0.0302386
0.0308809
0.031492
0.0320597
0.0326565
0.0333111
0.0339658
0.0345976
0.0352417
0.0359325
0.0366406
0.0373381
0.0380544
0.0388019
0.0395535
0.040298
0.041043
0.0417821
0.0425691
0.0433981
0.0442587
0.0451167
0.0459891
0.0468574
0.047757
0.0486601
0.0495793
0.0505194
0.0514751
0.052453
0.0534372
0.0544587
0.055484
0.0565526
0.0576197
0.0587257
0.0598511
0.0609993
0.0621811
0.0633669
0.0645925
0.0658314
0.067098
0.0684067
0.0697101
0.071069
0.0724092
0.073802
0.0752009
0.0766291
0.0780747
0.0795342
0.0810019
0.0823981
0.0838198
0.0849427
0.0147859
0.0143116
0.0139336
0.0142734
0.0151383
0.0156336
0.0155444
0.0152124
0.0149803
0.0152988
0.0158993
0.0160514
0.0160044
0.0162811
0.0166053
0.0168537
0.0173598
0.0179484
0.0181723
0.0182449
0.0186834
0.0193712
0.0197827
0.0199102
0.0202147
0.0208181
0.0213818
0.0217089
0.0219995
0.022495
0.0230879
0.023544
0.0239133
0.0243714
0.0249081
0.0254256
0.0259151
0.026413
0.0269243
0.027449
0.0280077
0.0285884
0.0291339
0.0296591
0.030244
0.0308884
0.0315014
0.032066
0.0326594
0.0333167
0.0339748
0.034604
0.0352461
0.035939
0.0366471
0.0373417
0.0380568
0.038804
0.0395541
0.0402975
0.0410453
0.0417902
0.0425785
0.0434041
0.0442617
0.0451178
0.0459897
0.0468587
0.0477588
0.0486614
0.0495811
0.0505221
0.0514775
0.0524554
0.0534401
0.0544621
0.0554873
0.0565557
0.0576231
0.0587294
0.0598545
0.0610025
0.0621839
0.0633698
0.0645953
0.0658341
0.0671006
0.0684087
0.0697115
0.0710706
0.0724109
0.0738045
0.0752032
0.0766326
0.0780789
0.0795397
0.0810111
0.0824079
0.0838337
0.084957
0.0148805
0.0144533
0.0140177
0.0142145
0.0151004
0.0158068
0.0157792
0.0153789
0.0150732
0.0153453
0.0160439
0.0162805
0.0161169
0.0163143
0.0167128
0.016975
0.0174052
0.0179843
0.0182643
0.0183287
0.0187035
0.0194008
0.0198678
0.0199785
0.0202338
0.020844
0.0214354
0.0217531
0.0220197
0.0225135
0.0231173
0.0235753
0.0239375
0.0243898
0.0249263
0.0254453
0.0259344
0.0264298
0.0269385
0.0274619
0.0280205
0.0286024
0.0291473
0.029668
0.0302497
0.0308962
0.0315115
0.032073
0.0326624
0.0333224
0.0339841
0.0346108
0.0352505
0.0359455
0.0366539
0.0373456
0.0380593
0.0388062
0.0395551
0.0402976
0.0410479
0.041798
0.0425876
0.04341
0.0442648
0.0451192
0.0459905
0.0468601
0.0477606
0.0486628
0.049583
0.0505248
0.0514801
0.0524579
0.0534432
0.0544657
0.0554907
0.056559
0.0576267
0.0587332
0.0598579
0.0610059
0.0621868
0.0633727
0.0645982
0.0658368
0.0671033
0.0684107
0.0697131
0.0710723
0.0724127
0.0738071
0.0752057
0.0766362
0.0780834
0.0795453
0.0810208
0.0824182
0.0838477
0.0849717
0.0149543
0.0146145
0.0141494
0.0142116
0.0150322
0.0159158
0.0160296
0.0155931
0.0151926
0.015368
0.0161265
0.0165211
0.0162916
0.016338
0.01678
0.0171126
0.0174843
0.0180134
0.0183358
0.018426
0.0187433
0.0194163
0.0199423
0.020065
0.0202607
0.0208584
0.0214895
0.0218085
0.0220407
0.0225281
0.0231493
0.0236098
0.0239617
0.024409
0.0249459
0.0254657
0.0259542
0.0264473
0.0269536
0.0274756
0.0280337
0.0286167
0.0291616
0.0296776
0.0302555
0.0309042
0.0315223
0.0320808
0.0326657
0.0333279
0.0339938
0.0346181
0.0352549
0.035952
0.0366609
0.0373496
0.0380619
0.0388087
0.0395565
0.0402981
0.0410508
0.0418055
0.0425962
0.0434158
0.0442682
0.0451209
0.0459914
0.0468616
0.0477626
0.0486643
0.0495851
0.0505277
0.0514828
0.0524606
0.0534464
0.0544693
0.0554943
0.0565624
0.0576303
0.0587372
0.0598614
0.0610093
0.0621899
0.0633757
0.0646013
0.0658396
0.0671061
0.0684129
0.0697147
0.0710741
0.0724146
0.0738099
0.0752084
0.0766399
0.0780884
0.0795511
0.0810308
0.0824289
0.0838619
0.084987
0.0149825
0.01479
0.0143199
0.0142697
0.0149643
0.0159509
0.0162637
0.0158498
0.0153581
0.015392
0.0161409
0.0167359
0.0165344
0.0163863
0.0167975
0.0172385
0.0176022
0.0180571
0.0183842
0.0185189
0.0188095
0.0194324
0.0199957
0.0201606
0.0203055
0.0208635
0.0215362
0.0218766
0.022068
0.0225362
0.0231811
0.0236502
0.0239869
0.0244272
0.024967
0.0254877
0.0259746
0.0264654
0.0269697
0.0274903
0.0280472
0.0286313
0.0291766
0.0296881
0.0302616
0.0309122
0.0315339
0.0320896
0.0326692
0.0333333
0.0340039
0.034626
0.0352593
0.0359585
0.0366681
0.0373539
0.0380646
0.0388113
0.0395584
0.0402992
0.0410538
0.0418128
0.0426045
0.0434216
0.0442717
0.0451229
0.0459926
0.0468633
0.0477648
0.048666
0.0495872
0.0505306
0.0514856
0.0524634
0.0534497
0.054473
0.0554979
0.0565659
0.0576341
0.0587412
0.0598651
0.0610129
0.062193
0.0633789
0.0646044
0.0658425
0.067109
0.0684152
0.0697165
0.0710761
0.0724165
0.0738129
0.0752112
0.0766437
0.0780937
0.0795572
0.0810413
0.0824401
0.0838762
0.0850028
0.0149424
0.0149626
0.0145258
0.0143806
0.0149248
0.0159269
0.0164488
0.0161306
0.0155775
0.0154482
0.0161067
0.0168844
0.0168191
0.0165002
0.0167866
0.0173201
0.0177405
0.018137
0.0184258
0.0185893
0.0188907
0.0194671
0.0200303
0.0202503
0.0203736
0.0208694
0.0215677
0.0219528
0.0221088
0.0225387
0.0232073
0.0236973
0.0240164
0.0244431
0.0249884
0.0255124
0.025996
0.0264835
0.0269864
0.027506
0.0280615
0.0286462
0.0291924
0.0296995
0.030268
0.0309202
0.031546
0.0320994
0.0326731
0.0333385
0.0340142
0.0346344
0.0352639
0.0359649
0.0366757
0.0373585
0.0380676
0.0388142
0.0395607
0.0403008
0.0410571
0.0418199
0.0426125
0.0434272
0.0442755
0.0451252
0.0459939
0.0468651
0.047767
0.0486677
0.0495894
0.0505336
0.0514885
0.0524663
0.0534531
0.0544768
0.0555017
0.0565696
0.057638
0.0587454
0.0598688
0.0610166
0.0621963
0.0633821
0.0646077
0.0658456
0.067112
0.0684176
0.0697183
0.0710783
0.0724186
0.0738159
0.0752143
0.0766477
0.0780995
0.0795636
0.081052
0.0824518
0.0838907
0.085019
0.0148366
0.0151011
0.0147609
0.0145377
0.0149276
0.0158694
0.0165665
0.0164079
0.0158426
0.0155621
0.0160558
0.0169435
0.017105
0.0167009
0.0167831
0.0173427
0.0178696
0.0182581
0.0184854
0.0186345
0.0189648
0.0195302
0.0200637
0.0203196
0.0204571
0.0208894
0.0215828
0.0220273
0.022168
0.0225419
0.0232231
0.0237484
0.0240541
0.0244572
0.0250072
0.0255402
0.02602
0.0265015
0.0270032
0.0275228
0.0280767
0.0286615
0.0292087
0.0297121
0.0302748
0.030928
0.0315587
0.0321105
0.0326776
0.0333435
0.0340248
0.0346435
0.0352686
0.0359713
0.0366835
0.0373634
0.0380707
0.0388174
0.0395634
0.0403028
0.0410606
0.0418268
0.0426202
0.0434328
0.0442794
0.0451278
0.0459955
0.0468671
0.0477695
0.0486696
0.0495917
0.0505368
0.0514915
0.0524693
0.0534565
0.0544807
0.0555056
0.0565734
0.0576419
0.0587497
0.0598727
0.0610204
0.0621998
0.0633856
0.064611
0.0658487
0.0671151
0.0684201
0.0697203
0.0710807
0.0724208
0.0738191
0.0752177
0.0766518
0.0781057
0.0795702
0.0810631
0.0824639
0.0839053
0.0850356
0.0146926
0.015175
0.0150052
0.0147393
0.0149764
0.0158057
0.0166184
0.0166538
0.0161349
0.0157419
0.0160286
0.0169213
0.0173417
0.0169724
0.0168314
0.0173232
0.0179556
0.0184008
0.0185866
0.0186745
0.0190096
0.0196073
0.0201179
0.0203689
0.0205382
0.0209327
0.0215912
0.0220894
0.0222434
0.0225543
0.0232271
0.0237975
0.0241026
0.0244733
0.025021
0.0255692
0.0260484
0.0265203
0.0270193
0.0275404
0.028093
0.0286773
0.0292257
0.0297256
0.0302823
0.0309357
0.0315717
0.0321228
0.0326828
0.0333481
0.0340356
0.0346533
0.0352734
0.0359776
0.0366916
0.0373687
0.0380739
0.0388207
0.0395666
0.0403054
0.0410644
0.0418335
0.0426277
0.0434384
0.0442836
0.0451306
0.0459972
0.0468691
0.0477721
0.0486716
0.0495941
0.05054
0.0514946
0.0524724
0.0534601
0.0544847
0.0555095
0.0565773
0.0576461
0.0587541
0.0598766
0.0610243
0.0622033
0.0633891
0.0646145
0.0658519
0.0671182
0.0684228
0.0697223
0.0710832
0.0724232
0.0738224
0.0752214
0.076656
0.0781123
0.0795773
0.0810743
0.0824766
0.0839197
0.0850525
0.0145416
0.0151801
0.0152248
0.0149783
0.0150757
0.0157583
0.0166175
0.01685
0.016431
0.0159763
0.0160608
0.0168521
0.0174906
0.0172764
0.0169632
0.017295
0.0179818
0.0185347
0.018733
0.0187382
0.0190216
0.0196715
0.0202061
0.020419
0.0205987
0.0209928
0.0216084
0.022134
0.0223254
0.022584
0.0232236
0.0238378
0.0241607
0.0244966
0.0250299
0.0255961
0.0260817
0.0265414
0.0270341
0.0275579
0.0281106
0.0286939
0.0292433
0.0297402
0.0302904
0.0309432
0.031585
0.0321363
0.0326887
0.0333525
0.0340465
0.0346639
0.0352785
0.0359838
0.0367001
0.0373744
0.0380773
0.0388243
0.0395703
0.0403085
0.0410684
0.0418402
0.0426349
0.0434438
0.0442879
0.0451338
0.0459992
0.0468714
0.047775
0.0486738
0.0495966
0.0505433
0.0514979
0.0524757
0.0534638
0.0544889
0.0555137
0.0565813
0.0576503
0.0587586
0.0598807
0.0610283
0.062207
0.0633928
0.064618
0.0658553
0.0671214
0.0684256
0.0697245
0.0710859
0.0724258
0.0738258
0.0752254
0.0766603
0.0781193
0.0795847
0.0810858
0.0824899
0.0839346
0.0850697
0.0144077
0.0151386
0.0153899
0.0152341
0.0152305
0.0157453
0.0165803
0.0169875
0.01671
0.0162462
0.016165
0.0167802
0.0175434
0.0175617
0.0171774
0.0173002
0.0179615
0.0186263
0.0189022
0.0188528
0.0190253
0.0196945
0.0203123
0.0204969
0.0206369
0.0210496
0.0216466
0.0221694
0.0224014
0.0226325
0.0232218
0.0238649
0.0242226
0.0245307
0.0250367
0.0256181
0.0261189
0.0265673
0.027048
0.0275742
0.0281294
0.0287116
0.0292618
0.0297559
0.0302991
0.0309507
0.0315985
0.0321511
0.0326957
0.0333567
0.0340574
0.0346754
0.0352838
0.0359898
0.0367088
0.0373806
0.0380809
0.0388281
0.0395745
0.0403121
0.0410726
0.0418467
0.0426419
0.0434491
0.0442924
0.0451373
0.0460013
0.0468738
0.047778
0.0486762
0.0495993
0.0505468
0.0515012
0.0524791
0.0534675
0.0544931
0.055518
0.0565855
0.0576546
0.0587632
0.0598849
0.0610325
0.0622108
0.0633966
0.0646216
0.0658587
0.0671248
0.0684286
0.0697269
0.0710887
0.0724286
0.0738293
0.0752297
0.0766649
0.0781266
0.0795926
0.0810974
0.0825036
0.0839498
0.0850871
0.0142973
0.0150747
0.0154963
0.0154754
0.0154323
0.0157839
0.0165295
0.0170642
0.0169561
0.0165314
0.0163328
0.0167493
0.0175246
0.0177809
0.0174447
0.017373
0.0179239
0.0186593
0.0190623
0.019022
0.0190541
0.0196704
0.0204038
0.0206202
0.0206768
0.0210812
0.0217004
0.0222123
0.0224639
0.0226917
0.0232309
0.0238805
0.0242819
0.0245766
0.0250454
0.0256333
0.0261573
0.0265996
0.0270629
0.0275886
0.0281485
0.0287304
0.0292812
0.0297728
0.0303084
0.030958
0.0316122
0.0321671
0.0327036
0.0333605
0.0340682
0.0346878
0.0352895
0.0359954
0.0367179
0.0373873
0.0380846
0.038832
0.0395792
0.0403162
0.0410771
0.0418532
0.0426488
0.0434544
0.0442971
0.0451411
0.0460037
0.0468764
0.0477812
0.0486788
0.0496021
0.0505503
0.0515047
0.0524827
0.0534713
0.0544974
0.0555224
0.0565897
0.057659
0.058768
0.0598892
0.0610368
0.0622147
0.0634005
0.0646253
0.0658623
0.0671282
0.0684316
0.0697294
0.0710917
0.0724317
0.0738329
0.0752344
0.0766696
0.0781342
0.0796009
0.0811091
0.0825178
0.0839652
0.0851047
0.0142097
0.0150045
0.0155607
0.0156784
0.015657
0.0158832
0.0164943
0.0170888
0.017154
0.0168131
0.0165471
0.0167805
0.0174727
0.0179137
0.0177224
0.0175218
0.0179063
0.0186445
0.0191797
0.0192215
0.0191411
0.019626
0.0204452
0.0207726
0.0207506
0.0210834
0.0217468
0.0222769
0.0225201
0.0227488
0.0232548
0.0238918
0.0243331
0.0246324
0.0250602
0.0256419
0.0261938
0.026638
0.0270805
0.0276011
0.0281673
0.0287507
0.0293016
0.0297911
0.0303186
0.0309648
0.031626
0.0321845
0.0327127
0.033364
0.0340789
0.0347013
0.0352956
0.0360006
0.0367271
0.0373948
0.0380886
0.0388361
0.0395844
0.0403208
0.0410817
0.0418597
0.0426556
0.0434596
0.0443019
0.0451453
0.0460063
0.0468791
0.0477846
0.0486815
0.049605
0.0505539
0.0515084
0.0524863
0.0534752
0.0545019
0.0555269
0.0565941
0.0576635
0.0587728
0.0598935
0.0610411
0.0622187
0.0634046
0.0646292
0.065866
0.0671317
0.0684348
0.0697322
0.0710948
0.072435
0.0738366
0.0752393
0.0766746
0.078142
0.0796098
0.0811209
0.0825323
0.083981
0.0851224
0.0141489
0.014932
0.0155963
0.0158433
0.0158753
0.0160307
0.0165026
0.0170823
0.0172933
0.0170732
0.0167906
0.0168741
0.0174298
0.0179701
0.0179649
0.0177282
0.017939
0.0186079
0.0192379
0.019417
0.0192944
0.0195992
0.0204235
0.0209174
0.0208832
0.0210823
0.0217596
0.022359
0.0225881
0.0227951
0.0232869
0.0239073
0.0243743
0.0246932
0.0250851
0.0256459
0.0262259
0.0266823
0.0271022
0.0276114
0.0281847
0.0287721
0.0293235
0.0298111
0.0303301
0.0309711
0.0316392
0.0322035
0.0327231
0.0333668
0.0340894
0.034716
0.0353024
0.0360054
0.0367364
0.037403
0.038093
0.0388403
0.03959
0.040326
0.0410866
0.0418661
0.0426623
0.0434649
0.0443068
0.0451497
0.046009
0.046882
0.0477882
0.0486845
0.049608
0.0505576
0.0515123
0.0524902
0.0534792
0.0545065
0.0555316
0.0565986
0.0576681
0.0587779
0.059898
0.0610456
0.0622229
0.0634088
0.064633
0.0658699
0.0671354
0.0684381
0.0697352
0.0710979
0.0724386
0.0738404
0.0752445
0.0766799
0.0781501
0.0796192
0.0811329
0.0825472
0.083997
0.0851403
0.0141297
0.014865
0.0156061
0.0159813
0.0160728
0.0162009
0.0165632
0.0170755
0.0173789
0.0172935
0.0170429
0.0170205
0.0174254
0.0179776
0.0181458
0.0179616
0.0180334
0.0185815
0.0192458
0.0195736
0.0194912
0.0196273
0.0203634
0.0210128
0.0210614
0.0211151
0.0217303
0.0224329
0.0226849
0.0228368
0.0233149
0.0239324
0.0244093
0.0247528
0.0251215
0.0256477
0.0262505
0.0267321
0.0271309
0.0276205
0.0281999
0.0287941
0.0293464
0.0298323
0.0303431
0.0309773
0.0316517
0.0322242
0.0327357
0.0333689
0.0340991
0.0347321
0.03531
0.0360097
0.0367458
0.0374119
0.0380976
0.0388446
0.039596
0.0403316
0.0410918
0.0418724
0.042669
0.0434701
0.0443119
0.0451545
0.0460119
0.046885
0.047792
0.0486877
0.0496111
0.0505614
0.0515163
0.0524941
0.0534832
0.0545112
0.0555364
0.0566032
0.0576728
0.058783
0.0599026
0.0610503
0.0622272
0.0634132
0.064637
0.0658738
0.0671392
0.0684414
0.0697384
0.0711012
0.0724425
0.0738444
0.07525
0.0766856
0.0781583
0.0796291
0.0811451
0.0825624
0.0840134
0.0851583
0.014152
0.0148185
0.0155897
0.0160913
0.0162577
0.0163734
0.0166616
0.0170938
0.0174296
0.0174641
0.0172813
0.0172031
0.017471
0.0179685
0.0182635
0.0181864
0.0181793
0.0185917
0.0192268
0.0196749
0.0196974
0.0197245
0.0203047
0.0210373
0.0212461
0.0212145
0.0216846
0.0224673
0.0228088
0.0228942
0.0233289
0.0239625
0.0244457
0.0248078
0.0251691
0.025652
0.0262635
0.0267837
0.0271693
0.0276292
0.0282117
0.0288173
0.0293712
0.0298546
0.0303574
0.0309835
0.0316628
0.0322459
0.0327509
0.0333706
0.0341075
0.0347498
0.035319
0.0360131
0.036755
0.0374216
0.0381026
0.0388491
0.0396025
0.0403376
0.0410972
0.0418787
0.0426756
0.0434755
0.0443172
0.0451596
0.0460175
0.0468884
0.0477961
0.0486913
0.0496142
0.0505652
0.0515206
0.0524983
0.0534871
0.054516
0.0555413
0.056608
0.0576776
0.0587882
0.0599072
0.061055
0.0622316
0.0634176
0.0646412
0.0658778
0.0671432
0.0684448
0.0697419
0.0711045
0.0724466
0.0738487
0.0752556
0.0766917
0.0781667
0.0796395
0.0811575
0.0825778
0.0840301
0.0851764
0.0142077
0.0148025
0.0155594
0.0161613
0.0164309
0.0165483
0.0167802
0.017144
0.0174687
0.0175909
0.0174899
0.0174008
0.0175648
0.0179714
0.0183326
0.0183765
0.0183548
0.018649
0.0192078
0.0197257
0.0198795
0.0198743
0.0202873
0.0210085
0.0213919
0.0213766
0.021663
0.0224448
0.0229326
0.0229879
0.0233336
0.0239849
0.0244883
0.024858
0.025225
0.0256664
0.0262647
0.0268307
0.0272198
0.0276402
0.0282173
0.0288403
0.0293992
0.0298787
0.0303731
0.0309901
0.0316727
0.032268
0.0327688
0.0333722
0.034114
0.0347686
0.0353298
0.036016
0.0367638
0.0374323
0.038108
0.0388537
0.0396094
0.0403442
0.0411028
0.0418849
0.0426823
0.0434809
0.0443225
0.0451649
0.0460208
0.0468917
0.0478004
0.0486951
0.0496175
0.0505691
0.051525
0.0525026
0.0534912
0.054521
0.0555464
0.0566128
0.0576824
0.0587936
0.059912
0.0610599
0.0622361
0.0634221
0.0646454
0.0658818
0.0671474
0.0684482
0.0697457
0.0711081
0.0724509
0.0738531
0.0752613
0.0766982
0.0781752
0.0796503
0.0811701
0.0825933
0.084047
0.0851945
0.0142904
0.0148377
0.015545
0.0161942
0.0165769
0.0167289
0.0169117
0.0172189
0.0175141
0.0176862
0.0176656
0.0175926
0.0176936
0.0180049
0.0183739
0.018524
0.0185343
0.018748
0.0192114
0.0197432
0.020019
0.0200478
0.0203297
0.0209638
0.0214708
0.0215639
0.0217043
0.0223864
0.0230217
0.023122
0.0233496
0.0239885
0.0245341
0.0249065
0.0252821
0.0256953
0.0262592
0.0268659
0.0272826
0.0276612
0.0282151
0.0288591
0.0294308
0.0299047
0.0303893
0.0309972
0.0316818
0.0322908
0.0327897
0.0333744
0.0341183
0.0347877
0.0353428
0.0360187
0.0367717
0.0374439
0.0381142
0.0388582
0.0396168
0.0403514
0.0411085
0.041891
0.042689
0.0434865
0.0443279
0.0451704
0.0460246
0.0468951
0.0478048
0.0486993
0.0496209
0.050573
0.0515297
0.0525071
0.0534951
0.054526
0.0555515
0.0566178
0.0576873
0.058799
0.0599168
0.0610648
0.0622409
0.0634267
0.0646499
0.0658859
0.0671518
0.0684517
0.0697496
0.0711117
0.0724554
0.073858
0.0752672
0.0767052
0.078184
0.0796614
0.081183
0.0826088
0.0840642
0.0852128
0.0143895
0.0149005
0.0155642
0.0162111
0.0166798
0.0169044
0.0170576
0.0173107
0.0175722
0.0177614
0.0178118
0.0177681
0.0178384
0.0180747
0.0184096
0.0186346
0.0186985
0.0188729
0.019249
0.0197479
0.0201154
0.0202158
0.0204216
0.0209411
0.0214912
0.0217312
0.0218154
0.0223323
0.0230513
0.0232732
0.0234009
0.0239754
0.0245734
0.0249588
0.0253363
0.025738
0.0262556
0.0268817
0.0273492
0.0277001
0.0282098
0.0288691
0.0294668
0.0299357
0.0304052
0.0310033
0.0316894
0.0323135
0.0328136
0.0333778
0.0341207
0.0348071
0.0353582
0.0360215
0.0367786
0.0374561
0.0381213
0.0388627
0.0396242
0.0403591
0.0411145
0.0418968
0.0426959
0.0434923
0.0443334
0.0451761
0.0460286
0.0468985
0.0478094
0.0487039
0.0496243
0.0505769
0.0515346
0.0525118
0.0534992
0.0545313
0.0555567
0.0566228
0.0576923
0.0588046
0.0599217
0.0610697
0.0622457
0.0634312
0.0646545
0.0658901
0.0671564
0.0684554
0.0697538
0.0711157
0.0724599
0.0738631
0.0752731
0.0767124
0.078193
0.0796728
0.0811962
0.0826245
0.0840815
0.0852311
0.0145014
0.0149798
0.0156148
0.0162383
0.016747
0.0170543
0.0172142
0.0174182
0.0176451
0.0178267
0.0179307
0.0179271
0.0179828
0.0181719
0.0184563
0.0187192
0.0188406
0.0190055
0.01932
0.0197593
0.020178
0.0203615
0.0205403
0.0209614
0.0214847
0.0218453
0.0219671
0.0223222
0.0230289
0.0234064
0.0234989
0.0239632
0.0245943
0.025015
0.0253887
0.02579
0.0262643
0.0268798
0.0274064
0.0277588
0.0282096
0.0288646
0.0295018
0.0299763
0.0304235
0.0310078
0.0316959
0.0323363
0.0328403
0.0333823
0.0341205
0.0348259
0.0353758
0.0360249
0.0367848
0.0374688
0.0381293
0.0388673
0.0396316
0.0403675
0.0411208
0.0419024
0.0427028
0.0434984
0.0443388
0.0451821
0.0460331
0.046902
0.047814
0.0487088
0.0496279
0.0505808
0.0515397
0.0525166
0.0535031
0.0545367
0.0555621
0.0566279
0.0576974
0.0588102
0.0599268
0.0610747
0.0622508
0.0634358
0.0646592
0.0658942
0.0671611
0.0684591
0.0697581
0.07112
0.0724645
0.0738687
0.0752793
0.0767201
0.0782022
0.0796843
0.0812096
0.0826401
0.0840989
0.0852494
0.0146231
0.0150707
0.0156833
0.0162904
0.0168003
0.0171678
0.0173664
0.0175392
0.0177336
0.0178934
0.0180255
0.0180695
0.0181206
0.0182817
0.0185217
0.0187896
0.0189614
0.0191322
0.0194131
0.019791
0.0202188
0.0204806
0.0206652
0.0210201
0.0214849
0.0219062
0.0221207
0.0223729
0.0229873
0.0234931
0.0236282
0.0239745
0.0245942
0.0250669
0.0254418
0.0258439
0.0262901
0.0268717
0.0274443
0.0278314
0.0282271
0.0288469
0.0295255
0.0300261
0.0304478
0.0310091
0.0316997
0.0323598
0.0328713
0.0333891
0.0341178
0.0348438
0.0353958
0.0360285
0.0367898
0.0374819
0.0381382
0.0388721
0.039639
0.0403763
0.0411277
0.041908
0.0427099
0.0435047
0.0443441
0.0451883
0.046038
0.0469055
0.0478187
0.0487142
0.0496315
0.0505848
0.0515451
0.0525215
0.053507
0.0545422
0.0555676
0.056633
0.0577027
0.0588159
0.059932
0.0610797
0.0622561
0.0634403
0.0646643
0.0658985
0.0671659
0.0684631
0.0697624
0.0711245
0.0724691
0.0738745
0.0752855
0.0767279
0.0782118
0.079696
0.0812233
0.0826559
0.0841163
0.0852677
0.0147495
0.0151733
0.0157602
0.0163601
0.0168633
0.0172563
0.0174997
0.0176645
0.0178348
0.0179708
0.018104
0.0181912
0.0182511
0.0183927
0.0186029
0.0188572
0.0190647
0.019249
0.0195142
0.0198475
0.020252
0.0205742
0.0207844
0.0210995
0.0215119
0.0219364
0.0222436
0.0224698
0.0229615
0.0235299
0.023761
0.0240242
0.0245861
0.0251048
0.0254964
0.0258965
0.0263286
0.026869
0.0274595
0.0279027
0.0282716
0.0288289
0.0295298
0.0300801
0.030485
0.0310079
0.0316962
0.0323822
0.0329063
0.0333989
0.0341122
0.0348604
0.0354192
0.036033
0.0367936
0.0374957
0.0381482
0.0388767
0.039646
0.0403854
0.0411347
0.0419133
0.042717
0.0435113
0.0443493
0.0451947
0.0460432
0.046909
0.0478235
0.04872
0.0496351
0.0505887
0.0515507
0.0525265
0.053511
0.0545478
0.0555731
0.0566381
0.057708
0.0588215
0.0599374
0.0610847
0.0622615
0.0634448
0.0646693
0.0659028
0.0671706
0.0684674
0.0697668
0.0711294
0.0724738
0.0738806
0.075292
0.0767359
0.0782217
0.0797077
0.081237
0.0826716
0.0841337
0.085286
0.0148733
0.0152872
0.0158472
0.0164432
0.0169445
0.0173377
0.0176132
0.0177841
0.0179412
0.0180616
0.018179
0.0182919
0.0183715
0.0185007
0.0186908
0.0189285
0.0191545
0.0193557
0.0196136
0.0199224
0.0202914
0.0206457
0.0208942
0.0211863
0.0215642
0.0219629
0.0223258
0.0225847
0.0229725
0.0235344
0.0238707
0.024106
0.0245883
0.0251255
0.0255482
0.0259493
0.0263738
0.0268797
0.0274615
0.0279573
0.0283363
0.0288252
0.0295128
0.0301262
0.0305407
0.031013
0.0316835
0.032401
0.032947
0.0334128
0.0341025
0.0348735
0.0354455
0.0360388
0.0367955
0.0375103
0.03816
0.0388814
0.0396527
0.0403953
0.0411424
0.0419187
0.0427245
0.043518
0.0443541
0.045201
0.0460489
0.0469124
0.0478283
0.0487262
0.0496389
0.0505927
0.0515566
0.0525316
0.0535148
0.0545534
0.0555788
0.0566433
0.0577135
0.0588269
0.0599428
0.0610896
0.0622669
0.0634494
0.0646744
0.0659074
0.0671753
0.0684719
0.0697711
0.0711345
0.0724786
0.0738868
0.0752989
0.076744
0.0782319
0.0797196
0.0812509
0.0826874
0.0841509
0.0853041
0.0149882
0.0154059
0.0159442
0.0165188
0.0170288
0.0174213
0.0177134
0.0178947
0.018044
0.0181606
0.0182595
0.0183781
0.0184779
0.0186047
0.0187795
0.0190033
0.0192365
0.0194525
0.0197077
0.0200039
0.0203442
0.0207032
0.0209912
0.0212749
0.0216294
0.0220033
0.02238
0.0226916
0.0230216
0.0235304
0.0239469
0.0242021
0.0246124
0.0251367
0.0255896
0.0260019
0.0264214
0.0269025
0.0274632
0.0279912
0.0284066
0.0288478
0.0294864
0.0301489
0.0306072
0.0310341
0.0316618
0.0324098
0.0329944
0.0334357
0.0340902
0.034882
0.0354752
0.0360468
0.0367947
0.0375242
0.0381736
0.0388858
0.039658
0.0404053
0.0411506
0.0419239
0.0427324
0.0435252
0.0443586
0.045208
0.0460553
0.0469159
0.0478331
0.0487328
0.0496427
0.0505965
0.0515626
0.0525367
0.053519
0.0545592
0.0555847
0.0566484
0.0577192
0.0588325
0.0599485
0.0610946
0.0622724
0.063454
0.0646794
0.0659122
0.0671799
0.0684767
0.0697756
0.0711399
0.0724835
0.073893
0.0753059
0.0767522
0.0782423
0.0797315
0.0812646
0.0827032
0.0841682
0.0853221
0.0150892
0.0155224
0.0160536
0.016602
0.0171108
0.0175066
0.0178055
0.0179988
0.0181394
0.0182576
0.0183458
0.0184579
0.0185702
0.0187008
0.0188672
0.0190781
0.0193146
0.0195406
0.0197962
0.0200854
0.0204077
0.0207572
0.0210722
0.0213628
0.0216982
0.022058
0.0224253
0.0227756
0.023095
0.0235376
0.0239936
0.0242957
0.0246583
0.0251504
0.0256196
0.0260502
0.0264711
0.0269323
0.0274709
0.0280108
0.0284665
0.0288938
0.0294698
0.0301444
0.0306697
0.0310805
0.0316402
0.0323993
0.0330427
0.0334708
0.0340757
0.034883
0.035508
0.0360599
0.0367923
0.0375373
0.0381901
0.0388912
0.0396619
0.0404156
0.0411596
0.0419288
0.0427401
0.0435325
0.0443624
0.0452144
0.0460622
0.0469193
0.0478378
0.0487398
0.0496467
0.0506002
0.0515688
0.0525419
0.053523
0.0545647
0.0555905
0.0566536
0.0577249
0.0588378
0.0599541
0.0610997
0.0622779
0.0634589
0.0646845
0.0659172
0.0671844
0.0684817
0.0697801
0.0711453
0.0724887
0.0738992
0.0753134
0.0767605
0.0782527
0.0797434
0.0812782
0.0827188
0.084185
0.0853396
0.0151776
0.0156308
0.0161671
0.0166959
0.0171875
0.0175875
0.0178894
0.0180952
0.018229
0.018345
0.0184323
0.0185347
0.0186522
0.0187865
0.0189516
0.0191512
0.0193884
0.0196229
0.0198781
0.0201643
0.0204755
0.0208145
0.021141
0.0214455
0.0217685
0.0221182
0.0224749
0.0228381
0.0231732
0.0235658
0.0240209
0.0243751
0.0247173
0.025173
0.0256447
0.0260904
0.0265213
0.0269688
0.0274856
0.0280268
0.0285104
0.028947
0.0294756
0.0301243
0.0307094
0.0311487
0.0316356
0.0323679
0.0330828
0.0335232
0.0340638
0.0348723
0.03554
0.036078
0.0367876
0.0375473
0.0382087
0.0388982
0.0396643
0.0404258
0.04117
0.0419343
0.0427485
0.0435408
0.0443661
0.0452216
0.04607
0.0469228
0.0478424
0.0487471
0.049651
0.0506038
0.051575
0.0525471
0.0535276
0.0545703
0.0555963
0.056659
0.0577307
0.0588433
0.0599599
0.0611049
0.0622832
0.0634638
0.0646895
0.0659223
0.067189
0.0684869
0.0697849
0.0711508
0.0724941
0.0739054
0.0753211
0.0767689
0.0782633
0.0797555
0.0812917
0.0827344
0.0842024
0.085357
0.0152643
0.0157334
0.0162796
0.0168013
0.0172719
0.0176615
0.0179649
0.0181795
0.0183135
0.0184221
0.0185118
0.018607
0.0187256
0.0188621
0.0190286
0.0192227
0.0194561
0.0197
0.0199544
0.0202395
0.0205447
0.0208747
0.0212043
0.0215191
0.0218389
0.0221785
0.0225293
0.0228908
0.0232417
0.0236118
0.0240426
0.0244349
0.024781
0.0252035
0.0256701
0.0261234
0.0265664
0.027011
0.0275056
0.0280433
0.0285461
0.0289957
0.0295025
0.0301089
0.0307181
0.031219
0.031662
0.0323244
0.0331004
0.033592
0.0340641
0.0348503
0.0355695
0.0361041
0.0367833
0.037553
0.0382279
0.0389069
0.0396645
0.0404339
0.0411807
0.0419393
0.0427558
0.0435487
0.0443692
0.0452258
0.0460785
0.0469264
0.0478466
0.0487545
0.0496556
0.0506072
0.0515811
0.0525525
0.0535319
0.0545755
0.0556019
0.0566644
0.0577362
0.0588484
0.0599653
0.06111
0.0622883
0.0634687
0.0646942
0.0659273
0.0671933
0.0684919
0.0697896
0.071156
0.0724995
0.0739113
0.0753287
0.0767772
0.0782735
0.0797672
0.0813048
0.0827493
0.0842157
0.0853736
0.0153498
0.0158251
0.0163819
0.0169087
0.0173689
0.0177549
0.018047
0.018259
0.0183957
0.018495
0.0185829
0.0186745
0.0187904
0.0189292
0.019096
0.0192914
0.0195203
0.0197723
0.0200295
0.0203118
0.0206153
0.0209366
0.0212666
0.0215851
0.0219063
0.0222395
0.0225837
0.0229415
0.0232973
0.0236632
0.0240692
0.0244767
0.0248421
0.0252411
0.0256976
0.0261546
0.0266031
0.0270551
0.0275319
0.0280574
0.0285772
0.0290361
0.0295354
0.0301123
0.0307093
0.0312727
0.0317218
0.0322902
0.0330848
0.0336655
0.0340863
0.0348179
0.03559
0.036139
0.0367825
0.0375553
0.038249
0.0389204
0.0396657
0.0404415
0.0411931
0.0419461
0.042764
0.0435579
0.0443732
0.0452373
0.0460882
0.0469305
0.0478506
0.048762
0.0496608
0.0506106
0.0515867
0.0525578
0.0535372
0.0545808
0.0556074
0.0566703
0.0577419
0.0588539
0.0599712
0.0611155
0.0622935
0.063474
0.0646994
0.0659327
0.0671981
0.0684973
0.069795
0.0711615
0.0725053
0.0739176
0.0753367
0.0767861
0.0782839
0.0797793
0.081318
0.0827644
0.0842328
0.0853902
0.015464
0.015926
0.0164747
0.0169975
0.0174482
0.0178156
0.0180897
0.0182973
0.0184377
0.0185361
0.0186209
0.018715
0.0188305
0.0189745
0.0191441
0.0193445
0.0195743
0.0198313
0.0200978
0.0203777
0.0206818
0.0209967
0.0213243
0.021645
0.021966
0.022299
0.022635
0.0229893
0.0233452
0.0237093
0.0241012
0.0245068
0.0248937
0.0252842
0.0257252
0.0261858
0.0266338
0.0270943
0.0275656
0.0280695
0.0286017
0.0290724
0.0295615
0.030127
0.0306968
0.031291
0.0317927
0.0322818
0.0330381
0.0337226
0.0341353
0.0347823
0.0355913
0.0361784
0.036785
0.0375493
0.0382658
0.0389347
0.0396656
0.040446
0.0412037
0.0419523
0.0427713
0.0435664
0.044376
0.0452409
0.0460978
0.0469349
0.0478538
0.0487692
0.0496665
0.0506138
0.0515916
0.0525636
0.0535424
0.0545856
0.0556125
0.0566762
0.0577471
0.0588587
0.0599766
0.0611204
0.0622981
0.0634787
0.0647039
0.0659372
0.0672022
0.068502
0.0697998
0.0711663
0.0725106
0.0739233
0.075344
0.0767944
0.0782935
0.0797905
0.0813302
0.0827784
0.084248
0.0854061
0.0155955
0.0160571
0.0165991
0.017118
0.0175604
0.0179103
0.0181711
0.0183609
0.0184929
0.0185892
0.0186678
0.0187615
0.0188783
0.0190261
0.0192017
0.0194052
0.0196402
0.0198986
0.0201744
0.0204544
0.0207549
0.0210664
0.0213857
0.0217076
0.022025
0.0223595
0.0226899
0.0230371
0.0233944
0.0237529
0.0241405
0.0245398
0.0249384
0.0253357
0.0257594
0.0262207
0.0266686
0.0271293
0.0276074
0.0280889
0.0286205
0.0291134
0.0295877
0.0301505
0.0307064
0.0312898
0.0318583
0.0323182
0.0329863
0.0337494
0.0342113
0.0347662
0.0355743
0.0362213
0.0368021
0.0375415
0.0382821
0.0389543
0.0396688
0.0404506
0.0412144
0.0419594
0.0427797
0.0435761
0.0443791
0.0452447
0.0461076
0.0469399
0.0478565
0.0487763
0.0496733
0.0506172
0.0515958
0.0525692
0.053548
0.05459
0.0556174
0.0566825
0.0577524
0.0588639
0.0599825
0.0611256
0.0623031
0.0634841
0.0647092
0.0659426
0.0672071
0.0685074
0.0698054
0.0711717
0.0725165
0.0739296
0.0753518
0.0768033
0.0783034
0.0798021
0.0813429
0.0827927
0.0842638
0.0854216
0.0156878
0.0161274
0.0166405
0.0171362
0.0175674
0.0179159
0.0181681
0.0183472
0.0184717
0.0185684
0.018652
0.0187498
0.0188754
0.0190316
0.0192222
0.0194374
0.0196844
0.0199495
0.0202322
0.0205179
0.0208108
0.0211203
0.0214309
0.0217514
0.0220668
0.0223988
0.0227309
0.0230682
0.0234284
0.0237842
0.0241691
0.0245684
0.0249675
0.0253782
0.0257915
0.0262456
0.0266999
0.0271519
0.0276385
0.0281109
0.0286249
0.0291448
0.0296111
0.0301615
0.0307262
0.0312771
0.0318856
0.032377
0.0329482
0.03373
0.0342833
0.0347757
0.0355373
0.0362477
0.0368292
0.0375294
0.0382887
0.0389746
0.0396727
0.0404539
0.0412242
0.0419654
0.0427867
0.0435865
0.0443826
0.0452467
0.0461174
0.0469463
0.0478577
0.0487822
0.0496808
0.0506204
0.0515986
0.0525755
0.0535544
0.0545944
0.0556224
0.0566891
0.0577573
0.0588685
0.0599882
0.0611305
0.0623076
0.0634888
0.0647135
0.0659468
0.0672111
0.068512
0.0698103
0.0711763
0.0725216
0.0739351
0.0753587
0.0768113
0.0783123
0.0798123
0.0813542
0.0828055
0.0842778
0.0854363
0.0159805
0.0164103
0.0168914
0.0173362
0.0177054
0.0179836
0.0181631
0.0182808
0.0183924
0.0184967
0.018602
0.018718
0.0188609
0.0190328
0.0192426
0.0194773
0.0197372
0.020014
0.0202994
0.0205893
0.0208741
0.0211762
0.0214811
0.0217953
0.0221116
0.0224359
0.0227729
0.0231053
0.0234627
0.0238243
0.0242024
0.0246059
0.0250014
0.0254183
0.0258326
0.0262711
0.0267351
0.0271799
0.0276645
0.0281446
0.0286349
0.0291706
0.0296454
0.0301715
0.0307521
0.0312829
0.0318881
0.0324391
0.032954
0.0336895
0.0343354
0.0348211
0.0355062
0.0362558
0.0368671
0.0375264
0.0382886
0.038996
0.0396804
0.0404547
0.0412332
0.0419713
0.0427914
0.043598
0.0443883
0.0452466
0.046126
0.0469549
0.0478585
0.0487867
0.0496899
0.0506244
0.0516002
0.052582
0.0535604
0.054597
0.0556265
0.0566953
0.0577616
0.0588725
0.0599935
0.0611349
0.0623118
0.0634936
0.0647183
0.0659516
0.0672155
0.0685168
0.0698155
0.0711811
0.0725268
0.0739409
0.0753657
0.0768195
0.0783212
0.0798228
0.0813658
0.0828183
0.0842917
0.0854503
0.0159331
0.0163064
0.0167489
0.0171781
0.0175597
0.017897
0.0181644
0.0183274
0.018409
0.0184871
0.0186038
0.0187401
0.0188984
0.0190854
0.0193065
0.0195525
0.0198124
0.0200864
0.0203644
0.0206474
0.0209252
0.0212144
0.0215158
0.0218247
0.022143
0.0224629
0.0228017
0.0231401
0.0234907
0.0238617
0.0242338
0.0246368
0.0250345
0.0254457
0.0258695
0.026294
0.0267615
0.0272089
0.02768
0.0281745
0.028649
0.0291827
0.0296784
0.0301825
0.0307685
0.0313011
0.0318823
0.0324783
0.0329893
0.0336509
0.0343477
0.0348795
0.0354922
0.0362414
0.0369002
0.0375337
0.0382819
0.039014
0.0396949
0.0404555
0.0412423
0.0419802
0.0427928
0.043609
0.0443979
0.0452444
0.0461326
0.0469662
0.047859
0.0487889
0.0496995
0.0506286
0.0516
0.0525881
0.0535683
0.0546006
0.0556316
0.056703
0.0577667
0.0588769
0.0599998
0.0611399
0.0623165
0.0634984
0.0647224
0.0659557
0.0672195
0.0685214
0.0698204
0.0711856
0.0725318
0.0739463
0.075372
0.0768268
0.0783291
0.0798318
0.0813759
0.0828297
0.0843041
0.0854635
0.0171013
0.0171201
0.0170875
0.0170793
0.0171072
0.0171941
0.0173574
0.0175946
0.0178708
0.0181372
0.0183796
0.0186131
0.0188548
0.0191066
0.0193644
0.0196243
0.0198801
0.0201407
0.0204057
0.0206749
0.0209459
0.0212236
0.0215211
0.0218311
0.0221507
0.0224747
0.0228131
0.0231642
0.0235135
0.0238898
0.0242629
0.0246559
0.0250617
0.0254624
0.0258935
0.0263159
0.0267759
0.0272354
0.0276903
0.0281952
0.0286693
0.0291864
0.029705
0.0301974
0.030773
0.0313191
0.0318764
0.0324907
0.0330295
0.0336332
0.0343309
0.0349281
0.0355061
0.0362177
0.0369195
0.037553
0.0382714
0.039023
0.0397125
0.0404526
0.0412471
0.0419912
0.0427903
0.0436175
0.0444117
0.0452406
0.0461356
0.0469792
0.0478594
0.0487892
0.0497098
0.050633
0.0515988
0.0525943
0.0535744
0.0546014
0.0556347
0.0567084
0.05777
0.0588794
0.0600041
0.0611434
0.0623198
0.0635026
0.0647261
0.0659596
0.0672231
0.0685254
0.0698245
0.0711892
0.072536
0.0739512
0.0753777
0.0768336
0.0783365
0.0798403
0.0813855
0.0828401
0.0843157
0.0854743
0.0165519
0.0168487
0.0171577
0.0174244
0.0176367
0.0177712
0.0178302
0.0178608
0.0179293
0.0180799
0.0183048
0.0185736
0.0188646
0.0191599
0.0194479
0.0197207
0.0199749
0.020221
0.02047
0.0207247
0.0209859
0.0212557
0.0215431
0.0218523
0.0221697
0.0224965
0.022832
0.0231882
0.0235459
0.0239192
0.024298
0.0246787
0.0250877
0.0254866
0.025912
0.0263455
0.0267899
0.0272592
0.0277083
0.0282068
0.0286979
0.0291906
0.0297234
0.0302216
0.030774
0.0313394
0.0318831
0.0324931
0.0330662
0.0336412
0.0343108
0.0349509
0.0355393
0.0362031
0.0369183
0.0375826
0.038267
0.0390232
0.0397393
0.0404519
0.0412493
0.0420098
0.0427857
0.0436227
0.0444321
0.0452372
0.0461356
0.0469946
0.0478601
0.0487874
0.0497214
0.0506382
0.0515969
0.0526009
0.0535825
0.0546043
0.0556401
0.0567164
0.0577751
0.0588838
0.0600101
0.0611484
0.0623241
0.0635072
0.0647298
0.0659634
0.0672269
0.0685296
0.0698292
0.0711932
0.0725406
0.0739561
0.0753831
0.0768398
0.078343
0.0798479
0.0813939
0.08285
0.0843266
0.085488
0.0174223
0.0173384
0.0171761
0.0170364
0.0169618
0.0169751
0.0170997
0.0173179
0.0175858
0.0178777
0.0181867
0.018502
0.0188163
0.019121
0.0194148
0.0196963
0.0199629
0.0202202
0.0204742
0.0207339
0.0209974
0.0212696
0.0215522
0.0218571
0.0221734
0.0225003
0.0228363
0.0231894
0.0235586
0.0239315
0.0243131
0.0246928
0.0250959
0.0255032
0.0259192
0.0263624
0.0268023
0.0272668
0.027727
0.0282096
0.0287172
0.029201
0.0297253
0.0302453
0.0307735
0.0313485
0.0318951
0.0324865
0.0330871
0.0336566
0.0343005
0.0349533
0.0355651
0.0362083
0.0369025
0.0376033
0.038275
0.0390082
0.0397613
0.0404558
0.0412383
0.0420299
0.0427824
0.0436148
0.0444541
0.0452365
0.0461265
0.0470115
0.0478624
0.0487798
0.0497304
0.0506444
0.0515918
0.0526027
0.0535885
0.0546029
0.0556412
0.0567209
0.0577773
0.0588848
0.0600129
0.0611508
0.062326
0.0635101
0.0647321
0.0659659
0.0672292
0.068532
0.0698319
0.0711953
0.0725432
0.0739592
0.0753865
0.0768441
0.0783477
0.0798534
0.0814005
0.0828566
0.0843336
0.0854947
0.0172845
0.0171487
0.016967
0.0168381
0.0168067
0.0168868
0.0170611
0.0173066
0.017596
0.0179059
0.0182254
0.0185453
0.0188558
0.0191501
0.0194308
0.0197025
0.0199646
0.0202227
0.0204771
0.0207385
0.0210044
0.0212779
0.0215602
0.0218612
0.0221768
0.0225035
0.0228409
0.0231915
0.0235628
0.0239388
0.0243184
0.0247015
0.0250999
0.0255112
0.0259264
0.0263683
0.0268129
0.0272694
0.0277365
0.0282149
0.0287224
0.0292132
0.0297251
0.0302571
0.0307812
0.0313495
0.0319074
0.0324859
0.033094
0.0336702
0.0342996
0.0349528
0.0355742
0.0362208
0.0368986
0.0376083
0.0382942
0.0390045
0.0397713
0.0404746
0.0412333
0.042043
0.0427969
0.0436079
0.0444683
0.0452519
0.0461195
0.0470192
0.0478774
0.0487769
0.0497339
0.0506533
0.0515944
0.0526064
0.0535987
0.0546088
0.0556454
0.0567282
0.0577837
0.0588895
0.0600184
0.0611562
0.0623303
0.0635145
0.0647359
0.0659694
0.0672331
0.0685356
0.0698362
0.0711992
0.0725471
0.0739635
0.0753907
0.0768489
0.0783526
0.0798593
0.0814072
0.0828656
0.0843441
0.0855077
)
;

boundaryField
{
    zeroGradientPlanes
    {
        type            zeroGradient;
    }
    inlet
    {
        type            zeroGradient;
    }
    plate
    {
        type            zeroGradient;
    }
    frontAndBack
    {
        type            empty;
    }
}


// ************************************************************************* //
