/*--------------------------------*- C++ -*----------------------------------*\
| =========                 |                                                 |
| \\      /  F ield         | OpenFOAM: The Open Source CFD Toolbox           |
|  \\    /   O peration     | Version:  v1912                                 |
|   \\  /    A nd           | Website:  www.openfoam.com                      |
|    \\/     M anipulation  |                                                 |
\*---------------------------------------------------------------------------*/
FoamFile
{
    version     2.0;
    format      ascii;
    class       volScalarField;
    location    "2.5";
    object      p;
}
// * * * * * * * * * * * * * * * * * * * * * * * * * * * * * * * * * * * * * //

dimensions      [0 2 -2 0 0 0 0];


internalField   nonuniform List<scalar> 
9600
(
6.69116e-11
0.000966016
-0.00414302
0.00399128
0.00750506
0.00567526
0.00572394
0.0112136
0.0087964
0.0104957
0.0106295
0.0104542
0.0117987
0.0136331
0.0123655
0.0137346
0.0148322
0.0162464
0.016687
0.0203944
-7.28838e-07
0.000920553
-0.00412693
0.00402044
0.00745527
0.00566739
0.00573048
0.0111994
0.00880602
0.0104731
0.0106235
0.0104732
0.0118417
0.0135925
0.0123738
0.0137119
0.0148341
0.0162046
0.0167226
0.0200936
-4.22101e-06
0.000883823
-0.00411222
0.00404061
0.00738394
0.00567307
0.00573595
0.0111738
0.00881591
0.0104362
0.0106261
0.0105079
0.0118533
0.0135644
0.012386
0.0136895
0.0148434
0.0161673
0.0167376
0.0197434
-8.00944e-06
0.000851112
-0.00408973
0.00404812
0.00730788
0.00569773
0.00574612
0.011139
0.00882747
0.0103892
0.0106322
0.0105485
0.011858
0.0135318
0.0124014
0.0136617
0.0148471
0.0161198
0.0167218
0.019403
-1.18131e-05
0.000826876
-0.00405348
0.00404192
0.00722906
0.00574456
0.00576643
0.0110964
0.00884442
0.0103313
0.0106375
0.010594
0.011859
0.013498
0.0124193
0.0136258
0.014846
0.0160676
0.0166851
0.0190692
-1.51123e-05
0.000816486
-0.00399663
0.00400684
0.00715226
0.00581311
0.0058
0.0110491
0.00886735
0.010264
0.0106427
0.0106433
0.0118599
0.0134616
0.0124386
0.013586
0.0148437
0.0160129
0.0166275
0.0187431
-1.73619e-05
0.000822243
-0.00391645
0.00394794
0.00708588
0.00589745
0.00584628
0.0109995
0.00889535
0.0101919
0.0106492
0.0106946
0.0118627
0.0134221
0.012459
0.0135454
0.0148405
0.0159557
0.0165511
0.0184293
-1.83516e-05
0.000844225
-0.00381273
0.00387472
0.00703471
0.00598873
0.00590162
0.0109491
0.00892767
0.0101191
0.0106568
0.0107458
0.0118676
0.0133795
0.0124802
0.0135053
0.0148347
0.0158968
0.0164585
0.0181265
-1.809e-05
0.00088165
-0.00368709
0.00379627
0.00699818
0.00607851
0.0059607
0.0108981
0.00896405
0.0100487
0.0106651
0.0107948
0.0118817
0.0133338
0.0125014
0.0134663
0.0148248
0.0158375
0.0163508
0.0178313
-1.65977e-05
0.00093345
-0.0035422
0.00372041
0.00697304
0.00616093
0.00601832
0.0108465
0.00900441
0.00998219
0.0106736
0.0108394
0.0118871
0.0132852
0.012522
0.0134289
0.0148097
0.0157778
0.0162288
0.0175416
-1.37939e-05
0.000998067
-0.00338127
0.00365244
0.00695572
0.00623322
0.00607076
0.0107942
0.00904857
0.0099201
0.0106819
0.0108786
0.011891
0.0132344
0.012541
0.0133935
0.014788
0.0157168
0.0160947
0.0172564
-9.40894e-06
0.00107331
-0.00320781
0.00359494
0.00694336
0.00629499
0.00611648
0.0107412
0.00909599
0.00986206
0.0106901
0.0109123
0.0118931
0.0131821
0.012558
0.0133602
0.0147588
0.0156538
0.0159514
0.0169737
-3.10853e-06
0.0011566
-0.00302494
0.00354824
0.00693399
0.00634746
0.00615594
0.0106874
0.00914589
0.00980717
0.010698
0.0109415
0.0118934
0.0131293
0.0125705
0.0133289
0.0147219
0.0155875
0.0158016
0.0166915
5.37309e-06
0.00124541
-0.00283495
0.00351114
0.00692621
0.00639253
0.00619079
0.010633
0.0091975
0.00975433
0.0107055
0.0109675
0.011892
0.0130769
0.0125783
0.0132996
0.0146774
0.0155156
0.0156477
0.0164094
1.63093e-05
0.0013377
-0.00263939
0.0034817
0.00691894
0.00643207
0.00622309
0.0105779
0.00925021
0.00970262
0.0107124
0.0109915
0.0118889
0.0130261
0.0125812
0.0132718
0.0146259
0.015436
0.0154923
0.0161286
2.99613e-05
0.00143198
-0.00243913
0.00345806
0.00691141
0.00646754
0.00625466
0.0105221
0.00930357
0.00965142
0.0107184
0.0110146
0.0118837
0.0129774
0.0125787
0.0132443
0.014569
0.0153469
0.0153368
0.0158507
4.65423e-05
0.00152723
-0.00223457
0.00343882
0.00690301
0.00649986
0.00628681
0.0104656
0.0093573
0.00960051
0.0107232
0.0110378
0.0118762
0.0129312
0.0125709
0.0132157
0.0145083
0.0152477
0.0151809
0.0155775
6.62876e-05
0.00162276
-0.00202595
0.00342312
0.00689338
0.00652962
0.00632034
0.0104083
0.00941111
0.00954993
0.0107265
0.0110619
0.0118658
0.0128872
0.0125585
0.0131843
0.0144452
0.0151385
0.0150238
0.0153113
8.94604e-05
0.00171812
-0.00181343
0.00341065
0.00688248
0.00655708
0.00635552
0.0103505
0.00946475
0.00949991
0.0107277
0.0110872
0.0118521
0.0128451
0.0125424
0.0131481
0.0143801
0.0150204
0.0148642
0.0150544
0.000116331
0.00181289
-0.00159713
0.00340146
0.0068704
0.00658225
0.00639233
0.0102922
0.009518
0.00945076
0.0107262
0.0111143
0.011835
0.0128039
0.0125242
0.013106
0.0143126
0.0148956
0.0147005
0.0148084
0.00014718
0.00190675
-0.00137716
0.00339577
0.00685728
0.00660509
0.00643059
0.0102338
0.00957064
0.00940284
0.0107215
0.0111435
0.0118144
0.0127627
0.0125047
0.0130574
0.0142422
0.0147663
0.0145318
0.0145742
0.0001823
0.0019994
-0.00115366
0.00339381
0.00684329
0.00662561
0.00647005
0.0101755
0.00962244
0.00935653
0.010713
0.011175
0.0117909
0.0127201
0.0124845
0.0130018
0.0141681
0.0146349
0.014357
0.0143518
0.000221996
0.00209057
-0.000926816
0.0033958
0.00682855
0.00664387
0.00651045
0.0101176
0.00967316
0.00931221
0.0107001
0.0112089
0.0117652
0.0126753
0.0124639
0.012939
0.0140895
0.0145045
0.0141759
0.0141388
0.000266596
0.00217999
-0.000696838
0.00340202
0.00681306
0.00665997
0.00655148
0.0100605
0.00972267
0.00927026
0.0106821
0.0112451
0.011738
0.0126275
0.0124432
0.0128689
0.014005
0.0143781
0.0139895
0.0139308
0.000316415
0.00226742
-0.000464007
0.00341273
0.00679684
0.00667412
0.00659279
0.0100042
0.00977087
0.0092311
0.0106584
0.0112834
0.01171
0.0125755
0.0124229
0.012792
0.0139128
0.0142581
0.013801
0.0137216
0.000371766
0.00235265
-0.000228697
0.00342823
0.00677992
0.00668666
0.00663403
0.00994899
0.00981777
0.00919507
0.0106286
0.0113236
0.0116821
0.0125183
0.0124033
0.01271
0.0138104
0.0141457
0.0136166
0.0135049
0.00043298
0.00243554
8.63966e-06
0.00344883
0.00676235
0.00669796
0.00667493
0.0098948
0.00986342
0.00916233
0.0105919
0.0113654
0.0116555
0.0124543
0.0123847
0.0126249
0.0136956
0.0140401
0.0134437
0.0132775
0.000500351
0.00251598
0.00024754
0.00347481
0.00674419
0.00670841
0.00671523
0.00984161
0.00990787
0.00913329
0.0105479
0.0114083
0.0116315
0.0123822
0.0123666
0.0125397
0.0135669
0.0139376
0.0132892
0.0130426
0.000574152
0.00259393
0.000487544
0.00350648
0.00672541
0.00671849
0.00675476
0.00978922
0.00995111
0.00910862
0.0104961
0.0114513
0.0116118
0.012301
0.0123478
0.0124578
0.0134242
0.0138322
0.0131581
0.0128099
0.000654654
0.00266947
0.000728051
0.00354414
0.00670607
0.00672861
0.00679346
0.00973744
0.00999306
0.00908899
0.0104358
0.0114931
0.0115984
0.0122099
0.0123256
0.012383
0.0132697
0.0137178
0.0130512
0.0125918
0.000742058
0.00274281
0.000968373
0.00358806
0.0066864
0.00673907
0.00683139
0.00968606
0.0100336
0.00907519
0.0103669
0.0115318
0.0115933
0.0121092
0.0122965
0.012319
0.0131083
0.0135893
0.0129634
0.0123995
0.000836536
0.00281422
0.00120776
0.00363861
0.0066666
0.00675007
0.00686865
0.0096348
0.0100726
0.009068
0.0102893
0.0115653
0.0115982
0.0120003
0.0122562
0.0122679
0.0129464
0.0134433
0.0128861
0.0122418
0.000938262
0.00288411
0.00144542
0.00369603
0.00664695
0.00676176
0.0069055
0.00958359
0.0101097
0.00906808
0.0102038
0.0115907
0.0116141
0.0118857
0.0122004
0.0122293
0.0127906
0.0132802
0.0128099
0.0121208
0.00104734
0.00295303
0.00168061
0.00376036
0.00662781
0.00677435
0.00694207
0.00953235
0.0101444
0.00907615
0.0101111
0.0116051
0.0116418
0.0117689
0.0121251
0.0122011
0.0126482
0.013103
0.0127262
0.0120318
0.00116381
0.00302163
0.00191268
0.0038316
0.00660957
0.00678813
0.00697851
0.00948092
0.0101767
0.00909291
0.0100123
0.0116055
0.0116813
0.0116542
0.0120269
0.0121785
0.0125259
0.0129171
0.0126289
0.0119672
0.00129359
0.00309063
0.00214101
0.00390965
0.00659289
0.00680319
0.00701485
0.00942945
0.0102054
0.00911867
0.00990898
0.0115884
0.0117316
0.0115472
0.0119039
0.0121546
0.0124297
0.0127302
0.0125121
0.0119174
0.00142401
0.00316077
0.00236522
0.00399417
0.00657835
0.00681972
0.00705085
0.00937806
0.0102302
0.00915358
0.00980354
0.0115508
0.0117895
0.0114539
0.0117566
0.0121206
0.0123635
0.0125537
0.0123719
0.0118697
0.00156119
0.0032399
0.00258512
0.00408472
0.0065663
0.00683826
0.00708655
0.00932649
0.0102513
0.00919786
0.0096982
0.0114904
0.0118513
0.0113807
0.0115881
0.0120658
0.0123257
0.0124013
0.0122109
0.0118097
0.00170505
0.00331477
0.00280065
0.00418061
0.0065571
0.00685965
0.00712207
0.00927462
0.010268
0.00925147
0.00959554
0.0114058
0.0119119
0.0113334
0.0114046
0.0119797
0.0123079
0.0122852
0.0120397
0.0117253
0.00185537
0.00339254
0.00301218
0.0042813
0.00655095
0.00688472
0.00715742
0.00922219
0.0102798
0.00931341
0.00949873
0.0112974
0.0119648
0.011316
0.0112147
0.0118549
0.0122986
0.012214
0.0118744
0.0116082
0.00201203
0.00347347
0.00322014
0.00438668
0.00654722
0.00691397
0.00719339
0.00916899
0.0102861
0.00938267
0.00941051
0.0111672
0.0120035
0.0113283
0.0110291
0.0116873
0.0122823
0.0121901
0.0117335
0.0114589
0.00217492
0.00355777
0.00342486
0.00449676
0.00654614
0.00694756
0.00723101
0.0091152
0.0102863
0.0094581
0.00933383
0.0110182
0.0120218
0.0113667
0.0108619
0.0114798
0.0122379
0.0122066
0.0116361
0.0112906
0.00234386
0.00364557
0.0036266
0.00461189
0.00654466
0.00698548
0.00727166
0.00906121
0.0102797
0.00953764
0.00927229
0.010855
0.0120139
0.0114239
0.0107274
0.0112462
0.0121466
0.0122421
0.0115959
0.0111268
0.00251879
0.00373704
0.0038252
0.00473273
0.00654327
0.00702809
0.00731724
0.009008
0.0102651
0.00961952
0.0092281
0.0106832
0.0119759
0.0114922
0.0106342
0.0110046
0.0120084
0.0122733
0.0116138
0.0109917
0.00269959
0.00383228
0.00402027
0.00486024
0.0065423
0.00707155
0.00736908
0.00895713
0.0102417
0.00970114
0.00920355
0.0105088
0.011905
0.0115636
0.0105867
0.0107724
0.0118284
0.0122816
0.0116659
0.0108976
0.00288616
0.0039316
0.00421099
0.00499537
0.00654263
0.0071133
0.00742747
0.00891085
0.0102077
0.00977918
0.00919972
0.0103376
0.0118011
0.0116282
0.0105844
0.0105651
0.0116076
0.0122429
0.0117299
0.0108647
0.00307831
0.00403553
0.00439617
0.00513881
0.00654634
0.00715059
0.00749202
0.00887155
0.0101624
0.00985107
0.0092158
0.0101756
0.0116674
0.0116749
0.0106195
0.0103947
0.0113565
0.0121446
0.011788
0.0108959
0.00327581
0.00414458
0.00457446
0.00529081
0.00655651
0.00718143
0.00756041
0.00884113
0.0101099
0.00991358
0.00925005
0.0100279
0.0115076
0.0116951
0.0106803
0.0102673
0.0110909
0.0119912
0.0118285
0.0109702
0.00347835
0.00425958
0.0047448
0.00545032
0.00657685
0.00720535
0.00762858
0.00882086
0.0100532
0.00996395
0.00929951
0.00989831
0.0113277
0.0116844
0.0107543
0.0101857
0.0108316
0.0117922
0.0118431
0.0110688
0.00368544
0.00438148
0.00490667
0.00561492
0.00661084
0.00722318
0.00769241
0.00881065
0.00999558
0.0100014
0.00936001
0.00978999
0.0111362
0.0116397
0.0108292
0.0101489
0.0105998
0.0115604
0.0118219
0.0111758
0.0038964
0.00451122
0.00506008
0.00578142
0.00666109
0.00723794
0.00774809
0.00880844
0.00994054
0.010027
0.00942548
0.00970483
0.0109415
0.0115609
0.010895
0.0101511
0.0104108
0.0113121
0.0117545
0.0112817
0.00411046
0.00464966
0.00520578
0.00594615
0.00672882
0.00725421
0.00779284
0.0088105
0.00989052
0.0100421
0.00949208
0.00964387
0.0107517
0.0114519
0.010945
0.0101827
0.0102712
0.0110661
0.011636
0.0113731
0.00432671
0.00479743
0.00534538
0.00610562
0.00681356
0.00727718
0.00782641
0.008812
0.00984577
0.010049
0.00955749
0.00960655
0.0105733
0.0113192
0.010974
0.0102331
0.0101793
0.0108428
0.0114728
0.0114261
0.00454407
0.00495478
0.00548124
0.0062571
0.00691279
0.00731152
0.00785066
0.00880815
0.00980449
0.0100508
0.00961971
0.00959005
0.0104142
0.0111718
0.010979
0.0102925
0.0101271
0.0106575
0.0112881
0.0114175
0.00476154
0.00512152
0.00561614
0.00639869
0.00702238
0.00736053
0.00786982
0.00879568
0.00976307
0.01005
0.00967861
0.00959065
0.0102797
0.0110196
0.0109589
0.0103517
0.0101044
0.0105126
0.0111114
0.0113519
0.00497833
0.0052971
0.00575291
0.00652961
0.00713693
0.00742584
0.00788975
0.00877389
0.00971689
0.0100463
0.00973582
0.00960606
0.01017
0.0108713
0.010918
0.0104051
0.0101042
0.0103971
0.0109598
0.0112637
0.00519371
0.00548039
0.0058939
0.00665053
0.00725099
0.00750711
0.00791651
0.00874434
0.00966227
0.0100376
0.00979186
0.00963455
0.0100836
0.0107326
0.0108626
0.0104505
0.0101253
0.0103028
0.0108222
0.0111799
0.00540714
0.00566985
0.0060405
0.00676321
0.00736059
0.00760086
0.00795526
0.00871297
0.00959837
0.0100206
0.00984468
0.00967269
0.01002
0.0106074
0.0107974
0.0104832
0.0101651
0.0102381
0.0106867
0.0110966
0.00561842
0.00586337
0.00619313
0.00687026
0.00746344
0.00770158
0.00800726
0.00868805
0.00952985
0.00999326
0.00989114
0.00971627
0.00997566
0.0104983
0.0107286
0.0105003
0.010212
0.0102129
0.0105659
0.0109988
0.0058273
0.00605884
0.00635156
0.00697477
0.00755862
0.00780498
0.00807116
0.00867495
0.00946354
0.00995446
0.00992788
0.009764
0.0099459
0.0104031
0.0106619
0.010507
0.0102526
0.0102176
0.010481
0.0108915
0.0060335
0.00625439
0.00651497
0.00707953
0.00764666
0.00790764
0.00814448
0.00867519
0.00940459
0.00990816
0.00995295
0.00981403
0.00993141
0.0103185
0.0105961
0.0105124
0.0102864
0.0102312
0.0104349
0.0107994
0.00623691
0.00644841
0.00668195
0.00718679
0.00772928
0.0080069
0.00822447
0.00868864
0.00935606
0.00985986
0.00996673
0.00986214
0.00993287
0.0102483
0.0105262
0.010516
0.0103265
0.0102451
0.0104086
0.0107346
0.00643721
0.00663972
0.00685104
0.007298
0.00780854
0.00810099
0.00830829
0.00871445
0.00931969
0.00981289
0.00997191
0.0099059
0.00994538
0.0101987
0.0104558
0.0105059
0.0103759
0.0102727
0.0103896
0.0106886
0.0066341
0.0068275
0.00702056
0.00741364
0.00788658
0.00818926
0.00839325
0.00875092
0.00929631
0.00976977
0.0099709
0.00994669
0.00996424
0.010168
0.0103991
0.0104773
0.0104173
0.0103221
0.0103858
0.0106525
0.00682723
0.00701106
0.00718895
0.00753343
0.00796509
0.00827196
0.00847726
0.00879604
0.00928608
0.00973265
0.00996399
0.0099839
0.0099899
0.0101491
0.0103622
0.0104482
0.0104354
0.0103796
0.0104078
0.0106303
0.00701619
0.00718979
0.00735476
0.00765684
0.00804524
0.00834947
0.00855883
0.008848
0.00928807
0.00970495
0.00995433
0.010015
0.0100231
0.0101394
0.0103358
0.0104331
0.0104394
0.0104248
0.0104499
0.0106298
0.00720063
0.00736329
0.0075165
0.00778265
0.00812804
0.0084228
0.00863673
0.00890463
0.00930065
0.00968735
0.00994689
0.01004
0.0100611
0.0101453
0.0103136
0.0104262
0.0104477
0.0104537
0.0104944
0.010648
0.00738002
0.00753117
0.0076731
0.00790923
0.00821365
0.00849314
0.0087104
0.00896389
0.00932242
0.00968038
0.00994388
0.010062
0.0100982
0.0101684
0.0103049
0.0104187
0.0104637
0.0104805
0.0105336
0.0106768
0.00755371
0.00769302
0.00782368
0.00803519
0.00830178
0.00856095
0.00877932
0.00902419
0.00935196
0.00968318
0.00994547
0.0100842
0.0101335
0.0102002
0.0103188
0.0104162
0.0104785
0.0105135
0.0105732
0.0107133
0.00772105
0.00784839
0.00796732
0.00815863
0.00839171
0.00862758
0.00884313
0.00908279
0.0093877
0.00969497
0.00995112
0.0101076
0.0101719
0.0102334
0.010351
0.0104335
0.0104927
0.0105477
0.0106165
0.0107569
0.00788123
0.00799709
0.0081034
0.00827766
0.00848159
0.00869347
0.008903
0.00913753
0.00942597
0.00971793
0.0099623
0.0101306
0.0102189
0.0102713
0.0103875
0.0104755
0.0105197
0.0105814
0.0106617
0.0108054
0.00803321
0.00813845
0.00823162
0.00839135
0.00856995
0.00875686
0.00895833
0.00918868
0.00946353
0.00974871
0.00998337
0.0101515
0.0102716
0.010326
0.0104275
0.0105324
0.0105721
0.0106241
0.0107094
0.0108557
0.00817601
0.00827181
0.00835125
0.00849783
0.00865526
0.00881778
0.00900793
0.00923511
0.00949842
0.00977569
0.010012
0.0101779
0.010324
0.0104008
0.0104848
0.0105998
0.0106541
0.0106904
0.0107659
0.0109057
0.00830859
0.00839673
0.00846294
0.00859576
0.00873388
0.00887429
0.00904962
0.00927754
0.00954969
0.00981288
0.0100504
0.0102206
0.0103871
0.0105025
0.0105849
0.0107013
0.0107855
0.0108208
0.0108784
0.011
0.00842962
0.00851145
0.00856555
0.00868438
0.008805
0.00892596
0.00908087
0.00926942
0.00947377
0.00976413
0.0100114
0.0101997
0.0103903
0.0105429
0.0106463
0.0107632
0.0108907
0.0109742
0.0110656
0.0112084
0.00854052
0.0086162
0.00865635
0.00876014
0.0088641
0.00897153
0.00913781
0.00937775
0.00963523
0.00991296
0.0101762
0.0103838
0.0105952
0.0107724
0.0108852
0.0109473
0.0109842
0.0109785
0.0109644
0.0110092
0.00863866
0.00871051
0.00873999
0.008829
0.00890709
0.00897239
0.00905172
0.00912509
0.00934756
0.00959848
0.00987539
0.0101782
0.010536
0.0108748
0.0111679
0.0114334
0.0117074
0.0119816
0.0122313
0.0124409
0.00871782
0.00878311
0.0088085
0.00889663
0.00898359
0.00907049
0.00922202
0.00947137
0.00970452
0.00998068
0.0102605
0.0104981
0.010745
0.0109629
0.0111108
0.0111974
0.0112302
0.011217
0.011175
0.0111611
0.00878666
0.00885149
0.00886038
0.00891597
0.00895277
0.00898506
0.00905708
0.00919664
0.0094802
0.00981433
0.0101659
0.0104631
0.0107446
0.0110549
0.0113584
0.0116562
0.0119606
0.0122541
0.0125016
0.0126583
0.00883644
0.00890636
0.00893099
0.00901293
0.00908894
0.00915916
0.00925834
0.00939486
0.00956955
0.0097633
0.0100239
0.0103886
0.0107721
0.0111861
0.0115572
0.0118322
0.012033
0.0121801
0.0122806
0.0123111
0.0232515
0.0173425
0.0101864
0.0050201
0.0039055
0.00517067
0.00665216
0.00768304
0.00831721
0.00881173
0.00936093
0.00989226
0.0102718
0.0105542
0.0108437
0.0111631
0.0114945
0.011834
0.0122293
0.0126956
0.0131097
0.0133948
0.0136216
0.0139031
0.0142993
0.014698
0.0149815
0.0152726
0.0156629
0.0160729
0.0164396
0.0168167
0.0172649
0.017724
0.0181376
0.0185711
0.0190183
0.0194522
0.0198562
0.0202365
0.0206373
0.0210502
0.0214585
0.0219106
0.022396
0.0228622
0.023335
0.0238091
0.0242825
0.0248097
0.0253612
0.0258727
0.0264333
0.0270293
0.027541
0.0280129
0.028537
0.0290864
0.0296688
0.0303024
0.0309425
0.0315609
0.0321341
0.0327526
0.0334267
0.0340944
0.0347788
0.0354876
0.0361776
0.0368345
0.037563
0.0383033
0.0390314
0.0397804
0.0405779
0.0413953
0.0421716
0.0429573
0.0438016
0.044704
0.0456515
0.0465827
0.04742
0.0482747
0.0492222
0.0501969
0.051194
0.0522757
0.0533194
0.0543321
0.0553625
0.0564223
0.0574883
0.0586076
0.0597343
0.060882
0.0619533
0.0630667
0.0640508
0.0648052
0.02263
0.0172273
0.0102825
0.00517477
0.00399705
0.00521555
0.00668128
0.007703
0.00833085
0.00882153
0.00936894
0.00989963
0.0102786
0.0105603
0.010849
0.0111679
0.0114986
0.0118376
0.0122324
0.0126985
0.0131125
0.0133974
0.0136238
0.0139049
0.0143009
0.0146998
0.0149831
0.0152739
0.0156641
0.0160741
0.0164408
0.0168177
0.0172659
0.017725
0.0181385
0.0185719
0.0190191
0.019453
0.0198569
0.0202372
0.020638
0.0210509
0.0214592
0.0219112
0.0223966
0.0228628
0.0233355
0.0238096
0.0242829
0.0248102
0.0253616
0.0258732
0.0264337
0.0270297
0.0275414
0.0280133
0.0285373
0.0290868
0.0296691
0.0303027
0.0309428
0.0315612
0.0321344
0.0327529
0.0334269
0.0340947
0.034779
0.0354878
0.0361779
0.0368347
0.0375632
0.0383035
0.0390316
0.0397806
0.0405781
0.0413955
0.0421718
0.0429575
0.0438018
0.0447042
0.0456517
0.0465829
0.0474202
0.0482748
0.0492224
0.050197
0.0511941
0.0522758
0.0533195
0.0543322
0.0553626
0.0564224
0.0574884
0.0586077
0.0597344
0.0608821
0.0619534
0.0630668
0.0640508
0.0648052
0.0220102
0.0170591
0.0104427
0.00545404
0.00415294
0.00526777
0.00670535
0.00772354
0.00834892
0.00883575
0.00937939
0.00990734
0.0102847
0.0105656
0.010854
0.0111724
0.0115026
0.011841
0.0122354
0.0127013
0.0131152
0.0133997
0.0136258
0.0139066
0.0143025
0.0147013
0.0149844
0.015275
0.0156652
0.0160751
0.0164417
0.0168185
0.0172667
0.0177258
0.0181392
0.0185726
0.0190198
0.0194537
0.0198576
0.0202378
0.0206385
0.0210514
0.0214597
0.0219117
0.0223971
0.0228633
0.023336
0.0238101
0.0242833
0.0248105
0.025362
0.0258735
0.026434
0.0270301
0.0275418
0.0280136
0.0285376
0.029087
0.0296694
0.030303
0.0309431
0.0315615
0.0321346
0.0327531
0.0334272
0.0340949
0.0347792
0.035488
0.0361781
0.0368349
0.0375634
0.0383037
0.0390317
0.0397807
0.0405782
0.0413957
0.042172
0.0429576
0.0438019
0.0447043
0.0456518
0.0465831
0.0474203
0.0482749
0.0492225
0.0501972
0.0511942
0.0522759
0.0533197
0.0543323
0.0553627
0.0564225
0.0574885
0.0586078
0.0597345
0.0608822
0.0619534
0.0630669
0.0640509
0.0648052
0.021414
0.0168886
0.0106513
0.00581395
0.0043728
0.0053443
0.00674187
0.0077554
0.00837724
0.0088582
0.00939544
0.00991811
0.0102925
0.0105725
0.0108606
0.0111784
0.0115079
0.0118458
0.0122396
0.0127049
0.0131182
0.0134027
0.0136288
0.0139092
0.0143046
0.0147031
0.0149859
0.0152764
0.0156665
0.0160763
0.0164427
0.0168195
0.0172677
0.0177268
0.01814
0.0185733
0.0190206
0.0194544
0.0198584
0.0202385
0.0206391
0.021052
0.0214602
0.0219122
0.0223977
0.0228638
0.0233364
0.0238106
0.0242838
0.0248109
0.0253624
0.0258738
0.0264343
0.0270305
0.0275422
0.0280139
0.0285379
0.0290873
0.0296696
0.0303033
0.0309434
0.0315618
0.0321349
0.0327533
0.0334274
0.0340951
0.0347794
0.0354882
0.0361783
0.036835
0.0375635
0.0383039
0.0390319
0.0397809
0.0405784
0.0413959
0.0421722
0.0429578
0.0438021
0.0447044
0.0456519
0.0465833
0.0474205
0.048275
0.0492226
0.0501973
0.0511943
0.052276
0.0533198
0.0543324
0.0553628
0.0564226
0.0574886
0.0586079
0.0597346
0.0608823
0.0619535
0.063067
0.0640512
0.0648052
0.0208321
0.0167211
0.0108754
0.00619676
0.00461886
0.00543362
0.00678417
0.00779429
0.00841423
0.00888894
0.00941772
0.00993275
0.0103031
0.0105821
0.0108699
0.0111869
0.0115153
0.0118527
0.0122457
0.0127093
0.0131215
0.0134065
0.0136335
0.0139138
0.0143079
0.0147056
0.0149883
0.0152787
0.0156685
0.0160778
0.0164439
0.0168207
0.0172689
0.0177279
0.018141
0.0185742
0.0190215
0.0194553
0.0198592
0.0202392
0.0206397
0.0210526
0.0214608
0.0219128
0.0223983
0.0228643
0.0233369
0.0238111
0.0242842
0.0248114
0.0253629
0.0258743
0.0264347
0.027031
0.0275426
0.0280142
0.0285382
0.0290875
0.0296699
0.0303036
0.0309437
0.0315621
0.0321351
0.0327535
0.0334276
0.0340953
0.0347796
0.0354885
0.0361786
0.0368352
0.0375637
0.0383041
0.0390321
0.039781
0.0405785
0.041396
0.0421723
0.0429579
0.0438022
0.0447045
0.0456521
0.0465835
0.0474206
0.0482751
0.0492227
0.0501974
0.0511944
0.0522761
0.05332
0.0543325
0.0553629
0.0564227
0.0574886
0.058608
0.0597347
0.0608824
0.0619537
0.0630671
0.0640515
0.0648052
0.0202715
0.0165468
0.0110895
0.00658128
0.00487954
0.0055305
0.00682741
0.0078353
0.00845558
0.00892437
0.00944367
0.00994991
0.0103161
0.0105946
0.0108825
0.0111983
0.0115252
0.0118619
0.0122539
0.0127147
0.0131248
0.0134106
0.01364
0.0139205
0.0143127
0.0147089
0.0149918
0.0152826
0.0156716
0.0160797
0.0164455
0.0168224
0.0172704
0.0177291
0.0181421
0.0185753
0.0190226
0.0194565
0.0198604
0.0202402
0.0206405
0.0210532
0.0214614
0.0219135
0.0223991
0.022865
0.0233375
0.0238117
0.0242848
0.0248119
0.0253634
0.0258747
0.0264353
0.0270315
0.0275431
0.0280145
0.0285385
0.0290878
0.0296701
0.030304
0.0309441
0.0315624
0.0321355
0.0327538
0.0334279
0.0340956
0.0347798
0.0354888
0.0361789
0.0368354
0.0375639
0.0383043
0.0390323
0.0397812
0.0405787
0.0413963
0.0421725
0.042958
0.0438023
0.0447046
0.0456522
0.0465838
0.0474208
0.0482752
0.0492228
0.0501975
0.0511945
0.0522763
0.0533202
0.0543326
0.055363
0.0564228
0.0574888
0.0586081
0.0597348
0.0608825
0.0619538
0.0630674
0.064052
0.0648052
0.0197346
0.0163574
0.0112848
0.0069647
0.00515557
0.00563616
0.00687136
0.00787709
0.00849965
0.00896271
0.00947161
0.0099683
0.0103305
0.0106092
0.0108977
0.0112123
0.0115372
0.0118732
0.0122639
0.0127209
0.0131279
0.013415
0.0136477
0.013929
0.0143185
0.0147128
0.0149966
0.0152884
0.0156762
0.0160825
0.0164478
0.0168248
0.0172725
0.0177305
0.0181432
0.0185764
0.0190237
0.0194578
0.0198619
0.0202415
0.0206414
0.021054
0.0214623
0.0219145
0.0224
0.0228657
0.0233381
0.0238124
0.0242856
0.0248124
0.0253639
0.0258753
0.0264359
0.0270322
0.0275436
0.028015
0.0285389
0.0290881
0.0296705
0.0303044
0.0309445
0.0315628
0.0321358
0.0327541
0.0334282
0.0340958
0.0347801
0.0354891
0.0361792
0.0368356
0.0375641
0.0383046
0.0390325
0.0397814
0.0405789
0.0413965
0.0421727
0.0429582
0.0438025
0.0447047
0.0456524
0.0465841
0.047421
0.0482752
0.0492229
0.0501977
0.0511945
0.0522764
0.0533204
0.0543328
0.0553631
0.0564229
0.0574889
0.0586082
0.0597349
0.0608827
0.061954
0.0630677
0.0640527
0.0648053
0.0192211
0.0161531
0.0114615
0.00734755
0.00544816
0.0057524
0.0069164
0.00791906
0.00854581
0.00900355
0.00950138
0.00998779
0.0103457
0.0106251
0.0109146
0.0112281
0.0115509
0.011886
0.0122753
0.0127279
0.0131311
0.0134195
0.0136563
0.0139388
0.014325
0.0147169
0.0150023
0.0152959
0.0156823
0.0160863
0.016451
0.0168281
0.0172751
0.0177322
0.0181445
0.0185775
0.0190246
0.0194591
0.0198638
0.0202433
0.0206428
0.0210551
0.0214634
0.0219157
0.0224012
0.0228667
0.0233389
0.0238133
0.0242865
0.024813
0.0253643
0.0258759
0.0264367
0.0270328
0.0275442
0.0280156
0.0285394
0.0290884
0.0296708
0.0303049
0.0309449
0.0315632
0.0321363
0.0327545
0.0334285
0.0340961
0.0347804
0.0354895
0.0361797
0.0368359
0.0375644
0.0383049
0.0390327
0.0397816
0.0405791
0.0413967
0.0421729
0.0429583
0.0438027
0.0447048
0.0456525
0.0465844
0.0474213
0.0482753
0.049223
0.0501979
0.0511946
0.0522766
0.0533206
0.0543329
0.0553633
0.056423
0.057489
0.0586083
0.0597351
0.0608828
0.0619543
0.0630681
0.0640535
0.0648055
0.0187331
0.0159406
0.0116205
0.00772694
0.00575565
0.0058802
0.00696306
0.0079607
0.00859358
0.00904683
0.00953317
0.0100086
0.0103618
0.0106417
0.0109325
0.0112451
0.0115656
0.0118998
0.0122877
0.0127354
0.0131344
0.013424
0.0136654
0.0139492
0.0143318
0.0147209
0.0150084
0.0153044
0.0156897
0.0160912
0.0164551
0.0168323
0.0172785
0.0177344
0.0181461
0.0185786
0.0190253
0.0194601
0.0198656
0.0202455
0.0206445
0.0210565
0.0214649
0.0219173
0.0224027
0.0228678
0.0233398
0.0238144
0.0242876
0.0248136
0.0253646
0.0258765
0.0264375
0.0270335
0.0275448
0.0280163
0.02854
0.0290887
0.0296713
0.0303054
0.0309454
0.0315637
0.0321368
0.032755
0.0334288
0.0340964
0.0347808
0.03549
0.0361802
0.0368362
0.0375647
0.0383053
0.039033
0.0397818
0.0405793
0.041397
0.0421732
0.0429585
0.0438028
0.044705
0.0456527
0.0465848
0.0474215
0.0482753
0.0492232
0.050198
0.0511947
0.0522768
0.0533209
0.054333
0.0553634
0.0564232
0.0574892
0.0586085
0.0597353
0.060883
0.0619546
0.0630687
0.0640546
0.0648057
0.0182745
0.015725
0.0117594
0.00809755
0.00607549
0.00602074
0.00701201
0.00800137
0.00864221
0.00909234
0.00956706
0.0100309
0.0103788
0.010659
0.0109511
0.0112629
0.011581
0.0119144
0.0123009
0.0127437
0.013138
0.0134288
0.0136748
0.01396
0.0143386
0.0147247
0.0150145
0.0153135
0.0156979
0.016097
0.0164601
0.0168374
0.0172825
0.017737
0.018148
0.01858
0.0190258
0.0194607
0.0198672
0.0202477
0.0206467
0.0210584
0.0214669
0.0219192
0.0224044
0.0228692
0.0233409
0.0238158
0.0242892
0.0248144
0.0253648
0.0258771
0.0264382
0.0270339
0.0275454
0.0280173
0.0285409
0.0290892
0.0296718
0.030306
0.0309458
0.0315641
0.0321375
0.0327556
0.0334291
0.0340966
0.0347811
0.0354905
0.0361807
0.0368367
0.0375651
0.0383057
0.0390334
0.0397822
0.0405796
0.0413973
0.0421735
0.0429587
0.043803
0.044705
0.0456529
0.0465852
0.0474218
0.0482754
0.0492232
0.0501982
0.0511948
0.052277
0.0533212
0.0543332
0.0553635
0.0564234
0.0574894
0.0586086
0.0597355
0.0608833
0.061955
0.0630695
0.064056
0.0648061
0.0178464
0.0155083
0.0118755
0.00845524
0.0064053
0.00617484
0.00706361
0.00804029
0.00869094
0.00913992
0.00960322
0.0100548
0.0103969
0.0106769
0.0109703
0.0112812
0.0115969
0.0119296
0.0123149
0.0127526
0.0131419
0.0134337
0.0136845
0.0139712
0.0143458
0.0147284
0.0150205
0.0153227
0.0157065
0.0161032
0.0164658
0.0168431
0.0172871
0.0177399
0.0181503
0.0185816
0.0190264
0.0194609
0.0198684
0.0202498
0.0206489
0.0210608
0.0214693
0.0219214
0.0224063
0.0228707
0.0233423
0.0238176
0.0242911
0.0248155
0.0253651
0.0258776
0.0264388
0.027034
0.0275457
0.0280182
0.0285419
0.0290899
0.0296726
0.0303067
0.0309461
0.0315646
0.0321384
0.0327564
0.0334295
0.0340968
0.0347814
0.0354909
0.0361813
0.0368372
0.0375656
0.0383062
0.0390339
0.0397827
0.04058
0.0413977
0.0421739
0.042959
0.0438032
0.0447051
0.0456531
0.0465858
0.0474222
0.0482755
0.0492233
0.0501983
0.0511948
0.0522772
0.0533216
0.0543334
0.0553636
0.0564236
0.0574896
0.0586088
0.0597358
0.0608835
0.0619554
0.0630705
0.0640576
0.0648066
0.0174465
0.0152928
0.0119693
0.00879679
0.00674135
0.00634233
0.00711865
0.00807739
0.00873933
0.00918949
0.00964178
0.0100806
0.0104162
0.0106956
0.01099
0.0113
0.0116133
0.0119454
0.0123298
0.0127622
0.0131462
0.0134389
0.0136945
0.0139828
0.0143532
0.0147324
0.0150266
0.015332
0.0157151
0.0161096
0.0164718
0.0168493
0.017292
0.0177432
0.018153
0.0185836
0.019027
0.019461
0.0198693
0.0202517
0.0206512
0.0210634
0.0214722
0.0219241
0.0224083
0.0228724
0.0233437
0.0238195
0.0242934
0.0248169
0.0253656
0.0258781
0.0264392
0.0270337
0.0275455
0.0280189
0.0285429
0.0290909
0.0296738
0.0303075
0.0309463
0.0315648
0.0321393
0.0327575
0.0334301
0.0340971
0.0347816
0.0354913
0.0361819
0.0368377
0.0375662
0.0383068
0.0390345
0.0397832
0.0405806
0.0413982
0.0421744
0.0429594
0.0438034
0.044705
0.0456532
0.0465864
0.0474228
0.0482757
0.0492234
0.0501984
0.0511949
0.0522774
0.053322
0.0543335
0.0553637
0.0564237
0.0574898
0.0586089
0.0597362
0.0608838
0.061956
0.0630718
0.0640596
0.0648073
0.0170728
0.0150829
0.0120427
0.00911788
0.00707924
0.00652374
0.00717927
0.00811327
0.00878682
0.00924061
0.00968273
0.0101083
0.0104367
0.0107151
0.0110105
0.0113194
0.0116302
0.0119617
0.0123454
0.0127725
0.0131509
0.0134442
0.0137047
0.0139948
0.0143611
0.0147367
0.015033
0.0153416
0.0157239
0.0161161
0.016478
0.0168558
0.0172973
0.0177467
0.0181558
0.0185858
0.0190279
0.019461
0.01987
0.0202534
0.0206534
0.0210661
0.0214754
0.021927
0.0224105
0.022874
0.0233452
0.0238217
0.0242959
0.0248186
0.0253663
0.0258787
0.0264394
0.027033
0.027545
0.0280193
0.0285436
0.0290919
0.0296753
0.0303088
0.0309465
0.0315649
0.0321403
0.0327587
0.0334308
0.0340976
0.0347818
0.0354914
0.0361823
0.0368383
0.0375668
0.0383074
0.0390351
0.0397839
0.0405811
0.0413988
0.0421752
0.0429601
0.0438037
0.0447047
0.0456532
0.0465871
0.0474235
0.048276
0.0492237
0.0501986
0.0511948
0.0522776
0.0533224
0.0543337
0.0553638
0.0564239
0.0574901
0.058609
0.0597365
0.0608841
0.0619566
0.0630733
0.0640619
0.0648081
0.016723
0.0148821
0.0120964
0.00941448
0.00741624
0.00672071
0.00724784
0.00814832
0.0088326
0.00929274
0.00972612
0.0101382
0.0104587
0.0107357
0.0110317
0.0113395
0.0116476
0.0119788
0.0123618
0.0127836
0.0131561
0.0134499
0.0137154
0.0140073
0.0143694
0.0147414
0.01504
0.0153516
0.0157328
0.0161226
0.0164844
0.0168627
0.017303
0.0177505
0.0181588
0.0185883
0.019029
0.0194611
0.0198707
0.0202552
0.0206557
0.0210689
0.0214789
0.0219302
0.0224129
0.0228757
0.0233467
0.0238239
0.0242987
0.0248205
0.0253672
0.0258795
0.0264396
0.0270319
0.027544
0.0280192
0.0285441
0.0290927
0.0296771
0.0303104
0.0309467
0.0315648
0.0321411
0.0327599
0.0334317
0.0340983
0.0347821
0.0354912
0.0361825
0.0368387
0.0375674
0.038308
0.0390358
0.0397847
0.0405818
0.0413994
0.0421762
0.0429612
0.0438043
0.0447044
0.0456528
0.0465876
0.0474243
0.0482767
0.0492241
0.0501988
0.0511946
0.0522777
0.0533227
0.0543338
0.0553639
0.056424
0.0574903
0.0586091
0.0597369
0.0608844
0.0619574
0.0630751
0.0640644
0.0648092
0.0163935
0.0146916
0.012132
0.00968533
0.00775081
0.00693426
0.00732615
0.00818301
0.00887614
0.00934546
0.00977206
0.0101707
0.0104825
0.0107575
0.011054
0.0113605
0.0116658
0.0119965
0.0123792
0.0127954
0.0131618
0.0134559
0.0137265
0.0140204
0.0143784
0.0147467
0.0150477
0.0153623
0.015742
0.0161292
0.016491
0.01687
0.0173089
0.0177545
0.0181621
0.018591
0.0190303
0.0194613
0.0198716
0.0202572
0.0206582
0.0210719
0.0214824
0.0219336
0.0224155
0.0228774
0.0233482
0.0238262
0.0243016
0.0248225
0.0253682
0.0258803
0.0264397
0.0270306
0.0275427
0.0280189
0.0285442
0.0290933
0.0296789
0.0303123
0.0309469
0.0315645
0.0321419
0.0327612
0.0334327
0.0340992
0.0347824
0.0354909
0.0361824
0.036839
0.037568
0.0383086
0.0390365
0.0397856
0.0405825
0.0413999
0.0421771
0.0429625
0.0438053
0.0447041
0.045652
0.0465877
0.047425
0.0482775
0.049225
0.0501992
0.0511944
0.0522775
0.053323
0.0543339
0.055364
0.0564241
0.0574906
0.0586091
0.0597373
0.0608846
0.0619581
0.063077
0.0640672
0.0648105
0.0160798
0.0145115
0.0121534
0.00993053
0.00808039
0.00716401
0.00741617
0.00821864
0.00891737
0.00939826
0.00982043
0.0102059
0.0105084
0.0107809
0.0110775
0.0113824
0.0116847
0.0120152
0.0123976
0.012808
0.0131679
0.0134623
0.013738
0.0140341
0.014388
0.0147526
0.015056
0.0153736
0.0157516
0.016136
0.0164979
0.0168778
0.0173153
0.0177587
0.0181654
0.018594
0.0190319
0.0194617
0.0198726
0.0202594
0.0206609
0.0210749
0.021486
0.0219372
0.0224182
0.0228791
0.0233497
0.0238285
0.0243046
0.0248246
0.0253692
0.0258811
0.0264396
0.027029
0.0275412
0.0280185
0.0285443
0.0290936
0.0296805
0.0303144
0.0309473
0.0315642
0.0321426
0.0327625
0.0334337
0.0341001
0.0347829
0.0354904
0.036182
0.0368391
0.0375687
0.0383092
0.0390371
0.0397865
0.0405834
0.0414004
0.0421779
0.0429639
0.0438067
0.044704
0.0456508
0.0465872
0.0474253
0.0482783
0.0492261
0.0502
0.0511941
0.0522772
0.0533232
0.0543339
0.0553641
0.0564242
0.0574908
0.0586091
0.0597377
0.0608848
0.061959
0.0630792
0.0640702
0.0648118
0.0157786
0.0143423
0.012165
0.0101499
0.00840136
0.00740892
0.00752029
0.00825709
0.00895633
0.00945032
0.00987078
0.0102439
0.0105366
0.010806
0.0111025
0.0114054
0.0117045
0.0120348
0.012417
0.0128215
0.0131747
0.0134691
0.01375
0.0140484
0.0143982
0.0147591
0.015065
0.0153857
0.0157617
0.0161432
0.0165053
0.016886
0.017322
0.0177631
0.018169
0.018597
0.0190336
0.0194623
0.0198738
0.0202618
0.0206637
0.021078
0.0214898
0.0219408
0.022421
0.0228809
0.0233513
0.0238309
0.0243077
0.0248267
0.0253703
0.0258819
0.0264395
0.0270272
0.0275395
0.0280181
0.0285445
0.029094
0.0296819
0.0303165
0.0309477
0.0315638
0.0321434
0.0327638
0.0334348
0.0341011
0.0347832
0.0354897
0.0361813
0.0368391
0.0375693
0.0383098
0.0390377
0.0397874
0.0405843
0.0414008
0.0421784
0.0429652
0.0438082
0.0447042
0.0456492
0.0465861
0.0474251
0.0482789
0.0492274
0.0502012
0.0511938
0.0522765
0.0533232
0.0543337
0.0553641
0.0564243
0.0574911
0.0586091
0.0597381
0.060885
0.0619599
0.0630815
0.0640733
0.0648133
0.0154885
0.0141835
0.0121702
0.0103439
0.00871019
0.00766687
0.00764066
0.00830043
0.00899324
0.00950074
0.00992246
0.0102848
0.0105675
0.0108334
0.0111291
0.0114295
0.0117254
0.0120555
0.0124375
0.0128359
0.013182
0.0134764
0.0137627
0.0140635
0.0144091
0.0147661
0.0150746
0.0153984
0.0157724
0.0161509
0.0165131
0.0168949
0.0173291
0.0177678
0.0181727
0.0186003
0.0190355
0.019463
0.0198751
0.0202644
0.0206667
0.0210813
0.0214937
0.0219447
0.022424
0.0228829
0.023353
0.0238333
0.0243109
0.0248289
0.0253713
0.0258829
0.0264393
0.0270253
0.0275377
0.0280179
0.028545
0.0290946
0.0296832
0.0303183
0.030948
0.0315634
0.0321442
0.0327652
0.0334358
0.0341021
0.0347834
0.0354884
0.0361805
0.0368392
0.0375699
0.0383104
0.0390383
0.0397883
0.0405853
0.0414012
0.0421788
0.0429662
0.0438096
0.0447045
0.0456473
0.0465844
0.0474244
0.0482789
0.0492286
0.0502025
0.0511936
0.0522756
0.053323
0.0543334
0.0553641
0.0564244
0.0574914
0.058609
0.0597385
0.0608852
0.0619609
0.0630841
0.0640764
0.0648147
0.015209
0.0140334
0.0121715
0.0105144
0.00900373
0.0079342
0.00777872
0.00835092
0.0090287
0.00954882
0.00997468
0.0103283
0.0106015
0.0108634
0.0111575
0.0114546
0.0117472
0.0120773
0.0124593
0.0128513
0.0131899
0.0134842
0.013776
0.0140793
0.0144207
0.0147738
0.0150847
0.0154119
0.0157837
0.0161591
0.0165215
0.0169044
0.0173366
0.0177727
0.0181767
0.0186037
0.0190375
0.0194639
0.0198767
0.0202672
0.0206698
0.0210847
0.0214978
0.0219487
0.0224271
0.022885
0.0233548
0.0238358
0.0243142
0.0248312
0.0253724
0.025884
0.0264392
0.0270234
0.027536
0.0280181
0.0285461
0.0290958
0.0296846
0.0303199
0.0309483
0.0315632
0.0321451
0.0327665
0.0334367
0.0341031
0.0347835
0.0354874
0.0361794
0.0368394
0.0375706
0.0383111
0.039039
0.0397893
0.0405861
0.0414017
0.0421791
0.0429671
0.0438108
0.0447047
0.0456452
0.0465821
0.0474231
0.0482786
0.0492295
0.0502039
0.0511935
0.0522742
0.0533224
0.0543329
0.055364
0.0564244
0.0574917
0.0586089
0.0597389
0.0608854
0.061962
0.0630869
0.0640796
0.0648162
0.0149406
0.0138897
0.0121708
0.0106643
0.00927928
0.00820625
0.0079351
0.00841096
0.00906389
0.00959414
0.0100265
0.0103742
0.0106386
0.0108963
0.0111879
0.0114808
0.0117699
0.0121003
0.0124823
0.0128678
0.0131986
0.0134926
0.01379
0.0140959
0.014433
0.014782
0.0150954
0.0154259
0.0157957
0.0161677
0.0165304
0.0169144
0.0173445
0.0177779
0.0181809
0.0186074
0.0190397
0.0194649
0.0198784
0.0202701
0.020673
0.0210881
0.0215019
0.0219529
0.0224303
0.0228873
0.0233568
0.0238385
0.0243176
0.0248335
0.0253736
0.0258853
0.0264392
0.0270215
0.0275346
0.0280186
0.0285478
0.0290978
0.0296864
0.0303213
0.0309484
0.0315632
0.0321461
0.0327676
0.0334375
0.0341042
0.0347835
0.0354864
0.0361784
0.0368399
0.0375713
0.0383118
0.0390398
0.0397903
0.0405868
0.041402
0.0421793
0.042968
0.0438117
0.0447049
0.0456428
0.0465792
0.0474216
0.048278
0.0492301
0.0502052
0.0511934
0.0522724
0.0533215
0.0543322
0.0553639
0.0564244
0.0574919
0.0586088
0.0597393
0.0608856
0.0619631
0.0630898
0.0640829
0.0648178
0.0146847
0.0137499
0.0121688
0.0107972
0.00953476
0.00847812
0.00810944
0.00848305
0.00910049
0.00963664
0.0100771
0.0104216
0.0106789
0.0109324
0.0112203
0.0115078
0.0117935
0.0121244
0.0125065
0.0128854
0.0132081
0.0135015
0.0138048
0.0141134
0.0144461
0.0147909
0.0151065
0.0154405
0.0158083
0.0161769
0.0165398
0.016925
0.0173529
0.0177833
0.0181853
0.0186112
0.019042
0.019466
0.0198803
0.0202733
0.0206762
0.0210916
0.0215063
0.0219573
0.0224338
0.0228898
0.0233589
0.0238413
0.0243211
0.024836
0.0253749
0.0258868
0.0264394
0.0270197
0.0275334
0.0280196
0.02855
0.0291005
0.0296887
0.0303225
0.0309484
0.0315633
0.0321472
0.0327686
0.0334381
0.0341052
0.0347834
0.0354855
0.0361774
0.0368408
0.0375721
0.0383124
0.0390408
0.0397915
0.0405874
0.0414023
0.0421797
0.0429689
0.0438126
0.0447051
0.0456405
0.0465759
0.0474199
0.0482772
0.0492303
0.0502063
0.0511933
0.0522702
0.0533202
0.0543312
0.0553637
0.0564245
0.0574922
0.0586087
0.0597398
0.0608859
0.0619643
0.0630927
0.0640863
0.0648195
0.0144438
0.013612
0.0121645
0.0109168
0.00976936
0.00874514
0.00830022
0.00856945
0.00914055
0.0096767
0.0101255
0.0104699
0.0107223
0.0109721
0.0112552
0.0115358
0.0118179
0.0121498
0.0125319
0.012904
0.0132184
0.0135112
0.0138204
0.0141318
0.0144599
0.0148003
0.0151182
0.0154558
0.0158217
0.0161865
0.0165495
0.016936
0.0173617
0.0177891
0.01819
0.0186153
0.0190446
0.0194673
0.0198823
0.0202766
0.0206795
0.0210952
0.0215108
0.0219619
0.0224373
0.0228925
0.0233612
0.0238443
0.0243248
0.0248385
0.0253764
0.0258886
0.0264397
0.027018
0.0275324
0.0280211
0.0285527
0.0291039
0.0296915
0.0303236
0.0309484
0.0315636
0.0321484
0.0327696
0.0334386
0.0341063
0.0347835
0.0354846
0.0361766
0.036842
0.037573
0.038313
0.0390419
0.0397928
0.0405878
0.0414024
0.0421801
0.0429701
0.0438136
0.0447054
0.0456384
0.0465725
0.047418
0.0482767
0.0492303
0.0502072
0.0511934
0.0522678
0.0533185
0.0543301
0.0553635
0.0564245
0.0574925
0.0586086
0.0597402
0.0608863
0.0619656
0.0630955
0.0640898
0.0648213
0.0142215
0.0134756
0.0121555
0.0110262
0.00998407
0.00900329
0.00850467
0.00867209
0.00918637
0.00971515
0.0101711
0.0105178
0.0107683
0.0110155
0.0112927
0.0115649
0.011843
0.0121763
0.0125585
0.0129236
0.0132295
0.0135216
0.0138369
0.014151
0.0144744
0.0148103
0.0151304
0.0154716
0.0158357
0.0161966
0.0165595
0.0169475
0.017371
0.0177952
0.0181949
0.0186197
0.0190474
0.0194688
0.0198846
0.0202801
0.020683
0.0210988
0.0215154
0.0219667
0.0224411
0.0228954
0.0233637
0.0238475
0.0243286
0.0248412
0.025378
0.0258906
0.0264402
0.0270163
0.0275317
0.0280229
0.0285555
0.0291077
0.0296947
0.0303245
0.0309482
0.031564
0.0321498
0.0327706
0.0334392
0.0341072
0.0347836
0.0354838
0.036176
0.0368436
0.037574
0.0383135
0.0390432
0.0397944
0.0405884
0.0414025
0.0421808
0.0429715
0.0438149
0.044706
0.0456368
0.046569
0.0474166
0.0482766
0.0492304
0.0502079
0.0511937
0.0522654
0.0533164
0.0543288
0.0553633
0.0564246
0.0574929
0.0586086
0.0597406
0.0608867
0.061967
0.0630982
0.0640933
0.0648234
0.0140204
0.0133438
0.0121388
0.0111267
0.0101816
0.00924932
0.00871869
0.00879242
0.00924046
0.00975311
0.0102136
0.0105644
0.0108164
0.0110627
0.0113332
0.0115953
0.011869
0.012204
0.0125862
0.0129443
0.0132416
0.0135328
0.0138541
0.0141711
0.0144897
0.0148208
0.0151431
0.0154882
0.0158503
0.016207
0.0165699
0.0169593
0.0173808
0.0178016
0.0182001
0.0186243
0.0190504
0.0194705
0.0198871
0.0202838
0.0206867
0.0211026
0.0215202
0.0219716
0.022445
0.0228985
0.0233663
0.0238508
0.0243326
0.0248439
0.0253797
0.0258927
0.0264408
0.0270147
0.0275311
0.0280249
0.0285586
0.0291118
0.0296981
0.0303253
0.0309479
0.0315645
0.0321513
0.0327718
0.0334399
0.0341081
0.034784
0.0354832
0.0361757
0.0368453
0.0375751
0.038314
0.0390446
0.0397961
0.040589
0.0414027
0.0421817
0.0429731
0.0438166
0.0447069
0.0456357
0.0465658
0.0474155
0.048277
0.0492307
0.0502087
0.0511942
0.0522633
0.0533141
0.0543276
0.0553632
0.0564246
0.0574933
0.0586085
0.0597409
0.0608871
0.0619686
0.0631009
0.0640969
0.0648255
0.0138405
0.0132229
0.0121121
0.0112172
0.0103661
0.00948139
0.00893663
0.00893083
0.00930549
0.009792
0.010253
0.0106089
0.0108658
0.0111137
0.0113768
0.0116272
0.011896
0.012233
0.012615
0.0129659
0.0132545
0.0135448
0.0138723
0.0141922
0.0145057
0.0148318
0.0151564
0.0155054
0.0158657
0.0162179
0.0165805
0.0169716
0.0173912
0.0178084
0.0182055
0.0186292
0.0190538
0.0194725
0.0198898
0.0202879
0.0206905
0.0211065
0.0215251
0.0219768
0.0224492
0.0229017
0.0233691
0.0238543
0.0243368
0.0248468
0.0253815
0.0258949
0.0264415
0.0270131
0.0275307
0.0280271
0.0285617
0.029116
0.0297016
0.0303261
0.0309477
0.0315651
0.0321529
0.0327732
0.0334409
0.0341091
0.0347845
0.0354827
0.0361755
0.0368471
0.0375763
0.0383146
0.039046
0.0397978
0.0405898
0.0414029
0.0421828
0.0429749
0.0438186
0.0447083
0.0456351
0.0465629
0.0474149
0.0482781
0.0492314
0.0502097
0.051195
0.0522616
0.0533118
0.0543266
0.0553632
0.0564247
0.0574937
0.0586086
0.0597411
0.0608876
0.0619703
0.0631036
0.0641006
0.0648278
0.0136765
0.0131206
0.012076
0.0112937
0.0105419
0.00969983
0.00915224
0.00908615
0.00938414
0.00983356
0.0102898
0.0106509
0.0109156
0.0111678
0.0114236
0.0116609
0.0119242
0.0122634
0.0126451
0.0129884
0.0132684
0.0135578
0.0138913
0.0142142
0.0145226
0.0148434
0.0151701
0.0155233
0.0158818
0.0162291
0.0165914
0.0169843
0.017402
0.0178157
0.0182112
0.0186343
0.0190574
0.0194748
0.0198928
0.0202922
0.0206945
0.0211105
0.0215302
0.0219821
0.0224536
0.022905
0.023372
0.023858
0.0243412
0.0248498
0.0253833
0.0258972
0.0264423
0.0270115
0.0275304
0.0280293
0.0285649
0.0291203
0.0297052
0.0303269
0.0309475
0.0315657
0.0321547
0.0327749
0.0334422
0.03411
0.0347852
0.0354825
0.0361756
0.0368489
0.0375777
0.0383153
0.0390475
0.0397996
0.0405907
0.0414033
0.0421841
0.042977
0.0438209
0.0447101
0.045635
0.0465603
0.0474147
0.0482798
0.0492324
0.050211
0.0511963
0.0522605
0.0533096
0.0543258
0.0553634
0.0564249
0.0574943
0.0586088
0.0597413
0.060888
0.0619721
0.0631066
0.0641044
0.0648302
0.0135185
0.0130432
0.0120368
0.0113508
0.010711
0.00990724
0.00936003
0.00925541
0.00947917
0.00987984
0.0103248
0.0106902
0.010965
0.0112245
0.0114735
0.0116965
0.0119539
0.0122956
0.0126764
0.0130117
0.0132832
0.0135716
0.0139112
0.0142372
0.0145403
0.0148555
0.0151843
0.0155419
0.0158986
0.0162408
0.0166026
0.0169974
0.0174133
0.0178233
0.0182172
0.0186398
0.0190615
0.0194774
0.0198961
0.0202968
0.0206988
0.0211146
0.0215354
0.0219877
0.0224583
0.0229086
0.023375
0.0238618
0.0243457
0.0248529
0.0253853
0.0258995
0.0264432
0.02701
0.0275301
0.0280316
0.0285682
0.0291246
0.0297087
0.0303277
0.0309474
0.0315664
0.0321566
0.0327768
0.0334437
0.034111
0.0347861
0.0354822
0.0361758
0.0368507
0.0375791
0.0383161
0.0390491
0.0398013
0.0405918
0.0414037
0.0421856
0.0429792
0.0438234
0.0447123
0.0456353
0.0465582
0.0474148
0.0482821
0.049234
0.0502125
0.051198
0.05226
0.0533078
0.0543254
0.0553637
0.0564251
0.0574951
0.0586092
0.0597415
0.0608883
0.061974
0.0631098
0.0641085
0.0648328
0.0133542
0.0129911
0.0120048
0.0113849
0.0108706
0.0101083
0.00955659
0.00943337
0.00959293
0.00993347
0.0103584
0.010727
0.0110138
0.0112829
0.0115261
0.0117343
0.0119853
0.0123296
0.0127091
0.0130359
0.013299
0.0135865
0.013932
0.0142612
0.0145589
0.0148681
0.0151991
0.0155613
0.0159162
0.0162529
0.0166141
0.017011
0.0174253
0.0178314
0.0182234
0.0186456
0.0190658
0.0194802
0.0198996
0.0203018
0.0207033
0.0211188
0.0215408
0.0219936
0.0224632
0.0229123
0.0233781
0.0238658
0.0243505
0.0248562
0.0253872
0.0259019
0.0264443
0.0270086
0.0275299
0.0280339
0.0285716
0.0291289
0.0297123
0.0303287
0.0309474
0.0315671
0.0321585
0.032779
0.0334454
0.034112
0.0347871
0.0354819
0.0361762
0.0368525
0.0375806
0.038317
0.0390507
0.0398031
0.0405928
0.0414043
0.0421872
0.0429817
0.0438261
0.0447148
0.0456358
0.0465563
0.0474153
0.048285
0.049236
0.0502142
0.0512
0.0522599
0.0533062
0.0543253
0.0553642
0.0564254
0.057496
0.0586097
0.0597417
0.0608887
0.0619761
0.0631133
0.0641128
0.0648356
0.0131715
0.0129551
0.0119928
0.0113977
0.0110129
0.0103082
0.00974261
0.00961255
0.00972599
0.00999793
0.0103908
0.0107617
0.0110621
0.0113421
0.0115807
0.0117742
0.0120188
0.0123657
0.0127435
0.0130609
0.0133156
0.0136025
0.0139537
0.0142862
0.0145785
0.0148813
0.0152145
0.0155815
0.0159345
0.0162655
0.0166259
0.0170251
0.0174377
0.0178399
0.01823
0.0186518
0.0190706
0.0194833
0.0199035
0.0203072
0.0207079
0.0211231
0.0215464
0.0219997
0.0224683
0.0229162
0.0233814
0.0238699
0.0243555
0.0248596
0.0253892
0.0259044
0.0264455
0.0270074
0.0275297
0.0280363
0.028575
0.0291333
0.0297158
0.0303298
0.0309476
0.0315679
0.0321604
0.0327814
0.0334472
0.0341132
0.0347882
0.0354818
0.0361767
0.0368543
0.0375822
0.0383179
0.0390524
0.039805
0.040594
0.0414049
0.0421889
0.0429844
0.0438289
0.0447175
0.0456368
0.0465547
0.0474161
0.0482884
0.0492385
0.0502162
0.0512022
0.0522601
0.053305
0.0543254
0.0553648
0.0564258
0.057497
0.0586104
0.059742
0.060889
0.0619783
0.0631171
0.0641172
0.0648385
0.012965
0.0129207
0.0120106
0.0113983
0.0111287
0.0105087
0.00992277
0.00978528
0.00987585
0.0100774
0.0104232
0.0107942
0.0111106
0.0114015
0.0116363
0.0118162
0.0120547
0.0124043
0.0127797
0.0130871
0.013333
0.0136195
0.0139765
0.0143122
0.0145991
0.0148952
0.0152303
0.0156026
0.0159537
0.0162785
0.016638
0.0170397
0.0174508
0.0178489
0.0182369
0.0186582
0.0190758
0.0194867
0.0199076
0.0203129
0.0207128
0.0211275
0.0215522
0.0220061
0.0224737
0.0229203
0.0233847
0.0238741
0.0243607
0.0248631
0.0253913
0.025907
0.0264468
0.0270062
0.0275297
0.0280388
0.0285786
0.0291376
0.0297194
0.030331
0.0309478
0.0315688
0.0321625
0.0327838
0.033449
0.0341143
0.0347893
0.0354817
0.0361772
0.0368561
0.0375839
0.038319
0.0390541
0.0398069
0.0405951
0.0414056
0.0421906
0.0429873
0.0438318
0.0447202
0.0456375
0.0465532
0.0474171
0.0482921
0.0492413
0.0502184
0.0512046
0.0522604
0.0533041
0.0543258
0.0553655
0.0564262
0.0574981
0.0586112
0.0597423
0.0608894
0.0619805
0.0631211
0.0641219
0.0648417
0.0127396
0.0128703
0.0120586
0.0114012
0.0112119
0.0107039
0.0101034
0.0099476
0.0100366
0.0101757
0.0104582
0.0108238
0.01116
0.0114614
0.0116916
0.0118595
0.0120929
0.0124455
0.0128182
0.0131145
0.0133514
0.0136374
0.0140002
0.0143393
0.0146207
0.0149097
0.0152467
0.0156246
0.0159737
0.016292
0.0166505
0.0170548
0.0174644
0.0178584
0.0182443
0.0186651
0.0190814
0.0194906
0.0199121
0.020319
0.020718
0.021132
0.0215582
0.0220127
0.0224794
0.0229246
0.0233883
0.0238785
0.0243661
0.0248668
0.0253934
0.0259096
0.0264483
0.0270052
0.0275297
0.0280413
0.0285822
0.0291419
0.029723
0.0303323
0.0309482
0.0315696
0.0321645
0.0327864
0.0334508
0.0341156
0.0347905
0.0354818
0.0361778
0.0368579
0.0375856
0.0383201
0.0390559
0.0398088
0.0405963
0.0414063
0.0421923
0.0429902
0.0438347
0.0447231
0.045638
0.0465519
0.0474181
0.048296
0.0492444
0.0502207
0.0512071
0.0522609
0.0533032
0.0543263
0.0553663
0.0564267
0.0574994
0.0586121
0.0597426
0.0608899
0.0619829
0.0631252
0.0641267
0.064845
0.0125084
0.0127881
0.0121248
0.0114237
0.0112655
0.0108824
0.0102897
0.010102
0.0101997
0.0102936
0.0105006
0.0108499
0.0112105
0.0115226
0.0117459
0.0119035
0.0121334
0.0124895
0.0128593
0.0131434
0.0133708
0.0136564
0.0140249
0.0143674
0.0146434
0.0149251
0.0152636
0.0156474
0.0159948
0.016306
0.0166633
0.0170704
0.0174787
0.0178685
0.018252
0.0186722
0.0190874
0.0194949
0.0199169
0.0203254
0.0207234
0.0211367
0.0215643
0.0220196
0.0224854
0.0229292
0.0233919
0.023883
0.0243718
0.0248707
0.0253956
0.0259123
0.02645
0.0270044
0.0275298
0.0280439
0.0285858
0.0291461
0.0297266
0.0303338
0.0309486
0.0315705
0.0321667
0.032789
0.0334526
0.0341168
0.0347917
0.0354819
0.0361785
0.0368597
0.0375873
0.0383212
0.0390577
0.0398108
0.0405976
0.0414071
0.0421941
0.0429932
0.0438378
0.0447258
0.0456386
0.0465506
0.0474193
0.0483001
0.0492477
0.050223
0.0512096
0.0522613
0.0533025
0.0543268
0.0553672
0.0564273
0.0575007
0.0586131
0.059743
0.0608904
0.0619854
0.0631296
0.0641318
0.0648485
0.0122863
0.0126698
0.0121926
0.0114764
0.0113011
0.0110332
0.0104805
0.0102551
0.0103574
0.0104274
0.0105559
0.0108737
0.0112608
0.0115865
0.011799
0.0119468
0.0121757
0.0125363
0.0129033
0.0131743
0.0133912
0.0136765
0.0140507
0.0143966
0.0146673
0.0149412
0.015281
0.015671
0.0160171
0.0163208
0.0166763
0.0170866
0.0174938
0.017879
0.0182601
0.0186798
0.0190938
0.0194996
0.0199221
0.0203322
0.0207292
0.0211414
0.0215707
0.0220268
0.0224916
0.022934
0.0233957
0.0238877
0.0243776
0.0248747
0.0253977
0.0259151
0.0264519
0.0270038
0.02753
0.0280466
0.0285895
0.0291504
0.0297303
0.0303355
0.0309492
0.0315714
0.0321689
0.0327916
0.0334544
0.0341181
0.0347929
0.0354821
0.0361792
0.0368615
0.037589
0.0383224
0.0390596
0.0398129
0.0405989
0.041408
0.042196
0.0429963
0.0438408
0.0447286
0.0456391
0.0465493
0.0474205
0.0483042
0.049251
0.0502255
0.0512122
0.0522618
0.0533018
0.0543273
0.0553681
0.0564279
0.057502
0.0586142
0.0597435
0.0608911
0.061988
0.063134
0.0641372
0.0648523
0.0120865
0.0125237
0.0122439
0.0115561
0.0113351
0.0111525
0.0106661
0.0104133
0.0105084
0.0105701
0.0106276
0.0108988
0.0113088
0.0116539
0.0118523
0.0119881
0.0122192
0.0125856
0.0129506
0.0132077
0.0134127
0.0136976
0.0140776
0.0144267
0.0146924
0.0149584
0.015299
0.0156953
0.0160404
0.0163363
0.0166895
0.0171033
0.0175096
0.0178902
0.0182686
0.0186878
0.0191008
0.0195047
0.0199277
0.0203394
0.0207352
0.0211464
0.0215772
0.0220343
0.0224982
0.0229391
0.0233997
0.0238925
0.0243837
0.0248788
0.0254
0.025918
0.026454
0.0270033
0.0275302
0.0280493
0.0285934
0.0291546
0.029734
0.0303373
0.0309499
0.0315724
0.0321711
0.0327943
0.0334563
0.0341195
0.0347942
0.0354825
0.0361799
0.0368633
0.0375907
0.0383237
0.0390615
0.039815
0.0406003
0.0414089
0.0421979
0.0429995
0.0438439
0.0447313
0.0456396
0.0465481
0.0474217
0.0483083
0.0492543
0.050228
0.0512147
0.0522622
0.0533012
0.0543277
0.0553689
0.0564286
0.0575033
0.0586153
0.0597439
0.060892
0.0619907
0.0631386
0.0641428
0.0648563
0.0119188
0.0123631
0.0122661
0.0116495
0.011382
0.011247
0.0108358
0.010578
0.0106577
0.010714
0.0107149
0.0109306
0.0113536
0.0117241
0.0119079
0.0120266
0.0122624
0.0126375
0.0130009
0.0132443
0.0134357
0.0137195
0.0141057
0.014458
0.0147186
0.0149766
0.0153175
0.0157204
0.0160649
0.0163528
0.0167032
0.0171204
0.0175262
0.0179022
0.0182776
0.0186961
0.0191084
0.0195103
0.0199335
0.0203471
0.0207416
0.0211514
0.0215839
0.0220422
0.022505
0.0229444
0.0234037
0.0238974
0.0243901
0.0248832
0.0254022
0.025921
0.0264562
0.0270031
0.0275306
0.0280522
0.0285972
0.0291589
0.0297377
0.0303392
0.0309507
0.0315734
0.0321735
0.0327971
0.0334582
0.0341208
0.0347955
0.035483
0.0361806
0.0368651
0.0375925
0.0383251
0.0390635
0.0398172
0.0406018
0.0414099
0.0421998
0.0430026
0.0438471
0.0447339
0.0456402
0.046547
0.0474229
0.0483123
0.0492577
0.0502305
0.0512172
0.0522626
0.0533006
0.0543282
0.0553698
0.0564293
0.0575047
0.0586165
0.0597444
0.0608929
0.0619936
0.0631433
0.0641486
0.0648605
0.0117886
0.0122029
0.0122569
0.0117412
0.0114448
0.0113295
0.0109844
0.0107414
0.01081
0.0108566
0.0108135
0.0109731
0.0113966
0.0117951
0.0119679
0.012063
0.0123032
0.0126918
0.0130544
0.0132838
0.013461
0.0137422
0.014135
0.0144907
0.0147458
0.0149957
0.0153367
0.0157463
0.0160904
0.0163701
0.0167175
0.0171379
0.0175434
0.0179149
0.018287
0.0187048
0.0191165
0.0195165
0.0199397
0.0203552
0.0207486
0.0211566
0.0215907
0.0220504
0.0225123
0.02295
0.023408
0.0239025
0.0243967
0.0248878
0.0254046
0.0259241
0.0264587
0.027003
0.027531
0.0280551
0.0286012
0.029163
0.0297414
0.0303413
0.0309516
0.0315745
0.0321759
0.0328
0.0334601
0.0341222
0.0347969
0.0354836
0.0361814
0.0368669
0.0375944
0.0383266
0.0390655
0.0398195
0.0406033
0.041411
0.0422019
0.0430059
0.0438503
0.0447365
0.0456407
0.0465459
0.0474241
0.0483163
0.0492611
0.0502331
0.0512197
0.052263
0.0533
0.0543286
0.0553707
0.05643
0.0575061
0.0586178
0.0597449
0.0608941
0.0619966
0.0631481
0.0641547
0.064865
0.0116971
0.0120584
0.0122237
0.0118167
0.0115137
0.0114133
0.0111179
0.0108939
0.0109652
0.0110024
0.0109187
0.011026
0.0114408
0.0118653
0.0120336
0.0120993
0.0123393
0.0127474
0.013112
0.0133262
0.0134888
0.013766
0.0141649
0.0145252
0.0147745
0.0150155
0.0153565
0.0157731
0.0161172
0.0163883
0.0167322
0.0171561
0.0175613
0.0179284
0.0182972
0.0187139
0.0191251
0.0195234
0.0199463
0.0203636
0.020756
0.021162
0.0215977
0.0220588
0.02252
0.0229559
0.0234123
0.0239078
0.0244036
0.0248925
0.025407
0.0259273
0.0264614
0.0270032
0.0275316
0.0280582
0.0286052
0.0291672
0.0297452
0.0303436
0.0309526
0.0315757
0.0321784
0.0328029
0.0334621
0.0341237
0.0347984
0.0354843
0.0361823
0.0368688
0.0375962
0.0383281
0.0390676
0.0398218
0.0406049
0.0414122
0.0422039
0.0430092
0.0438535
0.0447391
0.0456412
0.0465449
0.0474253
0.0483203
0.0492644
0.0502357
0.0512221
0.0522634
0.0532995
0.0543289
0.0553715
0.0564308
0.0575075
0.0586191
0.0597454
0.0608954
0.0619997
0.063153
0.0641611
0.0648698
0.0116394
0.0119424
0.0121771
0.0118692
0.0115756
0.0115025
0.011249
0.0110297
0.0111135
0.0111563
0.0110313
0.0110861
0.0114877
0.0119349
0.0121051
0.0121383
0.0123693
0.0128019
0.0131749
0.0133716
0.0135185
0.0137917
0.0141954
0.0145611
0.0148052
0.0150359
0.0153766
0.0158008
0.0161454
0.0164073
0.0167472
0.0171749
0.01758
0.0179425
0.018308
0.0187235
0.0191342
0.0195309
0.0199534
0.0203725
0.0207638
0.0211677
0.0216047
0.0220676
0.0225281
0.0229621
0.0234167
0.0239131
0.0244108
0.0248976
0.0254095
0.0259306
0.0264644
0.0270037
0.0275323
0.0280613
0.0286092
0.0291714
0.0297491
0.030346
0.0309538
0.0315769
0.032181
0.032806
0.033464
0.0341251
0.0347999
0.0354851
0.0361832
0.0368706
0.0375981
0.0383297
0.0390697
0.0398242
0.0406066
0.0414134
0.0422061
0.0430125
0.0438568
0.0447416
0.0456418
0.0465441
0.0474266
0.0483242
0.0492678
0.0502384
0.0512246
0.0522639
0.053299
0.0543292
0.0553723
0.0564317
0.0575088
0.0586204
0.059746
0.0608968
0.062003
0.063158
0.0641677
0.0648748
0.0116051
0.011864
0.0121288
0.0118995
0.0116179
0.011589
0.0113918
0.0111556
0.0112421
0.0113169
0.0111588
0.01115
0.0115347
0.0120052
0.0121827
0.0121827
0.0123937
0.0128517
0.0132432
0.0134218
0.0135492
0.0138193
0.0142271
0.0145981
0.0148383
0.0150576
0.0153964
0.0158293
0.0161754
0.0164274
0.0167625
0.0171944
0.0175997
0.0179572
0.0183194
0.0187337
0.0191438
0.019539
0.019961
0.0203817
0.0207721
0.0211738
0.021612
0.0220765
0.0225365
0.0229688
0.0234214
0.0239186
0.0244183
0.0249029
0.025412
0.025934
0.0264676
0.0270044
0.0275331
0.0280646
0.0286134
0.0291755
0.0297529
0.0303486
0.0309552
0.0315782
0.0321837
0.0328091
0.0334661
0.0341266
0.0348015
0.0354861
0.0361841
0.0368725
0.0376001
0.0383314
0.0390719
0.0398267
0.0406084
0.0414148
0.0422083
0.0430158
0.0438601
0.0447442
0.0456424
0.0465433
0.0474279
0.048328
0.0492711
0.0502411
0.051227
0.0522643
0.0532986
0.0543295
0.0553732
0.0564326
0.0575102
0.0586219
0.0597466
0.0608984
0.0620065
0.0631631
0.0641746
0.0648802
0.011579
0.0118282
0.0120916
0.0119136
0.0116336
0.0116583
0.0115521
0.0112878
0.0113422
0.0114715
0.0113089
0.0112215
0.0115773
0.0120751
0.0122672
0.0122353
0.0124145
0.0128931
0.0133151
0.0134796
0.0135805
0.0138472
0.0142613
0.0146362
0.0148733
0.0150811
0.0154158
0.0158579
0.0162073
0.0164489
0.0167778
0.0172143
0.0176206
0.0179728
0.0183313
0.0187446
0.0191541
0.0195477
0.0199692
0.0203916
0.0207808
0.0211802
0.0216195
0.0220858
0.0225454
0.0229759
0.0234262
0.0239241
0.024426
0.0249085
0.0254147
0.0259376
0.0264711
0.0270054
0.0275341
0.0280679
0.0286176
0.0291797
0.0297568
0.0303514
0.0309567
0.0315795
0.0321865
0.0328123
0.0334681
0.0341281
0.0348032
0.0354873
0.0361851
0.0368744
0.0376021
0.0383331
0.0390741
0.0398292
0.0406103
0.0414162
0.0422106
0.0430193
0.0438635
0.0447467
0.045643
0.0465427
0.0474292
0.0483318
0.0492745
0.0502439
0.0512295
0.0522647
0.0532982
0.0543297
0.055374
0.0564336
0.0575116
0.0586234
0.0597473
0.0609002
0.0620102
0.0631683
0.0641817
0.0648859
0.0115428
0.0118325
0.0120766
0.0119197
0.0116265
0.0116955
0.0117192
0.0114449
0.0114197
0.0116025
0.0114815
0.0113121
0.0116121
0.0121398
0.0123591
0.0122991
0.0124354
0.0129238
0.0133867
0.0135472
0.0136144
0.0138731
0.0142979
0.014677
0.0149097
0.0151067
0.0154355
0.015886
0.016241
0.0164724
0.0167933
0.0172344
0.0176427
0.0179894
0.0183435
0.0187559
0.0191653
0.019557
0.0199778
0.020402
0.0207901
0.0211869
0.0216273
0.0220954
0.0225546
0.0229833
0.0234314
0.0239298
0.0244339
0.0249144
0.0254176
0.0259412
0.0264749
0.0270066
0.0275353
0.0280714
0.0286218
0.0291838
0.0297608
0.0303543
0.0309584
0.031581
0.0321894
0.0328157
0.0334703
0.0341297
0.034805
0.0354886
0.0361862
0.0368763
0.0376042
0.038335
0.0390765
0.0398318
0.0406123
0.0414178
0.042213
0.0430227
0.0438669
0.0447492
0.0456437
0.0465422
0.0474305
0.0483355
0.0492778
0.0502467
0.0512319
0.0522652
0.0532978
0.05433
0.0553747
0.0564346
0.057513
0.0586251
0.059748
0.0609021
0.0620141
0.0631735
0.064189
0.0648919
0.0114792
0.0118621
0.0120923
0.0119288
0.0116092
0.0116917
0.0118704
0.0116392
0.011496
0.0116922
0.0116609
0.0114346
0.0116453
0.0121917
0.0124548
0.012377
0.0124613
0.0129436
0.0134524
0.0136251
0.0136548
0.0138952
0.0143346
0.0147224
0.0149479
0.0151336
0.0154563
0.0159134
0.0162759
0.0164983
0.0168092
0.0172542
0.0176659
0.0180075
0.0183565
0.0187676
0.0191773
0.0195672
0.0199867
0.0204128
0.0208001
0.0211938
0.0216351
0.0221055
0.0225643
0.0229911
0.0234367
0.0239356
0.0244421
0.0249205
0.0254206
0.025945
0.0264789
0.0270082
0.0275367
0.0280751
0.0286262
0.0291879
0.0297649
0.0303574
0.0309602
0.0315825
0.0321923
0.0328191
0.0334725
0.0341313
0.0348068
0.0354901
0.0361874
0.0368782
0.0376063
0.0383369
0.0390788
0.0398345
0.0406144
0.0414194
0.0422154
0.0430262
0.0438704
0.0447517
0.0456444
0.0465418
0.0474319
0.0483391
0.0492812
0.0502496
0.0512343
0.0522657
0.0532975
0.0543302
0.0553755
0.0564357
0.0575144
0.0586268
0.0597489
0.0609042
0.0620183
0.0631789
0.0641965
0.0648982
0.0113731
0.0118889
0.0121425
0.0119588
0.0116006
0.0116553
0.01198
0.0118638
0.0115983
0.0117377
0.0118223
0.0115941
0.0116919
0.0122266
0.0125465
0.0124696
0.0124986
0.0129557
0.0135064
0.0137101
0.0137067
0.0139141
0.0143675
0.0147733
0.0149902
0.0151606
0.0154779
0.0159411
0.0163113
0.0165265
0.0168261
0.0172738
0.0176899
0.0180269
0.0183703
0.0187796
0.0191898
0.0195785
0.0199963
0.020424
0.0208108
0.0212013
0.0216431
0.0221158
0.0225745
0.0229992
0.0234423
0.0239417
0.0244506
0.024927
0.0254237
0.0259489
0.0264833
0.0270101
0.0275382
0.0280789
0.0286307
0.0291921
0.0297689
0.0303607
0.0309623
0.0315842
0.0321954
0.0328227
0.0334748
0.0341329
0.0348088
0.0354918
0.0361886
0.0368801
0.0376086
0.038339
0.0390813
0.0398372
0.0406165
0.0414212
0.0422179
0.0430298
0.0438739
0.0447542
0.0456452
0.0465416
0.0474333
0.0483426
0.0492845
0.0502525
0.0512367
0.0522662
0.0532973
0.0543304
0.0553763
0.0564369
0.0575159
0.0586286
0.0597498
0.0609064
0.0620227
0.0631843
0.0642042
0.0649049
0.0111995
0.0118592
0.0122164
0.0120341
0.011628
0.011609
0.0120284
0.0120921
0.0117548
0.0117614
0.0119375
0.0117766
0.0117701
0.0122511
0.0126241
0.0125714
0.0125535
0.0129667
0.0135445
0.0137958
0.0137733
0.0139342
0.0143928
0.0148275
0.01504
0.015188
0.0154988
0.0159699
0.0163473
0.0165562
0.0168444
0.0172934
0.0177144
0.0180478
0.0183851
0.018792
0.0192027
0.0195907
0.0200067
0.0204355
0.020822
0.0212093
0.0216512
0.0221264
0.0225854
0.0230078
0.0234479
0.0239479
0.0244595
0.0249339
0.025427
0.025953
0.026488
0.0270124
0.0275399
0.0280828
0.0286352
0.0291962
0.0297731
0.0303642
0.0309645
0.0315859
0.0321985
0.0328264
0.0334771
0.0341345
0.0348108
0.0354937
0.03619
0.0368821
0.0376109
0.0383411
0.0390838
0.0398401
0.0406188
0.0414231
0.0422205
0.0430333
0.0438774
0.0447567
0.045646
0.0465416
0.0474348
0.0483461
0.0492878
0.0502554
0.0512391
0.0522668
0.0532971
0.0543306
0.055377
0.0564382
0.0575173
0.0586305
0.0597509
0.0609088
0.0620274
0.0631899
0.064212
0.064912
0.010982
0.0117417
0.0122903
0.0121639
0.0117126
0.0115801
0.0120136
0.0122899
0.0119731
0.0117968
0.0119921
0.0119553
0.0118914
0.0122813
0.0126822
0.0126724
0.0126272
0.0129862
0.0135678
0.013874
0.0138547
0.0139618
0.0144087
0.0148803
0.0150997
0.0152186
0.0155167
0.0159994
0.0163855
0.016587
0.0168637
0.0173135
0.0177395
0.0180698
0.0184011
0.0188052
0.0192161
0.0196037
0.020018
0.0204476
0.0208336
0.0212179
0.0216596
0.0221371
0.0225967
0.0230171
0.0234538
0.0239541
0.0244687
0.0249411
0.0254305
0.0259571
0.0264931
0.0270151
0.0275417
0.0280868
0.0286399
0.0292004
0.0297773
0.0303678
0.030967
0.0315878
0.0322018
0.0328301
0.0334796
0.0341362
0.0348129
0.0354957
0.0361915
0.0368841
0.0376132
0.0383433
0.0390864
0.039843
0.0406212
0.0414251
0.0422232
0.043037
0.0438809
0.0447593
0.045647
0.0465418
0.0474363
0.0483495
0.0492912
0.0502584
0.0512415
0.0522674
0.053297
0.0543308
0.0553777
0.0564396
0.0575188
0.0586324
0.0597521
0.0609113
0.0620323
0.0631955
0.06422
0.0649194
0.0107683
0.0115461
0.0123248
0.0123362
0.01186
0.0115931
0.0119555
0.0124202
0.0122302
0.0118843
0.0120013
0.0120956
0.0120453
0.0123368
0.0127278
0.0127612
0.0127122
0.0130235
0.0135839
0.013936
0.013945
0.0140041
0.0144176
0.0149254
0.0151686
0.0152571
0.0155309
0.0160269
0.0164275
0.0166196
0.0168826
0.0173341
0.0177658
0.0180929
0.018418
0.0188192
0.0192302
0.0196172
0.0200301
0.0204605
0.0208458
0.0212269
0.0216685
0.0221481
0.0226084
0.0230271
0.02346
0.0239603
0.0244782
0.0249489
0.0254342
0.0259614
0.0264985
0.0270181
0.0275438
0.028091
0.0286448
0.0292046
0.0297816
0.0303717
0.0309697
0.0315898
0.0322051
0.032834
0.0334822
0.034138
0.0348151
0.0354979
0.0361931
0.0368862
0.0376157
0.0383456
0.0390891
0.039846
0.0406237
0.0414272
0.0422261
0.0430407
0.0438845
0.0447618
0.0456481
0.0465421
0.0474379
0.0483529
0.0492945
0.0502614
0.0512439
0.0522682
0.053297
0.0543311
0.0553784
0.056441
0.0575203
0.0586345
0.0597535
0.060914
0.0620376
0.0632013
0.0642281
0.0649271
0.0106202
0.0113102
0.0122778
0.012516
0.0120635
0.0116638
0.0118846
0.0124612
0.0124868
0.0120521
0.0119997
0.0121736
0.0122065
0.0124296
0.012777
0.0128335
0.0127956
0.0130807
0.0136057
0.0139786
0.0140338
0.0140655
0.0144268
0.0149576
0.0152423
0.0153082
0.0155438
0.0160489
0.0164729
0.0166567
0.0169006
0.0173541
0.0177939
0.0181174
0.0184355
0.018834
0.0192453
0.0196313
0.0200427
0.0204744
0.020859
0.0212361
0.0216774
0.0221595
0.0226206
0.0230376
0.0234667
0.0239664
0.0244878
0.0249572
0.0254383
0.0259657
0.0265042
0.0270217
0.0275463
0.0280953
0.0286497
0.0292089
0.0297859
0.0303757
0.0309726
0.0315918
0.0322085
0.0328381
0.0334849
0.0341399
0.0348174
0.0355003
0.0361948
0.0368884
0.0376182
0.038348
0.0390919
0.039849
0.0406263
0.0414295
0.042229
0.0430445
0.0438881
0.0447644
0.0456492
0.0465427
0.0474395
0.0483562
0.0492978
0.0502645
0.0512463
0.052269
0.0532971
0.0543313
0.0553792
0.0564425
0.0575219
0.0586367
0.0597551
0.0609168
0.0620431
0.0632073
0.0642363
0.0649353
0.010557
0.0110853
0.0121424
0.0126523
0.0123046
0.0117994
0.0118346
0.012422
0.0126959
0.0122917
0.0120342
0.0121959
0.0123403
0.0125501
0.0128484
0.0128996
0.0128642
0.013147
0.0136473
0.0140102
0.0141084
0.0141437
0.0144456
0.0149754
0.0153135
0.015374
0.0155605
0.0160629
0.0165189
0.0167009
0.0169189
0.0173713
0.0178239
0.0181445
0.0184532
0.018849
0.0192615
0.0196465
0.0200556
0.0204889
0.0208733
0.0212458
0.0216862
0.0221713
0.0226335
0.0230486
0.0234738
0.0239728
0.0244976
0.0249659
0.0254427
0.0259703
0.0265101
0.0270255
0.027549
0.0280997
0.0286548
0.0292134
0.0297902
0.0303799
0.0309758
0.0315941
0.032212
0.0328423
0.0334877
0.0341418
0.0348199
0.0355028
0.0361967
0.0368907
0.0376208
0.0383504
0.0390947
0.0398522
0.0406291
0.0414318
0.042232
0.0430483
0.0438918
0.044767
0.0456505
0.0465435
0.0474412
0.0483594
0.0493011
0.0502676
0.0512487
0.0522699
0.0532972
0.0543316
0.0553799
0.0564441
0.0575236
0.0586389
0.0597569
0.0609197
0.0620489
0.0632134
0.0642446
0.0649437
0.0105618
0.0109163
0.0119534
0.0127051
0.0125504
0.0119975
0.0118366
0.012336
0.0128182
0.0125659
0.0121458
0.0121926
0.0124202
0.0126755
0.0129504
0.0129772
0.0129154
0.0132049
0.0137123
0.0140474
0.014161
0.0142268
0.0144834
0.0149839
0.0153741
0.0154527
0.0155869
0.0160693
0.0165608
0.016753
0.0169407
0.0173842
0.0178538
0.0181758
0.0184719
0.0188634
0.0192788
0.0196631
0.0200688
0.0205037
0.020889
0.0212565
0.0216948
0.0221832
0.0226473
0.0230603
0.0234811
0.0239793
0.0245076
0.024975
0.0254475
0.0259752
0.0265164
0.0270297
0.027552
0.0281043
0.02866
0.029218
0.0297946
0.0303843
0.0309792
0.0315964
0.0322156
0.0328467
0.0334905
0.0341437
0.0348224
0.0355056
0.0361986
0.0368931
0.0376236
0.0383529
0.0390977
0.0398554
0.0406319
0.0414344
0.0422351
0.0430522
0.0438954
0.0447696
0.0456519
0.0465445
0.047443
0.0483626
0.0493044
0.0502707
0.0512512
0.0522709
0.0532975
0.0543319
0.0553807
0.0564458
0.0575253
0.0586412
0.059759
0.0609228
0.0620549
0.0632198
0.064253
0.0649525
0.0106107
0.0108152
0.0117571
0.0126677
0.0127594
0.0122404
0.0119087
0.0122442
0.0128442
0.0128253
0.0123428
0.0122067
0.0124478
0.0127759
0.0130706
0.0130848
0.0129651
0.0132365
0.0137858
0.0141096
0.0141995
0.0142985
0.0145424
0.0149943
0.0154177
0.0155377
0.0156286
0.0160719
0.0165946
0.016811
0.0169699
0.0173937
0.0178806
0.0182115
0.0184936
0.0188765
0.0192964
0.0196818
0.0200828
0.0205184
0.0209057
0.0212686
0.0217034
0.0221947
0.0226618
0.023073
0.0234886
0.0239859
0.024518
0.0249845
0.0254525
0.0259803
0.0265231
0.0270342
0.0275553
0.0281092
0.0286654
0.0292227
0.0297991
0.0303888
0.030983
0.0315988
0.0322193
0.0328514
0.0334936
0.0341457
0.0348252
0.0355085
0.0362006
0.0368956
0.0376265
0.0383555
0.0391008
0.0398588
0.0406348
0.041437
0.0422383
0.0430562
0.0438991
0.0447722
0.0456534
0.0465457
0.0474448
0.0483658
0.0493077
0.0502738
0.0512536
0.0522719
0.0532979
0.0543322
0.0553815
0.0564476
0.0575271
0.0586436
0.0597613
0.060926
0.0620612
0.0632263
0.0642614
0.0649616
0.010691
0.0107687
0.0115908
0.0125656
0.0128989
0.0124994
0.012053
0.012188
0.0127961
0.0130194
0.0125971
0.0122806
0.0124466
0.0128297
0.0131863
0.0132265
0.0130365
0.0132397
0.0138436
0.0142041
0.0142442
0.0143456
0.0146111
0.0150201
0.0154451
0.0156192
0.0156883
0.0160768
0.0166176
0.0168706
0.0170087
0.0174029
0.017902
0.0182496
0.0185204
0.018889
0.0193126
0.0197025
0.0200984
0.0205329
0.0209229
0.0212822
0.0217126
0.0222056
0.0226767
0.023087
0.0234966
0.0239923
0.0245288
0.0249945
0.0254576
0.0259857
0.0265304
0.0270391
0.0275588
0.0281143
0.0286709
0.0292275
0.0298037
0.0303936
0.030987
0.0316013
0.032223
0.0328562
0.0334967
0.0341477
0.0348281
0.0355117
0.0362027
0.0368982
0.0376295
0.0383582
0.039104
0.0398623
0.0406379
0.0414397
0.0422415
0.0430603
0.0439028
0.0447749
0.0456551
0.0465472
0.0474466
0.0483689
0.0493111
0.050277
0.051256
0.0522731
0.0532984
0.0543326
0.0553823
0.0564495
0.057529
0.0586461
0.0597639
0.0609295
0.0620678
0.0632331
0.0642698
0.0649709
0.0108029
0.0107635
0.0114629
0.0124324
0.01296
0.0127408
0.012255
0.0121948
0.0127121
0.0131219
0.0128645
0.012433
0.0124518
0.0128386
0.01327
0.0133846
0.0131528
0.0132356
0.0138607
0.0143139
0.0143199
0.0143728
0.0146703
0.0150689
0.0154679
0.0156863
0.0157623
0.0160913
0.0166301
0.0169273
0.0170574
0.0174156
0.0179176
0.018287
0.0185532
0.0189032
0.0193263
0.0197241
0.0201165
0.0205476
0.0209402
0.0212972
0.0217227
0.0222163
0.0226916
0.0231021
0.0235053
0.0239984
0.0245399
0.0250055
0.0254628
0.0259909
0.0265383
0.0270446
0.0275625
0.0281195
0.0286766
0.0292326
0.0298084
0.0303984
0.0309913
0.031604
0.0322267
0.0328613
0.0335
0.0341496
0.0348312
0.0355152
0.0362049
0.036901
0.0376327
0.0383609
0.0391072
0.0398658
0.0406411
0.0414426
0.0422449
0.0430645
0.0439065
0.0447776
0.0456569
0.0465489
0.0474486
0.048372
0.0493145
0.0502801
0.0512585
0.0522744
0.0532991
0.0543331
0.0553832
0.0564515
0.0575311
0.0586487
0.0597668
0.060933
0.0620745
0.0632402
0.0642783
0.0649805
0.0109426
0.0108017
0.0113693
0.0122966
0.0129552
0.0129364
0.012489
0.012271
0.0126347
0.0131395
0.0130945
0.0126485
0.0125013
0.012823
0.0133049
0.0135324
0.0133181
0.0132541
0.0138318
0.0144095
0.0144395
0.0144031
0.0147014
0.0151308
0.0155024
0.0157353
0.0158402
0.0161227
0.0166362
0.016976
0.0171139
0.0174348
0.0179292
0.0183212
0.0185907
0.0189214
0.019338
0.0197448
0.0201374
0.0205635
0.0209571
0.0213131
0.0217339
0.022227
0.0227063
0.0231181
0.0235151
0.0240043
0.024551
0.0250175
0.0254684
0.025996
0.0265467
0.0270508
0.0275664
0.0281248
0.0286825
0.0292378
0.0298131
0.0304035
0.0309961
0.0316068
0.0322304
0.0328667
0.0335037
0.0341515
0.0348345
0.0355189
0.0362072
0.0369038
0.0376361
0.0383637
0.0391105
0.0398696
0.0406444
0.0414455
0.0422483
0.0430688
0.0439103
0.0447803
0.0456589
0.0465508
0.0474507
0.048375
0.0493179
0.0502833
0.051261
0.0522758
0.0532998
0.0543337
0.0553842
0.0564536
0.0575332
0.0586514
0.0597699
0.0609368
0.0620814
0.0632475
0.0642868
0.0649903
0.0110846
0.0108903
0.0113129
0.0121727
0.0129061
0.0130728
0.0127256
0.0124081
0.0125975
0.0131016
0.0132534
0.0128927
0.0126152
0.0128131
0.0132955
0.0136403
0.0135112
0.0133259
0.0137798
0.0144581
0.0145862
0.0144658
0.0147053
0.015184
0.0155608
0.0157769
0.0159085
0.0161717
0.0166446
0.0170126
0.0171747
0.0174631
0.0179388
0.0183509
0.0186309
0.0189448
0.0193495
0.0197633
0.02016
0.0205819
0.0209741
0.0213292
0.0217461
0.022238
0.0227212
0.0231349
0.0235257
0.0240103
0.0245619
0.0250304
0.0254747
0.0260007
0.0265554
0.0270578
0.0275705
0.0281301
0.0286887
0.0292432
0.0298179
0.0304088
0.0310011
0.0316097
0.0322339
0.0328724
0.0335076
0.0341534
0.0348378
0.0355229
0.0362095
0.0369067
0.0376396
0.0383667
0.0391139
0.0398734
0.040648
0.0414487
0.0422518
0.0430731
0.0439142
0.044783
0.045661
0.046553
0.0474528
0.048378
0.0493214
0.0502864
0.0512635
0.0522773
0.0533007
0.0543343
0.0553852
0.0564558
0.0575355
0.0586542
0.0597734
0.0609409
0.0620884
0.0632551
0.0642954
0.0650002
0.0111913
0.0110184
0.0113046
0.0120685
0.0128325
0.0131509
0.0129394
0.0125874
0.012616
0.0130431
0.0133347
0.0131229
0.0127861
0.0128402
0.0132633
0.0136917
0.0137008
0.0134617
0.0137395
0.0144466
0.0147276
0.0145804
0.0147059
0.015206
0.0156362
0.0158293
0.0159587
0.0162283
0.0166658
0.017038
0.017233
0.0175023
0.0179494
0.0183754
0.0186723
0.0189731
0.0193622
0.0197796
0.0201828
0.020603
0.0209923
0.0213452
0.0217588
0.0222495
0.0227364
0.0231525
0.023537
0.0240161
0.0245729
0.0250442
0.0254818
0.0260053
0.0265642
0.0270657
0.0275752
0.0281354
0.0286951
0.029249
0.0298228
0.0304142
0.0310066
0.0316128
0.0322374
0.0328782
0.0335119
0.0341552
0.0348412
0.0355273
0.036212
0.0369097
0.0376434
0.0383698
0.0391173
0.0398772
0.0406516
0.0414519
0.0422554
0.0430776
0.0439181
0.0447857
0.0456633
0.0465554
0.0474551
0.0483809
0.0493249
0.0502896
0.0512661
0.052279
0.0533017
0.0543351
0.0553864
0.056458
0.057538
0.0586571
0.0597772
0.0609451
0.0620956
0.063263
0.064304
0.0650103
0.011243
0.0111547
0.0113485
0.0119925
0.0127486
0.0131798
0.0131148
0.0127869
0.0126908
0.0129968
0.0133534
0.0133067
0.012989
0.0129205
0.0132373
0.0136914
0.0138527
0.0136429
0.0137468
0.0143952
0.0148268
0.0147338
0.0147349
0.0151916
0.0157044
0.0159095
0.016
0.0162768
0.016705
0.0170609
0.0172809
0.017551
0.0179654
0.0183936
0.0187133
0.0190069
0.0193768
0.0197943
0.0202048
0.0206262
0.0210127
0.0213614
0.0217713
0.0222612
0.0227521
0.0231714
0.0235492
0.0240215
0.0245838
0.025059
0.0254895
0.02601
0.026573
0.0270741
0.0275805
0.0281407
0.0287017
0.029255
0.0298277
0.0304198
0.0310124
0.0316162
0.0322409
0.0328842
0.0335165
0.0341572
0.0348447
0.035532
0.0362146
0.0369126
0.0376473
0.0383731
0.0391209
0.0398812
0.0406554
0.0414553
0.0422589
0.0430821
0.0439221
0.0447885
0.0456657
0.046558
0.0474575
0.0483839
0.0493285
0.0502928
0.0512687
0.0522808
0.0533028
0.054336
0.0553876
0.0564604
0.0575406
0.05866
0.0597812
0.0609497
0.0621028
0.0632712
0.0643128
0.0650205
0.0112573
0.011269
0.0114318
0.0119547
0.0126672
0.0131722
0.0132451
0.0129836
0.0128109
0.012986
0.0133337
0.0134313
0.0131934
0.0130475
0.0132454
0.0136621
0.0139461
0.0138381
0.0138181
0.0143384
0.0148662
0.0148937
0.0148164
0.0151643
0.0157384
0.016014
0.0160537
0.0163045
0.0167532
0.0170947
0.0173156
0.0176016
0.0179923
0.0184067
0.0187501
0.0190471
0.0193948
0.0198069
0.0202257
0.0206507
0.0210355
0.0213789
0.0217834
0.0222725
0.0227682
0.0231919
0.0235627
0.024026
0.0245941
0.0250754
0.0254981
0.0260143
0.0265822
0.0270831
0.0275861
0.0281463
0.0287084
0.0292614
0.0298327
0.0304256
0.0310186
0.0316199
0.0322443
0.0328902
0.0335215
0.0341592
0.0348481
0.035537
0.0362174
0.0369157
0.0376513
0.0383766
0.0391245
0.0398851
0.0406595
0.0414589
0.0422626
0.0430867
0.0439263
0.0447913
0.0456682
0.0465609
0.0474601
0.0483869
0.0493321
0.0502961
0.0512712
0.0522828
0.053304
0.0543371
0.055389
0.0564629
0.0575435
0.0586631
0.0597855
0.0609545
0.0621101
0.0632796
0.0643216
0.0650308
0.0112595
0.0113541
0.0115326
0.0119593
0.0126008
0.0131408
0.0133309
0.0131604
0.0129575
0.0130206
0.0133035
0.0134979
0.0133742
0.0132027
0.0132988
0.0136335
0.0139819
0.014012
0.0139423
0.0143114
0.01486
0.0150238
0.0149437
0.0151568
0.0157269
0.0161173
0.0161412
0.0163174
0.0167914
0.0171486
0.0173453
0.0176438
0.0180322
0.0184208
0.018778
0.0190919
0.0194196
0.0198171
0.0202444
0.0206767
0.0210606
0.0213983
0.0217954
0.0222827
0.0227843
0.0232141
0.0235781
0.0240299
0.0246031
0.0250932
0.0255081
0.026018
0.0265916
0.027093
0.0275918
0.0281519
0.0287156
0.0292679
0.0298378
0.0304316
0.0310251
0.0316238
0.0322478
0.0328964
0.0335268
0.0341613
0.0348516
0.0355422
0.0362205
0.0369188
0.0376554
0.0383803
0.0391282
0.0398891
0.0406636
0.0414626
0.0422663
0.0430914
0.0439306
0.0447941
0.0456709
0.0465639
0.0474628
0.0483899
0.0493357
0.0502994
0.0512739
0.0522849
0.0533054
0.0543382
0.0553907
0.0564654
0.0575466
0.0586664
0.0597901
0.0609597
0.0621175
0.0632883
0.0643306
0.0650412
0.0112529
0.0114204
0.0116334
0.0120001
0.0125597
0.0130993
0.0133778
0.013308
0.0131117
0.0130957
0.0132906
0.0135191
0.0135165
0.0133665
0.0133898
0.0136328
0.01398
0.0141394
0.0140943
0.0143324
0.0148369
0.0151053
0.015087
0.0151962
0.0156892
0.016189
0.0162658
0.0163396
0.0168022
0.0172155
0.0173854
0.0176701
0.0180784
0.0184449
0.0187955
0.0191353
0.0194549
0.0198275
0.0202577
0.0207035
0.0210888
0.0214196
0.0218084
0.0222914
0.0227996
0.0232383
0.0235961
0.0240336
0.0246102
0.025112
0.0255203
0.0260212
0.0266006
0.0271043
0.0275978
0.0281572
0.0287235
0.029275
0.0298427
0.0304378
0.0310319
0.0316279
0.0322512
0.0329027
0.0335326
0.0341637
0.034855
0.0355475
0.036224
0.036922
0.0376595
0.0383842
0.0391322
0.0398931
0.040668
0.0414665
0.04227
0.043096
0.043935
0.0447971
0.0456738
0.0465671
0.0474656
0.048393
0.0493392
0.0503027
0.0512765
0.0522872
0.0533069
0.0543395
0.0553925
0.0564679
0.0575498
0.0586698
0.059795
0.0609652
0.0621249
0.0632971
0.0643397
0.0650515
0.0112264
0.0114734
0.0117268
0.012065
0.0125487
0.01306
0.0133945
0.0134226
0.0132592
0.0131954
0.0133113
0.0135173
0.0136124
0.0135222
0.0135029
0.0136699
0.0139686
0.0142141
0.0142456
0.0143966
0.0148254
0.0151488
0.0152143
0.015282
0.0156578
0.0162088
0.0164028
0.0163988
0.0167866
0.0172743
0.0174499
0.0176861
0.0181174
0.0184849
0.0188087
0.019169
0.0195008
0.019845
0.0202638
0.0207277
0.0211214
0.0214431
0.021822
0.0222993
0.0228127
0.0232641
0.0236176
0.0240373
0.0246151
0.0251312
0.0255348
0.0260246
0.0266088
0.0271168
0.0276047
0.0281617
0.0287315
0.0292829
0.0298478
0.0304439
0.0310391
0.0316324
0.0322545
0.0329091
0.0335387
0.0341663
0.0348583
0.035553
0.0362278
0.0369254
0.0376635
0.0383883
0.0391364
0.0398971
0.0406725
0.0414705
0.0422737
0.0431008
0.0439395
0.0448001
0.0456766
0.0465705
0.0474686
0.0483962
0.0493428
0.0503061
0.0512792
0.0522896
0.0533086
0.0543409
0.0553947
0.0564705
0.0575533
0.0586734
0.0597999
0.060971
0.0621322
0.063306
0.0643491
0.0650619
0.0111796
0.0115082
0.0118101
0.0121421
0.0125664
0.0130329
0.0133923
0.0135047
0.0133925
0.0133033
0.0133635
0.0135189
0.0136645
0.0136567
0.0136256
0.0137374
0.0139736
0.0142482
0.0143724
0.0144886
0.0148384
0.015176
0.0153089
0.0153901
0.0156612
0.0161869
0.0165184
0.0165078
0.0167697
0.0173018
0.0175362
0.0177098
0.0181383
0.0185368
0.0188289
0.0191868
0.0195488
0.0198767
0.0202665
0.0207437
0.0211582
0.0214718
0.0218359
0.022307
0.0228233
0.0232897
0.0236434
0.0240417
0.0246174
0.0251505
0.0255514
0.0260286
0.0266162
0.0271299
0.0276128
0.0281658
0.0287393
0.0292917
0.0298533
0.0304499
0.0310464
0.0316373
0.0322579
0.0329155
0.0335453
0.0341691
0.0348616
0.0355585
0.036232
0.036929
0.0376675
0.0383924
0.0391407
0.039901
0.0406772
0.0414747
0.0422776
0.0431056
0.0439441
0.0448034
0.0456796
0.0465741
0.0474716
0.0483995
0.0493462
0.0503095
0.0512821
0.0522921
0.0533105
0.0543423
0.0553971
0.0564732
0.0575568
0.0586773
0.0598049
0.0609772
0.0621398
0.063315
0.0643585
0.0650723
0.0111277
0.0115212
0.0118793
0.0122221
0.0126066
0.0130245
0.0133825
0.0135585
0.0135085
0.0134106
0.013433
0.0135415
0.0136892
0.013758
0.0137479
0.0138222
0.0140062
0.0142642
0.0144632
0.0145919
0.0148743
0.0152048
0.0153783
0.0154943
0.0157065
0.0161531
0.0165849
0.0166472
0.0167824
0.0172909
0.017622
0.0177585
0.0181425
0.0185869
0.0188678
0.0191937
0.0195866
0.0199239
0.0202747
0.0207471
0.0211934
0.0215088
0.0218514
0.0223135
0.0228325
0.0233141
0.0236737
0.0240487
0.0246163
0.0251691
0.0255703
0.026033
0.026623
0.0271435
0.0276219
0.0281697
0.0287466
0.0293011
0.0298596
0.0304558
0.0310537
0.0316426
0.0322611
0.0329217
0.0335525
0.0341723
0.0348647
0.0355639
0.0362367
0.0369328
0.0376716
0.0383968
0.0391453
0.039905
0.0406821
0.041479
0.0422813
0.0431104
0.0439488
0.0448069
0.0456827
0.0465779
0.0474748
0.0484031
0.0493497
0.0503129
0.051285
0.0522946
0.0533126
0.0543439
0.0553997
0.0564761
0.0575604
0.0586815
0.0598101
0.0609836
0.0621474
0.0633241
0.0643682
0.0650828
0.011083
0.0115191
0.0119316
0.0122981
0.0126616
0.0130365
0.0133742
0.0135887
0.0136049
0.013515
0.013508
0.0135856
0.013709
0.0138235
0.0138589
0.0139142
0.0140607
0.0142835
0.0145202
0.0146899
0.0149267
0.0152407
0.0154386
0.0155805
0.0157781
0.0161367
0.016601
0.0167835
0.0168459
0.0172633
0.0176815
0.0178349
0.0181455
0.0186194
0.0189258
0.0192046
0.0196052
0.0199783
0.0202996
0.0207422
0.0212183
0.0215538
0.0218727
0.0223171
0.0228392
0.0233366
0.0237068
0.0240601
0.0246127
0.025186
0.0255922
0.0260383
0.0266288
0.0271578
0.027632
0.0281736
0.0287536
0.0293108
0.0298667
0.030462
0.0310608
0.0316483
0.0322645
0.0329278
0.0335603
0.0341759
0.0348676
0.0355692
0.0362419
0.0369369
0.0376756
0.0384013
0.03915
0.0399091
0.0406871
0.0414836
0.0422851
0.0431153
0.0439535
0.0448105
0.0456858
0.0465817
0.0474781
0.0484067
0.0493534
0.0503162
0.0512883
0.0522971
0.0533149
0.0543456
0.0554025
0.0564791
0.057564
0.0586861
0.0598154
0.0609903
0.0621551
0.0633331
0.064378
0.0650932
0.011047
0.011511
0.0119677
0.0123647
0.0127238
0.0130667
0.0133753
0.0136019
0.0136775
0.0136141
0.0135837
0.0136411
0.0137402
0.0138656
0.0139484
0.0140071
0.0141278
0.0143177
0.0145564
0.0147692
0.0149888
0.0152809
0.0154993
0.0156526
0.0158549
0.0161527
0.0165895
0.0168857
0.0169523
0.0172498
0.0177024
0.0179217
0.0181667
0.0186296
0.0189879
0.0192328
0.0196056
0.0200241
0.0203451
0.0207409
0.0212278
0.0216003
0.0219062
0.0223207
0.0228413
0.0233576
0.0237417
0.0240757
0.0246075
0.0251991
0.0256166
0.0260453
0.0266331
0.0271729
0.0276435
0.0281773
0.0287603
0.0293207
0.0298746
0.0304684
0.0310679
0.0316543
0.0322677
0.0329337
0.0335688
0.03418
0.0348701
0.0355744
0.0362476
0.0369411
0.0376795
0.0384061
0.0391548
0.0399131
0.0406923
0.0414884
0.0422888
0.0431204
0.0439584
0.0448144
0.045689
0.0465855
0.0474815
0.0484104
0.0493569
0.0503194
0.0512918
0.0522997
0.0533174
0.0543477
0.0554055
0.0564824
0.0575677
0.0586909
0.0598208
0.060997
0.0621631
0.0633423
0.0643878
0.0651037
0.011018
0.0115017
0.0119919
0.0124176
0.012785
0.0131088
0.0133904
0.0136079
0.0137244
0.0137029
0.0136596
0.013698
0.0137827
0.0139005
0.0140145
0.0140941
0.0142014
0.014367
0.0145878
0.014826
0.0150526
0.015323
0.0155591
0.0157211
0.0159243
0.0161942
0.0165763
0.0169413
0.0170732
0.017275
0.0176977
0.0179953
0.018214
0.0186306
0.0190394
0.0192847
0.0196037
0.0200474
0.0204005
0.0207549
0.0212239
0.0216368
0.0219516
0.0223311
0.0228369
0.0233755
0.0237803
0.0240963
0.0246026
0.0252088
0.0256422
0.0260548
0.0266355
0.0271875
0.0276569
0.0281809
0.0287662
0.0293307
0.0298831
0.0304751
0.0310752
0.0316608
0.0322706
0.0329393
0.0335782
0.0341847
0.034872
0.0355794
0.036254
0.0369455
0.0376832
0.0384112
0.0391598
0.0399171
0.0406975
0.0414934
0.0422925
0.0431255
0.0439632
0.0448184
0.0456925
0.0465895
0.0474853
0.0484142
0.0493607
0.0503225
0.0512954
0.0523023
0.0533198
0.0543499
0.0554085
0.0564859
0.0575714
0.0586961
0.0598265
0.0610038
0.0621711
0.0633513
0.0643977
0.0651142
0.0109998
0.0114944
0.0120109
0.0124593
0.012839
0.0131562
0.0134183
0.0136175
0.0137496
0.0137742
0.0137341
0.0137517
0.0138277
0.0139363
0.0140632
0.0141676
0.0142763
0.0144267
0.0146261
0.0148679
0.0151105
0.0153683
0.0156139
0.0157911
0.0159869
0.0162457
0.0165788
0.016961
0.017179
0.01734
0.0176916
0.0180408
0.0182757
0.0186369
0.0190713
0.0193503
0.0196171
0.0200507
0.0204509
0.0207909
0.0212206
0.0216554
0.0220004
0.0223545
0.0228268
0.023383
0.0238212
0.0241226
0.0245972
0.0252153
0.0256693
0.0260675
0.026637
0.0272016
0.0276726
0.0281855
0.0287713
0.0293408
0.0298923
0.0304816
0.0310828
0.031668
0.0322728
0.0329442
0.0335885
0.0341904
0.0348734
0.0355841
0.0362613
0.0369501
0.0376865
0.0384166
0.0391648
0.0399211
0.0407029
0.0414986
0.0422962
0.0431306
0.0439681
0.0448225
0.045696
0.0465932
0.0474891
0.048418
0.0493646
0.0503257
0.0512994
0.0523052
0.0533225
0.0543527
0.0554115
0.0564896
0.0575751
0.0587013
0.0598324
0.0610106
0.0621793
0.0633605
0.0644075
0.0651245
0.0109949
0.0114925
0.0120295
0.0124961
0.012885
0.0132035
0.0134544
0.0136375
0.0137639
0.0138224
0.0138032
0.0138034
0.0138698
0.0139709
0.0141017
0.0142251
0.0143442
0.0144893
0.0146724
0.0149055
0.015158
0.0154151
0.0156633
0.01586
0.0160503
0.0162979
0.0166003
0.0169655
0.0172515
0.0174266
0.0177054
0.0180632
0.0183369
0.0186572
0.0190862
0.0194132
0.0196525
0.0200466
0.0204815
0.0208384
0.0212326
0.0216617
0.0220423
0.022396
0.0228225
0.0233768
0.0238614
0.0241585
0.024591
0.0252158
0.0256968
0.0260825
0.0266366
0.0272138
0.02769
0.0281913
0.0287753
0.0293506
0.0299025
0.030488
0.0310908
0.0316767
0.0322746
0.032948
0.0335996
0.0341971
0.034874
0.0355883
0.0362695
0.0369551
0.0376895
0.0384225
0.0391701
0.0399251
0.0407083
0.041504
0.0423001
0.0431359
0.0439733
0.0448268
0.0456998
0.0465969
0.0474933
0.048422
0.0493684
0.0503287
0.0513031
0.052308
0.053325
0.0543558
0.0554148
0.0564934
0.0575792
0.0587068
0.0598387
0.0610174
0.0621875
0.0633697
0.0644173
0.065135
0.0110005
0.0114945
0.0120464
0.0125307
0.0129249
0.0132455
0.0134923
0.0136664
0.0137796
0.0138503
0.0138616
0.0138549
0.0139083
0.0140032
0.0141335
0.0142697
0.0143992
0.0145494
0.0147236
0.0149443
0.015196
0.0154569
0.0157094
0.0159228
0.0161168
0.0163503
0.0166336
0.0169733
0.0172927
0.0175123
0.0177465
0.0180768
0.0183864
0.0186903
0.0190943
0.0194634
0.0197055
0.0200505
0.0204922
0.0208803
0.0212614
0.0216666
0.0220654
0.0224443
0.0228334
0.0233579
0.0238934
0.0242087
0.0245902
0.0252096
0.025726
0.0261026
0.026635
0.027224
0.027709
0.0281991
0.0287781
0.0293592
0.0299133
0.0304936
0.0310983
0.0316868
0.032276
0.0329505
0.0336115
0.0342051
0.0348739
0.0355917
0.0362782
0.03696
0.0376917
0.0384282
0.0391754
0.039929
0.0407137
0.0415092
0.0423041
0.0431408
0.0439782
0.044831
0.0457037
0.0466005
0.0474976
0.048426
0.0493722
0.050332
0.0513071
0.0523111
0.0533273
0.0543591
0.0554179
0.056497
0.0575832
0.0587121
0.0598449
0.0610242
0.0621956
0.0633788
0.0644269
0.0651451
0.0110159
0.0114995
0.0120598
0.0125614
0.0129617
0.0132801
0.0135252
0.0136953
0.0138008
0.0138664
0.0139016
0.0139029
0.0139437
0.014033
0.0141586
0.0143049
0.0144438
0.014603
0.0147769
0.0149845
0.01523
0.0154911
0.0157514
0.0159774
0.0161807
0.016405
0.0166705
0.0169916
0.0173165
0.0175804
0.0178075
0.0180966
0.0184227
0.0187297
0.0191031
0.0194972
0.019764
0.0200711
0.0204955
0.020908
0.0212992
0.0216851
0.0220756
0.0224857
0.0228627
0.0233341
0.0239044
0.0242664
0.0245985
0.0251932
0.0257526
0.026129
0.0266326
0.0272316
0.0277301
0.0282106
0.0287809
0.0293669
0.0299259
0.0304998
0.0311056
0.031699
0.0322779
0.0329511
0.0336237
0.034215
0.0348736
0.0355948
0.0362882
0.0369662
0.0376945
0.0384346
0.0391815
0.0399335
0.0407195
0.0415148
0.0423089
0.0431463
0.0439837
0.0448358
0.0457081
0.0466042
0.0475023
0.0484304
0.049376
0.0503355
0.0513111
0.0523146
0.0533302
0.0543632
0.0554218
0.0565011
0.0575878
0.0587178
0.0598516
0.0610311
0.0622037
0.0633881
0.0644366
0.0651552
0.0110433
0.0115098
0.0120704
0.0125853
0.0129956
0.013309
0.0135497
0.0137169
0.0138215
0.0138787
0.0139221
0.0139406
0.0139739
0.0140578
0.0141776
0.0143306
0.0144806
0.0146455
0.0148277
0.0150263
0.0152641
0.0155209
0.015787
0.0160261
0.0162372
0.0164617
0.016709
0.0170152
0.0173362
0.0176254
0.0178728
0.0181299
0.0184502
0.0187698
0.0191175
0.0195196
0.0198199
0.0201065
0.0205017
0.0209213
0.0213315
0.0217183
0.0220861
0.0225122
0.0229061
0.0233218
0.0238955
0.0243256
0.0246246
0.0251687
0.025771
0.0261611
0.0266285
0.0272328
0.0277504
0.028224
0.0287824
0.0293711
0.0299376
0.0305057
0.0311113
0.0317122
0.0322806
0.0329495
0.033635
0.0342264
0.0348727
0.0355961
0.0362977
0.0369714
0.037696
0.0384399
0.0391868
0.0399373
0.0407244
0.0415195
0.0423133
0.0431506
0.0439882
0.04484
0.045712
0.0466075
0.0475066
0.0484344
0.0493792
0.0503388
0.0513148
0.0523174
0.0533323
0.0543665
0.0554249
0.0565044
0.0575921
0.0587233
0.059858
0.0610379
0.0622116
0.0633971
0.064446
0.0651651
0.0110827
0.0115296
0.0120813
0.0126016
0.013023
0.0133334
0.0135652
0.0137277
0.0138331
0.0138882
0.0139286
0.0139626
0.0139973
0.0140764
0.0141928
0.0143461
0.0145092
0.0146782
0.0148713
0.0150683
0.0152965
0.0155488
0.0158146
0.0160688
0.0162858
0.0165151
0.0167512
0.0170389
0.0173578
0.0176541
0.0179278
0.0181752
0.0184739
0.0188056
0.019136
0.0195333
0.0198698
0.0201509
0.0205182
0.020931
0.021353
0.0217584
0.0221078
0.0225241
0.0229485
0.0233294
0.0238714
0.0243741
0.0246755
0.0251474
0.0257796
0.0262045
0.0266313
0.0272307
0.0277735
0.0282436
0.0287865
0.029375
0.0299502
0.0305135
0.031117
0.0317267
0.0322858
0.0329465
0.0336453
0.0342406
0.0348734
0.0355971
0.0363085
0.0369786
0.037699
0.0384462
0.0391934
0.0399426
0.0407303
0.0415252
0.0423193
0.0431565
0.0439937
0.0448456
0.0457166
0.0466117
0.0475119
0.0484394
0.0493831
0.0503431
0.0513193
0.0523213
0.0533358
0.0543714
0.0554293
0.0565084
0.0575972
0.0587291
0.0598648
0.0610451
0.0622196
0.0634063
0.0644554
0.0651747
0.0111303
0.0115602
0.0120953
0.0126108
0.0130388
0.0133503
0.0135713
0.0137257
0.0138289
0.0138877
0.0139237
0.0139661
0.0140109
0.0140886
0.0142055
0.0143551
0.0145297
0.0147057
0.0149062
0.0151094
0.0153276
0.0155756
0.0158362
0.016102
0.0163275
0.0165596
0.0167955
0.0170612
0.0173768
0.0176747
0.0179643
0.0182252
0.0184997
0.0188333
0.0191558
0.019537
0.0199064
0.0201951
0.0205391
0.0209395
0.0213588
0.0217895
0.0221415
0.0225282
0.0229751
0.0233542
0.0238418
0.0243919
0.0247366
0.0251326
0.0257632
0.026244
0.0266393
0.0272171
0.0277904
0.028266
0.0287893
0.0293755
0.0299607
0.0305202
0.0311214
0.0317416
0.0322926
0.0329412
0.0336526
0.0342554
0.0348743
0.035596
0.0363175
0.0369848
0.0377012
0.0384507
0.0391989
0.0399473
0.0407347
0.0415294
0.0423244
0.0431605
0.0439976
0.0448503
0.0457203
0.0466149
0.0475161
0.0484432
0.0493856
0.0503465
0.0513227
0.0523236
0.0533381
0.0543748
0.0554327
0.0565114
0.0576017
0.0587347
0.059871
0.0610517
0.0622271
0.0634148
0.0644646
0.0651843
0.0111779
0.0115955
0.0121088
0.0126082
0.0130322
0.0133467
0.0135599
0.0137052
0.013804
0.0138696
0.0139095
0.0139567
0.0140167
0.0140988
0.0142202
0.014369
0.0145506
0.0147388
0.0149434
0.0151577
0.0153706
0.0156122
0.0158659
0.0161342
0.0163726
0.0166042
0.0168473
0.0170959
0.0173994
0.017701
0.0179926
0.0182777
0.0185402
0.0188619
0.0191867
0.0195463
0.0199377
0.0202484
0.0205737
0.0209612
0.0213657
0.0218099
0.0221875
0.0225436
0.0229887
0.023395
0.0238339
0.0243899
0.0248052
0.0251527
0.0257405
0.0262783
0.0266687
0.0272045
0.0278007
0.0282962
0.0287966
0.0293745
0.0299721
0.0305273
0.0311241
0.0317574
0.0323037
0.0329349
0.0336574
0.0342728
0.0348784
0.0355948
0.0363265
0.0369927
0.0377053
0.0384554
0.0392047
0.0399535
0.0407397
0.0415348
0.0423314
0.043166
0.0440023
0.0448564
0.0457248
0.0466192
0.0475219
0.0484482
0.0493896
0.0503513
0.0513276
0.0523274
0.0533421
0.0543798
0.0554371
0.0565153
0.0576068
0.0587407
0.0598775
0.061059
0.0622348
0.0634234
0.0644733
0.065193
0.0112508
0.0116408
0.0121141
0.0125755
0.0129726
0.0132743
0.013472
0.0136005
0.0136895
0.0137607
0.0138159
0.0138746
0.0139565
0.0140573
0.0141936
0.0143525
0.0145404
0.014744
0.0149549
0.0151793
0.0153946
0.0156284
0.0158775
0.0161428
0.0163956
0.016629
0.0168791
0.0171255
0.0174087
0.017714
0.0180033
0.0183062
0.0185756
0.0188798
0.0192096
0.0195511
0.0199466
0.0202887
0.0206051
0.0209815
0.0213719
0.0218096
0.0222217
0.022568
0.0229872
0.0234252
0.0238393
0.0243645
0.0248442
0.0251898
0.0257151
0.0262855
0.0267051
0.0271974
0.0277949
0.028326
0.0288109
0.0293706
0.0299827
0.0305363
0.0311237
0.0317721
0.0323197
0.032928
0.0336558
0.0342898
0.0348848
0.0355915
0.0363321
0.0370007
0.0377102
0.0384596
0.0392103
0.0399602
0.0407441
0.0415399
0.0423382
0.0431703
0.0440062
0.0448622
0.0457289
0.0466229
0.0475265
0.0484516
0.0493921
0.050355
0.051331
0.0523295
0.0533449
0.0543837
0.0554407
0.0565185
0.0576115
0.0587462
0.0598835
0.0610656
0.0622419
0.0634314
0.0644821
0.0652025
0.0114702
0.0118636
0.0123161
0.0127364
0.0130837
0.0133443
0.0135065
0.013599
0.013659
0.0137143
0.0137745
0.0138385
0.0139298
0.0140446
0.0141941
0.0143659
0.0145575
0.0147685
0.014984
0.0152112
0.0154298
0.0156551
0.015899
0.0161601
0.0164213
0.0166603
0.0169104
0.0171645
0.0174303
0.0177306
0.0180222
0.0183291
0.0186164
0.0189094
0.0192392
0.0195741
0.0199553
0.0203242
0.020642
0.0210063
0.0213903
0.0218067
0.0222417
0.0226033
0.0229941
0.0234492
0.0238654
0.0243496
0.0248636
0.025241
0.0257105
0.0262776
0.026741
0.0272052
0.0277796
0.0283466
0.0288334
0.0293661
0.0299875
0.0305472
0.0311196
0.0317818
0.0323415
0.0329246
0.0336492
0.0343064
0.0348975
0.0355897
0.0363349
0.0370093
0.0377161
0.0384615
0.0392142
0.039966
0.0407468
0.0415445
0.0423452
0.043174
0.0440095
0.0448676
0.0457327
0.0466268
0.047532
0.0484557
0.0493958
0.05036
0.0513354
0.0523325
0.0533486
0.0543883
0.0554443
0.0565218
0.0576162
0.0587519
0.0598894
0.0610725
0.0622489
0.0634389
0.06449
0.0652101
0.0111905
0.0115264
0.0119416
0.0123441
0.0126926
0.0129767
0.0131877
0.0133346
0.0134507
0.0135575
0.0136718
0.0137799
0.0139007
0.0140388
0.0142028
0.0143872
0.0145799
0.0147887
0.015003
0.0152301
0.0154514
0.0156738
0.015912
0.0161696
0.0164349
0.0166818
0.0169313
0.0171925
0.0174546
0.0177418
0.0180384
0.0183439
0.0186446
0.0189402
0.0192626
0.0196013
0.0199617
0.0203452
0.0206785
0.0210308
0.0214159
0.0218097
0.0222481
0.0226358
0.0230096
0.0234639
0.0238909
0.0243433
0.0248625
0.0252852
0.0257252
0.0262628
0.026768
0.0272299
0.0277677
0.0283563
0.0288651
0.0293713
0.0299882
0.0305639
0.0311187
0.0317833
0.0323679
0.0329268
0.0336338
0.0343175
0.0349139
0.0355879
0.0363326
0.0370186
0.0377262
0.0384654
0.0392204
0.0399756
0.0407515
0.0415517
0.0423549
0.043179
0.0440143
0.044875
0.045738
0.0466315
0.0475375
0.0484591
0.049399
0.0503647
0.0513394
0.0523352
0.0533525
0.0543934
0.0554485
0.0565256
0.0576212
0.058757
0.0598969
0.0610796
0.0622555
0.0634464
0.0644978
0.0652192
0.0125376
0.0125112
0.0124325
0.0123847
0.012401
0.0124873
0.0126338
0.0128073
0.0130006
0.0132
0.0134105
0.0136123
0.0138023
0.0139888
0.0141779
0.014381
0.0145818
0.014791
0.0150039
0.0152302
0.0154559
0.0156788
0.0159118
0.016161
0.0164274
0.0166803
0.0169334
0.0171992
0.0174676
0.0177473
0.0180437
0.0183524
0.0186577
0.018967
0.0192817
0.0196224
0.0199686
0.0203461
0.0207037
0.0210462
0.0214323
0.0218141
0.0222378
0.0226553
0.0230288
0.0234737
0.0239123
0.0243454
0.0248537
0.0253106
0.0257491
0.0262504
0.0267727
0.0272559
0.0277602
0.028344
0.028891
0.0293836
0.0299775
0.0305779
0.0311211
0.0317732
0.0323961
0.0329412
0.0336132
0.0343243
0.0349382
0.0355881
0.0363264
0.0370262
0.0377349
0.0384648
0.0392217
0.0399801
0.0407519
0.0415548
0.0423611
0.0431803
0.0440157
0.0448788
0.045741
0.0466345
0.0475416
0.0484616
0.0494017
0.0503688
0.0513424
0.0523369
0.0533551
0.0543968
0.0554507
0.0565277
0.0576246
0.058761
0.0598954
0.0610853
0.0622609
0.0634519
0.0645046
0.0652255
0.0112677
0.0115173
0.011846
0.0121574
0.0124249
0.0126412
0.0128201
0.0129667
0.013103
0.0132433
0.0134058
0.0135906
0.013779
0.0139718
0.0141649
0.0143756
0.0145893
0.0148067
0.0150258
0.0152511
0.0154841
0.0157107
0.01594
0.0161747
0.0164322
0.0166893
0.0169448
0.0172137
0.0174861
0.0177708
0.0180607
0.018369
0.0186753
0.0189926
0.01931
0.019644
0.0199896
0.020352
0.0207267
0.0210748
0.0214498
0.0218384
0.0222351
0.0226666
0.0230584
0.0234826
0.0239352
0.0243567
0.0248488
0.0253302
0.025775
0.0262602
0.0267737
0.0272806
0.0277796
0.0283271
0.0289108
0.0294157
0.0299651
0.0305898
0.0311366
0.0317542
0.0324168
0.0329688
0.0335878
0.0343177
0.0349669
0.0355912
0.0363155
0.0370366
0.0377484
0.0384692
0.0392297
0.0399906
0.0407579
0.0415645
0.0423729
0.0431869
0.0440221
0.044887
0.0457478
0.0466409
0.0475476
0.0484656
0.049406
0.0503745
0.051347
0.0523407
0.05336
0.0544027
0.0554557
0.056532
0.0576301
0.0587659
0.0599004
0.0610978
0.0622659
0.0634589
0.0645113
0.0652346
0.0126654
0.0125203
0.0123135
0.0121401
0.0120492
0.0120499
0.0121447
0.0123184
0.012547
0.012811
0.0130915
0.0133819
0.0136578
0.0139146
0.0141476
0.0143732
0.0145967
0.0148148
0.0150322
0.0152483
0.0154781
0.0157062
0.0159335
0.0161629
0.0164105
0.0166758
0.0169383
0.0172122
0.017488
0.0177807
0.0180717
0.0183713
0.0186816
0.0189992
0.0193238
0.0196535
0.0199987
0.0203562
0.0207275
0.0210939
0.0214557
0.0218508
0.0222387
0.0226574
0.0230813
0.0234875
0.023944
0.0243725
0.0248378
0.0253393
0.0257863
0.0262665
0.026774
0.02728
0.0278014
0.0283134
0.0289026
0.0294499
0.0299558
0.0305841
0.0311603
0.0317357
0.0324194
0.0330062
0.0335748
0.0342996
0.0349932
0.0356031
0.0363006
0.03704
0.0377595
0.0384659
0.0392297
0.0399944
0.0407553
0.0415656
0.042378
0.0431864
0.0440219
0.044889
0.045749
0.0466428
0.0475501
0.0484667
0.0494071
0.0503771
0.0513486
0.0523412
0.0533613
0.0544044
0.0554566
0.0565328
0.0576321
0.058768
0.0599
0.0610737
0.0622673
0.0634615
0.0645162
0.0652394
0.0122171
0.0119945
0.0117398
0.0115557
0.0114842
0.0115317
0.0116917
0.0119447
0.0122573
0.0126035
0.0129546
0.0132963
0.0136121
0.0138956
0.0141481
0.0143798
0.0146053
0.0148229
0.015038
0.0152516
0.0154777
0.0157067
0.0159314
0.0161607
0.0164037
0.0166696
0.0169374
0.0172123
0.0174907
0.0177842
0.0180788
0.0183739
0.0186844
0.0190039
0.0193292
0.0196617
0.0200041
0.0203647
0.0207309
0.0211043
0.0214669
0.0218569
0.0222521
0.0226568
0.0230924
0.0235027
0.0239483
0.0243926
0.0248438
0.0253461
0.0258039
0.0262765
0.0267881
0.0272849
0.0278177
0.0283278
0.028897
0.0294705
0.0299682
0.0305774
0.0311782
0.0317374
0.0324098
0.033028
0.0335813
0.0342832
0.0350006
0.0356191
0.0362969
0.0370403
0.0377738
0.0384748
0.0392364
0.0400077
0.0407651
0.041574
0.0423908
0.0431968
0.0440298
0.0448982
0.0457571
0.0466498
0.0475572
0.0484728
0.049412
0.050383
0.0513544
0.0523463
0.0533669
0.0544105
0.0554626
0.0565378
0.0576377
0.0587733
0.0599044
0.0610824
0.0622718
0.0634686
0.0645208
0.0652555
)
;

boundaryField
{
    zeroGradientPlanes
    {
        type            zeroGradient;
    }
    inlet
    {
        type            zeroGradient;
    }
    plate
    {
        type            zeroGradient;
    }
    frontAndBack
    {
        type            empty;
    }
}


// ************************************************************************* //
