/*--------------------------------*- C++ -*----------------------------------*\
| =========                 |                                                 |
| \\      /  F ield         | OpenFOAM: The Open Source CFD Toolbox           |
|  \\    /   O peration     | Version:  v1912                                 |
|   \\  /    A nd           | Website:  www.openfoam.com                      |
|    \\/     M anipulation  |                                                 |
\*---------------------------------------------------------------------------*/
FoamFile
{
    version     2.0;
    format      ascii;
    class       volScalarField;
    location    "5.25";
    object      p;
}
// * * * * * * * * * * * * * * * * * * * * * * * * * * * * * * * * * * * * * //

dimensions      [0 2 -2 0 0 0 0];


internalField   nonuniform List<scalar> 
9600
(
8.93867e-11
0.0015532
0.00492364
0.00822568
0.00611365
0.0105041
0.0125491
0.0160018
0.0175724
0.0169364
0.0161039
0.0199033
0.019018
0.0202586
0.0213925
0.0215574
0.0226691
0.0252458
0.0272242
0.0318933
6.84924e-06
0.00153766
0.00492947
0.00825277
0.00608801
0.0104921
0.0125639
0.0160042
0.0175723
0.0169417
0.0161006
0.0198589
0.0190242
0.0202585
0.021391
0.021561
0.0226889
0.0252322
0.0272491
0.0313795
1.2626e-05
0.0015406
0.0049494
0.00825953
0.00605693
0.0104866
0.0125852
0.0160102
0.0175752
0.016946
0.0160943
0.0197923
0.0190404
0.0202505
0.0213938
0.0215734
0.0227057
0.0252117
0.0272341
0.0308686
2.08781e-05
0.00157769
0.00497803
0.00825313
0.00603627
0.0105024
0.0126117
0.0160205
0.0175784
0.0169485
0.0160948
0.0197126
0.0190579
0.0202352
0.0213976
0.0215879
0.0227191
0.0251809
0.0271951
0.0303926
3.51913e-05
0.00164585
0.00501088
0.00823424
0.00603105
0.0105361
0.0126445
0.0160326
0.0175791
0.0169495
0.0161072
0.0196259
0.0190749
0.0202145
0.0214018
0.0216021
0.022733
0.0251409
0.0271385
0.029946
5.71984e-05
0.00173835
0.00504195
0.00820755
0.00604615
0.0105818
0.0126835
0.0160434
0.0175755
0.0169492
0.0161324
0.0195419
0.019092
0.0201902
0.0214078
0.0216157
0.0227477
0.0250937
0.0270638
0.0295193
8.72748e-05
0.00184969
0.00506707
0.00817733
0.00607888
0.0106361
0.0127277
0.0160511
0.0175676
0.0169473
0.0161696
0.0194672
0.0191098
0.0201644
0.0214156
0.0216277
0.0227617
0.0250407
0.026969
0.0291128
0.000124711
0.0019757
0.005086
0.00814702
0.00612503
0.0106961
0.0127733
0.0160549
0.0175559
0.0169436
0.0162175
0.0194029
0.019128
0.0201378
0.0214241
0.0216378
0.0227727
0.0249834
0.0268544
0.0287274
0.000168163
0.00211429
0.00510131
0.00811874
0.00618111
0.0107589
0.0128151
0.0160541
0.0175413
0.0169377
0.0162737
0.019347
0.0191466
0.0201106
0.0214324
0.0216455
0.0227783
0.0249232
0.0267211
0.02836
0.000216461
0.00226461
0.00511626
0.00809355
0.00624676
0.0108225
0.0128482
0.0160488
0.0175245
0.0169297
0.0163356
0.0192964
0.0191652
0.0200829
0.0214395
0.0216509
0.022777
0.0248607
0.0265705
0.0280072
0.00026909
0.00242568
0.00513281
0.00807157
0.00632411
0.0108854
0.0128693
0.016039
0.0175059
0.0169196
0.0164012
0.0192487
0.0191837
0.0200554
0.021445
0.0216543
0.0227671
0.0247956
0.026405
0.0276664
0.00032616
0.0025956
0.00515133
0.00805247
0.006416
0.010947
0.0128772
0.0160239
0.0174858
0.0169074
0.0164693
0.0192024
0.0192018
0.0200293
0.0214487
0.0216562
0.0227476
0.0247279
0.0262281
0.027335
0.000388071
0.00277188
0.00517141
0.00803573
0.00652423
0.0110075
0.0128712
0.0160053
0.017465
0.016893
0.0165387
0.0191571
0.01922
0.0200057
0.0214505
0.0216572
0.0227182
0.024657
0.0260435
0.0270105
0.000455186
0.00295217
0.00519274
0.00802099
0.00664865
0.0110672
0.0128454
0.0159827
0.0174442
0.0168767
0.0166082
0.0191124
0.0192381
0.0199856
0.0214496
0.0216581
0.0226794
0.0245817
0.0258544
0.0266905
0.000527678
0.00313473
0.00521562
0.00800814
0.00678725
0.0111263
0.0128232
0.0159566
0.0174244
0.0168586
0.016677
0.0190666
0.0192562
0.0199691
0.0214452
0.0216593
0.0226321
0.0245001
0.0256638
0.0263739
0.000605572
0.00331853
0.00524079
0.00799721
0.00693713
0.0111854
0.0127977
0.0159268
0.0174064
0.0168391
0.0167442
0.0190246
0.0192735
0.0199564
0.0214366
0.0216607
0.0225774
0.0244103
0.0254736
0.0260605
0.000688848
0.00350302
0.00526923
0.00798827
0.00709533
0.0112446
0.0127713
0.0158936
0.0173908
0.0168186
0.0168091
0.0189848
0.0192893
0.0199471
0.0214231
0.0216615
0.0225166
0.0243106
0.0252852
0.0257512
0.000777488
0.00368793
0.00530198
0.00798141
0.00725928
0.011304
0.0127466
0.0158572
0.0173781
0.0167975
0.0168711
0.0189478
0.019303
0.0199412
0.0214044
0.0216606
0.0224508
0.0242001
0.0250989
0.0254471
0.000871521
0.00387312
0.00534001
0.00797675
0.00742705
0.0113632
0.0127253
0.0158177
0.0173683
0.0167761
0.0169295
0.0189143
0.0193141
0.0199382
0.0213807
0.0216568
0.022381
0.0240784
0.024915
0.02515
0.000971062
0.00405845
0.00538413
0.00797438
0.00759727
0.0114219
0.0127084
0.0157752
0.0173614
0.016755
0.0169835
0.0188847
0.0193224
0.0199376
0.0213524
0.0216488
0.0223076
0.0239457
0.0247329
0.0248621
0.00107632
0.00424365
0.00543499
0.00797443
0.00776896
0.0114795
0.0126964
0.0157296
0.0173571
0.0167348
0.0170324
0.0188596
0.0193277
0.0199385
0.0213201
0.0216357
0.0222313
0.0238029
0.0245515
0.0245858
0.00118757
0.00442833
0.00549307
0.00797699
0.00794143
0.0115354
0.0126896
0.0156818
0.0173548
0.0167159
0.0170754
0.018839
0.0193302
0.0199403
0.0212842
0.0216163
0.0221528
0.0236514
0.024369
0.0243228
0.00130516
0.00461198
0.00555875
0.00798218
0.00811413
0.0115891
0.0126879
0.0156318
0.0173543
0.0166988
0.0171117
0.0188229
0.0193301
0.0199422
0.0212452
0.0215895
0.0220722
0.0234936
0.0241845
0.0240729
0.00142942
0.00479406
0.0056323
0.00799019
0.00828667
0.01164
0.0126909
0.0155799
0.0173551
0.0166842
0.0171409
0.0188112
0.0193277
0.0199431
0.021204
0.0215545
0.0219888
0.0233322
0.023998
0.0238339
0.0015607
0.00497403
0.00571399
0.00800124
0.00845867
0.0116879
0.0126985
0.0155266
0.0173566
0.0166727
0.0171622
0.0188034
0.0193233
0.019942
0.0211613
0.0215112
0.0219015
0.0231695
0.0238114
0.0236026
0.00169935
0.00515145
0.00580402
0.0080156
0.00862972
0.0117325
0.0127103
0.0154724
0.0173585
0.0166651
0.0171751
0.0187991
0.0193175
0.0199372
0.0211177
0.0214601
0.0218091
0.0230065
0.023628
0.0233773
0.0018457
0.00532596
0.00590253
0.00803365
0.00879945
0.0117742
0.0127258
0.0154179
0.0173603
0.0166619
0.0171792
0.0187974
0.0193115
0.0199272
0.0210734
0.0214029
0.02171
0.0228426
0.0234507
0.0231599
0.00200008
0.00549724
0.00600966
0.00805586
0.00896745
0.0118131
0.0127445
0.0153635
0.0173616
0.0166641
0.0171744
0.018797
0.0193065
0.0199106
0.0210281
0.0213415
0.0216038
0.0226758
0.0232814
0.0229562
0.00216278
0.00566506
0.0061254
0.00808276
0.00913327
0.0118499
0.0127662
0.0153098
0.017362
0.0166722
0.0171606
0.0187962
0.019304
0.0198862
0.0209805
0.0212786
0.0214906
0.0225036
0.0231193
0.0227729
0.00233409
0.00582926
0.00624958
0.00811498
0.00929649
0.0118853
0.0127904
0.0152573
0.0173612
0.016687
0.017138
0.018793
0.0193056
0.0198533
0.0209282
0.021217
0.0213727
0.0223236
0.0229607
0.0226147
0.00251427
0.00598976
0.00638193
0.00815323
0.00945677
0.01192
0.012817
0.0152065
0.0173585
0.0167089
0.0171071
0.0187851
0.0193137
0.0198124
0.0208683
0.0211589
0.0212537
0.0221351
0.0228001
0.0224825
0.00270353
0.00614651
0.00652207
0.00819815
0.00961382
0.011955
0.0128453
0.0151575
0.0173537
0.0167385
0.0170689
0.0187698
0.0193297
0.0197657
0.0207976
0.0211048
0.0211375
0.0219391
0.0226322
0.0223714
0.00290203
0.00629954
0.00666959
0.00825036
0.00976731
0.011991
0.0128588
0.0151106
0.0173461
0.0167758
0.0170247
0.0187446
0.0193532
0.0197157
0.0207133
0.0210537
0.0210287
0.0217383
0.0224531
0.0222722
0.00310988
0.00644902
0.00682391
0.00831043
0.00991719
0.0120289
0.0128902
0.0150662
0.0173354
0.0168209
0.0169762
0.018707
0.0193834
0.0196659
0.0206126
0.0210021
0.0209328
0.0215369
0.0222611
0.0221757
0.00332706
0.00659526
0.00698449
0.00837881
0.0100633
0.0120693
0.0129228
0.0150244
0.0173209
0.0168741
0.0169254
0.018654
0.019419
0.0196219
0.0204944
0.0209439
0.0208544
0.0213413
0.0220558
0.0220738
0.0035535
0.00673869
0.00715085
0.00845586
0.0102055
0.0121127
0.0129569
0.0149854
0.017302
0.0169345
0.0168751
0.0185832
0.0194564
0.0195894
0.0203611
0.0208725
0.0207948
0.0211599
0.0218379
0.0219578
0.00378913
0.00687984
0.00732233
0.00854184
0.010344
0.0121596
0.0129919
0.0149492
0.0172786
0.0170014
0.0168281
0.0184935
0.0194912
0.0195728
0.0202164
0.0207811
0.0207515
0.0210031
0.0216135
0.0218208
0.00403374
0.00701938
0.00749853
0.0086369
0.0104784
0.0122106
0.0130282
0.0149156
0.0172501
0.0170739
0.0167873
0.0183844
0.0195183
0.0195759
0.0200665
0.0206632
0.0207164
0.02088
0.0213943
0.0216595
0.00428715
0.00715796
0.00767908
0.00874142
0.0106085
0.0122659
0.0130663
0.0148847
0.0172162
0.0171505
0.0167565
0.018256
0.0195313
0.0196007
0.0199197
0.0205159
0.0206798
0.0207961
0.0211943
0.0214765
0.00454912
0.00729646
0.00786352
0.00885548
0.0107345
0.012326
0.0131066
0.0148565
0.0171764
0.0172289
0.0167392
0.0181112
0.0195226
0.0196447
0.019784
0.020339
0.020631
0.0207508
0.021032
0.0212869
0.00481929
0.00743542
0.00805167
0.00897953
0.0108561
0.012391
0.0131503
0.0148311
0.0171305
0.0173068
0.0167385
0.0179543
0.0194839
0.0197025
0.0196703
0.0201348
0.020556
0.0207351
0.0209237
0.0211134
0.00509738
0.00757562
0.0082429
0.00911397
0.0109738
0.0124604
0.0131976
0.0148086
0.0170786
0.0173822
0.016756
0.0177918
0.019409
0.0197632
0.0195881
0.0199148
0.02044
0.0207339
0.0208737
0.0209861
0.00538309
0.00771789
0.00843655
0.0092591
0.0110878
0.0125339
0.01325
0.0147891
0.0170208
0.0174528
0.0167928
0.0176297
0.0192991
0.0198171
0.0195374
0.0196901
0.0202795
0.0207232
0.0208743
0.0209198
0.00567601
0.00786293
0.00863201
0.00941551
0.0111985
0.0126104
0.0133085
0.0147741
0.0169576
0.0175154
0.0168489
0.0174756
0.019155
0.0198575
0.0195206
0.0194764
0.0200894
0.0206991
0.0209151
0.0208926
0.00597567
0.00801187
0.00882824
0.00958333
0.011307
0.0126885
0.0133738
0.0147644
0.0168895
0.0175684
0.0169209
0.0173388
0.0189846
0.0198788
0.0195575
0.019322
0.0198776
0.0206206
0.0209186
0.0208383
0.00628177
0.00816532
0.00902402
0.00976311
0.0114149
0.0127663
0.0134461
0.0147616
0.0168184
0.0176105
0.0170055
0.0172251
0.0187929
0.0198804
0.0196469
0.0192272
0.0196562
0.0204892
0.020887
0.0207505
0.00659376
0.00832448
0.00921838
0.00995384
0.0115242
0.0128431
0.013524
0.0147671
0.0167465
0.0176387
0.0171009
0.0171398
0.0185921
0.0198392
0.0197151
0.0191321
0.0193899
0.0202764
0.0208177
0.0207705
0.00691106
0.00849101
0.00941011
0.0101545
0.0116381
0.0129172
0.0136068
0.0147824
0.016676
0.0176548
0.0171989
0.017081
0.0183948
0.0197599
0.0198043
0.0191434
0.0191769
0.0200212
0.0207013
0.0206921
0.00723294
0.00866619
0.00959873
0.010363
0.0117588
0.0129895
0.0136918
0.0148071
0.016611
0.0176571
0.0172959
0.0170531
0.0181994
0.0196297
0.0198541
0.0191792
0.0189959
0.0197222
0.0205265
0.0206466
0.00755852
0.0088518
0.00978393
0.0105757
0.0118899
0.0130618
0.0137743
0.0148407
0.0165546
0.0176479
0.0173869
0.0170491
0.0180145
0.0194622
0.0198645
0.0192319
0.0188732
0.0194275
0.0203033
0.0206259
0.00788681
0.00904869
0.00996621
0.0107899
0.012033
0.0131348
0.0138531
0.0148827
0.0165086
0.0176286
0.0174654
0.017067
0.0178489
0.0192653
0.0198353
0.0192932
0.0188083
0.0191726
0.0200447
0.0205735
0.00821678
0.00925785
0.0101472
0.0110018
0.0121872
0.0132139
0.0139269
0.0149277
0.0164736
0.0176038
0.0175324
0.0171022
0.0177019
0.0190544
0.0197715
0.0193513
0.0187878
0.0189766
0.019777
0.02045
0.00854753
0.00947947
0.0103289
0.0112082
0.0123519
0.0133029
0.0139952
0.0149716
0.0164495
0.0175792
0.0175867
0.0171455
0.0175835
0.0188419
0.0196707
0.0193969
0.0188034
0.0188379
0.0195268
0.020262
0.008878
0.00971332
0.0105141
0.0114077
0.012523
0.0134047
0.0140612
0.0150101
0.0164326
0.0175574
0.0176314
0.0171965
0.0174926
0.0186301
0.0195363
0.0194296
0.018851
0.0187455
0.0193094
0.0200479
0.00920717
0.009959
0.0107056
0.0115992
0.0126965
0.0135213
0.014129
0.01504
0.0164165
0.0175403
0.0176734
0.0172515
0.0174245
0.0184322
0.0193828
0.019439
0.0189144
0.0186908
0.0191275
0.0198441
0.00953404
0.0102156
0.0109058
0.0117834
0.0128679
0.0136518
0.014205
0.0150624
0.0163939
0.0175257
0.0177164
0.0173119
0.0173821
0.0182543
0.0192132
0.0194145
0.0189809
0.0186781
0.0189778
0.019664
0.00985803
0.0104815
0.0111169
0.0119617
0.0130329
0.0137941
0.0142955
0.0150801
0.016358
0.0175074
0.0177638
0.0173814
0.0173656
0.0180969
0.0190323
0.0193587
0.0190434
0.018709
0.0188619
0.0194905
0.0101791
0.0107541
0.0113397
0.0121376
0.0131881
0.0139438
0.0144044
0.0151002
0.0163063
0.017476
0.0178149
0.0174637
0.0173744
0.0179668
0.0188511
0.0192735
0.0190849
0.0187695
0.0187955
0.0193204
0.0104973
0.0110311
0.0115735
0.0123148
0.0133326
0.0140937
0.0145321
0.0151348
0.0162421
0.0174208
0.0178623
0.017561
0.017389
0.0178649
0.0186786
0.0191666
0.0190949
0.0188387
0.0187916
0.0191779
0.0108123
0.0113105
0.0118169
0.0124956
0.0134677
0.0142372
0.0146746
0.0151948
0.0161801
0.0173384
0.0178914
0.0176729
0.0174509
0.0177945
0.0185221
0.0190507
0.0190778
0.0188892
0.0188277
0.0190913
0.0111243
0.01159
0.0120678
0.0126822
0.0135959
0.0143726
0.0148232
0.0152803
0.016138
0.0172362
0.0178884
0.017786
0.0175443
0.0177601
0.0183843
0.0189317
0.0190491
0.0189139
0.0188714
0.0190656
0.011433
0.0118678
0.0123227
0.0128765
0.0137214
0.0144992
0.0149709
0.0153864
0.0161249
0.017133
0.0178508
0.0178828
0.0176588
0.0177658
0.0182727
0.0188075
0.019015
0.018933
0.0189009
0.0190723
0.0117385
0.0121429
0.0125782
0.0130793
0.013849
0.0146167
0.0151132
0.0155042
0.0161419
0.0170455
0.0177869
0.0179511
0.0177762
0.0178077
0.0182018
0.0186842
0.0189633
0.0189578
0.0189254
0.0190857
0.0120401
0.0124142
0.0128311
0.0132897
0.0139824
0.0147267
0.0152473
0.0156276
0.0161862
0.0169838
0.0177107
0.0179866
0.0178887
0.017872
0.0181723
0.0185841
0.0188886
0.018974
0.0189598
0.0191018
0.0123371
0.0126816
0.0130797
0.0135055
0.0141238
0.0148319
0.0153717
0.0157523
0.0162512
0.0169511
0.0176379
0.0179917
0.0179866
0.0179473
0.0181723
0.0185256
0.0188124
0.0189664
0.019
0.0191235
0.0126286
0.0129447
0.0133228
0.0137233
0.0142741
0.014936
0.0154862
0.0158751
0.0163307
0.016946
0.0175797
0.0179777
0.0180627
0.0180314
0.0181896
0.0184971
0.0187597
0.0189412
0.0190326
0.0191534
0.0129137
0.013203
0.0135597
0.0139398
0.0144324
0.0150422
0.0155919
0.015993
0.0164205
0.0169651
0.0175416
0.0179569
0.0181156
0.018118
0.0182257
0.0184849
0.0187312
0.0189159
0.0190521
0.0191903
0.0131912
0.0134559
0.0137897
0.0141527
0.0145968
0.0151525
0.015691
0.0161046
0.016516
0.0170039
0.0175256
0.0179398
0.0181508
0.0181962
0.0182824
0.0184916
0.0187172
0.0189001
0.019062
0.0192285
0.0134602
0.0137025
0.0140123
0.0143598
0.0147651
0.0152676
0.0157856
0.0162095
0.016614
0.0170583
0.0175309
0.0179322
0.0181773
0.0182614
0.0183484
0.0185247
0.0187206
0.0188943
0.0190683
0.0192635
0.0137194
0.0139416
0.0142274
0.0145594
0.0149339
0.0153877
0.015878
0.0163075
0.0167113
0.0171248
0.0175563
0.017937
0.0182055
0.0183218
0.018411
0.0185753
0.0187485
0.0189032
0.0190764
0.0192915
0.0139675
0.0141722
0.0144342
0.0147503
0.0151
0.0155108
0.0159708
0.0164002
0.0168044
0.0171992
0.0176016
0.0179553
0.0182372
0.0183888
0.0184767
0.0186305
0.018798
0.0189341
0.0190946
0.0193157
0.0142032
0.0143926
0.0146318
0.0149315
0.0152609
0.0156345
0.0160621
0.0164886
0.0168936
0.017274
0.0176634
0.0179958
0.0182762
0.018465
0.0185604
0.0186932
0.0188592
0.0189882
0.0191321
0.0193451
0.0144251
0.014602
0.014819
0.0151015
0.0154141
0.015758
0.0161535
0.016571
0.0169802
0.017349
0.0177243
0.018046
0.018299
0.0185272
0.0186533
0.0187643
0.0189209
0.0190503
0.0191807
0.0193789
0.0146314
0.0147985
0.0149955
0.015259
0.0155549
0.0158751
0.016244
0.016646
0.0170582
0.0174396
0.0178258
0.0181699
0.018425
0.0186601
0.0188213
0.0189211
0.0190532
0.019176
0.0192877
0.0194438
0.0148198
0.0149796
0.0151605
0.0154054
0.0156844
0.0159826
0.0163299
0.016714
0.0170995
0.0174464
0.0177938
0.0180957
0.0183964
0.0186672
0.0188933
0.0190454
0.0192007
0.0193834
0.0195467
0.0197285
0.0149908
0.0151422
0.0153082
0.0155367
0.0158021
0.0160835
0.0164141
0.0168005
0.0172313
0.0176325
0.0180797
0.0184193
0.0186946
0.0189225
0.0190946
0.0191796
0.0192148
0.0192618
0.0193216
0.0194244
0.0151434
0.0152839
0.015432
0.015641
0.0158903
0.0161588
0.0164553
0.0167661
0.017101
0.0174668
0.0178341
0.0182449
0.0186753
0.0191049
0.0194745
0.019798
0.0200945
0.0204069
0.0207077
0.0209536
0.0152735
0.015422
0.0155723
0.0157708
0.0159963
0.0162431
0.0165437
0.0169122
0.0173648
0.0178602
0.0183132
0.0186683
0.0189752
0.0192196
0.0193699
0.0194481
0.0194814
0.0194888
0.0195088
0.0195554
0.0153361
0.0154492
0.0156172
0.0158346
0.0160547
0.0162937
0.0165878
0.0169238
0.0173378
0.0177357
0.0181587
0.0185673
0.0189188
0.0192768
0.0196536
0.0199946
0.0203224
0.0206339
0.020919
0.0211173
0.0155201
0.0156609
0.0157713
0.0159191
0.0160774
0.0162591
0.0165057
0.0168441
0.0173651
0.0180361
0.0186562
0.0191517
0.0194814
0.0196842
0.019882
0.0200417
0.0201943
0.0203414
0.0204871
0.0205908
0.0355312
0.0297314
0.0214512
0.0154078
0.0140334
0.0153271
0.0167393
0.0177525
0.0185121
0.0189818
0.0192399
0.019563
0.0199622
0.0202886
0.020569
0.0208321
0.0210928
0.0214028
0.0217708
0.0222089
0.0226739
0.0230569
0.0233886
0.0237869
0.0242117
0.024604
0.0250153
0.0254665
0.0259186
0.0263502
0.0267778
0.0272294
0.0276829
0.0281237
0.0285759
0.0290817
0.0296095
0.0301181
0.0306345
0.0311651
0.0316965
0.0322262
0.0327465
0.0332436
0.0336731
0.0340908
0.0345981
0.0351574
0.0356919
0.0362295
0.0368593
0.0375004
0.0380926
0.0387428
0.0394842
0.0402326
0.0409513
0.0415796
0.0419683
0.0422939
0.0429435
0.0439227
0.0448486
0.0456092
0.0463753
0.0471471
0.0479045
0.0486903
0.0494844
0.050226
0.0510408
0.0519154
0.0527808
0.0536293
0.0545373
0.0554846
0.0564438
0.0574129
0.0583733
0.0593896
0.0604426
0.0615315
0.0625925
0.0636624
0.0647403
0.0658746
0.0670547
0.0682608
0.0694675
0.0706526
0.0718714
0.0731268
0.0743839
0.075701
0.0769835
0.078312
0.0796099
0.0808469
0.0820415
0.0830848
0.0347237
0.0295694
0.0215323
0.0155642
0.0141331
0.0153754
0.0167697
0.0177739
0.0185282
0.0189945
0.0192497
0.019571
0.0199693
0.0202949
0.0205745
0.020837
0.021097
0.0214064
0.0217738
0.0222116
0.0226765
0.0230593
0.0233907
0.0237887
0.0242135
0.0246055
0.0250166
0.0254678
0.0259198
0.0263514
0.0267789
0.0272304
0.0276839
0.0281247
0.0285768
0.0290825
0.0296103
0.0301189
0.0306353
0.0311659
0.0316972
0.0322269
0.0327473
0.0332444
0.0336739
0.0340914
0.0345987
0.035158
0.0356926
0.0362301
0.0368598
0.037501
0.0380931
0.0387432
0.0394845
0.040233
0.0409517
0.0415801
0.0419688
0.0422942
0.0429437
0.0439229
0.0448489
0.0456095
0.0463755
0.0471474
0.0479047
0.0486905
0.0494847
0.0502262
0.051041
0.0519156
0.052781
0.0536294
0.0545375
0.0554847
0.056444
0.0574131
0.0583735
0.0593897
0.0604428
0.0615317
0.0625927
0.0636625
0.0647405
0.0658747
0.0670549
0.0682609
0.0694676
0.0706528
0.0718715
0.0731269
0.074384
0.0757011
0.0769836
0.0783121
0.07961
0.080847
0.0820415
0.0830848
0.0340107
0.0294118
0.0217017
0.0158573
0.0143076
0.0154355
0.0167939
0.0177928
0.0185449
0.0190087
0.0192615
0.0195806
0.019977
0.0203011
0.0205798
0.0208418
0.0211012
0.02141
0.0217768
0.0222142
0.022679
0.0230615
0.0233926
0.0237904
0.0242151
0.0246069
0.0250178
0.0254689
0.0259209
0.0263524
0.0267798
0.0272312
0.0276847
0.0281255
0.0285775
0.0290832
0.0296111
0.0301196
0.0306359
0.0311665
0.0316978
0.0322276
0.0327479
0.033245
0.0336745
0.0340919
0.0345991
0.0351585
0.035693
0.0362305
0.0368602
0.0375014
0.0380935
0.0387435
0.0394849
0.0402334
0.0409521
0.0415806
0.0419692
0.0422943
0.0429437
0.0439232
0.0448492
0.0456098
0.0463758
0.0471476
0.0479049
0.0486907
0.0494849
0.0502264
0.0510411
0.0519157
0.0527812
0.0536296
0.0545376
0.0554849
0.0564441
0.0574132
0.0583736
0.0593899
0.0604429
0.0615318
0.0625928
0.0636626
0.0647406
0.0658748
0.0670549
0.068261
0.0694677
0.0706528
0.0718715
0.073127
0.0743841
0.0757012
0.0769836
0.0783122
0.0796101
0.0808471
0.0820416
0.0830849
0.0333279
0.0292352
0.0219084
0.0162247
0.0145495
0.0155219
0.0168299
0.0178216
0.0185693
0.0190279
0.0192775
0.0195942
0.0199877
0.0203093
0.020587
0.0208486
0.0211076
0.0214157
0.0217815
0.0222179
0.022682
0.0230644
0.0233952
0.0237929
0.0242172
0.0246087
0.0250194
0.0254704
0.0259223
0.0263535
0.0267808
0.0272321
0.0276856
0.0281263
0.0285782
0.0290839
0.0296118
0.0301203
0.0306366
0.0311672
0.0316985
0.0322282
0.0327485
0.0332457
0.0336751
0.0340923
0.0345995
0.035159
0.0356936
0.0362309
0.0368606
0.0375019
0.0380939
0.0387438
0.0394852
0.0402337
0.0409525
0.0415812
0.0419697
0.0422943
0.0429436
0.0439234
0.0448497
0.0456101
0.046376
0.0471479
0.0479051
0.0486909
0.0494851
0.0502266
0.0510412
0.0519159
0.0527813
0.0536297
0.0545377
0.055485
0.0564443
0.0574134
0.0583737
0.05939
0.060443
0.0615319
0.062593
0.0636628
0.0647407
0.0658749
0.067055
0.0682611
0.0694678
0.0706529
0.0718716
0.0731271
0.0743841
0.0757013
0.0769837
0.0783123
0.0796102
0.0808472
0.0820417
0.0830851
0.0326391
0.029028
0.0221223
0.016615
0.0148183
0.015622
0.0168715
0.0178569
0.0186002
0.0190521
0.0192984
0.0196124
0.0200019
0.0203201
0.0205966
0.0208584
0.0211174
0.0214248
0.0217891
0.0222234
0.022686
0.0230681
0.0233992
0.0237967
0.0242204
0.0246114
0.0250219
0.0254727
0.0259242
0.0263553
0.0267822
0.0272333
0.0276865
0.0281271
0.0285789
0.0290846
0.0296125
0.0301209
0.0306373
0.031168
0.0316993
0.0322289
0.0327492
0.0332465
0.0336759
0.0340928
0.0346
0.0351596
0.0356941
0.0362313
0.036861
0.0375024
0.0380944
0.0387441
0.0394856
0.0402341
0.0409531
0.041582
0.0419703
0.0422942
0.0429434
0.0439238
0.0448502
0.0456104
0.0463763
0.0471481
0.0479054
0.0486911
0.0494854
0.0502268
0.0510414
0.0519161
0.0527815
0.0536299
0.0545378
0.0554852
0.0564444
0.0574135
0.0583738
0.0593901
0.0604431
0.0615321
0.0625931
0.0636629
0.0647408
0.065875
0.0670551
0.0682613
0.069468
0.070653
0.0718717
0.0731272
0.0743842
0.0757014
0.0769838
0.0783123
0.0796103
0.0808473
0.082042
0.0830853
0.0319515
0.0287972
0.0223312
0.0170087
0.0151001
0.0157294
0.0169143
0.0178942
0.0186345
0.0190796
0.0193225
0.0196336
0.0200182
0.0203328
0.0206085
0.0208712
0.021131
0.0214379
0.0218002
0.0222312
0.022691
0.0230727
0.0234048
0.0238022
0.0242249
0.0246152
0.0250254
0.0254758
0.0259269
0.0263577
0.0267843
0.027235
0.0276879
0.0281282
0.0285798
0.0290853
0.029613
0.0301214
0.030638
0.0311689
0.0317002
0.0322296
0.0327499
0.0332475
0.0336769
0.0340935
0.0346006
0.0351601
0.0356947
0.0362318
0.0368615
0.037503
0.0380949
0.0387446
0.039486
0.0402346
0.0409537
0.0415829
0.0419709
0.0422941
0.0429433
0.0439242
0.0448508
0.0456108
0.0463766
0.0471485
0.0479056
0.0486914
0.0494857
0.050227
0.0510415
0.0519163
0.0527817
0.05363
0.054538
0.0554853
0.0564446
0.0574137
0.058374
0.0593902
0.0604432
0.0615322
0.0625933
0.063663
0.0647409
0.065875
0.0670552
0.0682614
0.0694681
0.0706531
0.0718718
0.0731273
0.0743843
0.0757015
0.0769839
0.0783125
0.0796105
0.0808475
0.0820424
0.0830856
0.0312799
0.0285455
0.0225259
0.0173988
0.0153928
0.0158447
0.0169577
0.0179319
0.0186711
0.0191098
0.0193488
0.0196563
0.0200356
0.0203464
0.0206215
0.0208861
0.0211474
0.0214542
0.0218145
0.0222413
0.0226972
0.0230783
0.0234118
0.0238091
0.0242306
0.0246202
0.0250302
0.0254799
0.0259305
0.0263611
0.0267873
0.0272374
0.0276898
0.0281298
0.0285811
0.0290862
0.0296134
0.0301217
0.0306384
0.0311697
0.031701
0.0322303
0.0327506
0.0332485
0.0336781
0.0340945
0.0346013
0.0351608
0.0356956
0.0362325
0.0368619
0.0375035
0.0380955
0.038745
0.0394864
0.0402351
0.0409545
0.0415839
0.0419716
0.0422939
0.0429431
0.0439247
0.0448515
0.0456112
0.046377
0.0471489
0.047906
0.0486918
0.0494861
0.0502272
0.0510417
0.0519166
0.052782
0.0536302
0.0545382
0.0554856
0.0564448
0.0574139
0.0583741
0.0593903
0.0604434
0.0615324
0.0625935
0.0636631
0.064741
0.0658752
0.0670554
0.0682615
0.0694683
0.0706533
0.0718719
0.0731274
0.0743844
0.0757016
0.0769841
0.0783126
0.0796107
0.0808478
0.0820429
0.0830861
0.0306319
0.0282721
0.0227018
0.0177845
0.015697
0.0159694
0.0170019
0.0179692
0.0187094
0.0191422
0.0193769
0.0196802
0.0200537
0.0203604
0.0206353
0.0209021
0.0211656
0.0214726
0.021831
0.0222534
0.0227046
0.0230848
0.0234198
0.0238171
0.0242373
0.0246264
0.025036
0.0254848
0.0259346
0.0263651
0.0267911
0.0272406
0.0276926
0.0281323
0.0285831
0.0290875
0.0296139
0.0301217
0.0306386
0.0311702
0.0317017
0.0322308
0.0327511
0.0332495
0.0336795
0.0340958
0.0346023
0.0351617
0.0356967
0.0362335
0.0368623
0.0375039
0.0380962
0.0387455
0.0394867
0.0402355
0.0409554
0.0415852
0.0419724
0.0422938
0.042943
0.0439253
0.0448522
0.0456116
0.0463774
0.0471493
0.0479065
0.0486922
0.0494865
0.0502275
0.051042
0.051917
0.0527823
0.0536304
0.0545384
0.0554858
0.056445
0.0574141
0.0583743
0.0593905
0.0604435
0.0615326
0.0625937
0.0636633
0.0647411
0.0658753
0.0670555
0.0682617
0.0694685
0.0706534
0.071872
0.0731275
0.0743845
0.0757017
0.0769842
0.0783127
0.0796109
0.0808482
0.0820436
0.0830866
0.0300114
0.0279811
0.0228594
0.0181647
0.016011
0.0161029
0.0170466
0.018005
0.0187484
0.0191766
0.0194066
0.0197054
0.0200728
0.0203753
0.0206497
0.0209189
0.0211846
0.021492
0.0218487
0.0222666
0.022713
0.0230921
0.0234285
0.0238258
0.0242446
0.0246333
0.0250427
0.0254903
0.0259392
0.0263695
0.0267953
0.0272443
0.0276959
0.0281355
0.028586
0.0290894
0.0296148
0.0301218
0.0306386
0.0311706
0.0317022
0.032231
0.0327512
0.0332503
0.033681
0.0340974
0.0346035
0.0351629
0.0356984
0.0362351
0.0368631
0.0375045
0.0380969
0.0387458
0.0394866
0.0402356
0.0409562
0.0415866
0.0419735
0.0422939
0.042943
0.043926
0.0448529
0.0456121
0.0463778
0.0471498
0.047907
0.0486928
0.049487
0.050228
0.0510425
0.0519174
0.0527827
0.0536307
0.0545387
0.0554861
0.0564453
0.0574143
0.0583745
0.0593906
0.0604436
0.0615328
0.0625939
0.0636634
0.0647412
0.0658754
0.0670556
0.0682618
0.0694687
0.0706535
0.0718721
0.0731277
0.0743847
0.0757019
0.0769844
0.0783129
0.0796113
0.0808488
0.0820445
0.0830874
0.0294233
0.0276795
0.0229975
0.0185346
0.0163305
0.016245
0.0170923
0.0180391
0.0187877
0.0192127
0.0194381
0.019732
0.0200931
0.020391
0.0206648
0.0209363
0.0212041
0.021512
0.021867
0.0222806
0.0227222
0.0231
0.0234378
0.0238349
0.0242524
0.0246408
0.02505
0.0254963
0.0259441
0.0263742
0.0267998
0.0272483
0.0276997
0.0281394
0.0285896
0.029092
0.0296162
0.0301223
0.0306387
0.0311707
0.0317024
0.0322309
0.032751
0.0332507
0.0336825
0.0340991
0.0346048
0.0351641
0.0357005
0.0362373
0.0368644
0.0375055
0.0380979
0.0387461
0.0394861
0.0402352
0.0409567
0.0415879
0.0419747
0.0422944
0.0429434
0.043927
0.0448537
0.0456125
0.0463782
0.0471503
0.0479076
0.0486934
0.0494876
0.0502285
0.0510431
0.051918
0.0527832
0.0536312
0.0545391
0.0554865
0.0564456
0.0574146
0.0583747
0.0593908
0.0604438
0.061533
0.0625942
0.0636636
0.0647414
0.0658755
0.0670557
0.068262
0.0694689
0.0706537
0.0718723
0.0731278
0.0743848
0.0757021
0.0769847
0.0783131
0.0796117
0.0808496
0.0820457
0.0830882
0.0288719
0.0273717
0.0231116
0.0188886
0.0166533
0.0163973
0.0171406
0.0180713
0.0188264
0.0192503
0.0194713
0.0197599
0.0201144
0.0204077
0.0206808
0.0209544
0.0212242
0.0215323
0.0218857
0.0222951
0.0227317
0.0231083
0.0234476
0.0238446
0.0242605
0.0246486
0.0250577
0.0255027
0.0259491
0.026379
0.0268045
0.0272524
0.0277036
0.0281437
0.0285939
0.0290952
0.0296181
0.0301231
0.0306388
0.0311706
0.0317024
0.0322305
0.0327505
0.0332508
0.0336836
0.0341007
0.034606
0.0351653
0.0357028
0.0362401
0.0368662
0.0375071
0.0380995
0.0387465
0.0394852
0.040234
0.0409563
0.0415886
0.0419758
0.0422951
0.0429444
0.0439284
0.0448546
0.0456129
0.0463785
0.0471506
0.0479081
0.048694
0.0494883
0.0502292
0.0510438
0.0519187
0.0527839
0.0536318
0.0545397
0.055487
0.0564461
0.057415
0.058375
0.0593911
0.060444
0.0615334
0.0625945
0.0636638
0.0647415
0.0658756
0.0670559
0.0682622
0.0694691
0.0706538
0.0718724
0.073128
0.074385
0.0757022
0.0769849
0.0783133
0.0796121
0.0808506
0.0820471
0.0830893
0.0283577
0.0270601
0.0231984
0.0192244
0.0169789
0.0165613
0.0171925
0.0181011
0.0188635
0.0192887
0.0195062
0.0197894
0.020137
0.0204253
0.0206976
0.0209733
0.0212449
0.0215531
0.0219048
0.0223099
0.0227415
0.023117
0.0234579
0.0238547
0.024269
0.0246567
0.0250658
0.0255095
0.0259544
0.026384
0.0268094
0.0272567
0.0277077
0.0281483
0.0285985
0.0290988
0.0296203
0.0301243
0.0306393
0.0311706
0.0317021
0.0322299
0.0327496
0.0332505
0.0336845
0.034102
0.034607
0.0351663
0.035705
0.036243
0.0368685
0.0375094
0.0381017
0.0387473
0.0394842
0.040232
0.0409549
0.0415883
0.0419762
0.0422958
0.042946
0.0439305
0.0448559
0.0456134
0.0463787
0.0471508
0.0479085
0.0486945
0.0494888
0.0502299
0.0510446
0.0519196
0.0527847
0.0536327
0.0545405
0.0554878
0.0564467
0.0574155
0.0583754
0.0593914
0.0604443
0.0615337
0.0625949
0.063664
0.0647416
0.0658757
0.067056
0.0682624
0.0694694
0.070654
0.0718726
0.0731281
0.0743852
0.0757024
0.0769853
0.0783136
0.0796127
0.0808518
0.0820489
0.0830905
0.0278782
0.0267472
0.023258
0.019541
0.0173062
0.0167375
0.0172488
0.0181286
0.0188986
0.0193282
0.0195431
0.0198206
0.0201608
0.0204439
0.0207154
0.0209932
0.0212665
0.0215744
0.0219244
0.0223251
0.0227517
0.023126
0.0234686
0.0238653
0.0242779
0.0246652
0.0250743
0.0255165
0.0259599
0.0263893
0.0268145
0.0272612
0.027712
0.028153
0.0286036
0.0291028
0.0296228
0.0301259
0.03064
0.0311706
0.0317018
0.0322291
0.0327486
0.0332499
0.0336849
0.0341031
0.0346079
0.0351671
0.0357071
0.0362458
0.0368709
0.0375121
0.0381046
0.0387484
0.039483
0.0402295
0.0409524
0.0415865
0.0419752
0.0422956
0.0429477
0.0439335
0.0448579
0.0456142
0.0463789
0.0471508
0.0479087
0.0486948
0.0494892
0.0502305
0.0510455
0.0519205
0.0527856
0.0536337
0.0545415
0.0554887
0.0564475
0.0574163
0.058376
0.0593917
0.0604445
0.0615341
0.0625955
0.0636644
0.0647419
0.0658758
0.067056
0.0682625
0.0694697
0.0706542
0.0718727
0.0731283
0.0743854
0.0757025
0.0769856
0.0783139
0.0796133
0.0808534
0.0820509
0.0830919
0.0274304
0.0264372
0.023292
0.0198364
0.0176326
0.0169264
0.0173115
0.0181547
0.0189316
0.0193683
0.0195822
0.0198538
0.020186
0.0204635
0.0207341
0.021014
0.0212889
0.0215964
0.0219444
0.0223407
0.0227623
0.0231355
0.02348
0.0238766
0.0242873
0.024674
0.025083
0.0255239
0.0259658
0.0263948
0.0268199
0.027266
0.0277164
0.028158
0.0286089
0.0291071
0.0296256
0.0301276
0.0306411
0.0311707
0.0317013
0.0322281
0.0327472
0.0332489
0.0336851
0.0341039
0.0346086
0.0351677
0.035709
0.0362484
0.0368729
0.0375148
0.0381079
0.0387499
0.0394818
0.0402263
0.0409487
0.0415831
0.0419727
0.0422941
0.0429489
0.043937
0.0448605
0.0456154
0.0463792
0.0471507
0.0479088
0.0486949
0.0494893
0.050231
0.0510464
0.0519213
0.0527865
0.0536349
0.0545429
0.05549
0.0564485
0.0574172
0.0583768
0.0593922
0.0604447
0.0615345
0.0625961
0.0636649
0.0647422
0.0658759
0.067056
0.0682626
0.0694699
0.0706544
0.0718729
0.0731285
0.0743855
0.0757026
0.076986
0.0783141
0.079614
0.0808552
0.0820533
0.0830936
0.0270108
0.0261345
0.023302
0.0201076
0.0179558
0.0171296
0.0173835
0.0181806
0.018962
0.0194085
0.0196234
0.0198894
0.0202128
0.0204841
0.0207538
0.0210359
0.0213122
0.0216191
0.0219651
0.0223571
0.0227735
0.0231457
0.0234922
0.0238884
0.024297
0.0246832
0.0250922
0.0255316
0.025972
0.0264007
0.0268255
0.0272709
0.0277211
0.0281632
0.0286145
0.0291118
0.0296284
0.0301295
0.0306423
0.0311711
0.0317009
0.0322271
0.0327457
0.0332475
0.0336848
0.0341045
0.0346093
0.0351683
0.0357109
0.0362509
0.0368746
0.0375172
0.0381113
0.0387516
0.0394806
0.0402225
0.0409438
0.0415783
0.0419686
0.0422911
0.0429491
0.0439405
0.0448637
0.045617
0.0463795
0.0471505
0.0479088
0.0486948
0.0494891
0.0502313
0.0510473
0.0519221
0.0527872
0.053636
0.0545444
0.0554914
0.0564497
0.0574182
0.0583779
0.0593929
0.0604449
0.0615348
0.0625967
0.0636655
0.0647428
0.0658762
0.0670559
0.0682626
0.0694702
0.0706547
0.0718731
0.0731287
0.0743857
0.0757027
0.0769863
0.0783143
0.0796147
0.0808572
0.082056
0.0830955
0.0266158
0.0258417
0.0232895
0.0203523
0.0182747
0.0173486
0.017467
0.0182069
0.0189892
0.019448
0.0196668
0.0199276
0.0202414
0.020506
0.0207745
0.0210588
0.0213364
0.0216426
0.0219866
0.0223743
0.0227855
0.0231567
0.0235051
0.023901
0.0243073
0.0246928
0.0251018
0.0255398
0.0259785
0.026407
0.0268315
0.0272761
0.027726
0.0281687
0.0286205
0.0291168
0.0296314
0.0301314
0.0306437
0.0311717
0.0317006
0.0322259
0.0327438
0.0332458
0.0336842
0.0341048
0.0346098
0.0351689
0.0357129
0.0362533
0.0368759
0.0375191
0.0381147
0.0387534
0.0394793
0.0402181
0.0409377
0.0415719
0.0419631
0.0422869
0.042948
0.0439434
0.044867
0.0456188
0.04638
0.0471503
0.0479087
0.0486946
0.0494888
0.0502314
0.0510481
0.051923
0.0527879
0.0536371
0.0545459
0.0554931
0.056451
0.0574193
0.0583791
0.0593939
0.0604451
0.0615349
0.0625972
0.0636663
0.0647436
0.0658767
0.0670558
0.0682623
0.0694703
0.0706549
0.0718734
0.0731289
0.074386
0.0757027
0.0769867
0.0783145
0.0796155
0.0808594
0.082059
0.0830975
0.0262411
0.0255603
0.0232578
0.0205702
0.0185876
0.0175831
0.0175637
0.0182353
0.0190133
0.0194862
0.019712
0.0199686
0.0202723
0.0205292
0.0207963
0.0210826
0.0213616
0.021667
0.0220091
0.0223924
0.0227984
0.0231686
0.0235189
0.0239143
0.0243181
0.0247028
0.0251119
0.0255484
0.0259855
0.0264135
0.0268378
0.0272817
0.0277311
0.0281743
0.0286268
0.0291222
0.0296345
0.0301333
0.0306453
0.0311725
0.0317003
0.0322247
0.0327417
0.0332436
0.0336833
0.0341052
0.0346105
0.0351696
0.0357152
0.0362559
0.036877
0.0375205
0.0381177
0.0387554
0.039478
0.0402135
0.0409305
0.0415641
0.041957
0.0422825
0.0429462
0.0439452
0.0448699
0.0456206
0.0463805
0.0471501
0.0479086
0.0486944
0.0494884
0.0502315
0.0510489
0.0519238
0.0527885
0.053638
0.0545474
0.055495
0.0564524
0.0574204
0.0583805
0.0593952
0.0604455
0.0615348
0.0625975
0.0636669
0.0647446
0.0658774
0.0670558
0.068262
0.0694703
0.070655
0.0718738
0.0731292
0.0743863
0.0757027
0.076987
0.0783146
0.0796162
0.0808619
0.0820621
0.0830997
0.0258827
0.0252915
0.0232112
0.0207613
0.018891
0.0178309
0.0176754
0.0182679
0.0190349
0.0195224
0.0197585
0.0200124
0.0203055
0.020554
0.0208192
0.0211074
0.0213876
0.0216924
0.0220326
0.0224116
0.0228122
0.0231812
0.0235336
0.0239282
0.0243293
0.0247132
0.0251224
0.0255574
0.0259928
0.0264203
0.0268444
0.0272875
0.0277365
0.0281802
0.0286335
0.029128
0.0296377
0.0301353
0.030647
0.0311736
0.0317001
0.0322235
0.0327394
0.0332411
0.0336823
0.0341059
0.0346114
0.0351705
0.0357176
0.036259
0.0368783
0.0375216
0.0381206
0.0387576
0.039477
0.0402087
0.0409225
0.0415551
0.0419508
0.042279
0.0429447
0.043946
0.0448722
0.0456222
0.0463809
0.0471498
0.0479085
0.0486942
0.049488
0.0502317
0.0510498
0.0519248
0.0527892
0.0536388
0.0545488
0.0554968
0.0564539
0.0574215
0.0583818
0.0593966
0.060446
0.0615346
0.0625976
0.0636675
0.0647456
0.0658783
0.0670558
0.0682614
0.0694701
0.0706551
0.0718741
0.0731295
0.0743866
0.0757028
0.0769874
0.0783147
0.079617
0.0808645
0.0820654
0.083102
0.0255376
0.0250359
0.0231542
0.0209253
0.0191811
0.018089
0.0178039
0.018307
0.0190547
0.0195559
0.0198054
0.0200586
0.0203413
0.0205807
0.0208434
0.0211332
0.0214145
0.0217187
0.0220572
0.0224318
0.0228269
0.0231947
0.0235491
0.0239429
0.0243412
0.0247242
0.0251335
0.025567
0.0260005
0.0264274
0.0268512
0.0272937
0.0277423
0.0281862
0.0286404
0.0291342
0.0296411
0.0301373
0.0306488
0.0311748
0.0317002
0.0322224
0.032737
0.0332384
0.0336813
0.0341072
0.0346128
0.0351716
0.0357204
0.0362626
0.03688
0.0375225
0.0381234
0.0387601
0.0394763
0.040204
0.040914
0.0415456
0.0419452
0.0422779
0.0429451
0.0439462
0.0448736
0.0456235
0.0463813
0.0471495
0.0479084
0.048694
0.0494877
0.0502322
0.0510509
0.0519258
0.05279
0.0536398
0.0545502
0.0554984
0.0564554
0.0574226
0.0583832
0.0593981
0.0604466
0.0615343
0.0625976
0.0636678
0.0647467
0.0658794
0.067056
0.0682607
0.0694696
0.0706551
0.0718745
0.0731299
0.0743871
0.0757028
0.0769877
0.0783147
0.0796178
0.0808672
0.0820688
0.0831043
0.0252037
0.0247929
0.0230904
0.021063
0.0194544
0.0183539
0.0179503
0.0183548
0.0190736
0.0195861
0.0198516
0.020107
0.0203798
0.0206096
0.0208693
0.02116
0.0214421
0.0217459
0.0220828
0.022453
0.0228424
0.023209
0.0235653
0.0239583
0.0243536
0.0247355
0.025145
0.0255771
0.0260087
0.0264348
0.0268583
0.0273003
0.0277483
0.0281925
0.0286476
0.0291405
0.0296448
0.0301395
0.0306507
0.0311763
0.0317004
0.0322213
0.0327344
0.0332357
0.0336807
0.0341094
0.0346151
0.035173
0.0357233
0.0362667
0.0368823
0.0375235
0.0381261
0.0387628
0.0394759
0.0401996
0.0409054
0.0415359
0.0419411
0.0422807
0.0429487
0.0439465
0.0448741
0.0456243
0.0463814
0.0471491
0.0479083
0.0486936
0.0494875
0.0502331
0.0510523
0.0519269
0.0527909
0.0536411
0.0545516
0.0554998
0.0564568
0.0574236
0.0583845
0.0593995
0.0604473
0.0615339
0.0625973
0.0636681
0.0647477
0.0658806
0.0670563
0.0682598
0.069469
0.0706549
0.0718749
0.0731303
0.0743875
0.0757029
0.0769881
0.0783148
0.0796187
0.0808701
0.0820724
0.0831068
0.0248802
0.0245604
0.0230227
0.0211765
0.0197077
0.0186211
0.0181144
0.0184133
0.0190932
0.0196131
0.0198964
0.0201567
0.0204211
0.0206413
0.020897
0.0211879
0.0214706
0.021774
0.0221094
0.0224752
0.0228588
0.023224
0.0235823
0.0239745
0.0243665
0.0247475
0.025157
0.0255877
0.0260174
0.0264426
0.0268657
0.0273071
0.0277546
0.0281991
0.028655
0.0291471
0.0296487
0.0301419
0.0306528
0.031178
0.0317008
0.0322202
0.0327318
0.0332329
0.0336805
0.0341127
0.0346182
0.035175
0.0357265
0.0362713
0.0368853
0.0375249
0.0381287
0.0387656
0.0394756
0.0401953
0.0408968
0.0415264
0.0419389
0.0422881
0.0429565
0.0439476
0.0448738
0.0456245
0.0463811
0.0471486
0.0479082
0.0486932
0.0494873
0.0502344
0.0510539
0.051928
0.052792
0.0536427
0.0545533
0.0555011
0.0564582
0.0574246
0.0583859
0.0594009
0.060448
0.0615336
0.0625969
0.0636683
0.0647487
0.065882
0.0670568
0.068259
0.0694681
0.0706547
0.0718753
0.0731307
0.074388
0.0757031
0.0769885
0.0783149
0.0796196
0.0808732
0.0820762
0.0831094
0.0245678
0.0243359
0.0229528
0.0212686
0.0199386
0.0188864
0.018295
0.0184841
0.0191151
0.0196374
0.0199389
0.020207
0.0204649
0.0206758
0.0209269
0.021217
0.0214998
0.021803
0.022137
0.0224983
0.0228759
0.0232396
0.0236001
0.0239913
0.0243801
0.0247599
0.0251696
0.0255988
0.0260265
0.0264508
0.0268736
0.0273143
0.0277612
0.028206
0.0286627
0.0291537
0.0296528
0.0301445
0.0306551
0.0311798
0.0317013
0.0322192
0.0327291
0.0332302
0.033681
0.0341177
0.0346222
0.0351776
0.0357299
0.0362763
0.0368889
0.0375267
0.0381313
0.0387685
0.0394755
0.0401912
0.0408883
0.0415171
0.0419387
0.0423002
0.0429685
0.0439498
0.0448726
0.0456242
0.0463805
0.0471479
0.0479081
0.0486927
0.0494872
0.0502361
0.0510559
0.0519291
0.0527932
0.0536446
0.0545553
0.0555023
0.0564595
0.0574256
0.0583873
0.0594024
0.0604489
0.0615332
0.0625965
0.0636686
0.0647497
0.0658834
0.0670573
0.0682582
0.0694671
0.0706544
0.0718757
0.0731312
0.0743885
0.0757032
0.0769889
0.0783151
0.0796206
0.0808763
0.0820802
0.0831122
0.0242682
0.0241178
0.0228811
0.0213422
0.0201462
0.0191458
0.0184898
0.018569
0.0191415
0.0196599
0.0199786
0.0202566
0.0205107
0.0207134
0.0209594
0.0212476
0.0215299
0.0218328
0.0221655
0.0225222
0.0228937
0.023256
0.0236187
0.0240089
0.0243944
0.0247729
0.0251827
0.0256105
0.0260361
0.0264595
0.026882
0.0273219
0.027768
0.0282133
0.0286707
0.0291604
0.0296572
0.0301474
0.0306576
0.0311817
0.0317019
0.0322183
0.0327265
0.0332275
0.0336821
0.0341232
0.0346271
0.0351807
0.0357336
0.0362816
0.036893
0.0375288
0.0381338
0.0387714
0.0394753
0.0401874
0.0408801
0.0415083
0.0419402
0.042316
0.042984
0.0439532
0.0448707
0.0456233
0.0463797
0.0471471
0.047908
0.0486922
0.0494871
0.0502381
0.0510581
0.0519303
0.0527946
0.0536469
0.0545575
0.0555036
0.0564608
0.0574266
0.0583889
0.059404
0.0604499
0.0615331
0.0625961
0.0636689
0.0647508
0.0658849
0.067058
0.0682576
0.069466
0.0706542
0.071876
0.0731316
0.0743891
0.0757033
0.0769894
0.0783153
0.0796216
0.0808795
0.0820844
0.0831152
0.0239826
0.0239065
0.0228075
0.0213994
0.0203307
0.019396
0.0186956
0.0186691
0.0191746
0.0196819
0.0200153
0.0203045
0.0205577
0.0207542
0.0209949
0.02128
0.0215609
0.0218634
0.0221949
0.022547
0.0229124
0.0232732
0.023638
0.0240273
0.0244093
0.0247865
0.0251963
0.0256227
0.0260463
0.0264688
0.026891
0.0273299
0.027775
0.0282209
0.0286789
0.0291672
0.0296617
0.0301505
0.0306602
0.0311838
0.0317028
0.0322175
0.0327239
0.0332249
0.0336836
0.0341295
0.0346327
0.0351844
0.0357376
0.0362873
0.0368975
0.0375312
0.0381363
0.0387743
0.0394752
0.0401836
0.0408721
0.0414998
0.0419426
0.0423345
0.043002
0.0439575
0.0448682
0.045622
0.0463786
0.0471462
0.0479078
0.0486916
0.0494872
0.0502404
0.0510605
0.0519315
0.052796
0.0536494
0.0545599
0.055505
0.0564621
0.0574278
0.0583906
0.0594058
0.0604511
0.0615331
0.0625957
0.0636694
0.0647519
0.0658865
0.0670588
0.0682572
0.0694648
0.070654
0.0718764
0.073132
0.0743896
0.0757035
0.0769898
0.0783156
0.0796229
0.0808829
0.0820888
0.0831184
0.0237097
0.0237044
0.022733
0.0214411
0.0204937
0.0196348
0.0189079
0.0187845
0.0192166
0.0197049
0.0200494
0.0203499
0.0206049
0.020798
0.0210337
0.0213144
0.021593
0.0218949
0.0222251
0.0225726
0.0229319
0.0232912
0.0236583
0.0240466
0.024425
0.0248007
0.0252105
0.0256355
0.0260569
0.0264785
0.0269005
0.0273383
0.0277823
0.0282289
0.0286874
0.029174
0.0296665
0.0301539
0.030663
0.031186
0.0317037
0.0322168
0.0327215
0.0332224
0.0336856
0.0341363
0.0346387
0.0351885
0.0357419
0.0362931
0.0369023
0.0375337
0.0381387
0.0387772
0.0394751
0.0401799
0.0408644
0.0414915
0.0419457
0.0423545
0.0430216
0.0439625
0.0448654
0.0456203
0.0463773
0.0471453
0.0479077
0.048691
0.0494873
0.0502429
0.0510631
0.0519328
0.0527976
0.053652
0.0545625
0.0555065
0.0564635
0.0574291
0.0583924
0.0594079
0.0604525
0.0615333
0.0625955
0.0636701
0.0647532
0.0658881
0.0670597
0.0682569
0.0694638
0.070654
0.0718769
0.0731324
0.0743902
0.0757036
0.0769902
0.0783159
0.0796242
0.0808865
0.0820934
0.0831218
0.0234458
0.0235129
0.022661
0.0214673
0.0206361
0.0198613
0.0191223
0.0189139
0.0192692
0.0197306
0.0200815
0.0203925
0.0206513
0.0208444
0.021076
0.021351
0.0216265
0.0219274
0.0222563
0.022599
0.0229523
0.02331
0.0236794
0.0240668
0.0244414
0.0248155
0.0252252
0.025649
0.0260682
0.0264887
0.0269105
0.0273471
0.0277899
0.0282373
0.0286962
0.0291811
0.0296716
0.0301575
0.0306659
0.0311884
0.0317048
0.0322162
0.0327192
0.03322
0.0336879
0.0341434
0.034645
0.0351928
0.0357465
0.0362993
0.0369073
0.0375364
0.0381411
0.03878
0.039475
0.0401762
0.0408569
0.0414836
0.041949
0.0423751
0.0430417
0.043968
0.0448623
0.0456185
0.0463761
0.0471443
0.0479075
0.0486905
0.0494874
0.0502455
0.0510658
0.0519341
0.0527993
0.0536547
0.0545651
0.0555082
0.0564649
0.0574306
0.0583943
0.0594101
0.0604541
0.0615337
0.0625955
0.063671
0.0647546
0.0658898
0.0670608
0.0682568
0.0694629
0.0706541
0.0718773
0.0731328
0.0743908
0.0757037
0.0769905
0.0783163
0.0796257
0.0808902
0.0820983
0.0831253
0.0231853
0.0233297
0.0225966
0.0214797
0.0207568
0.0200756
0.0193353
0.0190547
0.0193344
0.0197613
0.0201125
0.020432
0.0206962
0.0208925
0.0211217
0.0213901
0.0216613
0.0219612
0.0222885
0.0226264
0.0229736
0.0233297
0.0237015
0.0240879
0.0244586
0.024831
0.0252405
0.025663
0.02608
0.0264995
0.0269209
0.0273563
0.0277979
0.028246
0.0287053
0.0291883
0.0296768
0.0301613
0.0306689
0.0311908
0.0317061
0.0322157
0.032717
0.0332178
0.0336904
0.0341507
0.0346515
0.0351974
0.0357514
0.0363056
0.0369124
0.0375391
0.0381436
0.0387827
0.0394749
0.0401724
0.0408496
0.0414759
0.0419523
0.0423956
0.043062
0.0439736
0.0448593
0.0456167
0.046375
0.0471434
0.0479073
0.0486901
0.0494877
0.0502482
0.0510686
0.0519355
0.052801
0.0536576
0.0545678
0.05551
0.0564664
0.0574322
0.0583964
0.0594125
0.0604558
0.0615342
0.0625956
0.063672
0.0647561
0.0658916
0.067062
0.0682568
0.0694623
0.0706544
0.0718779
0.0731331
0.0743915
0.0757039
0.0769909
0.0783167
0.0796272
0.0808941
0.0821034
0.0831292
0.0229244
0.0231479
0.0225447
0.0214833
0.020853
0.0202778
0.019546
0.0192023
0.0194128
0.0197999
0.0201433
0.0204685
0.0207391
0.0209413
0.0211705
0.0214322
0.021698
0.0219961
0.0223217
0.0226548
0.0229959
0.0233504
0.0237245
0.02411
0.0244767
0.0248472
0.0252564
0.0256777
0.0260924
0.0265107
0.0269319
0.0273661
0.0278062
0.0282551
0.0287147
0.0291958
0.0296823
0.0301654
0.030672
0.0311933
0.0317075
0.0322154
0.0327149
0.0332158
0.0336932
0.0341581
0.0346581
0.0352021
0.0357564
0.0363122
0.0369177
0.0375419
0.0381462
0.0387856
0.0394749
0.0401686
0.0408425
0.0414685
0.0419557
0.0424157
0.0430821
0.0439794
0.0448564
0.0456148
0.0463739
0.0471425
0.0479072
0.0486897
0.0494881
0.050251
0.0510715
0.051937
0.0528028
0.0536604
0.0545706
0.0555119
0.0564679
0.057434
0.0583985
0.0594149
0.0604576
0.0615348
0.0625958
0.0636731
0.0647577
0.0658933
0.0670633
0.0682568
0.0694618
0.0706548
0.0718784
0.0731335
0.0743922
0.075704
0.0769913
0.0783173
0.0796289
0.0808981
0.0821087
0.0831332
0.0226639
0.022958
0.0225063
0.0214872
0.0209218
0.0204657
0.019756
0.0193526
0.0195029
0.0198496
0.0201755
0.0205019
0.0207797
0.0209901
0.0212218
0.0214772
0.0217366
0.0220326
0.0223562
0.0226841
0.023019
0.0233719
0.0237485
0.0241333
0.0244958
0.0248639
0.0252729
0.025693
0.0261055
0.0265225
0.0269434
0.0273763
0.027815
0.0282646
0.0287245
0.0292035
0.0296879
0.0301697
0.0306754
0.031196
0.0317091
0.0322152
0.032713
0.033214
0.0336962
0.0341655
0.0346649
0.035207
0.0357618
0.0363191
0.0369229
0.0375448
0.038149
0.0387884
0.0394748
0.0401648
0.0408356
0.0414614
0.0419591
0.0424353
0.0431019
0.0439853
0.0448536
0.0456131
0.0463729
0.0471417
0.047907
0.0486895
0.0494885
0.0502537
0.0510745
0.0519386
0.0528047
0.0536633
0.0545734
0.0555139
0.0564695
0.0574358
0.0584008
0.0594175
0.0604594
0.0615354
0.0625962
0.0636744
0.0647594
0.0658951
0.0670647
0.0682568
0.0694615
0.0706554
0.0718791
0.0731339
0.0743929
0.0757042
0.0769917
0.0783179
0.0796307
0.0809023
0.0821143
0.0831374
0.0224117
0.0227502
0.0224756
0.0215035
0.0209644
0.0206326
0.0199668
0.0195038
0.0196006
0.0199122
0.0202119
0.0205326
0.0208182
0.0210383
0.0212744
0.021525
0.0217775
0.0220707
0.0223923
0.0227149
0.0230431
0.023394
0.0237734
0.0241577
0.0245159
0.0248816
0.02529
0.025709
0.0261192
0.0265349
0.0269554
0.0273869
0.0278241
0.0282744
0.0287348
0.0292116
0.0296938
0.0301743
0.0306788
0.0311988
0.0317109
0.0322152
0.0327113
0.0332125
0.0336993
0.034173
0.0346717
0.0352118
0.0357674
0.0363262
0.0369283
0.0375477
0.0381521
0.0387914
0.0394746
0.040161
0.040829
0.0414546
0.0419626
0.0424543
0.0431213
0.0439913
0.0448512
0.0456114
0.0463721
0.0471409
0.0479069
0.0486892
0.049489
0.0502565
0.0510775
0.0519403
0.0528066
0.0536663
0.0545764
0.0555159
0.0564711
0.0574378
0.0584033
0.0594201
0.0604613
0.061536
0.0625967
0.0636757
0.0647612
0.065897
0.0670661
0.0682568
0.0694613
0.070656
0.0718798
0.0731342
0.0743937
0.0757044
0.0769921
0.0783186
0.0796326
0.0809066
0.0821201
0.0831419
0.0221795
0.0225205
0.0224398
0.0215424
0.0209892
0.0207689
0.0201779
0.0196586
0.0197004
0.0199874
0.0202565
0.020561
0.0208546
0.0210863
0.0213273
0.0215749
0.0218206
0.0221104
0.0224303
0.0227475
0.0230684
0.0234168
0.023799
0.0241831
0.0245369
0.0249
0.025308
0.0257258
0.0261337
0.0265478
0.0269679
0.0273982
0.0278338
0.0282845
0.0287453
0.02922
0.0297001
0.0301792
0.0306825
0.0312018
0.0317129
0.0322153
0.0327098
0.0332112
0.0337027
0.0341805
0.0346787
0.0352168
0.0357732
0.0363334
0.0369338
0.0375507
0.0381553
0.0387945
0.0394745
0.0401571
0.0408226
0.0414481
0.0419662
0.0424728
0.0431404
0.0439973
0.0448491
0.04561
0.0463713
0.04714
0.0479069
0.0486891
0.0494895
0.0502592
0.0510807
0.0519421
0.0528085
0.0536694
0.0545795
0.0555181
0.0564728
0.0574398
0.0584058
0.0594228
0.0604632
0.0615367
0.0625973
0.0636772
0.0647631
0.0658988
0.0670675
0.0682568
0.0694612
0.0706566
0.0718805
0.0731346
0.0743945
0.0757046
0.0769925
0.0783194
0.0796346
0.0809111
0.0821263
0.0831466
0.0219787
0.022275
0.0223833
0.0216055
0.0210108
0.0208679
0.0203827
0.0198217
0.0197988
0.0200719
0.0203133
0.0205894
0.0208878
0.0211342
0.0213803
0.0216263
0.0218659
0.0221515
0.0224699
0.022782
0.023095
0.0234404
0.0238257
0.0242099
0.0245589
0.0249191
0.0253265
0.0257433
0.0261491
0.0265617
0.026981
0.0274099
0.027844
0.0282952
0.0287564
0.0292288
0.0297065
0.0301843
0.0306864
0.0312051
0.0317152
0.0322156
0.0327084
0.0332102
0.0337062
0.0341882
0.0346857
0.0352218
0.0357792
0.036341
0.0369394
0.0375539
0.0381589
0.0387976
0.0394744
0.0401533
0.0408165
0.0414421
0.0419698
0.0424907
0.0431591
0.0440035
0.0448474
0.0456087
0.0463706
0.0471393
0.0479069
0.0486891
0.0494902
0.050262
0.0510839
0.051944
0.0528106
0.0536726
0.0545827
0.0555203
0.0564745
0.0574419
0.0584084
0.0594256
0.0604652
0.0615373
0.062598
0.0636786
0.0647651
0.0659008
0.067069
0.0682567
0.0694612
0.0706573
0.0718813
0.0731351
0.0743954
0.0757049
0.0769929
0.0783203
0.0796367
0.0809158
0.0821327
0.0831516
0.021817
0.0220286
0.0222926
0.0216827
0.0210473
0.0209308
0.0205683
0.0199965
0.0198976
0.0201598
0.0203842
0.0206217
0.0209175
0.0211815
0.0214333
0.0216781
0.0219133
0.0221942
0.0225114
0.0228191
0.023123
0.0234643
0.023853
0.024238
0.0245822
0.0249392
0.0253459
0.0257614
0.026165
0.026576
0.0269947
0.0274223
0.0278548
0.0283062
0.0287679
0.0292381
0.0297134
0.0301897
0.0306904
0.0312086
0.0317178
0.0322162
0.0327073
0.0332095
0.0337098
0.0341959
0.0346929
0.0352269
0.0357854
0.0363488
0.0369451
0.0375571
0.0381626
0.0388009
0.0394742
0.0401496
0.0408106
0.0414365
0.0419737
0.0425082
0.0431774
0.0440098
0.044846
0.0456076
0.0463699
0.0471385
0.0479069
0.0486892
0.0494908
0.0502647
0.0510871
0.051946
0.0528127
0.0536758
0.054586
0.0555227
0.0564764
0.0574441
0.0584111
0.0594285
0.0604671
0.0615381
0.0625988
0.0636801
0.064767
0.0659028
0.0670704
0.0682566
0.0694611
0.070658
0.0718821
0.0731355
0.0743962
0.0757053
0.0769933
0.0783214
0.079639
0.0809207
0.0821394
0.0831568
0.0216949
0.0217977
0.022163
0.0217569
0.0211121
0.0209689
0.0207219
0.0201798
0.0200034
0.0202454
0.020467
0.0206632
0.0209438
0.0212274
0.0214873
0.0217295
0.0219618
0.0222386
0.0225546
0.022859
0.0231531
0.0234887
0.0238808
0.0242672
0.0246065
0.02496
0.0253662
0.0257807
0.026182
0.0265912
0.0270088
0.027435
0.0278661
0.0283178
0.0287798
0.0292477
0.0297205
0.0301955
0.0306948
0.0312123
0.0317207
0.032217
0.0327064
0.033209
0.0337137
0.0342037
0.0347002
0.035232
0.0357917
0.0363568
0.036951
0.0375604
0.0381666
0.0388044
0.0394742
0.0401459
0.040805
0.0414313
0.0419776
0.0425251
0.0431954
0.0440162
0.0448449
0.0456067
0.0463694
0.0471378
0.0479071
0.0486893
0.0494916
0.0502674
0.0510903
0.0519482
0.052815
0.0536792
0.0545894
0.0555252
0.0564784
0.0574463
0.0584139
0.0594314
0.0604692
0.0615389
0.0625995
0.0636816
0.064769
0.0659048
0.0670718
0.0682566
0.0694611
0.0706587
0.0718829
0.073136
0.0743972
0.0757057
0.0769938
0.0783226
0.0796414
0.0809256
0.0821464
0.0831623
0.0216071
0.0215983
0.022003
0.0218082
0.0212038
0.0210001
0.0208368
0.0203609
0.0201223
0.0203277
0.0205571
0.0207182
0.0209694
0.0212697
0.021543
0.0217808
0.0220098
0.0222845
0.0225996
0.0229016
0.0231858
0.0235138
0.0239092
0.0242979
0.0246319
0.0249812
0.0253869
0.0258006
0.0261999
0.0266075
0.0270239
0.0274485
0.0278779
0.0283297
0.028792
0.0292578
0.029728
0.0302015
0.0306995
0.0312165
0.0317241
0.0322181
0.0327057
0.0332089
0.0337176
0.0342117
0.0347076
0.0352372
0.0357983
0.0363651
0.036957
0.0375638
0.0381708
0.0388079
0.0394741
0.0401424
0.0407997
0.0414266
0.0419818
0.0425416
0.043213
0.0440227
0.0448442
0.045606
0.046369
0.0471371
0.0479072
0.0486896
0.0494924
0.0502701
0.0510937
0.0519505
0.0528174
0.0536827
0.0545929
0.0555278
0.0564806
0.0574487
0.0584167
0.0594343
0.0604712
0.0615397
0.0626004
0.0636832
0.0647711
0.065907
0.0670733
0.0682565
0.0694611
0.0706594
0.0718837
0.0731364
0.0743981
0.0757062
0.0769943
0.078324
0.0796439
0.0809308
0.0821538
0.0831681
0.0215439
0.0214418
0.0218303
0.021821
0.0213072
0.0210429
0.0209185
0.0205258
0.0202551
0.0204117
0.0206493
0.0207875
0.0209981
0.0213072
0.0216006
0.0218331
0.0220555
0.0223312
0.0226471
0.0229467
0.0232212
0.0235401
0.0239378
0.0243299
0.0246589
0.0250034
0.0254085
0.0258214
0.0262185
0.0266242
0.0270394
0.0274627
0.0278907
0.0283424
0.0288049
0.0292684
0.0297358
0.0302079
0.0307043
0.0312206
0.0317277
0.0322195
0.0327054
0.0332091
0.0337219
0.0342198
0.0347151
0.0352423
0.0358048
0.0363736
0.0369632
0.0375672
0.0381751
0.0388117
0.0394741
0.0401389
0.0407948
0.0414224
0.041986
0.0425576
0.0432301
0.0440294
0.0448438
0.0456055
0.0463686
0.0471364
0.0479074
0.0486899
0.0494934
0.0502729
0.051097
0.051953
0.0528199
0.0536863
0.0545965
0.0555306
0.0564829
0.0574511
0.0584196
0.0594374
0.0604733
0.0615406
0.0626013
0.0636847
0.0647732
0.0659092
0.0670747
0.0682566
0.069461
0.0706602
0.0718846
0.073137
0.0743991
0.0757067
0.0769949
0.0783255
0.0796466
0.0809361
0.0821614
0.0831743
0.0214932
0.0213314
0.0216635
0.0217913
0.0214032
0.0211048
0.0209812
0.0206655
0.0203944
0.0205028
0.0207412
0.0208686
0.0210335
0.0213397
0.0216595
0.0218885
0.0220977
0.0223768
0.0226979
0.0229944
0.0232589
0.0235681
0.023967
0.0243631
0.0246873
0.025026
0.0254307
0.0258433
0.0262386
0.0266422
0.0270556
0.027477
0.0279035
0.0283553
0.0288183
0.0292795
0.0297442
0.0302148
0.0307097
0.0312254
0.0317318
0.0322212
0.0327051
0.0332096
0.0337262
0.0342281
0.0347229
0.0352476
0.0358116
0.0363824
0.0369695
0.0375707
0.0381795
0.0388155
0.0394741
0.0401357
0.0407903
0.0414187
0.0419903
0.042573
0.0432468
0.0440361
0.0448437
0.0456052
0.0463684
0.0471359
0.0479077
0.0486904
0.0494944
0.0502756
0.0511004
0.0519556
0.0528225
0.0536899
0.0546002
0.0555335
0.0564854
0.0574536
0.0584225
0.0594405
0.0604755
0.0615416
0.0626023
0.0636864
0.0647753
0.0659115
0.0670762
0.0682566
0.0694611
0.0706609
0.0718854
0.0731375
0.0744001
0.0757074
0.0769955
0.0783272
0.0796496
0.0809415
0.0821694
0.0831807
0.0214419
0.0212634
0.0215202
0.0217267
0.0214726
0.0211779
0.0210413
0.0207828
0.0205293
0.0206031
0.0208365
0.0209581
0.021076
0.0213675
0.0217186
0.0219498
0.0221369
0.0224185
0.0227522
0.0230457
0.0232982
0.0235979
0.023997
0.0243972
0.0247174
0.0250496
0.0254532
0.0258658
0.0262595
0.0266613
0.0270729
0.0274926
0.0279174
0.0283687
0.0288318
0.0292907
0.0297527
0.0302218
0.0307153
0.0312304
0.0317365
0.0322235
0.0327054
0.0332104
0.0337307
0.0342365
0.0347306
0.0352528
0.0358184
0.0363915
0.036976
0.0375743
0.038184
0.0388195
0.0394742
0.0401327
0.0407862
0.0414156
0.0419948
0.0425879
0.0432629
0.044043
0.0448439
0.0456051
0.0463683
0.0471353
0.047908
0.048691
0.0494955
0.0502784
0.0511039
0.0519583
0.0528253
0.0536937
0.0546039
0.0555365
0.0564881
0.0574562
0.0584256
0.0594437
0.0604776
0.0615427
0.0626033
0.063688
0.0647775
0.0659138
0.0670777
0.0682568
0.0694611
0.0706616
0.0718863
0.0731381
0.0744012
0.0757082
0.0769962
0.0783291
0.0796527
0.0809471
0.0821776
0.0831875
0.0213759
0.021227
0.0214121
0.0216406
0.021503
0.0212473
0.0211086
0.020888
0.0206522
0.0207071
0.0209401
0.021056
0.0211247
0.0213909
0.0217759
0.0220187
0.0221754
0.022453
0.0228087
0.0231029
0.0233387
0.0236288
0.0240289
0.0244323
0.024749
0.0250743
0.0254759
0.025889
0.0262817
0.0266812
0.0270904
0.0275084
0.0279319
0.028383
0.0288465
0.0293029
0.0297618
0.0302294
0.0307212
0.0312356
0.0317413
0.0322259
0.0327059
0.0332118
0.0337356
0.0342451
0.0347387
0.0352581
0.0358251
0.0364007
0.0369826
0.0375779
0.0381887
0.0388237
0.0394745
0.0401298
0.0407825
0.0414128
0.0419993
0.0426022
0.0432785
0.0440499
0.0448444
0.0456052
0.0463683
0.0471349
0.0479083
0.0486917
0.0494968
0.0502811
0.0511074
0.0519612
0.0528281
0.0536976
0.0546078
0.0555396
0.0564909
0.0574589
0.0584287
0.059447
0.0604799
0.0615439
0.0626044
0.0636897
0.0647797
0.0659163
0.0670793
0.0682569
0.0694612
0.0706623
0.0718873
0.0731388
0.0744023
0.0757091
0.0769969
0.0783311
0.079656
0.0809528
0.0821861
0.0831947
0.0212851
0.0212053
0.0213392
0.0215468
0.0214926
0.0212977
0.0211807
0.0209944
0.0207653
0.0208058
0.0210514
0.0211664
0.0211801
0.0214098
0.021829
0.0220961
0.0222177
0.0224781
0.0228631
0.0231679
0.0233818
0.023659
0.0240628
0.0244692
0.0247818
0.0251005
0.025499
0.0259125
0.0263051
0.0267027
0.027109
0.0275249
0.0279467
0.0283972
0.0288611
0.0293154
0.0297713
0.0302376
0.0307277
0.0312414
0.0317469
0.0322291
0.0327066
0.0332132
0.0337405
0.0342537
0.0347469
0.0352635
0.0358321
0.0364103
0.0369896
0.0375817
0.0381932
0.0388279
0.0394747
0.0401272
0.0407793
0.0414107
0.0420039
0.042616
0.0432935
0.0440569
0.0448452
0.0456056
0.0463684
0.0471345
0.0479087
0.0486925
0.0494982
0.0502839
0.0511109
0.0519643
0.0528311
0.0537016
0.0546118
0.0555428
0.0564938
0.0574616
0.0584319
0.0594504
0.0604822
0.0615452
0.0626057
0.0636915
0.0647819
0.0659187
0.0670808
0.0682572
0.0694613
0.070663
0.0718882
0.0731395
0.0744034
0.0757102
0.0769977
0.0783333
0.0796596
0.0809587
0.082195
0.0832022
0.0211746
0.0211797
0.0212916
0.0214548
0.0214476
0.0213173
0.0212465
0.0211097
0.0208796
0.0208931
0.0211621
0.0212919
0.0212468
0.0214247
0.0218742
0.0221811
0.0222699
0.0224954
0.0229099
0.0232403
0.023431
0.0236873
0.0240972
0.0245092
0.0248158
0.0251277
0.0255229
0.0259361
0.0263294
0.0267255
0.0271285
0.0275422
0.0279626
0.0284126
0.0288765
0.0293282
0.029781
0.0302459
0.0307343
0.0312473
0.0317528
0.0322327
0.032708
0.0332153
0.0337456
0.0342624
0.0347552
0.0352688
0.0358388
0.0364199
0.0369968
0.0375855
0.038198
0.0388324
0.0394752
0.0401249
0.0407765
0.041409
0.0420085
0.0426292
0.0433079
0.0440639
0.0448464
0.0456061
0.0463687
0.0471343
0.0479092
0.0486934
0.0494997
0.0502867
0.0511145
0.0519675
0.0528342
0.0537057
0.0546159
0.0555462
0.0564969
0.0574645
0.0584351
0.0594539
0.0604845
0.0615467
0.062607
0.0636933
0.0647842
0.0659213
0.0670824
0.0682574
0.0694615
0.0706638
0.0718892
0.0731403
0.0744046
0.0757113
0.0769985
0.0783357
0.0796635
0.0809647
0.0822041
0.0832102
0.0210628
0.0211382
0.0212536
0.0213685
0.0213769
0.0213053
0.0212933
0.0212285
0.021007
0.0209714
0.021258
0.0214272
0.0213328
0.0214392
0.0219066
0.0222686
0.0223377
0.0225107
0.0229433
0.0233165
0.023491
0.0237143
0.0241293
0.0245534
0.0248527
0.0251551
0.0255476
0.0259599
0.0263541
0.0267498
0.0271493
0.02756
0.0279787
0.0284284
0.0288927
0.029342
0.0297916
0.030255
0.0307416
0.0312537
0.0317592
0.0322368
0.0327094
0.0332174
0.0337511
0.0342715
0.0347639
0.0352743
0.0358456
0.0364298
0.0370041
0.0375893
0.0382026
0.038837
0.0394757
0.0401229
0.0407743
0.041408
0.0420132
0.0426418
0.0433217
0.0440709
0.0448477
0.0456069
0.0463691
0.0471342
0.0479097
0.0486944
0.0495013
0.0502896
0.0511182
0.0519708
0.0528375
0.0537099
0.0546201
0.0555497
0.0565002
0.0574674
0.0584385
0.0594575
0.0604869
0.0615482
0.0626085
0.0636951
0.0647866
0.0659239
0.0670841
0.0682578
0.0694618
0.0706645
0.0718902
0.0731411
0.0744058
0.0757127
0.0769995
0.0783383
0.0796676
0.0809708
0.0822135
0.0832185
0.020976
0.0210777
0.0212082
0.0212966
0.0213007
0.0212705
0.0213136
0.0213359
0.0211542
0.0210544
0.0213246
0.0215569
0.0214438
0.0214629
0.0219229
0.02235
0.022423
0.0225325
0.0229604
0.0233887
0.0235645
0.0237443
0.0241554
0.0246001
0.024895
0.025183
0.0255725
0.0259851
0.0263793
0.0267749
0.0271716
0.0275787
0.0279955
0.0284448
0.0289093
0.0293559
0.0298023
0.0302646
0.0307494
0.0312605
0.0317663
0.0322419
0.0327118
0.03322
0.0337568
0.0342806
0.0347728
0.0352798
0.0358524
0.0364399
0.0370118
0.0375933
0.0382075
0.0388419
0.0394765
0.0401211
0.0407725
0.0414074
0.042018
0.0426538
0.0433351
0.0440779
0.0448495
0.045608
0.0463698
0.0471342
0.0479103
0.0486956
0.0495031
0.0502924
0.0511218
0.0519742
0.0528408
0.0537142
0.0546244
0.0555532
0.0565035
0.0574704
0.058442
0.0594612
0.0604894
0.0615499
0.0626101
0.063697
0.0647889
0.0659266
0.0670857
0.0682582
0.0694621
0.0706653
0.0718913
0.073142
0.0744071
0.0757141
0.0770006
0.078341
0.0796721
0.0809771
0.0822231
0.0832272
0.0208615
0.0209515
0.0211425
0.0212662
0.0212681
0.0212432
0.0213109
0.0214171
0.0213191
0.0211614
0.0213655
0.0216615
0.0215781
0.0215087
0.0219264
0.0224157
0.0225216
0.0225704
0.0229655
0.0234473
0.0236497
0.0237835
0.0241736
0.0246448
0.0249448
0.0252127
0.0255954
0.0260114
0.0264056
0.0268005
0.0271954
0.0275986
0.0280124
0.0284617
0.0289271
0.0293709
0.0298135
0.0302746
0.0307576
0.0312674
0.0317735
0.0322472
0.0327142
0.0332229
0.0337627
0.03429
0.0347819
0.0352853
0.0358589
0.03645
0.0370197
0.0375973
0.0382123
0.0388469
0.0394776
0.0401197
0.0407713
0.0414074
0.0420229
0.0426652
0.0433478
0.044085
0.0448514
0.0456094
0.0463706
0.0471343
0.047911
0.048697
0.0495051
0.0502953
0.0511256
0.0519778
0.0528443
0.0537186
0.0546288
0.0555569
0.056507
0.0574736
0.0584457
0.059465
0.0604919
0.0615518
0.0626118
0.0636989
0.0647914
0.0659293
0.0670874
0.0682586
0.0694626
0.0706661
0.0718924
0.073143
0.0744084
0.0757158
0.0770018
0.078344
0.0796769
0.0809835
0.0822329
0.0832364
0.0207016
0.0207631
0.0210581
0.0212898
0.0213094
0.0212571
0.0212994
0.0214643
0.0214851
0.0213097
0.021401
0.0217278
0.0217228
0.0215914
0.0219295
0.0224596
0.0226241
0.0226325
0.0229687
0.0234857
0.0237393
0.0238396
0.0241883
0.0246822
0.0250022
0.0252488
0.0256158
0.0260372
0.0264343
0.0268264
0.0272196
0.02762
0.0280302
0.0284787
0.0289452
0.0293863
0.029825
0.0302854
0.0307667
0.0312749
0.0317816
0.0322537
0.0327176
0.0332261
0.0337687
0.0342994
0.0347914
0.0352911
0.0358655
0.0364604
0.037028
0.0376015
0.0382171
0.0388521
0.0394788
0.0401185
0.0407706
0.041408
0.0420279
0.042676
0.0433601
0.044092
0.0448536
0.0456109
0.0463717
0.0471345
0.0479118
0.0486986
0.0495072
0.0502983
0.0511294
0.0519815
0.0528479
0.0537231
0.0546333
0.0555608
0.0565107
0.0574768
0.0584494
0.0594688
0.0604945
0.0615538
0.0626136
0.0637009
0.0647939
0.0659321
0.0670891
0.0682592
0.0694631
0.070667
0.0718935
0.0731441
0.0744097
0.0757175
0.0770031
0.078347
0.079682
0.0809901
0.082243
0.083246
0.0204893
0.0205226
0.0209443
0.0213478
0.0214194
0.0213196
0.0212948
0.0214709
0.0216243
0.0214896
0.0214515
0.0217501
0.0218535
0.0217098
0.0219482
0.0224829
0.0227183
0.0227159
0.0229826
0.0235044
0.0238221
0.023914
0.0242076
0.0247081
0.0250622
0.0252956
0.0256356
0.0260596
0.0264657
0.0268548
0.0272439
0.0276425
0.0280492
0.0284964
0.0289644
0.0294031
0.0298372
0.0302966
0.0307764
0.0312828
0.0317899
0.0322605
0.0327214
0.0332299
0.0337753
0.0343093
0.0348012
0.0352969
0.0358718
0.0364709
0.0370366
0.0376058
0.0382221
0.0388577
0.0394806
0.0401179
0.0407704
0.041409
0.0420328
0.0426864
0.0433718
0.0440991
0.0448561
0.0456129
0.0463731
0.047135
0.0479126
0.0487003
0.0495095
0.0503012
0.0511333
0.0519854
0.0528517
0.0537277
0.054638
0.0555647
0.0565145
0.0574802
0.0584533
0.0594728
0.0604972
0.0615559
0.0626156
0.063703
0.0647964
0.065935
0.0670909
0.0682598
0.0694638
0.0706679
0.0718946
0.0731453
0.0744111
0.0757195
0.0770047
0.0783503
0.0796875
0.0809969
0.0822532
0.083256
0.0204691
0.020367
0.0207984
0.0213769
0.0215629
0.021431
0.0213126
0.0214463
0.0217084
0.0216778
0.0215368
0.0217458
0.0219416
0.0218462
0.0219959
0.0224963
0.0227919
0.0228085
0.0230159
0.0235127
0.0238855
0.0239994
0.0242395
0.0247229
0.0251159
0.0253539
0.02566
0.0260757
0.0264969
0.0268873
0.0272681
0.0276643
0.0280699
0.0285148
0.0289833
0.0294201
0.0298499
0.0303084
0.0307866
0.0312911
0.0317988
0.0322682
0.0327259
0.0332337
0.0337815
0.0343192
0.0348114
0.035303
0.035878
0.0364814
0.0370455
0.0376101
0.0382269
0.0388632
0.0394823
0.0401174
0.0407706
0.0414107
0.0420382
0.0426962
0.043383
0.0441061
0.0448587
0.0456149
0.0463747
0.0471355
0.0479136
0.0487022
0.0495119
0.0503042
0.0511373
0.0519893
0.0528555
0.0537325
0.0546427
0.0555688
0.0565184
0.0574837
0.0584573
0.0594769
0.0604999
0.0615582
0.0626177
0.0637051
0.0647991
0.0659379
0.0670927
0.0682605
0.0694645
0.0706688
0.0718958
0.0731466
0.0744126
0.0757216
0.0770064
0.0783537
0.0796933
0.0810038
0.0822636
0.0832664
0.020336
0.0201996
0.020636
0.0213653
0.02172
0.0215961
0.0213821
0.0214181
0.0217327
0.0218521
0.0216812
0.0217522
0.0219835
0.0219781
0.0220796
0.02252
0.0228475
0.0228972
0.0230705
0.0235268
0.0239286
0.0240841
0.024292
0.0247361
0.0251571
0.02542
0.0256963
0.0260875
0.0265238
0.0269255
0.0272956
0.0276844
0.028091
0.0285351
0.0290031
0.0294377
0.0298633
0.0303208
0.0307974
0.0313
0.0318084
0.0322766
0.0327309
0.0332382
0.0337885
0.0343296
0.0348221
0.0353092
0.035884
0.036492
0.0370548
0.0376147
0.0382319
0.0388693
0.0394848
0.0401177
0.0407714
0.0414128
0.0420434
0.0427054
0.0433938
0.0441133
0.0448616
0.0456173
0.0463767
0.0471364
0.0479146
0.0487045
0.0495145
0.0503073
0.0511414
0.0519935
0.0528595
0.0537374
0.0546476
0.055573
0.0565224
0.0574873
0.0584614
0.059481
0.0605027
0.0615607
0.0626199
0.0637073
0.0648018
0.0659408
0.0670945
0.0682613
0.0694654
0.0706698
0.071897
0.0731481
0.0744141
0.0757238
0.0770084
0.0783573
0.0796995
0.081011
0.0822742
0.0832773
0.0202966
0.0201145
0.0204943
0.0212911
0.0218394
0.0217962
0.0215089
0.0214112
0.0217022
0.0219821
0.021868
0.0218008
0.0219921
0.0220765
0.022183
0.0225681
0.0228973
0.0229714
0.0231341
0.023559
0.0239617
0.0241552
0.0243596
0.0247586
0.0251837
0.0254849
0.025748
0.0261006
0.0265418
0.0269659
0.0273291
0.0277034
0.0281108
0.0285577
0.0290243
0.0294554
0.0298769
0.0303343
0.0308094
0.031309
0.0318186
0.0322864
0.0327369
0.0332428
0.0337952
0.03434
0.0348333
0.0353159
0.0358899
0.0365028
0.0370649
0.0376196
0.0382369
0.0388755
0.0394874
0.040118
0.0407725
0.0414155
0.042049
0.0427144
0.0434041
0.0441204
0.0448647
0.0456199
0.046379
0.047137
0.0479157
0.0487068
0.0495173
0.0503103
0.0511456
0.0519978
0.0528636
0.0537424
0.0546526
0.0555774
0.0565266
0.057491
0.0584657
0.0594853
0.0605055
0.0615633
0.0626223
0.0637095
0.0648046
0.0659439
0.0670964
0.0682622
0.0694664
0.0706709
0.0718982
0.0731497
0.0744157
0.0757262
0.0770106
0.078361
0.0797061
0.0810185
0.0822849
0.0832885
0.0203359
0.0200914
0.0203772
0.0211626
0.0218723
0.0219827
0.021682
0.0214466
0.0216408
0.0220384
0.0220638
0.0219084
0.0219928
0.0221277
0.0222801
0.0226404
0.022957
0.0230328
0.0231893
0.0236061
0.0239988
0.0242071
0.0244286
0.024798
0.025203
0.025538
0.0258116
0.0261229
0.026551
0.0270027
0.0273708
0.027725
0.0281267
0.0285804
0.0290487
0.0294742
0.02989
0.030348
0.0308226
0.0313186
0.0318289
0.0322967
0.0327433
0.0332478
0.0338023
0.034351
0.0348452
0.0353227
0.0358953
0.0365131
0.037075
0.0376244
0.0382415
0.038882
0.0394906
0.0401191
0.0407742
0.0414175
0.0420546
0.0427229
0.0434139
0.0441275
0.044868
0.0456227
0.0463817
0.0471382
0.0479169
0.0487096
0.0495203
0.0503134
0.0511499
0.0520022
0.0528679
0.0537474
0.0546577
0.055582
0.0565309
0.0574948
0.0584701
0.0594896
0.0605085
0.0615662
0.0626249
0.0637119
0.0648074
0.0659469
0.0670983
0.0682632
0.0694675
0.070672
0.0718994
0.0731514
0.0744174
0.0757288
0.0770132
0.0783649
0.079713
0.0810262
0.0822957
0.0833001
0.0204165
0.0201236
0.0202889
0.0210096
0.0218281
0.0221256
0.0218807
0.0215441
0.0215877
0.0220224
0.022233
0.0220748
0.0220244
0.0221476
0.0223488
0.0227207
0.0230401
0.0230983
0.0232275
0.0236539
0.024055
0.0242522
0.0244857
0.0248526
0.0252277
0.0255765
0.0258792
0.0261616
0.0265575
0.0270305
0.0274177
0.0277535
0.02814
0.0286006
0.0290763
0.0294952
0.029902
0.0303614
0.0308375
0.0313292
0.031839
0.0323083
0.0327516
0.0332532
0.033809
0.0343618
0.0348577
0.03533
0.0359004
0.0365237
0.0370861
0.03763
0.0382467
0.0388889
0.0394944
0.0401204
0.0407764
0.0414211
0.0420603
0.0427311
0.0434235
0.0441348
0.0448715
0.0456258
0.0463848
0.0471396
0.0479182
0.0487125
0.0495236
0.0503166
0.0511543
0.0520068
0.0528723
0.0537527
0.054663
0.0555867
0.0565354
0.0574988
0.0584747
0.059494
0.0605115
0.0615692
0.0626275
0.0637142
0.0648104
0.0659501
0.0671002
0.0682643
0.0694688
0.0706733
0.0719007
0.0731534
0.0744193
0.0757314
0.0770161
0.078369
0.0797202
0.0810342
0.0823065
0.083312
0.0204923
0.0202135
0.0202475
0.0208642
0.0217291
0.0222069
0.0220776
0.0216973
0.0215822
0.0219605
0.0223372
0.0222712
0.0221111
0.02216
0.0223811
0.0227856
0.0231407
0.0231867
0.0232557
0.0236843
0.0241267
0.024308
0.024526
0.0249096
0.0252667
0.0256049
0.0259398
0.0262149
0.0265682
0.027047
0.0274643
0.0277912
0.0281532
0.0286156
0.0291057
0.0295214
0.0299145
0.0303733
0.0308535
0.0313421
0.0318499
0.0323198
0.0327605
0.033259
0.0338156
0.0343731
0.0348715
0.0353383
0.0359055
0.0365343
0.0370977
0.0376355
0.0382512
0.0388957
0.0394986
0.0401222
0.040779
0.0414253
0.0420663
0.042739
0.0434325
0.0441419
0.0448751
0.045629
0.0463883
0.0471411
0.0479195
0.0487156
0.0495271
0.0503198
0.0511588
0.0520115
0.0528769
0.0537579
0.0546682
0.0555916
0.05654
0.0575029
0.0584795
0.0594985
0.0605146
0.0615724
0.0626304
0.0637168
0.0648135
0.0659533
0.0671022
0.0682657
0.0694701
0.0706746
0.071902
0.0731554
0.0744213
0.0757341
0.0770193
0.0783732
0.0797277
0.0810426
0.0823175
0.0833243
0.0205153
0.020343
0.0202738
0.0207471
0.0215961
0.0222233
0.0222481
0.0218835
0.0216426
0.0218923
0.0223601
0.0224571
0.022256
0.0221954
0.0223911
0.0228155
0.0232378
0.0233093
0.0232946
0.0236859
0.024195
0.0243878
0.02456
0.0249535
0.0253192
0.0256344
0.025988
0.0262763
0.0265905
0.0270569
0.0275057
0.0278371
0.0281719
0.0286267
0.0291337
0.0295519
0.0299285
0.0303829
0.030869
0.0313562
0.0318611
0.0323315
0.0327708
0.0332665
0.0338223
0.0343841
0.0348859
0.035347
0.0359095
0.0365439
0.0371095
0.0376414
0.0382562
0.0389032
0.0395035
0.0401245
0.040782
0.0414298
0.0420724
0.0427465
0.0434416
0.0441493
0.044879
0.0456325
0.0463925
0.047143
0.047921
0.0487191
0.0495308
0.0503231
0.0511634
0.0520164
0.0528817
0.0537634
0.0546737
0.0555967
0.0565447
0.0575071
0.0584845
0.0595032
0.0605178
0.0615758
0.0626334
0.0637193
0.0648166
0.0659565
0.0671042
0.0682671
0.0694716
0.070676
0.0719034
0.0731577
0.0744235
0.0757369
0.077023
0.0783777
0.0797354
0.0810514
0.0823285
0.0833368
0.0204621
0.0204672
0.0203696
0.0206805
0.0214515
0.0221797
0.0223766
0.0220799
0.0217615
0.021858
0.0223201
0.0225896
0.0224379
0.0222753
0.0224
0.0228114
0.0233059
0.0234556
0.0233676
0.0236672
0.0242371
0.0244882
0.0246073
0.0249808
0.0253743
0.0256747
0.0260268
0.0263375
0.0266259
0.0270655
0.0275393
0.0278871
0.0281963
0.0286329
0.0291568
0.0295866
0.029947
0.0303911
0.0308833
0.0313728
0.0318754
0.0323443
0.0327812
0.0332741
0.0338287
0.0343942
0.0349007
0.035357
0.0359138
0.0365539
0.0371228
0.0376481
0.0382608
0.0389107
0.0395088
0.0401272
0.0407855
0.041435
0.0420788
0.0427539
0.0434502
0.0441565
0.0448828
0.045636
0.0463937
0.047145
0.0479225
0.0487228
0.0495348
0.0503264
0.051168
0.0520213
0.0528867
0.053769
0.0546791
0.055602
0.0565496
0.0575114
0.0584896
0.0595078
0.060521
0.0615793
0.0626364
0.063722
0.0648198
0.0659598
0.0671062
0.0682688
0.0694733
0.0706775
0.0719049
0.0731601
0.0744259
0.0757398
0.077027
0.0783824
0.0797433
0.0810605
0.0823396
0.0833495
0.0203541
0.020538
0.0205061
0.0206837
0.021323
0.0220869
0.0224511
0.0222672
0.021918
0.0218793
0.0222551
0.0226464
0.0226225
0.0224048
0.0224324
0.0227914
0.0233259
0.0235985
0.023491
0.0236534
0.0242392
0.0245907
0.0246823
0.0250008
0.025419
0.0257261
0.0260637
0.0263923
0.0266703
0.0270765
0.0275638
0.0279375
0.0282292
0.0286403
0.0291768
0.0296242
0.0299708
0.0303999
0.0308959
0.031389
0.0318901
0.0323572
0.0327917
0.0332825
0.0338361
0.0344049
0.0349168
0.0353688
0.0359178
0.0365625
0.037136
0.037655
0.0382653
0.0389185
0.0395152
0.0401304
0.0407891
0.0414404
0.0420852
0.042761
0.0434589
0.044164
0.0448869
0.0456399
0.0463987
0.0471475
0.0479243
0.0487267
0.0495391
0.05033
0.0511729
0.0520264
0.0528918
0.0537746
0.0546847
0.0556075
0.0565546
0.0575158
0.0584949
0.0595126
0.0605244
0.0615831
0.0626397
0.0637249
0.0648232
0.0659631
0.0671082
0.0682706
0.069475
0.070679
0.0719065
0.0731626
0.0744285
0.0757427
0.0770314
0.0783875
0.0797513
0.08107
0.0823509
0.0833624
0.0202321
0.0205425
0.0206339
0.0207518
0.021239
0.0219658
0.0224637
0.0224297
0.0220946
0.0219541
0.0222061
0.0226367
0.022771
0.0225685
0.0225026
0.0227796
0.0233037
0.0237068
0.023656
0.0236739
0.0242059
0.024669
0.0247829
0.0250309
0.0254486
0.0257788
0.026105
0.0264414
0.0267202
0.0270939
0.0275838
0.0279895
0.0282707
0.0286471
0.0291896
0.0296621
0.0299994
0.0304083
0.0309053
0.031405
0.0319074
0.0323735
0.0328041
0.0332914
0.0338437
0.034415
0.0349322
0.0353808
0.0359217
0.0365708
0.0371504
0.037663
0.0382697
0.0389262
0.039522
0.0401341
0.040793
0.0414465
0.0420922
0.0427681
0.0434674
0.0441715
0.044891
0.045644
0.046404
0.0471503
0.0479261
0.0487308
0.0495435
0.0503336
0.0511777
0.0520317
0.0528973
0.0537805
0.0546902
0.055613
0.0565598
0.0575204
0.0585004
0.0595175
0.060528
0.0615871
0.062643
0.0637278
0.0648266
0.0659664
0.0671103
0.0682727
0.0694769
0.0706806
0.0719083
0.0731652
0.0744314
0.0757457
0.0770361
0.0783929
0.0797595
0.0810798
0.0823623
0.0833755
0.0201161
0.0205117
0.020719
0.0208551
0.0212184
0.0218517
0.0224197
0.022548
0.022274
0.0220678
0.0221997
0.022591
0.0228588
0.0227416
0.0226114
0.0227972
0.0232628
0.0237559
0.023831
0.0237513
0.0241626
0.0247062
0.024892
0.0250841
0.025471
0.0258248
0.0261522
0.0264902
0.0267741
0.0271187
0.0275968
0.0280356
0.0283189
0.0286556
0.0291959
0.0297002
0.0300347
0.0304196
0.0309148
0.0314215
0.0319252
0.0323905
0.0328168
0.0332996
0.0338504
0.034425
0.0349491
0.0353952
0.0359265
0.0365785
0.0371648
0.0376713
0.0382739
0.0389342
0.0395299
0.0401387
0.0407973
0.0414528
0.0420991
0.0427749
0.0434755
0.0441791
0.0448959
0.0456482
0.0464095
0.0471534
0.0479281
0.0487353
0.0495483
0.0503374
0.0511828
0.052037
0.0529028
0.0537863
0.054696
0.055619
0.0565651
0.0575251
0.0585059
0.0595223
0.0605315
0.0615912
0.0626464
0.063731
0.0648303
0.0659699
0.0671124
0.068275
0.0694791
0.0706823
0.0719102
0.073168
0.0744346
0.0757488
0.0770411
0.0783987
0.0797676
0.08109
0.082374
0.0833887
0.0199976
0.020477
0.0207664
0.0209575
0.0212508
0.021773
0.0223391
0.0226072
0.0224404
0.0222072
0.0222422
0.0225445
0.0228847
0.0228944
0.0227464
0.02285
0.0232313
0.0237497
0.0239805
0.0238857
0.0241397
0.0247
0.0249866
0.0251621
0.0255021
0.0258622
0.0261989
0.0265381
0.0268266
0.0271476
0.0276045
0.0280767
0.0283793
0.0286719
0.0291934
0.0297356
0.0300791
0.030434
0.0309195
0.0314354
0.0319433
0.032409
0.0328317
0.0333096
0.0338579
0.0344356
0.0349668
0.03541
0.0359298
0.0365848
0.0371802
0.0376811
0.0382783
0.0389422
0.0395383
0.0401435
0.0408016
0.0414595
0.0421062
0.0427818
0.0434839
0.0441868
0.0449003
0.0456526
0.0464156
0.0471569
0.0479302
0.04874
0.0495533
0.0503414
0.0511878
0.0520424
0.0529087
0.0537923
0.0547016
0.0556249
0.0565705
0.05753
0.0585119
0.0595273
0.0605354
0.0615956
0.0626498
0.0637343
0.064834
0.0659734
0.0671146
0.0682775
0.0694813
0.0706839
0.0719124
0.0731708
0.0744379
0.0757521
0.0770464
0.078405
0.0797759
0.0811004
0.0823858
0.083402
0.0198594
0.0204359
0.0207968
0.0210396
0.0213098
0.021742
0.0222565
0.0226116
0.0225764
0.0223563
0.0223228
0.0225251
0.0228661
0.0230048
0.0228927
0.0229334
0.0232314
0.0237141
0.0240743
0.0240484
0.0241636
0.0246718
0.0250513
0.0252508
0.0255476
0.0258939
0.0262384
0.0265851
0.0268824
0.0271879
0.0276134
0.028106
0.0284451
0.028701
0.0291831
0.0297605
0.0301298
0.0304548
0.0309212
0.0314479
0.0319644
0.0324295
0.0328484
0.0333207
0.0338642
0.0344437
0.0349843
0.0354271
0.0359341
0.0365907
0.0371967
0.0376918
0.0382818
0.0389497
0.0395476
0.040149
0.0408064
0.0414668
0.0421136
0.0427886
0.0434921
0.0441945
0.044905
0.0456571
0.0464219
0.0471608
0.0479326
0.0487449
0.0495585
0.0503456
0.0511929
0.052048
0.052915
0.0537983
0.0547073
0.0556312
0.0565761
0.0575351
0.0585178
0.0595323
0.0605393
0.0616002
0.0626533
0.0637379
0.0648377
0.0659768
0.0671168
0.0682801
0.0694839
0.0706856
0.0719149
0.0731739
0.0744415
0.0757555
0.0770519
0.0784117
0.0797842
0.0811111
0.0823979
0.0834153
0.019714
0.0203715
0.0208207
0.0211102
0.0213766
0.0217472
0.0221967
0.0225782
0.0226663
0.0224977
0.0224257
0.0225475
0.0228331
0.0230654
0.0230318
0.0230352
0.0232649
0.0236785
0.0241103
0.0242064
0.0242425
0.0246466
0.0250789
0.0253305
0.0256065
0.0259319
0.0262759
0.026632
0.0269401
0.027235
0.0276235
0.0281203
0.0285097
0.0287479
0.0291701
0.0297689
0.0301854
0.0304911
0.030923
0.0314537
0.0319859
0.0324522
0.0328646
0.0333319
0.0338711
0.0344517
0.0350032
0.0354475
0.0359384
0.0365938
0.037213
0.0377044
0.0382856
0.0389572
0.039558
0.0401552
0.040811
0.0414744
0.0421211
0.0427953
0.0435003
0.0442025
0.0449099
0.0456615
0.0464287
0.0471653
0.0479351
0.0487497
0.049564
0.0503503
0.051198
0.0520534
0.0529215
0.0538045
0.0547132
0.0556378
0.0565817
0.0575401
0.0585238
0.0595373
0.0605433
0.0616051
0.0626569
0.0637417
0.0648418
0.0659804
0.0671193
0.0682829
0.0694866
0.0706872
0.0719177
0.073177
0.0744452
0.0757593
0.0770577
0.078419
0.0797926
0.0811219
0.0824103
0.0834287
0.0195961
0.020284
0.0208274
0.0211728
0.0214436
0.0217716
0.0221662
0.0225338
0.0227128
0.0226202
0.0225345
0.0226062
0.0228143
0.0230812
0.0231461
0.0231455
0.0233246
0.0236673
0.0241084
0.0243265
0.0243556
0.0246488
0.0250842
0.0253934
0.0256745
0.0259811
0.026312
0.0266696
0.0269914
0.0272887
0.0276443
0.0281247
0.0285637
0.0288132
0.0291683
0.0297601
0.0302344
0.0305416
0.0309293
0.0314499
0.0320044
0.0324803
0.0328836
0.0333441
0.0338798
0.0344586
0.0350204
0.0354693
0.0359437
0.0365952
0.0372296
0.0377194
0.0382896
0.0389635
0.0395688
0.0401621
0.0408157
0.0414822
0.0421292
0.0428022
0.0435082
0.0442104
0.0449151
0.045666
0.0464356
0.0471702
0.0479378
0.0487548
0.0495698
0.0503553
0.0512032
0.052059
0.0529284
0.0538105
0.0547187
0.0556443
0.0565875
0.0575456
0.0585303
0.0595426
0.0605474
0.0616101
0.0626604
0.0637456
0.0648458
0.0659837
0.0671219
0.0682858
0.0694897
0.0706889
0.0719208
0.0731804
0.074449
0.0757633
0.0770635
0.0784266
0.0798011
0.0811328
0.0824228
0.0834422
0.0195223
0.0201891
0.0208054
0.0212236
0.0215169
0.0218128
0.022161
0.0224961
0.0227248
0.0227154
0.0226354
0.0226818
0.0228281
0.0230755
0.0232255
0.0232537
0.0233976
0.0236826
0.0240916
0.0244013
0.0244817
0.0246917
0.0250867
0.0254334
0.0257358
0.026034
0.0263511
0.0267058
0.0270391
0.0273455
0.0276756
0.0281241
0.0286024
0.0288903
0.029186
0.0297376
0.0302645
0.0306029
0.0309517
0.0314405
0.0320143
0.0325138
0.0329076
0.033354
0.0338872
0.0344652
0.0350369
0.0354946
0.0359517
0.0365943
0.0372448
0.0377363
0.0382943
0.0389691
0.0395802
0.0401699
0.0408206
0.0414903
0.0421376
0.0428092
0.0435158
0.0442185
0.0449208
0.0456703
0.0464428
0.047176
0.0479408
0.0487595
0.0495756
0.0503609
0.0512084
0.0520644
0.0529355
0.0538167
0.0547245
0.0556515
0.0565933
0.057551
0.0585365
0.0595478
0.0605517
0.0616154
0.0626641
0.0637498
0.0648501
0.065987
0.0671248
0.0682886
0.0694928
0.0706907
0.0719241
0.0731841
0.0744528
0.0757678
0.0770696
0.0784345
0.0798098
0.0811438
0.0824357
0.0834558
0.0194863
0.0201117
0.0207663
0.0212552
0.0215896
0.0218659
0.0221715
0.0224699
0.0227149
0.0227838
0.0227273
0.0227599
0.0228727
0.0230728
0.0232686
0.0233461
0.0234755
0.0237218
0.0240831
0.0244401
0.024594
0.0247625
0.0250995
0.0254545
0.0257848
0.0260914
0.0263989
0.0267445
0.0270796
0.0273997
0.0277199
0.0281273
0.0286204
0.0289628
0.029227
0.0297175
0.0302724
0.0306637
0.0309957
0.0314348
0.032009
0.0325452
0.0329403
0.0333641
0.033893
0.0344728
0.0350527
0.0355209
0.0359618
0.0365915
0.0372584
0.0377555
0.0383006
0.038974
0.0395918
0.0401785
0.0408257
0.0414983
0.0421462
0.0428166
0.0435234
0.0442264
0.0449266
0.0456747
0.0464503
0.0471821
0.047944
0.0487643
0.0495819
0.0503668
0.0512135
0.05207
0.0529433
0.0538231
0.0547302
0.0556587
0.056599
0.0575567
0.058543
0.0595531
0.0605561
0.0616207
0.0626678
0.0637542
0.0648547
0.0659903
0.0671282
0.0682917
0.0694962
0.0706926
0.0719275
0.0731881
0.0744565
0.0757725
0.0770759
0.0784428
0.0798187
0.0811548
0.0824486
0.0834694
0.0194757
0.0200622
0.0207247
0.0212611
0.0216448
0.0219255
0.0221993
0.0224629
0.0226967
0.0228256
0.0228079
0.0228298
0.0229292
0.0230876
0.0232914
0.0234206
0.0235551
0.0237744
0.0240863
0.024454
0.0246796
0.0248456
0.0251337
0.0254743
0.025822
0.0261443
0.0264464
0.0267865
0.0271197
0.0274484
0.0277708
0.0281384
0.0286237
0.0290248
0.0292888
0.029712
0.0302609
0.0307071
0.0310547
0.031445
0.0319918
0.0325668
0.0329846
0.0333811
0.0338944
0.0344781
0.035068
0.0355486
0.0359752
0.0365875
0.0372696
0.0377763
0.0383079
0.0389781
0.0396035
0.0401878
0.0408312
0.0415065
0.0421553
0.0428242
0.0435306
0.0442346
0.044933
0.0456788
0.0464578
0.0471894
0.0479477
0.0487686
0.049588
0.0503735
0.051219
0.0520756
0.052951
0.053829
0.0547356
0.0556663
0.056605
0.0575626
0.0585496
0.0595587
0.0605607
0.0616262
0.0626717
0.0637585
0.0648592
0.0659932
0.0671317
0.0682949
0.0694996
0.0706949
0.0719311
0.0731926
0.0744603
0.0757776
0.0770825
0.078451
0.0798277
0.0811658
0.0824617
0.083483
0.0194768
0.0200348
0.0206913
0.0212541
0.0216806
0.0219861
0.0222414
0.0224752
0.0226781
0.0228391
0.0228727
0.0228915
0.0229849
0.0231216
0.023315
0.0234761
0.0236213
0.0238288
0.0241066
0.0244618
0.0247402
0.0249285
0.0251857
0.0255
0.0258474
0.0261887
0.0264937
0.02683
0.02716
0.0274879
0.0278232
0.0281657
0.0286227
0.0290687
0.0293576
0.0297282
0.0302443
0.0307265
0.0311155
0.0314796
0.0319742
0.0325681
0.0330308
0.0334105
0.0338932
0.0344787
0.0350845
0.0355792
0.0359916
0.0365828
0.0372782
0.0377985
0.0383171
0.0389818
0.0396152
0.0401974
0.0408368
0.0415146
0.0421645
0.0428321
0.0435378
0.044243
0.0449396
0.0456825
0.0464657
0.0471974
0.0479512
0.0487726
0.049595
0.0503809
0.0512239
0.052081
0.0529591
0.0538354
0.0547415
0.0556743
0.0566109
0.0575685
0.0585561
0.0595642
0.0605657
0.0616317
0.0626758
0.0637631
0.0648642
0.0659962
0.0671356
0.0682981
0.0695028
0.0706974
0.0719347
0.0731971
0.0744641
0.0757829
0.0770895
0.0784596
0.079837
0.0811769
0.0824749
0.0834968
0.0194854
0.0200232
0.0206716
0.0212506
0.0217006
0.0220333
0.0222843
0.0225007
0.0226732
0.0228351
0.0229183
0.0229474
0.0230363
0.0231628
0.0233396
0.0235148
0.0236736
0.0238847
0.0241434
0.0244727
0.0247798
0.0249997
0.0252456
0.0255374
0.0258712
0.0262236
0.0265347
0.0268692
0.0272049
0.0275284
0.0278725
0.0282036
0.028621
0.0290924
0.0294237
0.0297653
0.0302373
0.0307275
0.031163
0.0315335
0.0319719
0.0325517
0.0330669
0.0334558
0.0338973
0.0344691
0.0350974
0.035613
0.0360109
0.0365773
0.037284
0.037822
0.0383283
0.0389849
0.0396275
0.0402081
0.0408426
0.0415227
0.0421744
0.0428403
0.0435441
0.0442518
0.0449471
0.0456858
0.0464732
0.0472067
0.0479554
0.048776
0.0496018
0.0503887
0.0512287
0.052087
0.0529677
0.0538414
0.0547468
0.0556822
0.056617
0.0575746
0.0585628
0.0595697
0.0605707
0.0616368
0.06268
0.0637678
0.0648692
0.0659991
0.06714
0.0683019
0.0695061
0.0707006
0.0719385
0.073202
0.074468
0.0757882
0.0770967
0.0784679
0.0798464
0.0811881
0.0824879
0.0835103
0.0195028
0.020023
0.0206613
0.0212517
0.021714
0.0220655
0.0223228
0.022533
0.0226889
0.0228258
0.0229405
0.022994
0.0230791
0.0231997
0.023363
0.0235502
0.0237192
0.0239342
0.0241856
0.0244889
0.0248067
0.0250579
0.0253079
0.0255842
0.0258964
0.0262513
0.0265741
0.0269077
0.0272499
0.0275672
0.027912
0.028247
0.0286295
0.0291031
0.0294789
0.0298145
0.0302452
0.0307209
0.031188
0.0315906
0.0319948
0.0325319
0.0330827
0.0335097
0.0339179
0.0344526
0.0351016
0.0356518
0.0360361
0.0365702
0.037286
0.0378461
0.0383411
0.0389868
0.039639
0.0402197
0.0408485
0.0415301
0.0421847
0.042849
0.04355
0.0442613
0.0449552
0.0456883
0.0464804
0.0472175
0.0479599
0.0487783
0.0496092
0.050398
0.0512337
0.0520928
0.0529762
0.0538476
0.0547528
0.0556906
0.0566233
0.0575807
0.0585694
0.0595753
0.0605764
0.0616421
0.0626846
0.0637727
0.0648741
0.0660019
0.0671441
0.0683055
0.069509
0.0707041
0.0719426
0.0732071
0.0744722
0.0757939
0.0771044
0.0784766
0.0798559
0.0811993
0.082501
0.083524
0.0195305
0.0200304
0.0206534
0.0212524
0.0217297
0.0220904
0.0223562
0.0225614
0.0227141
0.0228252
0.0229446
0.0230265
0.0231125
0.023234
0.0233854
0.0235804
0.0237605
0.0239721
0.0242248
0.0245114
0.02483
0.0251016
0.0253612
0.0256363
0.0259313
0.0262807
0.0266102
0.0269386
0.0272876
0.0276081
0.0279503
0.0282923
0.0286486
0.0291061
0.0295171
0.029867
0.030269
0.0307192
0.0311975
0.0316354
0.0320345
0.032524
0.0330764
0.0335548
0.0339596
0.0344394
0.0350898
0.0356913
0.036073
0.0365629
0.0372828
0.0378724
0.0383569
0.0389875
0.0396503
0.0402334
0.040855
0.0415361
0.0421952
0.0428588
0.0435529
0.0442707
0.0449644
0.0456907
0.0464866
0.0472292
0.0479651
0.0487799
0.0496165
0.0504075
0.0512377
0.0520983
0.0529851
0.053854
0.0547585
0.0556983
0.0566297
0.0575872
0.058576
0.0595809
0.0605822
0.0616469
0.0626893
0.063778
0.0648792
0.066005
0.0671488
0.0683097
0.0695118
0.0707079
0.0719465
0.0732118
0.0744764
0.0757994
0.0771122
0.078485
0.0798654
0.0812105
0.0825138
0.0835373
0.0195675
0.0200479
0.0206523
0.0212496
0.0217431
0.0221106
0.0223806
0.0225804
0.0227362
0.0228379
0.0229409
0.0230434
0.023137
0.0232633
0.0234084
0.0236013
0.0237965
0.0240024
0.0242595
0.0245381
0.0248488
0.0251353
0.0254062
0.0256919
0.0259715
0.0263047
0.0266402
0.0269664
0.0273235
0.0276509
0.0279869
0.0283346
0.0286763
0.0291111
0.0295416
0.0299142
0.030304
0.0307272
0.0312005
0.031664
0.0320769
0.0325382
0.0330654
0.0335771
0.0340133
0.0344425
0.0350599
0.0357195
0.0361232
0.0365587
0.0372707
0.0378988
0.0383765
0.0389869
0.0396603
0.0402488
0.0408629
0.0415415
0.0422062
0.0428708
0.0435677
0.0442816
0.0449746
0.0456927
0.0464922
0.0472424
0.0479713
0.0487806
0.049624
0.0504182
0.0512432
0.0521046
0.0529939
0.0538603
0.0547648
0.0557063
0.0566367
0.0575939
0.0585826
0.0595868
0.0605886
0.0616519
0.0626943
0.0637836
0.0648838
0.0660083
0.0671536
0.0683142
0.0695146
0.0707125
0.0719515
0.0732171
0.0744814
0.0758055
0.0771204
0.0784937
0.0798748
0.0812219
0.0825266
0.0835506
0.0196096
0.0200792
0.0206618
0.0212447
0.0217481
0.0221257
0.0223977
0.0225933
0.0227459
0.0228516
0.0229378
0.0230454
0.0231514
0.0232826
0.0234292
0.0236116
0.0238246
0.024033
0.024286
0.0245643
0.0248674
0.0251677
0.0254421
0.025736
0.0260131
0.0263296
0.0266719
0.0269931
0.0273509
0.0276883
0.0280196
0.0283744
0.0287095
0.0291221
0.0295593
0.0299518
0.0303446
0.0307477
0.0312043
0.0316814
0.0321103
0.032565
0.0330661
0.0335783
0.0340621
0.0344742
0.0350257
0.0357256
0.0361858
0.0365663
0.037248
0.0379214
0.0384006
0.0389848
0.0396671
0.0402651
0.0408716
0.0415447
0.042215
0.0428817
0.0435704
0.044291
0.0449856
0.0456946
0.0464963
0.0472559
0.0479782
0.0487805
0.0496312
0.0504291
0.051247
0.0521094
0.053002
0.0538667
0.0547713
0.0557131
0.0566432
0.0576004
0.0585883
0.0595922
0.0605946
0.0616561
0.0626991
0.0637893
0.0648879
0.0660114
0.0671582
0.0683181
0.0695168
0.0707164
0.0719557
0.0732212
0.0744859
0.075811
0.0771282
0.0785021
0.079884
0.0812328
0.082539
0.0835635
0.0196496
0.0201183
0.0206826
0.0212449
0.0217446
0.0221327
0.022407
0.0225985
0.0227421
0.022854
0.0229358
0.0230369
0.0231534
0.0232867
0.0234431
0.0236209
0.0238418
0.0240608
0.0243069
0.024591
0.0248856
0.025191
0.0254698
0.0257703
0.0260597
0.0263574
0.0266991
0.0270168
0.0273695
0.0277225
0.0280504
0.02841
0.0287446
0.029136
0.0295736
0.0299781
0.0303828
0.0307794
0.0312123
0.0316936
0.0321369
0.0325944
0.0330845
0.0335738
0.0340908
0.0345274
0.0350058
0.035704
0.0362512
0.0365986
0.0372197
0.0379374
0.0384336
0.0389861
0.0396723
0.0402838
0.0408838
0.0415493
0.0422237
0.0428934
0.0435757
0.0443002
0.0449973
0.045697
0.0464992
0.0472701
0.0479872
0.0487802
0.0496381
0.0504408
0.0512532
0.0521161
0.0530107
0.0538739
0.0547786
0.0557202
0.0566509
0.0576085
0.058595
0.059599
0.0606018
0.061661
0.0627049
0.063796
0.0648923
0.0660157
0.0671641
0.0683231
0.0695202
0.0707221
0.0719615
0.0732263
0.0744915
0.0758175
0.0771366
0.078511
0.0798932
0.0812442
0.0825515
0.083576
0.0196855
0.0201597
0.0207128
0.0212537
0.0217372
0.0221282
0.0224053
0.0225936
0.0227276
0.0228385
0.0229264
0.0230192
0.0231408
0.0232801
0.0234474
0.0236276
0.0238464
0.0240845
0.0243275
0.0246096
0.0248997
0.0252082
0.0254983
0.0257961
0.0260985
0.0263834
0.0267187
0.0270408
0.0273812
0.0277483
0.0280774
0.0284376
0.0287804
0.0291518
0.0295851
0.0299946
0.0304093
0.0308148
0.0312232
0.0316978
0.0321537
0.032613
0.0331094
0.033575
0.0340923
0.0345802
0.0350101
0.0356548
0.0362926
0.0366536
0.0371879
0.0379317
0.0384686
0.0389889
0.0396699
0.0403005
0.0408962
0.041552
0.0422299
0.0429031
0.0435803
0.0443091
0.0450095
0.0456992
0.0465
0.0472837
0.0479973
0.0487796
0.0496433
0.0504468
0.0512583
0.0521208
0.0530175
0.053881
0.0547855
0.0557255
0.0566577
0.0576155
0.0585994
0.0596042
0.0606075
0.0616647
0.0627098
0.063802
0.0648951
0.0660187
0.0671687
0.0683263
0.0695221
0.0707261
0.0719662
0.07323
0.0744963
0.0758233
0.0771442
0.0785192
0.079902
0.0812547
0.0825633
0.0835884
0.0197132
0.0201899
0.0207366
0.0212607
0.0217248
0.0221105
0.0223918
0.0225792
0.0227067
0.0228116
0.0229087
0.0230018
0.023126
0.0232743
0.0234489
0.023642
0.0238595
0.0241106
0.0243579
0.0246349
0.0249275
0.0252325
0.0255312
0.0258229
0.0261349
0.0264221
0.0267429
0.0270729
0.0273984
0.0277709
0.0281095
0.0284652
0.0288227
0.0291792
0.0296018
0.0300156
0.030432
0.030857
0.0312523
0.0317064
0.0321746
0.0326311
0.033136
0.0335983
0.0340859
0.0346214
0.0350532
0.0356122
0.0363063
0.0367355
0.0371833
0.0379097
0.0385061
0.0390061
0.0396651
0.040318
0.0409133
0.0415556
0.0422375
0.0429141
0.0435849
0.0443177
0.0450243
0.0457027
0.0464981
0.0472972
0.0480106
0.0487795
0.0496488
0.050459
0.051266
0.0521272
0.0530243
0.0538892
0.0547934
0.0557312
0.056666
0.0576247
0.0586052
0.0596115
0.060615
0.0616692
0.0627162
0.0638093
0.0648992
0.0660236
0.0671756
0.0683313
0.069526
0.070732
0.0719722
0.0732347
0.0745018
0.0758301
0.0771522
0.078528
0.079911
0.0812655
0.082575
0.0835998
0.0197354
0.0201843
0.0207097
0.0212074
0.0216395
0.022
0.0222751
0.0224607
0.0225881
0.0226909
0.0228013
0.0229135
0.0230498
0.0232162
0.023406
0.0236208
0.0238462
0.0241055
0.0243678
0.024642
0.0249352
0.025235
0.0255398
0.0258318
0.0261457
0.0264456
0.0267521
0.0270879
0.0274086
0.0277734
0.0281278
0.0284793
0.0288505
0.0292043
0.0296083
0.0300275
0.0304393
0.0308792
0.0312811
0.0317091
0.0321865
0.0326442
0.0331443
0.0336262
0.0340813
0.0346291
0.0351036
0.0355849
0.0362766
0.0368026
0.0372053
0.0378716
0.0385244
0.0390335
0.0396564
0.0403276
0.0409333
0.041557
0.0422425
0.0429254
0.043587
0.0443234
0.0450411
0.0457082
0.0464923
0.0473075
0.0480264
0.0487807
0.0496508
0.0504697
0.0512757
0.0521337
0.0530305
0.0538982
0.054801
0.0557355
0.0566737
0.0576329
0.0586089
0.0596172
0.0606213
0.0616728
0.0627219
0.0638153
0.0649013
0.0660267
0.0671804
0.068334
0.0695283
0.0707367
0.0719774
0.0732387
0.0745068
0.0758365
0.0771595
0.0785357
0.0799193
0.0812754
0.082586
0.0836116
0.0200154
0.020445
0.0209389
0.0213895
0.0217621
0.0220582
0.0222853
0.0224397
0.0225472
0.0226349
0.0227403
0.022865
0.0230105
0.0231882
0.0233893
0.0236193
0.0238579
0.0241193
0.0243904
0.0246635
0.0249526
0.0252489
0.0255538
0.02585
0.0261603
0.0264726
0.0267733
0.027105
0.0274321
0.0277826
0.0281471
0.0285012
0.0288767
0.0292408
0.0296245
0.0300454
0.0304565
0.0308962
0.0313163
0.0317249
0.032199
0.0326646
0.0331464
0.0336508
0.0340995
0.0346255
0.0351488
0.0355988
0.0362375
0.0368446
0.0372583
0.037844
0.0385221
0.0390685
0.0396558
0.0403295
0.0409561
0.0415625
0.0422444
0.0429392
0.0435912
0.0443248
0.0450613
0.0457202
0.0464848
0.0473137
0.0480455
0.0487828
0.0496489
0.0504772
0.0512857
0.0521377
0.0530337
0.0539073
0.0548075
0.0557386
0.0566825
0.0576419
0.0586127
0.0596238
0.0606282
0.0616765
0.0627284
0.0638221
0.0649048
0.0660319
0.0671875
0.0683382
0.0695318
0.0707423
0.0719826
0.0732426
0.0745115
0.0758429
0.0771667
0.0785434
0.0799278
0.0812851
0.0825965
0.0836216
0.0196549
0.0200425
0.0205256
0.0209861
0.0213816
0.0217018
0.0219654
0.0221723
0.0223398
0.0224843
0.0226339
0.0228017
0.022978
0.0231753
0.0233888
0.0236279
0.0238767
0.0241361
0.0244053
0.0246772
0.024961
0.0252532
0.0255566
0.0258569
0.0261652
0.0264841
0.0267904
0.0271154
0.0274512
0.0277942
0.0281576
0.0285215
0.0288935
0.0292705
0.0296425
0.0300562
0.0304733
0.0309029
0.0313423
0.0317478
0.0322097
0.0326864
0.0331496
0.0336638
0.034128
0.0346241
0.0351713
0.0356318
0.036209
0.0368516
0.0373215
0.0378419
0.0385045
0.0390994
0.0396676
0.0403247
0.040975
0.0415751
0.0422424
0.04295
0.043601
0.0443197
0.0450742
0.0457396
0.0464763
0.047312
0.0480667
0.0487941
0.0496459
0.0504849
0.0513021
0.0521469
0.0530389
0.0539203
0.0548167
0.055742
0.0566929
0.0576522
0.0586164
0.0596305
0.0606359
0.0616806
0.0627352
0.0638284
0.0649069
0.0660359
0.067193
0.0683414
0.0695352
0.0707482
0.0719887
0.0732475
0.0745172
0.0758498
0.0771741
0.0785506
0.0799357
0.081295
0.0826062
0.0836326
0.0210718
0.0210586
0.0210041
0.0209874
0.0210432
0.021171
0.0213698
0.021611
0.021865
0.0221178
0.0223658
0.0226218
0.0228695
0.0231152
0.0233562
0.0236066
0.0238651
0.0241288
0.0243995
0.0246718
0.0249534
0.0252425
0.025545
0.0258456
0.0261524
0.0264726
0.0267888
0.0271151
0.0274539
0.0277995
0.0281569
0.0285321
0.0289022
0.0292847
0.0296602
0.0300607
0.0304856
0.0309045
0.031352
0.0317705
0.0322138
0.0326978
0.03315
0.0336603
0.0341522
0.0346281
0.0351746
0.0356627
0.0361965
0.0368305
0.0373621
0.0378601
0.0384796
0.0391106
0.0396876
0.0403177
0.040984
0.0415949
0.0422392
0.042955
0.0436182
0.0443133
0.0450801
0.0457674
0.0464726
0.0473019
0.0480877
0.0488066
0.0496375
0.0504855
0.0513141
0.0521501
0.0530379
0.0539281
0.0548217
0.0557415
0.0567004
0.0576604
0.0586179
0.0596346
0.0606416
0.0616833
0.0627404
0.0638337
0.0649091
0.0660402
0.0671987
0.0683442
0.0695377
0.0707523
0.0719924
0.0732502
0.0745203
0.0758547
0.0771798
0.0785568
0.0799429
0.0813013
0.0826146
0.0836407
0.0197149
0.0200118
0.0203973
0.0207722
0.0210962
0.0213597
0.0215778
0.021775
0.0219609
0.0221527
0.0223537
0.0225834
0.0228301
0.0230866
0.0233407
0.0235961
0.023864
0.0241364
0.0244163
0.024692
0.0249745
0.0252619
0.0255602
0.0258585
0.0261566
0.0264732
0.0267951
0.0271302
0.0274671
0.0278162
0.0281723
0.0285484
0.0289219
0.0292975
0.0296839
0.0300753
0.0304996
0.0309198
0.0313581
0.0317994
0.032229
0.0327088
0.0331664
0.0336572
0.0341766
0.0346468
0.0351735
0.0356935
0.0362087
0.0368166
0.0373881
0.0378986
0.0384776
0.0391089
0.0397137
0.0403211
0.0409802
0.0416202
0.0422408
0.042949
0.0436422
0.0443084
0.0450718
0.0458001
0.046476
0.0472821
0.0481079
0.0488309
0.0496312
0.0504894
0.0513357
0.0521612
0.0530441
0.0539439
0.0548328
0.0557462
0.0567129
0.0576724
0.0586235
0.0596422
0.0606502
0.0616894
0.0627483
0.0638404
0.0649124
0.0660456
0.0672051
0.0683486
0.0695425
0.0707591
0.0719993
0.0732562
0.0745267
0.0758619
0.0771872
0.0785634
0.0799527
0.0813097
0.0826222
0.083651
0.0211526
0.0210286
0.020846
0.0207162
0.0206758
0.0207327
0.0208749
0.0211001
0.0213822
0.0217026
0.0220358
0.0223718
0.0227029
0.0230176
0.0233138
0.0235871
0.02386
0.0241312
0.0244106
0.0246868
0.0249654
0.0252517
0.0255435
0.0258429
0.0261355
0.0264496
0.026779
0.0271246
0.0274658
0.0278139
0.0281778
0.0285501
0.0289278
0.0292993
0.0296887
0.0300852
0.0304996
0.0309295
0.0313567
0.0318086
0.0322435
0.0327048
0.0331787
0.0336518
0.03418
0.034667
0.0351647
0.0357072
0.0362225
0.0368004
0.0373894
0.0379176
0.0384845
0.0390969
0.0397237
0.0403357
0.0409667
0.0416369
0.0422555
0.0429325
0.0436625
0.0443172
0.0450503
0.045826
0.0464945
0.0472557
0.0481144
0.0488573
0.0496219
0.050479
0.0513493
0.0521649
0.0530383
0.0539505
0.054837
0.055742
0.0567175
0.057679
0.0586229
0.0596441
0.0606538
0.0616902
0.0627517
0.0638439
0.0649127
0.0660479
0.0672088
0.0683498
0.0695434
0.0707614
0.0720013
0.0732576
0.0745282
0.0758647
0.0771907
0.0785659
0.0799478
0.0813133
0.0826277
0.0836512
0.0205691
0.0204147
0.0202235
0.0201081
0.020103
0.0202135
0.0204242
0.0207222
0.021084
0.0214838
0.0218909
0.0222803
0.0226495
0.0229911
0.0233067
0.023592
0.0238654
0.0241349
0.0244097
0.0246853
0.0249602
0.0252457
0.0255349
0.0258335
0.026127
0.0264383
0.0267717
0.0271206
0.0274662
0.027813
0.0281799
0.0285527
0.0289283
0.0293022
0.0296882
0.0300902
0.0305002
0.030932
0.0313609
0.0318089
0.0322554
0.0327069
0.0331854
0.033661
0.0341801
0.0346852
0.0351717
0.0357143
0.036245
0.0368048
0.0373954
0.0379339
0.0385004
0.0391024
0.0397273
0.0403537
0.0409683
0.04164
0.0422778
0.0429285
0.0436664
0.0443393
0.0450406
0.0458317
0.0465233
0.0472496
0.0481094
0.0488809
0.0496343
0.0504774
0.051364
0.0521846
0.0530466
0.0539632
0.0548539
0.0557504
0.0567273
0.0576932
0.0586322
0.0596519
0.0606636
0.061698
0.0627591
0.0638526
0.0649185
0.0660532
0.0672158
0.0683562
0.0695495
0.0707683
0.0720089
0.0732645
0.0745349
0.0758715
0.0771977
0.0785731
0.0799558
0.0813213
0.0826337
0.0836651
)
;

boundaryField
{
    zeroGradientPlanes
    {
        type            zeroGradient;
    }
    inlet
    {
        type            zeroGradient;
    }
    plate
    {
        type            zeroGradient;
    }
    frontAndBack
    {
        type            empty;
    }
}


// ************************************************************************* //
