/*--------------------------------*- C++ -*----------------------------------*\
| =========                 |                                                 |
| \\      /  F ield         | OpenFOAM: The Open Source CFD Toolbox           |
|  \\    /   O peration     | Version:  v1912                                 |
|   \\  /    A nd           | Website:  www.openfoam.com                      |
|    \\/     M anipulation  |                                                 |
\*---------------------------------------------------------------------------*/
FoamFile
{
    version     2.0;
    format      ascii;
    class       volScalarField;
    location    "3.85";
    object      p;
}
// * * * * * * * * * * * * * * * * * * * * * * * * * * * * * * * * * * * * * //

dimensions      [0 2 -2 0 0 0 0];


internalField   nonuniform List<scalar> 
9600
(
6.17347e-10
0.0061392
0.00581567
0.011097
0.0166322
0.0197804
0.00944475
0.0148132
0.0130275
0.0104761
0.01384
0.0147141
0.0134946
0.0143946
0.0148238
0.0144541
0.0145203
0.0151583
0.0146386
0.0202378
1.62605e-05
0.00606256
0.00582072
0.0111854
0.0165927
0.0197123
0.00951799
0.0147862
0.0130282
0.0105131
0.0138392
0.0147224
0.0135038
0.0143937
0.0148012
0.0144483
0.0145249
0.0151481
0.0150172
0.0198469
1.85141e-05
0.00597675
0.00584232
0.0112586
0.0165293
0.0196366
0.00957652
0.0147348
0.0130526
0.0105926
0.0138359
0.0147354
0.0135146
0.0143755
0.0147745
0.0144555
0.0145272
0.0151425
0.0151271
0.0194281
1.30027e-05
0.00590705
0.00588218
0.0113044
0.0164528
0.0195483
0.00961203
0.0146837
0.0131013
0.0106955
0.0138197
0.0147459
0.0135267
0.0143453
0.0147489
0.0144646
0.0145189
0.0151291
0.01526
0.0190514
3.37198e-06
0.0058616
0.00594271
0.0113217
0.0163617
0.0194462
0.00963855
0.0146365
0.0131656
0.0108061
0.0137789
0.0147531
0.0135431
0.0143043
0.0147175
0.0144667
0.0145078
0.0151136
0.0153771
0.0187001
-6.84664e-06
0.00585029
0.00602507
0.0113014
0.0162604
0.0193338
0.00967858
0.0145873
0.0132359
0.0109107
0.0137133
0.0147578
0.013563
0.0142529
0.0146805
0.0144648
0.0145004
0.0150973
0.0154737
0.0183695
-1.22618e-05
0.00587791
0.00612444
0.0112487
0.0161554
0.0192157
0.00973669
0.0145288
0.0133047
0.011006
0.0136329
0.0147598
0.0135855
0.0141981
0.0146437
0.0144626
0.0144987
0.0150812
0.0155491
0.0180589
-7.2835e-06
0.00594064
0.00623151
0.0111727
0.0160533
0.0190942
0.00981584
0.0144576
0.0133704
0.0110969
0.0135475
0.014759
0.0136121
0.0141461
0.0146093
0.0144604
0.014502
0.015066
0.0156041
0.0177681
1.21473e-05
0.00602957
0.00633626
0.0110855
0.0159589
0.0189692
0.00991466
0.0143755
0.0134354
0.0111871
0.0134613
0.0147549
0.0136433
0.0140986
0.014577
0.0144572
0.0145079
0.0150514
0.0156389
0.0174934
4.76141e-05
0.00613521
0.00643208
0.010998
0.0158739
0.0188396
0.0100275
0.0142872
0.0135016
0.0112756
0.013374
0.014747
0.0136787
0.0140551
0.0145462
0.0144515
0.0145126
0.0150362
0.0156537
0.0172303
9.81864e-05
0.00625035
0.00651738
0.0109166
0.0157963
0.0187043
0.0101478
0.0141973
0.0135685
0.0113603
0.0132847
0.014735
0.013717
0.0140148
0.0145161
0.0144421
0.0145128
0.0150187
0.0156492
0.0169753
0.000161383
0.0063705
0.00659414
0.0108429
0.015723
0.0185628
0.0102708
0.0141083
0.0136346
0.0114408
0.0131935
0.014719
0.0137575
0.0139769
0.0144858
0.0144288
0.0145067
0.0149974
0.0156273
0.016727
0.000234535
0.00649294
0.0066656
0.0107752
0.0156504
0.0184155
0.0103942
0.0140211
0.0136995
0.0115183
0.0131014
0.0146995
0.0137995
0.0139404
0.0144549
0.0144119
0.0144932
0.0149711
0.0155911
0.016485
0.00031564
0.00661584
0.00673459
0.0107106
0.0155758
0.0182627
0.0105172
0.0139359
0.0137631
0.0115943
0.0130101
0.014677
0.0138419
0.0139047
0.0144229
0.0143919
0.0144728
0.0149396
0.0155434
0.0162495
0.000403558
0.00673788
0.00680295
0.0106466
0.0154979
0.018105
0.0106398
0.0138523
0.0138253
0.0116699
0.0129205
0.0146518
0.0138836
0.0138694
0.0143893
0.0143691
0.0144469
0.0149025
0.0154851
0.0160205
0.000497804
0.00685802
0.00687172
0.010582
0.0154161
0.0179431
0.0107618
0.0137702
0.0138859
0.0117456
0.0128332
0.0146241
0.0139239
0.0138343
0.0143538
0.0143438
0.0144174
0.0148594
0.0154158
0.0157994
0.000598255
0.00697552
0.00694151
0.0105163
0.0153305
0.0177775
0.0108832
0.0136889
0.0139446
0.0118214
0.0127478
0.0145936
0.0139622
0.013799
0.0143165
0.0143162
0.0143853
0.0148109
0.015336
0.0155878
0.000704938
0.00708992
0.00701284
0.0104496
0.0152416
0.0176089
0.0110036
0.0136082
0.0140006
0.0118974
0.0126641
0.0145606
0.0139983
0.0137632
0.0142778
0.0142857
0.0143509
0.0147584
0.015246
0.0153858
0.000817924
0.00720099
0.00708625
0.0103821
0.0151496
0.0174379
0.0111222
0.0135277
0.0140535
0.0119737
0.0125813
0.0145249
0.0140325
0.0137265
0.0142382
0.0142519
0.0143135
0.0147039
0.0151458
0.0151914
0.000937281
0.00730869
0.00716233
0.0103141
0.0150547
0.0172651
0.0112386
0.0134473
0.0141027
0.0120506
0.0124989
0.0144867
0.0140654
0.0136882
0.0141983
0.014215
0.0142715
0.0146492
0.0150365
0.0150024
0.00106308
0.00741303
0.00724164
0.010246
0.014957
0.0170908
0.0113519
0.0133673
0.0141477
0.0121282
0.0124166
0.0144458
0.0140978
0.0136475
0.0141584
0.0141759
0.0142229
0.0145949
0.0149209
0.0148162
0.00119542
0.00751398
0.00732451
0.0101781
0.0148566
0.0169156
0.0114618
0.0132881
0.0141881
0.0122072
0.0123345
0.0144017
0.0141306
0.0136037
0.0141177
0.0141364
0.0141656
0.0145405
0.0148032
0.0146289
0.00133444
0.00761135
0.00741111
0.0101104
0.0147532
0.01674
0.0115676
0.01321
0.0142234
0.012288
0.0122527
0.0143537
0.0141647
0.0135566
0.014075
0.0140985
0.0140978
0.0144844
0.0146885
0.0144376
0.00148027
0.00770483
0.0075015
0.0100434
0.0146466
0.0165645
0.0116691
0.0131333
0.014253
0.0123712
0.0121715
0.0143007
0.0142014
0.0135062
0.014028
0.0140645
0.0140192
0.0144227
0.0145822
0.0142431
0.00163306
0.00779403
0.0075956
0.00997739
0.0145365
0.0163896
0.0117657
0.0130583
0.0142764
0.0124569
0.0120914
0.0142415
0.0142415
0.0134532
0.0139739
0.0140368
0.0139314
0.0143505
0.0144889
0.0140498
0.00179292
0.00787859
0.00769332
0.0099127
0.0144225
0.0162159
0.0118572
0.0129851
0.0142933
0.0125455
0.0120134
0.0141744
0.0142858
0.0133993
0.0139098
0.0140166
0.0138377
0.014262
0.0144102
0.013867
0.00195991
0.00795819
0.00779446
0.00984985
0.0143043
0.0160441
0.0119434
0.0129136
0.0143029
0.0126368
0.0119383
0.0140981
0.0143342
0.0133467
0.0138325
0.0140038
0.0137438
0.0141522
0.014343
0.0137063
0.00213407
0.00803263
0.00789879
0.00978943
0.0141816
0.0158747
0.0120244
0.0128437
0.0143047
0.0127306
0.0118673
0.0140111
0.014386
0.0132982
0.0137396
0.013996
0.0136569
0.0140184
0.014279
0.01358
0.00231536
0.00810184
0.00800597
0.0097321
0.0140541
0.015708
0.0121001
0.0127754
0.0142983
0.0128267
0.0118018
0.013912
0.01444
0.0132571
0.0136297
0.0139897
0.0135844
0.0138622
0.014206
0.013497
0.00250373
0.00816589
0.00811556
0.00967861
0.0139216
0.0155444
0.0121708
0.0127083
0.0142831
0.0129247
0.011743
0.0138002
0.0144943
0.0132266
0.0135026
0.0139798
0.0135329
0.0136893
0.0141104
0.0134572
0.00269906
0.00822493
0.00822703
0.00962969
0.0137837
0.0153839
0.0122374
0.0126423
0.014258
0.0130239
0.0116928
0.013675
0.0145465
0.0132096
0.0133588
0.0139605
0.0135071
0.0135096
0.0139792
0.0134473
0.00290117
0.00827925
0.0083398
0.00958615
0.0136405
0.0152264
0.0123004
0.0125773
0.0142223
0.0131237
0.0116525
0.0135359
0.0145939
0.0132099
0.0131998
0.0139248
0.013509
0.0133362
0.0138059
0.0134454
0.00310978
0.00832923
0.00845316
0.00954884
0.0134921
0.0150715
0.0123608
0.0125135
0.0141752
0.013223
0.0116243
0.0133828
0.0146329
0.0132307
0.0130288
0.0138648
0.0135367
0.0131834
0.0135938
0.0134258
0.00332454
0.00837535
0.00856634
0.00951848
0.0133388
0.0149185
0.0124193
0.0124516
0.0141156
0.0133197
0.0116102
0.0132174
0.0146592
0.0132735
0.0128505
0.0137743
0.0135843
0.013064
0.013355
0.0133639
0.00354502
0.00841822
0.00867864
0.00949566
0.0131812
0.0147665
0.0124761
0.0123923
0.0140434
0.013412
0.0116116
0.0130412
0.0146681
0.0133392
0.0126712
0.013648
0.0136433
0.0129875
0.0131066
0.0132458
0.00377069
0.00845851
0.00878951
0.00948078
0.0130203
0.0146145
0.0125312
0.0123364
0.0139582
0.0134982
0.0116307
0.0128565
0.0146536
0.0134281
0.0124999
0.0134809
0.0137024
0.01296
0.0128662
0.0130722
0.00400094
0.00849694
0.00889843
0.00947395
0.0128576
0.0144617
0.0125841
0.0122856
0.0138606
0.0135751
0.0116682
0.0126676
0.0146093
0.0135366
0.012348
0.0132708
0.0137479
0.0129848
0.0126491
0.0128524
0.00423516
0.00853425
0.00900503
0.00947475
0.012695
0.0143081
0.0126332
0.0122408
0.0137525
0.0136406
0.0117227
0.0124793
0.0145314
0.013658
0.0122273
0.0130197
0.0137634
0.0130636
0.0124727
0.0125952
0.00447275
0.00857097
0.00910936
0.00948247
0.0125337
0.0141536
0.0126776
0.0122029
0.0136347
0.0136926
0.0117938
0.0122956
0.0144165
0.0137845
0.0121499
0.0127358
0.0137279
0.0131885
0.0123612
0.0123189
0.00471313
0.00860748
0.00921184
0.00949638
0.0123749
0.0139991
0.0127153
0.0121718
0.0135102
0.0137288
0.0118797
0.0121222
0.0142625
0.013905
0.0121262
0.0124369
0.0136218
0.0133349
0.0123364
0.0120542
0.00495575
0.00864404
0.00931322
0.0095159
0.0122189
0.0138456
0.0127464
0.0121469
0.0133808
0.0137482
0.0119762
0.0119642
0.0140735
0.014007
0.0121567
0.0121421
0.0134397
0.0134746
0.0124044
0.0118364
0.0052001
0.00868072
0.00941414
0.00954109
0.0120651
0.013694
0.0127713
0.0121279
0.0132483
0.0137494
0.0120799
0.0118241
0.0138553
0.0140826
0.0122357
0.0118692
0.0131827
0.0135756
0.0125514
0.011706
0.0054457
0.00871756
0.00951482
0.00957231
0.0119127
0.0135448
0.0127906
0.0121136
0.0131145
0.0137317
0.0121877
0.0117057
0.0136141
0.0141235
0.012352
0.0116408
0.0128656
0.0135982
0.0127477
0.0116828
0.00569227
0.00875441
0.00961497
0.009611
0.0117607
0.0133971
0.0128067
0.0121042
0.0129796
0.0136948
0.0122966
0.0116108
0.0133577
0.0141253
0.0124927
0.0114745
0.0125211
0.0135382
0.0129431
0.0117609
0.0059395
0.00879133
0.00971366
0.0096592
0.0116089
0.0132493
0.0128213
0.0121005
0.0128445
0.0136371
0.0124034
0.0115436
0.0130935
0.0140824
0.0126494
0.0113812
0.0121898
0.0134029
0.0131023
0.0118632
0.00618713
0.00882844
0.0098095
0.00971943
0.0114584
0.0130973
0.0128358
0.0121048
0.0127099
0.0135579
0.0125031
0.0115068
0.0128328
0.0139894
0.0128073
0.0113606
0.0118868
0.0131984
0.0132079
0.0119689
0.00643504
0.00886594
0.00990061
0.00979341
0.011311
0.0129368
0.0128491
0.0121205
0.0125773
0.0134561
0.012594
0.0114997
0.0125829
0.0138489
0.0129429
0.011406
0.0116107
0.0129056
0.0132201
0.0121331
0.00668289
0.00890452
0.00998494
0.00988167
0.0111704
0.0127644
0.0128589
0.0121514
0.0124507
0.0133307
0.0126707
0.0115253
0.0123513
0.0136579
0.0130416
0.0115077
0.0113967
0.0125742
0.0131377
0.0122709
0.00693042
0.00894493
0.0100608
0.00998332
0.0110409
0.0125791
0.0128607
0.0121992
0.0123348
0.0131816
0.0127272
0.0115828
0.0121442
0.0134245
0.0130925
0.0116404
0.011253
0.0122313
0.0129567
0.0123724
0.00717718
0.00898788
0.0101274
0.0100956
0.0109293
0.0123824
0.012845
0.0122625
0.0122371
0.0130133
0.0127561
0.0116644
0.0119719
0.0131645
0.0130804
0.0117801
0.0111866
0.0119069
0.0127038
0.012426
0.00742232
0.00903492
0.0101835
0.0102152
0.0108408
0.012177
0.0128049
0.0123371
0.012164
0.0128341
0.0127486
0.0117599
0.0118414
0.0128919
0.0130095
0.0119083
0.0111817
0.0116343
0.0124193
0.0124155
0.007665
0.00908782
0.0102283
0.0103385
0.0107805
0.0119697
0.0127334
0.0124126
0.0121214
0.0126549
0.012703
0.011855
0.0117534
0.01263
0.0128914
0.0120015
0.0112151
0.0114385
0.01214
0.0123312
0.00790428
0.00914824
0.0102616
0.0104578
0.0107508
0.0117686
0.012627
0.0124784
0.0121112
0.0124859
0.0126219
0.0119361
0.0117073
0.0123924
0.0127336
0.0120537
0.0112754
0.0113162
0.0118865
0.0121818
0.00813908
0.00921739
0.0102844
0.010567
0.0107512
0.0115845
0.0124879
0.0125194
0.0121272
0.0123395
0.0125153
0.0119931
0.0116948
0.012189
0.0125524
0.0120668
0.0113417
0.0112442
0.0116791
0.0120034
0.0083682
0.00929553
0.0102988
0.0106618
0.0107798
0.0114259
0.0123205
0.012525
0.0121626
0.0122248
0.0123947
0.0120188
0.0117021
0.0120269
0.0123654
0.0120414
0.0114001
0.0112057
0.0115269
0.0118345
0.00859043
0.00938261
0.010309
0.0107396
0.0108292
0.0112988
0.0121359
0.0124898
0.0122026
0.0121419
0.0122719
0.0120151
0.011717
0.0119054
0.012189
0.0119845
0.0114444
0.0111853
0.0114114
0.0116984
0.00880464
0.00947813
0.0103181
0.010799
0.0108892
0.0112068
0.0119501
0.0124125
0.0122318
0.01209
0.0121579
0.011987
0.0117299
0.0118178
0.0120339
0.0119047
0.0114682
0.0111787
0.0113176
0.0115961
0.00900981
0.00958111
0.0103141
0.0108404
0.0109493
0.0111487
0.0117782
0.0122985
0.0122381
0.0120632
0.0120595
0.011939
0.0117344
0.011756
0.0119032
0.0118139
0.0114712
0.011189
0.0112436
0.0115033
0.00920522
0.00969076
0.0103358
0.0108655
0.011002
0.0111204
0.0116292
0.0121618
0.0122146
0.0120491
0.011982
0.0118812
0.0117252
0.0117101
0.011797
0.0117259
0.0114555
0.0112042
0.0111935
0.011408
0.00939047
0.00980502
0.0103643
0.010877
0.0110434
0.0111134
0.0115072
0.0120185
0.0121633
0.0120352
0.0119247
0.0118228
0.0117006
0.0116707
0.0117133
0.011649
0.0114269
0.0112069
0.0111679
0.011331
0.0095654
0.00992141
0.0104003
0.0108791
0.0110719
0.0111189
0.0114119
0.0118795
0.0120898
0.0120138
0.0118811
0.0117688
0.0116666
0.0116327
0.0116462
0.0115841
0.011397
0.011196
0.0111526
0.0112858
0.00972997
0.0100375
0.0104436
0.0108769
0.0110873
0.0111302
0.0113414
0.0117518
0.0120006
0.0119811
0.011847
0.0117221
0.0116286
0.0115936
0.0115874
0.0115263
0.0113747
0.0111888
0.0111329
0.0112553
0.00988426
0.0101509
0.0104934
0.010875
0.0110915
0.0111415
0.0112914
0.0116397
0.0119039
0.0119355
0.0118175
0.0116846
0.011589
0.0115527
0.0115356
0.011474
0.0113563
0.0111961
0.0111144
0.0112184
0.0100283
0.0102601
0.0105484
0.0108762
0.0110869
0.0111493
0.0112566
0.0115445
0.0118068
0.0118775
0.0117862
0.0116559
0.0115526
0.0115111
0.0114919
0.0114287
0.0113307
0.0112072
0.0111132
0.0111829
0.0101623
0.0103639
0.0106067
0.0108817
0.0110763
0.0111519
0.0112319
0.0114658
0.0117141
0.0118121
0.0117497
0.011632
0.0115236
0.0114705
0.0114522
0.0113938
0.0113003
0.0112087
0.0111312
0.0111686
0.0102865
0.0104583
0.0106663
0.0108921
0.0110626
0.0111482
0.0112133
0.0114022
0.0116283
0.0117433
0.0117091
0.0116083
0.0115018
0.0114347
0.0114123
0.0113682
0.011278
0.0111996
0.0111511
0.0111768
0.0104013
0.010548
0.010725
0.0109071
0.0110484
0.0111387
0.011197
0.0113515
0.0115511
0.0116729
0.0116666
0.0115845
0.0114843
0.0114087
0.011373
0.0113431
0.0112676
0.0111898
0.0111606
0.0111952
0.010507
0.0106309
0.0107815
0.0109255
0.011035
0.011124
0.0111807
0.0113108
0.0114837
0.0116034
0.0116226
0.0115619
0.0114687
0.0113934
0.0113436
0.0113134
0.0112599
0.0111867
0.0111629
0.0112118
0.0106036
0.0107071
0.0108342
0.0109466
0.0110238
0.0111045
0.0111621
0.0112776
0.0114267
0.0115385
0.0115769
0.01154
0.0114555
0.0113854
0.0113311
0.0112889
0.0112482
0.0111887
0.0111662
0.0112236
0.0106914
0.0107752
0.0108823
0.0109683
0.0110152
0.0110824
0.0111396
0.0112472
0.011378
0.0114814
0.0115313
0.0115167
0.0114469
0.0113826
0.0113339
0.0112814
0.0112391
0.0111934
0.0111748
0.0112359
0.0107704
0.0108363
0.0109244
0.0109892
0.0110078
0.0110585
0.0111147
0.0112171
0.0113326
0.0114321
0.0114892
0.0114902
0.0114415
0.0113852
0.0113462
0.011296
0.0112451
0.0112051
0.0111906
0.0112525
0.0108408
0.0108895
0.0109597
0.0110075
0.0110016
0.0110319
0.0110858
0.0111882
0.0112905
0.0113872
0.0114529
0.011463
0.0114368
0.0113953
0.0113631
0.0113244
0.0112729
0.011234
0.0112214
0.01128
0.0109021
0.0109369
0.0109882
0.0110205
0.0109947
0.011005
0.0110503
0.0111549
0.0112531
0.0113474
0.0114211
0.0114421
0.0114351
0.0114148
0.0113897
0.0113616
0.0113184
0.0112814
0.0112732
0.011328
0.0109544
0.0109768
0.0110105
0.0110281
0.0109832
0.010975
0.0110118
0.0111121
0.0112125
0.0113135
0.0113925
0.0114277
0.0114417
0.0114449
0.0114345
0.0114127
0.0113818
0.0113514
0.0113493
0.0114046
0.0109967
0.0110095
0.0110269
0.0110299
0.0109676
0.0109388
0.0109651
0.011061
0.0111614
0.0112785
0.0113701
0.0114216
0.0114624
0.0114878
0.011498
0.011481
0.0114531
0.0114276
0.0114271
0.0114881
0.0110319
0.0110334
0.0110344
0.0110217
0.0109446
0.0108987
0.0109047
0.0109888
0.0110909
0.0112253
0.0113566
0.011456
0.0115534
0.0116342
0.0116944
0.011703
0.0116577
0.011583
0.0115041
0.0114721
0.0110603
0.0110576
0.0110417
0.0110079
0.0109133
0.010856
0.0108421
0.0108879
0.0109491
0.0110346
0.0111406
0.0112887
0.011492
0.0116821
0.0118498
0.0120039
0.0121484
0.0123147
0.0124951
0.0126621
0.0110711
0.0110554
0.0110381
0.0109941
0.0108846
0.0108184
0.0108146
0.0108883
0.0110036
0.0111633
0.011317
0.0114487
0.0116076
0.0117621
0.0118732
0.0119312
0.0119037
0.0118077
0.0116815
0.0115808
0.0110919
0.0110698
0.0110131
0.0109262
0.0107806
0.0107029
0.0107072
0.0108087
0.0109655
0.0111368
0.0113033
0.0114429
0.0115908
0.0117839
0.0119812
0.0121866
0.0123948
0.0125899
0.0127609
0.0128681
0.0111022
0.0110753
0.0110279
0.0109462
0.0108039
0.0107089
0.0106499
0.0106496
0.0107302
0.0108831
0.0110978
0.0113556
0.0116096
0.0118955
0.0121681
0.0123873
0.0125548
0.0126612
0.0127168
0.0126977
0.0235953
0.0180689
0.0107741
0.00533983
0.00400316
0.00510914
0.00632633
0.00706515
0.00753284
0.00790113
0.00818889
0.00850141
0.00898848
0.00955956
0.00995265
0.0101239
0.0102084
0.0103291
0.0106699
0.011188
0.0115925
0.0118263
0.0120757
0.0124087
0.0127297
0.0129758
0.0131634
0.0133513
0.0135653
0.0137934
0.0140408
0.0143138
0.01461
0.0149367
0.0152572
0.0155315
0.0157877
0.0160922
0.016407
0.0166869
0.0169692
0.0172933
0.0176216
0.017899
0.0181106
0.0183319
0.018554
0.0187477
0.0190278
0.0194829
0.0199377
0.0203098
0.0207216
0.0211634
0.0214993
0.0216644
0.0218563
0.0222329
0.0227329
0.0232247
0.0236623
0.0240634
0.0243925
0.024729
0.0251516
0.0255854
0.0260131
0.0264975
0.0269475
0.0273758
0.0278436
0.0283415
0.0288719
0.029376
0.0299143
0.030462
0.0310111
0.0314976
0.0320458
0.0326321
0.0332138
0.0339368
0.0346104
0.0351192
0.0356442
0.0362783
0.036991
0.0377481
0.038421
0.0390749
0.0397687
0.0404431
0.0411742
0.0419612
0.0427169
0.0435388
0.0442573
0.0450041
0.0457184
0.0462651
0.0228904
0.0179391
0.0108612
0.00549717
0.00410242
0.00515881
0.00635784
0.00708584
0.00754655
0.00791099
0.00819632
0.0085071
0.00899334
0.00956457
0.00995783
0.0101287
0.0102126
0.0103324
0.0106726
0.0111907
0.0115952
0.0118287
0.0120777
0.0124104
0.0127314
0.0129774
0.0131649
0.0133526
0.0135665
0.0137946
0.0140419
0.0143149
0.014611
0.0149377
0.0152583
0.0155325
0.0157886
0.0160931
0.0164079
0.0166878
0.0169699
0.017294
0.0176223
0.0178997
0.0181113
0.0183325
0.0185546
0.0187483
0.0190282
0.0194834
0.0199382
0.0203103
0.020722
0.0211639
0.0214998
0.0216649
0.0218566
0.0222332
0.0227332
0.023225
0.0236626
0.0240637
0.0243928
0.0247293
0.0251518
0.0255857
0.0260134
0.0264977
0.0269478
0.027376
0.0278438
0.0283417
0.0288721
0.0293762
0.0299145
0.0304622
0.0310113
0.0314978
0.032046
0.0326323
0.0332139
0.0339369
0.0346106
0.0351193
0.0356443
0.0362784
0.0369911
0.0377482
0.0384212
0.039075
0.0397688
0.0404432
0.0411743
0.0419613
0.042717
0.0435389
0.0442574
0.0450042
0.0457185
0.0462652
0.022255
0.0177923
0.0110164
0.00577483
0.0042632
0.00521169
0.00638303
0.00710859
0.00756646
0.00792661
0.00820792
0.00851527
0.00899904
0.009569
0.00996175
0.0101325
0.0102164
0.0103357
0.0106753
0.0111933
0.0115978
0.0118308
0.0120796
0.0124122
0.012733
0.0129788
0.0131661
0.0133536
0.0135674
0.0137955
0.0140428
0.0143157
0.0146118
0.0149385
0.0152592
0.0155333
0.0157894
0.0160938
0.0164086
0.0166885
0.0169705
0.0172946
0.017623
0.0179004
0.0181119
0.018333
0.0185551
0.0187487
0.0190285
0.0194837
0.0199387
0.0203106
0.0207223
0.0211643
0.0215003
0.0216653
0.0218568
0.0222333
0.0227334
0.0232253
0.0236629
0.024064
0.0243931
0.0247295
0.025152
0.0255859
0.0260135
0.0264979
0.026948
0.0273762
0.027844
0.0283419
0.0288723
0.0293764
0.0299146
0.0304623
0.0310115
0.031498
0.0320461
0.0326324
0.033214
0.033937
0.0346108
0.0351195
0.0356444
0.0362785
0.0369912
0.0377483
0.0384213
0.0390751
0.0397689
0.0404433
0.0411744
0.0419614
0.0427171
0.043539
0.0442575
0.0450042
0.0457186
0.0462654
0.0216534
0.0176372
0.0112082
0.00612003
0.00448255
0.00528647
0.00642062
0.00714515
0.0075991
0.00795182
0.00822764
0.00853079
0.00900971
0.00957511
0.00996536
0.0101362
0.0102215
0.0103411
0.0106797
0.0111964
0.0116003
0.0118335
0.0120825
0.0124149
0.0127353
0.0129808
0.0131678
0.013355
0.0135685
0.0137966
0.0140437
0.0143166
0.0146125
0.0149392
0.0152601
0.0155343
0.0157901
0.0160945
0.0164094
0.0166892
0.0169712
0.0172953
0.0176237
0.0179011
0.0181125
0.0183336
0.0185557
0.018749
0.0190287
0.0194842
0.0199393
0.020311
0.0207226
0.0211647
0.021501
0.0216657
0.0218569
0.0222335
0.0227337
0.0232257
0.0236632
0.0240644
0.0243934
0.0247297
0.0251522
0.0255861
0.0260137
0.0264981
0.0269482
0.0273764
0.0278441
0.0283421
0.0288724
0.0293765
0.0299148
0.0304625
0.0310117
0.0314981
0.0320462
0.0326325
0.0332141
0.0339372
0.034611
0.0351196
0.0356445
0.0362786
0.0369913
0.0377484
0.0384214
0.0390752
0.039769
0.0404434
0.0411745
0.0419614
0.0427172
0.043539
0.0442576
0.0450043
0.0457188
0.0462656
0.0210636
0.0174699
0.0114088
0.00648351
0.00472454
0.00537184
0.00646362
0.00719114
0.00764314
0.00798688
0.00825626
0.00855511
0.00902739
0.00958462
0.00996946
0.01014
0.0102284
0.0103502
0.0106871
0.0112004
0.0116026
0.0118366
0.0120866
0.0124188
0.0127384
0.0129836
0.0131705
0.0133572
0.0135701
0.0137979
0.014045
0.0143177
0.0146133
0.0149399
0.015261
0.0155353
0.015791
0.0160952
0.0164102
0.0166901
0.0169721
0.0172961
0.0176245
0.0179019
0.0181132
0.0183343
0.0185563
0.0187494
0.0190289
0.0194847
0.0199399
0.0203114
0.0207229
0.0211653
0.0215017
0.0216662
0.021857
0.0222336
0.0227341
0.0232261
0.0236635
0.0240648
0.0243937
0.0247298
0.0251524
0.0255864
0.0260139
0.0264984
0.0269484
0.0273765
0.0278443
0.0283422
0.0288726
0.0293767
0.0299149
0.0304627
0.0310119
0.0314982
0.0320463
0.0326327
0.0332142
0.0339373
0.0346112
0.0351198
0.0356446
0.0362786
0.0369914
0.0377486
0.0384215
0.0390753
0.0397691
0.0404435
0.0411745
0.0419615
0.0427173
0.0435391
0.0442577
0.0450044
0.045719
0.0462658
0.020488
0.0172917
0.0116036
0.00684702
0.00497727
0.0054624
0.00650635
0.00724006
0.00769329
0.00802785
0.00829055
0.00858584
0.00905098
0.00959773
0.00997488
0.0101446
0.0102376
0.0103632
0.0106981
0.0112057
0.0116047
0.01184
0.0120917
0.0124235
0.012742
0.0129872
0.0131745
0.0133607
0.0135727
0.0137999
0.0140469
0.0143192
0.0146142
0.0149405
0.0152618
0.0155364
0.0157919
0.0160958
0.0164108
0.016691
0.0169731
0.0172972
0.0176256
0.0179029
0.0181142
0.0183351
0.018557
0.0187498
0.0190291
0.0194853
0.0199407
0.0203119
0.0207233
0.0211658
0.0215025
0.0216667
0.0218571
0.0222337
0.0227344
0.0232266
0.023664
0.0240652
0.024394
0.0247301
0.0251527
0.0255866
0.0260141
0.0264986
0.0269487
0.0273767
0.0278445
0.0283424
0.0288728
0.0293769
0.0299151
0.0304629
0.0310121
0.0314983
0.0320464
0.0326329
0.0332143
0.0339374
0.0346115
0.03512
0.0356446
0.0362787
0.0369915
0.0377487
0.0384217
0.0390754
0.0397692
0.0404436
0.0411746
0.0419616
0.0427174
0.0435392
0.0442579
0.0450045
0.0457193
0.0462661
0.0199334
0.0171038
0.0117855
0.00720496
0.00523959
0.0055593
0.00654873
0.00728995
0.00774728
0.00807268
0.00832799
0.00861986
0.00907798
0.00961346
0.00998186
0.0101504
0.0102488
0.0103797
0.0107123
0.0112125
0.0116072
0.0118437
0.0120975
0.0124286
0.0127454
0.0129908
0.0131793
0.0133655
0.0135765
0.0138032
0.0140498
0.0143214
0.0146154
0.0149411
0.0152627
0.0155378
0.015793
0.0160963
0.0164112
0.0166918
0.0169742
0.0172983
0.0176267
0.0179041
0.0181155
0.0183364
0.018558
0.0187503
0.0190294
0.019486
0.0199415
0.0203125
0.0207236
0.0211664
0.0215034
0.0216674
0.0218572
0.0222338
0.0227349
0.0232271
0.0236645
0.0240658
0.0243945
0.0247304
0.025153
0.0255869
0.0260144
0.026499
0.026949
0.0273769
0.0278447
0.0283427
0.028873
0.029377
0.0299153
0.0304631
0.0310124
0.0314985
0.0320465
0.0326331
0.0332144
0.0339376
0.0346118
0.0351201
0.0356447
0.0362788
0.0369917
0.0377489
0.0384219
0.0390755
0.0397693
0.0404437
0.0411746
0.0419617
0.0427175
0.0435393
0.044258
0.0450046
0.0457195
0.0462664
0.0194037
0.0169053
0.0119489
0.00755457
0.00551278
0.00566586
0.00659217
0.00734038
0.00780439
0.00812087
0.00836777
0.00865577
0.00910687
0.00963094
0.00999022
0.0101573
0.0102616
0.0103983
0.0107288
0.0112207
0.0116102
0.0118479
0.0121039
0.0124336
0.0127482
0.012994
0.0131842
0.0133709
0.0135813
0.0138077
0.0140542
0.0143248
0.0146171
0.0149418
0.0152638
0.0155395
0.0157944
0.0160968
0.0164114
0.0166926
0.0169754
0.0172993
0.0176277
0.0179054
0.0181171
0.018338
0.0185594
0.0187511
0.01903
0.0194868
0.0199424
0.020313
0.0207239
0.0211669
0.0215045
0.0216683
0.0218574
0.0222339
0.0227353
0.0232278
0.0236651
0.0240664
0.024395
0.0247308
0.0251535
0.0255873
0.0260148
0.0264994
0.0269493
0.0273771
0.0278451
0.0283429
0.0288732
0.0293772
0.0299155
0.0304634
0.0310127
0.0314986
0.0320466
0.0326333
0.0332145
0.0339378
0.0346122
0.0351203
0.0356447
0.0362789
0.0369918
0.0377491
0.0384221
0.0390756
0.0397695
0.0404438
0.0411747
0.0419618
0.0427176
0.0435394
0.0442582
0.0450048
0.0457198
0.0462668
0.0188988
0.016695
0.0120922
0.00789504
0.00579752
0.00578428
0.00663745
0.00739074
0.00786407
0.00817225
0.00840969
0.00869315
0.00913711
0.00964961
0.00999946
0.010165
0.0102752
0.0104181
0.0107467
0.0112301
0.0116141
0.0118527
0.0121107
0.0124388
0.0127506
0.0129965
0.0131888
0.0133763
0.0135865
0.0138132
0.0140599
0.0143295
0.0146196
0.0149426
0.0152649
0.0155417
0.0157963
0.0160974
0.0164115
0.0166933
0.0169765
0.0173002
0.0176284
0.0179065
0.0181188
0.0183399
0.0185611
0.0187525
0.0190311
0.0194881
0.0199435
0.0203133
0.0207239
0.0211673
0.0215057
0.0216694
0.0218578
0.0222341
0.0227358
0.0232284
0.0236656
0.024067
0.0243956
0.0247313
0.025154
0.0255878
0.0260153
0.0265
0.0269497
0.0273774
0.0278454
0.0283433
0.0288735
0.0293774
0.0299157
0.0304638
0.031013
0.0314986
0.0320467
0.0326336
0.0332146
0.033938
0.0346125
0.0351205
0.0356448
0.036279
0.036992
0.0377493
0.0384223
0.0390758
0.0397697
0.0404439
0.0411748
0.041962
0.0427177
0.0435395
0.0442585
0.0450049
0.0457201
0.0462673
0.0184172
0.0164754
0.0122172
0.00822501
0.00609155
0.00591519
0.00668502
0.0074402
0.00792539
0.00822644
0.00845364
0.00873189
0.00916846
0.00966904
0.010009
0.0101727
0.010289
0.0104386
0.0107657
0.0112405
0.0116186
0.011858
0.0121178
0.012444
0.0127528
0.0129985
0.0131929
0.0133812
0.0135914
0.0138191
0.0140667
0.0143355
0.0146229
0.0149437
0.0152661
0.0155442
0.0157988
0.0160983
0.0164117
0.0166942
0.0169776
0.0173008
0.0176287
0.0179072
0.0181202
0.0183418
0.0185629
0.0187543
0.0190329
0.0194901
0.0199449
0.0203137
0.0207235
0.0211672
0.0215068
0.0216708
0.0218585
0.0222345
0.0227364
0.0232291
0.0236662
0.0240676
0.0243963
0.024732
0.0251546
0.0255883
0.0260159
0.0265007
0.0269503
0.0273779
0.027846
0.0283437
0.0288738
0.0293776
0.029916
0.0304642
0.0310134
0.0314987
0.0320467
0.0326338
0.0332148
0.0339382
0.0346129
0.0351207
0.0356449
0.0362791
0.0369921
0.0377495
0.0384225
0.039076
0.0397699
0.040444
0.0411749
0.0419621
0.0427179
0.0435396
0.0442588
0.0450051
0.0457203
0.0462678
0.0179591
0.01625
0.012325
0.00854159
0.00639135
0.00605906
0.0067358
0.00748813
0.00798724
0.00828292
0.00849956
0.00877199
0.00920084
0.00968902
0.0100184
0.01018
0.0103028
0.0104598
0.0107858
0.011252
0.0116238
0.0118637
0.0121254
0.0124496
0.0127549
0.0130005
0.0131968
0.0133859
0.013596
0.0138249
0.0140739
0.0143423
0.0146271
0.0149451
0.0152673
0.0155468
0.0158016
0.0160995
0.016412
0.0166952
0.0169788
0.0173013
0.0176286
0.0179075
0.0181213
0.0183432
0.0185644
0.0187561
0.0190353
0.0194931
0.0199472
0.0203144
0.0207227
0.0211663
0.0215073
0.021672
0.0218593
0.0222353
0.0227373
0.0232298
0.0236666
0.0240681
0.024397
0.0247328
0.0251553
0.0255889
0.0260167
0.0265016
0.0269509
0.0273785
0.0278467
0.0283443
0.0288741
0.0293779
0.0299164
0.0304648
0.031014
0.0314988
0.0320467
0.032634
0.033215
0.0339385
0.0346134
0.0351209
0.0356449
0.0362792
0.0369923
0.0377497
0.0384227
0.0390762
0.0397701
0.0404442
0.0411749
0.0419622
0.0427182
0.0435396
0.0442591
0.0450053
0.0457205
0.0462684
0.0175238
0.0160205
0.0124155
0.00884247
0.00669454
0.00621673
0.00679109
0.00753428
0.0080487
0.00834136
0.00854753
0.00881353
0.00923425
0.00970954
0.0100278
0.0101871
0.0103168
0.0104818
0.0108069
0.0112644
0.0116295
0.0118698
0.0121335
0.0124556
0.0127572
0.0130023
0.0132008
0.0133906
0.0136006
0.0138306
0.0140812
0.0143496
0.0146319
0.0149468
0.0152685
0.0155496
0.0158047
0.0161011
0.0164125
0.0166964
0.0169802
0.0173016
0.0176283
0.0179074
0.0181219
0.0183441
0.0185653
0.0187574
0.0190378
0.0194969
0.0199504
0.0203156
0.0207217
0.0211647
0.021507
0.0216727
0.0218601
0.0222364
0.0227388
0.0232309
0.0236669
0.0240683
0.0243975
0.0247336
0.0251561
0.0255895
0.0260175
0.0265026
0.0269517
0.0273793
0.0278477
0.0283451
0.0288745
0.0293781
0.0299167
0.0304655
0.0310147
0.031499
0.0320468
0.0326341
0.0332151
0.0339387
0.0346138
0.0351212
0.0356451
0.0362794
0.0369925
0.0377498
0.0384229
0.0390765
0.0397703
0.0404444
0.041175
0.0419623
0.0427184
0.0435396
0.0442596
0.0450055
0.0457206
0.0462691
0.0171091
0.0157875
0.0124894
0.00912684
0.0069994
0.00638889
0.00685266
0.00757913
0.00810949
0.00840175
0.00859772
0.00885656
0.00926868
0.00973075
0.0100374
0.0101945
0.0103315
0.0105049
0.0108291
0.0112776
0.0116357
0.0118763
0.0121421
0.0124622
0.0127598
0.0130043
0.0132049
0.0133956
0.0136054
0.0138363
0.0140886
0.0143572
0.0146372
0.0149489
0.0152696
0.0155523
0.0158081
0.0161029
0.0164131
0.0166977
0.0169817
0.0173018
0.0176276
0.017907
0.0181222
0.0183445
0.0185655
0.0187579
0.0190398
0.0195009
0.0199542
0.0203174
0.0207207
0.0211622
0.0215058
0.0216726
0.0218603
0.0222375
0.0227409
0.0232325
0.0236672
0.0240682
0.0243977
0.0247342
0.0251568
0.0255902
0.0260185
0.0265035
0.0269524
0.0273803
0.027849
0.0283462
0.0288751
0.0293785
0.0299171
0.0304661
0.0310156
0.0314995
0.032047
0.0326343
0.033215
0.0339387
0.0346142
0.0351216
0.0356453
0.0362796
0.0369927
0.0377499
0.038423
0.0390767
0.0397706
0.0404446
0.0411751
0.0419624
0.0427187
0.0435396
0.0442601
0.0450059
0.0457206
0.0462698
0.0167125
0.0155522
0.0125487
0.00939403
0.00730362
0.00657602
0.00692297
0.00762392
0.00816946
0.00846378
0.00865008
0.00890113
0.00930431
0.00975299
0.010048
0.010203
0.0103476
0.0105293
0.0108525
0.0112916
0.0116423
0.0118832
0.0121513
0.0124693
0.0127627
0.0130064
0.0132093
0.0134012
0.013611
0.0138424
0.0140961
0.014365
0.0146427
0.0149512
0.0152708
0.015555
0.0158115
0.0161049
0.0164138
0.0166991
0.0169832
0.0173019
0.0176266
0.0179061
0.0181221
0.0183446
0.0185652
0.0187577
0.019041
0.0195047
0.0199584
0.0203195
0.0207196
0.0211591
0.0215034
0.0216714
0.0218596
0.0222383
0.0227432
0.0232348
0.0236678
0.0240678
0.0243976
0.0247347
0.0251575
0.0255909
0.0260195
0.0265045
0.0269531
0.0273813
0.0278505
0.0283476
0.028876
0.0293789
0.0299174
0.0304667
0.0310164
0.0315002
0.0320476
0.0326346
0.0332148
0.0339384
0.0346144
0.035122
0.0356458
0.03628
0.0369929
0.0377499
0.0384231
0.0390769
0.0397709
0.0404448
0.0411751
0.0419624
0.042719
0.0435395
0.0442607
0.0450063
0.0457206
0.0462706
0.0163342
0.0153177
0.012595
0.00964263
0.00760459
0.0067789
0.00700474
0.00766973
0.0082279
0.00852664
0.00870453
0.00894757
0.00934153
0.0097767
0.01006
0.0102132
0.0103655
0.0105555
0.0108773
0.0113063
0.0116493
0.0118903
0.0121609
0.0124769
0.0127659
0.0130087
0.0132142
0.0134078
0.0136176
0.0138491
0.0141038
0.0143731
0.0146487
0.0149538
0.015272
0.0155577
0.0158151
0.0161072
0.0164147
0.0167005
0.0169847
0.0173019
0.0176252
0.0179049
0.0181217
0.0183444
0.0185646
0.0187568
0.0190413
0.0195077
0.0199622
0.0203215
0.0207182
0.021155
0.0215
0.0216692
0.0218581
0.0222385
0.0227455
0.0232374
0.0236685
0.0240671
0.0243971
0.0247349
0.0251581
0.0255916
0.0260206
0.0265055
0.0269537
0.0273822
0.0278522
0.0283492
0.028877
0.0293796
0.0299179
0.0304671
0.031017
0.0315008
0.0320486
0.0326354
0.0332145
0.0339376
0.0346142
0.0351223
0.0356464
0.0362807
0.0369932
0.0377498
0.0384231
0.039077
0.0397711
0.040445
0.0411752
0.0419624
0.0427193
0.0435392
0.0442612
0.0450068
0.0457205
0.0462715
0.0159755
0.0150853
0.0126288
0.00987209
0.00790046
0.00699739
0.00709976
0.00771722
0.00828406
0.00858968
0.00876117
0.00899627
0.00938075
0.00980232
0.010074
0.0102254
0.0103857
0.0105836
0.0109034
0.0113219
0.0116566
0.0118977
0.0121709
0.012485
0.0127696
0.0130114
0.0132196
0.0134153
0.0136255
0.0138566
0.0141118
0.0143815
0.0146551
0.0149568
0.0152734
0.0155605
0.0158189
0.0161096
0.0164156
0.0167021
0.0169862
0.017299
0.0176233
0.0179032
0.0181209
0.0183441
0.018564
0.0187558
0.0190411
0.0195097
0.0199654
0.0203233
0.0207165
0.0211501
0.0214953
0.0216661
0.021856
0.022238
0.0227472
0.0232398
0.0236693
0.0240662
0.0243963
0.0247349
0.0251586
0.0255922
0.0260219
0.0265066
0.0269541
0.0273831
0.027854
0.0283509
0.0288782
0.0293805
0.0299184
0.0304673
0.0310173
0.0315012
0.0320497
0.0326366
0.0332142
0.0339363
0.0346135
0.0351223
0.035647
0.0362816
0.0369938
0.0377497
0.0384229
0.039077
0.0397713
0.0404452
0.0411753
0.0419623
0.0427196
0.0435387
0.0442618
0.0450074
0.0457203
0.0462725
0.0156374
0.0148547
0.0126507
0.0100841
0.00818921
0.00722856
0.0072088
0.00776788
0.00833812
0.0086524
0.00881977
0.00904732
0.00942229
0.00983031
0.0100904
0.0102401
0.0104081
0.0106137
0.0109312
0.0113384
0.0116644
0.0119055
0.0121816
0.0124938
0.0127738
0.0130144
0.0132255
0.0134237
0.0136343
0.0138648
0.0141202
0.0143902
0.0146619
0.0149601
0.0152751
0.0155633
0.0158228
0.0161121
0.0164166
0.0167036
0.0169877
0.0172986
0.0176209
0.0179011
0.01812
0.0183439
0.0185639
0.0187553
0.0190408
0.019511
0.0199679
0.0203248
0.0207145
0.0211446
0.0214895
0.0216627
0.0218542
0.0222374
0.0227483
0.0232417
0.0236697
0.0240649
0.0243953
0.0247348
0.0251592
0.0255928
0.0260231
0.0265079
0.0269546
0.0273838
0.0278557
0.0283527
0.0288795
0.0293815
0.0299191
0.0304674
0.0310171
0.0315011
0.0320506
0.032638
0.033214
0.0339345
0.0346121
0.0351217
0.0356474
0.0362827
0.0369947
0.0377496
0.0384226
0.0390768
0.0397713
0.0404453
0.0411755
0.0419624
0.0427199
0.0435379
0.0442622
0.0450079
0.04572
0.0462736
0.0153205
0.0146262
0.012662
0.0102807
0.00846763
0.00746775
0.00733285
0.00782448
0.00839086
0.00871396
0.00887953
0.00910063
0.00946657
0.00986127
0.0101096
0.0102573
0.0104327
0.0106456
0.0109605
0.011356
0.0116728
0.0119139
0.012193
0.0125033
0.0127784
0.0130178
0.0132318
0.0134327
0.0136439
0.0138736
0.014129
0.0143995
0.0146693
0.0149639
0.0152771
0.0155664
0.015827
0.0161147
0.0164176
0.0167052
0.0169893
0.0172982
0.0176183
0.0178986
0.018119
0.018344
0.0185646
0.018756
0.0190414
0.0195118
0.0199697
0.020326
0.0207125
0.0211387
0.0214829
0.0216595
0.0218535
0.0222373
0.022749
0.0232428
0.0236697
0.0240633
0.0243941
0.024735
0.0251599
0.0255935
0.0260242
0.0265091
0.026955
0.0273846
0.0278574
0.0283546
0.0288808
0.0293826
0.0299197
0.0304675
0.0310164
0.0315005
0.0320511
0.0326395
0.0332138
0.0339321
0.0346099
0.0351207
0.0356476
0.0362838
0.0369958
0.0377497
0.0384222
0.0390765
0.0397712
0.0404453
0.0411756
0.0419624
0.0427204
0.043537
0.0442626
0.0450084
0.0457196
0.0462746
0.0150264
0.0144028
0.0126637
0.0104623
0.00873276
0.0077109
0.00747318
0.00788978
0.00844307
0.00877348
0.00893955
0.00915605
0.00951402
0.00989582
0.0101321
0.0102769
0.0104592
0.0106793
0.0109913
0.0113747
0.0116817
0.0119228
0.0122051
0.0125134
0.0127835
0.0130215
0.0132386
0.0134421
0.0136536
0.0138826
0.0141382
0.0144092
0.0146772
0.014968
0.0152794
0.0155699
0.0158315
0.0161173
0.0164186
0.0167069
0.0169911
0.0172981
0.0176155
0.017896
0.0181182
0.0183447
0.0185664
0.0187585
0.0190439
0.0195129
0.019971
0.0203272
0.0207108
0.0211329
0.0214761
0.021657
0.0218547
0.0222387
0.0227496
0.0232432
0.023669
0.0240614
0.0243931
0.0247355
0.025161
0.0255943
0.0260252
0.0265104
0.0269557
0.0273855
0.0278591
0.0283563
0.0288821
0.0293836
0.0299204
0.0304674
0.0310154
0.0314995
0.032051
0.0326409
0.0332137
0.0339293
0.0346069
0.0351192
0.0356474
0.0362847
0.036997
0.0377498
0.0384217
0.0390761
0.039771
0.0404452
0.0411756
0.0419625
0.0427208
0.043536
0.0442628
0.0450088
0.0457191
0.0462757
0.0147566
0.0141873
0.012655
0.0106298
0.00898391
0.00795461
0.00762964
0.00796587
0.00849599
0.00883061
0.00899895
0.00921325
0.00956495
0.00993446
0.0101581
0.0102989
0.0104872
0.0107143
0.0110236
0.0113945
0.0116914
0.0119323
0.012218
0.0125243
0.0127891
0.0130256
0.0132457
0.0134518
0.0136635
0.0138918
0.0141479
0.0144194
0.0146855
0.0149723
0.0152819
0.0155738
0.0158363
0.0161199
0.0164195
0.0167086
0.0169932
0.0172984
0.0176129
0.0178935
0.0181178
0.0183459
0.0185691
0.0187633
0.0190489
0.0195147
0.0199719
0.0203282
0.0207095
0.0211275
0.0214696
0.0216558
0.0218587
0.0222422
0.0227508
0.0232429
0.0236677
0.0240593
0.0243924
0.0247367
0.0251625
0.0255955
0.0260262
0.0265115
0.0269564
0.0273867
0.0278609
0.0283581
0.0288834
0.0293846
0.0299209
0.0304673
0.0310142
0.0314983
0.0320505
0.032642
0.0332137
0.0339262
0.0346031
0.0351173
0.035647
0.0362855
0.0369981
0.0377501
0.038421
0.0390756
0.0397708
0.0404451
0.0411756
0.0419626
0.0427212
0.0435349
0.0442629
0.0450091
0.0457186
0.0462768
0.0145107
0.0139825
0.0126348
0.0107841
0.0092218
0.0081955
0.00780036
0.00805468
0.00855165
0.00888555
0.00905686
0.00927157
0.00961941
0.0099775
0.0101876
0.0103227
0.0105162
0.0107506
0.0110574
0.0114154
0.0117016
0.0119423
0.0122317
0.0125359
0.0127951
0.01303
0.0132532
0.0134619
0.0136733
0.0139011
0.0141579
0.0144301
0.0146941
0.0149769
0.0152847
0.0155781
0.0158416
0.0161227
0.0164205
0.0167103
0.0169956
0.0172991
0.0176106
0.0178912
0.0181178
0.0183477
0.0185729
0.0187703
0.0190568
0.0195179
0.0199725
0.0203291
0.0207087
0.0211226
0.0214637
0.0216563
0.0218657
0.0222481
0.0227527
0.0232421
0.0236658
0.0240571
0.0243922
0.0247386
0.0251644
0.025597
0.0260273
0.0265123
0.0269572
0.0273882
0.0278627
0.0283597
0.0288847
0.0293856
0.0299214
0.0304671
0.0310129
0.031497
0.0320498
0.0326431
0.033214
0.0339231
0.0345986
0.0351141
0.0356464
0.0362861
0.036999
0.0377505
0.0384202
0.039075
0.0397705
0.0404449
0.0411756
0.0419625
0.0427214
0.0435337
0.0442629
0.0450094
0.0457181
0.0462779
0.0142863
0.0137924
0.0126041
0.0109249
0.00944716
0.00843077
0.00798249
0.00815782
0.00861256
0.00893897
0.00911252
0.00933008
0.00967706
0.010025
0.0102208
0.0103484
0.0105459
0.0107877
0.0110926
0.0114376
0.0117125
0.011953
0.0122462
0.0125484
0.0128017
0.0130349
0.0132612
0.0134724
0.0136832
0.0139104
0.0141683
0.0144412
0.014703
0.0149815
0.0152876
0.015583
0.0158473
0.0161257
0.0164214
0.0167121
0.0169985
0.0173003
0.0176085
0.0178891
0.0181184
0.0183503
0.0185775
0.0187794
0.0190674
0.0195222
0.0199729
0.0203298
0.0207082
0.0211183
0.0214584
0.0216582
0.0218754
0.0222562
0.0227554
0.0232411
0.0236635
0.0240549
0.0243925
0.0247413
0.0251667
0.0255987
0.0260287
0.026513
0.0269581
0.02739
0.0278647
0.0283614
0.0288859
0.0293867
0.0299221
0.0304667
0.0310116
0.031496
0.0320491
0.0326442
0.0332148
0.0339204
0.0345936
0.035112
0.035646
0.0362866
0.0369995
0.037751
0.0384193
0.0390744
0.0397703
0.0404448
0.0411756
0.0419623
0.0427213
0.0435324
0.0442628
0.0450098
0.0457177
0.0462791
0.0140785
0.0136215
0.0125654
0.0110502
0.00966127
0.00865912
0.00817204
0.008276
0.0086814
0.00899213
0.00916549
0.00938763
0.00973716
0.010077
0.0102578
0.0103758
0.010576
0.0108255
0.0111291
0.0114609
0.0117241
0.0119643
0.0122616
0.0125618
0.0128089
0.0130401
0.0132697
0.0134834
0.0136934
0.0139199
0.014179
0.0144526
0.0147121
0.0149863
0.0152907
0.0155882
0.0158535
0.0161288
0.0164223
0.016714
0.0170017
0.017302
0.0176067
0.0178871
0.0181193
0.0183534
0.0185827
0.01879
0.0190801
0.0195277
0.0199731
0.0203303
0.0207079
0.0211143
0.0214537
0.0216611
0.0218869
0.0222659
0.0227587
0.0232399
0.0236609
0.0240527
0.0243932
0.0247445
0.0251691
0.0256008
0.0260303
0.0265135
0.0269591
0.0273921
0.0278668
0.0283631
0.0288873
0.0293878
0.0299229
0.0304666
0.0310106
0.0314953
0.0320489
0.0326455
0.0332161
0.033918
0.0345885
0.0351101
0.0356459
0.0362872
0.0369997
0.0377513
0.0384182
0.0390738
0.0397702
0.0404449
0.0411758
0.041962
0.0427209
0.0435308
0.0442625
0.0450104
0.0457175
0.0462802
0.0138804
0.0134726
0.012523
0.0111574
0.00986546
0.00888093
0.00836454
0.00840864
0.00876076
0.00904674
0.00921556
0.00944304
0.00979873
0.0101333
0.0102989
0.0104051
0.0106064
0.0108638
0.0111669
0.0114854
0.0117363
0.0119763
0.0122779
0.0125761
0.0128167
0.0130457
0.0132786
0.0134949
0.0137039
0.0139296
0.0141901
0.0144645
0.0147215
0.0149912
0.0152939
0.0155939
0.01586
0.0161321
0.0164232
0.016716
0.0170052
0.0173041
0.0176051
0.0178852
0.0181205
0.018357
0.0185884
0.0188015
0.019094
0.0195339
0.0199731
0.0203305
0.0207077
0.0211106
0.0214494
0.0216647
0.0218992
0.0222764
0.0227624
0.0232386
0.0236582
0.0240505
0.0243942
0.024748
0.0251717
0.025603
0.0260322
0.0265139
0.0269601
0.0273944
0.027869
0.0283648
0.0288886
0.029389
0.0299238
0.0304665
0.0310099
0.0314952
0.0320493
0.0326472
0.0332181
0.0339162
0.0345834
0.0351085
0.0356464
0.0362881
0.0369996
0.0377514
0.0384171
0.0390733
0.0397701
0.0404452
0.0411763
0.0419616
0.0427202
0.043529
0.044262
0.0450112
0.0457176
0.0462815
0.0136822
0.0133445
0.0124841
0.0112448
0.010059
0.00909736
0.0085563
0.0085538
0.00885299
0.00910493
0.00926277
0.00949527
0.00986071
0.0101938
0.0103444
0.0104366
0.0106371
0.0109027
0.0112061
0.0115112
0.0117494
0.0119889
0.0122952
0.0125914
0.0128253
0.0130519
0.0132882
0.0135071
0.0137148
0.0139396
0.0142016
0.0144767
0.0147311
0.0149963
0.0152973
0.0155999
0.0158668
0.0161355
0.0164241
0.0167181
0.017009
0.0173063
0.0176036
0.0178834
0.018122
0.018361
0.0185943
0.0188134
0.0191085
0.0195405
0.019973
0.0203304
0.0207074
0.021107
0.0214454
0.0216685
0.0219116
0.0222871
0.0227661
0.0232374
0.0236556
0.0240484
0.0243954
0.0247518
0.0251743
0.0256053
0.0260343
0.0265144
0.0269611
0.0273968
0.0278713
0.0283667
0.0288901
0.0293903
0.029925
0.0304665
0.0310096
0.0314959
0.0320504
0.0326492
0.0332205
0.0339148
0.0345787
0.0351073
0.0356476
0.0362893
0.0369994
0.0377513
0.0384159
0.0390729
0.03977
0.0404456
0.0411771
0.0419614
0.0427195
0.0435272
0.0442615
0.0450123
0.045718
0.046283
0.0134747
0.0132309
0.0124579
0.0113133
0.010238
0.0093104
0.00874555
0.00870785
0.00895952
0.00916935
0.00930773
0.00954368
0.0099221
0.0102578
0.0103946
0.0104707
0.0106683
0.0109422
0.0112467
0.0115383
0.0117631
0.0120023
0.0123135
0.0126079
0.0128347
0.0130585
0.0132983
0.0135198
0.0137262
0.01395
0.0142135
0.0144894
0.014741
0.0150015
0.0153009
0.0156062
0.015874
0.0161392
0.0164252
0.0167203
0.017013
0.0173084
0.0176022
0.0178817
0.0181237
0.0183653
0.0186004
0.0188254
0.0191232
0.0195475
0.0199729
0.0203302
0.0207071
0.0211034
0.0214414
0.0216722
0.0219236
0.0222977
0.0227697
0.0232363
0.0236531
0.0240463
0.0243967
0.0247557
0.025177
0.0256078
0.0260366
0.0265149
0.0269623
0.0273993
0.0278737
0.0283685
0.0288915
0.0293916
0.0299263
0.0304667
0.0310096
0.0314973
0.0320524
0.0326515
0.0332234
0.0339139
0.0345744
0.0351066
0.0356496
0.0362911
0.0369994
0.0377507
0.0384148
0.0390726
0.03977
0.0404462
0.0411782
0.0419612
0.0427187
0.0435252
0.0442609
0.0450137
0.0457188
0.0462845
0.0132534
0.0131199
0.012453
0.0113683
0.0103959
0.00952199
0.00893337
0.00886569
0.00908025
0.00924326
0.00935173
0.0095878
0.00998198
0.0103247
0.0104497
0.0105078
0.0107
0.0109824
0.0112891
0.0115666
0.0117775
0.0120165
0.012333
0.0126256
0.012845
0.0130657
0.013309
0.0135333
0.0137381
0.0139606
0.0142257
0.0145026
0.0147513
0.015007
0.0153048
0.0156129
0.0158815
0.0161431
0.0164263
0.0167227
0.0170172
0.0173106
0.0176009
0.01788
0.0181256
0.0183699
0.0186068
0.0188374
0.0191376
0.0195546
0.0199731
0.02033
0.0207067
0.0210998
0.0214375
0.0216757
0.0219352
0.0223079
0.0227733
0.0232353
0.0236508
0.0240443
0.024398
0.0247596
0.0251798
0.0256104
0.0260389
0.0265155
0.0269637
0.0274019
0.0278763
0.0283705
0.0288931
0.0293931
0.0299277
0.0304669
0.0310098
0.0315
0.032055
0.032654
0.0332265
0.0339132
0.0345706
0.0351064
0.0356523
0.0362934
0.0369996
0.0377496
0.0384137
0.0390725
0.03977
0.0404469
0.0411796
0.0419612
0.0427181
0.0435234
0.0442603
0.0450153
0.0457199
0.0462862
0.0130226
0.0129958
0.012473
0.0114205
0.0105261
0.00973078
0.00912318
0.00902237
0.00921331
0.00933032
0.00939676
0.00962707
0.0100395
0.0103938
0.0105095
0.0105482
0.0107326
0.0110233
0.0113333
0.0115965
0.0117925
0.0120313
0.0123536
0.0126446
0.0128562
0.0130734
0.0133203
0.0135474
0.0137505
0.0139717
0.0142384
0.0145163
0.0147619
0.0150128
0.015309
0.0156199
0.0158894
0.0161472
0.0164275
0.0167252
0.0170215
0.0173129
0.0175996
0.0178785
0.0181277
0.0183747
0.0186132
0.0188492
0.0191519
0.0195619
0.0199734
0.0203298
0.0207062
0.0210962
0.0214337
0.0216792
0.0219463
0.0223178
0.0227769
0.0232345
0.0236486
0.0240423
0.0243993
0.0247635
0.0251827
0.025613
0.0260413
0.0265162
0.0269652
0.0274047
0.0278789
0.0283725
0.0288947
0.0293946
0.0299291
0.0304672
0.0310103
0.0315029
0.0320582
0.0326565
0.0332297
0.0339127
0.0345672
0.0351065
0.0356557
0.0362963
0.0370001
0.0377482
0.0384126
0.0390725
0.03977
0.0404477
0.0411812
0.0419613
0.0427176
0.0435222
0.0442598
0.0450172
0.0457213
0.046288
0.0127968
0.0128417
0.0125116
0.0114853
0.0106253
0.00992973
0.00931947
0.00917561
0.00935453
0.00943329
0.00944564
0.00966125
0.0100938
0.0104646
0.0105737
0.0105923
0.0107663
0.011065
0.0113794
0.0116281
0.011808
0.0120468
0.0123757
0.0126649
0.0128684
0.0130817
0.0133322
0.0135623
0.0137635
0.013983
0.0142515
0.0145305
0.0147729
0.0150189
0.0153135
0.0156272
0.0158977
0.0161516
0.0164288
0.0167278
0.0170259
0.0173155
0.0175985
0.0178772
0.01813
0.0183798
0.0186199
0.0188607
0.0191658
0.0195694
0.0199742
0.0203297
0.0207056
0.0210928
0.0214302
0.0216826
0.0219569
0.0223274
0.0227804
0.0232338
0.0236467
0.0240405
0.0244006
0.0247674
0.0251857
0.0256158
0.0260437
0.026517
0.0269668
0.0274075
0.0278816
0.0283746
0.0288963
0.0293962
0.0299306
0.0304675
0.0310109
0.0315062
0.0320618
0.032659
0.0332329
0.0339123
0.0345642
0.035107
0.0356596
0.0362997
0.0370009
0.0377464
0.0384115
0.0390726
0.0397701
0.0404485
0.041183
0.0419614
0.0427171
0.0435207
0.0442592
0.0450192
0.0457229
0.0462899
0.012596
0.0126467
0.012552
0.0115799
0.0106983
0.0101066
0.00952614
0.00932782
0.00949747
0.0095529
0.00950261
0.00969071
0.0101441
0.0105369
0.010642
0.0106396
0.0108012
0.0111078
0.0114279
0.0116618
0.0118241
0.0120625
0.0123989
0.0126868
0.0128817
0.0130907
0.0133448
0.013578
0.0137771
0.0139947
0.014265
0.0145453
0.0147844
0.0150252
0.0153183
0.0156349
0.0159064
0.0161562
0.0164302
0.0167306
0.0170305
0.0173182
0.0175976
0.017876
0.0181326
0.0183852
0.0186267
0.0188721
0.0191795
0.0195771
0.0199753
0.0203298
0.020705
0.0210894
0.0214268
0.021686
0.0219672
0.0223367
0.0227839
0.0232334
0.023645
0.0240388
0.024402
0.0247712
0.0251888
0.0256186
0.0260462
0.026518
0.0269686
0.0274104
0.0278844
0.0283767
0.028898
0.0293979
0.0299321
0.0304679
0.0310116
0.0315098
0.0320657
0.0326615
0.0332362
0.033912
0.0345614
0.0351078
0.0356638
0.0363036
0.037002
0.0377444
0.0384104
0.0390727
0.0397702
0.0404494
0.0411848
0.0419616
0.0427167
0.043519
0.0442586
0.0450214
0.0457248
0.0462918
0.0124437
0.0124162
0.0125706
0.0117152
0.0107599
0.010248
0.00974163
0.00948586
0.00963537
0.00968671
0.00957309
0.00971685
0.0101889
0.0106103
0.0107141
0.0106898
0.0108373
0.0111517
0.0114788
0.011698
0.0118412
0.0120785
0.0124231
0.0127102
0.0128962
0.0131004
0.0133581
0.0135945
0.0137914
0.0140069
0.014279
0.0145606
0.0147963
0.0150319
0.0153234
0.015643
0.0159155
0.0161611
0.0164317
0.0167335
0.0170354
0.0173213
0.0175968
0.017875
0.0181355
0.0183909
0.0186336
0.0188834
0.0191929
0.019585
0.0199768
0.0203302
0.0207045
0.0210862
0.0214236
0.0216893
0.0219771
0.0223458
0.0227874
0.0232332
0.0236433
0.0240372
0.0244033
0.0247751
0.025192
0.0256215
0.0260487
0.0265191
0.0269704
0.0274133
0.0278873
0.0283789
0.0288998
0.0293996
0.0299336
0.0304684
0.0310123
0.0315143
0.0320697
0.032664
0.0332394
0.0339117
0.0345588
0.0351087
0.0356683
0.0363078
0.0370033
0.0377423
0.0384093
0.0390729
0.0397704
0.0404504
0.0411866
0.0419619
0.0427163
0.0435175
0.044258
0.0450238
0.0457269
0.0462938
0.0123603
0.0121741
0.0125399
0.0118854
0.0108336
0.0103449
0.00995481
0.0096581
0.00976502
0.00982884
0.00966207
0.00974279
0.0102267
0.0106846
0.0107902
0.0107425
0.0108744
0.0111969
0.0115323
0.0117367
0.0118596
0.0120951
0.0124483
0.0127352
0.0129119
0.0131108
0.0133721
0.0136119
0.0138065
0.0140195
0.0142932
0.0145765
0.0148089
0.0150389
0.0153289
0.0156514
0.015925
0.0161663
0.0164334
0.0167366
0.0170405
0.0173245
0.0175962
0.0178742
0.0181387
0.0183968
0.0186408
0.0188945
0.0192062
0.019593
0.0199787
0.0203307
0.020704
0.0210832
0.0214207
0.0216927
0.0219867
0.0223547
0.022791
0.0232332
0.0236419
0.0240358
0.0244047
0.0247789
0.0251953
0.0256245
0.0260513
0.0265205
0.0269724
0.0274163
0.0278902
0.0283812
0.0289017
0.0294014
0.0299353
0.0304689
0.031013
0.031518
0.0320738
0.0326665
0.0332425
0.0339114
0.0345562
0.0351097
0.0356728
0.0363122
0.0370046
0.0377401
0.0384082
0.0390731
0.0397706
0.0404513
0.0411885
0.0419621
0.0427159
0.0435159
0.0442574
0.0450262
0.0457292
0.0462959
0.0123497
0.0119515
0.0124401
0.0120664
0.0109473
0.0104022
0.0101475
0.00985125
0.0098904
0.00997039
0.00977177
0.00977406
0.0102558
0.0107586
0.0108712
0.0107971
0.0109116
0.0112432
0.011589
0.0117785
0.0118791
0.012112
0.0124744
0.0127618
0.0129291
0.013122
0.0133867
0.0136301
0.0138224
0.0140327
0.0143079
0.014593
0.014822
0.0150464
0.0153347
0.0156603
0.015935
0.0161719
0.0164353
0.0167397
0.017046
0.0173282
0.0175957
0.0178736
0.0181423
0.0184032
0.0186481
0.0189054
0.0192193
0.0196012
0.019981
0.0203314
0.0207036
0.0210804
0.0214181
0.0216962
0.0219961
0.0223634
0.0227947
0.0232334
0.0236406
0.0240344
0.024406
0.0247827
0.0251986
0.0256275
0.0260539
0.026522
0.0269744
0.0274193
0.0278932
0.0283836
0.0289036
0.0294033
0.0299369
0.0304695
0.0310137
0.0315218
0.0320779
0.032669
0.0332456
0.0339111
0.0345537
0.0351108
0.0356774
0.0363167
0.037006
0.0377378
0.0384071
0.0390733
0.0397708
0.0404523
0.0411903
0.0419623
0.0427154
0.0435145
0.0442567
0.0450288
0.0457317
0.0462979
0.0123945
0.0117855
0.0122769
0.0122246
0.0111186
0.0104407
0.0102993
0.010063
0.0100225
0.0101027
0.00989923
0.00981812
0.0102765
0.0108294
0.0109581
0.010854
0.0109484
0.0112904
0.0116488
0.0118239
0.0119004
0.0121293
0.0125013
0.0127897
0.0129477
0.0131344
0.0134021
0.0136494
0.0138392
0.0140464
0.0143229
0.01461
0.0148358
0.0150542
0.0153409
0.0156697
0.0159455
0.016178
0.0164373
0.016743
0.0170516
0.0173322
0.0175956
0.0178733
0.0181461
0.0184098
0.0186556
0.0189162
0.0192321
0.0196095
0.0199837
0.0203324
0.0207033
0.0210778
0.0214159
0.0216997
0.0220053
0.022372
0.0227984
0.0232337
0.0236394
0.024033
0.0244074
0.0247865
0.0252019
0.0256305
0.0260567
0.0265237
0.0269766
0.0274224
0.0278963
0.0283861
0.0289056
0.0294052
0.0299386
0.0304701
0.0310145
0.0315255
0.032082
0.0326715
0.0332486
0.0339108
0.0345513
0.0351119
0.035682
0.0363213
0.0370075
0.0377357
0.038406
0.0390735
0.0397711
0.0404532
0.0411922
0.0419625
0.0427149
0.0435131
0.044256
0.0450314
0.0457344
0.0463001
0.0124647
0.011705
0.0120812
0.012321
0.0113386
0.0104915
0.0103972
0.0102768
0.0101735
0.0102231
0.0100366
0.00988236
0.0102921
0.0108932
0.0110512
0.0109142
0.0109834
0.0113379
0.0117118
0.0118735
0.0119237
0.012147
0.0125295
0.0128192
0.0129676
0.0131475
0.0134182
0.0136695
0.0138572
0.0140609
0.0143383
0.0146275
0.0148502
0.0150625
0.0153474
0.0156795
0.0159565
0.0161845
0.0164397
0.0167465
0.0170577
0.0173366
0.0175957
0.0178732
0.0181503
0.0184168
0.0186632
0.0189269
0.0192449
0.019618
0.0199866
0.0203336
0.0207032
0.0210756
0.021414
0.0217034
0.0220144
0.0223804
0.0228022
0.0232343
0.0236384
0.0240318
0.0244087
0.0247904
0.0252054
0.0256336
0.0260596
0.0265255
0.0269788
0.0274255
0.0278995
0.0283887
0.0289077
0.0294072
0.0299403
0.0304709
0.0310153
0.0315291
0.0320861
0.032674
0.0332516
0.0339105
0.0345488
0.035113
0.0356865
0.0363259
0.0370089
0.0377335
0.0384049
0.0390737
0.0397713
0.0404542
0.041194
0.0419627
0.0427144
0.0435117
0.0442552
0.0450341
0.0457373
0.0463022
0.0125281
0.0117148
0.0118914
0.0123288
0.0115755
0.0105912
0.0104509
0.0104689
0.0103504
0.0103388
0.0101728
0.00996997
0.01031
0.0109461
0.011149
0.0109804
0.0110157
0.0113839
0.0117779
0.0119277
0.01195
0.0121649
0.0125582
0.0128507
0.012989
0.0131616
0.0134349
0.0136903
0.0138761
0.0140761
0.014354
0.0146456
0.0148655
0.0150715
0.0153542
0.0156897
0.0159681
0.0161914
0.0164421
0.0167501
0.017064
0.0173414
0.0175962
0.0178733
0.0181549
0.0184242
0.0186711
0.0189375
0.0192575
0.0196267
0.0199898
0.0203349
0.0207032
0.0210736
0.0214124
0.021707
0.0220232
0.0223886
0.022806
0.023235
0.0236376
0.0240307
0.0244101
0.0247944
0.0252089
0.0256367
0.0260625
0.0265276
0.0269811
0.0274286
0.0279028
0.0283915
0.0289098
0.0294093
0.0299422
0.0304717
0.0310161
0.0315327
0.0320901
0.0326765
0.0332546
0.0339102
0.0345464
0.035114
0.0356909
0.0363305
0.0370104
0.0377315
0.0384038
0.0390738
0.0397715
0.0404552
0.0411958
0.0419629
0.0427137
0.0435105
0.0442544
0.0450368
0.0457404
0.0463045
0.0125584
0.0117996
0.0117504
0.0122519
0.0117862
0.0107566
0.0104882
0.0106164
0.0105462
0.0104637
0.0102988
0.0100763
0.0103395
0.0109869
0.0112472
0.0110557
0.0110463
0.0114264
0.0118468
0.0119867
0.0119796
0.0121836
0.0125872
0.0128841
0.013012
0.0131767
0.0134526
0.0137121
0.0138962
0.0140921
0.0143699
0.0146639
0.0148816
0.015081
0.0153614
0.0157003
0.0159804
0.0161989
0.0164449
0.0167538
0.0170707
0.0173467
0.0175969
0.0178737
0.0181598
0.0184319
0.0186791
0.0189479
0.0192699
0.0196354
0.0199933
0.0203365
0.0207035
0.0210719
0.0214112
0.0217108
0.0220318
0.0223966
0.0228099
0.0232359
0.0236371
0.0240298
0.0244115
0.0247984
0.0252125
0.0256398
0.0260656
0.0265299
0.0269835
0.0274318
0.0279062
0.0283944
0.028912
0.0294114
0.029944
0.0304727
0.031017
0.0315361
0.032094
0.0326791
0.0332576
0.0339099
0.034544
0.0351151
0.0356952
0.036335
0.0370119
0.0377295
0.0384027
0.0390739
0.0397717
0.0404562
0.0411975
0.041963
0.042713
0.0435093
0.0442536
0.0450397
0.0457438
0.0463067
0.0125346
0.0119331
0.0116936
0.0121219
0.011924
0.0109673
0.0105471
0.0107143
0.0107399
0.0106102
0.0104152
0.0101918
0.010388
0.011019
0.0113394
0.0111421
0.0110782
0.0114623
0.0119175
0.0120521
0.0120127
0.012203
0.0126165
0.0129192
0.0130374
0.0131926
0.0134706
0.0137348
0.0139174
0.0141094
0.0143864
0.0146826
0.0148985
0.0150913
0.0153688
0.0157113
0.0159932
0.016207
0.0164479
0.0167578
0.0170778
0.0173525
0.0175979
0.0178743
0.018165
0.01844
0.0186872
0.0189581
0.0192822
0.0196443
0.0199971
0.0203382
0.0207038
0.0210705
0.0214104
0.0217146
0.0220402
0.0224043
0.0228138
0.023237
0.0236368
0.0240289
0.0244129
0.0248025
0.0252162
0.0256429
0.0260687
0.0265323
0.026986
0.0274349
0.0279098
0.0283974
0.0289143
0.0294136
0.029946
0.0304738
0.0310179
0.0315395
0.0320979
0.0326818
0.0332606
0.0339097
0.0345417
0.0351162
0.0356993
0.0363394
0.0370133
0.0377276
0.0384016
0.0390741
0.0397719
0.0404571
0.0411993
0.0419632
0.0427123
0.0435082
0.0442527
0.0450425
0.0457473
0.0463091
0.0124404
0.0120796
0.0117349
0.0119832
0.0119647
0.0111846
0.0106594
0.0107842
0.0109082
0.0107786
0.0105334
0.0103064
0.0104569
0.0110499
0.0114199
0.0112383
0.0111167
0.0114895
0.0119863
0.0121251
0.0120506
0.012223
0.0126462
0.0129558
0.0130649
0.0132098
0.013489
0.0137582
0.0139397
0.0141275
0.0144035
0.0147017
0.0149163
0.0151026
0.0153767
0.0157225
0.0160068
0.0162158
0.016451
0.0167618
0.0170853
0.0173589
0.0175994
0.0178752
0.0181706
0.0184484
0.0186955
0.0189681
0.0192942
0.0196533
0.0200011
0.0203402
0.0207045
0.0210694
0.02141
0.0217186
0.0220483
0.0224119
0.0228178
0.0232382
0.0236368
0.0240283
0.0244143
0.0248066
0.02522
0.0256461
0.0260719
0.026535
0.0269886
0.0274382
0.0279134
0.0284006
0.0289167
0.0294158
0.029948
0.030475
0.031019
0.0315427
0.0321018
0.0326845
0.0332636
0.0339094
0.0345394
0.0351173
0.0357034
0.0363438
0.0370148
0.0377259
0.0384006
0.0390742
0.0397721
0.0404581
0.0412009
0.0419633
0.0427114
0.0435072
0.0442519
0.0450454
0.0457511
0.0463116
0.0122729
0.0121976
0.0118595
0.0118874
0.0119216
0.0113583
0.0108225
0.0108596
0.0110396
0.0109524
0.0106649
0.0104175
0.010541
0.0110877
0.0114868
0.01134
0.0111672
0.0115087
0.0120483
0.012206
0.0120949
0.0122427
0.0126764
0.0129946
0.0130947
0.0132285
0.0135078
0.0137824
0.0139636
0.0141467
0.0144209
0.0147211
0.0149347
0.0151147
0.0153851
0.015734
0.016021
0.0162255
0.0164546
0.0167659
0.0170932
0.0173658
0.0176012
0.0178763
0.0181766
0.0184572
0.018704
0.018978
0.0193061
0.0196624
0.0200054
0.0203423
0.0207053
0.0210687
0.0214099
0.0217226
0.0220561
0.0224192
0.0228218
0.0232397
0.0236371
0.0240279
0.0244158
0.0248108
0.0252239
0.0256493
0.0260752
0.0265379
0.0269913
0.0274414
0.0279171
0.0284039
0.0289192
0.0294182
0.0299502
0.0304764
0.0310201
0.0315459
0.0321056
0.0326873
0.0332666
0.0339093
0.0345372
0.0351185
0.0357074
0.036348
0.0370162
0.0377243
0.0383996
0.0390743
0.0397723
0.0404591
0.0412026
0.0419635
0.0427106
0.0435062
0.0442512
0.0450483
0.0457552
0.0463141
0.0120499
0.0122495
0.0120335
0.0118704
0.0118295
0.0114494
0.0110057
0.0109754
0.011149
0.0111098
0.0108101
0.0105331
0.0106342
0.0111362
0.0115425
0.0114412
0.0112345
0.011525
0.012098
0.0122928
0.0121495
0.0122619
0.0127051
0.0130364
0.013127
0.0132485
0.0135271
0.0138069
0.0139888
0.0141672
0.0144389
0.0147411
0.014954
0.0151278
0.0153941
0.0157456
0.0160357
0.016236
0.0164585
0.0167699
0.0171015
0.0173736
0.0176035
0.0178776
0.0181829
0.0184665
0.0187125
0.0189876
0.0193177
0.0196717
0.02001
0.0203447
0.0207065
0.0210684
0.0214102
0.0217268
0.0220637
0.0224262
0.0228258
0.0232413
0.0236377
0.0240277
0.0244173
0.0248151
0.0252279
0.0256524
0.0260786
0.026541
0.0269942
0.0274447
0.027921
0.0284073
0.0289218
0.0294206
0.0299524
0.0304779
0.0310214
0.031549
0.0321095
0.0326901
0.0332695
0.0339093
0.0345351
0.0351197
0.0357113
0.0363522
0.0370177
0.0377227
0.0383986
0.0390744
0.0397725
0.0404601
0.0412041
0.0419636
0.0427096
0.0435054
0.0442505
0.0450512
0.0457595
0.0463169
0.011807
0.0122173
0.0122109
0.0119373
0.0117355
0.0114552
0.0111679
0.0111396
0.0112644
0.0112366
0.0109539
0.0106614
0.0107354
0.0111938
0.0115909
0.0115373
0.0113186
0.0115449
0.0121326
0.0123803
0.0122175
0.012283
0.0127303
0.0130816
0.0131635
0.0132693
0.0135467
0.013832
0.0140152
0.0141892
0.0144572
0.0147612
0.0149742
0.0151419
0.0154037
0.0157578
0.0160511
0.0162476
0.016463
0.016774
0.01711
0.017382
0.0176065
0.0178791
0.0181894
0.0184762
0.0187213
0.0189969
0.0193291
0.0196811
0.0200149
0.0203473
0.0207079
0.0210684
0.0214109
0.021731
0.0220712
0.022433
0.0228299
0.0232432
0.0236386
0.0240278
0.0244188
0.0248194
0.0252321
0.0256557
0.026082
0.0265444
0.0269973
0.0274481
0.0279249
0.0284109
0.0289245
0.0294231
0.0299546
0.0304796
0.0310228
0.0315521
0.0321133
0.0326929
0.0332725
0.0339093
0.0345332
0.0351209
0.0357151
0.0363563
0.0370192
0.0377214
0.0383977
0.0390745
0.0397727
0.0404611
0.0412056
0.0419638
0.0427087
0.0435047
0.0442499
0.0450541
0.045764
0.0463197
0.0115878
0.0121045
0.0123424
0.0120743
0.0116922
0.0114027
0.0112711
0.0113286
0.0114139
0.0113434
0.0110752
0.0107995
0.0108512
0.011259
0.0116346
0.0116255
0.0114164
0.0115749
0.0121521
0.0124616
0.0122994
0.0123099
0.0127495
0.013128
0.0132066
0.0132915
0.0135657
0.0138578
0.014043
0.0142129
0.0144764
0.0147814
0.0149953
0.0151571
0.0154137
0.01577
0.0160671
0.0162601
0.0164681
0.0167783
0.017119
0.0173913
0.0176101
0.0178809
0.0181962
0.0184863
0.0187303
0.0190062
0.0193403
0.0196906
0.0200201
0.0203501
0.0207097
0.0210689
0.0214119
0.0217355
0.0220785
0.0224396
0.022834
0.0232454
0.0236398
0.0240281
0.0244204
0.0248238
0.0252363
0.0256589
0.0260856
0.0265479
0.0270005
0.0274515
0.0279288
0.0284146
0.0289273
0.0294257
0.029957
0.0304813
0.0310243
0.0315552
0.0321171
0.0326958
0.0332755
0.0339094
0.0345313
0.0351222
0.0357187
0.0363602
0.0370207
0.0377201
0.0383969
0.0390746
0.0397729
0.0404622
0.041207
0.041964
0.0427077
0.0435041
0.0442494
0.045057
0.0457687
0.0463228
0.0114083
0.0119179
0.0123993
0.0122595
0.0117427
0.0113378
0.0113038
0.0115079
0.0116073
0.011455
0.0111624
0.0109306
0.0109866
0.0113373
0.0116751
0.0117038
0.0115228
0.0116209
0.0121623
0.0125293
0.0123919
0.0123478
0.012763
0.0131714
0.0132571
0.0133175
0.013583
0.0138838
0.0140725
0.014238
0.0144965
0.0148016
0.0150172
0.0151739
0.0154243
0.0157822
0.0160838
0.0162737
0.0164736
0.0167824
0.0171281
0.0174011
0.0176145
0.0178831
0.0182033
0.0184967
0.0187395
0.0190153
0.0193513
0.0197002
0.0200257
0.0203533
0.0207117
0.0210699
0.0214133
0.02174
0.0220856
0.022446
0.0228381
0.0232477
0.0236413
0.0240287
0.0244221
0.0248282
0.0252408
0.0256623
0.0260891
0.0265516
0.0270039
0.0274549
0.0279329
0.0284184
0.0289303
0.0294284
0.0299594
0.0304833
0.031026
0.0315582
0.0321209
0.0326988
0.0332785
0.0339096
0.0345295
0.0351235
0.0357223
0.0363641
0.0370223
0.037719
0.0383961
0.0390746
0.0397731
0.0404633
0.0412083
0.0419642
0.0427067
0.0435036
0.044249
0.0450599
0.0457735
0.046326
0.01124
0.0116698
0.0123836
0.0124715
0.0119063
0.0113209
0.0112835
0.011643
0.0118259
0.011602
0.011231
0.0110329
0.0111332
0.0114386
0.0117178
0.01177
0.0116318
0.0116866
0.0121711
0.0125794
0.0124887
0.0124013
0.0127745
0.0132086
0.0133141
0.0133506
0.0135987
0.0139081
0.014104
0.0142652
0.0145176
0.0148219
0.0150393
0.0151922
0.0154359
0.0157946
0.0161012
0.0162889
0.0164799
0.0167865
0.0171377
0.0174119
0.0176194
0.0178856
0.0182106
0.0185076
0.0187489
0.0190243
0.0193621
0.01971
0.0200316
0.0203567
0.020714
0.0210713
0.0214151
0.0217446
0.0220927
0.0224521
0.0228422
0.0232504
0.0236432
0.0240295
0.0244239
0.0248327
0.0252453
0.0256657
0.0260927
0.0265556
0.0270075
0.0274585
0.027937
0.0284224
0.0289334
0.0294312
0.029962
0.0304854
0.0310279
0.0315613
0.0321247
0.0327017
0.0332816
0.0339099
0.0345279
0.0351248
0.0357258
0.0363678
0.0370238
0.037718
0.0383954
0.0390747
0.0397733
0.0404644
0.0412096
0.0419644
0.0427057
0.0435032
0.0442488
0.0450628
0.0457786
0.0463295
0.0110747
0.0113833
0.0122999
0.0126762
0.0121599
0.0113928
0.0112439
0.0117107
0.0120377
0.011799
0.0113118
0.0110932
0.0112676
0.0115699
0.0117756
0.0118215
0.0117347
0.0117723
0.0121887
0.0126112
0.0125812
0.0124717
0.01279
0.0132367
0.0133734
0.0133938
0.0136157
0.0139289
0.0141366
0.0142954
0.0145398
0.0148425
0.0150619
0.0152118
0.0154486
0.0158066
0.0161185
0.0163054
0.0164873
0.0167904
0.0171475
0.0174239
0.0176253
0.0178884
0.0182183
0.018519
0.0187585
0.0190331
0.0193729
0.0197199
0.0200379
0.0203605
0.0207168
0.0210733
0.0214173
0.0217495
0.0220997
0.0224582
0.0228463
0.0232534
0.0236454
0.0240306
0.0244258
0.0248373
0.0252499
0.0256693
0.0260965
0.0265597
0.0270114
0.0274621
0.0279412
0.0284265
0.0289366
0.0294341
0.0299646
0.0304876
0.0310299
0.0315643
0.0321285
0.0327047
0.0332847
0.0339103
0.0345264
0.0351263
0.0357291
0.0363714
0.0370254
0.0377173
0.0383947
0.0390748
0.0397736
0.0404655
0.0412107
0.0419646
0.0427047
0.0435029
0.0442488
0.0450656
0.0457838
0.0463332
0.0110449
0.0111529
0.012149
0.0128054
0.012449
0.0115655
0.0112236
0.0117074
0.0122026
0.0120302
0.0114383
0.0111265
0.0113593
0.0117207
0.0118653
0.0118637
0.01182
0.0118718
0.0122248
0.0126304
0.0126599
0.0125556
0.0128154
0.0132559
0.0134299
0.0134469
0.0136375
0.0139454
0.014168
0.0143293
0.014564
0.014863
0.0150848
0.0152323
0.0154628
0.0158193
0.016136
0.0163235
0.0164962
0.016794
0.0171569
0.0174369
0.017632
0.0178911
0.0182261
0.018531
0.0187684
0.0190415
0.0193835
0.01973
0.0200444
0.0203646
0.0207198
0.0210757
0.02142
0.0217543
0.0221066
0.0224641
0.0228504
0.0232565
0.023648
0.0240318
0.0244279
0.0248419
0.0252547
0.0256729
0.0261003
0.026564
0.0270154
0.0274658
0.0279455
0.0284308
0.02894
0.0294372
0.0299673
0.0304899
0.0310321
0.0315674
0.0321322
0.0327078
0.0332878
0.0339108
0.0345251
0.0351277
0.0357324
0.0363749
0.037027
0.0377166
0.0383942
0.0390748
0.0397739
0.0404667
0.0412117
0.0419648
0.0427038
0.0435026
0.044249
0.0450685
0.0457891
0.0463372
0.0111144
0.0110077
0.0119582
0.0128263
0.0127162
0.0118289
0.0112639
0.0116559
0.0122942
0.0122679
0.0116308
0.0111641
0.0113904
0.0118634
0.0119993
0.0119132
0.0118791
0.011973
0.0122872
0.0126477
0.0127179
0.0126455
0.012857
0.0132703
0.0134788
0.0135075
0.013668
0.01396
0.0141957
0.0143659
0.0145914
0.0148835
0.0151078
0.0152541
0.0154779
0.0158322
0.0161533
0.0163424
0.0165068
0.0167979
0.0171659
0.0174511
0.0176404
0.017894
0.018234
0.0185438
0.0187787
0.0190496
0.0193939
0.0197405
0.0200513
0.0203689
0.0207232
0.0210786
0.0214231
0.0217593
0.0221135
0.0224701
0.0228544
0.02326
0.0236512
0.0240334
0.02443
0.0248468
0.0252596
0.0256766
0.0261042
0.0265684
0.0270195
0.0274696
0.0279498
0.0284351
0.0289436
0.0294404
0.0299702
0.0304924
0.0310345
0.0315706
0.0321359
0.0327109
0.0332909
0.0339115
0.0345239
0.0351293
0.0357356
0.0363782
0.0370286
0.0377162
0.0383938
0.0390749
0.0397742
0.040468
0.0412127
0.0419651
0.042703
0.0435024
0.0442495
0.0450714
0.0457976
0.0463414
0.0112623
0.010964
0.0117669
0.0127507
0.0129197
0.0121503
0.0113945
0.0115915
0.0123066
0.0124802
0.0118809
0.0112458
0.0113752
0.0119631
0.0121698
0.0119948
0.0119145
0.0120579
0.0123743
0.0126794
0.0127553
0.0127293
0.0129177
0.0132874
0.0135172
0.0135716
0.013709
0.0139757
0.0142185
0.014403
0.0146236
0.0149053
0.0151303
0.0152767
0.0154941
0.0158459
0.0161713
0.0163624
0.016519
0.0168025
0.0171746
0.0174659
0.0176501
0.0178973
0.0182416
0.0185572
0.0187899
0.0190576
0.0194041
0.0197515
0.0200587
0.0203736
0.020727
0.0210819
0.0214266
0.0217645
0.0221204
0.0224761
0.0228585
0.0232636
0.0236547
0.0240352
0.0244322
0.0248517
0.0252646
0.0256804
0.0261082
0.0265731
0.0270239
0.0274735
0.0279542
0.0284395
0.0289473
0.0294437
0.0299731
0.030495
0.0310371
0.0315738
0.0321396
0.032714
0.0332941
0.0339123
0.0345228
0.0351309
0.0357387
0.0363815
0.0370303
0.037716
0.0383934
0.039075
0.0397746
0.0404693
0.0412135
0.0419653
0.0427023
0.0435023
0.0442501
0.0450743
0.0458031
0.0463459
0.0114524
0.0110069
0.0116132
0.0126147
0.0130346
0.0124769
0.0116159
0.0115584
0.0122564
0.0126372
0.0121593
0.0113983
0.0113477
0.0119924
0.012346
0.0121293
0.0119464
0.0121093
0.0124712
0.0127408
0.012783
0.0127938
0.0129933
0.0133162
0.0135437
0.0136331
0.0137611
0.0139962
0.0142373
0.0144379
0.0146593
0.01493
0.0151526
0.0153001
0.0155118
0.0158597
0.0161896
0.0163835
0.0165323
0.0168075
0.0171831
0.0174812
0.0176612
0.0179012
0.018249
0.0185709
0.0188019
0.0190655
0.0194135
0.0197626
0.0200665
0.0203785
0.0207312
0.0210857
0.0214305
0.0217698
0.0221271
0.0224821
0.0228626
0.0232673
0.0236587
0.0240374
0.0244344
0.0248567
0.0252698
0.0256842
0.0261123
0.026578
0.0270285
0.0274775
0.0279587
0.0284441
0.0289511
0.0294472
0.0299762
0.0304978
0.0310399
0.0315771
0.0321432
0.0327171
0.0332973
0.0339132
0.0345219
0.0351325
0.0357417
0.0363845
0.0370319
0.0377159
0.0383932
0.0390751
0.039775
0.0404708
0.0412143
0.0419656
0.0427017
0.0435022
0.044251
0.0450773
0.0458087
0.0463506
0.0116378
0.0111094
0.0115196
0.0124634
0.0130629
0.0127562
0.0118999
0.0115952
0.0121786
0.0127197
0.0124275
0.0116218
0.0113507
0.0119558
0.012487
0.0123167
0.0120052
0.0121222
0.0125531
0.0128373
0.0128205
0.0128305
0.01307
0.0133666
0.0135644
0.0136851
0.0138232
0.0140243
0.0142531
0.0144695
0.0146973
0.0149589
0.0151754
0.0153227
0.0155301
0.0158737
0.0162079
0.0164063
0.0165471
0.0168128
0.017192
0.0174975
0.0176736
0.0179056
0.0182564
0.018585
0.0188145
0.0190736
0.0194227
0.0197738
0.0200751
0.0203839
0.0207358
0.02109
0.0214348
0.0217754
0.0221338
0.0224881
0.0228669
0.0232712
0.0236632
0.0240399
0.0244367
0.024862
0.0252753
0.0256882
0.0261166
0.026583
0.0270332
0.0274817
0.0279634
0.0284488
0.0289551
0.0294508
0.0299795
0.0305006
0.0310429
0.0315804
0.0321468
0.0327203
0.0333006
0.0339142
0.0345213
0.0351343
0.0357446
0.0363874
0.0370336
0.037716
0.0383931
0.0390752
0.0397755
0.0404723
0.0412149
0.0419658
0.0427013
0.0435021
0.0442521
0.0450803
0.0458143
0.0463555
0.0117852
0.0112529
0.0114923
0.0123313
0.0130232
0.0129571
0.0122069
0.0117166
0.0121133
0.0127304
0.01265
0.0118934
0.0114202
0.0118858
0.0125553
0.012526
0.0121222
0.0121176
0.0125936
0.0129544
0.0128914
0.0128468
0.01313
0.0134412
0.0135906
0.0137203
0.0138903
0.0140646
0.0142672
0.0144969
0.0147355
0.0149908
0.0152008
0.0153456
0.0155493
0.0158889
0.0162264
0.0164306
0.0165642
0.0168183
0.0172001
0.0175147
0.0176874
0.0179102
0.0182636
0.0185997
0.018828
0.019082
0.0194315
0.019785
0.0200841
0.0203896
0.0207407
0.0210947
0.0214395
0.0217812
0.0221406
0.0224943
0.0228712
0.0232752
0.023668
0.0240428
0.024439
0.0248673
0.025281
0.0256921
0.0261209
0.0265884
0.0270381
0.0274859
0.027968
0.0284536
0.0289592
0.0294546
0.0299829
0.0305036
0.031046
0.0315839
0.0321505
0.0327236
0.0333039
0.0339154
0.0345208
0.0351361
0.0357474
0.0363902
0.0370353
0.0377163
0.0383931
0.0390754
0.039776
0.0404739
0.0412155
0.041966
0.0427012
0.0435021
0.0442534
0.0450834
0.04582
0.0463607
0.0118788
0.0114227
0.0115241
0.0122334
0.0129409
0.0130732
0.0125005
0.0119131
0.0120938
0.0126914
0.0128033
0.0121794
0.011567
0.0118232
0.0125446
0.0127162
0.0123073
0.0121303
0.0125797
0.0130639
0.0130105
0.012864
0.0131549
0.013528
0.0136386
0.0137391
0.0139524
0.014121
0.014282
0.0145184
0.0147753
0.0150261
0.0152295
0.0153698
0.0155677
0.0159042
0.0162448
0.0164553
0.0165835
0.0168243
0.0172072
0.017533
0.0177038
0.0179153
0.0182702
0.0186151
0.0188422
0.0190903
0.0194401
0.0197963
0.0200936
0.0203959
0.0207461
0.0210999
0.0214445
0.0217874
0.0221474
0.0225004
0.0228758
0.0232793
0.0236734
0.0240463
0.0244413
0.0248727
0.025287
0.0256961
0.0261252
0.026594
0.0270433
0.0274903
0.0279729
0.0284585
0.0289634
0.0294586
0.0299864
0.0305067
0.0310493
0.0315875
0.032154
0.0327269
0.0333072
0.0339167
0.0345205
0.035138
0.0357501
0.0363929
0.0370371
0.0377168
0.0383932
0.0390756
0.0397766
0.0404756
0.0412161
0.0419662
0.0427013
0.0435021
0.0442549
0.0450866
0.0458256
0.0463661
0.0119097
0.0115929
0.0116012
0.012174
0.0128476
0.0131165
0.0127522
0.0121583
0.0121333
0.0126329
0.0128843
0.012445
0.0117792
0.0118077
0.0124823
0.0128453
0.0125317
0.0121992
0.0125297
0.013129
0.013168
0.0129123
0.0131433
0.0136049
0.0137201
0.0137529
0.0139962
0.0141935
0.0143063
0.0145308
0.0148147
0.0150644
0.0152588
0.0153962
0.0155862
0.0159186
0.0162639
0.0164814
0.0166056
0.0168321
0.0172132
0.0175514
0.0177226
0.0179209
0.0182753
0.018631
0.0188579
0.0190989
0.0194486
0.0198078
0.0201036
0.0204025
0.020752
0.0211056
0.0214498
0.0217937
0.0221544
0.0225067
0.0228805
0.0232835
0.023679
0.0240502
0.0244436
0.0248781
0.0252935
0.0257003
0.0261295
0.0265998
0.0270487
0.0274947
0.0279778
0.0284637
0.0289678
0.0294626
0.0299901
0.0305099
0.0310528
0.0315912
0.0321576
0.0327302
0.0333106
0.0339181
0.0345204
0.03514
0.0357528
0.0363954
0.037039
0.0377175
0.0383935
0.039076
0.0397772
0.0404774
0.0412166
0.0419664
0.0427017
0.0435023
0.0442566
0.04509
0.0458312
0.0463717
0.0118779
0.0117293
0.0117083
0.0121519
0.0127713
0.0131138
0.0129416
0.0124169
0.0122312
0.012589
0.012909
0.0126614
0.0120285
0.0118571
0.0124053
0.012898
0.0127536
0.0123443
0.0124822
0.0131248
0.0133325
0.0130193
0.0131154
0.0136447
0.0138306
0.0137831
0.0140134
0.0142712
0.0143494
0.014533
0.0148478
0.0151099
0.0152899
0.0154243
0.0156073
0.015932
0.0162828
0.016509
0.0166292
0.0168406
0.0172182
0.0175696
0.017744
0.0179284
0.0182793
0.0186468
0.0188754
0.0191077
0.0194563
0.0198196
0.0201143
0.0204093
0.0207581
0.0211119
0.0214555
0.0218002
0.0221616
0.0225131
0.0228854
0.0232878
0.023685
0.0240547
0.024446
0.0248834
0.0253004
0.0257047
0.0261337
0.026606
0.0270544
0.0274991
0.0279826
0.028469
0.0289724
0.0294668
0.029994
0.0305133
0.0310564
0.031595
0.0321612
0.0327336
0.0333141
0.0339196
0.0345206
0.0351421
0.0357554
0.0363978
0.0370409
0.0377184
0.0383937
0.0390764
0.039778
0.0404792
0.0412171
0.0419664
0.0427023
0.0435025
0.0442584
0.0450936
0.0458368
0.0463774
0.0118126
0.0118152
0.0118296
0.0121624
0.01272
0.0130928
0.0130633
0.0126549
0.0123776
0.0125848
0.0129024
0.0128137
0.012282
0.0119713
0.0123507
0.0128905
0.012929
0.0125463
0.0124827
0.0130606
0.0134607
0.0131877
0.0131063
0.0136326
0.0139463
0.01385
0.0140091
0.0143355
0.0144199
0.0145355
0.0148665
0.015163
0.0153264
0.0154501
0.0156311
0.0159456
0.0162991
0.0165379
0.0166556
0.0168503
0.0172229
0.017588
0.0177678
0.0179378
0.018282
0.0186614
0.0188945
0.0191176
0.0194633
0.0198314
0.0201259
0.0204164
0.0207643
0.0211189
0.0214617
0.0218067
0.022169
0.0225198
0.0228903
0.0232923
0.0236914
0.0240597
0.0244485
0.0248887
0.0253077
0.0257094
0.0261377
0.0266121
0.0270604
0.0275038
0.0279877
0.0284745
0.0289771
0.0294711
0.0299979
0.0305168
0.0310603
0.031599
0.0321648
0.032737
0.0333176
0.0339212
0.0345211
0.0351444
0.0357579
0.0364001
0.0370428
0.0377196
0.038394
0.0390769
0.0397788
0.0404811
0.0412177
0.0419664
0.0427033
0.0435028
0.0442602
0.0450974
0.0458424
0.0463833
0.0117503
0.0118533
0.0119415
0.0121995
0.0126894
0.0130746
0.0131338
0.0128512
0.0125543
0.0126276
0.012888
0.012904
0.0125105
0.0121354
0.0123392
0.0128521
0.0130393
0.0127646
0.0125599
0.0129763
0.0135155
0.0133873
0.0131526
0.0135805
0.0140344
0.0139614
0.0140073
0.0143695
0.0145116
0.0145537
0.0148631
0.0152145
0.0153758
0.0154733
0.0156538
0.0159626
0.0163137
0.0165668
0.0166863
0.0168616
0.0172256
0.0176058
0.0177936
0.0179492
0.0182844
0.018675
0.0189149
0.019129
0.0194696
0.0198428
0.0201386
0.0204241
0.0207704
0.0211264
0.0214685
0.0218134
0.0221764
0.0225269
0.0228954
0.0232967
0.0236982
0.0240654
0.024451
0.0248937
0.0253154
0.0257145
0.0261417
0.0266185
0.0270667
0.0275084
0.0279926
0.0284803
0.0289821
0.0294755
0.0300021
0.0305204
0.0310643
0.0316029
0.0321685
0.0327406
0.0333213
0.0339228
0.0345218
0.0351468
0.0357603
0.0364023
0.0370448
0.037721
0.0383944
0.0390775
0.0397798
0.0404831
0.0412184
0.0419663
0.0427046
0.0435034
0.0442621
0.0451014
0.0458479
0.0463892
0.0116979
0.0118612
0.0120327
0.0122653
0.0126784
0.0130625
0.0131772
0.0129992
0.0127326
0.0127095
0.0128879
0.0129502
0.0126943
0.0123282
0.0123772
0.0128121
0.0130935
0.0129573
0.0127049
0.0129199
0.0134908
0.0135711
0.0132739
0.0135248
0.0140688
0.0140989
0.0140336
0.0143668
0.0146027
0.0146044
0.0148455
0.0152506
0.0154424
0.0155017
0.0156703
0.0159831
0.0163294
0.0165932
0.01672
0.0168757
0.017226
0.0176226
0.0178227
0.0179634
0.0182863
0.0186872
0.0189359
0.0191419
0.0194756
0.0198536
0.0201523
0.0204327
0.0207764
0.021134
0.0214761
0.0218202
0.0221839
0.0225344
0.0229007
0.0233011
0.0237053
0.0240716
0.0244538
0.0248987
0.0253234
0.02572
0.0261456
0.0266249
0.0270734
0.0275133
0.0279975
0.0284861
0.0289873
0.02948
0.0300065
0.0305243
0.0310685
0.031607
0.0321721
0.0327441
0.0333249
0.0339246
0.0345227
0.0351493
0.0357627
0.0364045
0.0370469
0.0377227
0.0383948
0.0390782
0.039781
0.0404849
0.0412192
0.0419662
0.0427061
0.0435042
0.044264
0.0451057
0.0458535
0.0463952
0.0116465
0.0118648
0.0121064
0.0123521
0.0126869
0.013047
0.0132074
0.0131088
0.012892
0.0128158
0.0129168
0.0129793
0.0128282
0.0125211
0.0124573
0.0127877
0.013113
0.0131028
0.0128828
0.0129291
0.0134215
0.0136934
0.01345
0.0135068
0.0140462
0.0142285
0.0141075
0.0143467
0.01467
0.0146918
0.0148337
0.0152565
0.0155171
0.0155469
0.0156783
0.0159999
0.0163495
0.0166184
0.016755
0.0168945
0.0172253
0.0176365
0.0178545
0.0179807
0.0182873
0.0186983
0.0189578
0.0191561
0.0194818
0.0198639
0.0201666
0.0204425
0.0207825
0.0211414
0.0214843
0.0218277
0.0221913
0.0225422
0.0229062
0.0233053
0.0237127
0.0240786
0.0244567
0.0249034
0.0253318
0.0257261
0.0261494
0.0266312
0.0270805
0.0275185
0.0280024
0.0284922
0.0289927
0.0294844
0.0300108
0.0305283
0.0310729
0.0316112
0.0321759
0.0327478
0.0333286
0.0339264
0.0345238
0.0351521
0.0357648
0.0364067
0.037049
0.0377245
0.0383953
0.0390789
0.0397824
0.0404868
0.0412202
0.0419661
0.0427079
0.0435053
0.0442659
0.04511
0.0458591
0.0464012
0.0115948
0.0118697
0.0121593
0.0124367
0.0127175
0.0130312
0.0132299
0.0131963
0.0130255
0.012927
0.0129718
0.0130124
0.0129199
0.0126904
0.0125701
0.0127894
0.0131152
0.0132022
0.013059
0.0130079
0.013354
0.0137351
0.0136364
0.0135558
0.0139959
0.0143185
0.0142237
0.0143374
0.0146961
0.0147965
0.0148509
0.0152326
0.0155809
0.0156181
0.0156876
0.0160054
0.0163732
0.0166469
0.0167898
0.0169166
0.0172247
0.0176463
0.0178879
0.0180029
0.0182877
0.0187075
0.0189809
0.0191715
0.0194876
0.0198739
0.0201813
0.0204532
0.0207892
0.0211485
0.0214926
0.0218359
0.0221989
0.0225504
0.0229122
0.0233094
0.0237203
0.0240863
0.0244598
0.0249078
0.0253405
0.0257325
0.0261533
0.0266375
0.0270879
0.0275238
0.0280071
0.0284984
0.0289987
0.0294891
0.0300155
0.0305324
0.0310774
0.0316153
0.0321797
0.0327517
0.0333323
0.0339284
0.0345253
0.035155
0.0357669
0.0364088
0.0370511
0.0377266
0.0383959
0.0390796
0.0397842
0.0404885
0.0412212
0.041966
0.0427097
0.0435068
0.0442678
0.0451146
0.0458648
0.0464072
0.011548
0.0118659
0.0121909
0.0125033
0.0127734
0.0130328
0.0132429
0.0132659
0.0131364
0.0130303
0.0130389
0.0130599
0.0129899
0.012827
0.0126992
0.0128209
0.0131137
0.0132668
0.013207
0.0131287
0.0133288
0.0137186
0.0137875
0.0136675
0.0139577
0.0143545
0.0143531
0.0143633
0.014688
0.0148916
0.0149118
0.0152001
0.015613
0.0157092
0.0157141
0.015996
0.0163914
0.016682
0.0168268
0.0169403
0.0172246
0.0176529
0.0179218
0.0180305
0.0182885
0.0187136
0.0190053
0.0191887
0.0194926
0.0198838
0.020197
0.0204645
0.0207966
0.0211555
0.0215006
0.0218446
0.0222071
0.0225587
0.0229183
0.0233133
0.023728
0.0240948
0.0244632
0.024912
0.025349
0.0257395
0.026157
0.0266435
0.0270958
0.0275296
0.0280118
0.0285046
0.0290048
0.0294935
0.0300202
0.030537
0.0310823
0.0316196
0.0321837
0.0327556
0.0333357
0.0339305
0.0345269
0.0351582
0.0357689
0.036411
0.0370534
0.0377287
0.0383967
0.0390803
0.0397862
0.0404901
0.0412224
0.0419662
0.0427116
0.0435086
0.0442696
0.0451192
0.0458707
0.0464132
0.0115103
0.0118543
0.0122127
0.0125518
0.0128416
0.0130614
0.013249
0.0133151
0.0132293
0.013126
0.0131085
0.0131164
0.0130515
0.012932
0.0128279
0.0128809
0.013119
0.0133077
0.0133221
0.0132634
0.0133581
0.0136828
0.0138755
0.0138066
0.0139623
0.0143517
0.014467
0.0144336
0.0146712
0.0149517
0.0150047
0.0151858
0.0156058
0.0157989
0.015772
0.0159822
0.0163931
0.0167208
0.0168722
0.0169665
0.017223
0.0176562
0.0179554
0.018063
0.0182912
0.0187162
0.0190304
0.019209
0.0194962
0.0198927
0.0202141
0.0204764
0.0208043
0.0211633
0.0215082
0.0218533
0.0222162
0.0225677
0.0229246
0.0233172
0.0237358
0.024104
0.0244669
0.0249157
0.0253579
0.0257471
0.0261607
0.0266494
0.0271041
0.0275356
0.0280163
0.0285107
0.0290115
0.0294982
0.0300248
0.0305416
0.0310871
0.0316238
0.0321878
0.0327599
0.0333392
0.0339328
0.0345287
0.0351615
0.0357707
0.0364131
0.0370559
0.037731
0.0383977
0.0390809
0.0397886
0.0404917
0.0412235
0.0419666
0.0427136
0.0435108
0.0442716
0.0451238
0.0458766
0.0464192
0.0114783
0.0118432
0.012235
0.0125901
0.0129029
0.0131124
0.0132602
0.0133455
0.0133051
0.0132152
0.0131744
0.0131716
0.0131169
0.0130194
0.0129408
0.0129539
0.013136
0.0133375
0.0134104
0.0133926
0.0134297
0.0136628
0.0139095
0.0139334
0.0140148
0.0143386
0.0145444
0.0145318
0.0146721
0.0149735
0.0151037
0.0152113
0.0155764
0.0158623
0.0158588
0.015982
0.0163738
0.0167519
0.016929
0.0170009
0.0172182
0.0176538
0.0179897
0.0181004
0.018296
0.0187157
0.0190547
0.0192331
0.0194995
0.0198991
0.020233
0.0204897
0.0208115
0.0211718
0.0215158
0.0218611
0.022226
0.0225777
0.022931
0.0233205
0.0237435
0.0241143
0.0244711
0.0249189
0.0253673
0.0257555
0.0261643
0.0266549
0.0271128
0.0275423
0.0280208
0.0285168
0.0290184
0.029503
0.0300296
0.0305466
0.031092
0.031628
0.0321917
0.0327643
0.0333425
0.0339355
0.0345309
0.035165
0.0357726
0.0364153
0.0370585
0.0377331
0.038399
0.0390816
0.0397912
0.0404934
0.0412246
0.0419674
0.0427155
0.0435132
0.0442737
0.0451284
0.0458826
0.0464252
0.0114473
0.0118331
0.012256
0.0126249
0.0129457
0.0131688
0.0132899
0.0133686
0.0133617
0.0132928
0.0132411
0.0132272
0.0131842
0.0130937
0.0130317
0.0130319
0.0131665
0.0133633
0.0134743
0.0135027
0.0135242
0.0136773
0.0139203
0.0140257
0.0140954
0.0143406
0.0145853
0.0146333
0.0147047
0.0149721
0.015182
0.0152739
0.0155524
0.0158877
0.0159544
0.0160133
0.0163444
0.0167617
0.0169915
0.0170519
0.0172136
0.0176404
0.0180232
0.0181449
0.0183029
0.0187119
0.0190779
0.0192608
0.0195039
0.0199024
0.0202523
0.0205055
0.0208184
0.0211804
0.0215244
0.0218682
0.0222355
0.022589
0.0229384
0.0233232
0.0237507
0.0241259
0.024476
0.0249212
0.025377
0.0257649
0.0261677
0.0266596
0.0271218
0.0275494
0.0280252
0.0285228
0.0290257
0.0295078
0.0300343
0.0305519
0.0310971
0.0316324
0.032196
0.032769
0.0333455
0.033938
0.0345332
0.0351684
0.0357746
0.0364174
0.0370615
0.0377352
0.0384006
0.0390824
0.0397939
0.0404952
0.0412256
0.0419687
0.0427175
0.0435158
0.0442761
0.045133
0.0458887
0.0464312
0.0114188
0.011819
0.0122678
0.0126548
0.012975
0.0132178
0.0133374
0.0133951
0.0134031
0.0133567
0.0133053
0.013277
0.0132438
0.0131656
0.0131129
0.0131127
0.013206
0.0133861
0.0135202
0.0135883
0.0136246
0.0137208
0.0139298
0.0140837
0.0141791
0.014372
0.0146088
0.0147201
0.0147671
0.0149695
0.0152269
0.0153512
0.0155545
0.0158852
0.0160339
0.0160768
0.0163248
0.016745
0.0170457
0.0171241
0.0172198
0.0176122
0.0180494
0.0182001
0.0183137
0.0187029
0.0190998
0.0192919
0.01951
0.0199028
0.0202703
0.0205245
0.020826
0.0211879
0.0215341
0.021875
0.0222438
0.0226013
0.0229475
0.0233253
0.0237564
0.0241388
0.0244825
0.0249224
0.0253866
0.0257756
0.0261715
0.026664
0.0271312
0.0275572
0.0280294
0.0285287
0.0290332
0.029513
0.0300391
0.0305575
0.0311021
0.0316367
0.0322003
0.032774
0.0333487
0.033941
0.0345361
0.0351717
0.0357766
0.0364194
0.0370645
0.0377372
0.0384023
0.0390834
0.0397967
0.0404972
0.0412265
0.0419702
0.0427195
0.0435185
0.0442788
0.0451375
0.0458947
0.0464374
0.0114011
0.0118026
0.0122698
0.0126799
0.0130031
0.0132532
0.0133867
0.0134301
0.013435
0.0134008
0.0133575
0.0133245
0.0132985
0.0132379
0.0131871
0.0131875
0.0132506
0.0134085
0.0135606
0.0136544
0.0137171
0.0137833
0.0139488
0.0141217
0.014245
0.0144192
0.0146303
0.0147843
0.0148485
0.0149859
0.0152477
0.0154227
0.0155862
0.0158774
0.0160829
0.0161536
0.0163318
0.0167126
0.0170739
0.0172086
0.0172506
0.0175739
0.0180575
0.018266
0.0183355
0.0186863
0.0191184
0.0193281
0.0195184
0.0199009
0.0202861
0.0205457
0.0208356
0.0211941
0.0215442
0.021883
0.0222509
0.0226133
0.0229589
0.0233275
0.0237601
0.0241521
0.0244907
0.0249224
0.0253954
0.0257876
0.0261754
0.0266673
0.0271407
0.0275657
0.0280336
0.0285346
0.0290408
0.0295181
0.0300438
0.0305634
0.0311071
0.0316411
0.0322047
0.0327789
0.0333515
0.033944
0.0345394
0.035175
0.035779
0.0364217
0.0370679
0.0377392
0.0384043
0.0390847
0.0397992
0.0404993
0.0412274
0.0419721
0.0427218
0.0435213
0.0442818
0.0451419
0.0459006
0.0464434
0.0114007
0.0117931
0.0122693
0.0127003
0.0130319
0.0132786
0.0134265
0.0134689
0.0134624
0.0134332
0.0133993
0.0133672
0.0133426
0.0132992
0.0132526
0.0132539
0.0133026
0.0134334
0.0135959
0.0137075
0.0137953
0.0138598
0.0139832
0.0141543
0.0142938
0.0144672
0.0146601
0.0148264
0.0149271
0.0150235
0.0152554
0.015476
0.0156349
0.0158836
0.0161117
0.0162254
0.0163694
0.0166857
0.0170696
0.0172863
0.0173141
0.0175402
0.0180362
0.0183323
0.018377
0.0186635
0.0191272
0.0193712
0.0195309
0.0198955
0.0202995
0.0205684
0.0208477
0.0212
0.0215535
0.0218918
0.0222579
0.0226243
0.0229723
0.0233319
0.0237617
0.0241652
0.0245015
0.0249246
0.0254034
0.0258006
0.02618
0.0266702
0.0271506
0.027575
0.0280376
0.0285404
0.0290487
0.0295236
0.0300487
0.0305696
0.0311121
0.0316455
0.0322094
0.0327839
0.0333545
0.0339471
0.0345429
0.0351777
0.0357814
0.0364239
0.0370712
0.0377412
0.0384065
0.0390866
0.0398018
0.0405017
0.0412285
0.0419742
0.0427243
0.043524
0.0442851
0.0451465
0.0459064
0.0464496
0.011412
0.0117946
0.0122721
0.0127153
0.0130589
0.0133028
0.0134559
0.0135068
0.0134944
0.0134597
0.0134262
0.0133972
0.0133758
0.0133472
0.0133112
0.0133133
0.0133571
0.0134596
0.0136218
0.0137526
0.0138563
0.0139358
0.0140315
0.0141903
0.0143386
0.0145097
0.0146988
0.0148606
0.0149922
0.0150802
0.0152639
0.0155067
0.0156833
0.0159011
0.0161321
0.0162794
0.0164213
0.0166832
0.0170465
0.0173388
0.0174035
0.0175335
0.0179885
0.0183826
0.0184446
0.018645
0.0191181
0.0194186
0.0195526
0.0198854
0.0203091
0.0205922
0.0208612
0.0212067
0.021562
0.0219005
0.0222655
0.0226335
0.022986
0.023338
0.0237612
0.0241767
0.0245139
0.0249228
0.0254094
0.0258143
0.0261849
0.0266722
0.0271601
0.0275849
0.0280414
0.0285459
0.0290568
0.0295292
0.0300536
0.030576
0.031117
0.0316499
0.0322146
0.0327888
0.0333573
0.0339505
0.0345471
0.0351805
0.0357841
0.0364265
0.0370742
0.0377429
0.0384084
0.0390887
0.039804
0.0405039
0.0412296
0.0419765
0.0427269
0.0435267
0.0442886
0.045151
0.0459119
0.0464554
0.0114252
0.0118017
0.012276
0.0127245
0.0130804
0.013327
0.0134805
0.0135405
0.0135272
0.0134823
0.0134443
0.0134178
0.0133995
0.0133815
0.0133595
0.0133625
0.0134067
0.0134917
0.013642
0.0137889
0.013903
0.0140017
0.0140902
0.0142287
0.0143794
0.0145431
0.0147358
0.0148977
0.0150437
0.0151473
0.0152879
0.0155246
0.0157277
0.0159281
0.0161538
0.01632
0.0164685
0.0167013
0.0170212
0.0173531
0.0174947
0.017568
0.0179322
0.018398
0.0185304
0.0186473
0.0190888
0.0194625
0.0195911
0.0198737
0.0203122
0.0206182
0.0208767
0.0212149
0.0215713
0.0219085
0.0222736
0.0226425
0.0230004
0.0233471
0.0237607
0.0241879
0.0245281
0.0249249
0.0254154
0.0258294
0.0261909
0.026674
0.0271699
0.0275959
0.0280457
0.0285516
0.0290653
0.0295351
0.0300587
0.0305826
0.0311222
0.0316545
0.0322201
0.0327936
0.0333605
0.0339542
0.0345514
0.0351829
0.035787
0.0364299
0.0370777
0.0377454
0.0384111
0.0390916
0.0398064
0.0405067
0.0412312
0.0419791
0.0427299
0.0435295
0.0442924
0.0451556
0.045917
0.0464617
0.0114383
0.0118088
0.0122775
0.0127268
0.0130915
0.0133443
0.0134983
0.0135627
0.0135547
0.0135062
0.0134601
0.0134302
0.0134136
0.0134033
0.0133949
0.0134021
0.0134492
0.0135259
0.013658
0.0138159
0.0139434
0.0140544
0.014149
0.0142705
0.0144185
0.0145756
0.0147653
0.014934
0.0150825
0.0152077
0.0153285
0.0155364
0.0157621
0.0159607
0.0161795
0.0163608
0.0165117
0.0167325
0.0170118
0.0173426
0.0175637
0.0176375
0.0178896
0.0183695
0.0186098
0.0186812
0.0190448
0.0194848
0.019646
0.0198652
0.0203026
0.0206441
0.0208935
0.021222
0.0215817
0.0219153
0.0222801
0.0226507
0.0230139
0.0233561
0.0237587
0.0241968
0.0245435
0.0249243
0.0254182
0.0258441
0.0261969
0.0266746
0.0271788
0.0276067
0.0280494
0.028556
0.0290731
0.0295407
0.0300634
0.0305885
0.0311269
0.0316587
0.0322254
0.0327976
0.0333631
0.0339579
0.0345555
0.0351849
0.0357894
0.0364329
0.0370799
0.0377468
0.038413
0.0390941
0.0398085
0.0405084
0.0412328
0.0419815
0.0427327
0.0435322
0.0442963
0.0451604
0.045922
0.0464672
0.0114543
0.0118184
0.0122793
0.0127231
0.0130898
0.0133474
0.0135025
0.0135698
0.013569
0.013522
0.0134686
0.0134343
0.0134194
0.0134155
0.0134208
0.013435
0.0134833
0.0135593
0.0136762
0.0138342
0.0139752
0.0140938
0.0141996
0.0143159
0.0144555
0.0146074
0.0147883
0.0149649
0.0151172
0.0152566
0.0153789
0.0155517
0.0157822
0.0159911
0.0162015
0.0163985
0.0165517
0.0167644
0.0170219
0.0173275
0.0176049
0.017729
0.017892
0.0183194
0.0186654
0.0187541
0.0190141
0.0194798
0.0197143
0.0198771
0.0202817
0.0206679
0.020917
0.0212287
0.0215947
0.0219246
0.0222847
0.0226593
0.0230299
0.0233681
0.0237575
0.0242068
0.0245606
0.0249271
0.0254213
0.0258603
0.0262058
0.0266756
0.0271878
0.0276191
0.0280553
0.0285613
0.0290817
0.0295479
0.0300696
0.030595
0.0311328
0.0316642
0.0322318
0.0328025
0.0333668
0.0339629
0.0345604
0.0351875
0.0357931
0.0364376
0.0370834
0.0377496
0.0384164
0.0390977
0.039811
0.0405115
0.0412353
0.0419844
0.042736
0.0435352
0.0443002
0.0451649
0.0459261
0.0464735
0.0114791
0.0118352
0.0122849
0.0127172
0.0130767
0.0133331
0.0134873
0.0135555
0.0135606
0.0135201
0.0134651
0.0134262
0.0134135
0.0134168
0.0134353
0.0134609
0.0135135
0.0135943
0.0137017
0.0138499
0.0140012
0.0141293
0.0142434
0.0143602
0.014491
0.0146366
0.0148066
0.0149851
0.0151462
0.0152937
0.0154267
0.0155768
0.0157937
0.016017
0.0162217
0.0164289
0.0165907
0.0167882
0.0170362
0.0173137
0.0176084
0.0178009
0.017927
0.0182625
0.0186686
0.0188329
0.0190081
0.019442
0.0197678
0.0199124
0.0202518
0.0206757
0.0209461
0.0212337
0.0216044
0.0219376
0.0222859
0.0226629
0.0230465
0.0233793
0.0237527
0.0242134
0.024579
0.0249284
0.0254205
0.0258755
0.0262155
0.0266753
0.0271945
0.0276304
0.0280607
0.0285647
0.0290882
0.0295541
0.0300746
0.0305994
0.0311374
0.0316688
0.0322365
0.0328056
0.0333693
0.0339671
0.0345639
0.0351887
0.0357955
0.036441
0.0370849
0.0377508
0.0384188
0.0391007
0.039813
0.0405121
0.0412375
0.041987
0.0427389
0.0435381
0.0443046
0.0451701
0.0459302
0.046479
0.0115209
0.0118663
0.0122984
0.0127113
0.013053
0.0132993
0.0134458
0.0135097
0.0135165
0.0134844
0.0134356
0.013398
0.0133921
0.0134059
0.0134374
0.0134781
0.0135395
0.0136274
0.0137345
0.0138729
0.0140274
0.0141657
0.0142848
0.0144064
0.014536
0.0146746
0.0148328
0.0150057
0.0151761
0.0153302
0.0154725
0.0156177
0.0158114
0.0160407
0.0162479
0.0164584
0.0166392
0.0168224
0.0170603
0.0173246
0.0176074
0.017854
0.0179966
0.0182461
0.0186435
0.0189012
0.0190465
0.0194035
0.0197956
0.0199725
0.0202366
0.0206656
0.0209797
0.021247
0.0216084
0.0219565
0.0222916
0.0226602
0.0230646
0.0233989
0.0237496
0.0242187
0.0246027
0.0249339
0.0254169
0.0258904
0.0262294
0.0266753
0.0271997
0.0276433
0.0280694
0.0285689
0.0290951
0.0295626
0.0300817
0.030605
0.0311438
0.0316754
0.0322423
0.0328102
0.0333737
0.0339732
0.0345686
0.0351914
0.0357999
0.0364466
0.037088
0.0377534
0.0384228
0.0391045
0.0398157
0.0405163
0.0412406
0.0419904
0.0427422
0.0435413
0.0443086
0.0451746
0.0459324
0.0464853
0.0115905
0.0119245
0.0123363
0.0127222
0.0130324
0.0132507
0.0133733
0.0134208
0.0134196
0.0133896
0.0133511
0.0133216
0.0133272
0.0133554
0.0134017
0.0134604
0.0135374
0.0136356
0.013749
0.0138806
0.01403
0.0141761
0.0143015
0.0144274
0.0145614
0.0146968
0.0148453
0.0150114
0.0151883
0.0153518
0.0155008
0.0156522
0.0158293
0.0160496
0.0162621
0.016471
0.0166693
0.0168505
0.0170724
0.0173341
0.0176005
0.0178697
0.0180552
0.0182601
0.0186054
0.0189281
0.0191024
0.0193812
0.0197896
0.0200305
0.0202453
0.0206403
0.0210019
0.0212709
0.0216063
0.0219715
0.0223053
0.0226498
0.023074
0.0234232
0.023744
0.0242142
0.0246253
0.0249437
0.0254086
0.025902
0.0262487
0.0266766
0.0272009
0.0276559
0.0280804
0.0285719
0.0290991
0.0295706
0.0300879
0.0306085
0.0311492
0.0316813
0.0322459
0.0328132
0.0333772
0.0339778
0.0345713
0.0351925
0.0358031
0.0364506
0.0370895
0.0377547
0.0384263
0.0391078
0.0398175
0.040518
0.0412434
0.0419932
0.0427452
0.0435446
0.0443135
0.0451805
0.045934
0.0464921
0.0116761
0.0120107
0.0124148
0.0127863
0.0130748
0.0132675
0.013365
0.0133899
0.0133752
0.0133401
0.0133083
0.0132852
0.0132965
0.0133356
0.013397
0.0134725
0.0135618
0.0136658
0.013781
0.0139074
0.0140459
0.0141949
0.014328
0.014456
0.0145925
0.0147267
0.0148675
0.0150259
0.0152035
0.0153736
0.0155282
0.0156876
0.0158611
0.0160677
0.0162814
0.0164915
0.0166987
0.0168898
0.0170971
0.0173505
0.0176062
0.0178726
0.0180982
0.0182968
0.0185818
0.0189252
0.0191522
0.0193884
0.0197668
0.0200674
0.0202781
0.020617
0.021005
0.0213024
0.0216077
0.0219781
0.0223279
0.0226451
0.023073
0.0234526
0.0237518
0.0242042
0.0246457
0.024962
0.0253976
0.0259068
0.0262706
0.026679
0.027196
0.0276661
0.0280945
0.0285749
0.0291006
0.0295791
0.0300954
0.0306123
0.0311554
0.0316883
0.0322494
0.0328171
0.0333827
0.0339837
0.0345748
0.0351947
0.035808
0.0364556
0.0370918
0.0377566
0.0384303
0.0391114
0.0398196
0.0405203
0.0412466
0.0419965
0.042748
0.0435477
0.044318
0.0451862
0.0459299
0.0464995
0.0115605
0.0117947
0.0121104
0.0124193
0.0126792
0.0128746
0.0130084
0.0130861
0.0131347
0.01316
0.013182
0.0132018
0.0132415
0.0133057
0.0133895
0.0134831
0.0135793
0.0136863
0.0137991
0.0139216
0.01405
0.0141946
0.014336
0.0144678
0.0146088
0.0147443
0.0148867
0.0150418
0.0152174
0.0153906
0.0155504
0.0157173
0.0158901
0.0160872
0.0162919
0.0165041
0.0167156
0.0169201
0.0171253
0.0173628
0.0176169
0.0178753
0.0181266
0.0183457
0.0185842
0.0189156
0.0191895
0.0194211
0.0197549
0.0200817
0.0203241
0.0206132
0.0209929
0.0213306
0.0216196
0.0219762
0.0223491
0.0226495
0.0230589
0.0234731
0.0237701
0.0241891
0.0246562
0.0249886
0.0253905
0.0259063
0.0262988
0.0266896
0.0271901
0.0276773
0.0281146
0.0285809
0.0291018
0.0295885
0.0301037
0.0306167
0.0311629
0.0316955
0.0322521
0.0328207
0.0333886
0.0339889
0.0345775
0.0351967
0.035813
0.0364606
0.037094
0.037759
0.0384349
0.0391157
0.0398217
0.0405224
0.04125
0.0419999
0.0427513
0.0435513
0.0443234
0.0451965
0.0459902
0.0465115
0.0127275
0.0126689
0.0125569
0.0124706
0.0124405
0.0124595
0.0125235
0.0126088
0.0127141
0.0128252
0.0129374
0.0130412
0.013141
0.0132483
0.0133589
0.0134706
0.013576
0.0136893
0.0138053
0.0139263
0.01405
0.0141835
0.0143281
0.0144609
0.0146036
0.0147411
0.0148897
0.0150474
0.0152154
0.015391
0.0155565
0.0157353
0.0159089
0.0161019
0.0163005
0.0165108
0.0167292
0.0169401
0.017152
0.0173718
0.0176195
0.0178765
0.0181299
0.0183773
0.018595
0.0188974
0.0192002
0.0194456
0.0197485
0.0200739
0.0203536
0.0206283
0.0209741
0.0213417
0.0216425
0.0219705
0.0223631
0.0226698
0.023043
0.0234827
0.0238026
0.0241776
0.0246554
0.0250192
0.0253843
0.0258936
0.0263227
0.0266999
0.0271751
0.0276808
0.0281325
0.0285836
0.0290985
0.0295948
0.0301092
0.0306191
0.0311694
0.0317007
0.0322523
0.0328239
0.0333948
0.0339929
0.034579
0.0351982
0.0358171
0.0364643
0.0370948
0.0377599
0.038438
0.0391185
0.0398231
0.0405245
0.0412528
0.0420027
0.0427535
0.0435538
0.0443276
0.0452014
0.0459768
0.0465162
0.0115981
0.0117499
0.0119731
0.0121821
0.0123569
0.0124902
0.0125929
0.0126714
0.0127449
0.0128252
0.0129163
0.0130172
0.0131179
0.0132242
0.0133347
0.0134544
0.0135743
0.0136979
0.0138241
0.0139479
0.0140748
0.014198
0.0143374
0.0144685
0.0146066
0.0147502
0.0149038
0.0150682
0.0152268
0.0154022
0.0155741
0.0157579
0.0159344
0.0161186
0.016318
0.0165211
0.0167433
0.0169615
0.017177
0.0173938
0.0176257
0.017891
0.0181403
0.0183998
0.0186301
0.0188964
0.0192102
0.0194754
0.019757
0.0200766
0.0203689
0.0206565
0.0209716
0.0213319
0.0216713
0.02197
0.0223574
0.0227005
0.0230276
0.0234697
0.0238419
0.0241744
0.0246409
0.0250555
0.0253922
0.0258781
0.0263522
0.0267257
0.0271648
0.0276876
0.0281597
0.0285933
0.0290997
0.0296057
0.0301179
0.0306245
0.0311804
0.031709
0.0322538
0.0328287
0.0334037
0.0339983
0.0345819
0.0352021
0.0358236
0.0364701
0.0370984
0.0377641
0.0384437
0.0391238
0.0398261
0.0405271
0.0412583
0.0420065
0.0427569
0.043557
0.0443319
0.0452122
0.0459844
0.0465259
0.0128467
0.0126763
0.0124342
0.0122115
0.0120567
0.0119833
0.0119958
0.0120843
0.0122266
0.0124078
0.0126086
0.0128142
0.012999
0.0131596
0.0133012
0.0134363
0.0135706
0.0137001
0.0138307
0.0139525
0.014077
0.0141938
0.0143223
0.0144513
0.0145853
0.0147383
0.0148987
0.0150682
0.0152256
0.0153978
0.0155791
0.0157633
0.0159461
0.016126
0.0163255
0.0165302
0.0167465
0.0169753
0.017188
0.0174068
0.017628
0.0178911
0.0181488
0.0183979
0.0186503
0.0189003
0.0192019
0.0194948
0.019759
0.0200771
0.0203734
0.0206693
0.0209876
0.0213131
0.0216862
0.0219884
0.0223386
0.0227296
0.0230376
0.023441
0.023875
0.0241897
0.0246134
0.025079
0.0254081
0.0258508
0.0263622
0.0267501
0.0271487
0.027678
0.0281776
0.0285985
0.029093
0.0296097
0.0301215
0.0306235
0.0311858
0.0317142
0.0322517
0.032829
0.033409
0.034001
0.0345816
0.0352027
0.0358263
0.0364723
0.0370981
0.0377642
0.0384454
0.0391254
0.0398265
0.0405279
0.0412575
0.0420083
0.0427583
0.0435586
0.0443348
0.0452119
0.0459812
0.0465271
0.0125493
0.012261
0.0119223
0.0116419
0.0114694
0.0114228
0.0114988
0.0116721
0.0119042
0.0121685
0.0124408
0.0127027
0.0129318
0.0131211
0.0132815
0.0134253
0.0135657
0.013697
0.0138258
0.0139457
0.014068
0.0141871
0.0143112
0.0144383
0.0145723
0.0147297
0.0148962
0.015066
0.0152264
0.015395
0.0155792
0.0157642
0.0159467
0.0161281
0.0163244
0.0165339
0.0167478
0.0169811
0.0171972
0.0174145
0.0176389
0.0178955
0.0181611
0.0184059
0.0186624
0.0189201
0.0192033
0.0195093
0.0197706
0.0200792
0.0203833
0.0206749
0.0210043
0.0213132
0.0216824
0.0220092
0.022331
0.0227333
0.023063
0.0234249
0.0238802
0.0242195
0.0246035
0.0250846
0.0254389
0.0258499
0.0263658
0.0267802
0.0271604
0.0276779
0.028195
0.0286169
0.029099
0.0296187
0.0301332
0.0306303
0.0311944
0.0317247
0.0322579
0.0328336
0.0334167
0.0340082
0.0345872
0.0352079
0.0358328
0.0364792
0.0371036
0.0377697
0.0384515
0.0391314
0.0398311
0.0405316
0.0412621
0.0420132
0.0427616
0.0435609
0.0443363
0.0452184
0.0459896
0.0465366
)
;

boundaryField
{
    zeroGradientPlanes
    {
        type            zeroGradient;
    }
    inlet
    {
        type            zeroGradient;
    }
    plate
    {
        type            zeroGradient;
    }
    frontAndBack
    {
        type            empty;
    }
}


// ************************************************************************* //
