/*--------------------------------*- C++ -*----------------------------------*\
| =========                 |                                                 |
| \\      /  F ield         | OpenFOAM: The Open Source CFD Toolbox           |
|  \\    /   O peration     | Version:  v1912                                 |
|   \\  /    A nd           | Website:  www.openfoam.com                      |
|    \\/     M anipulation  |                                                 |
\*---------------------------------------------------------------------------*/
FoamFile
{
    version     2.0;
    format      ascii;
    class       volScalarField;
    location    "8.45";
    object      p;
}
// * * * * * * * * * * * * * * * * * * * * * * * * * * * * * * * * * * * * * //

dimensions      [0 2 -2 0 0 0 0];


internalField   nonuniform List<scalar> 
9600
(
-1.76841e-10
-8.30163e-05
-0.00765634
-0.00186816
0.000995124
-0.00696632
0.00230933
0.00797464
0.00694871
0.00732812
0.00589131
0.00569295
0.00623629
0.00770917
0.00846935
0.0106857
0.00973134
0.0116773
0.011736
0.0144908
1.91756e-06
-9.2473e-05
-0.00752238
-0.00188652
0.000982558
-0.00673012
0.00230086
0.00787701
0.00695886
0.00726484
0.00591881
0.00568779
0.00623811
0.0077268
0.00847643
0.0106716
0.00975449
0.0116314
0.011821
0.0143315
4.07278e-06
-0.00010139
-0.00745071
-0.00190213
0.000977989
-0.00653107
0.00228043
0.00781695
0.00696782
0.00720633
0.00595123
0.00571217
0.00624567
0.00774821
0.00849169
0.0106388
0.00979167
0.0115691
0.0118749
0.0141213
6.37447e-06
-0.000111406
-0.00737212
-0.00189878
0.000973701
-0.00633334
0.00226439
0.00774347
0.00696436
0.00714439
0.00598377
0.00576642
0.00624513
0.00776871
0.0085118
0.010591
0.00983642
0.011498
0.0119104
0.0139085
8.92321e-06
-0.000121661
-0.00728475
-0.00187967
0.00096562
-0.00613586
0.00225342
0.00765834
0.00695184
0.00708244
0.00601873
0.00583488
0.00623617
0.00778647
0.00853235
0.0105376
0.00988504
0.0114238
0.0119302
0.0137025
1.18629e-05
-0.000131503
-0.0071871
-0.00184991
0.000950645
-0.0059354
0.00224818
0.00756597
0.00693597
0.00702066
0.00605644
0.00590873
0.00622317
0.00779961
0.00855469
0.0104848
0.00993393
0.0113525
0.0119357
0.013501
1.53074e-05
-0.000140651
-0.00707862
-0.00181358
0.000927299
-0.00572931
0.00224845
0.00746983
0.00692004
0.00695788
0.00609599
0.00598418
0.006212
0.00780893
0.00858071
0.0104335
0.00998056
0.0112861
0.0119265
0.0133011
1.93302e-05
-0.000148982
-0.00696002
-0.00177466
0.00089649
-0.00551694
0.00225235
0.00737212
0.00690583
0.00689286
0.00613688
0.00606083
0.00620775
0.00781613
0.00861009
0.0103841
0.0100245
0.0112218
0.011901
0.0131031
2.40009e-05
-0.000156487
-0.00683284
-0.00173579
0.000860486
-0.00529916
0.00225764
0.00727404
0.0068943
0.00682498
0.00617924
0.00613954
0.00621364
0.00782267
0.00864105
0.0103376
0.0100646
0.0111599
0.0118614
0.0129091
2.93887e-05
-0.000163235
-0.00669865
-0.00169824
0.000821576
-0.00507738
0.00226287
0.00717603
0.00688551
0.00675423
0.0062234
0.00622091
0.0062305
0.00782976
0.00867164
0.0102949
0.0100991
0.0110997
0.0118115
0.0127173
3.55615e-05
-0.000169334
-0.00655873
-0.00166231
0.0007816
-0.00485272
0.0022676
0.00707798
0.00687864
0.00668105
0.00626972
0.00630459
0.00625697
0.00783855
0.00869961
0.0102555
0.0101274
0.0110416
0.0117525
0.0125229
4.25874e-05
-0.000174903
-0.00641409
-0.00162761
0.000742177
-0.00462587
0.00227205
0.00697938
0.00687231
0.00660633
0.00631815
0.00638927
0.00629073
0.00784987
0.00872282
0.0102193
0.0101492
0.0109831
0.0116839
0.0123248
5.05355e-05
-0.000180026
-0.0062655
-0.00159322
0.00070493
-0.00439713
0.00227674
0.00687964
0.00686528
0.00653125
0.00636813
0.00647349
0.00632908
0.00786419
0.00873996
0.0101861
0.0101643
0.0109209
0.011608
0.0121252
5.94796e-05
-0.000184717
-0.00611349
-0.00155783
0.000671464
-0.00416658
0.00228232
0.00677844
0.00685666
0.00645698
0.00641893
0.0065563
0.0063693
0.00788193
0.00875051
0.0101554
0.0101732
0.0108522
0.0115327
0.0119264
6.95007e-05
-0.000188905
-0.00595834
-0.00152018
0.000643155
-0.00393416
0.00228938
0.00667574
0.00684594
0.00638447
0.00646982
0.00663741
0.00640924
0.00790348
0.00875455
0.0101264
0.0101777
0.0107749
0.0114579
0.0117294
8.06915e-05
-0.000192439
-0.00580011
-0.00147932
0.000620897
-0.00369984
0.0022985
0.00657174
0.00683292
0.0063145
0.00651995
0.00671703
0.00644741
0.00792916
0.00875294
0.0100973
0.0101805
0.0106877
0.0113813
0.0115383
9.31501e-05
-0.000195133
-0.00563866
-0.00143477
0.000605112
-0.00346365
0.00231004
0.00646683
0.0068176
0.00624759
0.00656855
0.00679591
0.00648279
0.00795909
0.00874742
0.0100659
0.0101842
0.0105896
0.0113007
0.0113594
0.000106976
-0.000196785
-0.00547379
-0.00138657
0.000595841
-0.00322573
0.00232417
0.00636154
0.00680005
0.00618406
0.0066149
0.00687504
0.00651476
0.00799289
0.00874018
0.0100292
0.0101913
0.010482
0.0112132
0.011202
0.000122273
-0.000197189
-0.00530529
-0.00133509
0.000592921
-0.00298626
0.00234085
0.00625646
0.0067804
0.00612416
0.00665823
0.00695535
0.00654307
0.00802972
0.00873371
0.0099843
0.0102031
0.0103679
0.011115
0.0110685
0.000139141
-0.000196134
-0.00513306
-0.00128091
0.000596169
-0.00274553
0.00235991
0.00615225
0.0067588
0.00606807
0.00669774
0.00703765
0.00656768
0.00806827
0.0087308
0.00992849
0.0102198
0.0102512
0.0110023
0.010959
0.000157671
-0.000193397
-0.00495712
-0.00122459
0.000605442
-0.00250382
0.00238111
0.00604963
0.00673528
0.0060159
0.00673272
0.00712271
0.00658888
0.00810659
0.00873446
0.00986008
0.0102398
0.0101376
0.0108712
0.0108728
0.000177945
-0.000188735
-0.00477754
-0.00116657
0.000620653
-0.00226139
0.00240417
0.00594921
0.00670983
0.00596774
0.00676266
0.00721106
0.0066073
0.00814225
0.00874762
0.00977879
0.0102595
0.0100338
0.0107195
0.0108195
0.000200042
-0.000181888
-0.00459445
-0.00110716
0.000641726
-0.00201842
0.00242877
0.00585151
0.00668261
0.00592369
0.00678711
0.00730281
0.00662402
0.00817262
0.00877244
0.0096858
0.0102733
0.00994723
0.010547
0.0107663
0.000224034
-0.00017257
-0.00440805
-0.0010465
0.000668596
-0.00177501
0.00245461
0.00575703
0.00665385
0.00588385
0.00680561
0.00739771
0.00664039
0.00819501
0.00881014
0.0095839
0.0102744
0.00988396
0.010358
0.0107095
0.000249976
-0.000160462
-0.00421855
-0.000984626
0.000701219
-0.0015312
0.00248145
0.00566612
0.00662383
0.00584826
0.0068178
0.00749543
0.00665793
0.00820678
0.00886106
0.00947733
0.0102564
0.00984726
0.01016
0.0106356
0.000277926
-0.000145218
-0.00402622
-0.000921443
0.000739463
-0.00128703
0.00250916
0.00557891
0.00659293
0.00581698
0.00682337
0.00759564
0.0066786
0.00820514
0.00892429
0.00937173
0.0102134
0.00983692
0.00996382
0.0105332
0.00030793
-0.000126464
-0.00383132
-0.000856736
0.000783177
-0.00104258
0.00253769
0.00549541
0.00656171
0.00579008
0.00682198
0.00769745
0.00670477
0.00818762
0.0089976
0.00927406
0.0101417
0.00984811
0.00978298
0.0103962
0.000340012
-0.00010379
-0.00363417
-0.000790249
0.000832206
-0.000797945
0.0025671
0.00541545
0.00653086
0.0057678
0.00681346
0.00779959
0.00673874
0.00815254
0.0090776
0.00919156
0.01004
0.00987184
0.00963146
0.010226
0.00037421
-7.67676e-05
-0.00343508
-0.000721652
0.000886316
-0.000553244
0.00259776
0.00533858
0.00650114
0.00575065
0.00679761
0.00790069
0.00678288
0.00809913
0.00915923
0.00913084
0.0099106
0.00989607
0.00952064
0.0100324
0.000410526
-4.49346e-05
-0.00323433
-0.000650585
0.000945391
-0.000308757
0.00263022
0.00526422
0.00647308
0.00573928
0.00677408
0.00799907
0.00683986
0.00802773
0.00923609
0.00909795
0.00975894
0.00990749
0.00945674
0.00983171
0.000448949
-7.83502e-06
-0.00303223
-0.000576644
0.00100941
-6.49733e-05
0.00266528
0.0051918
0.00644695
0.00573467
0.00674292
0.00809258
0.00691207
0.0079401
0.0093009
0.0090978
0.0095936
0.00989371
0.00943774
0.00964192
0.000489509
3.49704e-05
-0.00282909
-0.000499355
0.00107827
0.00017737
0.00270425
0.00512083
0.00642246
0.00573813
0.0067047
0.0081785
0.00700134
0.0078397
0.00934571
0.00913219
0.00942607
0.00984545
0.0095033
0.0094908
0.000532139
8.4026e-05
-0.00262513
-0.000418433
0.00115206
0.000417325
0.00274872
0.00505144
0.00639878
0.00575072
0.00666035
0.00825402
0.00710858
0.00773154
0.00936348
0.00919894
0.00926954
0.00975685
0.00954415
0.00940179
0.000576823
0.000139765
-0.00242047
-0.000333685
0.00123105
0.000653804
0.00280012
0.00498418
0.00637459
0.00577349
0.00661108
0.00831578
0.00723408
0.00762224
0.00934818
0.0092914
0.00913835
0.00963199
0.00958023
0.00938151
0.000623548
0.000202605
-0.00221516
-0.00024499
0.00131543
0.000885629
0.0028596
0.00492015
0.00634831
0.00580715
0.00655898
0.00835985
0.00737659
0.00751969
0.00929602
0.00939975
0.00904467
0.00946876
0.00958762
0.009413
0.000672276
0.000272962
-0.00200907
-0.00015257
0.00140571
0.00111182
0.00292758
0.00486122
0.00631852
0.00585127
0.00650757
0.00838324
0.00753356
0.00743179
0.00920659
0.00951241
0.00899581
0.00929286
0.00955661
0.00947594
0.000722989
0.00035123
-0.0018022
-5.69339e-05
0.00150238
0.00133194
0.00300377
0.00480969
0.00628422
0.00590443
0.00646075
0.00838446
0.00770023
0.00736538
0.0090834
0.00961686
0.00899517
0.00909999
0.00948715
0.00954451
0.000775729
0.000437612
-0.00159402
4.11446e-05
0.00158852
0.001546
0.00308678
0.0047681
0.00624545
0.00596425
0.00642158
0.00836289
0.00787584
0.00732679
0.00893174
0.00969983
0.00904358
0.00894839
0.00938945
0.00959719
0.000830546
0.000532241
-0.0013838
0.000140757
0.00170028
0.00175461
0.00317434
0.00473858
0.00620321
0.00602746
0.00639313
0.00831965
0.0080364
0.00732081
0.00875998
0.00975546
0.0091365
0.0087961
0.00927318
0.00963363
0.000887554
0.000635003
-0.00117013
0.000240838
0.00181926
0.00195093
0.00326379
0.00472272
0.00615996
0.00609002
0.00637692
0.00825836
0.00818145
0.00734815
0.00858098
0.00976763
0.00926679
0.00873261
0.00914946
0.00965436
0.000946954
0.000745706
-0.000952181
0.000340316
0.00194495
0.00215013
0.00335313
0.00472084
0.00611912
0.00614918
0.00637244
0.00818303
0.0083071
0.00740709
0.00840452
0.00973686
0.00941925
0.00873145
0.0090339
0.00966176
0.00100903
0.000863945
-0.000728896
0.000438558
0.00207592
0.00235244
0.00344155
0.00473157
0.00608448
0.00620291
0.00637924
0.00809922
0.00841062
0.00748906
0.00823517
0.00966281
0.00956901
0.00879866
0.00895009
0.00967288
0.00107414
0.000989141
-0.000501329
0.000535487
0.00220972
0.00255917
0.00352916
0.00475193
0.00605984
0.00625139
0.00639284
0.00801359
0.00849411
0.00758979
0.0080793
0.0095365
0.00968009
0.00889345
0.00889792
0.00971457
0.00114285
0.00112056
-0.000264616
0.000631726
0.00234298
0.00277229
0.00361771
0.00477751
0.0060472
0.00629746
0.00640951
0.00792812
0.00856055
0.00770457
0.00796398
0.00940005
0.00979075
0.00904537
0.00886512
0.00964804
0.0012157
0.00125714
-1.87862e-05
0.000728983
0.00247128
0.00299201
0.0037102
0.00480495
0.00604744
0.00634467
0.00642878
0.00784305
0.00861342
0.00785565
0.00789796
0.00925035
0.00985413
0.00918668
0.00881935
0.00948061
0.00129326
0.00139815
0.000235638
0.000829139
0.0025908
0.00321839
0.00381185
0.00483092
0.00605917
0.00639912
0.00645062
0.00775711
0.00865272
0.00802257
0.00789842
0.00912349
0.00990372
0.00934953
0.00880775
0.00923846
0.00137622
0.00154233
0.000499045
0.000934992
0.00269806
0.00344866
0.00392844
0.00485487
0.00607873
0.00646372
0.00647892
0.00767399
0.00867615
0.00817469
0.00785267
0.00891498
0.0098436
0.00947211
0.00885441
0.00918452
0.00146517
0.00168914
0.000770565
0.00104952
0.00279054
0.00367964
0.00406505
0.00487831
0.00609989
0.00654183
0.00651857
0.0075879
0.00867259
0.00835558
0.00795131
0.00879036
0.00978611
0.0096085
0.00891966
0.00900923
0.00156119
0.00183726
0.0010491
0.00117594
0.00286828
0.00390463
0.00422508
0.00490531
0.0061162
0.0066333
0.00657844
0.00750188
0.00863557
0.00851591
0.00803602
0.00863813
0.00963888
0.00969396
0.00901944
0.00893865
0.00166521
0.00198563
0.00133259
0.00131773
0.00293211
0.00411696
0.00440832
0.0049431
0.00612481
0.00673153
0.00666381
0.00742135
0.0085576
0.00863507
0.00816818
0.00854244
0.00947177
0.00974491
0.00917756
0.00895944
0.0017781
0.00213378
0.00161735
0.00147873
0.00298513
0.00430997
0.00461205
0.00499877
0.00612493
0.00682688
0.00677381
0.00735704
0.00844709
0.00871614
0.00832529
0.00851212
0.00930642
0.00973572
0.00935869
0.00903753
0.00190091
0.002281
0.00190072
0.00166142
0.00303269
0.00447715
0.00482944
0.0050794
0.00612042
0.0069088
0.00690241
0.00732249
0.00832604
0.0087555
0.00848822
0.00854362
0.009169
0.00967186
0.00951619
0.00917395
0.00203421
0.00242727
0.00217892
0.00186737
0.00308189
0.00461374
0.00505164
0.00518884
0.00611579
0.00697276
0.00704319
0.00732608
0.00821009
0.00875701
0.00863455
0.00861804
0.00908587
0.00958543
0.0096157
0.00934726
0.0021783
0.0025727
0.00244879
0.00209746
0.00314016
0.00471778
0.0052674
0.00532694
0.00611961
0.00701991
0.00718649
0.00736844
0.00811231
0.00872629
0.00875336
0.00872205
0.00906135
0.00950695
0.00965705
0.00951714
0.00233308
0.00271842
0.00270778
0.00234969
0.00321404
0.00479055
0.00546699
0.00549109
0.00614003
0.00705272
0.00732371
0.0074456
0.00804401
0.00867482
0.00884205
0.00883877
0.00907987
0.0094604
0.00966953
0.00964678
0.00249805
0.00286636
0.00295446
0.00261958
0.00330855
0.00483763
0.0056431
0.00567305
0.00618125
0.00707643
0.0074504
0.00755079
0.00801267
0.00861622
0.00889711
0.00895532
0.00912909
0.00944667
0.00968159
0.00974247
0.00267258
0.00301955
0.00318816
0.00290057
0.00342793
0.00487005
0.00578971
0.00586318
0.00624598
0.00709625
0.0075633
0.00767608
0.00802049
0.00856391
0.00892075
0.00906198
0.00920693
0.00946008
0.00970748
0.00983107
0.00285573
0.00317959
0.00340895
0.00318479
0.00357443
0.00490082
0.00590449
0.00605147
0.00633457
0.00711607
0.00766146
0.00781508
0.00806557
0.00853052
0.00892379
0.00914543
0.00930491
0.00950205
0.00974137
0.00991949
0.00304639
0.00334594
0.00361762
0.00346466
0.00374857
0.00494054
0.00598992
0.0062303
0.00644488
0.00714211
0.00774313
0.00795868
0.00814455
0.00852363
0.00891915
0.0092003
0.00940525
0.00957616
0.00978477
0.0100054
0.00324312
0.00351884
0.00381602
0.00373507
0.0039461
0.00499529
0.00605449
0.00639577
0.00657371
0.00717818
0.00780843
0.00809843
0.00825222
0.0085458
0.00891983
0.00923645
0.00948829
0.00967294
0.00984766
0.0100846
0.00344437
0.0036981
0.00400623
0.003993
0.00415908
0.00506877
0.00610843
0.00654539
0.00671731
0.00722747
0.00785996
0.00822635
0.00838133
0.00859951
0.00893336
0.00926514
0.00954781
0.00977184
0.00993651
0.010164
0.00364866
0.00388304
0.00419042
0.00423718
0.00438113
0.00516281
0.00615989
0.00667785
0.00686999
0.00729478
0.00790289
0.00833541
0.0085228
0.00868623
0.00896396
0.00929433
0.00959325
0.00985545
0.0100449
0.0102564
0.00385435
0.00407261
0.00437091
0.00446752
0.00460701
0.00527653
0.0062151
0.0067944
0.0070249
0.00738315
0.00794497
0.00842297
0.00866265
0.00880071
0.00901943
0.00933075
0.00963509
0.00991846
0.010153
0.0103657
0.00405991
0.00426555
0.00454946
0.00468471
0.00483198
0.00540796
0.00627849
0.00689823
0.00717574
0.00749039
0.00799534
0.00849355
0.00878883
0.00893327
0.00910463
0.00938102
0.00967965
0.00996762
0.0102441
0.0104864
0.00426393
0.00446035
0.00472713
0.00488972
0.00505253
0.00555404
0.00635238
0.00699296
0.00731891
0.00761121
0.00806104
0.00855528
0.008897
0.0090699
0.00921357
0.00945143
0.00973558
0.010015
0.0103131
0.0106024
0.00446515
0.00465555
0.0049043
0.00508379
0.00526577
0.00571096
0.00643845
0.00708221
0.00745242
0.00774059
0.00814377
0.00861586
0.00898853
0.00920119
0.00933827
0.00954046
0.00980686
0.010072
0.0103692
0.010699
0.00466226
0.0048494
0.00508081
0.00526825
0.00546965
0.00587428
0.0065369
0.00716989
0.0075753
0.00787341
0.00824248
0.00868324
0.00906801
0.00932118
0.0094726
0.00964502
0.00989089
0.0101455
0.0104258
0.010774
0.00485411
0.00503999
0.00525612
0.00544394
0.00566321
0.0060403
0.00664613
0.00725891
0.00768847
0.00800471
0.00835361
0.00876285
0.00914296
0.00942479
0.00960766
0.00976465
0.00998451
0.0102345
0.0104967
0.0108418
0.00503938
0.00522567
0.00542931
0.00561145
0.0058448
0.00620574
0.00676423
0.00735115
0.00779464
0.00813099
0.00847108
0.00885556
0.00922415
0.00951624
0.00973096
0.0098941
0.0100856
0.0103297
0.0105843
0.0109147
0.00521696
0.00540362
0.0055986
0.00577195
0.00601424
0.00636664
0.00688791
0.00744673
0.00789656
0.00825216
0.00859038
0.00895643
0.00931737
0.00960826
0.00983968
0.0100245
0.0101975
0.010426
0.0106778
0.010993
0.00538559
0.00557301
0.00576145
0.0059244
0.00617114
0.00652131
0.00701453
0.0075437
0.00799402
0.00836915
0.00871072
0.00906181
0.00941857
0.00971021
0.00994279
0.0101497
0.0103225
0.0105289
0.0107746
0.0110779
0.00554342
0.0057305
0.00591625
0.00606919
0.00631527
0.00666566
0.00714108
0.00764357
0.00808678
0.00847774
0.00883035
0.00917312
0.00952417
0.00982398
0.0100527
0.0102683
0.0104536
0.0106422
0.0108755
0.011169
0.00568914
0.00587484
0.00605875
0.00620471
0.0064479
0.00679839
0.00726106
0.00774364
0.00817861
0.00857542
0.00894246
0.00928892
0.00963348
0.00994534
0.0101813
0.0103946
0.0105918
0.0107713
0.0109832
0.011261
0.00581997
0.00600463
0.00618706
0.00632795
0.00656757
0.00691992
0.00737233
0.00783738
0.00826888
0.00866497
0.00903984
0.00940201
0.00974591
0.0100706
0.0103274
0.0105464
0.0107579
0.0109433
0.0111391
0.0113926
0.00593304
0.00611557
0.00629838
0.00643787
0.00667368
0.00702659
0.00747411
0.00792426
0.00835179
0.00874889
0.00911975
0.00949406
0.00984015
0.0101647
0.0104404
0.0106718
0.0109047
0.01113
0.0113595
0.0116353
0.00602625
0.00620675
0.00638839
0.00653008
0.00676608
0.00711734
0.00755835
0.00800061
0.00843262
0.00885697
0.00926286
0.00967018
0.0100501
0.0103891
0.0106602
0.0108541
0.0110092
0.0111447
0.0112758
0.0114506
0.00609396
0.00627311
0.00645497
0.00660301
0.00684376
0.0071954
0.00761162
0.00799987
0.00836337
0.0087334
0.00916125
0.0096494
0.010112
0.010541
0.0109304
0.0112948
0.0116809
0.0120996
0.0125197
0.0128852
0.00612735
0.00631496
0.00651179
0.00667107
0.00692077
0.00728433
0.00772378
0.00815226
0.00858428
0.00901052
0.00942367
0.00986124
0.0102608
0.0106068
0.0108977
0.0111028
0.0112395
0.0113444
0.0114464
0.0115827
0.00609386
0.00627698
0.00651641
0.00672736
0.00700996
0.00737735
0.00780195
0.00820243
0.00858613
0.00897545
0.00935738
0.00976513
0.0102067
0.0106409
0.0110738
0.0115105
0.011941
0.0123686
0.0127576
0.0130685
0.00609037
0.00626876
0.00651823
0.00674094
0.00703553
0.00740896
0.00782806
0.00822603
0.00861861
0.009032
0.00945616
0.00988576
0.0103309
0.0107602
0.0111391
0.0114846
0.0117959
0.0120877
0.0123449
0.0125465
0.0169878
0.0129065
0.00712603
0.00251494
0.00169886
0.00304681
0.00415938
0.00501681
0.00624546
0.00773106
0.00911648
0.0102472
0.0111239
0.0118945
0.0125602
0.0131694
0.0139809
0.0148561
0.0155794
0.0163251
0.0171295
0.0179356
0.0187458
0.0193773
0.0197304
0.0199158
0.0200563
0.0202531
0.0206951
0.0215225
0.0227063
0.0239927
0.0250392
0.0257562
0.0263645
0.0271311
0.0279483
0.028607
0.0294978
0.0306096
0.0311554
0.031167
0.031439
0.0323015
0.0332839
0.0340959
0.0350085
0.0361927
0.0375021
0.0386455
0.039527
0.0403512
0.0411312
0.0419205
0.0428694
0.0439092
0.0450018
0.0460817
0.0470028
0.0480105
0.0492737
0.0505691
0.0517938
0.0529945
0.0541913
0.0553746
0.0566044
0.0578829
0.059188
0.0605372
0.0618617
0.0632437
0.0647053
0.0661892
0.0675765
0.0689888
0.0705111
0.0720658
0.0736825
0.0753285
0.0769923
0.0785695
0.0802115
0.0819027
0.0836756
0.0854977
0.0873287
0.0891212
0.0909632
0.0929299
0.0948568
0.0968444
0.0987973
0.100869
0.102967
0.105039
0.107205
0.109346
0.111325
0.113335
0.0165594
0.0128132
0.00722359
0.0026758
0.00179923
0.00309702
0.00418627
0.00503058
0.00625324
0.00773642
0.00912135
0.0102526
0.0111295
0.0119003
0.0125656
0.0131736
0.0139846
0.0148599
0.0155827
0.0163279
0.0171321
0.0179379
0.0187482
0.0193798
0.0197328
0.0199179
0.0200582
0.0202546
0.0206964
0.0215236
0.0227075
0.0239943
0.025041
0.0257579
0.0263658
0.0271323
0.0279497
0.028608
0.0294985
0.030611
0.0311571
0.031168
0.0314394
0.0323021
0.0332847
0.0340966
0.035009
0.0361931
0.0375026
0.038646
0.0395275
0.0403517
0.0411317
0.0419209
0.0428697
0.0439095
0.0450022
0.0460821
0.0470032
0.0480107
0.0492739
0.0505694
0.051794
0.0529948
0.0541915
0.0553749
0.0566047
0.0578831
0.0591883
0.0605375
0.061862
0.0632439
0.0647055
0.0661894
0.0675767
0.068989
0.0705112
0.072066
0.0736826
0.0753286
0.0769925
0.0785697
0.0802117
0.0819028
0.0836757
0.0854979
0.0873288
0.0891213
0.0909633
0.09293
0.0948569
0.0968445
0.0987974
0.100869
0.102967
0.105039
0.107205
0.109346
0.111325
0.113336
0.016096
0.0126648
0.00736602
0.00294742
0.00195253
0.00315084
0.00422035
0.00505857
0.00627294
0.0077484
0.00912771
0.0102561
0.0111326
0.0119042
0.0125702
0.0131778
0.0139883
0.0148634
0.0155857
0.0163307
0.0171347
0.0179402
0.0187505
0.0193823
0.0197351
0.0199198
0.0200595
0.0202555
0.0206968
0.0215241
0.0227084
0.0239958
0.0250428
0.0257594
0.0263668
0.0271332
0.027951
0.0286088
0.0294988
0.0306126
0.031159
0.0311685
0.0314392
0.0323025
0.0332855
0.0340971
0.0350091
0.0361934
0.0375032
0.0386467
0.039528
0.0403522
0.0411321
0.0419211
0.0428699
0.0439098
0.0450025
0.0460825
0.0470035
0.0480108
0.0492741
0.0505697
0.0517943
0.052995
0.0541918
0.0553751
0.0566048
0.0578833
0.0591884
0.0605376
0.0618621
0.063244
0.0647057
0.0661896
0.0675769
0.0689892
0.0705114
0.0720661
0.0736828
0.0753288
0.0769926
0.0785698
0.0802118
0.0819029
0.0836758
0.085498
0.0873289
0.0891214
0.0909634
0.0929301
0.094857
0.0968446
0.0987975
0.100869
0.102967
0.105039
0.107205
0.109346
0.111325
0.113336
0.0156599
0.0125174
0.00754045
0.00328494
0.00216048
0.00323204
0.00427966
0.00511366
0.00631489
0.00777434
0.00914016
0.0102606
0.0111345
0.0119071
0.0125753
0.0131836
0.0139933
0.0148673
0.0155889
0.016334
0.0171381
0.0179432
0.0187533
0.0193853
0.019738
0.0199221
0.0200609
0.020256
0.020697
0.0215244
0.0227094
0.0239975
0.0250446
0.0257609
0.0263678
0.0271341
0.0279525
0.0286096
0.0294991
0.0306147
0.0311615
0.031169
0.0314388
0.0323028
0.0332865
0.0340975
0.0350092
0.0361937
0.0375039
0.0386475
0.0395286
0.0403527
0.0411326
0.0419213
0.0428701
0.0439101
0.0450028
0.046083
0.0470037
0.0480108
0.0492742
0.05057
0.0517946
0.0529952
0.054192
0.0553753
0.056605
0.0578835
0.0591886
0.0605378
0.0618623
0.0632441
0.0647058
0.0661898
0.0675771
0.0689893
0.0705115
0.0720663
0.0736829
0.0753289
0.0769928
0.0785699
0.0802119
0.081903
0.0836759
0.0854981
0.0873291
0.0891215
0.0909634
0.0929302
0.0948571
0.0968447
0.0987975
0.100869
0.102967
0.105039
0.107205
0.109346
0.111325
0.113336
0.0152424
0.0123721
0.00772589
0.00364223
0.00239301
0.0033271
0.00435354
0.00519031
0.00637818
0.00781539
0.00916068
0.0102681
0.011137
0.0119101
0.0125815
0.0131917
0.0140001
0.0148718
0.0155926
0.016338
0.0171422
0.0179465
0.0187559
0.0193881
0.0197415
0.0199253
0.0200629
0.0202567
0.0206973
0.0215253
0.0227108
0.0239991
0.0250463
0.0257623
0.0263686
0.0271348
0.027954
0.0286105
0.0294995
0.0306174
0.0311646
0.0311696
0.0314381
0.0323034
0.0332878
0.034098
0.0350093
0.0361943
0.0375049
0.0386485
0.0395293
0.0403533
0.0411331
0.0419215
0.0428704
0.0439104
0.0450032
0.0460835
0.047004
0.0480109
0.0492745
0.0505703
0.0517949
0.0529955
0.0541923
0.0553755
0.0566052
0.0578837
0.0591888
0.0605381
0.0618625
0.0632443
0.064706
0.0661901
0.0675773
0.0689894
0.0705117
0.0720664
0.073683
0.0753291
0.076993
0.0785701
0.080212
0.0819031
0.083676
0.0854982
0.0873292
0.0891216
0.0909635
0.0929303
0.0948572
0.0968448
0.0987976
0.100869
0.102967
0.105039
0.107205
0.109346
0.111325
0.113337
0.0148404
0.0122265
0.00790435
0.00400044
0.00263899
0.00342856
0.00443076
0.00527567
0.00645317
0.00786663
0.00918763
0.0102788
0.0111412
0.0119145
0.0125897
0.0132024
0.0140085
0.014877
0.0155968
0.0163425
0.0171468
0.0179497
0.0187571
0.0193896
0.0197448
0.0199289
0.0200651
0.0202578
0.0206985
0.0215274
0.0227132
0.0240011
0.0250479
0.0257638
0.0263694
0.0271351
0.0279551
0.0286112
0.0294999
0.0306208
0.0311685
0.0311703
0.0314376
0.0323043
0.0332894
0.0340987
0.0350096
0.0361951
0.0375062
0.0386496
0.03953
0.0403541
0.0411337
0.0419217
0.0428707
0.0439109
0.0450037
0.0460841
0.0470043
0.0480109
0.0492748
0.0505708
0.0517953
0.0529959
0.0541926
0.0553757
0.0566054
0.0578839
0.059189
0.0605383
0.0618627
0.0632444
0.0647062
0.0661904
0.0675775
0.0689895
0.0705118
0.0720666
0.0736831
0.0753293
0.0769933
0.0785702
0.0802121
0.0819032
0.0836761
0.0854984
0.0873294
0.0891218
0.0909636
0.0929304
0.0948573
0.0968449
0.0987977
0.100869
0.102967
0.105039
0.107205
0.109346
0.111326
0.113338
0.0144554
0.0120781
0.0080675
0.00435442
0.00289783
0.0035371
0.00450883
0.00536418
0.00653404
0.00792371
0.00921875
0.0102921
0.0111474
0.0119208
0.0126002
0.0132153
0.0140181
0.0148826
0.0156014
0.0163472
0.0171515
0.0179524
0.0187565
0.019389
0.0197468
0.0199317
0.0200667
0.0202585
0.0207003
0.0215314
0.0227176
0.024004
0.02505
0.0257657
0.0263707
0.0271351
0.0279555
0.0286112
0.0294998
0.0306244
0.031173
0.0311713
0.0314373
0.0323058
0.0332913
0.0340994
0.03501
0.0361963
0.0375077
0.0386508
0.0395309
0.0403551
0.0411345
0.0419221
0.042871
0.0439114
0.0450043
0.0460849
0.0470047
0.0480111
0.0492752
0.0505712
0.0517958
0.0529963
0.0541929
0.0553759
0.0566056
0.0578841
0.0591892
0.0605385
0.0618629
0.0632446
0.0647063
0.0661907
0.0675778
0.0689896
0.070512
0.0720667
0.0736832
0.0753295
0.0769936
0.0785704
0.0802122
0.0819033
0.0836763
0.0854985
0.0873296
0.0891219
0.0909636
0.0929305
0.0948575
0.096845
0.0987978
0.100869
0.102967
0.105039
0.107206
0.109347
0.111326
0.113339
0.0140905
0.0119256
0.00821018
0.00470176
0.00317134
0.00365587
0.00458822
0.00545372
0.00661792
0.0079843
0.00925276
0.0103074
0.0111555
0.0119291
0.0126126
0.01323
0.0140287
0.0148885
0.0156061
0.016352
0.017156
0.0179544
0.0187541
0.0193859
0.0197468
0.0199328
0.0200665
0.0202577
0.0207017
0.0215368
0.0227243
0.0240087
0.0250529
0.0257685
0.0263729
0.0271356
0.0279557
0.0286098
0.0294979
0.0306275
0.0311779
0.0311726
0.0314374
0.032308
0.0332939
0.0341005
0.0350109
0.0361979
0.0375093
0.0386521
0.039532
0.0403564
0.0411355
0.0419225
0.0428716
0.0439121
0.045005
0.0460856
0.0470052
0.0480114
0.0492757
0.0505718
0.0517963
0.0529968
0.0541933
0.0553762
0.0566059
0.0578844
0.0591894
0.0605388
0.0618632
0.0632447
0.0647065
0.066191
0.067578
0.0689898
0.0705122
0.0720668
0.0736833
0.0753298
0.0769939
0.0785706
0.0802123
0.0819035
0.0836764
0.0854987
0.0873298
0.0891221
0.0909637
0.0929307
0.0948576
0.0968452
0.0987979
0.100869
0.102968
0.105039
0.107206
0.109347
0.111327
0.113341
0.0137467
0.0117673
0.00833123
0.00504318
0.00346237
0.00378776
0.00466881
0.0055423
0.00670291
0.00804741
0.0092894
0.0103249
0.0111653
0.011939
0.0126268
0.0132462
0.0140402
0.0148949
0.015611
0.0163565
0.0171599
0.0179554
0.0187499
0.0193809
0.0197451
0.0199319
0.0200639
0.0202545
0.0207013
0.0215421
0.0227326
0.0240155
0.0250573
0.0257722
0.0263761
0.0271373
0.0279567
0.0286074
0.0294931
0.0306287
0.0311823
0.0311736
0.0314376
0.0323108
0.0332969
0.0341019
0.0350125
0.0362003
0.0375112
0.0386531
0.0395331
0.0403579
0.0411368
0.0419232
0.0428723
0.043913
0.0450059
0.0460865
0.0470059
0.0480121
0.0492764
0.0505725
0.0517971
0.0529975
0.0541938
0.0553767
0.0566063
0.0578848
0.0591897
0.0605391
0.0618635
0.063245
0.0647067
0.0661913
0.0675783
0.06899
0.0705124
0.0720669
0.0736835
0.0753301
0.0769943
0.0785708
0.0802124
0.0819036
0.0836766
0.085499
0.08733
0.0891222
0.0909638
0.0929309
0.0948578
0.0968453
0.098798
0.100869
0.102968
0.105039
0.107206
0.109347
0.111328
0.113343
0.0134205
0.0116055
0.00843482
0.00537958
0.00377007
0.00393287
0.0047496
0.00562863
0.00678855
0.00811331
0.00932909
0.0103447
0.0111768
0.0119503
0.0126424
0.013264
0.014053
0.014902
0.0156161
0.0163606
0.017163
0.017955
0.0187438
0.019374
0.0197418
0.0199295
0.0200593
0.0202485
0.0206982
0.0215458
0.0227411
0.0240238
0.0250634
0.0257766
0.0263796
0.0271398
0.0279589
0.0286042
0.0294848
0.0306266
0.0311851
0.0311737
0.0314375
0.0323138
0.0333001
0.0341036
0.035015
0.0362039
0.0375136
0.0386539
0.0395339
0.0403595
0.0411383
0.0419242
0.0428733
0.043914
0.0450069
0.0460874
0.0470067
0.048013
0.0492774
0.0505733
0.051798
0.0529984
0.0541945
0.0553773
0.0566069
0.0578852
0.05919
0.0605394
0.0618639
0.0632452
0.0647069
0.0661916
0.0675787
0.0689902
0.0705126
0.072067
0.0736835
0.0753305
0.0769948
0.0785711
0.0802126
0.0819038
0.0836768
0.0854992
0.0873303
0.0891225
0.090964
0.0929311
0.0948581
0.0968455
0.0987981
0.100869
0.102968
0.105039
0.107206
0.109347
0.111329
0.113345
0.0131099
0.0114476
0.00852491
0.00570551
0.00408971
0.00409186
0.00483189
0.00571325
0.00687531
0.00818264
0.00937228
0.0103672
0.0111899
0.0119628
0.0126594
0.0132835
0.014067
0.0149097
0.0156215
0.0163644
0.017165
0.017953
0.0187356
0.0193651
0.019737
0.0199257
0.020053
0.0202403
0.0206922
0.0215468
0.022748
0.0240324
0.025071
0.0257817
0.0263827
0.0271419
0.0279613
0.0285999
0.0294716
0.0306199
0.0311853
0.0311719
0.0314366
0.032317
0.0333032
0.0341049
0.0350178
0.0362087
0.037517
0.0386549
0.0395344
0.0403609
0.0411398
0.0419255
0.0428745
0.0439152
0.0450079
0.0460883
0.0470076
0.0480144
0.0492786
0.0505742
0.051799
0.0529994
0.0541953
0.0553781
0.0566077
0.0578859
0.0591905
0.0605398
0.0618643
0.0632455
0.0647071
0.0661921
0.0675791
0.0689905
0.0705128
0.072067
0.0736835
0.0753308
0.0769953
0.0785713
0.0802127
0.0819039
0.083677
0.0854995
0.0873306
0.0891227
0.0909642
0.0929314
0.0948583
0.0968458
0.0987983
0.10087
0.102968
0.10504
0.107207
0.109348
0.11133
0.113348
0.0128161
0.0112989
0.00859984
0.00601274
0.0044182
0.00426854
0.00491853
0.00579639
0.00696289
0.00825565
0.00941947
0.0103926
0.011205
0.0119767
0.0126778
0.0133045
0.0140821
0.014918
0.0156274
0.0163681
0.0171662
0.0179494
0.0187252
0.0193539
0.0197305
0.0199206
0.0200452
0.02023
0.0206835
0.0215448
0.0227524
0.0240397
0.0250792
0.0257875
0.0263851
0.0271425
0.027962
0.0285928
0.0294522
0.0306066
0.0311821
0.0311676
0.0314343
0.03232
0.033306
0.0341053
0.0350203
0.0362144
0.0375216
0.0386564
0.0395347
0.0403617
0.041141
0.0419269
0.042876
0.0439166
0.0450088
0.0460888
0.0470084
0.048016
0.0492802
0.0505753
0.0518001
0.0530005
0.0541962
0.0553791
0.0566089
0.0578868
0.0591911
0.0605404
0.0618648
0.0632458
0.0647072
0.0661926
0.0675798
0.0689911
0.0705131
0.0720668
0.0736834
0.0753312
0.0769958
0.0785717
0.0802129
0.0819041
0.0836772
0.0854998
0.0873309
0.089123
0.0909644
0.0929317
0.0948587
0.0968461
0.0987985
0.10087
0.102968
0.10504
0.107207
0.109348
0.111331
0.113351
0.0125375
0.0111593
0.00865774
0.0062974
0.00475514
0.00446617
0.00501094
0.005877
0.00705042
0.00833263
0.0094713
0.0104215
0.0112223
0.0119918
0.0126972
0.0133266
0.0140981
0.0149269
0.0156337
0.016372
0.0171667
0.0179443
0.0187125
0.0193403
0.0197223
0.0199135
0.0200362
0.0202179
0.0206725
0.0215401
0.0227538
0.0240446
0.025087
0.025794
0.0263868
0.0271411
0.0279596
0.0285816
0.0294257
0.0305845
0.0311738
0.0311604
0.0314302
0.0323229
0.0333087
0.0341047
0.0350215
0.0362196
0.0375267
0.0386585
0.0395348
0.040362
0.0411419
0.041928
0.0428776
0.0439183
0.0450099
0.0460891
0.0470089
0.0480177
0.0492821
0.0505767
0.0518015
0.0530016
0.0541971
0.0553803
0.0566103
0.057888
0.0591919
0.0605411
0.0618656
0.0632461
0.0647071
0.0661929
0.0675806
0.0689919
0.0705136
0.0720667
0.073683
0.0753314
0.0769964
0.078572
0.0802131
0.0819043
0.0836774
0.0855001
0.0873312
0.0891232
0.0909647
0.092932
0.094859
0.0968464
0.0987988
0.10087
0.102969
0.10504
0.107208
0.109348
0.111332
0.113355
0.0122687
0.0110285
0.00870374
0.00655925
0.005097
0.00468487
0.00511006
0.00595475
0.00713751
0.00841371
0.00952809
0.0104541
0.0112421
0.0120084
0.0127176
0.0133495
0.0141148
0.0149365
0.0156407
0.0163765
0.0171671
0.017938
0.0186975
0.0193243
0.0197123
0.0199062
0.0200264
0.0202047
0.0206596
0.021533
0.0227522
0.0240463
0.0250933
0.0258008
0.0263878
0.0271375
0.0279536
0.0285662
0.0293928
0.0305524
0.0311584
0.0311501
0.0314244
0.0323256
0.0333117
0.0341034
0.0350212
0.0362234
0.0375311
0.0386605
0.0395345
0.0403617
0.0411423
0.0419289
0.0428793
0.0439203
0.0450112
0.0460891
0.0470089
0.048019
0.049284
0.0505783
0.0518032
0.0530029
0.0541979
0.0553815
0.0566119
0.0578895
0.059193
0.060542
0.0618666
0.0632465
0.0647069
0.0661931
0.0675814
0.0689931
0.0705145
0.0720666
0.0736824
0.0753313
0.0769968
0.0785724
0.0802134
0.0819045
0.0836777
0.0855003
0.0873315
0.0891235
0.0909649
0.0929323
0.0948594
0.0968468
0.0987991
0.100871
0.102969
0.105041
0.107208
0.109348
0.111334
0.113358
0.0120063
0.0109085
0.00874559
0.00679689
0.00543691
0.00492401
0.00521883
0.00603077
0.00722371
0.0084982
0.00958953
0.0104904
0.0112645
0.0120268
0.0127392
0.0133732
0.0141322
0.0149467
0.0156485
0.0163816
0.0171678
0.0179312
0.0186809
0.0193059
0.0197003
0.0198982
0.0200124
0.020192
0.0206466
0.0215246
0.022748
0.0240444
0.0250969
0.0258074
0.0263885
0.0271319
0.0279442
0.0285482
0.0293562
0.0305112
0.0311349
0.0311368
0.0314175
0.0323282
0.0333154
0.0341021
0.0350197
0.0362251
0.0375333
0.038661
0.0395332
0.0403606
0.0411424
0.0419295
0.0428808
0.0439223
0.0450126
0.046089
0.0470083
0.0480199
0.0492857
0.05058
0.0518051
0.0530042
0.0541986
0.0553826
0.0566136
0.0578913
0.0591942
0.0605431
0.0618679
0.0632471
0.0647064
0.0661928
0.0675819
0.0689944
0.0705158
0.0720668
0.0736816
0.075331
0.076997
0.0785726
0.0802138
0.0819049
0.083678
0.0855005
0.0873316
0.0891237
0.0909652
0.0929326
0.0948597
0.0968472
0.0987994
0.100871
0.102969
0.105041
0.107209
0.109349
0.111336
0.113363
0.01175
0.0108004
0.00878852
0.00700868
0.00576918
0.00518392
0.0053414
0.00610653
0.00730805
0.00858485
0.00965498
0.01053
0.0112894
0.012047
0.0127618
0.0133978
0.0141503
0.0149575
0.015657
0.0163873
0.0171691
0.0179243
0.0186632
0.019286
0.0196871
0.0198903
0.0200055
0.0201824
0.0206359
0.0215172
0.0227426
0.0240392
0.0250969
0.0258127
0.0263892
0.0271254
0.0279326
0.02853
0.0293201
0.0304643
0.0311039
0.0311213
0.0314105
0.0323309
0.0333199
0.0341017
0.0350181
0.0362249
0.0375327
0.038659
0.0395301
0.0403582
0.0411421
0.04193
0.0428822
0.0439244
0.0450142
0.046089
0.0470075
0.0480203
0.0492871
0.0505815
0.0518071
0.0530057
0.0541992
0.0553835
0.0566153
0.0578932
0.0591957
0.0605443
0.0618693
0.063248
0.0647059
0.066192
0.0675821
0.0689956
0.0705173
0.0720674
0.0736808
0.0753302
0.0769968
0.0785726
0.0802141
0.0819054
0.0836785
0.0855007
0.0873317
0.0891238
0.0909655
0.0929329
0.09486
0.0968475
0.0987998
0.100872
0.10297
0.105042
0.10721
0.10935
0.111338
0.113367
0.0114997
0.010702
0.00883624
0.00719611
0.00608992
0.00546399
0.00548141
0.00618361
0.00738973
0.00867222
0.00972355
0.0105726
0.0113169
0.0120694
0.0127859
0.0134231
0.0141691
0.0149689
0.0156662
0.0163905
0.0171711
0.0179176
0.0186452
0.0192651
0.0196737
0.0198841
0.0200028
0.0201785
0.0206314
0.0215138
0.022738
0.0240314
0.0250927
0.0258159
0.0263901
0.0271191
0.0279206
0.0285143
0.0292887
0.0304162
0.031068
0.0311052
0.0314052
0.032334
0.0333255
0.034103
0.0350176
0.0362235
0.037529
0.0386538
0.039525
0.0403544
0.0411413
0.0419306
0.0428838
0.0439265
0.0450159
0.0460891
0.0470067
0.0480205
0.049288
0.0505825
0.0518088
0.0530072
0.0541998
0.0553844
0.0566169
0.0578951
0.0591972
0.0605455
0.0618708
0.0632491
0.0647052
0.0661908
0.0675818
0.0689964
0.0705189
0.0720682
0.0736798
0.0753291
0.0769962
0.0785723
0.0802143
0.081906
0.0836792
0.085501
0.0873317
0.0891239
0.0909659
0.0929332
0.0948602
0.0968477
0.0988002
0.100872
0.10297
0.105042
0.107211
0.10935
0.111341
0.113373
0.011256
0.0106088
0.00889244
0.00736365
0.00639518
0.00576137
0.00564205
0.00626416
0.00746829
0.0087588
0.00979417
0.0106178
0.0113467
0.0120939
0.0128113
0.0134493
0.0141887
0.014981
0.015676
0.0163986
0.0171737
0.0179112
0.0186273
0.0192441
0.0196608
0.0198807
0.020006
0.0201835
0.0206366
0.021518
0.0227366
0.0240221
0.0250839
0.025816
0.0263913
0.027114
0.0279101
0.0285034
0.0292651
0.0303715
0.0310308
0.0310913
0.0314037
0.0323383
0.0333321
0.0341069
0.0350195
0.0362223
0.0375229
0.0386457
0.0395179
0.0403492
0.0411399
0.0419317
0.0428859
0.0439287
0.0450173
0.0460894
0.0470063
0.048021
0.0492887
0.0505829
0.05181
0.0530085
0.0542004
0.0553853
0.0566185
0.057897
0.0591987
0.0605466
0.0618723
0.0632502
0.0647044
0.0661892
0.0675812
0.0689969
0.0705204
0.0720692
0.0736788
0.0753275
0.0769951
0.0785718
0.0802144
0.0819065
0.0836799
0.0855014
0.0873315
0.0891238
0.0909662
0.0929336
0.0948604
0.0968479
0.0988005
0.100873
0.10297
0.105042
0.107212
0.109351
0.111344
0.113378
0.0110212
0.0105155
0.00895935
0.00751682
0.00668099
0.00607186
0.0058262
0.00635076
0.00754351
0.00884317
0.00986577
0.0106652
0.0113791
0.0121208
0.0128383
0.0134764
0.014209
0.0149938
0.0156866
0.0164073
0.0171767
0.0179052
0.0186098
0.0192234
0.0196488
0.0198807
0.0200163
0.0201998
0.0206546
0.0215326
0.0227408
0.0240124
0.025071
0.0258125
0.0263926
0.0271108
0.0279021
0.0284984
0.0292515
0.0303335
0.0309959
0.0310823
0.0314058
0.0323449
0.0333399
0.0341138
0.035025
0.0362224
0.0375154
0.0386355
0.0395095
0.0403432
0.0411382
0.041932
0.0428888
0.0439313
0.0450185
0.0460897
0.047007
0.0480227
0.0492897
0.0505828
0.0518104
0.0530094
0.054201
0.0553863
0.0566201
0.0578987
0.0592003
0.0605477
0.0618738
0.0632512
0.0647035
0.0661871
0.0675801
0.0689969
0.0705215
0.0720702
0.0736776
0.0753255
0.0769935
0.078571
0.0802143
0.081907
0.0836807
0.0855019
0.0873314
0.0891236
0.0909664
0.0929341
0.0948607
0.096848
0.0988008
0.100873
0.102971
0.105043
0.107213
0.109352
0.111347
0.113384
0.0107995
0.0104164
0.00903658
0.00766208
0.00694447
0.00639002
0.00603575
0.00644649
0.00761565
0.00892427
0.00993749
0.0107145
0.0114141
0.0121505
0.012867
0.0135044
0.0142301
0.0150075
0.0156978
0.0164165
0.0171801
0.0178995
0.0185927
0.0192034
0.0196379
0.019884
0.0200337
0.0202274
0.0206861
0.0215591
0.0227516
0.0240037
0.025055
0.0258054
0.026394
0.0271099
0.0278965
0.0284991
0.0292476
0.0303037
0.0309657
0.0310802
0.0314189
0.0323548
0.0333486
0.034124
0.0350346
0.0362245
0.0375074
0.038624
0.0395006
0.0403372
0.0411368
0.0419355
0.042893
0.0439343
0.0450193
0.0460901
0.047009
0.0480261
0.0492915
0.0505824
0.0518101
0.0530098
0.0542016
0.0553874
0.0566218
0.0579005
0.0592018
0.0605488
0.0618753
0.0632522
0.0647024
0.0661848
0.0675789
0.0689968
0.0705225
0.0720711
0.0736768
0.0753232
0.0769915
0.0785699
0.0802141
0.0819074
0.0836814
0.0855024
0.0873312
0.0891233
0.0909666
0.0929345
0.0948609
0.0968481
0.0988012
0.100874
0.102971
0.105043
0.107213
0.109353
0.11135
0.11339
0.0105981
0.0103064
0.00912095
0.00780688
0.00718442
0.00670891
0.00627097
0.00655488
0.00768562
0.00900158
0.0100088
0.0107652
0.0114518
0.0121831
0.0128976
0.0135335
0.0142521
0.0150219
0.0157098
0.0164263
0.017184
0.0178942
0.0185764
0.0191842
0.0196284
0.0198908
0.0200575
0.0202652
0.0207305
0.0215971
0.0227694
0.0239967
0.0250368
0.0257953
0.0263957
0.027111
0.0278927
0.0285043
0.0292527
0.0302816
0.0309411
0.0310861
0.0314414
0.0323689
0.0333583
0.0341373
0.0350485
0.0362292
0.0374997
0.0386121
0.0394918
0.0403318
0.0411363
0.0419409
0.0428988
0.043938
0.0450198
0.0460903
0.0470126
0.0480317
0.0492943
0.050582
0.051809
0.0530097
0.054202
0.0553888
0.0566235
0.0579022
0.0592033
0.06055
0.061877
0.0632532
0.0647015
0.0661822
0.0675776
0.0689967
0.0705234
0.072072
0.0736765
0.0753208
0.0769891
0.0785688
0.0802139
0.0819079
0.0836821
0.0855029
0.087331
0.089123
0.0909667
0.0929347
0.0948611
0.0968481
0.0988015
0.100874
0.102972
0.105043
0.107214
0.109354
0.111354
0.113397
0.0104248
0.0101831
0.00920679
0.00795838
0.00740135
0.0070208
0.00653061
0.00667965
0.00775486
0.00907498
0.0100795
0.0108172
0.0114921
0.0122193
0.0129307
0.0135638
0.0142751
0.0150369
0.0157225
0.0164368
0.0171884
0.0178895
0.0185609
0.0191659
0.0196202
0.0199004
0.0200864
0.0203111
0.0207855
0.0216448
0.0227932
0.0239916
0.0250175
0.0257832
0.0263975
0.0271135
0.0278902
0.0285122
0.0292645
0.0302656
0.0309218
0.0310995
0.0314729
0.0323877
0.0333692
0.0341533
0.035066
0.0362363
0.0374925
0.0386002
0.0394835
0.040327
0.041137
0.0419482
0.042906
0.0439423
0.0450202
0.0460904
0.0470179
0.0480395
0.0492983
0.0505816
0.0518075
0.053009
0.0542023
0.0553902
0.0566254
0.057904
0.0592048
0.0605511
0.0618787
0.0632543
0.0647008
0.0661797
0.0675764
0.0689968
0.0705243
0.072073
0.0736767
0.0753184
0.0769864
0.0785677
0.0802139
0.0819083
0.0836827
0.0855032
0.0873308
0.0891228
0.090967
0.0929347
0.0948612
0.0968481
0.098802
0.100875
0.102972
0.105044
0.107215
0.109355
0.111357
0.113403
0.0102881
0.0100492
0.00928694
0.00812137
0.00759791
0.00731838
0.00681149
0.00682446
0.00782522
0.00914457
0.0101495
0.0108703
0.0115349
0.012259
0.0129665
0.0135956
0.0142991
0.015053
0.0157361
0.0164478
0.0171933
0.0178851
0.0185462
0.0191488
0.0196133
0.0199121
0.0201191
0.020363
0.0208483
0.0216999
0.0228217
0.0239881
0.0249977
0.0257698
0.026399
0.0271167
0.0278884
0.028521
0.0292808
0.0302535
0.0309066
0.0311188
0.0315119
0.032411
0.0333812
0.0341715
0.0350866
0.0362454
0.0374859
0.0385885
0.0394757
0.0403229
0.0411388
0.041957
0.0429142
0.043947
0.0450208
0.0460904
0.0470244
0.0480493
0.0493033
0.0505815
0.0518057
0.0530079
0.0542025
0.0553917
0.0566274
0.0579059
0.0592063
0.0605524
0.0618805
0.0632556
0.0647005
0.0661774
0.0675755
0.0689975
0.0705254
0.0720742
0.0736775
0.0753163
0.0769836
0.0785666
0.080214
0.0819089
0.0836833
0.0855032
0.0873306
0.0891228
0.0909676
0.0929344
0.094861
0.0968481
0.0988026
0.100876
0.102973
0.105044
0.107216
0.109356
0.111361
0.11341
0.0101953
0.00991298
0.00935228
0.0082969
0.00777989
0.00759547
0.00710799
0.00699251
0.00789924
0.00921059
0.0102188
0.0109245
0.0115799
0.0123022
0.0130054
0.0136291
0.0143243
0.01507
0.0157503
0.0164593
0.0171987
0.0178812
0.0185323
0.0191329
0.0196076
0.0199253
0.0201542
0.0204188
0.020916
0.0217594
0.0228532
0.0239862
0.024978
0.0257557
0.0264002
0.0271202
0.0278868
0.0285295
0.0292974
0.0302436
0.0308939
0.0311414
0.0315556
0.0324378
0.0333945
0.0341915
0.0351092
0.0362559
0.0374798
0.0385767
0.039468
0.040319
0.0411411
0.0419665
0.042923
0.043952
0.0450216
0.0460904
0.047032
0.0480604
0.0493089
0.0505816
0.0518039
0.0530065
0.0542027
0.0553933
0.0566295
0.0579078
0.0592079
0.0605539
0.0618824
0.0632572
0.0647006
0.0661753
0.0675751
0.0689987
0.0705267
0.0720756
0.0736787
0.0753144
0.0769809
0.0785658
0.0802145
0.0819098
0.0836839
0.085503
0.0873303
0.089123
0.0909684
0.0929341
0.0948606
0.0968481
0.0988033
0.100876
0.102973
0.105045
0.107216
0.109358
0.111365
0.113418
0.0101482
0.00978605
0.00939398
0.0084818
0.00795576
0.00784777
0.00741239
0.0071863
0.00798024
0.00927326
0.0102875
0.0109799
0.0116264
0.0123487
0.0130479
0.0136648
0.0143508
0.015088
0.0157653
0.0164715
0.0172049
0.017878
0.0185194
0.0191184
0.0196031
0.0199399
0.0201909
0.0204764
0.0209858
0.021821
0.0228867
0.0239855
0.0249587
0.0257414
0.026401
0.0271237
0.0278852
0.028537
0.0293099
0.0302345
0.0308823
0.0311652
0.0316012
0.0324667
0.0334089
0.0342127
0.0351329
0.0362672
0.0374741
0.0385648
0.0394604
0.0403152
0.0411436
0.0419762
0.042932
0.0439573
0.0450229
0.0460904
0.0470402
0.0480724
0.0493148
0.0505819
0.0518021
0.0530051
0.0542028
0.055395
0.0566316
0.0579099
0.0592096
0.0605555
0.0618843
0.0632591
0.0647021
0.0661737
0.0675752
0.0690006
0.0705282
0.0720772
0.0736803
0.0753129
0.0769784
0.0785653
0.0802154
0.0819109
0.0836846
0.0855026
0.0873297
0.0891234
0.0909697
0.0929338
0.0948599
0.0968482
0.0988042
0.100877
0.102974
0.105045
0.107218
0.109359
0.111369
0.113425
0.0101396
0.00968245
0.00940726
0.00866848
0.00813483
0.00807407
0.00771557
0.00740696
0.0080723
0.00933271
0.0103556
0.0110368
0.0116737
0.0123978
0.0130941
0.0137031
0.0143789
0.0151073
0.015781
0.0164842
0.0172118
0.0178754
0.0185076
0.0191051
0.0195999
0.0199556
0.0202281
0.0205344
0.021056
0.0218832
0.0229213
0.0239861
0.0249404
0.0257272
0.0264016
0.0271268
0.0278831
0.0285434
0.029319
0.0302255
0.0308713
0.0311886
0.0316468
0.032497
0.0334245
0.0342346
0.035157
0.0362789
0.0374686
0.0385526
0.0394524
0.0403112
0.0411459
0.0419856
0.0429409
0.0439628
0.0450245
0.0460905
0.0470488
0.0480848
0.049321
0.0505823
0.0518005
0.0530037
0.0542031
0.0553967
0.0566337
0.057912
0.0592113
0.0605572
0.0618862
0.0632613
0.064703
0.0661724
0.0675757
0.069003
0.0705301
0.0720791
0.0736822
0.0753118
0.0769761
0.0785651
0.0802168
0.0819124
0.0836855
0.085502
0.087329
0.089124
0.0909712
0.0929336
0.0948592
0.0968483
0.0988053
0.100878
0.102974
0.105045
0.107219
0.109362
0.111373
0.113433
0.0101569
0.0096182
0.00939447
0.00884581
0.00832503
0.00827734
0.00800779
0.00765323
0.00818042
0.0093898
0.0104225
0.0110958
0.0117216
0.0124486
0.0131438
0.0137442
0.0144091
0.0151281
0.0157975
0.0164975
0.0172194
0.0178737
0.0184968
0.0190931
0.0195983
0.0199723
0.0202657
0.0205922
0.0211253
0.0219448
0.0229564
0.0239881
0.0249231
0.0257133
0.0264021
0.0271297
0.0278807
0.0285484
0.029326
0.0302161
0.0308606
0.0312109
0.0316911
0.0325277
0.0334413
0.0342569
0.0351812
0.0362908
0.0374633
0.0385403
0.0394442
0.0403071
0.0411482
0.0419946
0.0429498
0.0439687
0.0450265
0.0460909
0.0470576
0.0480976
0.0493274
0.0505828
0.051799
0.0530024
0.0542034
0.0553984
0.056636
0.0579142
0.0592131
0.060559
0.0618883
0.0632637
0.0647039
0.0661714
0.0675766
0.0690059
0.0705323
0.0720811
0.0736841
0.0753108
0.076974
0.0785652
0.0802186
0.0819142
0.0836866
0.0855012
0.0873282
0.0891247
0.0909729
0.0929336
0.0948583
0.0968486
0.0988065
0.100879
0.102975
0.105045
0.10722
0.109364
0.111378
0.11344
0.0101811
0.00960528
0.00936668
0.00900154
0.00852948
0.00846435
0.00828026
0.00792048
0.00830992
0.00944633
0.0104872
0.0111578
0.0117704
0.0124999
0.0131965
0.0137887
0.0144416
0.0151504
0.0158149
0.0165114
0.0172276
0.0178729
0.0184872
0.0190828
0.0195983
0.01999
0.0203035
0.0206494
0.0211932
0.0220055
0.0229918
0.0239912
0.0249069
0.0257002
0.0264026
0.0271322
0.027878
0.0285521
0.0293311
0.0302065
0.0308501
0.0312318
0.0317336
0.0325585
0.033459
0.0342793
0.0352051
0.0363026
0.0374582
0.0385279
0.0394357
0.040303
0.0411503
0.0420033
0.0429585
0.0439748
0.0450288
0.0460916
0.0470665
0.0481105
0.049334
0.0505834
0.0517976
0.0530013
0.0542038
0.0554002
0.0566383
0.0579164
0.059215
0.0605608
0.0618904
0.0632664
0.0647048
0.0661705
0.0675778
0.0690091
0.0705347
0.0720833
0.0736859
0.0753101
0.076972
0.0785656
0.0802207
0.0819164
0.0836878
0.0855005
0.0873271
0.0891255
0.0909748
0.0929338
0.0948575
0.0968491
0.0988077
0.10088
0.102975
0.105045
0.107222
0.109367
0.111382
0.113449
0.0101886
0.00964565
0.00934022
0.0091248
0.00874388
0.00864485
0.00852735
0.0082005
0.00846538
0.00950539
0.0105481
0.0112233
0.0118211
0.0125505
0.0132512
0.0138367
0.0144767
0.0151745
0.0158336
0.016526
0.0172366
0.017873
0.0184788
0.0190742
0.0195999
0.0200087
0.0203416
0.0207058
0.0212595
0.0220651
0.0230273
0.0239954
0.0248922
0.0256881
0.026403
0.0271342
0.0278752
0.0285547
0.0293343
0.0301965
0.0308402
0.0312513
0.031774
0.0325893
0.0334776
0.0343019
0.0352288
0.0363145
0.0374535
0.0385156
0.0394271
0.0402989
0.0411523
0.0420116
0.0429671
0.0439813
0.0450315
0.0460926
0.0470756
0.0481236
0.0493406
0.0505841
0.0517964
0.0530002
0.0542042
0.055402
0.0566406
0.0579187
0.059217
0.0605625
0.0618927
0.0632691
0.0647057
0.0661699
0.0675791
0.0690125
0.0705373
0.0720856
0.0736877
0.0753094
0.0769701
0.0785662
0.0802231
0.0819187
0.0836891
0.0854998
0.087326
0.0891264
0.0909767
0.0929342
0.0948567
0.0968497
0.0988091
0.100881
0.102976
0.105046
0.107224
0.10937
0.111387
0.113457
0.0101569
0.00972664
0.00933681
0.00921155
0.0089567
0.00882973
0.00874825
0.00848225
0.00864966
0.00957231
0.0106042
0.0112923
0.0118752
0.0125999
0.0133066
0.0138881
0.0145149
0.0152007
0.0158535
0.0165412
0.0172462
0.0178742
0.018472
0.0190673
0.0196031
0.0200285
0.0203798
0.0207613
0.0213242
0.0221236
0.0230629
0.024001
0.0248791
0.0256769
0.0264032
0.027136
0.0278722
0.0285563
0.029336
0.0301864
0.0308308
0.0312695
0.0318124
0.03262
0.0334972
0.0343246
0.0352521
0.0363264
0.0374491
0.0385036
0.0394185
0.0402949
0.0411543
0.0420197
0.0429758
0.043988
0.0450345
0.046094
0.0470848
0.0481367
0.0493474
0.050585
0.0517953
0.0529994
0.0542046
0.0554039
0.056643
0.057921
0.059219
0.0605643
0.0618951
0.063272
0.0647066
0.0661693
0.0675806
0.0690161
0.0705401
0.0720878
0.0736894
0.0753088
0.0769683
0.078567
0.0802256
0.0819211
0.0836905
0.085499
0.0873249
0.0891273
0.0909787
0.0929347
0.0948559
0.0968505
0.0988105
0.100881
0.102977
0.105046
0.107226
0.109373
0.111393
0.113465
0.0100738
0.00982747
0.00937775
0.00926893
0.0091529
0.00902788
0.00894841
0.00875312
0.00886147
0.00965403
0.0106552
0.0113633
0.011935
0.0126483
0.0133608
0.0139421
0.0145568
0.0152297
0.0158749
0.0165572
0.0172564
0.0178765
0.0184668
0.0190622
0.0196082
0.0200496
0.0204181
0.0208158
0.0213874
0.0221809
0.0230985
0.0240079
0.0248676
0.0256665
0.0264035
0.0271376
0.0278692
0.0285569
0.0293364
0.0301763
0.0308223
0.0312865
0.0318489
0.0326505
0.0335177
0.0343473
0.035275
0.0363384
0.037445
0.0384918
0.03941
0.0402911
0.0411562
0.0420276
0.0429843
0.0439949
0.0450378
0.0460957
0.047094
0.0481499
0.0493543
0.050586
0.0517945
0.0529986
0.0542051
0.0554059
0.0566455
0.0579234
0.0592211
0.060566
0.0618975
0.0632748
0.0647075
0.0661688
0.0675822
0.0690198
0.070543
0.0720901
0.073691
0.0753082
0.0769666
0.0785678
0.0802283
0.0819236
0.083692
0.0854984
0.0873237
0.0891283
0.0909807
0.0929353
0.0948553
0.0968514
0.0988119
0.100882
0.102978
0.105046
0.107228
0.109376
0.111398
0.113474
0.00994576
0.0099182
0.00947345
0.00931461
0.00931722
0.00923926
0.00913786
0.00900296
0.00909452
0.00975757
0.0107027
0.0114337
0.0120029
0.0126973
0.013412
0.0139976
0.0146027
0.015262
0.0158982
0.0165743
0.0172677
0.0178798
0.0184633
0.019059
0.0196149
0.0200718
0.0204567
0.0208689
0.0214489
0.0222368
0.0231342
0.0240162
0.0248576
0.0256571
0.0264039
0.0271392
0.0278662
0.0285567
0.0293356
0.0301665
0.0308148
0.0313026
0.0318836
0.032681
0.0335389
0.0343701
0.0352976
0.0363503
0.0374413
0.0384804
0.0394017
0.0402874
0.0411582
0.0420353
0.0429928
0.0440021
0.0450415
0.0460978
0.0471033
0.048163
0.0493614
0.0505871
0.0517938
0.052998
0.0542056
0.0554078
0.0566481
0.0579259
0.0592232
0.0605678
0.0619001
0.0632777
0.0647083
0.0661684
0.0675837
0.0690234
0.0705459
0.0720925
0.0736925
0.0753076
0.0769649
0.0785686
0.0802309
0.0819261
0.0836934
0.0854977
0.0873226
0.0891293
0.0909827
0.092936
0.0948547
0.0968524
0.0988133
0.100883
0.102979
0.105047
0.10723
0.10938
0.111404
0.113483
0.00979389
0.00996495
0.00961412
0.00937439
0.00944122
0.00945149
0.00932839
0.00922802
0.0093387
0.00988934
0.0107513
0.0115002
0.0120795
0.0127495
0.0134589
0.014053
0.0146524
0.0152979
0.0159238
0.0165927
0.01728
0.0178843
0.0184616
0.0190579
0.0196234
0.0200951
0.0204954
0.0209215
0.0215085
0.0222915
0.0231701
0.0240258
0.0248492
0.025649
0.0264045
0.0271407
0.0278633
0.0285558
0.0293338
0.0301571
0.0308082
0.0313177
0.0319165
0.0327113
0.0335609
0.0343928
0.0353197
0.0363622
0.0374381
0.0384694
0.0393936
0.040284
0.0411601
0.0420428
0.0430013
0.0440095
0.0450456
0.0461003
0.0471127
0.0481761
0.0493685
0.0505885
0.0517933
0.0529975
0.0542061
0.0554099
0.0566507
0.0579285
0.0592255
0.0605697
0.0619027
0.0632806
0.0647092
0.0661681
0.0675854
0.0690271
0.0705489
0.0720948
0.073694
0.0753071
0.0769632
0.0785694
0.0802335
0.0819286
0.0836949
0.0854971
0.0873215
0.0891303
0.0909847
0.0929367
0.0948541
0.0968534
0.0988148
0.100884
0.10298
0.105048
0.107232
0.109384
0.11141
0.113492
0.00964557
0.00994859
0.00977388
0.00947565
0.00953206
0.00964757
0.00953028
0.00943215
0.00957967
0.0100515
0.0108092
0.0115602
0.0121637
0.0128086
0.0135014
0.0141059
0.0147061
0.015338
0.0159517
0.0166125
0.0172939
0.0178904
0.0184617
0.0190588
0.0196336
0.0201195
0.0205343
0.0209731
0.0215663
0.0223447
0.0232059
0.0240367
0.0248425
0.025642
0.0264054
0.0271423
0.0278605
0.0285543
0.0293313
0.0301482
0.0308028
0.031332
0.0319478
0.0327413
0.0335836
0.0344155
0.0353414
0.0363742
0.0374353
0.0384589
0.0393857
0.0402807
0.0411621
0.0420503
0.0430097
0.044017
0.0450501
0.0461032
0.0471221
0.0481891
0.0493758
0.05059
0.051793
0.0529972
0.0542067
0.055412
0.0566535
0.0579311
0.0592279
0.0605716
0.0619054
0.0632835
0.06471
0.0661678
0.067587
0.0690308
0.0705519
0.0720972
0.0736955
0.0753066
0.0769616
0.0785701
0.0802362
0.0819311
0.0836964
0.0854966
0.0873205
0.0891313
0.0909867
0.0929374
0.0948536
0.0968544
0.0988162
0.100885
0.102981
0.105048
0.107235
0.109388
0.111417
0.113502
0.00953669
0.00988033
0.00991932
0.00963061
0.0096093
0.00980906
0.00974524
0.00962813
0.009805
0.0102382
0.010884
0.0116125
0.0122518
0.0128794
0.0135417
0.0141529
0.0147622
0.0153835
0.0159827
0.0166338
0.0173091
0.0178982
0.0184638
0.0190618
0.0196458
0.0201449
0.0205732
0.0210237
0.0216223
0.0223964
0.0232418
0.0240489
0.0248375
0.0256363
0.0264067
0.027144
0.027858
0.0285524
0.0293282
0.0301399
0.0307986
0.0313457
0.0319775
0.0327712
0.033607
0.0344381
0.0353626
0.0363863
0.0374331
0.0384488
0.0393781
0.0402776
0.0411641
0.0420576
0.043018
0.0440248
0.045055
0.0461065
0.0471315
0.048202
0.0493833
0.0505917
0.0517929
0.052997
0.0542073
0.0554141
0.0566563
0.0579339
0.0592304
0.0605736
0.0619082
0.0632864
0.0647109
0.0661677
0.0675888
0.0690345
0.0705549
0.0720997
0.0736971
0.0753063
0.0769601
0.0785709
0.0802388
0.0819336
0.0836979
0.0854961
0.0873195
0.0891323
0.0909886
0.0929381
0.0948531
0.0968555
0.0988177
0.100886
0.102982
0.105049
0.107237
0.109393
0.111423
0.113511
0.00949437
0.00978703
0.0100133
0.00982643
0.0097021
0.00992389
0.0099557
0.00982901
0.0100126
0.010442
0.0109845
0.0116593
0.0123379
0.0129637
0.0135835
0.0141921
0.0148187
0.015435
0.0160172
0.0166566
0.017319
0.017908
0.0184675
0.0190663
0.0196598
0.0201716
0.0206121
0.0210733
0.0216766
0.0224465
0.0232775
0.0240625
0.0248341
0.0256317
0.0264086
0.027146
0.0278557
0.0285503
0.0293247
0.0301325
0.0307956
0.0313587
0.0320056
0.0328008
0.033631
0.0344605
0.0353834
0.0363984
0.0374314
0.0384393
0.0393709
0.0402748
0.0411661
0.0420649
0.0430263
0.0440327
0.0450603
0.0461102
0.0471408
0.0482149
0.0493909
0.0505936
0.051793
0.0529971
0.054208
0.0554163
0.0566593
0.0579367
0.059233
0.0605757
0.0619111
0.0632893
0.0647119
0.0661676
0.0675906
0.0690382
0.070558
0.0721022
0.0736987
0.0753061
0.0769587
0.0785716
0.0802414
0.0819361
0.0836993
0.0854956
0.0873186
0.0891333
0.0909905
0.0929388
0.0948527
0.0968566
0.0988193
0.100888
0.102984
0.10505
0.10724
0.109398
0.11143
0.113521
0.00952137
0.00970632
0.0100385
0.0100314
0.00984241
0.0100059
0.0101406
0.0100402
0.010206
0.0106502
0.011116
0.0117087
0.0124172
0.0130613
0.0136314
0.0142221
0.0148726
0.0154932
0.016056
0.0166803
0.017339
0.0179214
0.0184743
0.0190727
0.019675
0.0201993
0.0206511
0.0211217
0.0217292
0.0224951
0.0233132
0.0240776
0.0248325
0.0256282
0.0264109
0.0271482
0.0278536
0.028548
0.0293211
0.030126
0.0307939
0.0313713
0.0320323
0.03283
0.0336555
0.0344827
0.0354036
0.0364107
0.0374302
0.0384303
0.039364
0.0402723
0.0411682
0.042072
0.0430345
0.0440408
0.045066
0.0461143
0.0471502
0.0482276
0.0493986
0.0505957
0.0517934
0.0529974
0.0542088
0.0554186
0.0566623
0.0579397
0.0592357
0.0605778
0.061914
0.0632923
0.0647129
0.0661677
0.0675925
0.0690418
0.070561
0.0721047
0.0737004
0.0753059
0.0769574
0.0785723
0.080244
0.0819386
0.0837009
0.0854953
0.0873177
0.0891344
0.0909923
0.0929395
0.0948523
0.0968577
0.0988208
0.100889
0.102985
0.105051
0.107242
0.109403
0.111437
0.113531
0.00959607
0.0096752
0.0100126
0.0102058
0.0100373
0.0100813
0.0102832
0.010259
0.0103977
0.0108497
0.0112728
0.0117688
0.0124863
0.0131692
0.0136925
0.0142447
0.0149194
0.0155573
0.0161014
0.0167055
0.0173603
0.0179383
0.0184837
0.019081
0.0196924
0.0202285
0.0206902
0.0211689
0.0217801
0.0225424
0.0233487
0.024094
0.0248327
0.0256261
0.026414
0.0271509
0.0278519
0.0285456
0.0293174
0.0301205
0.0307934
0.0313834
0.0320575
0.0328588
0.0336805
0.0345049
0.0354234
0.036423
0.0374298
0.038422
0.0393577
0.04027
0.0411703
0.0420789
0.0430427
0.044049
0.045072
0.0461187
0.0471596
0.0482403
0.0494065
0.050598
0.051794
0.0529979
0.0542098
0.0554209
0.0566655
0.0579428
0.0592385
0.0605801
0.061917
0.0632952
0.064714
0.0661678
0.0675945
0.0690455
0.0705641
0.0721073
0.0737021
0.0753059
0.0769562
0.0785731
0.0802466
0.081941
0.0837024
0.0854949
0.0873169
0.0891354
0.0909942
0.0929402
0.094852
0.0968589
0.0988225
0.10089
0.102987
0.105052
0.107245
0.109408
0.111444
0.113541
0.00969868
0.00970425
0.00996295
0.0103103
0.0102614
0.0101867
0.0103819
0.010467
0.010601
0.0110391
0.0114464
0.0118471
0.0125436
0.0132802
0.0137722
0.0142644
0.0149556
0.0156253
0.0161544
0.0167318
0.0173825
0.0179603
0.0184967
0.0190901
0.0197103
0.020259
0.0207308
0.0212157
0.0218296
0.0225885
0.0233843
0.0241117
0.0248346
0.0256251
0.0264176
0.0271542
0.0278509
0.0285433
0.0293138
0.030116
0.0307942
0.0313952
0.0320814
0.0328872
0.0337057
0.0345267
0.0354425
0.0364355
0.03743
0.0384143
0.0393519
0.0402682
0.0411726
0.0420858
0.0430509
0.0440574
0.0450784
0.0461236
0.0471691
0.0482529
0.0494145
0.0506005
0.0517949
0.0529988
0.0542108
0.0554233
0.0566688
0.057946
0.0592415
0.0605825
0.0619201
0.0632983
0.0647151
0.0661681
0.0675965
0.0690492
0.0705673
0.0721099
0.0737039
0.0753059
0.076955
0.0785738
0.0802492
0.0819435
0.0837039
0.0854947
0.0873162
0.0891364
0.0909959
0.0929409
0.0948517
0.0968601
0.0988241
0.100891
0.102989
0.105053
0.107248
0.109414
0.111452
0.113551
0.00981698
0.00978757
0.00992237
0.0103305
0.0104733
0.0103476
0.0104582
0.0106452
0.0108226
0.011229
0.0116261
0.0119476
0.0125933
0.0133857
0.0138713
0.0142873
0.0149786
0.0156946
0.0162178
0.0167605
0.0174038
0.0179863
0.018515
0.0191012
0.0197291
0.0202903
0.0207711
0.0212613
0.0218771
0.0226332
0.0234199
0.0241309
0.0248386
0.0256256
0.026422
0.0271579
0.0278503
0.0285411
0.0293104
0.0301128
0.0307964
0.0314068
0.032104
0.0329151
0.0337314
0.0345484
0.0354611
0.0364481
0.0374309
0.0384072
0.0393466
0.0402668
0.0411748
0.0420924
0.0430591
0.0440658
0.0450851
0.0461289
0.0471786
0.0482654
0.0494228
0.0506033
0.0517961
0.0530001
0.0542121
0.0554257
0.0566721
0.0579494
0.0592445
0.0605849
0.0619233
0.0633014
0.0647164
0.0661685
0.0675986
0.0690529
0.0705704
0.0721125
0.0737057
0.0753061
0.076954
0.0785745
0.0802518
0.0819459
0.0837054
0.0854946
0.0873155
0.0891374
0.0909977
0.0929416
0.0948515
0.0968613
0.0988259
0.100892
0.10299
0.105055
0.107251
0.10942
0.11146
0.113562
0.00994497
0.00990926
0.00991332
0.0102901
0.0106267
0.0105543
0.0105415
0.010777
0.0110479
0.0114325
0.0118087
0.0120707
0.0126452
0.0134803
0.0139884
0.0143216
0.0149872
0.0157583
0.0162909
0.0167942
0.0174244
0.0180164
0.0185396
0.0191145
0.0197483
0.0203232
0.0208132
0.0213069
0.0219229
0.0226759
0.0234553
0.0241514
0.024844
0.0256273
0.0264274
0.0271626
0.0278506
0.0285393
0.0293071
0.0301107
0.0308
0.0314182
0.0321252
0.0329424
0.0337573
0.0345697
0.0354792
0.0364609
0.0374327
0.038401
0.0393419
0.040266
0.0411772
0.042099
0.0430672
0.0440745
0.0450923
0.0461345
0.0471881
0.0482777
0.0494311
0.0506062
0.0517975
0.0530016
0.0542135
0.0554282
0.0566756
0.0579529
0.0592477
0.0605874
0.0619266
0.0633045
0.0647177
0.0661691
0.0676007
0.0690565
0.0705736
0.0721151
0.0737076
0.0753063
0.076953
0.0785751
0.0802543
0.0819483
0.083707
0.0854945
0.087315
0.0891385
0.0909994
0.0929424
0.0948515
0.0968625
0.0988276
0.100893
0.102992
0.105057
0.107254
0.109426
0.111468
0.113572
0.0100916
0.0100594
0.00992998
0.0102059
0.010697
0.0107795
0.0106686
0.0108711
0.0112481
0.0116475
0.0119923
0.0122077
0.0127044
0.0135619
0.0141184
0.0143789
0.0149878
0.0158117
0.0163747
0.0168353
0.0174413
0.0180473
0.0185716
0.0191316
0.0197663
0.0203547
0.0208565
0.021353
0.0219681
0.0227177
0.023491
0.0241739
0.0248514
0.0256301
0.0264334
0.0271678
0.0278517
0.0285381
0.0293043
0.0301098
0.030805
0.0314297
0.0321453
0.0329691
0.0337824
0.0345909
0.0354966
0.0364736
0.0374352
0.0383955
0.0393378
0.0402658
0.0411797
0.0421055
0.0430754
0.0440834
0.0450997
0.0461406
0.0471977
0.04829
0.0494397
0.0506095
0.0517992
0.0530036
0.0542152
0.0554307
0.0566791
0.0579566
0.059251
0.06059
0.0619299
0.0633077
0.0647191
0.0661698
0.0676029
0.0690602
0.0705768
0.0721177
0.0737094
0.0753066
0.0769521
0.0785758
0.0802568
0.0819507
0.0837086
0.0854945
0.0873145
0.0891396
0.0910011
0.0929431
0.0948515
0.0968638
0.0988295
0.100894
0.102994
0.105058
0.107257
0.109432
0.111477
0.113583
0.0102858
0.0102445
0.00998074
0.0101162
0.0106905
0.0109839
0.0108603
0.0109595
0.0114026
0.0118679
0.0121888
0.0123524
0.01277
0.0136271
0.0142494
0.0144623
0.014987
0.0158471
0.0164643
0.0168907
0.017458
0.0180769
0.0186113
0.0191556
0.0197852
0.0203954
0.0209017
0.0213992
0.0220111
0.0227574
0.0235261
0.024198
0.024861
0.0256343
0.0264406
0.0271741
0.0278536
0.0285374
0.0293026
0.03011
0.0308114
0.0314413
0.0321643
0.0329953
0.0338086
0.0346119
0.0355136
0.0364865
0.0374387
0.0383909
0.0393343
0.0402661
0.0411824
0.0421118
0.0430835
0.0440923
0.0451074
0.046147
0.0472073
0.0483022
0.0494485
0.050613
0.0518012
0.0530059
0.0542171
0.0554333
0.0566827
0.0579604
0.0592544
0.0605927
0.0619334
0.063311
0.0647206
0.0661706
0.0676052
0.0690638
0.0705801
0.0721203
0.0737113
0.075307
0.0769512
0.0785764
0.0802593
0.0819531
0.0837102
0.0854946
0.0873141
0.0891407
0.0910028
0.0929439
0.0948517
0.0968651
0.0988314
0.100895
0.102997
0.105061
0.10726
0.109439
0.111486
0.113594
0.0103558
0.0104065
0.0100963
0.0101028
0.0106639
0.0111518
0.0111113
0.0110805
0.011503
0.0120668
0.012408
0.0125154
0.0128486
0.0136834
0.0143725
0.0145705
0.0149956
0.0158623
0.0165503
0.0169612
0.0174764
0.0181007
0.0186564
0.0191886
0.0198032
0.0204241
0.0209486
0.0214485
0.0220541
0.0227955
0.0235606
0.0242231
0.0248723
0.0256395
0.0264484
0.0271814
0.0278566
0.0285376
0.029301
0.0301114
0.0308192
0.0314532
0.0321823
0.0330207
0.0338347
0.0346326
0.03553
0.0364994
0.037443
0.0383872
0.0393314
0.0402676
0.0411854
0.0421181
0.0430917
0.0441016
0.0451156
0.0461537
0.0472169
0.0483143
0.0494574
0.0506168
0.0518034
0.0530085
0.0542193
0.055436
0.0566863
0.0579644
0.0592579
0.0605954
0.061937
0.0633144
0.0647222
0.0661716
0.0676075
0.0690675
0.0705833
0.0721229
0.0737132
0.0753075
0.0769505
0.0785771
0.0802618
0.0819555
0.0837118
0.0854949
0.0873139
0.0891418
0.0910044
0.0929446
0.094852
0.0968664
0.0988333
0.100897
0.102999
0.105063
0.107264
0.109446
0.111495
0.113606
0.0103115
0.0105489
0.0102845
0.0101794
0.010662
0.0112863
0.0113965
0.0112738
0.0115795
0.0122141
0.0126327
0.0126966
0.0129353
0.0137359
0.0144894
0.0147028
0.0150287
0.0158643
0.016626
0.0170475
0.0175027
0.0181173
0.0187017
0.019232
0.0198248
0.0204478
0.0209932
0.0214999
0.0220971
0.0228322
0.0235953
0.02425
0.0248861
0.0256465
0.0264571
0.0271897
0.0278606
0.0285384
0.0293
0.0301139
0.0308285
0.0314656
0.0321995
0.0330456
0.033861
0.0346532
0.035546
0.0365124
0.037448
0.0383842
0.0393289
0.0402601
0.0411884
0.0421242
0.0430998
0.0441109
0.045124
0.0461608
0.0472266
0.0483262
0.0494665
0.0506209
0.0518059
0.0530115
0.0542219
0.0554387
0.05669
0.0579686
0.0592617
0.0605982
0.0619407
0.0633179
0.0647239
0.0661728
0.06761
0.0690712
0.0705866
0.0721254
0.0737151
0.0753082
0.0769499
0.0785777
0.0802642
0.0819578
0.0837134
0.0854952
0.0873138
0.0891429
0.0910061
0.0929454
0.0948524
0.0968678
0.0988353
0.100898
0.103001
0.105066
0.107267
0.109453
0.111505
0.113617
0.0101226
0.0106345
0.0105151
0.010321
0.0106928
0.0113875
0.0116654
0.0115269
0.0116637
0.0122982
0.0128491
0.0129133
0.013038
0.0137814
0.014588
0.0148415
0.0150857
0.0158603
0.0166845
0.0171446
0.0175462
0.018133
0.0187465
0.0192855
0.0198554
0.0204697
0.0210354
0.0215548
0.0221423
0.0228666
0.0236282
0.0242777
0.0249016
0.0256551
0.0264669
0.0271993
0.0278665
0.0285406
0.0292999
0.0301174
0.0308391
0.0314784
0.0322158
0.0330696
0.033887
0.0346734
0.0355616
0.0365255
0.0374542
0.0383826
0.0393277
0.0402747
0.0411921
0.0421303
0.0431081
0.0441205
0.0451327
0.0461683
0.0472364
0.0483382
0.0494758
0.0506254
0.0518087
0.0530148
0.0542247
0.0554417
0.0566937
0.057973
0.0592656
0.0606011
0.0619445
0.0633216
0.0647258
0.0661741
0.0676125
0.0690749
0.07059
0.072128
0.0737171
0.0753089
0.0769494
0.0785784
0.0802666
0.0819601
0.083715
0.0854956
0.0873138
0.0891441
0.0910077
0.0929463
0.0948533
0.0968693
0.0988374
0.1009
0.103003
0.105069
0.107271
0.109461
0.111515
0.113629
0.0100708
0.0107242
0.0107769
0.0105246
0.0107558
0.0114627
0.0118834
0.0118121
0.0118015
0.0123359
0.0130125
0.0131501
0.0131634
0.0138248
0.0146783
0.0149857
0.0151704
0.0158618
0.0167216
0.0172389
0.0176032
0.0181445
0.0187798
0.0193421
0.0198952
0.0204915
0.0210702
0.0216082
0.0221909
0.0229012
0.0236603
0.024307
0.0249192
0.025665
0.0264776
0.0272093
0.0278728
0.0285439
0.0293007
0.0301219
0.0308511
0.031492
0.0322313
0.033093
0.0339132
0.0346937
0.0355769
0.0365386
0.0374609
0.0383816
0.0393263
0.0402651
0.0411958
0.0421364
0.0431164
0.0441303
0.0451418
0.046176
0.0472462
0.04835
0.0494853
0.0506301
0.0518118
0.0530185
0.0542279
0.0554447
0.0566975
0.0579775
0.0592696
0.0606041
0.0619483
0.0633254
0.0647277
0.0661756
0.067615
0.0690786
0.0705933
0.0721306
0.0737191
0.0753098
0.0769489
0.0785791
0.080269
0.0819624
0.0837167
0.0854961
0.087314
0.0891453
0.0910094
0.0929471
0.0948539
0.0968709
0.0988394
0.100902
0.103006
0.105072
0.107275
0.109468
0.111525
0.11364
0.00980581
0.010648
0.0110011
0.0108106
0.0108823
0.0115361
0.0120574
0.0120966
0.0120173
0.012372
0.0131077
0.0133947
0.0133309
0.0138682
0.0147522
0.015123
0.0152733
0.0158839
0.0167478
0.0173276
0.0176802
0.0181689
0.0188096
0.0194011
0.0199464
0.0205198
0.0211014
0.02166
0.0222438
0.0229375
0.0236902
0.0243362
0.0249385
0.0256764
0.0264899
0.027221
0.0278811
0.0285491
0.0293027
0.030127
0.0308644
0.0315064
0.0322464
0.0331157
0.0339393
0.0347135
0.0355917
0.0365518
0.0374689
0.0383821
0.0393263
0.040271
0.0412004
0.0421425
0.0431247
0.0441404
0.0451512
0.0461841
0.047256
0.0483618
0.049495
0.0506352
0.0518152
0.0530225
0.0542315
0.055448
0.0567014
0.0579822
0.0592739
0.0606071
0.0619523
0.0633293
0.0647298
0.0661772
0.0676177
0.0690823
0.0705967
0.0721332
0.0737212
0.0753108
0.0769487
0.0785798
0.0802714
0.0819647
0.0837184
0.0854967
0.0873143
0.0891465
0.091011
0.092948
0.0948548
0.0968725
0.0988416
0.100903
0.103008
0.105075
0.107279
0.109476
0.111536
0.113652
0.00966698
0.0105664
0.0111601
0.0111394
0.0110706
0.0116082
0.0121937
0.0123519
0.0122908
0.0124601
0.0131403
0.01361
0.0135413
0.0139228
0.0148147
0.0152606
0.0153888
0.0159258
0.0167724
0.0174031
0.017764
0.0182017
0.0188325
0.0194554
0.0200051
0.0205561
0.0211304
0.0217051
0.0222975
0.0229782
0.0237206
0.0243655
0.02496
0.0256898
0.0265039
0.0272339
0.0278899
0.0285554
0.0293061
0.0301331
0.030879
0.0315219
0.0322606
0.0331373
0.0339653
0.0347345
0.0356067
0.0365652
0.0374776
0.0383833
0.0393268
0.040275
0.0412053
0.0421487
0.0431329
0.0441506
0.0451609
0.0461924
0.0472658
0.0483735
0.0495049
0.0506407
0.0518188
0.0530268
0.0542355
0.0554515
0.0567053
0.057987
0.0592783
0.0606104
0.0619563
0.0633334
0.0647321
0.066179
0.0676205
0.0690861
0.0706001
0.0721358
0.0737233
0.0753119
0.0769485
0.0785806
0.0802737
0.0819669
0.0837202
0.0854974
0.0873148
0.0891478
0.0910128
0.0929489
0.0948558
0.0968742
0.0988437
0.100906
0.103011
0.105079
0.107283
0.109484
0.111547
0.113664
0.00959605
0.0104834
0.0112171
0.0114336
0.0113122
0.0116888
0.0123025
0.0125565
0.0125753
0.0126236
0.0131485
0.0137636
0.0137845
0.0140062
0.0148603
0.0153907
0.0155072
0.015977
0.0168012
0.017468
0.0178489
0.0182464
0.018856
0.0195066
0.0200672
0.0205988
0.0211609
0.0217456
0.0223499
0.0230232
0.0237527
0.0243933
0.0249814
0.025704
0.0265187
0.0272484
0.0279003
0.0285633
0.029311
0.0301399
0.0308944
0.0315385
0.0322748
0.0331583
0.0339915
0.0347543
0.0356211
0.036578
0.0374871
0.0383859
0.0393282
0.0402801
0.041211
0.0421551
0.0431414
0.0441611
0.0451711
0.0462011
0.0472755
0.0483852
0.0495151
0.0506465
0.0518229
0.0530315
0.0542398
0.0554552
0.0567094
0.057992
0.0592829
0.0606137
0.0619604
0.0633376
0.0647346
0.066181
0.0676233
0.06909
0.0706035
0.0721383
0.0737255
0.0753131
0.0769486
0.0785814
0.0802761
0.0819691
0.083722
0.0854981
0.0873154
0.0891491
0.0910145
0.0929499
0.0948569
0.0968761
0.0988458
0.100908
0.103014
0.105083
0.107288
0.109492
0.111558
0.113677
0.00955042
0.0104244
0.0112202
0.011656
0.0115942
0.0118024
0.0123974
0.0127244
0.0128278
0.0128536
0.0131809
0.0138416
0.0140221
0.0141275
0.0148903
0.0155117
0.0156363
0.0160364
0.0168408
0.0175371
0.0179385
0.0183017
0.0188791
0.0195543
0.0201353
0.0206493
0.0211953
0.0217833
0.0223971
0.0230698
0.0237895
0.0244216
0.0250026
0.0257205
0.0265364
0.0272652
0.0279123
0.0285722
0.0293174
0.030148
0.0309109
0.0315562
0.0322885
0.033178
0.0340175
0.0347742
0.0356364
0.0365912
0.0374978
0.0383898
0.0393306
0.0402859
0.0412173
0.0421616
0.0431497
0.0441717
0.0451817
0.0462102
0.0472852
0.0483969
0.0495254
0.0506526
0.0518271
0.0530365
0.0542445
0.0554591
0.0567136
0.0579971
0.0592876
0.0606172
0.0619646
0.0633419
0.0647372
0.066183
0.0676262
0.0690939
0.070607
0.072141
0.0737278
0.0753145
0.0769487
0.0785824
0.0802784
0.0819712
0.0837239
0.085499
0.0873163
0.0891504
0.0910163
0.0929509
0.094858
0.0968781
0.0988478
0.10091
0.103016
0.105088
0.107294
0.1095
0.11157
0.113689
0.00953823
0.0103885
0.011211
0.0118033
0.0118837
0.0119571
0.012478
0.012863
0.0130309
0.0131113
0.0132841
0.0138733
0.0142329
0.0143014
0.014928
0.015621
0.0157813
0.0160991
0.0168777
0.0176052
0.0180276
0.0183637
0.0189013
0.0195952
0.0202069
0.0207044
0.0212303
0.0218214
0.0224415
0.0231163
0.0238329
0.0244541
0.0250225
0.0257363
0.0265553
0.0272837
0.0279256
0.0285823
0.0293251
0.0301572
0.0309282
0.031575
0.0323024
0.0331969
0.0340435
0.0347943
0.0356393
0.0366037
0.0375087
0.0383945
0.0393334
0.0402919
0.0412241
0.0421684
0.0431583
0.0441825
0.0451925
0.0462195
0.0472949
0.0484086
0.0495361
0.0506591
0.0518316
0.0530419
0.0542496
0.0554632
0.0567179
0.0580024
0.0592926
0.0606208
0.0619689
0.0633464
0.0647401
0.0661853
0.0676293
0.069098
0.0706105
0.0721436
0.0737301
0.0753159
0.0769491
0.0785834
0.0802807
0.0819733
0.0837258
0.0854999
0.0873172
0.0891518
0.0910181
0.0929521
0.0948593
0.0968803
0.0988499
0.100913
0.103019
0.105092
0.107299
0.109508
0.111582
0.113702
0.00957873
0.0103717
0.0112096
0.0118852
0.0121358
0.0121544
0.0125604
0.0129909
0.0132059
0.0133643
0.0134662
0.0139068
0.0143848
0.0145006
0.0149772
0.0157021
0.0159332
0.0161688
0.0169036
0.0176742
0.0181284
0.0184402
0.0189252
0.0196255
0.0202834
0.0207739
0.0212681
0.0218597
0.022485
0.0231578
0.0238778
0.0244921
0.0250413
0.0257493
0.0265767
0.0273061
0.0279409
0.0285934
0.0293338
0.0301678
0.0309472
0.031595
0.0323161
0.0332148
0.0340692
0.034815
0.035654
0.0366169
0.0375209
0.0384009
0.0393375
0.0402989
0.0412318
0.0421755
0.043167
0.0441936
0.0452039
0.0462291
0.0473043
0.0484202
0.0495471
0.0506659
0.0518366
0.0530476
0.0542551
0.0554676
0.0567224
0.0580079
0.0592976
0.0606247
0.0619733
0.063351
0.0647431
0.0661875
0.0676323
0.0691021
0.070614
0.0721463
0.0737326
0.0753174
0.0769495
0.0785846
0.0802831
0.0819753
0.0837279
0.085501
0.0873184
0.0891533
0.0910199
0.0929535
0.0948606
0.0968827
0.0988519
0.100916
0.103022
0.105097
0.107305
0.109517
0.111594
0.113715
0.00967159
0.0103742
0.0112126
0.011929
0.0123417
0.0123924
0.0126717
0.013117
0.0133664
0.0135704
0.0136814
0.0139695
0.0144764
0.0146977
0.0150584
0.0157634
0.016092
0.0162658
0.0169241
0.0177339
0.0182352
0.0185334
0.0189581
0.0196425
0.0203549
0.020857
0.0213079
0.021891
0.0225287
0.0231967
0.0239225
0.0245399
0.0250652
0.0257586
0.0265981
0.0273328
0.0279583
0.0286052
0.0293435
0.0301792
0.0309676
0.0316165
0.0323296
0.0332319
0.0340951
0.0348366
0.0356679
0.0366261
0.0375331
0.0384076
0.0393421
0.0403065
0.0412399
0.0421828
0.0431755
0.0442046
0.0452158
0.0462393
0.0473137
0.0484319
0.0495584
0.050673
0.0518417
0.0530537
0.054261
0.0554722
0.056727
0.0580137
0.0593028
0.0606286
0.0619778
0.0633557
0.0647464
0.06619
0.0676356
0.0691064
0.0706175
0.072149
0.0737353
0.075319
0.0769502
0.078586
0.0802855
0.0819772
0.0837301
0.0855021
0.0873197
0.0891547
0.0910217
0.092955
0.0948619
0.0968853
0.098854
0.10092
0.103026
0.105101
0.107312
0.109525
0.111606
0.113729
0.00978617
0.0104052
0.0112384
0.0119734
0.0124987
0.0126432
0.0128175
0.0132241
0.0135048
0.0137309
0.0139009
0.0140958
0.0145482
0.0148764
0.0151764
0.0158141
0.0162392
0.0163877
0.0169426
0.0177729
0.0183415
0.0186463
0.0190059
0.0196445
0.0204088
0.0209555
0.0213641
0.0219172
0.0225717
0.0232384
0.0239634
0.0245926
0.0250961
0.0257632
0.0266155
0.0273646
0.0279801
0.0286173
0.0293537
0.0301911
0.0309895
0.0316405
0.0323432
0.0332472
0.0341212
0.0348591
0.0356813
0.0366398
0.0375469
0.0384157
0.0393479
0.040315
0.041249
0.0421908
0.0431843
0.0442159
0.0452282
0.0462498
0.0473229
0.0484435
0.0495702
0.0506804
0.051847
0.0530601
0.0542674
0.055477
0.0567319
0.0580196
0.059308
0.0606327
0.0619825
0.0633607
0.0647501
0.0661927
0.0676389
0.0691108
0.070621
0.0721517
0.0737381
0.0753207
0.076951
0.0785874
0.0802879
0.0819791
0.0837323
0.0855034
0.0873211
0.0891563
0.0910235
0.0929568
0.0948633
0.096888
0.0988562
0.100923
0.103029
0.105106
0.107319
0.109534
0.111618
0.113742
0.00990739
0.0104732
0.01129
0.0120265
0.012609
0.0128697
0.0129918
0.0133188
0.0136334
0.0138789
0.014105
0.0142691
0.014625
0.01502
0.015316
0.0158624
0.0163603
0.0165348
0.0169787
0.0177916
0.018433
0.0187717
0.0190813
0.019647
0.0204397
0.0210595
0.0214447
0.021942
0.0226032
0.0232813
0.0240017
0.0246457
0.0251384
0.0257689
0.0266263
0.0273997
0.0280084
0.0286301
0.0293635
0.0302038
0.0310123
0.0316665
0.0323573
0.0332607
0.0341473
0.0348833
0.0356945
0.0366529
0.0375622
0.0384249
0.0393534
0.040324
0.0412588
0.042199
0.0431931
0.0442271
0.045241
0.0462606
0.0473318
0.048455
0.0495824
0.0506883
0.0518525
0.053067
0.0542744
0.0554819
0.0567366
0.0580257
0.0593136
0.0606372
0.0619873
0.0633657
0.0647538
0.0661952
0.0676422
0.0691155
0.0706247
0.0721545
0.073741
0.0753225
0.076952
0.0785891
0.0802905
0.0819808
0.0837347
0.0855048
0.0873227
0.089158
0.0910253
0.092959
0.0948647
0.0968909
0.0988584
0.100927
0.103033
0.105111
0.107327
0.109543
0.11163
0.113756
0.0100216
0.0105505
0.011347
0.0120936
0.0126926
0.0130487
0.0131902
0.0134396
0.0137632
0.0140201
0.014271
0.0144539
0.014727
0.015135
0.015464
0.0159257
0.0164561
0.016693
0.0170407
0.0177978
0.0185043
0.0189033
0.0191889
0.0196615
0.0204406
0.0211493
0.021551
0.0219791
0.0226219
0.023321
0.0240438
0.0246983
0.025189
0.0257798
0.0266294
0.0274337
0.0280446
0.0286457
0.029372
0.0302166
0.0310362
0.0316946
0.032373
0.0332727
0.0341726
0.0349088
0.0357076
0.0366651
0.0375785
0.0384358
0.0393594
0.0403335
0.0412698
0.0422077
0.0432019
0.0442385
0.0452544
0.0462721
0.0473407
0.0484665
0.049595
0.0506965
0.051858
0.053074
0.054282
0.0554872
0.0567419
0.0580323
0.059319
0.0606415
0.0619919
0.0633709
0.0647581
0.0661981
0.0676457
0.0691203
0.0706282
0.0721572
0.0737442
0.0753244
0.0769532
0.078591
0.0802931
0.0819826
0.0837371
0.0855064
0.0873244
0.0891599
0.091027
0.0929614
0.0948661
0.096894
0.0988609
0.100931
0.103038
0.105116
0.107334
0.109552
0.111642
0.11377
0.0101331
0.0106316
0.0114048
0.012168
0.0127755
0.0131927
0.0133991
0.0135927
0.0138815
0.014146
0.0144075
0.0146328
0.0148615
0.0152389
0.0156082
0.0160099
0.0165294
0.0168463
0.017137
0.0178094
0.018551
0.01902
0.0193175
0.019704
0.0204247
0.0212121
0.0216739
0.0220441
0.0226354
0.0233473
0.0240873
0.024753
0.025244
0.0257985
0.0266283
0.0274631
0.0280876
0.0286667
0.029379
0.0302283
0.0310609
0.0317249
0.0323897
0.0332837
0.0341971
0.0349356
0.0357213
0.0366767
0.0375957
0.0384486
0.0393661
0.0403431
0.0412814
0.042217
0.0432109
0.0442497
0.0452684
0.0462838
0.0473492
0.0484779
0.0496082
0.0507053
0.0518636
0.0530812
0.0542902
0.0554927
0.0567468
0.0580388
0.0593247
0.0606465
0.0619971
0.0633762
0.0647626
0.0662008
0.0676491
0.0691254
0.070632
0.07216
0.0737475
0.0753263
0.0769545
0.078593
0.0802957
0.0819843
0.0837397
0.0855082
0.0873262
0.0891619
0.0910286
0.0929641
0.0948677
0.096897
0.0988636
0.100934
0.103042
0.105121
0.107343
0.109562
0.111654
0.113783
0.0102518
0.0107252
0.0114623
0.0122372
0.0128725
0.0133187
0.0135827
0.0137612
0.0140022
0.0142695
0.0145332
0.0147928
0.0150139
0.0153417
0.0157399
0.0161185
0.0165972
0.0169812
0.0172562
0.0178318
0.0185774
0.019116
0.0194576
0.0197869
0.0204106
0.0212371
0.0217935
0.0221411
0.0226584
0.0233559
0.0241225
0.0248143
0.0253056
0.0258226
0.0266262
0.0274864
0.0281345
0.0286958
0.0293859
0.0302369
0.031087
0.0317582
0.0324078
0.0332936
0.034221
0.0349636
0.0357354
0.0366877
0.0376134
0.0384628
0.0393737
0.0403529
0.0412939
0.0422271
0.0432202
0.0442607
0.0452828
0.0462964
0.0473575
0.048489
0.0496217
0.0507147
0.0518696
0.0530885
0.0542988
0.0554986
0.056752
0.0580459
0.0593308
0.0606514
0.062002
0.0633815
0.0647675
0.0662039
0.0676527
0.0691306
0.0706357
0.0721628
0.073751
0.0753282
0.0769561
0.0785952
0.0802985
0.081986
0.0837422
0.0855102
0.087328
0.0891642
0.0910301
0.0929671
0.0948694
0.0969001
0.0988666
0.100938
0.103048
0.105126
0.107351
0.109572
0.111666
0.113797
0.010373
0.010834
0.0115338
0.012301
0.0129663
0.0134347
0.0137364
0.0139374
0.0141417
0.0143957
0.0146512
0.014923
0.0151675
0.0154587
0.0158619
0.0162411
0.0166654
0.0170878
0.0173866
0.0178802
0.0185999
0.0191902
0.0195889
0.0199025
0.0204167
0.021229
0.0218911
0.0222623
0.0227083
0.0233573
0.0241382
0.0248768
0.0253798
0.0258519
0.0266218
0.0275045
0.0281835
0.0287335
0.0293942
0.0302416
0.0311131
0.031795
0.0324277
0.0333018
0.0342441
0.0349936
0.0357501
0.0366977
0.0376317
0.0384787
0.0393822
0.0403632
0.0413068
0.042237
0.0432302
0.0442719
0.0452977
0.0463096
0.0473657
0.0484998
0.0496358
0.0507246
0.0518755
0.0530957
0.0543081
0.0555054
0.0567575
0.0580526
0.0593366
0.0606565
0.0620071
0.0633871
0.0647728
0.066207
0.0676562
0.069136
0.0706396
0.0721657
0.0737547
0.0753303
0.0769578
0.0785976
0.0803012
0.0819877
0.0837449
0.0855125
0.0873298
0.0891666
0.0910317
0.0929704
0.0948713
0.0969031
0.09887
0.100942
0.103053
0.105132
0.10736
0.109582
0.111678
0.113811
0.0104918
0.0109585
0.0116238
0.0123622
0.0130428
0.0135494
0.0138752
0.0141067
0.0142946
0.0145211
0.0147674
0.0150377
0.0153152
0.0155872
0.0159666
0.0163622
0.0167511
0.017182
0.0175189
0.0179514
0.0186224
0.0192441
0.0197005
0.020037
0.0204614
0.0212065
0.0219518
0.02239
0.0227917
0.0233686
0.0241296
0.0249261
0.0254711
0.0258942
0.0266123
0.0275156
0.0282343
0.0287801
0.0294063
0.0302413
0.0311372
0.0318359
0.0324503
0.0333081
0.034266
0.0350259
0.0357658
0.0367059
0.0376504
0.0384966
0.0393912
0.0403738
0.0413211
0.0422562
0.043241
0.0442834
0.0453128
0.0463232
0.0473738
0.0485101
0.0496501
0.0507355
0.051882
0.0531033
0.0543174
0.0555117
0.0567628
0.0580598
0.0593434
0.0606625
0.0620122
0.0633925
0.0647782
0.0662101
0.0676599
0.0691416
0.0706436
0.0721685
0.0737585
0.0753324
0.0769598
0.0786004
0.080304
0.0819895
0.0837475
0.085515
0.0873317
0.0891693
0.0910332
0.0929738
0.0948736
0.096906
0.0988739
0.100946
0.103059
0.105137
0.107368
0.109593
0.111689
0.113825
0.0106045
0.0110863
0.0117267
0.0124356
0.0131084
0.0136538
0.0140065
0.0142589
0.0144514
0.0146528
0.0148938
0.015148
0.0154362
0.0157125
0.0160673
0.0164838
0.0168585
0.0172695
0.0176373
0.0180365
0.018654
0.0192883
0.0197918
0.0201727
0.0205457
0.0211904
0.0219729
0.0225046
0.0229008
0.0234085
0.0241113
0.0249443
0.0255699
0.025962
0.0266001
0.0275131
0.0282856
0.0288373
0.0294242
0.0302359
0.031157
0.0318811
0.0324764
0.0333119
0.0342862
0.0350607
0.0357834
0.0367126
0.0376686
0.0385169
0.0394011
0.0403843
0.0413359
0.0422664
0.0432508
0.0442951
0.0453288
0.0463375
0.0473818
0.0485199
0.0496648
0.0507471
0.0518883
0.0531105
0.0543272
0.0555194
0.0567689
0.0580668
0.0593496
0.0606682
0.0620173
0.0633983
0.0647846
0.0662136
0.0676636
0.0691472
0.0706477
0.0721714
0.0737624
0.0753346
0.076962
0.0786033
0.0803067
0.0819915
0.0837501
0.0855179
0.0873335
0.0891721
0.0910348
0.0929773
0.0948762
0.0969087
0.0988781
0.10095
0.103065
0.105144
0.107377
0.109604
0.111701
0.113838
0.0107131
0.0112123
0.0118396
0.0125263
0.0131764
0.0137412
0.0141299
0.0143959
0.0146067
0.0147919
0.0150187
0.0152566
0.0155389
0.0158384
0.0161744
0.0165915
0.0169698
0.0173576
0.0177466
0.0181328
0.0186981
0.0193282
0.0198639
0.0202951
0.0206579
0.0212022
0.0219679
0.022589
0.0230202
0.0234827
0.0241043
0.0249266
0.0256548
0.0260648
0.0265992
0.0274894
0.0283305
0.0289075
0.0294527
0.0302258
0.0311686
0.0319303
0.032509
0.0333126
0.0343038
0.0350983
0.0358032
0.0367179
0.0376855
0.0385391
0.0394128
0.0403944
0.0413509
0.0422787
0.0432602
0.0443065
0.0453456
0.0463527
0.0473899
0.0485289
0.0496794
0.0507598
0.0518949
0.053118
0.0543376
0.0555271
0.0567748
0.0580735
0.0593566
0.0606749
0.0620223
0.0634037
0.0647908
0.0662168
0.0676674
0.0691532
0.0706522
0.0721747
0.0737665
0.0753369
0.0769644
0.0786065
0.0803094
0.0819937
0.0837528
0.0855209
0.0873354
0.0891751
0.0910368
0.0929808
0.0948791
0.0969114
0.0988826
0.100955
0.103071
0.10515
0.107386
0.109615
0.111713
0.113852
0.0108282
0.0113366
0.0119578
0.0126277
0.013257
0.0138149
0.0142389
0.0145228
0.0147501
0.01493
0.0151392
0.0153774
0.0156435
0.0159506
0.0162771
0.0166834
0.0170808
0.017456
0.0178518
0.0182332
0.0187504
0.0193678
0.0199235
0.0203991
0.0207826
0.0212496
0.0219559
0.0226367
0.0231316
0.023582
0.0241296
0.0248921
0.0256989
0.0261883
0.0266323
0.0274484
0.0283548
0.0289889
0.0294987
0.0302137
0.0311674
0.0319805
0.0325519
0.0333104
0.0343159
0.0351396
0.0358261
0.0367218
0.0377014
0.0385624
0.0394258
0.0404047
0.041366
0.0422925
0.0432697
0.0443168
0.0453627
0.0463692
0.0473983
0.0485366
0.0496938
0.0507744
0.0519024
0.0531246
0.0543475
0.0555352
0.0567815
0.0580806
0.0593639
0.0606821
0.0620274
0.0634092
0.0647977
0.0662204
0.0676712
0.0691589
0.0706564
0.0721779
0.0737705
0.0753394
0.0769671
0.0786102
0.0803121
0.081996
0.0837555
0.0855242
0.0873374
0.089178
0.091039
0.0929842
0.0948824
0.0969139
0.0988874
0.100959
0.103077
0.105157
0.107395
0.109626
0.111725
0.113865
0.0109518
0.0114599
0.012078
0.0127326
0.0133492
0.0138882
0.0143322
0.0146396
0.0148785
0.015069
0.0152614
0.0154967
0.0157481
0.0160463
0.0163766
0.0167715
0.0171847
0.0175586
0.0179525
0.0183371
0.0188112
0.019409
0.0199764
0.0204828
0.020905
0.0213279
0.021958
0.0226572
0.0232187
0.0236918
0.0241911
0.0248668
0.0256971
0.0263032
0.0267153
0.0274099
0.028342
0.0290701
0.0295709
0.0302077
0.0311498
0.0320251
0.0326112
0.0333089
0.0343183
0.0351847
0.0358547
0.0367228
0.037716
0.0385876
0.0394397
0.0404155
0.0413811
0.0423076
0.0432801
0.044327
0.0453793
0.0463869
0.0474081
0.0485436
0.0497074
0.0507897
0.0519099
0.0531308
0.0543584
0.0555447
0.0567884
0.0580866
0.0593707
0.0606895
0.0620324
0.0634149
0.0648052
0.0662243
0.0676753
0.069165
0.070661
0.0721814
0.0737744
0.0753421
0.0769697
0.0786138
0.0803145
0.0819986
0.0837585
0.0855275
0.0873396
0.089181
0.0910418
0.0929875
0.094886
0.0969166
0.0988923
0.100964
0.103083
0.105164
0.107404
0.109637
0.111737
0.113878
0.0110752
0.0115838
0.0121991
0.0128395
0.0134483
0.0139724
0.0144151
0.0147452
0.0149955
0.0152003
0.0153806
0.0156036
0.0158563
0.0161416
0.0164697
0.0168531
0.0172738
0.0176598
0.0180511
0.0184445
0.0188834
0.019451
0.0200272
0.0205502
0.021015
0.0214265
0.0219837
0.0226655
0.0232749
0.0237934
0.0242788
0.0248733
0.0256699
0.0263748
0.0268316
0.0274092
0.0282981
0.029127
0.0296684
0.0302238
0.0311196
0.0320917
0.0326915
0.0333154
0.0343058
0.03523
0.0358931
0.0367202
0.0377273
0.0386164
0.0394536
0.0404253
0.0413974
0.0423225
0.0432901
0.0443373
0.0453957
0.0464054
0.047419
0.0485488
0.0497199
0.0508072
0.0519192
0.0531367
0.0543685
0.055554
0.0567956
0.0580927
0.0593786
0.060698
0.0620374
0.0634199
0.0648123
0.0662281
0.0676793
0.0691712
0.0706657
0.0721854
0.0737785
0.0753452
0.0769729
0.0786178
0.0803172
0.0820013
0.0837614
0.0855308
0.0873419
0.0891839
0.0910448
0.0929909
0.0948897
0.0969195
0.0988974
0.10097
0.103089
0.105172
0.107413
0.109648
0.111748
0.113891
0.0111855
0.0117061
0.0123192
0.0129473
0.0135474
0.0140641
0.0144959
0.0148388
0.0151009
0.0153178
0.0155019
0.0157091
0.0159612
0.0162372
0.0165531
0.0169281
0.0173503
0.0177537
0.0181447
0.0185468
0.0189679
0.0194956
0.0200762
0.0206091
0.021106
0.0215346
0.022034
0.0226792
0.02331
0.0238721
0.0243778
0.0249148
0.0256445
0.0264001
0.0269455
0.027462
0.0282471
0.0291362
0.0297752
0.0302768
0.0310779
0.032091
0.032778
0.0333417
0.0342787
0.0352675
0.0359469
0.0367179
0.0377304
0.0386497
0.0394705
0.0404318
0.0414146
0.0423403
0.043299
0.0443472
0.0454125
0.0464245
0.0474314
0.0485532
0.0497319
0.0508265
0.0519286
0.0531411
0.0543787
0.055565
0.0568039
0.0580983
0.0593861
0.0607067
0.0620423
0.0634256
0.0648202
0.0662326
0.0676832
0.0691771
0.0706701
0.0721892
0.0737821
0.0753483
0.0769762
0.0786217
0.0803199
0.0820044
0.083765
0.0855342
0.0873445
0.0891869
0.0910484
0.0929943
0.0948936
0.0969226
0.0989024
0.100976
0.103095
0.105179
0.107422
0.109659
0.11176
0.113904
0.0112808
0.0118224
0.0124372
0.0130533
0.0136402
0.014152
0.0145751
0.0149184
0.0151919
0.0154209
0.0156178
0.0158133
0.0160562
0.0163345
0.0166386
0.0170004
0.0174178
0.0178375
0.0182351
0.0186406
0.0190602
0.0195471
0.0201184
0.0206628
0.0211768
0.0216383
0.0221033
0.0227038
0.0233372
0.0239252
0.0244711
0.0249843
0.0256425
0.0263991
0.0270247
0.0275518
0.028232
0.0291045
0.0298575
0.030368
0.0310499
0.032063
0.0328592
0.0333987
0.034246
0.0352833
0.0360136
0.0367244
0.0377199
0.0386833
0.0394952
0.0404342
0.0414277
0.0423632
0.0433069
0.0443533
0.0454291
0.0464459
0.0474459
0.0485553
0.0497411
0.0508471
0.0519392
0.053145
0.0543889
0.0555767
0.0568123
0.0581034
0.0593938
0.060716
0.0620473
0.0634313
0.0648278
0.0662373
0.0676877
0.0691835
0.0706752
0.0721937
0.0737859
0.0753517
0.0769798
0.0786254
0.0803225
0.0820072
0.0837682
0.0855371
0.0873471
0.0891898
0.0910518
0.0929976
0.0948973
0.096926
0.0989075
0.100982
0.103101
0.105187
0.107432
0.10967
0.111772
0.113916
0.0113656
0.0119295
0.0125549
0.0131623
0.013734
0.014238
0.0146536
0.0149886
0.015265
0.0155016
0.0157113
0.0159107
0.0161429
0.0164242
0.0167236
0.0170693
0.0174791
0.0179104
0.0183229
0.0187284
0.0191534
0.0196139
0.0201592
0.0207142
0.021236
0.0217265
0.0221851
0.0227392
0.0233635
0.0239597
0.0245411
0.0250673
0.0256658
0.0263931
0.0270678
0.0276421
0.0282651
0.0290601
0.0298905
0.0304813
0.0310614
0.0320006
0.0329129
0.0334821
0.0342261
0.0352701
0.0360842
0.0367539
0.0376994
0.038709
0.0395325
0.040439
0.0414619
0.0423964
0.0433194
0.044356
0.0454446
0.0464702
0.0474626
0.0485553
0.0497487
0.050871
0.0519524
0.0531472
0.0543975
0.0555892
0.056821
0.0581082
0.059402
0.0607257
0.0620522
0.0634372
0.0648354
0.0662422
0.0676919
0.0691892
0.0706803
0.0721983
0.0737896
0.0753556
0.0769844
0.0786294
0.080326
0.0820111
0.0837723
0.0855406
0.0873502
0.0891933
0.0910562
0.0930012
0.0949012
0.0969298
0.0989125
0.100988
0.103107
0.105195
0.107442
0.10968
0.111783
0.113929
0.0114433
0.0120226
0.0126639
0.013271
0.0138304
0.0143248
0.0147329
0.0150578
0.0153264
0.015565
0.0157835
0.0159942
0.0162186
0.0164963
0.0168003
0.017134
0.0175336
0.0179688
0.0184003
0.0188109
0.0192396
0.0196918
0.0202056
0.0207616
0.0212906
0.0217988
0.022272
0.0227903
0.0233953
0.0239904
0.0245881
0.0251479
0.0257116
0.0263956
0.0270901
0.0277059
0.028327
0.0290429
0.0298759
0.0305757
0.03112
0.0319469
0.032918
0.0335751
0.0342376
0.0352341
0.0361386
0.0368087
0.0376774
0.0387146
0.0395772
0.0404464
0.0414573
0.0424278
0.0433382
0.0443541
0.0454532
0.0464963
0.047484
0.0485542
0.0497526
0.050895
0.051967
0.0531481
0.0544052
0.0556036
0.0568304
0.0581121
0.0594099
0.0607349
0.0620566
0.0634433
0.0648426
0.0662473
0.0676965
0.0691947
0.0706854
0.0722026
0.0737924
0.0753589
0.0769884
0.0786321
0.0803285
0.0820143
0.0837755
0.0855431
0.0873529
0.0891965
0.0910596
0.0930045
0.0949047
0.0969338
0.0989176
0.100994
0.103113
0.105203
0.107451
0.109691
0.111794
0.11394
0.0115193
0.0121024
0.0127556
0.0133691
0.0139205
0.0144062
0.0148072
0.0151251
0.0153818
0.0156161
0.0158382
0.0160595
0.0162851
0.0165539
0.0168643
0.017194
0.0175825
0.0180155
0.018462
0.018885
0.0193152
0.0197698
0.0202586
0.0208027
0.0213395
0.0218564
0.022352
0.0228526
0.0234304
0.0240239
0.0246243
0.0252175
0.0257761
0.0264134
0.02711
0.0277518
0.0283951
0.0290684
0.0298484
0.0306308
0.031215
0.0319285
0.0328918
0.0336554
0.0342834
0.0351958
0.0361632
0.0368821
0.037674
0.0387006
0.0396217
0.040467
0.0414518
0.0424559
0.0433677
0.0443541
0.0454555
0.0465242
0.047512
0.048553
0.0497528
0.0509205
0.0519863
0.05315
0.0544116
0.0556192
0.056841
0.0581168
0.0594191
0.0607455
0.0620624
0.0634504
0.0648503
0.0662534
0.0677019
0.0692003
0.070692
0.0722085
0.0737967
0.075364
0.0769944
0.078636
0.0803326
0.0820192
0.0837798
0.0855464
0.0873563
0.0892005
0.0910656
0.0930081
0.0949087
0.0969382
0.0989228
0.101
0.103121
0.10521
0.107461
0.109702
0.111806
0.113953
0.0115983
0.012176
0.0128304
0.0134493
0.0139964
0.0144746
0.0148682
0.0151802
0.0154266
0.0156542
0.0158785
0.0161067
0.0163406
0.0166018
0.016915
0.0172496
0.0176291
0.0180545
0.0185079
0.0189477
0.0193804
0.0198396
0.0203156
0.0208375
0.0213769
0.0218988
0.0224125
0.0229134
0.0234635
0.0240513
0.0246472
0.0252577
0.0258364
0.0264399
0.0271237
0.0277811
0.0284396
0.029111
0.0298336
0.0306375
0.0313038
0.0319498
0.032843
0.0336975
0.0343506
0.0351749
0.0361573
0.0369517
0.0376966
0.0386729
0.0396484
0.0405013
0.0414387
0.0424684
0.0434037
0.044359
0.0454466
0.0465469
0.0475453
0.0485526
0.0497468
0.0509431
0.052007
0.0531501
0.0544141
0.0556338
0.0568509
0.0581198
0.059426
0.0607535
0.0620668
0.0634561
0.0648562
0.066259
0.0677065
0.0692038
0.0706971
0.0722122
0.0737985
0.0753675
0.0769988
0.0786379
0.0803352
0.0820235
0.0837828
0.0855487
0.0873593
0.0892039
0.0910647
0.0930111
0.0949122
0.0969426
0.098928
0.101007
0.103125
0.105218
0.10747
0.109712
0.111816
0.113963
0.0116752
0.0122413
0.012887
0.0135031
0.0140437
0.014513
0.0149014
0.0152126
0.0154586
0.0156804
0.0159055
0.0161385
0.0163843
0.0166491
0.0169664
0.0173147
0.017693
0.0181106
0.0185619
0.0190163
0.0194544
0.0199138
0.0203893
0.0208875
0.0214169
0.0219421
0.0224689
0.0229817
0.0235134
0.0240911
0.0246834
0.0252941
0.0258953
0.0264868
0.0271476
0.0278138
0.0284771
0.0291603
0.0298537
0.03063
0.0313666
0.0320135
0.0328159
0.033707
0.0344214
0.0351835
0.0361365
0.0370007
0.0377442
0.038655
0.0396538
0.0405435
0.0414449
0.0424672
0.0434415
0.0443796
0.0454314
0.0465617
0.0475876
0.0485606
0.0497369
0.0509632
0.0520344
0.0531545
0.0544163
0.0556504
0.0568638
0.058126
0.0594355
0.0607633
0.0620743
0.0634634
0.0648631
0.0662671
0.0677131
0.0692085
0.0707054
0.0722191
0.0738027
0.0753737
0.0770052
0.0786411
0.0803394
0.0820294
0.0837866
0.0855514
0.0873629
0.0892086
0.0910698
0.0930145
0.0949162
0.0969475
0.0989331
0.101013
0.103135
0.105226
0.107479
0.109722
0.111827
0.113975
0.011773
0.0123059
0.0129189
0.0135051
0.014017
0.0144582
0.01483
0.0151359
0.0153854
0.0156096
0.0158416
0.0160883
0.0163528
0.016635
0.0169635
0.0173322
0.0177215
0.0181377
0.0185848
0.0190499
0.0195026
0.0199598
0.0204414
0.0209292
0.0214437
0.0219683
0.0225006
0.023027
0.0235516
0.024119
0.0247107
0.0253169
0.0259315
0.0265288
0.0271713
0.0278396
0.0285052
0.0291923
0.0298852
0.0306256
0.0313921
0.0320786
0.0328157
0.033691
0.0344733
0.035214
0.0361164
0.0370236
0.037797
0.0386562
0.0396425
0.0405759
0.0414694
0.0424597
0.0434641
0.0444152
0.0454189
0.046558
0.0476313
0.0485802
0.0497212
0.0509735
0.0520639
0.0531613
0.054414
0.0556624
0.0568753
0.0581305
0.0594418
0.0607701
0.0620809
0.0634682
0.0648679
0.066275
0.0677178
0.0692098
0.0707111
0.072223
0.0738037
0.0753787
0.0770103
0.0786428
0.0803429
0.0820354
0.0837898
0.0855536
0.0873667
0.0892126
0.0910736
0.0930175
0.0949198
0.0969522
0.0989385
0.10102
0.103142
0.105234
0.107488
0.109732
0.111837
0.113985
0.0120276
0.0125616
0.0131613
0.0137173
0.0141866
0.0145756
0.0148956
0.0151594
0.0153822
0.0155938
0.0158233
0.0160791
0.0163592
0.0166586
0.0169949
0.0173736
0.0177736
0.0181861
0.0186231
0.0190857
0.019552
0.0200068
0.0204836
0.0209699
0.0214743
0.0219988
0.0225296
0.0230663
0.0235949
0.0241527
0.0247426
0.0253437
0.0259618
0.0265663
0.0272015
0.0278656
0.0285327
0.0292189
0.0299182
0.03064
0.031399
0.0321293
0.0328447
0.0336732
0.0345025
0.0352557
0.0361091
0.0370299
0.0378417
0.038678
0.0396315
0.0405909
0.0415035
0.0424598
0.0434694
0.0444532
0.0454222
0.0465381
0.0476635
0.0486192
0.0497075
0.0509693
0.0520956
0.0531751
0.0544116
0.0556725
0.0568886
0.0581398
0.0594492
0.0607777
0.0620903
0.0634724
0.0648723
0.0662863
0.0677243
0.0692122
0.0707201
0.07223
0.0738066
0.0753856
0.0770161
0.0786442
0.0803466
0.0820416
0.0837926
0.0855553
0.0873707
0.089217
0.0910777
0.0930208
0.0949237
0.0969573
0.0989431
0.101022
0.103147
0.105241
0.107496
0.10974
0.111847
0.113996
0.0117536
0.0122194
0.0127811
0.0133308
0.0138184
0.0142431
0.014611
0.0149307
0.0152071
0.0154629
0.0157327
0.0160338
0.0163598
0.0166919
0.017037
0.0174132
0.0178189
0.0182319
0.0186598
0.0191143
0.0195896
0.0200516
0.0205211
0.0210085
0.0215087
0.0220318
0.0225567
0.0230949
0.0236374
0.024191
0.0247775
0.0253717
0.0259898
0.0266021
0.027236
0.0278951
0.0285583
0.0292453
0.0299452
0.0306638
0.0314053
0.0321563
0.0328863
0.0336673
0.0345129
0.0352971
0.036113
0.0370272
0.0378706
0.0387088
0.0396301
0.0405899
0.0415362
0.0424755
0.0434683
0.044488
0.045448
0.0465189
0.0476775
0.0486733
0.0497093
0.0509505
0.0521254
0.0532002
0.0544088
0.0556781
0.0569008
0.0581493
0.0594555
0.0607842
0.0621017
0.0634759
0.0648748
0.0662994
0.0677304
0.0692115
0.0707268
0.0722354
0.0738081
0.0753927
0.0770225
0.0786463
0.0803519
0.0820493
0.0837964
0.0855578
0.0873755
0.0892218
0.0910815
0.093024
0.0949271
0.0969622
0.0989484
0.10103
0.103155
0.10525
0.107505
0.10975
0.111857
0.114006
0.0131174
0.0132211
0.0132824
0.0133801
0.0135358
0.0137598
0.0140518
0.0143957
0.01476
0.0151241
0.0154942
0.0158803
0.0162768
0.0166608
0.0170347
0.0174211
0.017835
0.0182572
0.0186838
0.0191251
0.0195922
0.0200607
0.0205265
0.0210122
0.0215136
0.0220363
0.0225621
0.0230988
0.0236581
0.024214
0.024795
0.0253835
0.026
0.0266247
0.0272579
0.0279165
0.0285754
0.0292645
0.0299665
0.0306816
0.0314167
0.0321651
0.032921
0.0336794
0.0345097
0.0353311
0.0361258
0.0370223
0.0378911
0.0387379
0.0396434
0.0405829
0.0415499
0.0424993
0.0434627
0.0445006
0.0454796
0.0465016
0.0476634
0.0487217
0.0497261
0.0509184
0.0521388
0.0532332
0.0544072
0.0556751
0.0569135
0.0581603
0.0594588
0.0607902
0.0621125
0.063476
0.0648749
0.0663127
0.0677371
0.0692109
0.0707339
0.0722417
0.0738099
0.0753986
0.0770268
0.0786462
0.0803549
0.0820545
0.083798
0.0855585
0.0873793
0.0892255
0.0910846
0.0930271
0.0949304
0.096967
0.0989526
0.101033
0.103159
0.105255
0.107511
0.109757
0.111865
0.114013
0.0118207
0.0121996
0.0126685
0.0131391
0.0135629
0.0139335
0.0142654
0.0145809
0.0148934
0.0152056
0.0155253
0.0158636
0.0162339
0.0166245
0.0170253
0.0174349
0.0178612
0.0182956
0.0187327
0.0191718
0.0196254
0.0200969
0.0205653
0.0210439
0.02154
0.0220558
0.0225873
0.0231244
0.0236905
0.0242505
0.0248226
0.0254081
0.0260209
0.0266585
0.0272891
0.0279395
0.0285981
0.0292831
0.0299892
0.0306966
0.0314297
0.0321738
0.0329408
0.0337119
0.0345087
0.0353493
0.036149
0.0370141
0.0379062
0.0387614
0.0396595
0.0405911
0.0415483
0.0425277
0.0434788
0.0445007
0.0455231
0.0465141
0.0476412
0.0487662
0.0497712
0.0508967
0.0521401
0.0532748
0.0544202
0.0556673
0.056926
0.0581783
0.0594604
0.060798
0.0621301
0.063477
0.0648756
0.0663292
0.067745
0.0692109
0.0707411
0.0722482
0.0738137
0.0754074
0.077034
0.0786499
0.0803621
0.0820628
0.0838025
0.0855619
0.087385
0.0892304
0.0910882
0.0930304
0.094936
0.0969722
0.0989629
0.101041
0.103168
0.105265
0.10752
0.109766
0.111875
0.114025
0.0132172
0.0132074
0.0131355
0.0131065
0.013162
0.0133138
0.0135674
0.0139134
0.0143303
0.014775
0.0152238
0.0156678
0.0161163
0.0165671
0.0170127
0.0174472
0.0178766
0.018314
0.0187531
0.0191869
0.0196228
0.0200835
0.0205552
0.0210332
0.021531
0.0220435
0.0225847
0.0231315
0.0236971
0.02426
0.0248262
0.0254127
0.0260262
0.0266728
0.0273084
0.0279482
0.0286121
0.0292971
0.0300052
0.0307104
0.031438
0.0321855
0.0329486
0.0337317
0.0345179
0.0353509
0.0361759
0.0370109
0.037908
0.0387862
0.0396671
0.0406051
0.0415435
0.042532
0.0435032
0.0444861
0.0455377
0.0465393
0.047607
0.0487752
0.049816
0.0508814
0.0521207
0.0532992
0.0544373
0.0556569
0.056926
0.0581954
0.0594607
0.060796
0.0621452
0.0634775
0.0648692
0.0663411
0.0677521
0.0692085
0.0707462
0.0722524
0.0738139
0.0754121
0.0770372
0.0786488
0.0803643
0.0820668
0.0838031
0.0855621
0.0873878
0.089233
0.09109
0.0930327
0.0949363
0.0969754
0.0989629
0.101043
0.10317
0.105268
0.107523
0.10977
0.11188
0.114029
0.012622
0.0125687
0.0124854
0.0124762
0.0125824
0.0128034
0.0131333
0.0135547
0.0140421
0.0145564
0.015069
0.0155666
0.0160556
0.0165414
0.0170107
0.0174556
0.0178865
0.0183254
0.018764
0.0191949
0.0196292
0.0200833
0.0205523
0.0210297
0.0215312
0.0220444
0.0225856
0.0231405
0.0237069
0.0242702
0.0248342
0.0254207
0.0260371
0.026684
0.0273227
0.0279558
0.0286193
0.0293067
0.0300126
0.0307192
0.0314423
0.0321927
0.0329547
0.0337406
0.0345326
0.035353
0.0361892
0.0370213
0.0379044
0.0388015
0.0396767
0.0406153
0.0415572
0.0425345
0.0435279
0.0445008
0.0455455
0.0465771
0.0476166
0.0487781
0.0498574
0.0509005
0.0521164
0.0533153
0.0544603
0.0556642
0.0569293
0.0582102
0.0594731
0.0607996
0.0621588
0.0634901
0.0648708
0.0663506
0.0677641
0.0692123
0.0707522
0.0722616
0.0738196
0.0754201
0.0770468
0.0786553
0.0803713
0.0820754
0.0838096
0.0855664
0.0873934
0.0892383
0.0910941
0.0930359
0.094942
0.0969807
0.0989713
0.101051
0.103179
0.105278
0.107533
0.10978
0.11189
0.11404
)
;

boundaryField
{
    zeroGradientPlanes
    {
        type            zeroGradient;
    }
    inlet
    {
        type            zeroGradient;
    }
    plate
    {
        type            zeroGradient;
    }
    frontAndBack
    {
        type            empty;
    }
}


// ************************************************************************* //
