/*--------------------------------*- C++ -*----------------------------------*\
| =========                 |                                                 |
| \\      /  F ield         | OpenFOAM: The Open Source CFD Toolbox           |
|  \\    /   O peration     | Version:  v1912                                 |
|   \\  /    A nd           | Website:  www.openfoam.com                      |
|    \\/     M anipulation  |                                                 |
\*---------------------------------------------------------------------------*/
FoamFile
{
    version     2.0;
    format      ascii;
    class       volScalarField;
    location    "5.8";
    object      p;
}
// * * * * * * * * * * * * * * * * * * * * * * * * * * * * * * * * * * * * * //

dimensions      [0 2 -2 0 0 0 0];


internalField   nonuniform List<scalar> 
9600
(
-1.33799e-10
7.88395e-05
0.00326099
0.00205445
0.0024245
0.00750736
0.00677565
0.00913398
0.0108594
0.0134718
0.0148277
0.0149737
0.0146251
0.0160995
0.0159248
0.0170824
0.0178289
0.0207762
0.0180602
0.0239384
4.1139e-07
0.000255084
0.00324572
0.00203664
0.00243411
0.00751491
0.00677445
0.00913412
0.0108629
0.0134705
0.0148204
0.0149497
0.0146676
0.0160958
0.0159348
0.0170745
0.0178323
0.020558
0.0184795
0.0235715
3.92261e-06
0.000319016
0.00321255
0.00204404
0.00245588
0.00751228
0.00678354
0.009134
0.0108651
0.0134692
0.0148122
0.0149281
0.0147012
0.0160891
0.0159565
0.0170606
0.0178396
0.0204248
0.0186659
0.0231814
1.13819e-05
0.000374066
0.00318113
0.00208659
0.00249247
0.00750407
0.0068108
0.00912984
0.010865
0.0134697
0.0148017
0.0149072
0.0147311
0.0160831
0.0159862
0.0170418
0.0178477
0.0202795
0.0188166
0.0228173
2.42796e-05
0.000420982
0.00315836
0.00216051
0.00254477
0.00749059
0.00685569
0.00912165
0.0108635
0.0134702
0.0147889
0.014886
0.0147606
0.0160763
0.016022
0.0170189
0.0178524
0.0201347
0.0189387
0.0224708
4.29095e-05
0.000461764
0.00314649
0.0022597
0.00261092
0.00747513
0.00691478
0.00911145
0.0108614
0.0134698
0.014775
0.0148639
0.0147901
0.0160682
0.0160626
0.0169939
0.0178551
0.0199952
0.0190321
0.0221426
6.65198e-05
0.000500534
0.00314714
0.00237735
0.00268659
0.0074587
0.00698259
0.00910082
0.0108592
0.0134684
0.0147605
0.0148396
0.0148197
0.016059
0.016107
0.0169691
0.0178551
0.0198621
0.0190994
0.0218349
9.3933e-05
0.000542567
0.00316065
0.00250658
0.00276746
0.00744199
0.00705498
0.00909078
0.0108571
0.0134661
0.0147452
0.0148121
0.0148496
0.0160482
0.0161543
0.0169463
0.01785
0.019738
0.0191429
0.0215449
0.000124141
0.000592119
0.00318555
0.00264193
0.00284946
0.00742517
0.00713028
0.00908216
0.0108556
0.013463
0.0147288
0.0147807
0.0148794
0.016036
0.016203
0.0169259
0.0178386
0.0196245
0.0191624
0.0212675
0.000156526
0.00065114
0.00321932
0.00277971
0.00292989
0.00740845
0.00720884
0.00907588
0.0108552
0.0134597
0.0147109
0.0147448
0.014909
0.0160224
0.0162514
0.0169089
0.0178199
0.019521
0.0191585
0.0210005
0.000190875
0.000719503
0.00325939
0.00291773
0.00300762
0.00739189
0.00729154
0.00907295
0.0108569
0.0134565
0.0146913
0.014704
0.0149379
0.0160081
0.0162976
0.0168962
0.0177931
0.0194257
0.0191346
0.0207429
0.000227189
0.000795756
0.00330367
0.00305489
0.00308286
0.00737554
0.00737887
0.00907394
0.0108613
0.0134536
0.0146704
0.0146583
0.0149659
0.0159937
0.0163403
0.0168883
0.0177573
0.0193366
0.0190946
0.0204922
0.000265526
0.000878119
0.00335088
0.00319059
0.00315659
0.00735949
0.00747065
0.00907957
0.0108688
0.0134512
0.0146483
0.0146084
0.0149925
0.0159801
0.0163782
0.0168856
0.0177124
0.0192515
0.0190429
0.020245
0.000306014
0.000965154
0.00340036
0.00332453
0.00323
0.00734394
0.00756622
0.00908926
0.0108793
0.0134489
0.0146256
0.014555
0.0150171
0.0159686
0.0164104
0.0168881
0.0176589
0.0191675
0.0189843
0.0199992
0.000348821
0.00105596
0.00345195
0.00345662
0.00330427
0.00732914
0.00766477
0.00910253
0.0108923
0.0134463
0.0146028
0.0144997
0.0150392
0.0159602
0.0164363
0.0168957
0.0175979
0.0190813
0.0189235
0.019754
0.000394127
0.00115008
0.00350569
0.00358694
0.00338058
0.0073153
0.00776551
0.00911895
0.0109075
0.0134431
0.0145803
0.0144438
0.015058
0.0159558
0.0164554
0.0169075
0.0175313
0.0189898
0.0188637
0.0195102
0.000442132
0.00124725
0.00356177
0.00371575
0.00346004
0.00730266
0.00786771
0.00913824
0.0109245
0.0134393
0.0145582
0.0143886
0.0150731
0.0159561
0.0164678
0.0169221
0.0174619
0.0188901
0.0188064
0.0192701
0.000493052
0.00134731
0.00362049
0.00384333
0.00354356
0.00729148
0.00797074
0.00916023
0.010943
0.0134349
0.0145366
0.0143353
0.015084
0.0159612
0.016474
0.0169377
0.017392
0.0187805
0.0187519
0.0190367
0.000547111
0.00145014
0.0036822
0.00396985
0.0036319
0.00728193
0.00807404
0.00918479
0.0109627
0.0134299
0.0145154
0.0142847
0.0150904
0.0159709
0.0164747
0.016952
0.0173236
0.0186606
0.0187
0.0188138
0.000604556
0.00155563
0.00374719
0.00409536
0.0037256
0.00727421
0.00817703
0.0092119
0.0109832
0.0134247
0.0144943
0.0142374
0.015092
0.0159844
0.0164707
0.016963
0.0172582
0.0185311
0.0186486
0.0186056
0.000665642
0.00166371
0.00381573
0.00421976
0.00382495
0.00726857
0.00827917
0.00924161
0.0110042
0.0134195
0.0144729
0.0141937
0.015089
0.0160005
0.0164628
0.0169688
0.0171973
0.0183931
0.0185945
0.0184156
0.000730636
0.00177427
0.00388804
0.00434282
0.00392996
0.00726527
0.00837996
0.00927413
0.0110253
0.0134148
0.0144511
0.0141534
0.0150816
0.0160182
0.0164517
0.0169679
0.0171415
0.0182482
0.0185353
0.0182472
0.000799816
0.00188727
0.0039643
0.00446426
0.00404047
0.00726462
0.00847894
0.00930972
0.0110463
0.0134107
0.0144287
0.0141163
0.01507
0.0160366
0.016438
0.0169592
0.0170908
0.0180983
0.0184686
0.0181026
0.000873477
0.00200263
0.00404462
0.00458385
0.00415625
0.007267
0.00857573
0.00934862
0.0110669
0.0134074
0.0144058
0.0140818
0.0150548
0.0160551
0.0164223
0.0169417
0.0170454
0.0179453
0.0183922
0.0179831
0.000951932
0.00212025
0.00412912
0.00470143
0.00427698
0.00727279
0.00866995
0.00939106
0.0110871
0.0134047
0.0143826
0.0140498
0.0150359
0.0160733
0.0164049
0.0169146
0.017005
0.0177917
0.0183041
0.0178892
0.00103552
0.00224
0.0042179
0.00481698
0.00440228
0.00728243
0.00876125
0.00943716
0.0111067
0.0134026
0.0143595
0.0140194
0.0150136
0.0160909
0.0163865
0.0168772
0.0169687
0.0176409
0.0182025
0.017819
0.00112459
0.00236178
0.00431104
0.00493061
0.00453179
0.00729627
0.00884938
0.00948701
0.0111257
0.0134009
0.0143373
0.0139904
0.0149877
0.0161075
0.0163679
0.0168292
0.016935
0.0174967
0.0180855
0.017768
0.00121948
0.00248549
0.00440856
0.00504254
0.00466505
0.00731474
0.00893412
0.00954055
0.0111442
0.0133992
0.0143162
0.0139626
0.014958
0.0161228
0.0163504
0.0167707
0.016902
0.0173224
0.0179517
0.0177282
0.00132056
0.00261104
0.00451043
0.00515315
0.00480157
0.00733825
0.00901539
0.00959766
0.0111624
0.0133972
0.0142969
0.013936
0.014924
0.0161362
0.0163355
0.0167024
0.0168681
0.0171975
0.0178046
0.0176887
0.00142819
0.00273841
0.00461656
0.00526287
0.00494084
0.00736713
0.00909322
0.00965822
0.0111806
0.0133942
0.0142797
0.0139105
0.0148855
0.016147
0.0163247
0.0166256
0.01683
0.017093
0.0176509
0.0176384
0.00154274
0.00286756
0.00472678
0.00537219
0.00508243
0.00740168
0.00916781
0.00972198
0.0111987
0.0133902
0.014265
0.0138866
0.0148417
0.0161542
0.0163199
0.0165427
0.0167841
0.0170063
0.0174985
0.0175708
0.00166456
0.00299849
0.0048408
0.00548181
0.00522594
0.00744208
0.00923953
0.00978888
0.011217
0.0133848
0.0142527
0.0138645
0.0147922
0.0161566
0.0163218
0.0164567
0.0167284
0.0169342
0.0173542
0.0174869
0.001794
0.00313124
0.00495826
0.00559249
0.00537116
0.0074883
0.00930884
0.00985894
0.0112357
0.0133775
0.0142437
0.0138449
0.0147369
0.0161529
0.016331
0.0163705
0.0166617
0.016873
0.0172224
0.0173924
0.00193136
0.00326587
0.00507872
0.0057049
0.00551814
0.00754022
0.00937622
0.00993226
0.0112549
0.0133679
0.0142378
0.0138283
0.0146755
0.0161416
0.0163482
0.0162878
0.0165835
0.0168197
0.0171061
0.0172928
0.0020769
0.00340247
0.00520175
0.00581971
0.00566696
0.00759756
0.00944213
0.0100093
0.0112748
0.0133549
0.0142352
0.0138161
0.0146079
0.0161206
0.0163733
0.0162121
0.0164931
0.0167719
0.0170097
0.0171938
0.0022309
0.00354119
0.00532704
0.00593745
0.00581785
0.00765993
0.00950666
0.0100904
0.0112959
0.0133375
0.0142353
0.0138096
0.0145345
0.0160879
0.0164058
0.0161479
0.0163899
0.0167241
0.0169376
0.0171037
0.0023936
0.00368223
0.00545417
0.00605837
0.00597127
0.00772741
0.00956956
0.0101758
0.0113195
0.0133152
0.0142369
0.01381
0.0144562
0.0160409
0.0164439
0.0161004
0.0162752
0.0166704
0.0168908
0.0170311
0.00256515
0.00382586
0.00558293
0.00618259
0.00612747
0.0078002
0.00963061
0.0102651
0.0113466
0.0132877
0.014239
0.0138188
0.014375
0.0159773
0.0164839
0.0160731
0.0161535
0.0166053
0.0168669
0.0169835
0.00274571
0.00397214
0.00571324
0.0063104
0.00628664
0.00787865
0.00968944
0.010358
0.0113787
0.0132552
0.0142396
0.0138363
0.0142928
0.0158956
0.0165222
0.0160695
0.0160289
0.0165234
0.016861
0.0169672
0.00293543
0.00412127
0.00584505
0.00644176
0.00644852
0.00796399
0.00974603
0.0104531
0.0114175
0.0132186
0.0142365
0.0138635
0.0142129
0.0157932
0.0165536
0.0160922
0.015909
0.0164216
0.0168665
0.0169855
0.00313439
0.0042734
0.00597838
0.00657705
0.00661245
0.00805659
0.00980154
0.0105484
0.0114638
0.0131802
0.0142262
0.0138986
0.0141407
0.015671
0.0165686
0.0161391
0.0158029
0.0163029
0.0168787
0.0170415
0.00334267
0.0044287
0.00611291
0.00671631
0.00677798
0.00815652
0.00985713
0.0106427
0.0115171
0.0131427
0.0142098
0.0139381
0.0140787
0.0155336
0.0165617
0.0161979
0.0157391
0.0161768
0.0169019
0.0171535
0.00356021
0.00458766
0.0062485
0.00685894
0.00694403
0.0082637
0.00991499
0.0107348
0.0115772
0.013107
0.0141866
0.0139821
0.0140301
0.0153831
0.0165287
0.0162634
0.0155764
0.0160041
0.0168895
0.0173323
0.00378685
0.00475074
0.0063846
0.00700953
0.00711023
0.00837554
0.0099789
0.0108245
0.0116422
0.0130764
0.0141559
0.0140278
0.0139995
0.0152271
0.0164629
0.0163537
0.0157966
0.0159054
0.01683
0.0174286
0.00402227
0.00491897
0.00651986
0.0071688
0.00727739
0.00848963
0.0100499
0.0109143
0.0117097
0.0130504
0.0141221
0.014072
0.0139868
0.015091
0.0163927
0.0164314
0.0156972
0.0157456
0.0166496
0.0174037
0.00426595
0.00509328
0.00665326
0.00733623
0.00744742
0.00860241
0.0101282
0.0110077
0.0117791
0.0130288
0.014085
0.0141162
0.0139963
0.014972
0.016315
0.0165599
0.0159021
0.0156754
0.0164395
0.0172519
0.00451743
0.00527459
0.00678409
0.00751167
0.00762321
0.00871137
0.0102125
0.0111075
0.0118512
0.0130121
0.0140442
0.0141613
0.0140291
0.0148523
0.0161663
0.0164548
0.015873
0.0155516
0.0162363
0.0171955
0.00477589
0.00546403
0.0069127
0.00769249
0.00780909
0.00881708
0.010296
0.0112176
0.0119308
0.0129967
0.0140005
0.0142046
0.0140789
0.0147701
0.0160504
0.0166312
0.0160452
0.0155707
0.016017
0.0169194
0.00504053
0.00566236
0.00703997
0.00787565
0.00800783
0.00892025
0.0103729
0.0113377
0.0120223
0.0129862
0.0139522
0.0142411
0.014146
0.0147044
0.0158891
0.0165175
0.0161263
0.0155697
0.0158067
0.0166783
0.00531063
0.00587047
0.00716707
0.00805703
0.00822035
0.00902566
0.0104383
0.0114631
0.0121325
0.0129845
0.0138955
0.0142676
0.0142249
0.0146513
0.015711
0.0164397
0.0162081
0.0156527
0.0157213
0.0164761
0.00558514
0.00608877
0.00729574
0.00823431
0.00844604
0.00913871
0.0104898
0.011586
0.0122617
0.0129969
0.0138343
0.0142771
0.0143051
0.0146285
0.0155466
0.0163201
0.0162556
0.0157614
0.0157103
0.0163147
0.00586319
0.00631753
0.00742829
0.00840525
0.00868144
0.00926603
0.0105297
0.0116942
0.0124067
0.0130327
0.0137725
0.0142656
0.0143834
0.01464
0.0154062
0.0161694
0.0162725
0.0158706
0.0157438
0.0162143
0.0061439
0.0065568
0.00756704
0.00856819
0.0089227
0.00941301
0.0105615
0.0117798
0.0125616
0.0130969
0.0137193
0.0142371
0.0144502
0.0146781
0.0153014
0.0160209
0.0162521
0.0159698
0.0158034
0.016162
0.0064262
0.00680619
0.00771499
0.00872274
0.00916439
0.0095814
0.0105936
0.0118391
0.0127126
0.0131905
0.0136867
0.0141947
0.0144976
0.0147344
0.0152395
0.0158852
0.0161949
0.0160457
0.0158858
0.0161453
0.00670921
0.00706499
0.00787504
0.00886935
0.00940016
0.00977145
0.0106361
0.0118718
0.0128457
0.0133109
0.013684
0.014148
0.0145246
0.0147973
0.015215
0.0157747
0.0161148
0.0160857
0.0159857
0.0161657
0.00699231
0.00733188
0.00804916
0.00900946
0.00962515
0.00998029
0.0106979
0.0118822
0.012949
0.0134484
0.013719
0.0141096
0.0145312
0.0148563
0.0152206
0.0156975
0.0160357
0.0160849
0.0160715
0.0162279
0.00727516
0.00760506
0.0082387
0.00914611
0.00983449
0.0102032
0.0107873
0.0118792
0.0130132
0.0135871
0.0137936
0.0140936
0.0145221
0.0149037
0.0152486
0.0156507
0.0159772
0.0160646
0.0161166
0.0163162
0.00755767
0.00788211
0.00844355
0.0092844
0.0100259
0.0104325
0.0109093
0.0118771
0.0130361
0.0137082
0.0139045
0.0141132
0.0145089
0.0149332
0.0152891
0.0156305
0.0159398
0.0160558
0.0161289
0.0163873
0.0078397
0.00816086
0.00866279
0.00942857
0.0102001
0.0106572
0.0110619
0.0118938
0.0130242
0.0137962
0.0140362
0.0141713
0.0145067
0.0149455
0.0153312
0.0156375
0.0159143
0.0160688
0.0161358
0.0164101
0.00812121
0.00843929
0.00889469
0.00958108
0.0103589
0.0108698
0.0112382
0.0119405
0.0130021
0.0138485
0.0141674
0.0142638
0.0145265
0.0149479
0.0153629
0.0156669
0.0158974
0.01609
0.0161717
0.0164129
0.00840212
0.00871572
0.00913595
0.00974445
0.0105062
0.0110673
0.0114274
0.0120194
0.0129881
0.0138699
0.0142812
0.014379
0.0145731
0.0149539
0.0153817
0.0157101
0.0159247
0.0161142
0.0162351
0.0164315
0.00868224
0.00898879
0.00938286
0.00992048
0.0106476
0.0112486
0.0116211
0.0121274
0.0129927
0.013872
0.0143694
0.0145035
0.0146473
0.0149743
0.0153916
0.0157497
0.0159724
0.0161392
0.0162993
0.0164879
0.00896128
0.00925769
0.00963194
0.0101093
0.0107885
0.0114143
0.0118121
0.0122582
0.0130212
0.0138695
0.0144329
0.0146236
0.0147441
0.015016
0.0154027
0.015777
0.0160299
0.0161799
0.016353
0.0165661
0.00923864
0.00952206
0.00988017
0.0103092
0.0109333
0.0115663
0.0119954
0.0124045
0.0130744
0.0138729
0.0144764
0.0147302
0.0148525
0.0150803
0.0154268
0.0157953
0.0160982
0.0162443
0.0164053
0.016643
0.00951359
0.00978166
0.0101252
0.0105177
0.0110846
0.0117079
0.0121676
0.0125595
0.0131505
0.013889
0.0145083
0.0148217
0.0149632
0.0151614
0.0154696
0.0158076
0.0161181
0.0163125
0.0164672
0.0167105
0.00978521
0.0100365
0.0103652
0.0107314
0.0112434
0.0118431
0.012328
0.012717
0.013246
0.0139218
0.0145358
0.0148987
0.0150724
0.0152508
0.0155291
0.0158341
0.0161354
0.0163731
0.0165414
0.0167782
0.0100524
0.0102862
0.0105993
0.010947
0.0114097
0.0119755
0.0124767
0.0128722
0.0133562
0.0139729
0.0145652
0.0149622
0.0151777
0.0153471
0.0155978
0.0158796
0.0161592
0.0164189
0.0166175
0.0168525
0.0103139
0.0105305
0.0108266
0.0111609
0.0115823
0.0121078
0.0126144
0.0130213
0.0134759
0.0140412
0.014603
0.0150163
0.015274
0.0154504
0.0156734
0.0159384
0.016198
0.0164589
0.016687
0.0169292
0.0105685
0.0107688
0.0110466
0.0113702
0.0117584
0.0122424
0.0127435
0.0131617
0.0135999
0.0141227
0.014652
0.0150688
0.0153596
0.015557
0.0157604
0.0160057
0.0162519
0.0165021
0.0167493
0.0170048
0.0108147
0.0109998
0.0112589
0.0115727
0.0119351
0.012379
0.0128656
0.0132928
0.0137247
0.014214
0.0147113
0.0151253
0.0154366
0.0156574
0.0158572
0.0160836
0.0163198
0.0165568
0.0168106
0.0170797
0.011051
0.0112228
0.0114625
0.0117665
0.0121095
0.0125171
0.012982
0.0134131
0.0138463
0.0143119
0.0147802
0.0151908
0.0155152
0.015752
0.0159568
0.0161699
0.0163949
0.01662
0.0168672
0.0171478
0.0112758
0.0114361
0.011657
0.01195
0.0122778
0.0126548
0.0130944
0.0135232
0.0139608
0.0144103
0.0148516
0.015259
0.0156013
0.015855
0.0160685
0.016279
0.0164935
0.0167033
0.0169315
0.0172132
0.0114872
0.0116385
0.011841
0.0121218
0.0124371
0.0127881
0.0132022
0.013625
0.0140678
0.014512
0.0149299
0.0153189
0.0156698
0.0159399
0.0161635
0.0163849
0.0166109
0.0168319
0.0170723
0.0173533
0.0116836
0.0118283
0.012014
0.0122802
0.0125841
0.0129132
0.0133016
0.0137142
0.0141578
0.0146066
0.0150377
0.0154299
0.0157882
0.0160769
0.016298
0.0164958
0.0166961
0.0168857
0.0170919
0.0173397
0.0118623
0.0120021
0.0121747
0.0124263
0.0127188
0.0130292
0.0133925
0.0137906
0.0142208
0.0146402
0.0150544
0.0154568
0.0158391
0.0161846
0.0164758
0.0167292
0.0169711
0.0171904
0.0174073
0.0176668
0.0120233
0.0121576
0.0123183
0.0125556
0.0128386
0.0131339
0.013479
0.0138713
0.014329
0.0147877
0.0152229
0.0156276
0.0159819
0.0162912
0.0165569
0.0167606
0.0169548
0.0171287
0.0172967
0.0174947
0.0121653
0.0122893
0.0124352
0.0126561
0.0129304
0.0132109
0.0135185
0.0138485
0.0142122
0.0146004
0.0150374
0.0155534
0.0160984
0.0165867
0.0170231
0.0173954
0.0177456
0.0181025
0.0184545
0.0187773
0.0122867
0.0124224
0.0125688
0.012777
0.0130352
0.013301
0.0136073
0.0139804
0.0144345
0.0149184
0.0153925
0.0158188
0.0162015
0.0164999
0.0167476
0.0169549
0.0171306
0.0172863
0.017423
0.0175753
0.0123348
0.0124361
0.0126063
0.0128382
0.0130967
0.013351
0.0136432
0.0139943
0.014397
0.0148476
0.0153364
0.0157888
0.0162367
0.0166663
0.0170845
0.0175026
0.0179018
0.0182872
0.0186379
0.018914
0.0125024
0.0126308
0.0127395
0.0128965
0.013111
0.0133292
0.0135752
0.013933
0.0144314
0.0149998
0.0155747
0.0160348
0.016405
0.0167251
0.0170165
0.0173031
0.0176018
0.0179139
0.018217
0.0184587
0.0276938
0.0228875
0.0157593
0.0101131
0.00894372
0.0105954
0.0125899
0.0142059
0.0154144
0.0162149
0.0166975
0.0171222
0.0176515
0.0182308
0.0187516
0.0192685
0.0198706
0.0204657
0.0209651
0.0214174
0.0218873
0.0224508
0.0231221
0.0237446
0.0242592
0.0248271
0.0254899
0.0261507
0.0268052
0.0275114
0.0282215
0.0288632
0.0295031
0.0302116
0.0309264
0.0315682
0.0321869
0.0328578
0.0335571
0.0342685
0.0349907
0.0357225
0.0364925
0.0372942
0.0380937
0.0388686
0.0396536
0.0405479
0.0414686
0.0422391
0.0429961
0.0438413
0.0445349
0.0451194
0.0460211
0.0472661
0.0483577
0.0492967
0.050378
0.051538
0.0525566
0.0533707
0.0541894
0.0552351
0.0564182
0.0575931
0.0587702
0.0598976
0.0610654
0.0622902
0.0634911
0.0646481
0.0658827
0.0671673
0.0684711
0.0698054
0.0711968
0.072627
0.0740309
0.075449
0.0768967
0.0784091
0.0799532
0.0815699
0.0831471
0.0847449
0.0863772
0.0880438
0.089785
0.0915371
0.0933205
0.0951228
0.0969064
0.0987834
0.100602
0.102461
0.104414
0.106242
0.107947
0.109631
0.0270072
0.0227496
0.015847
0.0102682
0.00903652
0.0106382
0.0126158
0.0142247
0.0154295
0.0162277
0.0167079
0.0171305
0.0176584
0.0182368
0.0187567
0.0192729
0.0198745
0.0204695
0.0209685
0.0214203
0.0218898
0.0224528
0.0231241
0.0237466
0.024261
0.0248286
0.0254913
0.026152
0.0268063
0.0275124
0.0282226
0.0288642
0.029504
0.0302124
0.0309273
0.0315691
0.0321877
0.0328586
0.0335579
0.0342693
0.0349915
0.0357232
0.0364932
0.0372949
0.0380944
0.0388692
0.0396541
0.0405485
0.0414692
0.0422397
0.0429966
0.0438418
0.0445355
0.0451199
0.0460213
0.0472665
0.0483582
0.049297
0.0503783
0.0515383
0.0525571
0.0533711
0.0541897
0.0552353
0.0564184
0.0575934
0.0587704
0.0598978
0.0610656
0.0622904
0.0634913
0.0646483
0.0658829
0.0671675
0.0684713
0.0698056
0.071197
0.0726272
0.074031
0.0754491
0.0768968
0.0784093
0.0799533
0.0815701
0.0831472
0.084745
0.0863773
0.088044
0.0897851
0.0915372
0.0933206
0.0951229
0.0969065
0.0987835
0.100602
0.102461
0.104414
0.106242
0.107948
0.109631
0.0263627
0.0225741
0.0160063
0.0105539
0.0092007
0.0106978
0.0126421
0.0142425
0.0154436
0.0162397
0.0167185
0.0171399
0.0176664
0.0182435
0.0187621
0.0192772
0.0198784
0.020473
0.0209716
0.021423
0.0218921
0.0224548
0.0231259
0.0237484
0.0242625
0.0248299
0.0254926
0.0261531
0.0268073
0.0275134
0.0282236
0.0288651
0.0295047
0.0302131
0.0309281
0.0315698
0.0321883
0.0328592
0.0335585
0.03427
0.0349921
0.0357238
0.0364938
0.0372954
0.0380949
0.0388698
0.0396545
0.0405489
0.0414698
0.0422402
0.0429969
0.0438424
0.0445361
0.04512
0.0460213
0.0472669
0.0483587
0.0492973
0.0503785
0.0515387
0.0525575
0.0533714
0.0541898
0.0552354
0.0564186
0.0575936
0.0587707
0.059898
0.0610658
0.0622906
0.0634915
0.0646485
0.0658831
0.0671676
0.0684714
0.0698057
0.0711971
0.0726273
0.0740312
0.0754493
0.076897
0.0784094
0.0799534
0.0815702
0.0831473
0.0847451
0.0863774
0.088044
0.0897852
0.0915373
0.0933207
0.095123
0.0969066
0.0987836
0.100602
0.102461
0.104415
0.106242
0.107948
0.109632
0.0257405
0.0223891
0.0162142
0.010924
0.009438
0.0107905
0.0126838
0.0142694
0.0154633
0.0162547
0.0167318
0.0171524
0.0176777
0.0182532
0.0187701
0.0192839
0.0198839
0.0204776
0.0209757
0.021427
0.0218958
0.0224578
0.0231284
0.0237506
0.0242643
0.0248316
0.0254942
0.0261546
0.0268086
0.0275147
0.0282249
0.0288662
0.0295056
0.0302139
0.030929
0.0315706
0.0321889
0.0328598
0.0335591
0.0342705
0.0349927
0.0357244
0.0364944
0.0372961
0.0380955
0.0388703
0.039655
0.0405493
0.0414705
0.0422408
0.0429973
0.0438429
0.0445367
0.0451201
0.0460212
0.0472674
0.0483593
0.0492975
0.0503787
0.0515392
0.0525581
0.0533718
0.0541899
0.0552355
0.0564189
0.0575939
0.0587709
0.0598982
0.061066
0.0622908
0.0634917
0.0646486
0.0658832
0.0671678
0.0684716
0.0698058
0.0711972
0.0726275
0.0740313
0.0754494
0.0768971
0.0784095
0.0799535
0.0815703
0.0831475
0.0847452
0.0863775
0.0880441
0.0897853
0.0915374
0.0933207
0.0951231
0.0969067
0.0987837
0.100602
0.102461
0.104415
0.106243
0.107948
0.109632
0.0251298
0.0221974
0.016437
0.01132
0.00970569
0.0109002
0.0127337
0.0143027
0.0154882
0.0162736
0.0167487
0.017169
0.0176929
0.0182663
0.0187815
0.0192936
0.0198917
0.0204837
0.0209811
0.0214329
0.021902
0.0224631
0.0231322
0.0237535
0.0242671
0.0248342
0.0254964
0.0261565
0.0268104
0.0275164
0.0282264
0.0288675
0.0295068
0.030215
0.0309299
0.0315715
0.0321897
0.0328605
0.0335597
0.0342711
0.0349932
0.035725
0.0364951
0.0372967
0.0380961
0.038871
0.0396555
0.0405499
0.0414713
0.0422414
0.0429977
0.0438436
0.0445374
0.04512
0.0460211
0.0472681
0.04836
0.0492976
0.0503789
0.0515398
0.0525587
0.0533722
0.05419
0.0552356
0.0564192
0.0575942
0.0587712
0.0598985
0.0610661
0.062291
0.063492
0.0646488
0.0658833
0.0671679
0.0684717
0.069806
0.0711974
0.0726276
0.0740315
0.0754495
0.0768972
0.0784096
0.0799536
0.0815705
0.0831476
0.0847453
0.0863776
0.0880442
0.0897854
0.0915375
0.0933209
0.0951232
0.0969067
0.0987838
0.100602
0.102461
0.104415
0.106243
0.107948
0.109632
0.0245381
0.0219915
0.0166497
0.0117199
0.00998971
0.0110192
0.012786
0.0143383
0.0155163
0.0162957
0.0167689
0.0171889
0.0177109
0.018282
0.0187957
0.0193064
0.0199019
0.0204913
0.0209879
0.021441
0.0219113
0.0224713
0.0231378
0.0237577
0.0242713
0.0248381
0.0254994
0.026159
0.0268129
0.0275186
0.0282283
0.0288693
0.0295085
0.0302164
0.030931
0.0315725
0.0321906
0.0328614
0.0335604
0.0342715
0.0349936
0.0357256
0.0364958
0.0372973
0.0380966
0.0388717
0.0396562
0.0405506
0.0414722
0.0422422
0.0429983
0.0438444
0.044538
0.0451199
0.046021
0.0472688
0.0483607
0.0492978
0.0503791
0.0515404
0.0525595
0.0533726
0.05419
0.0552357
0.0564195
0.0575945
0.0587716
0.0598988
0.0610664
0.0622913
0.0634923
0.064649
0.0658835
0.0671681
0.0684719
0.0698061
0.0711975
0.0726278
0.0740316
0.0754496
0.0768973
0.0784097
0.0799537
0.0815706
0.0831478
0.0847454
0.0863778
0.0880443
0.0897855
0.0915376
0.093321
0.0951233
0.0969068
0.0987839
0.100602
0.102461
0.104415
0.106243
0.107949
0.109633
0.0239694
0.0217622
0.016842
0.0121213
0.010291
0.0111479
0.0128396
0.0143745
0.0155466
0.0163206
0.0167918
0.0172111
0.0177306
0.0182989
0.0188113
0.019321
0.0199138
0.0205
0.0209956
0.0214507
0.0219231
0.022482
0.0231452
0.0237634
0.0242774
0.0248439
0.0255035
0.0261621
0.0268159
0.0275212
0.0282304
0.0288714
0.0295107
0.0302181
0.0309323
0.0315738
0.032192
0.0328628
0.0335614
0.034272
0.034994
0.0357262
0.0364965
0.0372978
0.0380969
0.0388722
0.0396571
0.0405515
0.0414733
0.0422432
0.0429991
0.0438453
0.0445387
0.0451199
0.0460209
0.0472696
0.0483614
0.0492979
0.0503794
0.0515412
0.0525603
0.0533731
0.0541901
0.0552359
0.0564199
0.057595
0.058772
0.0598991
0.0610667
0.0622917
0.0634926
0.0646492
0.0658837
0.0671684
0.0684721
0.0698063
0.0711977
0.0726281
0.0740318
0.0754498
0.0768974
0.0784099
0.0799538
0.0815708
0.083148
0.0847455
0.0863779
0.0880444
0.0897856
0.0915378
0.0933211
0.0951235
0.0969069
0.0987841
0.100602
0.102461
0.104415
0.106243
0.107949
0.109634
0.0234235
0.0215103
0.0170155
0.012527
0.0106112
0.011287
0.0128939
0.0144102
0.0155783
0.0163476
0.0168167
0.0172347
0.0177513
0.0183166
0.0188278
0.0193365
0.0199268
0.0205096
0.0210041
0.0214614
0.0219366
0.0224947
0.0231539
0.0237703
0.0242853
0.0248516
0.0255089
0.026166
0.0268195
0.0275242
0.0282326
0.0288738
0.0295133
0.0302199
0.0309336
0.0315752
0.0321939
0.0328647
0.0335629
0.0342728
0.0349945
0.035727
0.0364975
0.0372982
0.0380968
0.0388725
0.0396578
0.0405523
0.0414743
0.0422444
0.0430003
0.0438465
0.0445396
0.04512
0.046021
0.0472704
0.0483621
0.0492979
0.0503797
0.051542
0.0525613
0.0533736
0.0541902
0.0552361
0.0564204
0.0575955
0.0587725
0.0598995
0.061067
0.0622921
0.063493
0.0646495
0.065884
0.0671686
0.0684723
0.0698065
0.0711979
0.0726283
0.074032
0.0754499
0.0768976
0.07841
0.0799539
0.081571
0.0831482
0.0847457
0.086378
0.0880445
0.0897857
0.0915379
0.0933213
0.0951236
0.0969071
0.0987842
0.100603
0.102461
0.104415
0.106244
0.10795
0.109635
0.0229047
0.0212463
0.0171725
0.0129332
0.0109466
0.0114352
0.0129482
0.0144447
0.0156108
0.0163764
0.0168429
0.0172593
0.0177728
0.018335
0.0188448
0.0193528
0.0199406
0.02052
0.0210131
0.0214726
0.021951
0.0225083
0.0231635
0.0237779
0.0242944
0.0248609
0.0255158
0.0261709
0.0268238
0.0275274
0.0282349
0.0288764
0.0295161
0.0302218
0.0309346
0.0315766
0.0321961
0.0328673
0.0335649
0.034274
0.0349954
0.0357281
0.0364987
0.0372988
0.0380966
0.0388726
0.0396583
0.0405527
0.0414749
0.0422455
0.0430017
0.043848
0.0445407
0.0451206
0.0460216
0.0472715
0.0483625
0.0492976
0.0503797
0.0515428
0.0525623
0.0533742
0.0541904
0.0552364
0.056421
0.057596
0.058773
0.0599
0.0610675
0.0622926
0.0634935
0.0646499
0.0658843
0.067169
0.0684726
0.0698067
0.0711982
0.0726286
0.0740323
0.0754501
0.0768978
0.0784102
0.0799541
0.0815712
0.0831484
0.0847458
0.0863782
0.0880446
0.0897859
0.0915381
0.0933215
0.0951238
0.0969072
0.0987844
0.100603
0.102461
0.104416
0.106245
0.107951
0.109636
0.0224209
0.020979
0.0173088
0.013331
0.0112926
0.0115929
0.0130034
0.0144776
0.0156437
0.0164067
0.0168704
0.0172847
0.0177949
0.0183539
0.0188624
0.0193697
0.0199552
0.020531
0.0210226
0.0214843
0.0219659
0.0225225
0.0231735
0.023786
0.0243042
0.0248712
0.0255237
0.0261766
0.0268285
0.0275308
0.0282372
0.028879
0.0295192
0.0302237
0.0309353
0.0315777
0.0321984
0.0328702
0.0335675
0.0342757
0.0349967
0.0357297
0.0365004
0.0372996
0.0380966
0.0388727
0.0396586
0.0405525
0.041475
0.0422463
0.043003
0.0438493
0.0445421
0.0451219
0.0460231
0.0472731
0.0483631
0.0492969
0.0503794
0.0515434
0.0525632
0.0533749
0.0541907
0.0552368
0.0564216
0.0575966
0.0587736
0.0599005
0.061068
0.0622932
0.063494
0.0646505
0.0658848
0.0671695
0.068473
0.0698071
0.0711986
0.072629
0.0740325
0.0754503
0.076898
0.0784104
0.0799542
0.0815714
0.0831486
0.084746
0.0863783
0.0880447
0.089786
0.0915383
0.0933217
0.095124
0.0969074
0.0987846
0.100603
0.102462
0.104416
0.106246
0.107953
0.109637
0.0219771
0.0207128
0.0174189
0.0137139
0.011647
0.0117621
0.0130608
0.0145089
0.015676
0.0164382
0.0168994
0.0173113
0.0178178
0.0183736
0.0188806
0.0193872
0.0199704
0.0205428
0.0210327
0.0214964
0.0219812
0.0225372
0.0231839
0.0237944
0.0243144
0.0248822
0.0255324
0.0261831
0.0268338
0.0275345
0.0282395
0.0288817
0.0295225
0.0302257
0.0309357
0.0315784
0.0322005
0.0328734
0.0335705
0.0342779
0.0349985
0.0357318
0.0365024
0.0373007
0.0380968
0.0388731
0.0396587
0.0405516
0.0414741
0.0422465
0.0430038
0.0438501
0.044543
0.0451235
0.0460255
0.0472759
0.0483641
0.0492961
0.0503785
0.0515433
0.0525637
0.0533755
0.0541911
0.0552374
0.0564223
0.0575972
0.0587741
0.059901
0.0610687
0.0622938
0.0634947
0.0646511
0.0658855
0.0671701
0.0684735
0.0698076
0.0711991
0.0726295
0.0740329
0.0754506
0.0768982
0.0784106
0.0799544
0.0815716
0.0831489
0.0847462
0.0863785
0.0880448
0.0897862
0.0915385
0.0933219
0.0951242
0.0969076
0.0987849
0.100603
0.102462
0.104417
0.106247
0.107955
0.109639
0.0215734
0.0204513
0.017501
0.0140789
0.0120088
0.0119444
0.0131214
0.0145381
0.0157071
0.0164709
0.0169303
0.0173393
0.0178418
0.018394
0.0188995
0.0194055
0.0199866
0.0205554
0.0210435
0.0215091
0.0219971
0.0225524
0.0231946
0.023803
0.0243249
0.0248938
0.0255418
0.0261902
0.0268395
0.0275385
0.028242
0.0288845
0.0295258
0.0302278
0.0309359
0.0315789
0.0322024
0.0328766
0.0335737
0.0342803
0.0350006
0.0357343
0.0365047
0.037302
0.0380973
0.0388739
0.039659
0.0405502
0.0414725
0.042246
0.0430041
0.04385
0.044543
0.0451246
0.0460285
0.04728
0.0483662
0.0492952
0.0503769
0.0515424
0.0525635
0.0533757
0.0541914
0.0552381
0.0564231
0.0575979
0.0587746
0.0599015
0.0610693
0.0622944
0.0634953
0.0646519
0.0658863
0.0671708
0.0684742
0.0698082
0.0711998
0.0726301
0.0740335
0.075451
0.0768985
0.0784108
0.0799546
0.0815719
0.0831492
0.0847464
0.0863787
0.0880449
0.0897863
0.0915388
0.0933221
0.0951244
0.0969078
0.0987852
0.100604
0.102462
0.104417
0.106248
0.107957
0.109642
0.0212074
0.0201998
0.0175573
0.014424
0.0123755
0.0121402
0.0131861
0.0145652
0.0157369
0.0165049
0.0169634
0.0173694
0.0178674
0.0184155
0.0189191
0.0194245
0.0200036
0.0205689
0.0210551
0.0215226
0.0220136
0.0225681
0.0232056
0.0238117
0.0243357
0.0249058
0.0255518
0.026198
0.0268459
0.0275428
0.0282447
0.0288875
0.0295293
0.0302299
0.0309361
0.0315791
0.0322042
0.0328799
0.0335772
0.0342829
0.035003
0.0357372
0.0365073
0.0373033
0.0380979
0.038875
0.0396593
0.0405481
0.04147
0.0422448
0.0430037
0.043849
0.0445416
0.0451243
0.0460309
0.0472847
0.0483692
0.0492946
0.0503747
0.0515405
0.0525624
0.0533753
0.0541916
0.0552389
0.0564242
0.0575986
0.058775
0.0599019
0.0610699
0.0622948
0.0634958
0.0646526
0.0658871
0.0671716
0.068475
0.0698091
0.0712007
0.0726309
0.0740342
0.0754517
0.076899
0.0784112
0.0799548
0.0815723
0.0831496
0.0847467
0.0863789
0.088045
0.0897864
0.091539
0.0933224
0.0951246
0.0969081
0.0987855
0.100604
0.102463
0.104418
0.10625
0.10796
0.109644
0.0208753
0.0199633
0.0175904
0.0147461
0.0127441
0.0123503
0.0132569
0.0145914
0.0157651
0.0165399
0.0169989
0.0174019
0.0178947
0.0184382
0.0189395
0.0194443
0.0200217
0.0205835
0.0210677
0.021537
0.022031
0.0225845
0.023217
0.0238205
0.0243469
0.0249185
0.0255626
0.0262066
0.0268528
0.0275475
0.0282477
0.0288906
0.029533
0.0302321
0.0309363
0.0315792
0.0322059
0.0328831
0.0335808
0.0342856
0.0350055
0.0357404
0.0365102
0.0373045
0.0380984
0.0388761
0.0396597
0.0405455
0.0414665
0.0422429
0.0430029
0.0438473
0.0445389
0.0451221
0.0460317
0.047289
0.0483726
0.0492941
0.0503716
0.0515373
0.05256
0.0533738
0.0541912
0.0552398
0.0564256
0.0575995
0.0587754
0.0599023
0.0610704
0.0622952
0.0634961
0.0646533
0.065888
0.0671724
0.0684758
0.0698101
0.0712017
0.0726318
0.074035
0.0754525
0.0768998
0.0784116
0.0799549
0.0815725
0.0831501
0.0847472
0.0863792
0.0880451
0.0897864
0.0915392
0.0933226
0.0951248
0.0969083
0.0987858
0.100604
0.102463
0.104419
0.106252
0.107963
0.109647
0.020572
0.0197458
0.0176027
0.0150417
0.0131121
0.0125769
0.0133363
0.0146172
0.0157912
0.0165752
0.0170367
0.0174369
0.017924
0.0184621
0.0189609
0.0194652
0.020041
0.020599
0.0210813
0.0215524
0.0220492
0.0226017
0.023229
0.0238297
0.0243583
0.0249317
0.0255742
0.0262161
0.0268604
0.0275526
0.0282508
0.0288938
0.0295367
0.0302344
0.0309364
0.0315793
0.0322078
0.0328865
0.0335845
0.0342885
0.0350081
0.0357438
0.0365133
0.0373057
0.0380986
0.0388772
0.03966
0.0405424
0.0414621
0.0422403
0.0430017
0.0438453
0.0445353
0.0451181
0.04603
0.0472917
0.0483757
0.0492936
0.0503677
0.0515326
0.0525561
0.0533712
0.0541902
0.0552405
0.0564271
0.0576007
0.0587758
0.0599026
0.061071
0.0622956
0.0634964
0.0646538
0.0658887
0.0671732
0.0684767
0.0698111
0.071203
0.0726328
0.0740358
0.0754535
0.0769009
0.0784123
0.0799551
0.0815727
0.0831505
0.0847477
0.0863797
0.0880453
0.0897864
0.0915393
0.0933228
0.095125
0.0969086
0.0987861
0.100605
0.102463
0.10442
0.106254
0.107966
0.10965
0.0202913
0.0195497
0.0175971
0.0153084
0.0134777
0.0128215
0.0134263
0.0146433
0.0158149
0.0166103
0.0170768
0.0174746
0.0179555
0.0184873
0.0189831
0.0194871
0.0200613
0.0206157
0.0210958
0.0215689
0.0220685
0.0226198
0.0232417
0.0238392
0.0243701
0.0249455
0.0255864
0.0262263
0.0268687
0.027558
0.028254
0.0288972
0.0295407
0.0302367
0.0309366
0.0315795
0.0322098
0.03289
0.0335884
0.0342915
0.0350109
0.0357475
0.0365168
0.0373068
0.0380986
0.0388781
0.0396603
0.0405388
0.0414565
0.0422371
0.0430001
0.0438432
0.0445314
0.0451131
0.046026
0.0472918
0.0483776
0.0492929
0.050363
0.0515264
0.0525507
0.0533675
0.0541885
0.055241
0.0564287
0.057602
0.0587763
0.0599029
0.0610716
0.062296
0.0634965
0.0646542
0.0658894
0.0671739
0.0684774
0.0698122
0.0712044
0.072634
0.0740367
0.0754546
0.0769022
0.0784133
0.0799553
0.0815728
0.0831509
0.0847484
0.0863804
0.0880456
0.0897863
0.0915394
0.0933229
0.0951251
0.0969089
0.0987863
0.100605
0.102464
0.104421
0.106257
0.10797
0.109654
0.0200269
0.0193756
0.0175782
0.0155444
0.0138383
0.0130845
0.0135287
0.014671
0.0158364
0.0166447
0.0171188
0.0175152
0.0179892
0.0185139
0.0190062
0.01951
0.0200828
0.0206332
0.0211113
0.0215863
0.0220887
0.0226387
0.0232552
0.0238494
0.0243826
0.0249599
0.0255993
0.0262371
0.0268774
0.0275636
0.0282573
0.0289008
0.0295449
0.0302393
0.0309369
0.0315798
0.0322121
0.0328937
0.0335925
0.0342947
0.0350137
0.0357513
0.0365206
0.037308
0.0380984
0.0388787
0.0396608
0.0405353
0.0414501
0.0422332
0.042998
0.0438411
0.0445277
0.0451082
0.0460206
0.0472893
0.0483782
0.0492925
0.0503579
0.0515189
0.0525438
0.0533629
0.0541865
0.0552412
0.0564303
0.0576035
0.0587769
0.0599033
0.0610722
0.0622965
0.0634968
0.0646546
0.06589
0.0671745
0.0684781
0.0698131
0.0712058
0.0726353
0.0740375
0.0754555
0.0769036
0.0784146
0.0799556
0.0815726
0.0831512
0.084749
0.0863813
0.0880461
0.0897863
0.0915393
0.093323
0.0951252
0.0969091
0.0987865
0.100606
0.102465
0.104422
0.106259
0.107975
0.109658
0.0197729
0.0192232
0.0175519
0.0157488
0.0141898
0.0133649
0.0136462
0.0147022
0.0158559
0.0166778
0.0171623
0.0175588
0.0180255
0.0185419
0.0190304
0.019534
0.0201053
0.0206518
0.0211276
0.0216046
0.0221097
0.0226585
0.0232694
0.0238602
0.0243957
0.0249749
0.0256126
0.0262484
0.0268866
0.0275696
0.0282608
0.0289045
0.0295493
0.0302421
0.0309373
0.0315802
0.0322147
0.0328977
0.0335969
0.034298
0.0350165
0.0357552
0.0365247
0.0373092
0.038098
0.0388793
0.0396614
0.0405319
0.0414432
0.0422289
0.0429958
0.0438388
0.044525
0.0451049
0.0460153
0.0472846
0.0483774
0.0492925
0.050353
0.0515105
0.0525357
0.0533576
0.0541846
0.0552415
0.0564319
0.0576048
0.0587775
0.0599036
0.0610728
0.062297
0.063497
0.0646551
0.0658908
0.0671751
0.0684786
0.0698139
0.0712072
0.0726366
0.0740383
0.0754563
0.0769049
0.0784161
0.079956
0.0815723
0.0831512
0.0847496
0.0863822
0.0880469
0.0897864
0.0915392
0.093323
0.0951252
0.0969094
0.0987865
0.100607
0.102466
0.104423
0.106262
0.10798
0.109662
0.0195251
0.0190912
0.0175242
0.0159211
0.0145281
0.0136611
0.013781
0.0147388
0.0158739
0.0167092
0.017207
0.0176054
0.0180646
0.0185717
0.0190556
0.0195591
0.020129
0.0206714
0.0211448
0.0216236
0.0221315
0.0226791
0.0232844
0.0238719
0.0244097
0.0249907
0.0256265
0.02626
0.0268962
0.0275759
0.0282646
0.0289084
0.029554
0.0302452
0.0309379
0.0315808
0.0322175
0.032902
0.0336015
0.0343016
0.0350194
0.0357591
0.0365289
0.0373106
0.0380977
0.0388799
0.0396627
0.0405292
0.0414363
0.0422243
0.0429936
0.0438364
0.0445236
0.0451044
0.0460121
0.0472791
0.0483759
0.0492934
0.0503489
0.0515016
0.0525268
0.0533522
0.0541833
0.0552421
0.0564334
0.057606
0.0587781
0.0599041
0.0610734
0.0622974
0.0634973
0.0646558
0.0658917
0.0671759
0.0684793
0.0698147
0.0712083
0.0726379
0.074039
0.0754571
0.0769061
0.0784176
0.0799565
0.0815717
0.0831511
0.08475
0.0863832
0.0880478
0.0897866
0.091539
0.0933228
0.0951251
0.0969096
0.0987865
0.100607
0.102467
0.104424
0.106265
0.107985
0.109666
0.019281
0.0189761
0.0175003
0.016063
0.0148487
0.0139697
0.0139349
0.014783
0.0158914
0.0167387
0.017252
0.0176546
0.0181067
0.0186036
0.0190821
0.0195854
0.020154
0.0206921
0.0211629
0.0216432
0.022154
0.0227006
0.0233002
0.0238843
0.0244246
0.0250074
0.0256409
0.0262718
0.0269062
0.0275828
0.0282687
0.0289127
0.0295591
0.0302488
0.0309388
0.0315817
0.0322207
0.0329067
0.0336062
0.0343053
0.0350224
0.035763
0.0365331
0.0373123
0.0380976
0.0388808
0.0396646
0.0405274
0.0414298
0.0422197
0.0429916
0.0438338
0.0445234
0.045108
0.0460128
0.0472741
0.0483741
0.0492953
0.050346
0.0514927
0.0525176
0.0533473
0.0541832
0.0552436
0.0564349
0.0576068
0.0587786
0.0599047
0.0610741
0.0622975
0.0634974
0.0646566
0.0658929
0.067177
0.0684802
0.0698155
0.0712092
0.0726389
0.0740398
0.0754578
0.0769072
0.0784189
0.0799571
0.081571
0.0831509
0.0847503
0.0863841
0.0880487
0.0897868
0.0915387
0.0933226
0.095125
0.0969099
0.0987864
0.100607
0.102467
0.104426
0.106269
0.10799
0.109671
0.0190396
0.0188733
0.0174844
0.0161774
0.0151471
0.0142864
0.0141091
0.0148371
0.0159099
0.0167662
0.0172966
0.0177059
0.0181518
0.0186377
0.0191102
0.0196131
0.0201802
0.0207139
0.021182
0.0216635
0.0221772
0.0227231
0.0233168
0.0238975
0.0244403
0.0250248
0.0256558
0.026284
0.0269167
0.0275902
0.0282732
0.0289172
0.0295646
0.0302527
0.03094
0.0315829
0.0322243
0.0329118
0.0336111
0.034309
0.0350255
0.035767
0.0365372
0.0373142
0.0380978
0.038882
0.0396673
0.0405266
0.0414239
0.0422155
0.0429898
0.0438309
0.0445245
0.045116
0.0460185
0.0472706
0.0483723
0.0492982
0.0503444
0.051484
0.0525085
0.0533433
0.0541851
0.0552464
0.0564367
0.0576074
0.0587789
0.0599054
0.0610747
0.0622974
0.0634974
0.0646578
0.0658944
0.0671784
0.0684815
0.0698166
0.07121
0.0726396
0.0740404
0.0754586
0.0769084
0.0784201
0.0799578
0.0815701
0.0831506
0.0847506
0.086385
0.0880496
0.0897872
0.0915383
0.0933223
0.0951248
0.0969102
0.0987863
0.100608
0.102468
0.104427
0.106272
0.107995
0.109676
0.0188014
0.0187772
0.01748
0.0162688
0.0154189
0.0146062
0.0143039
0.0149033
0.0159308
0.0167919
0.0173398
0.0177586
0.0182
0.0186745
0.0191401
0.0196424
0.0202079
0.0207369
0.021202
0.0216847
0.0222013
0.0227467
0.0233344
0.0239114
0.0244567
0.0250431
0.0256713
0.0262965
0.0269277
0.0275983
0.0282782
0.0289221
0.0295704
0.030257
0.0309416
0.0315844
0.0322284
0.0329174
0.0336162
0.0343129
0.0350287
0.0357711
0.0365414
0.0373165
0.0380983
0.0388835
0.0396707
0.0405266
0.0414187
0.0422116
0.0429884
0.0438279
0.044527
0.0451289
0.0460295
0.0472692
0.0483708
0.0493017
0.050344
0.0514758
0.0524996
0.0533408
0.0541892
0.0552509
0.0564388
0.0576076
0.058779
0.0599063
0.0610755
0.062297
0.0634973
0.0646591
0.0658963
0.06718
0.0684831
0.0698181
0.0712107
0.07264
0.074041
0.0754596
0.0769096
0.0784213
0.0799586
0.0815693
0.0831502
0.0847509
0.086386
0.0880504
0.0897877
0.091538
0.0933219
0.0951245
0.0969104
0.0987862
0.100608
0.102469
0.104429
0.106276
0.108001
0.109681
0.0185679
0.0186824
0.017489
0.0163424
0.0156608
0.0149246
0.0145186
0.0149833
0.0159557
0.0168164
0.0173812
0.017812
0.0182508
0.018714
0.0191723
0.0196736
0.020237
0.0207612
0.021223
0.0217067
0.0222264
0.0227713
0.023353
0.0239259
0.0244737
0.0250622
0.0256874
0.0263093
0.0269391
0.027607
0.0282837
0.0289273
0.0295766
0.0302617
0.0309435
0.0315864
0.0322331
0.0329234
0.0336214
0.0343168
0.0350322
0.0357754
0.0365455
0.0373189
0.0380991
0.0388853
0.0396746
0.0405274
0.0414141
0.0422082
0.0429874
0.0438248
0.0445305
0.0451461
0.046045
0.0472701
0.0483693
0.0493054
0.0503444
0.051468
0.0524911
0.0533396
0.0541956
0.0552569
0.0564413
0.0576078
0.0587788
0.0599072
0.0610762
0.0622964
0.063497
0.0646607
0.0658985
0.0671819
0.0684851
0.0698199
0.0712115
0.0726401
0.0740415
0.0754607
0.076911
0.0784226
0.0799596
0.0815685
0.0831499
0.0847512
0.0863869
0.0880513
0.0897883
0.0915376
0.0933215
0.0951243
0.0969107
0.0987861
0.100609
0.10247
0.104431
0.106279
0.108007
0.109686
0.0183425
0.0185838
0.0175117
0.0164044
0.0158708
0.0152368
0.0147513
0.0150781
0.0159865
0.0168411
0.0174205
0.017865
0.0183037
0.0187562
0.0192069
0.0197069
0.0202679
0.0207867
0.0212451
0.0217295
0.0222524
0.0227971
0.0233726
0.0239412
0.0244914
0.0250821
0.0257042
0.0263226
0.026951
0.0276162
0.0282897
0.0289329
0.0295831
0.0302669
0.0309457
0.0315887
0.0322381
0.0329299
0.0336269
0.0343208
0.0350359
0.03578
0.0365497
0.0373216
0.0381002
0.0388873
0.0396788
0.0405287
0.0414101
0.0422051
0.0429867
0.0438219
0.0445349
0.0451661
0.046064
0.0472727
0.0483678
0.0493089
0.0503453
0.0514607
0.052483
0.0533396
0.0542039
0.0552644
0.0564442
0.0576079
0.0587785
0.0599081
0.0610771
0.0622957
0.0634966
0.0646624
0.0659009
0.0671839
0.0684873
0.0698222
0.0712125
0.0726401
0.0740421
0.075462
0.0769125
0.0784241
0.0799609
0.0815679
0.0831497
0.0847517
0.0863879
0.0880523
0.089789
0.0915373
0.093321
0.0951241
0.096911
0.0987861
0.100609
0.102471
0.104432
0.106283
0.108013
0.109692
0.0181294
0.0184756
0.0175465
0.0164619
0.0160488
0.015538
0.0149992
0.0151887
0.0160246
0.0168675
0.0174579
0.0179168
0.0183577
0.0188008
0.0192443
0.0197428
0.0203005
0.0208135
0.0212681
0.0217532
0.0222794
0.022824
0.0233932
0.023957
0.0245096
0.0251028
0.0257217
0.0263362
0.0269634
0.0276261
0.0282962
0.0289389
0.02959
0.0302724
0.0309483
0.0315913
0.0322436
0.0329368
0.0336326
0.034325
0.0350398
0.0357847
0.0365541
0.0373244
0.0381013
0.0388894
0.0396831
0.0405303
0.0414063
0.0422022
0.0429862
0.0438193
0.0445401
0.0451875
0.0460851
0.0472766
0.0483661
0.0493121
0.0503465
0.0514537
0.0524751
0.0533405
0.0542136
0.0552729
0.0564474
0.0576082
0.0587782
0.059909
0.061078
0.0622949
0.0634963
0.0646643
0.0659035
0.0671861
0.0684898
0.0698246
0.0712136
0.0726401
0.0740426
0.0754635
0.0769142
0.0784258
0.0799624
0.0815676
0.0831495
0.0847523
0.086389
0.0880533
0.0897898
0.0915372
0.0933206
0.0951239
0.0969112
0.0987861
0.10061
0.102473
0.104434
0.106287
0.10802
0.109698
0.0179348
0.0183532
0.0175886
0.0165227
0.016196
0.0158227
0.0152595
0.0153154
0.0160711
0.0168972
0.0174944
0.0179668
0.018412
0.0188473
0.0192846
0.0197816
0.0203353
0.0208417
0.0212922
0.0217776
0.0223074
0.0228523
0.0234149
0.0239736
0.0245285
0.0251243
0.0257399
0.0263503
0.0269764
0.0276366
0.0283032
0.0289453
0.0295973
0.0302782
0.0309512
0.0315942
0.0322493
0.032944
0.0336385
0.0343293
0.0350439
0.0357895
0.0365586
0.0373274
0.0381026
0.0388916
0.0396875
0.040532
0.0414027
0.0421996
0.0429859
0.0438171
0.0445457
0.0452095
0.0461074
0.0472813
0.0483641
0.0493148
0.0503475
0.0514469
0.0524673
0.0533418
0.0542238
0.055282
0.0564509
0.0576086
0.0587778
0.0599099
0.0610789
0.0622942
0.063496
0.0646662
0.0659062
0.0671884
0.0684924
0.0698272
0.0712149
0.0726402
0.0740433
0.0754652
0.0769161
0.0784279
0.0799641
0.0815676
0.0831495
0.0847531
0.0863901
0.0880544
0.0897906
0.0915372
0.0933202
0.0951238
0.0969116
0.0987861
0.100611
0.102474
0.104436
0.106291
0.108026
0.109704
0.017767
0.0182156
0.0176305
0.0165936
0.0163167
0.0160855
0.0155292
0.0154586
0.0161265
0.0169321
0.0175314
0.0180148
0.0184656
0.0188951
0.0193276
0.0198235
0.0203726
0.0208716
0.0213173
0.0218028
0.0223363
0.0228818
0.0234378
0.0239909
0.0245481
0.0251468
0.0257588
0.0263648
0.0269898
0.0276479
0.0283108
0.0289521
0.0296049
0.0302844
0.0309545
0.0315973
0.0322551
0.0329514
0.0336449
0.0343339
0.0350481
0.0357946
0.0365633
0.0373304
0.038104
0.0388937
0.0396918
0.0405337
0.0413989
0.0421969
0.0429857
0.0438153
0.0445517
0.0452318
0.04613
0.0472865
0.048362
0.0493171
0.0503482
0.0514402
0.0524597
0.0533432
0.0542343
0.0552913
0.0564547
0.0576091
0.0587774
0.0599109
0.0610798
0.0622936
0.0634958
0.0646683
0.065909
0.0671908
0.0684951
0.0698299
0.0712164
0.0726404
0.0740441
0.075467
0.0769181
0.0784301
0.0799659
0.0815679
0.0831495
0.0847539
0.0863914
0.0880557
0.0897914
0.0915373
0.0933199
0.0951238
0.096912
0.0987861
0.100613
0.102476
0.104437
0.106295
0.108033
0.10971
0.0176328
0.0180684
0.0176626
0.0166776
0.0164179
0.0163213
0.0158037
0.0156189
0.0161912
0.0169732
0.017571
0.0180609
0.0185178
0.0189436
0.019373
0.0198688
0.0204127
0.0209033
0.0213437
0.0218289
0.022366
0.0229126
0.023462
0.024009
0.0245684
0.0251702
0.0257785
0.0263798
0.0270039
0.0276598
0.028319
0.0289594
0.029613
0.0302911
0.0309582
0.0316006
0.0322611
0.0329591
0.0336515
0.0343387
0.0350525
0.0357997
0.0365682
0.0373336
0.0381054
0.0388958
0.039696
0.0405352
0.0413952
0.0421944
0.0429856
0.0438138
0.0445579
0.0452538
0.0461525
0.047292
0.0483597
0.0493191
0.0503485
0.0514336
0.0524521
0.0533446
0.0542446
0.0553006
0.0564585
0.0576099
0.0587771
0.0599118
0.0610809
0.062293
0.0634956
0.0646704
0.0659119
0.0671933
0.0684979
0.0698327
0.0712179
0.0726407
0.074045
0.075469
0.0769203
0.0784324
0.0799679
0.0815684
0.0831496
0.0847549
0.0863928
0.0880571
0.0897923
0.0915376
0.0933197
0.0951239
0.0969124
0.0987862
0.100614
0.102478
0.104439
0.106299
0.108041
0.109717
0.0175353
0.0179226
0.0176762
0.0167721
0.0165099
0.0165275
0.0160764
0.0157969
0.0162655
0.0170205
0.0176156
0.0181062
0.0185678
0.018992
0.0194202
0.0199169
0.0204561
0.0209375
0.0213714
0.0218557
0.0223967
0.0229448
0.0234874
0.0240278
0.0245896
0.0251947
0.0257991
0.0263954
0.0270185
0.0276725
0.0283277
0.0289671
0.0296214
0.0302982
0.0309624
0.0316042
0.0322672
0.0329671
0.0336584
0.0343437
0.035057
0.0358051
0.0365734
0.037337
0.0381069
0.0388979
0.0397
0.0405367
0.0413915
0.0421919
0.0429856
0.0438127
0.0445643
0.0452754
0.0461745
0.0472977
0.0483576
0.0493209
0.0503486
0.0514271
0.0524447
0.0533459
0.0542546
0.0553097
0.0564624
0.0576108
0.058777
0.0599128
0.0610819
0.0622925
0.0634955
0.0646725
0.0659149
0.0671959
0.0685007
0.0698356
0.0712195
0.0726411
0.074046
0.0754711
0.0769226
0.0784349
0.0799699
0.0815691
0.0831497
0.084756
0.0863943
0.0880585
0.0897933
0.0915379
0.0933195
0.095124
0.096913
0.0987862
0.100616
0.102481
0.104441
0.106304
0.108048
0.109724
0.0174694
0.0177917
0.0176678
0.0168684
0.0166028
0.0167061
0.016339
0.0159916
0.016351
0.0170734
0.0176669
0.0181526
0.018615
0.0190399
0.0194687
0.0199677
0.0205028
0.0209744
0.0214006
0.0218834
0.0224283
0.0229783
0.0235141
0.0240477
0.0246116
0.0252201
0.0258206
0.0264115
0.0270338
0.0276861
0.0283371
0.0289752
0.0296302
0.0303057
0.030967
0.0316081
0.0322735
0.0329753
0.0336657
0.0343489
0.0350616
0.0358106
0.0365788
0.0373406
0.0381085
0.0388999
0.039704
0.0405382
0.0413878
0.0421893
0.0429857
0.0438121
0.0445709
0.0452965
0.0461961
0.0473035
0.0483556
0.0493225
0.0503484
0.0514207
0.0524374
0.0533471
0.0542644
0.0553187
0.0564665
0.0576119
0.0587769
0.0599137
0.061083
0.0622921
0.0634955
0.0646747
0.065918
0.0671986
0.0685037
0.0698385
0.0712212
0.0726416
0.0740471
0.0754732
0.076925
0.0784374
0.079972
0.0815698
0.0831499
0.0847571
0.0863959
0.08806
0.0897942
0.0915383
0.0933193
0.0951241
0.0969136
0.0987863
0.100618
0.102484
0.104443
0.106308
0.108056
0.109732
0.0174249
0.017687
0.0176436
0.0169564
0.0167015
0.016864
0.0165843
0.0161986
0.0164505
0.0171314
0.0177253
0.0182027
0.0186596
0.0190865
0.0195183
0.0200205
0.0205529
0.0210145
0.0214315
0.0219119
0.0224612
0.0230132
0.0235421
0.0240686
0.0246347
0.0252468
0.025843
0.0264282
0.0270495
0.0277003
0.0283474
0.0289839
0.0296396
0.0303137
0.030972
0.0316123
0.03228
0.0329838
0.0336735
0.0343544
0.0350663
0.0358162
0.0365846
0.0373445
0.0381102
0.0389018
0.0397079
0.0405397
0.0413841
0.0421869
0.0429859
0.0438119
0.0445776
0.0453169
0.0462171
0.0473095
0.0483539
0.049324
0.0503481
0.0514144
0.0524304
0.0533483
0.0542739
0.0553276
0.0564706
0.0576132
0.058777
0.0599147
0.0610841
0.0622917
0.0634956
0.064677
0.0659211
0.0672014
0.0685068
0.0698414
0.0712229
0.0726422
0.0740482
0.0754754
0.0769275
0.0784399
0.0799741
0.0815706
0.0831501
0.0847583
0.0863976
0.0880616
0.0897952
0.0915388
0.0933192
0.0951243
0.0969142
0.0987864
0.100621
0.102487
0.104446
0.106313
0.108065
0.10974
0.0173896
0.0176116
0.0176153
0.0170282
0.0168016
0.017011
0.0168099
0.0164092
0.0165656
0.017196
0.0177897
0.0182589
0.0187031
0.0191308
0.0195682
0.0200746
0.020606
0.0210584
0.0214645
0.0219415
0.0224951
0.0230496
0.0235712
0.0240903
0.0246587
0.0252747
0.0258667
0.0264457
0.0270659
0.0277153
0.0283581
0.028993
0.0296496
0.0303224
0.0309776
0.0316169
0.0322866
0.0329925
0.0336816
0.0343601
0.0350711
0.035822
0.0365908
0.0373487
0.0381119
0.0389037
0.0397118
0.0405412
0.0413805
0.0421845
0.0429864
0.0438121
0.0445843
0.0453367
0.0462374
0.0473156
0.0483526
0.0493256
0.0503477
0.0514083
0.0524236
0.0533494
0.0542831
0.0553363
0.0564749
0.0576146
0.0587771
0.0599157
0.0610852
0.0622915
0.0634957
0.0646793
0.0659243
0.0672043
0.0685099
0.0698445
0.0712248
0.0726428
0.0740494
0.0754777
0.0769301
0.0784425
0.0799763
0.0815714
0.0831503
0.0847596
0.0863994
0.0880633
0.0897962
0.0915392
0.0933191
0.0951245
0.0969149
0.0987866
0.100623
0.10249
0.104448
0.106318
0.108073
0.109748
0.0173527
0.0175591
0.0175955
0.0170839
0.016893
0.0171554
0.0170203
0.0166139
0.0166945
0.0172704
0.017859
0.0183223
0.0187482
0.0191725
0.0196178
0.0201297
0.0206616
0.0211058
0.0215
0.0219723
0.0225306
0.0230878
0.0236017
0.0241127
0.0246836
0.0253039
0.0258914
0.0264639
0.0270831
0.0277314
0.0283699
0.0290026
0.0296598
0.0303313
0.0309836
0.031622
0.0322936
0.0330016
0.0336901
0.0343661
0.0350759
0.035828
0.0365973
0.0373532
0.0381136
0.0389055
0.0397157
0.0405429
0.041377
0.0421821
0.0429872
0.0438128
0.0445912
0.0453559
0.0462572
0.0473218
0.0483517
0.0493272
0.0503472
0.0514024
0.052417
0.0533505
0.0542921
0.0553449
0.0564792
0.0576162
0.0587775
0.0599167
0.0610865
0.0622914
0.063496
0.0646817
0.0659275
0.0672073
0.0685131
0.0698477
0.0712267
0.0726435
0.0740506
0.07548
0.0769327
0.0784452
0.0799784
0.0815722
0.0831506
0.0847609
0.0864012
0.0880649
0.0897973
0.0915397
0.093319
0.0951247
0.0969157
0.0987869
0.100625
0.102493
0.104451
0.106323
0.108082
0.109756
0.017309
0.0175198
0.0175928
0.0171333
0.0169664
0.0172955
0.0172241
0.0168069
0.0168305
0.0173585
0.0179338
0.0183918
0.0187981
0.0192126
0.0196654
0.0201853
0.0207192
0.0211569
0.0215383
0.0220045
0.0225676
0.0231279
0.0236336
0.024136
0.0247094
0.0253344
0.0259175
0.0264828
0.0271006
0.0277482
0.0283825
0.0290131
0.0296709
0.030341
0.03099
0.0316274
0.0323009
0.0330109
0.0336992
0.0343725
0.035081
0.0358343
0.0366042
0.037358
0.0381155
0.0389073
0.0397197
0.0405447
0.0413737
0.0421799
0.0429882
0.043814
0.0445981
0.0453743
0.0462763
0.0473282
0.0483512
0.0493288
0.0503467
0.0513967
0.0524108
0.0533516
0.0543009
0.0553534
0.0564836
0.0576179
0.0587779
0.0599178
0.0610877
0.0622913
0.0634963
0.0646842
0.0659309
0.0672103
0.0685165
0.0698509
0.0712287
0.0726442
0.0740518
0.0754824
0.0769354
0.0784479
0.0799807
0.081573
0.0831509
0.0847623
0.0864031
0.0880666
0.0897983
0.0915403
0.093319
0.0951248
0.0969165
0.0987872
0.100628
0.102497
0.104454
0.106329
0.108092
0.109765
0.0172567
0.0174834
0.0176069
0.017189
0.0170181
0.0174196
0.0174303
0.0169923
0.0169631
0.0174604
0.0180174
0.0184652
0.0188549
0.0192535
0.0197102
0.0202409
0.0207786
0.0212106
0.0215793
0.0220383
0.0226062
0.0231702
0.0236671
0.02416
0.0247358
0.0253661
0.025945
0.0265028
0.027119
0.0277659
0.0283958
0.0290239
0.0296824
0.0303514
0.0309974
0.0316336
0.0323084
0.0330205
0.0337087
0.0343791
0.035086
0.0358407
0.0366115
0.0373634
0.0381176
0.0389092
0.0397237
0.0405467
0.0413705
0.0421778
0.0429889
0.0438158
0.0446052
0.0453922
0.0462949
0.0473347
0.0483511
0.0493305
0.0503463
0.0513912
0.0524049
0.0533528
0.0543095
0.0553618
0.0564881
0.0576199
0.0587785
0.0599189
0.061089
0.0622914
0.0634967
0.0646868
0.0659344
0.0672135
0.0685199
0.0698542
0.0712309
0.072645
0.074053
0.0754849
0.0769382
0.0784506
0.0799829
0.0815739
0.0831513
0.0847637
0.0864051
0.0880684
0.0897995
0.0915408
0.0933189
0.095125
0.0969174
0.0987877
0.100631
0.102501
0.104457
0.106335
0.108101
0.109775
0.0171974
0.0174404
0.0176287
0.0172639
0.0170561
0.0175139
0.0176392
0.0171802
0.0170852
0.0175706
0.0181149
0.0185414
0.0189173
0.0192984
0.0197517
0.0202957
0.0208408
0.0212669
0.0216229
0.0220738
0.0226462
0.0232149
0.0237026
0.0241847
0.0247627
0.025399
0.0259739
0.0265237
0.0271379
0.0277845
0.0284104
0.0290356
0.0296943
0.0303621
0.0310051
0.0316402
0.0323165
0.0330307
0.0337187
0.0343861
0.0350913
0.0358472
0.0366191
0.037369
0.0381198
0.038911
0.0397279
0.040549
0.0413677
0.0421758
0.0429905
0.0438181
0.0446124
0.0454095
0.046313
0.0473414
0.0483514
0.0493322
0.0503458
0.051386
0.0523993
0.0533539
0.0543178
0.05537
0.0564927
0.057622
0.0587792
0.05992
0.0610904
0.0622916
0.0634972
0.0646895
0.0659379
0.0672168
0.0685234
0.0698577
0.0712331
0.072646
0.0740543
0.0754874
0.076941
0.0784534
0.0799852
0.0815748
0.0831518
0.0847652
0.086407
0.0880701
0.0898006
0.0915415
0.0933189
0.0951252
0.0969184
0.0987883
0.100633
0.102505
0.10446
0.106341
0.108111
0.109784
0.0171371
0.0173855
0.0176454
0.0173627
0.0170967
0.0175677
0.0178373
0.0173834
0.0171996
0.0176786
0.0182286
0.0186247
0.0189829
0.019349
0.0197905
0.0203475
0.0209056
0.0213257
0.0216687
0.0221119
0.0226879
0.0232618
0.0237406
0.0242101
0.0247898
0.025433
0.0260045
0.0265458
0.0271576
0.027804
0.028426
0.0290481
0.0297072
0.0303739
0.0310135
0.0316471
0.0323246
0.033041
0.0337293
0.0343935
0.0350968
0.0358542
0.0366272
0.037375
0.0381223
0.0389128
0.0397321
0.0405516
0.0413652
0.042174
0.0429925
0.0438209
0.0446197
0.0454261
0.0463305
0.0473483
0.048352
0.0493339
0.0503454
0.0513811
0.052394
0.0533551
0.0543259
0.055378
0.0564974
0.0576243
0.05878
0.0599211
0.0610918
0.0622919
0.0634978
0.0646922
0.0659416
0.0672202
0.068527
0.0698612
0.0712355
0.072647
0.0740557
0.07549
0.0769439
0.0784563
0.0799875
0.0815757
0.0831524
0.0847667
0.086409
0.0880719
0.0898019
0.0915422
0.093319
0.0951253
0.0969194
0.098789
0.100636
0.102509
0.104464
0.106347
0.108122
0.109795
0.0170842
0.0173205
0.0176435
0.0174769
0.017158
0.0175838
0.0180061
0.0176082
0.0173186
0.0177734
0.018353
0.0187209
0.0190515
0.0194052
0.0198293
0.0203954
0.0209727
0.0213873
0.021715
0.022152
0.0227319
0.0233113
0.0237817
0.0242369
0.0248171
0.0254679
0.0260365
0.0265688
0.0271778
0.0278246
0.0284427
0.0290612
0.0297205
0.0303864
0.031023
0.0316552
0.0323336
0.0330517
0.0337401
0.0344012
0.0351022
0.0358612
0.0366356
0.0373815
0.0381251
0.0389149
0.0397365
0.0405545
0.0413629
0.0421722
0.0429947
0.0438243
0.0446272
0.0454423
0.0463475
0.0473554
0.048353
0.0493356
0.050345
0.0513765
0.0523892
0.0533564
0.0543337
0.0553858
0.0565021
0.0576268
0.058781
0.0599223
0.0610933
0.0622923
0.0634985
0.064695
0.0659453
0.0672237
0.0685306
0.0698648
0.071238
0.0726482
0.0740572
0.0754927
0.0769468
0.0784592
0.0799899
0.0815767
0.083153
0.0847683
0.0864111
0.0880738
0.0898032
0.091543
0.0933191
0.0951255
0.0969205
0.0987899
0.100639
0.102513
0.104468
0.106354
0.108132
0.109805
0.0170474
0.0172532
0.0176128
0.017588
0.0172535
0.0175791
0.0181268
0.0178458
0.0174593
0.0178538
0.0184771
0.0188337
0.019126
0.0194648
0.0198699
0.0204392
0.0210413
0.0214534
0.0217616
0.0221928
0.0227782
0.0233627
0.0238257
0.0242655
0.0248442
0.0255038
0.0260705
0.026593
0.0271988
0.0278461
0.0284607
0.0290753
0.0297345
0.0303995
0.0310327
0.0316634
0.0323429
0.0330631
0.033752
0.0344097
0.035108
0.0358684
0.0366443
0.0373882
0.0381279
0.0389168
0.0397409
0.0405578
0.0413611
0.0421707
0.0429973
0.0438282
0.0446347
0.0454577
0.0463641
0.0473627
0.0483543
0.0493374
0.0503447
0.0513722
0.0523846
0.0533577
0.0543413
0.0553934
0.0565069
0.0576294
0.058782
0.0599235
0.0610949
0.062293
0.0634993
0.0646979
0.0659491
0.0672272
0.0685344
0.0698684
0.0712406
0.0726495
0.0740587
0.0754955
0.0769498
0.0784622
0.0799924
0.0815777
0.0831537
0.08477
0.0864131
0.0880756
0.0898045
0.0915438
0.0933193
0.0951257
0.0969218
0.0987909
0.100641
0.102518
0.104472
0.10636
0.108144
0.109816
0.0170359
0.0171946
0.0175498
0.0176735
0.017381
0.0175767
0.0181931
0.0180778
0.0176357
0.0179305
0.0185881
0.0189602
0.0192119
0.0195275
0.019913
0.0204794
0.0211098
0.0215256
0.0218088
0.0222326
0.0228275
0.0234172
0.0238723
0.0242962
0.0248713
0.0255399
0.026106
0.0266184
0.0272205
0.0278687
0.0284799
0.0290904
0.0297492
0.0304135
0.0310438
0.0316725
0.0323524
0.0330742
0.0337638
0.0344186
0.035114
0.0358759
0.0366537
0.0373956
0.0381313
0.0389189
0.0397454
0.0405613
0.0413595
0.0421692
0.0430002
0.0438327
0.0446423
0.0454726
0.0463801
0.0473701
0.0483559
0.0493391
0.0503444
0.0513683
0.0523805
0.0533591
0.0543485
0.0554008
0.0565117
0.0576322
0.0587833
0.0599248
0.0610966
0.0622937
0.0635003
0.0647008
0.065953
0.0672309
0.0685382
0.0698722
0.0712433
0.0726509
0.0740604
0.0754983
0.0769528
0.0784652
0.0799948
0.0815789
0.0831545
0.0847717
0.0864152
0.0880775
0.0898059
0.0915447
0.0933195
0.0951259
0.0969231
0.098792
0.100644
0.102522
0.104477
0.106367
0.108155
0.109828
0.0170577
0.0171539
0.0174584
0.0177081
0.0175203
0.0175973
0.0182152
0.0182857
0.0178473
0.0180195
0.0186817
0.0190913
0.0193112
0.0195951
0.0199596
0.0205167
0.0211755
0.0216053
0.0218599
0.0222689
0.0228779
0.0234762
0.0239221
0.0243292
0.0248993
0.0255765
0.0261434
0.0266452
0.0272424
0.0278921
0.0285005
0.0291067
0.0297646
0.0304281
0.0310556
0.0316825
0.0323628
0.0330863
0.0337765
0.034428
0.0351199
0.0358831
0.0366632
0.0374032
0.0381349
0.0389212
0.0397502
0.0405655
0.0413586
0.0421679
0.0430032
0.0438377
0.04465
0.0454868
0.0463957
0.0473778
0.0483579
0.0493408
0.0503443
0.0513648
0.0523767
0.0533606
0.0543555
0.0554079
0.0565165
0.0576353
0.0587846
0.0599261
0.0610984
0.0622947
0.0635013
0.0647038
0.0659569
0.0672347
0.0685422
0.069876
0.0712462
0.0726525
0.0740621
0.0755013
0.076956
0.0784683
0.0799974
0.0815801
0.0831553
0.0847735
0.0864174
0.0880795
0.0898074
0.0915456
0.0933198
0.0951262
0.0969245
0.0987934
0.100647
0.102527
0.104482
0.106375
0.108167
0.10984
0.0171325
0.0171402
0.0173479
0.0176785
0.0176482
0.0176491
0.0182098
0.0184508
0.0180774
0.0181345
0.0187662
0.0192174
0.0194213
0.019671
0.0200121
0.020552
0.021235
0.0216915
0.0219189
0.0223011
0.0229262
0.0235408
0.0239757
0.0243633
0.0249284
0.0256138
0.0261822
0.0266739
0.0272652
0.0279162
0.0285226
0.0291241
0.0297806
0.0304434
0.0310685
0.0316931
0.0323732
0.0330984
0.0337899
0.0344385
0.0351266
0.0358908
0.0366733
0.0374115
0.0381387
0.0389234
0.0397547
0.0405699
0.041358
0.0421668
0.0430067
0.0438432
0.0446577
0.0455004
0.0464107
0.0473855
0.0483601
0.0493426
0.0503442
0.0513617
0.0523734
0.0533621
0.0543622
0.0554148
0.0565213
0.0576384
0.0587861
0.0599274
0.0611003
0.0622959
0.0635025
0.0647069
0.0659609
0.0672386
0.0685462
0.0698798
0.0712492
0.0726542
0.074064
0.0755043
0.0769592
0.0784715
0.08
0.0815813
0.0831563
0.0847753
0.0864196
0.0880814
0.089809
0.0915467
0.0933202
0.0951265
0.096926
0.0987949
0.10065
0.102533
0.104487
0.106382
0.108179
0.109852
0.0172999
0.0171657
0.0172347
0.0175926
0.0177504
0.0177436
0.0182015
0.0185652
0.0183008
0.0182746
0.0188527
0.0193338
0.0195331
0.0197552
0.0200752
0.0205885
0.0212847
0.0217804
0.0219897
0.0223307
0.0229673
0.0236105
0.0240362
0.0243981
0.0249575
0.0256525
0.0262222
0.0267038
0.0272888
0.027941
0.0285462
0.0291434
0.0297976
0.0304593
0.0310822
0.031705
0.0323846
0.0331108
0.0338034
0.0344492
0.0351332
0.0358983
0.0366838
0.0374205
0.0381431
0.038926
0.0397598
0.040575
0.041358
0.0421657
0.0430104
0.0438493
0.0446655
0.0455135
0.0464253
0.0473934
0.0483627
0.0493445
0.0503444
0.0513589
0.0523705
0.0533637
0.0543687
0.0554214
0.0565261
0.0576418
0.0587878
0.0599287
0.0611024
0.0622972
0.0635038
0.06471
0.065965
0.0672426
0.0685503
0.0698838
0.0712524
0.072656
0.074066
0.0755075
0.0769625
0.0784748
0.0800026
0.0815827
0.0831574
0.0847773
0.0864218
0.0880834
0.0898106
0.0915478
0.0933207
0.0951269
0.0969275
0.0987966
0.100653
0.102538
0.104493
0.10639
0.108191
0.109865
0.0174214
0.0172066
0.0171555
0.017489
0.0178297
0.017901
0.0182335
0.0186386
0.0184953
0.0184293
0.0189517
0.0194482
0.0196393
0.0198417
0.0201524
0.0206322
0.0213232
0.0218654
0.0220756
0.0223641
0.0229973
0.0236808
0.0241066
0.0244348
0.0249849
0.0256933
0.0262646
0.0267348
0.0273133
0.0279664
0.0285707
0.0291638
0.0298155
0.030476
0.0310968
0.0317175
0.0323964
0.0331237
0.0338178
0.0344612
0.0351405
0.0359058
0.0366944
0.0374298
0.0381475
0.0389283
0.0397648
0.0405805
0.0413587
0.0421651
0.0430144
0.0438559
0.0446733
0.0455258
0.0464393
0.0474014
0.0483657
0.0493465
0.0503447
0.0513567
0.052368
0.0533655
0.0543749
0.0554278
0.0565309
0.0576454
0.0587897
0.0599301
0.0611046
0.0622988
0.0635052
0.0647133
0.0659692
0.0672467
0.0685545
0.0698878
0.0712557
0.0726581
0.0740681
0.0755108
0.0769658
0.0784781
0.0800053
0.0815842
0.0831586
0.0847792
0.0864241
0.0880855
0.0898124
0.091549
0.0933212
0.0951274
0.0969292
0.0987986
0.100656
0.102543
0.104499
0.106398
0.108204
0.109878
0.0174901
0.0172687
0.0171386
0.0174055
0.0178904
0.018112
0.0183408
0.0186922
0.0186492
0.0185853
0.0190645
0.0195722
0.019744
0.0199255
0.0202437
0.0206932
0.021355
0.0219402
0.0221757
0.0224097
0.0230163
0.0237456
0.0241889
0.0244775
0.0250084
0.025735
0.0263112
0.0267665
0.027338
0.027993
0.0285966
0.0291861
0.0298347
0.0304931
0.0311122
0.0317314
0.0324092
0.0331367
0.0338323
0.0344738
0.0351482
0.0359135
0.0367058
0.0374403
0.0381527
0.038931
0.0397699
0.0405864
0.0413597
0.0421643
0.0430185
0.0438631
0.0446812
0.0455376
0.046453
0.0474096
0.0483688
0.0493486
0.0503453
0.0513549
0.0523659
0.0533674
0.054381
0.0554339
0.0565356
0.0576492
0.0587917
0.0599315
0.0611069
0.0623006
0.0635068
0.0647165
0.0659734
0.0672509
0.0685588
0.0698919
0.0712591
0.0726603
0.0740703
0.0755141
0.0769693
0.0784815
0.0800081
0.0815858
0.0831599
0.0847813
0.0864265
0.0880875
0.0898142
0.0915503
0.0933219
0.095128
0.096931
0.0988007
0.10066
0.102549
0.104505
0.106407
0.108217
0.109892
0.0174726
0.0173306
0.0171735
0.017354
0.0179192
0.0183335
0.0185173
0.0187528
0.0187622
0.0187246
0.0191798
0.0197076
0.0198562
0.0199982
0.0203373
0.0207759
0.0213893
0.021998
0.0222814
0.0224751
0.0230301
0.0237967
0.0242797
0.0245321
0.0250283
0.0257743
0.0263638
0.0268012
0.0273617
0.0280204
0.0286241
0.0292095
0.0298553
0.0305116
0.0311286
0.0317461
0.0324227
0.0331504
0.0338478
0.0344876
0.0351565
0.0359207
0.036717
0.0374512
0.0381582
0.0389337
0.0397755
0.0405933
0.0413619
0.0421644
0.0430231
0.0438708
0.0446892
0.0455487
0.0464662
0.047418
0.0483724
0.0493509
0.0503462
0.0513536
0.0523643
0.0533694
0.0543868
0.0554398
0.0565403
0.0576531
0.0587939
0.059933
0.0611094
0.0623027
0.0635085
0.0647199
0.0659778
0.0672553
0.0685632
0.069896
0.0712627
0.0726627
0.0740727
0.0755176
0.0769728
0.078485
0.080011
0.0815875
0.0831614
0.0847834
0.0864289
0.0880896
0.0898161
0.0915517
0.0933226
0.0951288
0.0969328
0.0988031
0.100663
0.102555
0.104512
0.106415
0.108231
0.109906
0.017602
0.0174955
0.0172572
0.0173399
0.0179152
0.0185045
0.0187349
0.0188471
0.0188463
0.0188379
0.0192802
0.0198458
0.0199857
0.0200638
0.0204147
0.0208748
0.0214372
0.0220385
0.0223788
0.0225609
0.0230476
0.0238283
0.024371
0.024603
0.0250478
0.0258057
0.0264208
0.0268415
0.0273838
0.028047
0.028654
0.0292343
0.0298765
0.0305309
0.0311454
0.0317617
0.0324373
0.0331643
0.0338632
0.0345018
0.0351654
0.0359284
0.0367288
0.0374632
0.0381645
0.0389364
0.0397807
0.0406002
0.0413642
0.0421641
0.0430276
0.0438789
0.0446973
0.0455593
0.0464789
0.0474265
0.0483762
0.0493532
0.0503473
0.0513528
0.0523632
0.0533716
0.0543925
0.0554455
0.056545
0.0576572
0.0587962
0.0599346
0.061112
0.0623049
0.0635104
0.0647233
0.0659821
0.0672598
0.0685678
0.0699003
0.0712665
0.0726653
0.0740753
0.0755212
0.0769764
0.0784885
0.0800139
0.0815893
0.083163
0.0847856
0.0864313
0.0880918
0.0898181
0.0915532
0.0933234
0.0951296
0.0969348
0.0988057
0.100667
0.102561
0.104519
0.106424
0.108244
0.109921
0.0175044
0.0175763
0.0173858
0.0173944
0.0179143
0.018624
0.0189665
0.0190039
0.0189402
0.0189315
0.0193572
0.0199764
0.0201498
0.0201445
0.02047
0.0209782
0.0215153
0.0220757
0.0224594
0.022663
0.023084
0.0238446
0.0244526
0.0246916
0.0250751
0.0258274
0.0264788
0.0268915
0.0274064
0.028071
0.028686
0.0292614
0.0298987
0.0305519
0.0311636
0.0317779
0.0324525
0.0331789
0.0338796
0.0345176
0.0351752
0.0359359
0.0367404
0.0374757
0.0381714
0.0389393
0.0397863
0.0406084
0.0413679
0.0421646
0.0430325
0.0438877
0.0447055
0.0455693
0.0464911
0.0474352
0.0483805
0.0493559
0.0503487
0.0513525
0.0523625
0.053374
0.054398
0.055451
0.0565497
0.0576616
0.058799
0.0599362
0.0611148
0.0623074
0.0635125
0.0647268
0.0659866
0.0672644
0.0685724
0.0699046
0.0712703
0.0726681
0.0740779
0.0755249
0.0769801
0.0784921
0.0800169
0.0815912
0.0831648
0.0847878
0.0864338
0.088094
0.0898202
0.0915548
0.0933243
0.0951307
0.0969369
0.0988085
0.10067
0.102567
0.104527
0.106434
0.108258
0.109936
0.017434
0.0176812
0.0175552
0.0175021
0.017929
0.0186908
0.0191744
0.0192091
0.0190705
0.0190194
0.0194096
0.0200844
0.020337
0.0202597
0.0205046
0.0210634
0.0216202
0.0221266
0.022518
0.0227652
0.0231451
0.0238571
0.024515
0.0247903
0.0251181
0.0258418
0.0265313
0.0269511
0.0274339
0.0280911
0.0287181
0.0292922
0.029922
0.0305732
0.0311826
0.0317949
0.032469
0.0331944
0.0338963
0.0345339
0.0351856
0.0359436
0.0367525
0.0374893
0.0381796
0.0389427
0.0397918
0.0406169
0.0413722
0.0421651
0.0430374
0.0438969
0.0447141
0.045579
0.046503
0.0474441
0.048385
0.0493587
0.0503505
0.0513527
0.0523623
0.0533767
0.0544033
0.0554562
0.0565543
0.0576659
0.0588017
0.059938
0.0611178
0.06231
0.0635148
0.0647305
0.0659911
0.0672691
0.0685772
0.069909
0.0712744
0.072671
0.0740808
0.0755287
0.0769839
0.0784958
0.0800199
0.0815932
0.0831667
0.0847902
0.0864363
0.0880963
0.0898224
0.0915565
0.0933253
0.095132
0.0969391
0.0988116
0.100674
0.102574
0.104536
0.106443
0.108272
0.109952
0.0173194
0.0177575
0.0177358
0.0176449
0.0179587
0.0187074
0.0193196
0.0194271
0.0192428
0.0191176
0.0194441
0.0201515
0.0205218
0.0204178
0.0205373
0.0211086
0.021732
0.0222064
0.0225668
0.022851
0.0232254
0.0238795
0.0245564
0.024886
0.0251803
0.0258562
0.0265727
0.0270157
0.0274703
0.0281091
0.028747
0.0293259
0.029948
0.0305954
0.0312033
0.0318129
0.0324855
0.03321
0.0339139
0.0345518
0.0351972
0.0359514
0.0367644
0.0375033
0.0381881
0.0389458
0.0397968
0.0406259
0.0413776
0.0421661
0.0430423
0.0439066
0.0447228
0.0455879
0.0465143
0.047453
0.0483899
0.0493616
0.0503526
0.0513533
0.0523624
0.0533795
0.0544086
0.0554614
0.0565591
0.0576706
0.0588047
0.0599398
0.061121
0.0623129
0.0635172
0.0647343
0.0659958
0.0672739
0.0685821
0.0699134
0.0712785
0.0726742
0.0740838
0.0755326
0.0769878
0.0784996
0.0800231
0.0815953
0.0831689
0.0847926
0.0864389
0.0880987
0.0898246
0.0915584
0.0933263
0.0951334
0.0969414
0.0988148
0.100679
0.10258
0.104544
0.106453
0.108287
0.109968
0.0171651
0.0177693
0.0179076
0.017824
0.0180134
0.0186901
0.0194033
0.0196311
0.019451
0.0192514
0.0194795
0.0201803
0.0206831
0.0206185
0.0206007
0.0211191
0.0218273
0.0223209
0.0226284
0.0229139
0.0233087
0.0239262
0.0245901
0.0249673
0.0252576
0.0258811
0.0266032
0.0270789
0.0275181
0.0281294
0.0287713
0.0293611
0.0299786
0.0306183
0.0312238
0.0318324
0.0325033
0.0332264
0.0339319
0.0345703
0.0352094
0.0359588
0.0367759
0.0375182
0.0381982
0.0389498
0.0398024
0.040636
0.0413844
0.0421675
0.0430472
0.0439168
0.044732
0.0455968
0.0465254
0.0474624
0.0483952
0.0493648
0.0503551
0.0513546
0.0523632
0.0533827
0.0544138
0.0554663
0.0565637
0.0576754
0.0588078
0.0599419
0.0611246
0.062316
0.0635199
0.0647382
0.0660005
0.0672788
0.0685871
0.069918
0.0712829
0.0726775
0.074087
0.0755367
0.0769918
0.0785035
0.0800263
0.0815976
0.0831712
0.0847951
0.0864414
0.0881012
0.089827
0.0915604
0.0933274
0.0951351
0.096944
0.0988182
0.100683
0.102587
0.104554
0.106464
0.108301
0.109984
0.0170165
0.017727
0.0180369
0.0180192
0.0181126
0.018673
0.019436
0.019804
0.0196808
0.0194296
0.0195377
0.0201829
0.0208007
0.0208373
0.0207162
0.0211164
0.0218797
0.0224496
0.0227224
0.0229659
0.0233758
0.0239918
0.0246318
0.0250291
0.0253369
0.0259233
0.0266299
0.0271344
0.0275743
0.0281569
0.0287919
0.0293938
0.0300125
0.030644
0.0312449
0.0318526
0.0325216
0.0332424
0.0339501
0.0345905
0.0352238
0.0359672
0.0367878
0.0375344
0.0382097
0.0389538
0.0398071
0.040646
0.041392
0.0421694
0.043052
0.0439275
0.0447417
0.0456051
0.0465357
0.0474716
0.0484009
0.0493682
0.050358
0.0513563
0.0523643
0.053386
0.054419
0.0554711
0.0565684
0.0576804
0.0588111
0.0599439
0.0611283
0.0623193
0.0635227
0.0647422
0.0660053
0.0672838
0.0685922
0.0699226
0.0712873
0.0726811
0.0740904
0.0755409
0.0769958
0.0785074
0.0800296
0.0816
0.0831737
0.0847978
0.086444
0.0881038
0.0898294
0.0915626
0.0933287
0.0951369
0.0969468
0.0988217
0.100688
0.102594
0.104563
0.106475
0.108316
0.110001
0.0169054
0.0176602
0.0181071
0.0182011
0.0182596
0.0186903
0.0194361
0.0199302
0.0199058
0.0196405
0.0196321
0.0201764
0.0208655
0.0210458
0.0208871
0.0211299
0.021885
0.0225648
0.0228548
0.0230297
0.0234164
0.0240573
0.0246972
0.0250849
0.0254039
0.0259795
0.0266627
0.0271797
0.027632
0.0281931
0.0288119
0.0294234
0.0300494
0.0306734
0.0312661
0.0318729
0.0325422
0.0332602
0.033969
0.0346119
0.0352393
0.0359752
0.0367982
0.0375499
0.0382221
0.0389583
0.0398118
0.0406573
0.0414015
0.0421718
0.0430564
0.0439382
0.0447517
0.0456132
0.0465457
0.0474812
0.048407
0.0493719
0.0503612
0.0513591
0.0523659
0.0533897
0.0544243
0.0554758
0.0565732
0.0576857
0.0588146
0.0599461
0.0611326
0.0623227
0.0635257
0.0647464
0.0660103
0.067289
0.0685974
0.0699274
0.071292
0.0726849
0.074094
0.0755453
0.077
0.0785114
0.080033
0.0816026
0.0831763
0.0848005
0.0864466
0.0881065
0.089832
0.0915649
0.0933301
0.095139
0.0969498
0.0988254
0.100694
0.102601
0.104573
0.106486
0.108331
0.110018
0.0168279
0.0176013
0.01814
0.0183482
0.0184305
0.0187561
0.0194249
0.0200024
0.0201037
0.0198699
0.0197709
0.0201841
0.0208857
0.0212199
0.021096
0.0211876
0.0218633
0.0226382
0.0230066
0.0231302
0.0234448
0.0241002
0.0247815
0.0251533
0.0254519
0.0260362
0.0267111
0.0272204
0.0276851
0.0282385
0.028836
0.0294491
0.030086
0.0307071
0.0312903
0.0318937
0.0325629
0.0332779
0.0339866
0.0346331
0.0352563
0.0359843
0.0368092
0.0375672
0.0382372
0.0389642
0.0398157
0.0406682
0.041412
0.0421746
0.0430606
0.0439496
0.0447626
0.0456213
0.0465554
0.0474909
0.0484134
0.0493758
0.0503648
0.0513619
0.052368
0.0533935
0.0544295
0.0554804
0.0565779
0.0576911
0.0588183
0.0599483
0.0611328
0.0623263
0.0635289
0.0647506
0.0660153
0.0672943
0.0686028
0.0699323
0.0712967
0.0726887
0.0740977
0.0755497
0.0770043
0.0785155
0.0800364
0.0816053
0.0831792
0.0848035
0.0864492
0.0881094
0.0898346
0.0915674
0.0933316
0.0951413
0.0969532
0.0988292
0.100699
0.102609
0.104583
0.106498
0.108346
0.110036
0.0167668
0.0175546
0.018163
0.0184604
0.0185938
0.0188605
0.0194315
0.0200341
0.0202628
0.0201025
0.0199486
0.0202246
0.0208778
0.0213429
0.0213177
0.0213016
0.0218438
0.0226612
0.0231493
0.0232748
0.0234856
0.024107
0.0248623
0.0252534
0.0254952
0.0260772
0.0267744
0.0272673
0.0277291
0.028288
0.028866
0.0294719
0.0301224
0.0307445
0.0313154
0.031913
0.0325839
0.0332979
0.034006
0.0346561
0.0352762
0.035995
0.0368194
0.0375835
0.0382522
0.03897
0.039819
0.0406797
0.0414249
0.0421791
0.0430646
0.0439611
0.0447738
0.045629
0.0465645
0.0475007
0.0484202
0.0493799
0.0503688
0.0513653
0.0523706
0.0533977
0.0544349
0.055485
0.0565826
0.0576968
0.0588223
0.0599507
0.0611374
0.0623303
0.0635324
0.0647551
0.0660205
0.0672996
0.0686082
0.0699372
0.0713017
0.072693
0.0741017
0.0755543
0.0770087
0.0785197
0.08004
0.0816083
0.0831822
0.0848065
0.0864518
0.0881125
0.0898373
0.09157
0.0933334
0.0951437
0.0969568
0.0988331
0.100705
0.102616
0.104594
0.10651
0.108361
0.110053
0.0167297
0.0175042
0.0181852
0.0185571
0.0187376
0.0189802
0.0194714
0.0200506
0.0203769
0.0203183
0.0201505
0.020307
0.0208665
0.0214129
0.0215259
0.0214641
0.0218533
0.0226487
0.0232529
0.0234449
0.0235687
0.0240932
0.0249123
0.0253819
0.0255557
0.0260923
0.0268383
0.027331
0.0277661
0.0283358
0.028905
0.0294926
0.0301551
0.0307859
0.0313442
0.0319341
0.0326072
0.0333192
0.034025
0.034678
0.0352957
0.0360053
0.0368288
0.0376006
0.0382699
0.0389784
0.0398231
0.0406911
0.0414386
0.0421838
0.0430677
0.0439724
0.0447859
0.0456368
0.0465735
0.0475108
0.0484274
0.0493843
0.0503731
0.0513693
0.0523738
0.053402
0.0544403
0.0554897
0.0565872
0.0577026
0.0588266
0.0599534
0.061142
0.0623344
0.0635361
0.0647596
0.0660258
0.0673053
0.0686139
0.0699423
0.0713067
0.0726972
0.0741058
0.0755592
0.0770132
0.078524
0.0800435
0.0816113
0.0831853
0.0848097
0.0864544
0.0881157
0.0898402
0.0915726
0.0933354
0.0951463
0.0969608
0.0988372
0.100712
0.102624
0.104604
0.106522
0.108377
0.110071
0.0167419
0.0174561
0.0181933
0.0186465
0.0188723
0.0191
0.0195347
0.0200748
0.0204537
0.020503
0.0203609
0.0204299
0.0208765
0.0214394
0.0216955
0.021657
0.021907
0.0226265
0.023308
0.0236111
0.0237058
0.0240873
0.0249107
0.0255126
0.0256579
0.0260944
0.0268831
0.0274147
0.0278074
0.028375
0.0289515
0.0295149
0.030184
0.0308335
0.0313773
0.0319516
0.0326289
0.0333415
0.0340437
0.0347007
0.0353179
0.0360182
0.0368399
0.0376187
0.0382886
0.0389865
0.0398255
0.0407017
0.0414538
0.0421904
0.0430712
0.0439841
0.0447989
0.0456445
0.0465818
0.0475211
0.048435
0.049389
0.0503777
0.0513735
0.0523775
0.0534066
0.0544457
0.0554945
0.0565919
0.0577085
0.0588311
0.0599564
0.0611468
0.0623389
0.0635402
0.0647642
0.0660311
0.067311
0.0686195
0.0699474
0.071312
0.0727018
0.07411
0.0755639
0.0770177
0.0785283
0.0800472
0.0816147
0.0831887
0.084813
0.086457
0.0881191
0.0898433
0.0915753
0.0933377
0.0951491
0.0969651
0.0988414
0.100718
0.102633
0.104615
0.10654
0.108393
0.110089
0.0167991
0.0174336
0.0181834
0.0187204
0.0190065
0.0192235
0.0196074
0.0201138
0.0205084
0.0206503
0.0205642
0.020579
0.0209231
0.0214465
0.0218144
0.0218597
0.0220068
0.0226169
0.0233256
0.0237417
0.0238785
0.0241248
0.0248704
0.0256127
0.0258051
0.0261087
0.0268938
0.0275058
0.0278654
0.0284047
0.0290022
0.029544
0.0302035
0.030881
0.0314178
0.0319672
0.0326497
0.0333691
0.0340652
0.0347239
0.0353416
0.036031
0.0368488
0.0376355
0.038308
0.0389963
0.039829
0.0407131
0.041471
0.0421981
0.0430739
0.0439953
0.0448124
0.0456524
0.0465896
0.0475317
0.0484431
0.049394
0.0503826
0.0513782
0.0523817
0.0534116
0.0544513
0.0554993
0.0565966
0.0577145
0.0588361
0.0599597
0.0611515
0.0623436
0.0635447
0.064769
0.0660365
0.0673168
0.0686252
0.0699527
0.0713174
0.0727065
0.0741144
0.0755691
0.0770225
0.0785328
0.0800509
0.0816183
0.0831922
0.0848165
0.0864598
0.0881226
0.0898466
0.091578
0.0933403
0.0951521
0.0969696
0.0988459
0.100725
0.102642
0.104626
0.106553
0.108409
0.110107
0.0168674
0.0174587
0.0181789
0.0187736
0.0191324
0.0193586
0.0196863
0.0201593
0.0205544
0.0207625
0.0207515
0.020742
0.0210067
0.0214617
0.0218836
0.022045
0.0221441
0.0226334
0.0233269
0.0238262
0.0240556
0.0242253
0.0248234
0.0256527
0.0259724
0.0261646
0.0268767
0.0275838
0.0279483
0.0284313
0.0290466
0.0295823
0.0302161
0.030926
0.031473
0.0319858
0.0326633
0.0333989
0.0340895
0.034744
0.0353642
0.0360449
0.0368581
0.0376543
0.0383308
0.0390083
0.0398317
0.040723
0.041489
0.042207
0.0430759
0.0440066
0.0448273
0.0456605
0.0465968
0.0475424
0.0484517
0.0493993
0.050388
0.0513833
0.0523863
0.0534169
0.054457
0.0555043
0.0566014
0.0577206
0.0588413
0.0599633
0.0611563
0.0623484
0.0635494
0.0647738
0.0660421
0.0673232
0.0686312
0.0699579
0.0713229
0.0727115
0.0741191
0.0755744
0.0770274
0.0785374
0.0800546
0.0816221
0.0831958
0.0848199
0.0864626
0.0881262
0.08985
0.0915807
0.0933434
0.0951553
0.0969745
0.0988506
0.100733
0.102652
0.104637
0.106567
0.108425
0.110125
0.0169119
0.0175157
0.0182002
0.0188143
0.019235
0.0194998
0.0197788
0.0202063
0.0206006
0.0208489
0.0209177
0.0209088
0.0211111
0.0215018
0.0219226
0.0221921
0.0223057
0.0226833
0.0233304
0.0238746
0.0242032
0.0243742
0.0248089
0.0256344
0.0261235
0.0262753
0.0268564
0.0276294
0.0280485
0.0284675
0.0290816
0.0296326
0.0302296
0.0309576
0.0315371
0.0320127
0.0326662
0.0334252
0.0341216
0.0347663
0.0353872
0.0360619
0.0368679
0.0376721
0.0383542
0.0390209
0.0398334
0.0407323
0.0415093
0.0422183
0.0430776
0.0440172
0.0448433
0.0456693
0.0466034
0.0475529
0.048461
0.0494049
0.0503936
0.0513887
0.0523914
0.0534225
0.0544629
0.0555095
0.0566062
0.0577268
0.058847
0.0599673
0.0611609
0.0623535
0.063555
0.0647788
0.0660474
0.0673293
0.0686371
0.0699635
0.0713287
0.0727167
0.0741236
0.0755796
0.0770322
0.0785422
0.0800584
0.0816262
0.0831997
0.0848235
0.0864656
0.08813
0.0898538
0.0915833
0.0933467
0.0951588
0.0969795
0.0988557
0.10074
0.102662
0.104649
0.106581
0.108442
0.110143
0.016922
0.0175654
0.0182426
0.0188604
0.019319
0.0196341
0.0198908
0.0202592
0.0206487
0.0209161
0.021055
0.0210743
0.0212252
0.0215678
0.0219575
0.0222943
0.0224691
0.0227657
0.0233465
0.023906
0.0243091
0.0245411
0.0248547
0.0255873
0.0262225
0.0264239
0.0268615
0.0276388
0.0281502
0.0285269
0.0291074
0.0296843
0.0302497
0.0309731
0.0316032
0.0320587
0.0326648
0.0334418
0.0341613
0.0347953
0.0354073
0.0360771
0.036877
0.0376886
0.03838
0.0390371
0.0398353
0.0407406
0.0415311
0.0422314
0.0430782
0.0440267
0.0448604
0.0456791
0.0466094
0.0475632
0.0484708
0.0494112
0.0503995
0.0513946
0.0523969
0.0534281
0.054469
0.055515
0.056611
0.0577329
0.0588531
0.0599717
0.0611656
0.0623588
0.0635608
0.0647837
0.066053
0.0673361
0.0686432
0.0699689
0.0713343
0.0727222
0.0741287
0.0755853
0.0770372
0.078547
0.080062
0.0816304
0.0832038
0.0848271
0.0864688
0.0881338
0.0898578
0.0915859
0.0933504
0.0951627
0.0969846
0.0988611
0.100747
0.102672
0.10466
0.106595
0.108459
0.110161
0.0169294
0.0175917
0.0182912
0.0189207
0.0193996
0.0197482
0.0200125
0.020326
0.020698
0.0209725
0.0211616
0.0212344
0.0213472
0.0216487
0.0220056
0.0223629
0.0226122
0.0228731
0.0233803
0.023935
0.024381
0.0246922
0.0249568
0.0255511
0.0262598
0.0265786
0.0269131
0.0276286
0.0282315
0.028607
0.0291319
0.0297307
0.0302843
0.0309796
0.0316599
0.0321254
0.0326698
0.0334412
0.0341989
0.0348346
0.0354282
0.0360889
0.0368872
0.0377064
0.0384075
0.0390564
0.0398364
0.0407461
0.0415542
0.0422472
0.0430788
0.044035
0.0448785
0.0456902
0.046615
0.047573
0.0484809
0.0494181
0.0504058
0.0514007
0.0524027
0.053434
0.0544753
0.0555208
0.056616
0.057739
0.0588596
0.0599766
0.0611699
0.0623642
0.0635675
0.0647888
0.0660584
0.0673429
0.0686492
0.0699747
0.0713403
0.0727278
0.0741335
0.0755909
0.0770423
0.0785522
0.0800661
0.0816348
0.0832081
0.0848306
0.0864721
0.0881376
0.089862
0.0915886
0.0933544
0.095167
0.0969898
0.098867
0.100755
0.102683
0.104672
0.106609
0.108476
0.11018
0.0169631
0.017609
0.0183288
0.0189784
0.0194802
0.019847
0.0201335
0.0204108
0.0207514
0.0210279
0.0212398
0.0213755
0.0214777
0.0217365
0.0220699
0.0224185
0.0227259
0.0229907
0.0234317
0.0239669
0.0244333
0.0248109
0.0250893
0.0255589
0.0262554
0.0267056
0.0270075
0.0276213
0.028282
0.0287
0.0291698
0.0297683
0.0303275
0.0309846
0.0316975
0.0322034
0.0326935
0.0334277
0.0342239
0.0348856
0.0354598
0.0360969
0.0368931
0.0377247
0.0384359
0.0390778
0.039838
0.0407494
0.0415787
0.0422666
0.0430792
0.0440414
0.0448972
0.0457027
0.0466206
0.0475822
0.0484912
0.0494255
0.0504125
0.0514071
0.0524089
0.0534401
0.0544821
0.0555269
0.0566209
0.0577451
0.0588665
0.0599818
0.0611741
0.06237
0.063575
0.0647937
0.0660636
0.0673502
0.0686555
0.0699805
0.0713461
0.0727336
0.0741388
0.0755967
0.0770473
0.0785572
0.0800701
0.0816393
0.0832128
0.0848343
0.086476
0.0881416
0.0898665
0.0915914
0.0933585
0.0951717
0.0969949
0.0988732
0.100763
0.102694
0.104684
0.106623
0.108493
0.110198
0.0170231
0.0176322
0.018355
0.0190246
0.0195619
0.0199464
0.020247
0.0205051
0.0208075
0.0210856
0.0213011
0.0214871
0.0216115
0.0218302
0.0221442
0.0224761
0.0228144
0.023104
0.0234985
0.024007
0.0244798
0.0248987
0.0252217
0.0256147
0.0262401
0.0267842
0.0271227
0.0276401
0.0283081
0.0287904
0.0292252
0.0298
0.0303731
0.0309967
0.0317165
0.0322788
0.0327424
0.0334152
0.0342277
0.0349373
0.0355081
0.0361058
0.0368893
0.0377423
0.0384695
0.0391028
0.0398403
0.0407498
0.0416027
0.0422899
0.0430799
0.0440452
0.0449162
0.045717
0.0466262
0.0475912
0.0485018
0.0494333
0.0504197
0.0514141
0.0524152
0.0534461
0.0544892
0.0555333
0.0566258
0.057751
0.0588741
0.0599878
0.0611779
0.0623755
0.063583
0.0647989
0.0660689
0.0673578
0.0686616
0.0699865
0.0713522
0.0727397
0.0741442
0.0756027
0.0770527
0.0785624
0.0800744
0.0816438
0.0832175
0.0848377
0.0864799
0.0881456
0.089871
0.0915946
0.0933629
0.0951771
0.0970002
0.0988798
0.100771
0.102705
0.104696
0.106638
0.10851
0.110216
0.0170932
0.0176748
0.018387
0.0190654
0.0196334
0.0200429
0.0203495
0.0206006
0.0208703
0.0211467
0.0213605
0.021569
0.0217341
0.0219284
0.0222216
0.0225407
0.0228879
0.0232076
0.0235756
0.0240545
0.0245253
0.0249661
0.0253366
0.0257014
0.0262439
0.0268237
0.0272324
0.0276892
0.0283206
0.0288644
0.029296
0.0298342
0.0304166
0.0310191
0.0317259
0.0323411
0.0328109
0.0334174
0.0342121
0.0349745
0.035572
0.0361279
0.0368756
0.0377522
0.038509
0.0391329
0.0398422
0.0407472
0.0416258
0.0423175
0.0430826
0.0440463
0.0449352
0.0457332
0.0466317
0.0475996
0.0485127
0.0494414
0.050427
0.0514217
0.0524219
0.0534519
0.0544967
0.0555403
0.0566304
0.0577569
0.0588824
0.059994
0.0611811
0.0623822
0.0635922
0.064804
0.0660736
0.0673654
0.0686679
0.0699929
0.0713584
0.0727457
0.0741498
0.0756086
0.077058
0.0785676
0.0800792
0.0816485
0.0832227
0.0848413
0.0864842
0.0881497
0.0898753
0.0915978
0.0933672
0.0951826
0.0970054
0.0988867
0.10078
0.102716
0.104709
0.106652
0.108528
0.110235
0.0171658
0.0177341
0.0184289
0.0191026
0.0196875
0.0201282
0.0204481
0.020699
0.0209406
0.0212052
0.0214219
0.0216312
0.0218326
0.0220284
0.0223019
0.0226119
0.0229548
0.0232985
0.0236537
0.0241054
0.0245742
0.0250231
0.025431
0.0258006
0.0262796
0.0268449
0.0273157
0.0277601
0.0283364
0.0289166
0.0293724
0.0298759
0.030457
0.0310497
0.031733
0.0323862
0.0328859
0.0334437
0.0341925
0.0349873
0.0356393
0.0361737
0.0368603
0.0377443
0.0385501
0.0391735
0.0398443
0.0407396
0.0416475
0.0423493
0.0430879
0.0440443
0.0449532
0.0457517
0.0466377
0.0476076
0.0485243
0.0494499
0.050434
0.0514298
0.0524293
0.0534575
0.0545043
0.0555481
0.0566351
0.0577622
0.0588913
0.060001
0.061184
0.0623885
0.0636015
0.064809
0.0660787
0.0673737
0.0686741
0.0699989
0.0713643
0.0727519
0.0741557
0.0756146
0.0770635
0.0785727
0.0800839
0.081653
0.0832279
0.084845
0.0864888
0.0881544
0.0898799
0.0916018
0.0933719
0.0951887
0.0970107
0.0988937
0.100789
0.102727
0.104721
0.106666
0.108545
0.110253
0.0172379
0.0177976
0.0184798
0.0191453
0.0197345
0.0202016
0.0205406
0.0207944
0.0210138
0.0212587
0.0214824
0.0216886
0.0219084
0.0221217
0.0223826
0.022685
0.0230171
0.0233745
0.0237321
0.02416
0.024626
0.025076
0.0255079
0.0258963
0.0263373
0.0268697
0.0273735
0.0278372
0.0283661
0.0289511
0.0294469
0.029929
0.0304952
0.0310825
0.03174
0.0324157
0.0329568
0.0334907
0.0341848
0.0349792
0.0356921
0.0362423
0.0368598
0.0377172
0.0385822
0.0392296
0.0398523
0.0407237
0.0416657
0.0423859
0.0430966
0.0440395
0.0449692
0.0457718
0.0466442
0.0476146
0.0485366
0.0494594
0.0504407
0.0514381
0.0524376
0.0534631
0.0545119
0.0555566
0.0566396
0.0577672
0.0589011
0.0600085
0.0611859
0.0623965
0.063612
0.0648144
0.0660835
0.0673818
0.0686804
0.0700058
0.0713711
0.0727582
0.0741618
0.0756204
0.0770691
0.0785779
0.0800892
0.0816578
0.083233
0.0848485
0.0864931
0.0881589
0.0898839
0.0916058
0.0933768
0.095195
0.0970164
0.0989011
0.100798
0.102739
0.104734
0.106681
0.108562
0.110271
0.0173111
0.0178642
0.0185377
0.0191965
0.0197812
0.020261
0.0206173
0.0208823
0.0210906
0.021313
0.0215392
0.0217456
0.0219681
0.0221991
0.0224578
0.0227545
0.0230782
0.02344
0.0238103
0.0242187
0.0246762
0.025127
0.0255696
0.0259818
0.0264076
0.0269087
0.0274159
0.0279042
0.0284126
0.028979
0.0295094
0.0299893
0.0305338
0.0311191
0.0317534
0.0324344
0.0330163
0.0335466
0.0341943
0.0349638
0.0357177
0.0363173
0.0368898
0.0376823
0.0385902
0.0392965
0.0398768
0.0406995
0.0416758
0.0424291
0.0431112
0.0440321
0.0449827
0.0457939
0.0466518
0.0476208
0.048549
0.0494696
0.0504464
0.0514457
0.0524464
0.053469
0.0545191
0.0555655
0.0566444
0.0577716
0.0589111
0.0600165
0.0611874
0.0624042
0.0636222
0.0648188
0.066088
0.0673902
0.0686871
0.0700121
0.0713773
0.0727646
0.0741685
0.0756262
0.077075
0.0785832
0.0800945
0.0816626
0.0832383
0.0848528
0.0864981
0.0881639
0.0898879
0.0916103
0.0933818
0.0952011
0.0970218
0.0989081
0.100808
0.102749
0.104747
0.106696
0.108578
0.110289
0.0173847
0.0179313
0.0185957
0.01925
0.0198267
0.0203095
0.020679
0.0209583
0.0211678
0.0213685
0.0215871
0.0217973
0.02202
0.0222603
0.0225224
0.0228189
0.023141
0.0235008
0.0238819
0.0242781
0.0247208
0.0251766
0.0256253
0.0260565
0.0264802
0.0269575
0.0274568
0.0279577
0.0284651
0.0290076
0.0295552
0.0300531
0.0305783
0.0311572
0.0317739
0.0324463
0.0330637
0.0336065
0.0342202
0.034955
0.0357213
0.0363768
0.0369482
0.0376593
0.0385655
0.0393582
0.0399268
0.0406731
0.0416691
0.0424762
0.0431349
0.044022
0.0449925
0.0458177
0.0466612
0.0476266
0.0485624
0.0494821
0.0504526
0.051453
0.0524577
0.0534762
0.0545265
0.055575
0.0566492
0.0577756
0.0589221
0.0600252
0.061188
0.0624152
0.0636327
0.0648245
0.0660934
0.0673986
0.0686939
0.0700187
0.0713839
0.0727711
0.0741753
0.0756318
0.077081
0.0785888
0.0801002
0.0816678
0.0832433
0.084857
0.0865029
0.0881692
0.0898921
0.0916154
0.0933878
0.0952078
0.0970282
0.0989159
0.100818
0.102761
0.10476
0.106712
0.108595
0.110306
0.0174592
0.0180001
0.0186532
0.0193021
0.0198733
0.020353
0.0207279
0.0210161
0.0212339
0.0214206
0.0216271
0.0218409
0.0220642
0.022308
0.0225754
0.0228776
0.0232031
0.0235566
0.0239391
0.0243361
0.0247683
0.0252258
0.0256772
0.0261175
0.0265491
0.0270123
0.0275005
0.0280008
0.0285133
0.0290447
0.0295923
0.0301115
0.0306272
0.031193
0.0317999
0.0324578
0.0330983
0.0336647
0.0342566
0.0349584
0.0357182
0.036413
0.0370187
0.0376685
0.0385209
0.0393938
0.0400027
0.0406586
0.0416401
0.0425211
0.0431714
0.0440094
0.0449953
0.0458419
0.0466714
0.0476302
0.0485741
0.0494946
0.0504577
0.0514583
0.0524668
0.0534839
0.0545339
0.0555841
0.0566538
0.0577792
0.058933
0.0600339
0.0611871
0.0624008
0.0636412
0.064829
0.0660978
0.067406
0.0687007
0.0700251
0.0713901
0.0727777
0.0741822
0.0756368
0.0770865
0.078594
0.0801054
0.0816728
0.0832479
0.0848613
0.0865077
0.088174
0.0898954
0.0916198
0.0933931
0.0952134
0.0970339
0.098923
0.100828
0.102772
0.104771
0.106723
0.10861
0.110323
0.0175304
0.0180666
0.0187083
0.0193491
0.0199156
0.0203889
0.0207647
0.0210548
0.0212814
0.021466
0.021659
0.0218712
0.0220962
0.0223454
0.0226188
0.022925
0.0232534
0.0236054
0.0239918
0.0243956
0.0248175
0.0252672
0.0257247
0.0261723
0.0266108
0.0270664
0.027545
0.0280426
0.0285568
0.0290841
0.0296237
0.0301583
0.03068
0.0312323
0.0318298
0.0324733
0.0331219
0.0337169
0.0343007
0.0349694
0.0357167
0.0364315
0.0370831
0.0377124
0.0384823
0.0393922
0.0400915
0.0406779
0.0415947
0.0425551
0.0432269
0.0440024
0.044992
0.0458689
0.0466862
0.047635
0.0485872
0.0495102
0.0504655
0.0514639
0.0524761
0.0534937
0.0545425
0.055594
0.0566587
0.0577824
0.0589444
0.0600437
0.0611884
0.0624137
0.0636516
0.0648357
0.066104
0.0674142
0.0687087
0.0700323
0.0713968
0.0727852
0.0741898
0.0756427
0.0770932
0.0786005
0.0801115
0.0816787
0.0832528
0.0848665
0.0865136
0.0881799
0.0899001
0.0916259
0.0934002
0.0952202
0.0970407
0.0989313
0.100839
0.102783
0.104784
0.106738
0.108626
0.110339
0.0175997
0.0181307
0.0187613
0.0193872
0.0199455
0.0204101
0.0207825
0.021072
0.0213029
0.0214911
0.0216737
0.0218825
0.0221106
0.0223652
0.0226427
0.0229518
0.0232912
0.0236503
0.0240362
0.0244406
0.0248607
0.0253045
0.0257646
0.0262165
0.0266591
0.0271168
0.0275883
0.0280798
0.0285902
0.0291153
0.0296513
0.0301925
0.030728
0.0312723
0.0318557
0.0324897
0.0331357
0.0337557
0.0343478
0.0349848
0.0357159
0.0364385
0.0371219
0.0377691
0.0384644
0.0393498
0.0401551
0.0407315
0.0415408
0.0425547
0.0432914
0.0440026
0.0449746
0.0458915
0.0467025
0.0476367
0.0485973
0.0495239
0.0504723
0.0514682
0.0524833
0.0535016
0.0545518
0.0556038
0.0566625
0.0577845
0.0589556
0.0600542
0.0611916
0.0624206
0.0636615
0.0648426
0.0661094
0.06742
0.0687159
0.0700387
0.0714023
0.072792
0.0741962
0.0756468
0.0770982
0.0786057
0.0801163
0.0816838
0.0832567
0.0848707
0.0865185
0.0881838
0.0899029
0.0916302
0.0934059
0.0952254
0.0970465
0.0989388
0.100848
0.102793
0.104795
0.106751
0.108641
0.110355
0.0177476
0.0182765
0.0188922
0.0194958
0.0200337
0.0204811
0.0208376
0.021116
0.0213385
0.021528
0.0217048
0.0219071
0.022137
0.0223948
0.0226791
0.0229929
0.0233406
0.0237053
0.0240913
0.024497
0.0249179
0.0253542
0.0258086
0.0262667
0.0267105
0.0271694
0.0276383
0.0281236
0.0286318
0.0291512
0.0296858
0.0302281
0.0307752
0.0313232
0.0318899
0.0325148
0.0331549
0.0337863
0.0343996
0.0350151
0.0357229
0.0364524
0.0371485
0.0378283
0.0384939
0.039308
0.0401847
0.0408217
0.0415215
0.0425262
0.043359
0.0440308
0.0449524
0.04591
0.0467273
0.0476398
0.0486081
0.0495402
0.050481
0.0514749
0.0524912
0.0535084
0.0545617
0.0556167
0.0566679
0.0577854
0.0589662
0.060066
0.061196
0.0624269
0.0636704
0.0648515
0.066116
0.067426
0.0687244
0.0700465
0.0714087
0.0728006
0.0742039
0.0756527
0.0771054
0.0786129
0.0801225
0.08169
0.0832616
0.0848765
0.0865255
0.0881899
0.0899081
0.0916369
0.0934135
0.0952317
0.0970529
0.0989471
0.100858
0.102804
0.104807
0.106765
0.108656
0.11037
0.0176885
0.0181968
0.0187992
0.0193862
0.0199135
0.0203582
0.0207137
0.0209955
0.0212256
0.0214306
0.0216258
0.0218405
0.0220882
0.0223635
0.0226668
0.0229937
0.0233518
0.0237305
0.0241228
0.0245306
0.0249508
0.025386
0.0258336
0.0262942
0.0267399
0.0271977
0.0276733
0.0281537
0.0286585
0.0291726
0.0297051
0.0302516
0.0308037
0.031363
0.0319201
0.0325326
0.03317
0.0338004
0.0344343
0.0350474
0.0357261
0.0364598
0.0371593
0.0378557
0.038537
0.0392805
0.0401625
0.0408968
0.0415389
0.0424743
0.0433953
0.0440793
0.0449305
0.0459125
0.0467565
0.0476429
0.0486139
0.0495566
0.050488
0.0514808
0.0524993
0.0535127
0.0545699
0.0556313
0.0566745
0.0577835
0.058974
0.0600801
0.0612033
0.0624309
0.0636789
0.0648634
0.0661232
0.0674304
0.0687325
0.0700542
0.0714145
0.0728081
0.0742097
0.0756564
0.077111
0.0786185
0.0801274
0.081695
0.0832652
0.0848807
0.0865305
0.0881931
0.0899107
0.0916417
0.0934197
0.0952371
0.0970591
0.0989554
0.100868
0.102814
0.104818
0.106778
0.108669
0.110384
0.0180405
0.018529
0.0190785
0.0196006
0.0200592
0.0204423
0.020747
0.0209872
0.0211932
0.0213894
0.0215902
0.0218114
0.0220698
0.0223587
0.022675
0.0230142
0.0233789
0.0237659
0.024162
0.0245702
0.0249881
0.0254216
0.0258633
0.0263216
0.0267748
0.0272301
0.0277116
0.0281908
0.0286885
0.0292029
0.0297308
0.0302811
0.0308333
0.0313995
0.0319591
0.0325558
0.0331917
0.0338181
0.0344599
0.0350876
0.0357438
0.0364721
0.0371778
0.0378721
0.0385831
0.0392949
0.040128
0.0409411
0.0415956
0.0424353
0.0433964
0.0441386
0.0449266
0.045901
0.0467853
0.0476514
0.0486145
0.049574
0.0504973
0.0514863
0.0525098
0.0535166
0.0545759
0.055648
0.0566864
0.0577818
0.0589776
0.0600956
0.0612104
0.0624293
0.0636835
0.0648764
0.0661293
0.0674315
0.0687401
0.0700619
0.0714202
0.0728164
0.0742162
0.0756613
0.0771183
0.0786251
0.0801329
0.0817008
0.0832698
0.0848865
0.0865379
0.0881985
0.0899154
0.0916482
0.0934266
0.0952423
0.0970644
0.098963
0.100877
0.102823
0.104829
0.106791
0.108683
0.110398
0.0177974
0.0182393
0.0187668
0.0192902
0.0197643
0.020181
0.020516
0.020799
0.0210508
0.021293
0.0215388
0.0217942
0.0220738
0.0223786
0.0227059
0.0230535
0.0234193
0.0238043
0.0241998
0.0246051
0.025019
0.0254485
0.0258871
0.0263413
0.0268008
0.0272568
0.0277371
0.0282221
0.0287133
0.0292302
0.0297569
0.0303063
0.0308605
0.0314269
0.031997
0.0325818
0.0332118
0.0338378
0.0344746
0.0351204
0.0357674
0.0364794
0.0371908
0.037882
0.0386151
0.0393281
0.0401047
0.0409491
0.0416652
0.0424308
0.0433716
0.0441912
0.0449493
0.0458852
0.0468088
0.0476698
0.0486127
0.0495894
0.0505112
0.0514899
0.0525197
0.0535226
0.0545768
0.0556617
0.056703
0.0577806
0.0589749
0.0601121
0.06123
0.0624302
0.0636878
0.064897
0.0661404
0.0674337
0.0687501
0.0700724
0.0714275
0.0728252
0.0742219
0.0756654
0.0771256
0.0786316
0.0801381
0.0817064
0.0832739
0.0848913
0.0865437
0.0882021
0.0899186
0.091654
0.0934337
0.0952484
0.0970713
0.0989718
0.100886
0.102833
0.104839
0.106802
0.108695
0.110411
0.0189813
0.0190551
0.019087
0.0191621
0.0193013
0.019519
0.0198214
0.02017
0.0205376
0.0209051
0.0212696
0.0216233
0.021975
0.0223307
0.0226915
0.0230564
0.0234266
0.0238101
0.024205
0.0246127
0.0250271
0.0254541
0.025889
0.0263391
0.0268017
0.0272639
0.0277404
0.0282324
0.0287261
0.0292437
0.0297742
0.0303187
0.0308754
0.0314391
0.0320189
0.0326025
0.0332204
0.0338512
0.0344807
0.0351399
0.0357932
0.0364829
0.0371977
0.0378915
0.0386309
0.0393592
0.0400971
0.0409305
0.0417109
0.0424509
0.043333
0.0442101
0.0449845
0.0458693
0.0468128
0.0476906
0.0486074
0.0495951
0.0505303
0.0514929
0.0525258
0.053534
0.0545758
0.055671
0.0567265
0.0577823
0.058965
0.060124
0.0612465
0.0624227
0.0636836
0.0649126
0.0661476
0.0674289
0.0687546
0.0700797
0.0714325
0.0728317
0.074226
0.0756687
0.0771321
0.078637
0.0801418
0.0817107
0.0832775
0.0848959
0.0865497
0.0882061
0.0899221
0.0916593
0.0934389
0.0952522
0.0970751
0.0989779
0.100893
0.10284
0.104848
0.106812
0.108705
0.110421
0.0178223
0.0182064
0.0186661
0.0191173
0.0195367
0.0198927
0.0201907
0.0204557
0.0207214
0.0210001
0.0212988
0.0216164
0.0219558
0.0223166
0.0226904
0.0230691
0.023447
0.0238351
0.0242337
0.0246485
0.0250674
0.0254904
0.0259194
0.0263614
0.0268195
0.0272828
0.0277554
0.0282487
0.0287525
0.0292702
0.0298022
0.0303444
0.0308984
0.0314616
0.0320439
0.0326325
0.0332379
0.0338703
0.0344985
0.035155
0.0358229
0.0364939
0.0372022
0.0379085
0.0386423
0.0393877
0.0401145
0.0409169
0.0417392
0.0424949
0.043321
0.0442126
0.0450307
0.0458796
0.0468096
0.0477185
0.0486154
0.0495921
0.0505552
0.051502
0.0525228
0.0535504
0.0545709
0.0556661
0.0567572
0.0577934
0.0589481
0.0601429
0.0612789
0.0624223
0.063684
0.0649382
0.0661644
0.0674316
0.0687644
0.0700926
0.0714428
0.0728415
0.0742322
0.0756741
0.0771407
0.0786447
0.080148
0.0817171
0.0832826
0.084902
0.0865564
0.0882107
0.0899266
0.0916661
0.0934466
0.0952589
0.0970824
0.0989868
0.100902
0.102849
0.104857
0.106823
0.108717
0.110434
0.019053
0.0190402
0.0189701
0.0189385
0.0189871
0.0191332
0.0193846
0.0197174
0.0201066
0.0205298
0.020968
0.0214065
0.0218369
0.0222611
0.0226742
0.0230737
0.0234566
0.0238411
0.024236
0.0246485
0.025068
0.025487
0.0259131
0.0263511
0.0268064
0.0272726
0.0277463
0.0282423
0.0287564
0.0292794
0.0298096
0.030353
0.0309046
0.0314676
0.032051
0.032643
0.0332461
0.0338751
0.0345102
0.0351601
0.0358365
0.036507
0.0371981
0.0379192
0.0386487
0.0393969
0.0401337
0.040905
0.0417402
0.042524
0.0433186
0.0441955
0.0450483
0.0458959
0.0467956
0.0477273
0.0486297
0.0495781
0.050568
0.05152
0.0525106
0.0535624
0.0545827
0.0556482
0.0567764
0.0578153
0.0589152
0.0601398
0.0613098
0.0624159
0.0636677
0.0649523
0.0661744
0.0674248
0.068765
0.0700973
0.0714464
0.0728465
0.0742341
0.0756752
0.0771451
0.0786484
0.0801501
0.0817199
0.0832845
0.0849045
0.0865605
0.0882131
0.0899282
0.0916693
0.0934499
0.0952612
0.0970845
0.0989906
0.100907
0.102853
0.104862
0.106829
0.108724
0.11044
0.0185532
0.0185096
0.0184272
0.018408
0.0184929
0.0186905
0.0189989
0.0193991
0.0198632
0.0203574
0.0208556
0.0213416
0.0218072
0.0222547
0.0226819
0.0230873
0.0234716
0.0238529
0.0242446
0.0246538
0.0250718
0.025489
0.0259127
0.0263499
0.026803
0.0272706
0.0277457
0.0282431
0.0287608
0.0292876
0.0298172
0.03036
0.0309123
0.031474
0.0320572
0.0326488
0.0332519
0.0338779
0.0345155
0.0351653
0.0358404
0.0365182
0.0372009
0.037925
0.0386609
0.0394035
0.0401529
0.0409155
0.0417438
0.0425484
0.0433376
0.0441992
0.0450614
0.0459206
0.0468053
0.0477339
0.0486524
0.0495829
0.0505716
0.0515435
0.0525126
0.053565
0.054604
0.055646
0.0567798
0.057849
0.0589258
0.0601345
0.0613372
0.0624397
0.0636672
0.0649662
0.066198
0.0674347
0.0687744
0.0701108
0.0714573
0.0728576
0.0742437
0.0756821
0.0771533
0.0786572
0.0801575
0.0817274
0.0832914
0.0849107
0.0865676
0.0882196
0.089934
0.091676
0.0934578
0.0952688
0.0970919
0.0989986
0.100915
0.102861
0.10487
0.106839
0.108733
0.110452
)
;

boundaryField
{
    zeroGradientPlanes
    {
        type            zeroGradient;
    }
    inlet
    {
        type            zeroGradient;
    }
    plate
    {
        type            zeroGradient;
    }
    frontAndBack
    {
        type            empty;
    }
}


// ************************************************************************* //
