/*--------------------------------*- C++ -*----------------------------------*\
| =========                 |                                                 |
| \\      /  F ield         | OpenFOAM: The Open Source CFD Toolbox           |
|  \\    /   O peration     | Version:  v1912                                 |
|   \\  /    A nd           | Website:  www.openfoam.com                      |
|    \\/     M anipulation  |                                                 |
\*---------------------------------------------------------------------------*/
FoamFile
{
    version     2.0;
    format      ascii;
    class       volScalarField;
    location    "3.05";
    object      p;
}
// * * * * * * * * * * * * * * * * * * * * * * * * * * * * * * * * * * * * * //

dimensions      [0 2 -2 0 0 0 0];


internalField   nonuniform List<scalar> 
9600
(
6.11337e-10
0.0085983
0.0118157
0.0071235
0.00015565
0.0111572
0.0125559
0.0107917
0.0139095
0.0160975
0.0139563
0.0140488
0.0149666
0.0156758
0.0152789
0.0156089
0.0133111
0.0134253
0.0125508
0.013341
4.1349e-06
0.00861075
0.0117865
0.00710652
0.00018026
0.0111145
0.0125379
0.0108261
0.0138898
0.0160851
0.0139546
0.0140581
0.0149795
0.0156499
0.0152906
0.0154808
0.0133545
0.0133939
0.0125759
0.0132772
1.04819e-05
0.00862027
0.011747
0.00710514
0.000192312
0.0110816
0.0125325
0.0108625
0.013862
0.0160637
0.0139575
0.014067
0.0149887
0.015615
0.0153019
0.0153637
0.0134124
0.0133481
0.0126091
0.0131987
2.25037e-05
0.0086263
0.0117061
0.00712054
0.000209407
0.0110555
0.0125305
0.010899
0.0138293
0.0160286
0.0139636
0.0140622
0.014992
0.0155779
0.0153067
0.0152484
0.0134634
0.0133028
0.0126283
0.0131013
4.52032e-05
0.00862838
0.011658
0.00715721
0.000240753
0.011028
0.0125259
0.0109372
0.0137922
0.0159795
0.0139711
0.0140453
0.0149941
0.0155362
0.0153092
0.0151335
0.0135134
0.0132626
0.0126212
0.013011
8.22912e-05
0.00862055
0.011602
0.00721518
0.000299236
0.0109934
0.0125162
0.0109765
0.0137524
0.0159223
0.0139786
0.014021
0.0149957
0.0154905
0.0153137
0.0150229
0.0135633
0.0132218
0.0125956
0.012942
0.000135255
0.008601
0.0115409
0.00729083
0.000393135
0.0109505
0.0125012
0.0110164
0.0137126
0.0158635
0.0139846
0.0139924
0.0149973
0.0154428
0.0153192
0.0149179
0.013607
0.013183
0.0125603
0.0128829
0.000203989
0.00857261
0.0114788
0.00737772
0.000525361
0.0109006
0.0124824
0.011056
0.013675
0.0158069
0.0139889
0.0139616
0.0149993
0.0153933
0.0153236
0.014817
0.0136431
0.0131536
0.0125135
0.0128252
0.000287339
0.00854012
0.0114193
0.00746898
0.000693562
0.0108467
0.0124621
0.0110937
0.0136402
0.0157539
0.0139917
0.0139303
0.0150008
0.0153424
0.0153245
0.0147194
0.0136744
0.013136
0.0124527
0.0127701
0.000383419
0.00850803
0.011364
0.00755943
0.000891918
0.0107926
0.0124421
0.0111282
0.0136084
0.0157042
0.0139934
0.0138994
0.0150011
0.0152909
0.0153203
0.0146256
0.0137017
0.0131299
0.0123818
0.0127196
0.000489957
0.00847933
0.0113124
0.00764645
0.00111324
0.0107397
0.0124231
0.0111592
0.0135787
0.0156565
0.0139942
0.0138696
0.0150003
0.01524
0.0153102
0.0145358
0.0137241
0.0131359
0.0123071
0.012673
0.000604642
0.00845504
0.0112631
0.00772931
0.00135052
0.0106883
0.0124052
0.0111872
0.0135506
0.0156098
0.0139943
0.0138412
0.0149989
0.0151907
0.0152943
0.0144504
0.0137399
0.013154
0.0122338
0.0126292
0.000725431
0.00843473
0.011214
0.00780812
0.00159792
0.0106376
0.0123884
0.0112129
0.0135236
0.0155634
0.0139939
0.013814
0.0149971
0.0151435
0.015273
0.0143705
0.0137474
0.0131829
0.0121661
0.0125862
0.000850793
0.00841739
0.0111637
0.00788313
0.00185141
0.0105874
0.0123722
0.0112368
0.0134974
0.0155174
0.0139928
0.0137872
0.0149952
0.0150988
0.0152464
0.0142973
0.0137451
0.01322
0.0121065
0.0125419
0.000979783
0.00840215
0.0111113
0.00795443
0.00210872
0.0105375
0.0123564
0.0112593
0.013472
0.0154715
0.0139909
0.0137603
0.0149925
0.0150566
0.0152146
0.0142316
0.013732
0.0132617
0.0120567
0.0124938
0.00111195
0.00838856
0.0110568
0.00802204
0.00236884
0.0104881
0.0123409
0.0112807
0.0134471
0.0154259
0.013988
0.0137326
0.0149887
0.0150173
0.0151771
0.0141736
0.0137084
0.0133046
0.0120178
0.0124398
0.00124718
0.00837642
0.0110008
0.00808614
0.00263175
0.0104398
0.0123259
0.0113014
0.0134222
0.0153805
0.0139842
0.0137039
0.0149834
0.0149812
0.0151338
0.0141227
0.0136752
0.0133455
0.0119912
0.0123784
0.00138555
0.00836562
0.0109439
0.00814718
0.00289783
0.0103932
0.0123117
0.0113216
0.013397
0.0153352
0.0139795
0.0136742
0.0149759
0.0149488
0.015085
0.0140784
0.0136336
0.0133815
0.0119783
0.0123094
0.00152721
0.00835612
0.0108871
0.0082057
0.00316733
0.0103485
0.0122985
0.0113416
0.0133709
0.0152902
0.0139739
0.0136436
0.0149661
0.0149204
0.0150315
0.0140399
0.0135849
0.0134106
0.0119812
0.0122345
0.00167231
0.00834792
0.0108312
0.00826224
0.00344023
0.010306
0.0122864
0.0113617
0.0133435
0.0152458
0.0139675
0.0136119
0.0149539
0.014896
0.0149738
0.0140068
0.0135308
0.0134313
0.0120015
0.0121564
0.00182098
0.00834104
0.010777
0.00831722
0.00371624
0.0102659
0.0122754
0.0113825
0.0133145
0.0152021
0.0139605
0.0135791
0.0149392
0.0148753
0.0149125
0.0139789
0.0134733
0.0134423
0.0120405
0.0120787
0.00197334
0.00833544
0.010725
0.00837094
0.00399475
0.0102281
0.0122652
0.0114042
0.0132834
0.0151594
0.0139533
0.0135449
0.014922
0.0148582
0.0148479
0.0139561
0.0134144
0.0134417
0.0120978
0.0120067
0.00212943
0.00833115
0.0106758
0.00842343
0.00427486
0.0101928
0.0122557
0.0114272
0.0132502
0.0151176
0.0139465
0.0135089
0.0149022
0.0148449
0.0147798
0.0139377
0.0133569
0.0134277
0.0121722
0.0119468
0.0022893
0.00832816
0.0106297
0.00847472
0.00455546
0.0101603
0.0122463
0.011452
0.0132146
0.0150767
0.0139405
0.0134706
0.0148799
0.0148358
0.0147078
0.0139229
0.0133035
0.0133992
0.0122606
0.0119062
0.00245299
0.00832644
0.0105868
0.00852484
0.00483541
0.0101309
0.0122369
0.011479
0.0131766
0.0150364
0.013936
0.0134294
0.0148544
0.0148314
0.0146319
0.0139099
0.013258
0.0133562
0.0123576
0.011892
0.00262057
0.00832593
0.0105474
0.00857399
0.00511356
0.010105
0.012227
0.0115085
0.0131363
0.0149961
0.013934
0.0133851
0.0148251
0.0148326
0.0145525
0.013896
0.0132244
0.0133008
0.012455
0.0119101
0.00279214
0.00832653
0.0105116
0.0086225
0.00538878
0.0100832
0.0122164
0.0115409
0.0130939
0.0149552
0.0139352
0.0133376
0.0147909
0.0148405
0.014471
0.0138775
0.013206
0.0132374
0.0125426
0.011963
0.0029678
0.00832811
0.0104795
0.00867088
0.00566001
0.010066
0.012205
0.0115763
0.01305
0.0149127
0.0139403
0.0132869
0.0147501
0.0148563
0.01439
0.0138505
0.0132042
0.0131726
0.0126111
0.0120457
0.00314772
0.00833054
0.0104513
0.00871973
0.00592623
0.010054
0.0121924
0.0116147
0.0130051
0.0148679
0.01395
0.0132341
0.0147011
0.0148802
0.0143128
0.0138117
0.0132177
0.0131149
0.0126553
0.0121472
0.00333203
0.00833372
0.0104271
0.00876979
0.00618651
0.0100475
0.0121789
0.0116561
0.0129597
0.0148199
0.0139647
0.0131801
0.0146421
0.0149116
0.0142434
0.0137593
0.0132426
0.0130733
0.0126771
0.0122508
0.00352093
0.00833749
0.0104068
0.00882188
0.00644003
0.010047
0.0121645
0.0117001
0.0129142
0.0147682
0.0139845
0.0131265
0.0145718
0.0149491
0.0141861
0.0136928
0.0132733
0.0130556
0.0126846
0.0123382
0.00371456
0.00834173
0.0103905
0.00887678
0.00668612
0.0100525
0.0121498
0.0117466
0.0128693
0.0147119
0.0140093
0.0130752
0.0144885
0.0149905
0.0141458
0.0136131
0.0133029
0.0130662
0.0126893
0.0123979
0.00391304
0.0083459
0.0103778
0.00893533
0.00692437
0.0100637
0.0121351
0.0117955
0.0128255
0.0146503
0.0140389
0.0130284
0.0143908
0.0150325
0.014127
0.0135235
0.0133237
0.0131045
0.0127042
0.0124311
0.00411651
0.00835108
0.0103685
0.00899827
0.00715466
0.0100802
0.0121214
0.0118468
0.0127832
0.0145828
0.0140725
0.0129884
0.0142787
0.015071
0.0141331
0.0134288
0.0133295
0.0131655
0.0127408
0.0124498
0.00432507
0.00835828
0.0103624
0.00906625
0.00737712
0.0101012
0.0121098
0.0119009
0.0127425
0.0145086
0.0141092
0.0129584
0.0141527
0.0151015
0.0141656
0.0133338
0.0133156
0.0132433
0.0128055
0.0124683
0.00453878
0.00836688
0.0103589
0.00913987
0.00759215
0.0101259
0.0121001
0.0119584
0.0127044
0.0144265
0.0141471
0.0129416
0.0140142
0.015119
0.0142264
0.0132451
0.0132771
0.0133316
0.0129018
0.0124995
0.00475771
0.00837711
0.0103575
0.00921953
0.00780036
0.0101537
0.0120924
0.0120194
0.0126698
0.0143366
0.0141842
0.0129405
0.0138665
0.0151167
0.0143147
0.0131726
0.0132092
0.0134203
0.0130333
0.0125559
0.00498187
0.00838941
0.0103579
0.00930531
0.00800268
0.0101841
0.0120862
0.0120843
0.0126396
0.0142388
0.0142179
0.0129576
0.013715
0.015088
0.0144252
0.0131285
0.0131113
0.0134944
0.0132003
0.0126505
0.00521119
0.00840435
0.0103596
0.00939718
0.00819996
0.010217
0.0120806
0.0121531
0.0126162
0.0141334
0.0142454
0.0129941
0.0135652
0.0150281
0.0145489
0.0131247
0.0129909
0.0135372
0.0133956
0.0127956
0.00544552
0.00842263
0.0103619
0.00949521
0.00839291
0.0102523
0.0120754
0.0122251
0.0126009
0.0140225
0.0142629
0.013049
0.0134237
0.0149343
0.0146753
0.0131698
0.0128605
0.0135354
0.0136046
0.0129992
0.00568468
0.00844502
0.0103645
0.0095992
0.00858226
0.0102901
0.0120703
0.0123003
0.0125949
0.0139072
0.0142686
0.0131189
0.013298
0.0148085
0.0147907
0.013267
0.0127362
0.0134828
0.0138078
0.0132589
0.00592845
0.00847235
0.0103667
0.00970923
0.00876844
0.0103305
0.0120654
0.0123771
0.0125996
0.01379
0.0142606
0.0132002
0.0131929
0.0146592
0.0148832
0.0134067
0.012637
0.0133799
0.0139826
0.0135642
0.0061764
0.00850563
0.0103679
0.00982528
0.00895223
0.0103733
0.0120616
0.0124528
0.0126148
0.0136761
0.0142385
0.0132896
0.0131107
0.0144933
0.0149505
0.0135759
0.012576
0.0132366
0.0140975
0.013905
0.0064281
0.00854595
0.0103677
0.00994669
0.00913456
0.0104186
0.0120592
0.0125278
0.0126404
0.0135681
0.0142024
0.0133826
0.0130562
0.0143182
0.0149859
0.0137708
0.0125774
0.0130712
0.0141301
0.014228
0.00668306
0.00859429
0.0103654
0.0100731
0.00931695
0.0104654
0.0120589
0.0125957
0.0126752
0.0134682
0.0141534
0.013475
0.0130307
0.0141471
0.0149833
0.0139822
0.0126631
0.0129221
0.0140769
0.0144712
0.00694058
0.00865188
0.0103613
0.0102031
0.00950137
0.0105129
0.0120599
0.012668
0.0127192
0.0133775
0.0140939
0.0135658
0.0130323
0.0139866
0.0149473
0.0141904
0.012814
0.012808
0.0139468
0.0146091
0.00719991
0.00871983
0.010354
0.0103344
0.00968976
0.0105606
0.012061
0.0127447
0.0127728
0.0132962
0.0140241
0.0136527
0.0130629
0.0138412
0.0148758
0.0143718
0.0130101
0.0127394
0.0137639
0.0146381
0.00746007
0.0087992
0.0103481
0.0104647
0.00988376
0.0106093
0.0120599
0.0128246
0.0128379
0.0132243
0.0139429
0.0137331
0.0131247
0.0137151
0.0147655
0.0145121
0.0132388
0.0127426
0.0135791
0.0145756
0.00772021
0.00889091
0.0103432
0.0105914
0.0100841
0.0106611
0.0120532
0.012907
0.0129186
0.0131625
0.0138497
0.0138034
0.0132162
0.0136117
0.0146233
0.0146019
0.0134829
0.0128262
0.0134313
0.0144542
0.00797955
0.00899533
0.0103416
0.0107126
0.0102905
0.0107188
0.0120386
0.0129881
0.0130176
0.0131131
0.0137449
0.0138567
0.0133325
0.0135414
0.0144627
0.0146341
0.0137219
0.0129827
0.0133461
0.0143052
0.00823718
0.00911281
0.0103453
0.0108264
0.0105012
0.0107863
0.012015
0.013063
0.0131353
0.0130829
0.0136317
0.0138841
0.013466
0.0135141
0.0142979
0.0146117
0.0139333
0.0131922
0.0133357
0.0141611
0.00849239
0.00924349
0.0103565
0.0109311
0.0107141
0.0108677
0.0119837
0.0131243
0.0132681
0.0130866
0.0135166
0.0138803
0.013606
0.0135349
0.0141501
0.0145503
0.0140998
0.0134215
0.0133995
0.014059
0.00874445
0.0093871
0.0103777
0.0110259
0.0109257
0.0109665
0.0119478
0.0131643
0.0134298
0.0131317
0.0134088
0.0138438
0.0137358
0.0136032
0.0140417
0.0144649
0.0142144
0.0136415
0.0135207
0.014029
0.00899265
0.00954318
0.0104112
0.0111103
0.0111324
0.0110853
0.0119125
0.0131765
0.013576
0.0132187
0.0133227
0.0137813
0.0138408
0.0137086
0.0139858
0.01437
0.01428
0.0138409
0.0136749
0.0140664
0.00923627
0.00971102
0.0104594
0.0111848
0.0113303
0.0112249
0.0118845
0.0131583
0.0137096
0.0133443
0.0132734
0.0137032
0.0139114
0.013834
0.013986
0.0142884
0.0143053
0.0140141
0.0138384
0.0141396
0.00947475
0.00988946
0.0105242
0.0112506
0.0115155
0.0113848
0.0118709
0.0131116
0.0138191
0.0135027
0.0132709
0.0136224
0.0139465
0.01396
0.0140343
0.0142423
0.014304
0.0141544
0.0140086
0.0142262
0.00970779
0.0100768
0.010607
0.0113104
0.0116847
0.0115623
0.0118794
0.0130423
0.0138935
0.0136806
0.0133222
0.0135556
0.0139508
0.0140719
0.0141166
0.0142425
0.0142971
0.0142536
0.0141845
0.0143278
0.00993547
0.0102707
0.0107086
0.011368
0.0118342
0.0117524
0.0119175
0.0129615
0.0139244
0.0138587
0.0134264
0.0135201
0.0139332
0.0141597
0.0142186
0.0142876
0.0143089
0.0143131
0.0143461
0.014462
0.0101581
0.0104684
0.010829
0.0114278
0.0119622
0.0119468
0.0119917
0.0128843
0.0139095
0.0140167
0.0135771
0.0135309
0.0139081
0.0142184
0.0143245
0.0143659
0.0143572
0.0143564
0.0144679
0.0146235
0.010376
0.0106677
0.0109666
0.0114942
0.0120693
0.012135
0.0121035
0.0128262
0.0138507
0.0141377
0.0137589
0.0135934
0.0138934
0.014252
0.0144195
0.0144613
0.0144438
0.0144181
0.0145473
0.0147763
0.0105895
0.0108666
0.0111194
0.0115703
0.0121589
0.0123091
0.0122475
0.0128008
0.0137653
0.0142112
0.0139477
0.0137027
0.0139045
0.0142717
0.0144983
0.0145603
0.014551
0.0145187
0.0146167
0.0148894
0.0107992
0.0110633
0.0112839
0.0116586
0.0122359
0.0124652
0.0124106
0.012815
0.0136822
0.0142397
0.014121
0.0138501
0.0139504
0.0142888
0.0145624
0.0146578
0.0146606
0.0146463
0.0147114
0.0149732
0.0110053
0.0112565
0.0114562
0.0117609
0.012306
0.0126022
0.0125805
0.0128683
0.0136174
0.0142323
0.0142619
0.0140198
0.0140353
0.014315
0.0146131
0.0147547
0.0147692
0.0147764
0.014839
0.0150619
0.0112083
0.0114455
0.0116321
0.0118775
0.0123754
0.0127209
0.0127483
0.0129539
0.0135762
0.0142074
0.0143664
0.0141912
0.0141548
0.014364
0.014653
0.0148453
0.0148857
0.0149003
0.0149791
0.0151745
0.0114081
0.0116299
0.0118083
0.0120071
0.0124488
0.0128239
0.0129082
0.0130643
0.0135773
0.0141831
0.0144406
0.0143485
0.0142964
0.014445
0.0146957
0.0149186
0.0150079
0.0150277
0.0151168
0.0153072
0.0116043
0.0118096
0.0119823
0.0121472
0.0125294
0.0129156
0.0130559
0.0131902
0.0136083
0.0141699
0.0144924
0.014487
0.014445
0.014553
0.0147586
0.0149773
0.0151194
0.0151638
0.0152522
0.0154459
0.0117967
0.0119849
0.0121523
0.0122945
0.012619
0.0130002
0.0131904
0.0133235
0.013678
0.0141755
0.0145312
0.0146078
0.0145928
0.0146748
0.0148476
0.015042
0.0152115
0.0152984
0.01539
0.0155843
0.0119845
0.0121558
0.012317
0.0124456
0.0127182
0.013081
0.0133111
0.0134569
0.0137606
0.0142012
0.0145656
0.0147113
0.0147381
0.0148035
0.0149513
0.0151268
0.0152967
0.0154196
0.0155281
0.0157218
0.0121672
0.0123223
0.0124757
0.0125967
0.012826
0.0131622
0.0134191
0.0135857
0.0138582
0.0142468
0.0146044
0.0148001
0.0148766
0.0149413
0.0150633
0.0152274
0.0153909
0.0155307
0.015661
0.0158564
0.0123438
0.0124839
0.0126282
0.0127449
0.0129399
0.0132455
0.0135169
0.0137071
0.0139623
0.0143088
0.0146545
0.0148814
0.0150014
0.0150858
0.0151877
0.015336
0.0154984
0.0156431
0.015789
0.015988
0.0125135
0.0126403
0.0127738
0.0128882
0.0130575
0.0133309
0.0136057
0.0138198
0.0140686
0.0143821
0.0147161
0.0149649
0.0151129
0.015227
0.0153282
0.0154546
0.0156153
0.0157631
0.0159161
0.0161184
0.0126753
0.0127908
0.0129124
0.0130241
0.0131757
0.0134193
0.013687
0.0139203
0.0141749
0.0144621
0.0147841
0.0150547
0.015222
0.0153588
0.0154793
0.0155911
0.0157407
0.0158923
0.016048
0.016251
0.0128278
0.0129344
0.0130439
0.0131515
0.01329
0.0135084
0.0137641
0.014006
0.0142713
0.0145479
0.0148582
0.0151472
0.0153375
0.0154882
0.015636
0.0157522
0.015885
0.0160341
0.0161891
0.0163878
0.0129702
0.0130699
0.0131682
0.0132698
0.0133977
0.013593
0.0138365
0.0140815
0.014351
0.0146262
0.0149345
0.015238
0.0154602
0.0156312
0.0158062
0.0159481
0.0160746
0.01622
0.0163739
0.0165655
0.0131006
0.0131957
0.0132835
0.0133769
0.0134977
0.0136736
0.0138973
0.0141367
0.0144059
0.0146748
0.0149808
0.0152894
0.0155378
0.0157345
0.0159262
0.0161006
0.0162481
0.0164074
0.0165949
0.0168152
0.0132211
0.0133111
0.0133869
0.0134687
0.0135827
0.0137536
0.013977
0.0142332
0.0145169
0.0148085
0.0151425
0.0154857
0.0157731
0.0160084
0.0162014
0.0163509
0.0164367
0.0164937
0.0165757
0.0167011
0.0133287
0.0134181
0.0134835
0.0135513
0.0136397
0.0137746
0.0139656
0.0141297
0.0143566
0.014608
0.0149386
0.0153511
0.0157714
0.0161681
0.0165265
0.0168558
0.017185
0.0175144
0.0178539
0.0181497
0.0134148
0.0134963
0.013565
0.0136401
0.0137478
0.0138851
0.0140991
0.0143453
0.0146273
0.0149394
0.0152937
0.0156741
0.0159981
0.0162743
0.016514
0.0166774
0.016781
0.0168242
0.0168574
0.0169259
0.0134952
0.0135777
0.0136196
0.0136538
0.0137045
0.0137956
0.0139276
0.0141851
0.0145299
0.0149161
0.0152862
0.0156695
0.0160466
0.0163737
0.0167375
0.0171226
0.0175117
0.0178712
0.0181794
0.0184182
0.0135529
0.013644
0.013706
0.0137746
0.0138734
0.0139905
0.0141537
0.0143207
0.0144934
0.0147718
0.0151509
0.0156021
0.0161211
0.0165799
0.016968
0.0173066
0.0175913
0.0178193
0.0179845
0.0180893
0.0136721
0.0121433
0.00720716
0.00351501
0.00368705
0.00596489
0.00838441
0.0101944
0.0113029
0.0119678
0.0125186
0.013092
0.0136703
0.0142423
0.0149435
0.0158202
0.0166223
0.017252
0.0178417
0.0184579
0.0191482
0.0198934
0.0205345
0.0210804
0.021701
0.0224259
0.0231893
0.0239469
0.0246871
0.0254047
0.0261109
0.0268625
0.0276147
0.0282357
0.0287623
0.0293868
0.030109
0.030798
0.031483
0.0322469
0.0330234
0.0337701
0.0345547
0.0353759
0.036159
0.0369993
0.0379563
0.0388591
0.039638
0.0403444
0.0408084
0.0409778
0.0415716
0.0430781
0.0446181
0.0456814
0.0466466
0.0476747
0.0486275
0.0494883
0.050327
0.05128
0.0523681
0.0534875
0.0546147
0.0557749
0.0568993
0.0580366
0.0592431
0.0603663
0.0614825
0.0627176
0.0640549
0.0653701
0.0667278
0.0681026
0.0695014
0.0708992
0.0723081
0.0737721
0.0752638
0.076815
0.0783871
0.0799928
0.0815426
0.0831803
0.0848306
0.0865388
0.0883205
0.0900513
0.0918517
0.0936529
0.0954661
0.0973763
0.0992361
0.101189
0.103135
0.105016
0.106895
0.108635
0.0135622
0.0120812
0.00731138
0.0036556
0.0037702
0.00600795
0.00841518
0.0102186
0.0113212
0.0119813
0.0125287
0.0131
0.0136768
0.0142474
0.0149475
0.015824
0.0166262
0.0172555
0.0178447
0.0184606
0.0191505
0.0198956
0.0205367
0.0210823
0.0217026
0.0224274
0.0231907
0.0239482
0.0246883
0.0254058
0.0261119
0.0268635
0.0276158
0.0282368
0.0287632
0.0293876
0.0301099
0.030799
0.0314839
0.0322477
0.0330244
0.033771
0.0345554
0.0353767
0.0361597
0.0369999
0.0379569
0.0388598
0.0396386
0.0403451
0.0408094
0.0409784
0.0415716
0.0430784
0.0446187
0.0456819
0.0466469
0.0476751
0.048628
0.0494887
0.0503273
0.0512803
0.0523684
0.0534878
0.054615
0.0557752
0.0568995
0.0580368
0.0592433
0.0603666
0.0614827
0.0627178
0.064055
0.0653703
0.066728
0.0681027
0.0695015
0.0708993
0.0723083
0.0737722
0.0752639
0.0768151
0.0783872
0.0799929
0.0815427
0.0831804
0.0848307
0.0865389
0.0883206
0.0900514
0.0918518
0.093653
0.0954662
0.0973764
0.0992362
0.101189
0.103136
0.105016
0.106895
0.108636
0.0132995
0.0119524
0.00751712
0.00393879
0.00392097
0.00605947
0.00843405
0.0102334
0.011337
0.0119968
0.0125423
0.013111
0.0136853
0.0142538
0.0149522
0.0158279
0.0166297
0.0172586
0.0178476
0.0184631
0.0191527
0.0198977
0.0205386
0.0210838
0.021704
0.0224287
0.023192
0.0239494
0.0246895
0.0254069
0.0261128
0.0268644
0.0276168
0.0282378
0.0287639
0.0293882
0.0301107
0.0307998
0.0314845
0.0322484
0.0330251
0.0337717
0.034556
0.0353774
0.0361603
0.0370004
0.0379575
0.0388604
0.0396392
0.0403459
0.0408102
0.0409786
0.0415711
0.0430785
0.0446195
0.0456824
0.0466472
0.0476755
0.0486284
0.0494891
0.0503276
0.0512805
0.0523686
0.053488
0.0546152
0.0557754
0.0568997
0.058037
0.0592435
0.0603668
0.0614828
0.0627179
0.0640552
0.0653704
0.0667281
0.0681029
0.0695017
0.0708995
0.0723084
0.0737723
0.075264
0.0768152
0.0783874
0.079993
0.0815428
0.0831805
0.0848308
0.0865389
0.0883207
0.0900515
0.0918519
0.0936531
0.0954663
0.0973765
0.0992363
0.101189
0.103136
0.105016
0.106895
0.108636
0.0130318
0.0118518
0.00779764
0.00430574
0.00412768
0.00612786
0.00845697
0.0102507
0.0113561
0.0120169
0.0125613
0.0131274
0.0136995
0.0142658
0.0149612
0.015834
0.016634
0.0172624
0.0178518
0.0184674
0.0191563
0.0199005
0.0205408
0.0210857
0.0217058
0.0224303
0.0231936
0.023951
0.0246908
0.0254081
0.0261139
0.0268655
0.027618
0.0282388
0.0287645
0.0293888
0.0301115
0.0308005
0.031485
0.032249
0.0330259
0.0337724
0.0345567
0.035378
0.0361609
0.0370008
0.0379582
0.0388612
0.0396399
0.0403467
0.0408112
0.0409787
0.0415702
0.0430788
0.0446206
0.0456829
0.0466475
0.047676
0.0486288
0.0494894
0.0503278
0.0512806
0.0523688
0.0534883
0.0546155
0.0557757
0.0568999
0.0580371
0.0592438
0.060367
0.0614829
0.062718
0.0640553
0.0653706
0.0667283
0.068103
0.0695018
0.0708996
0.0723085
0.0737724
0.0752641
0.0768153
0.0783875
0.0799932
0.0815429
0.0831806
0.0848309
0.086539
0.0883208
0.0900516
0.091852
0.0936532
0.0954664
0.0973765
0.0992364
0.101189
0.103136
0.105016
0.106896
0.108636
0.0127979
0.0117699
0.00809101
0.00469903
0.00435881
0.00620613
0.00848181
0.0102692
0.0113776
0.0120411
0.0125856
0.0131497
0.0137201
0.014285
0.0149764
0.0158437
0.0166398
0.0172673
0.0178579
0.0184745
0.0191624
0.0199047
0.0205438
0.0210885
0.0217083
0.0224325
0.0231956
0.0239529
0.0246925
0.0254095
0.0261154
0.026867
0.0276195
0.0282399
0.028765
0.0293894
0.0301124
0.0308012
0.0314854
0.0322496
0.0330267
0.0337731
0.0345573
0.0353787
0.0361616
0.0370015
0.037959
0.0388621
0.0396407
0.0403478
0.0408124
0.0409786
0.041569
0.0430791
0.044622
0.0456835
0.0466477
0.0476765
0.0486294
0.0494898
0.050328
0.0512808
0.0523691
0.0534886
0.0546157
0.055776
0.0569002
0.0580373
0.0592441
0.0603673
0.061483
0.0627181
0.0640555
0.0653708
0.0667284
0.0681032
0.069502
0.0708998
0.0723086
0.0737726
0.0752642
0.0768154
0.0783876
0.0799933
0.081543
0.0831807
0.084831
0.0865391
0.0883209
0.0900517
0.0918521
0.0936533
0.0954664
0.0973766
0.0992365
0.101189
0.103136
0.105016
0.106896
0.108637
0.0125803
0.0116688
0.00837649
0.00510929
0.00460981
0.00629257
0.00850745
0.0102879
0.0114007
0.0120675
0.0126125
0.013175
0.0137453
0.0143102
0.0149973
0.015857
0.0166476
0.017274
0.0178664
0.0184846
0.0191714
0.0199107
0.0205482
0.0210928
0.0217123
0.0224355
0.0231982
0.0239551
0.0246943
0.0254111
0.0261172
0.026869
0.0276213
0.0282412
0.0287658
0.0293903
0.0301136
0.030802
0.0314857
0.0322499
0.0330274
0.0337739
0.0345578
0.0353793
0.0361623
0.0370023
0.03796
0.0388632
0.0396417
0.040349
0.0408136
0.0409783
0.0415676
0.0430797
0.0446236
0.0456841
0.046648
0.0476771
0.04863
0.0494903
0.0503283
0.051281
0.0523694
0.0534889
0.0546161
0.0557763
0.0569005
0.0580376
0.0592444
0.0603676
0.0614831
0.0627182
0.0640557
0.0653709
0.0667286
0.0681034
0.0695021
0.0708999
0.0723088
0.0737727
0.0752644
0.0768156
0.0783877
0.0799935
0.0815432
0.0831808
0.0848312
0.0865392
0.0883211
0.0900518
0.0918522
0.0936534
0.0954665
0.0973767
0.0992366
0.101189
0.103136
0.105016
0.106896
0.108638
0.0123659
0.0115485
0.00865996
0.00553814
0.00488033
0.00638694
0.00853354
0.0103067
0.0114254
0.0120956
0.0126407
0.0132015
0.0137724
0.0143388
0.0150217
0.0158728
0.0166572
0.0172823
0.0178772
0.0184976
0.0191828
0.0199184
0.0205541
0.0210992
0.0217181
0.0224396
0.0232014
0.0239578
0.0246961
0.0254125
0.026119
0.0268711
0.0276232
0.0282425
0.0287668
0.0293917
0.0301152
0.0308031
0.031486
0.0322503
0.0330283
0.0337747
0.0345581
0.0353794
0.0361628
0.0370031
0.0379611
0.0388644
0.0396429
0.0403506
0.040815
0.0409781
0.0415661
0.0430804
0.0446253
0.0456846
0.0466483
0.0476779
0.0486308
0.0494908
0.0503287
0.0512813
0.0523697
0.0534894
0.0546165
0.0557768
0.0569009
0.0580379
0.0592448
0.0603679
0.0614833
0.0627184
0.064056
0.0653712
0.0667288
0.0681036
0.0695023
0.0709001
0.0723089
0.0737728
0.0752645
0.0768157
0.0783879
0.0799937
0.0815433
0.0831809
0.0848313
0.0865393
0.0883212
0.0900519
0.0918523
0.0936536
0.0954666
0.0973769
0.0992367
0.10119
0.103136
0.105017
0.106897
0.108639
0.0121648
0.011422
0.00894041
0.00597939
0.00516767
0.00648908
0.00856022
0.0103253
0.0114513
0.0121255
0.0126702
0.0132291
0.0138007
0.0143691
0.015048
0.0158901
0.016668
0.0172922
0.0178897
0.0185126
0.019196
0.0199272
0.0205612
0.0211075
0.0217259
0.022445
0.0232054
0.0239609
0.024698
0.0254138
0.0261207
0.026873
0.0276247
0.0282436
0.028768
0.0293935
0.0301175
0.0308048
0.0314868
0.0322509
0.0330294
0.0337759
0.0345583
0.0353791
0.036163
0.0370037
0.0379619
0.0388655
0.0396444
0.0403525
0.0408168
0.0409782
0.0415649
0.0430814
0.0446271
0.0456849
0.0466484
0.0476787
0.0486316
0.0494914
0.0503291
0.0512817
0.0523702
0.0534899
0.054617
0.0557773
0.0569014
0.0580383
0.0592453
0.0603684
0.0614836
0.0627186
0.0640563
0.0653714
0.066729
0.0681038
0.0695026
0.0709003
0.072309
0.073773
0.0752646
0.0768158
0.0783881
0.0799939
0.0815434
0.0831811
0.0848314
0.0865394
0.0883214
0.0900521
0.0918524
0.0936537
0.0954667
0.097377
0.0992368
0.10119
0.103136
0.105017
0.106897
0.10864
0.0119886
0.0112929
0.00920717
0.00642402
0.00546943
0.00660013
0.0085884
0.0103435
0.0114782
0.012157
0.0127014
0.0132581
0.0138302
0.0144005
0.0150757
0.0159086
0.0166799
0.017303
0.0179034
0.0185288
0.0192102
0.0199367
0.0205689
0.021117
0.0217354
0.0224519
0.0232103
0.0239645
0.0247
0.025415
0.0261222
0.0268745
0.0276254
0.028244
0.0287688
0.0293956
0.0301201
0.0308071
0.0314881
0.0322519
0.033031
0.0337777
0.034559
0.0353787
0.0361627
0.0370039
0.0379622
0.038866
0.0396455
0.0403546
0.0408189
0.0409789
0.0415642
0.0430831
0.0446291
0.0456848
0.0466483
0.0476794
0.0486323
0.0494921
0.0503296
0.0512822
0.0523707
0.0534905
0.0546177
0.055778
0.056902
0.0580389
0.059246
0.0603689
0.0614839
0.062719
0.0640567
0.0653717
0.0667293
0.0681042
0.0695029
0.0709006
0.0723092
0.0737732
0.0752648
0.076816
0.0783883
0.0799941
0.0815435
0.0831812
0.0848316
0.0865395
0.0883215
0.0900522
0.0918526
0.0936539
0.0954668
0.0973771
0.099237
0.10119
0.103137
0.105017
0.106898
0.108641
0.0118425
0.0111621
0.00945133
0.00686507
0.00578425
0.0067216
0.00861905
0.0103612
0.0115056
0.0121903
0.0127346
0.0132889
0.0138608
0.014433
0.0151045
0.0159283
0.0166928
0.0173145
0.0179177
0.0185459
0.0192252
0.0199467
0.020577
0.0211272
0.0217459
0.0224598
0.0232158
0.0239686
0.0247022
0.0254161
0.0261236
0.0268756
0.0276253
0.0282433
0.0287691
0.0293977
0.030123
0.0308097
0.0314898
0.0322534
0.0330331
0.0337801
0.0345602
0.0353787
0.0361624
0.0370034
0.0379615
0.0388655
0.0396458
0.040356
0.0408208
0.04098
0.0415646
0.0430861
0.0446316
0.0456844
0.0466477
0.0476798
0.0486329
0.0494926
0.0503303
0.0512828
0.0523713
0.0534911
0.0546184
0.0557787
0.0569026
0.0580396
0.0592467
0.0603696
0.0614845
0.0627195
0.0640572
0.0653722
0.0667297
0.0681046
0.0695032
0.0709009
0.0723094
0.0737734
0.075265
0.0768162
0.0783885
0.0799943
0.0815436
0.0831813
0.0848318
0.0865396
0.0883217
0.0900524
0.0918527
0.093654
0.0954669
0.0973773
0.0992371
0.10119
0.103137
0.105018
0.106899
0.108643
0.0117288
0.0110331
0.00966828
0.00729786
0.00611081
0.00685444
0.0086528
0.0103783
0.0115335
0.0122257
0.0127702
0.0133216
0.0138929
0.0144665
0.0151345
0.0159491
0.0167065
0.0173265
0.0179324
0.0185633
0.0192406
0.0199569
0.0205853
0.0211379
0.0217574
0.0224686
0.0232221
0.0239731
0.0247047
0.0254173
0.0261248
0.0268763
0.0276243
0.0282417
0.0287687
0.0293996
0.030126
0.0308123
0.0314918
0.0322555
0.0330358
0.0337829
0.0345619
0.0353792
0.0361623
0.0370024
0.0379598
0.0388638
0.0396449
0.040356
0.0408214
0.0409807
0.0415657
0.0430908
0.0446354
0.0456841
0.0466466
0.0476796
0.0486329
0.0494929
0.0503309
0.0512836
0.052372
0.0534919
0.0546192
0.0557794
0.0569033
0.0580404
0.0592476
0.0603703
0.0614853
0.0627203
0.064058
0.0653728
0.0667303
0.0681052
0.0695037
0.0709012
0.0723097
0.0737736
0.0752652
0.0768164
0.0783888
0.0799945
0.0815437
0.0831815
0.084832
0.0865397
0.0883219
0.0900526
0.0918529
0.0936542
0.0954671
0.0973775
0.0992374
0.10119
0.103138
0.105019
0.1069
0.108645
0.0116495
0.0109121
0.00985691
0.00771888
0.00644697
0.00699904
0.00869048
0.0103951
0.0115622
0.012264
0.0128087
0.0133563
0.0139263
0.0145012
0.0151656
0.0159711
0.0167212
0.017339
0.0179473
0.018581
0.0192562
0.0199673
0.0205938
0.0211491
0.0217697
0.0224785
0.0232291
0.0239782
0.0247075
0.0254184
0.0261259
0.0268766
0.0276227
0.0282392
0.0287676
0.0294013
0.030129
0.0308149
0.0314938
0.032258
0.0330389
0.033786
0.0345639
0.0353802
0.0361625
0.0370009
0.037957
0.038861
0.0396428
0.0403545
0.04082
0.0409795
0.0415663
0.0430971
0.044641
0.0456844
0.0466451
0.0476788
0.0486322
0.0494926
0.0503314
0.0512845
0.0523729
0.0534927
0.05462
0.05578
0.0569039
0.0580412
0.0592484
0.0603712
0.0614862
0.0627213
0.0640588
0.0653736
0.0667311
0.0681059
0.0695044
0.0709018
0.0723101
0.0737739
0.0752654
0.0768167
0.0783891
0.0799948
0.0815439
0.0831816
0.0848322
0.0865398
0.088322
0.0900528
0.091853
0.0936544
0.0954673
0.0973776
0.0992376
0.10119
0.103138
0.105019
0.106901
0.108648
0.0116052
0.0108053
0.0100176
0.00812467
0.00679047
0.00715631
0.00873377
0.0104122
0.0115915
0.0123052
0.0128504
0.0133934
0.0139613
0.014537
0.0151979
0.0159944
0.016737
0.0173522
0.0179623
0.0185988
0.0192719
0.0199778
0.0206026
0.021161
0.0217831
0.0224897
0.023237
0.0239837
0.0247106
0.0254197
0.0261268
0.0268765
0.0276203
0.0282359
0.028766
0.0294029
0.0301322
0.0308174
0.0314956
0.0322605
0.0330424
0.0337892
0.034566
0.0353815
0.0361628
0.0369989
0.037953
0.0388569
0.0396395
0.0403514
0.0408162
0.0409755
0.0415645
0.0431037
0.0446482
0.0456853
0.0466432
0.0476771
0.0486305
0.0494913
0.0503313
0.0512853
0.0523739
0.0534938
0.054621
0.0557807
0.0569044
0.058042
0.0592491
0.0603719
0.0614873
0.0627224
0.0640599
0.0653746
0.0667321
0.0681069
0.0695053
0.0709025
0.0723107
0.0737743
0.0752656
0.0768169
0.0783894
0.0799952
0.0815441
0.0831819
0.0848324
0.0865399
0.0883222
0.090053
0.0918532
0.0936546
0.0954674
0.0973778
0.0992379
0.10119
0.103139
0.105021
0.106903
0.10865
0.0115946
0.0107176
0.0101507
0.00851221
0.00714027
0.00732806
0.0087846
0.0104302
0.0116211
0.0123491
0.0128958
0.0134331
0.0139979
0.0145741
0.0152318
0.0160194
0.0167542
0.0173663
0.0179777
0.0186166
0.0192879
0.0199886
0.0206119
0.0211735
0.0217978
0.0225024
0.0232458
0.0239897
0.024714
0.0254211
0.0261276
0.0268761
0.0276174
0.028232
0.0287641
0.0294043
0.0301356
0.0308199
0.0314972
0.0322631
0.0330463
0.0337926
0.0345679
0.0353826
0.0361632
0.0369963
0.0379477
0.0388516
0.0396351
0.0403471
0.0408103
0.0409679
0.0415586
0.0431084
0.0446559
0.0456868
0.0466409
0.0476746
0.0486277
0.0494891
0.0503305
0.0512858
0.052375
0.0534951
0.0546222
0.0557814
0.0569049
0.0580426
0.0592496
0.0603724
0.0614883
0.0627237
0.0640611
0.0653757
0.0667333
0.0681081
0.0695063
0.0709035
0.0723116
0.073775
0.0752659
0.0768171
0.0783897
0.0799956
0.0815445
0.0831822
0.0848326
0.0865399
0.0883222
0.0900531
0.0918534
0.0936548
0.0954677
0.0973779
0.0992382
0.101191
0.103139
0.105022
0.106905
0.108653
0.0116138
0.0106518
0.0102571
0.00887951
0.00749638
0.00751618
0.00884454
0.0104496
0.01165
0.0123951
0.012945
0.0134757
0.0140362
0.0146127
0.0152674
0.0160462
0.016773
0.0173819
0.017994
0.0186348
0.0193044
0.0200002
0.0206219
0.0211868
0.0218136
0.0225167
0.0232557
0.0239959
0.0247176
0.0254229
0.0261284
0.0268756
0.027614
0.0282276
0.0287621
0.0294056
0.0301391
0.0308225
0.0314986
0.0322655
0.0330506
0.033796
0.0345695
0.0353832
0.0361633
0.0369931
0.037941
0.0388447
0.0396293
0.0403415
0.0408026
0.0409575
0.0415478
0.0431091
0.0446626
0.0456885
0.0466381
0.047671
0.0486239
0.049486
0.0503292
0.0512859
0.052376
0.0534965
0.0546235
0.0557821
0.0569054
0.0580433
0.0592499
0.0603726
0.0614891
0.062725
0.0640623
0.0653769
0.0667347
0.0681096
0.0695075
0.0709045
0.0723126
0.0737759
0.0752665
0.0768173
0.0783899
0.0799959
0.0815449
0.0831827
0.084833
0.0865399
0.0883222
0.0900532
0.0918535
0.093655
0.0954679
0.097378
0.0992386
0.101191
0.10314
0.105023
0.106907
0.108656
0.011657
0.0106099
0.0103387
0.00922518
0.00785852
0.00772198
0.0089151
0.0104712
0.0116778
0.0124422
0.0129975
0.0135214
0.0140764
0.0146528
0.015305
0.0160751
0.0167938
0.0173995
0.0180117
0.0186536
0.0193216
0.0200127
0.0206328
0.0212007
0.0218304
0.0225322
0.0232664
0.0240025
0.0247215
0.0254252
0.0261295
0.026875
0.0276104
0.028223
0.0287603
0.029407
0.0301429
0.0308252
0.0314999
0.0322678
0.0330551
0.0337996
0.0345707
0.0353834
0.0361633
0.0369896
0.037933
0.0388364
0.039622
0.0403346
0.0407939
0.0409451
0.0415328
0.0431046
0.0446669
0.0456902
0.0466349
0.0476664
0.0486189
0.0494793
0.0503275
0.051286
0.052377
0.053498
0.054625
0.055783
0.0569059
0.0580441
0.0592503
0.0603726
0.0614897
0.0627261
0.0640635
0.0653781
0.0667361
0.0681112
0.0695089
0.0709056
0.0723138
0.0737771
0.0752672
0.0768175
0.07839
0.0799961
0.0815453
0.0831833
0.0848335
0.0865399
0.0883221
0.0900533
0.0918536
0.0936552
0.0954681
0.0973781
0.099239
0.101191
0.10314
0.105025
0.106909
0.10866
0.0117175
0.0105941
0.0103993
0.00954744
0.00822565
0.00794625
0.008998
0.0104963
0.0117043
0.0124891
0.013053
0.0135705
0.0141187
0.0146945
0.0153446
0.0161063
0.0168165
0.0174191
0.0180312
0.0186732
0.0193396
0.0200264
0.0206448
0.0212153
0.0218479
0.0225487
0.0232778
0.0240092
0.0247257
0.0254279
0.0261309
0.0268745
0.0276068
0.0282184
0.0287588
0.0294086
0.0301468
0.030828
0.0315011
0.0322698
0.0330597
0.0338033
0.0345716
0.035383
0.0361631
0.036986
0.0379242
0.0388268
0.0396134
0.0403262
0.0407845
0.0409321
0.0415151
0.0430949
0.0446679
0.0456918
0.0466315
0.0476609
0.048613
0.0494749
0.0503258
0.0512861
0.0523781
0.0534994
0.0546264
0.0557839
0.0569064
0.0580448
0.0592507
0.0603726
0.0614902
0.0627272
0.0640646
0.0653791
0.0667374
0.0681128
0.0695104
0.0709067
0.072315
0.0737785
0.0752682
0.0768178
0.0783899
0.0799961
0.0815457
0.0831841
0.0848342
0.0865401
0.0883219
0.0900532
0.0918536
0.0936553
0.0954684
0.0973782
0.0992394
0.101191
0.103141
0.105027
0.106911
0.108663
0.011789
0.0106071
0.0104432
0.0098441
0.00859638
0.00818958
0.00909505
0.0105265
0.0117297
0.0125351
0.0131107
0.013623
0.0141635
0.0147378
0.0153862
0.0161397
0.0168411
0.0174407
0.0180525
0.018694
0.0193586
0.0200412
0.0206579
0.0212307
0.021866
0.0225658
0.0232898
0.0240162
0.0247302
0.0254312
0.0261328
0.0268743
0.0276034
0.0282142
0.0287578
0.0294106
0.030151
0.0308311
0.0315022
0.0322716
0.0330644
0.0338072
0.0345724
0.0353822
0.0361628
0.0369824
0.0379152
0.0388161
0.0396036
0.0403164
0.0407748
0.0409201
0.0414978
0.0430811
0.0446657
0.0456934
0.0466286
0.0476548
0.0486064
0.0494704
0.0503244
0.0512867
0.0523793
0.0535008
0.0546278
0.0557848
0.056907
0.0580456
0.0592512
0.0603728
0.0614909
0.0627282
0.0640656
0.06538
0.0667385
0.0681144
0.069512
0.0709077
0.0723162
0.0737799
0.0752694
0.0768183
0.0783897
0.0799959
0.081546
0.083185
0.0848351
0.0865403
0.0883217
0.0900531
0.0918536
0.0936554
0.0954686
0.0973783
0.0992399
0.101191
0.103142
0.105028
0.106914
0.108667
0.0118653
0.0106505
0.0104755
0.010113
0.00896868
0.00845173
0.00920776
0.0105636
0.0117552
0.0125798
0.0131701
0.013679
0.0142111
0.014783
0.0154296
0.016175
0.0168673
0.0174636
0.0180751
0.0187161
0.0193787
0.0200571
0.0206719
0.021247
0.0218848
0.0225834
0.0233022
0.0240236
0.0247353
0.0254352
0.0261352
0.0268743
0.0276003
0.0282106
0.0287576
0.0294131
0.0301554
0.0308344
0.0315035
0.0322732
0.0330687
0.0338114
0.0345734
0.0353812
0.0361628
0.0369802
0.0379066
0.0388046
0.0395929
0.0403056
0.0407654
0.0408726
0.0414847
0.0430657
0.0446608
0.0456954
0.0466266
0.0476485
0.0485996
0.0494662
0.0503238
0.0512882
0.0523809
0.0535022
0.0546289
0.0557857
0.0569076
0.0580462
0.0592516
0.0603731
0.0614919
0.0627295
0.0640667
0.0653808
0.0667395
0.0681158
0.0695135
0.0709088
0.0723173
0.0737814
0.0752707
0.0768189
0.0783894
0.0799954
0.0815462
0.0831859
0.0848361
0.0865406
0.0883214
0.0900529
0.0918534
0.0936555
0.0954689
0.0973784
0.0992404
0.101191
0.103143
0.10503
0.106916
0.108671
0.0119403
0.0107245
0.0105023
0.0103526
0.00933916
0.00873136
0.0093374
0.0106099
0.0117824
0.012623
0.0132299
0.013738
0.0142618
0.0148303
0.0154749
0.0162123
0.0168951
0.0174876
0.0180986
0.0187396
0.0194003
0.020074
0.0206869
0.0212641
0.0219043
0.0226014
0.023315
0.0240315
0.024741
0.0254397
0.0261382
0.0268746
0.0275975
0.0282078
0.0287584
0.0294163
0.03016
0.0308382
0.0315051
0.0322748
0.0330726
0.0338159
0.0345749
0.0353806
0.0361633
0.0369794
0.0378988
0.0387928
0.0395814
0.040294
0.0407576
0.0408718
0.0414793
0.0430519
0.0446541
0.0456976
0.0466257
0.0476424
0.0485929
0.0494627
0.0503244
0.0512907
0.0523831
0.0535036
0.0546299
0.0557864
0.0569083
0.0580467
0.0592517
0.0603737
0.0614936
0.0627312
0.0640679
0.0653817
0.0667404
0.0681169
0.0695148
0.0709099
0.0723185
0.0737828
0.0752721
0.0768195
0.0783891
0.0799947
0.0815462
0.0831868
0.0848372
0.0865411
0.0883211
0.0900526
0.0918533
0.0936555
0.0954691
0.0973784
0.099241
0.101191
0.103143
0.105032
0.106919
0.108676
0.0120078
0.010828
0.0105308
0.0105615
0.00970326
0.00902678
0.00948498
0.0106673
0.0118133
0.0126649
0.0132894
0.0137996
0.0143159
0.0148803
0.0155223
0.0162516
0.0169245
0.0175124
0.0181229
0.0187646
0.0194235
0.0200918
0.0207025
0.0212821
0.0219246
0.0226198
0.0233282
0.0240401
0.0247474
0.0254447
0.0261417
0.0268754
0.0275951
0.028206
0.0287602
0.0294201
0.0301647
0.0308425
0.0315076
0.0322767
0.0330758
0.0338204
0.034577
0.0353804
0.0361643
0.0369797
0.0378922
0.0387812
0.0395694
0.0402818
0.0407519
0.0408796
0.0414851
0.0430428
0.0446466
0.0456998
0.0466259
0.0476366
0.0485865
0.04946
0.0503262
0.0512945
0.0523858
0.0535051
0.0546306
0.0557869
0.056909
0.0580471
0.0592515
0.0603744
0.0614962
0.0627337
0.0640694
0.0653828
0.0667414
0.0681177
0.0695159
0.0709109
0.0723197
0.0737841
0.0752736
0.0768202
0.0783888
0.0799938
0.0815462
0.0831876
0.0848383
0.0865416
0.0883208
0.0900522
0.0918531
0.0936555
0.0954694
0.0973784
0.0992415
0.101191
0.103144
0.105035
0.106922
0.10868
0.0120629
0.0109581
0.0105682
0.0107391
0.010056
0.00933625
0.00965044
0.0107369
0.0118495
0.0127063
0.013348
0.0138631
0.0143733
0.0149331
0.0155721
0.0162931
0.0169557
0.0175381
0.018148
0.0187913
0.0194484
0.0201107
0.0207187
0.021301
0.0219458
0.0226387
0.0233417
0.0240493
0.0247544
0.0254502
0.0261456
0.0268765
0.0275932
0.0282052
0.0287632
0.0294248
0.0301695
0.0308475
0.0315112
0.032279
0.0330786
0.033825
0.0345798
0.0353808
0.0361658
0.0369809
0.0378866
0.03877
0.0395573
0.0402692
0.0407485
0.0408968
0.0415042
0.0430409
0.0446389
0.0457011
0.0466267
0.0476312
0.0485804
0.0494581
0.0503293
0.0512995
0.0523892
0.0535068
0.0546313
0.0557871
0.0569096
0.0580475
0.059251
0.0603753
0.0614995
0.0627368
0.0640712
0.065384
0.0667424
0.0681185
0.0695166
0.0709118
0.0723211
0.0737855
0.0752751
0.0768209
0.0783886
0.0799928
0.0815462
0.0831885
0.0848395
0.0865422
0.0883205
0.0900518
0.0918529
0.0936555
0.0954697
0.0973785
0.0992421
0.101192
0.103145
0.105037
0.106925
0.108684
0.012102
0.0111089
0.0106217
0.0108866
0.0103927
0.00965746
0.00983274
0.0108192
0.0118933
0.0127487
0.0134053
0.0139278
0.0144336
0.0149888
0.015625
0.0163374
0.0169889
0.0175648
0.0181739
0.0188195
0.0194751
0.0201307
0.0207354
0.0213206
0.0219681
0.0226582
0.0233556
0.0240592
0.0247623
0.0254561
0.0261499
0.0268781
0.027592
0.0282054
0.0287677
0.0294305
0.0301744
0.0308534
0.0315164
0.0322819
0.0330811
0.0338295
0.0345832
0.0353818
0.0361677
0.0369828
0.0378821
0.0387592
0.0395453
0.0402567
0.0407474
0.0409235
0.0415371
0.0430472
0.0446312
0.0457006
0.0466273
0.0476258
0.0485747
0.0494571
0.0503333
0.0513055
0.0523932
0.0535088
0.0546321
0.0557871
0.0569102
0.0580478
0.0592502
0.0603764
0.0615036
0.0627406
0.0640734
0.0653856
0.0667436
0.0681192
0.0695172
0.0709127
0.0723225
0.0737869
0.0752767
0.0768218
0.0783885
0.0799917
0.0815464
0.0831893
0.0848407
0.0865429
0.0883203
0.0900513
0.0918527
0.0936556
0.09547
0.0973786
0.0992427
0.101192
0.103146
0.105039
0.106928
0.108689
0.0121228
0.0112713
0.0106975
0.0110084
0.0107082
0.00998745
0.0100308
0.0109143
0.0119465
0.0127939
0.0134613
0.0139927
0.0144962
0.0150474
0.0156812
0.0163851
0.0170242
0.0175925
0.0182009
0.0188492
0.0195035
0.0201518
0.0207528
0.021341
0.0219914
0.0226784
0.0233698
0.0240699
0.0247708
0.0254624
0.0261546
0.0268801
0.0275913
0.0282067
0.0287734
0.0294373
0.0301798
0.0308601
0.0315231
0.0322856
0.0330833
0.0338339
0.0345871
0.0353831
0.0361697
0.0369851
0.0378783
0.038749
0.0395333
0.0402447
0.0407483
0.0409583
0.0415824
0.0430611
0.0446233
0.045698
0.0466273
0.0476205
0.0485692
0.0494566
0.0503382
0.0513123
0.0523977
0.053511
0.054633
0.0557868
0.0569108
0.0580482
0.0592493
0.0603777
0.0615083
0.062745
0.0640758
0.0653874
0.066745
0.0681199
0.0695176
0.0709137
0.072324
0.0737884
0.0752785
0.0768229
0.0783885
0.0799906
0.0815467
0.0831902
0.084842
0.0865436
0.0883202
0.0900509
0.0918525
0.0936556
0.0954704
0.0973787
0.0992433
0.101192
0.103147
0.105042
0.106932
0.108694
0.0121266
0.011434
0.0108
0.0111112
0.0109973
0.0103226
0.0102446
0.0110216
0.0120103
0.0128442
0.0135165
0.014057
0.0145601
0.0151084
0.015741
0.0164366
0.0170619
0.0176212
0.0182287
0.0188804
0.0195336
0.0201742
0.0207708
0.0213623
0.0220159
0.0226994
0.0233846
0.0240813
0.02478
0.0254691
0.0261605
0.0268826
0.0275914
0.0282089
0.0287803
0.0294451
0.0301857
0.0308676
0.031531
0.0322899
0.0330855
0.0338382
0.0345913
0.0353847
0.0361716
0.0369874
0.0378749
0.0387391
0.0395215
0.0402331
0.0407509
0.0409994
0.0416372
0.0430812
0.0446152
0.0456929
0.046626
0.0476149
0.0485637
0.0494564
0.0503435
0.0513195
0.0524025
0.0535134
0.0546341
0.0557865
0.0569114
0.0580487
0.0592483
0.0603791
0.0615133
0.0627497
0.0640785
0.0653894
0.0667465
0.0681206
0.0695181
0.0709147
0.0723256
0.07379
0.0752802
0.076824
0.0783886
0.0799896
0.0815472
0.0831912
0.0848434
0.0865443
0.0883201
0.0900504
0.0918524
0.0936556
0.0954708
0.0973789
0.0992439
0.101193
0.103148
0.105045
0.106936
0.108699
0.0121198
0.011585
0.0109292
0.0112052
0.0112562
0.0106586
0.0104749
0.0111401
0.0120846
0.0129021
0.0135722
0.0141201
0.0146245
0.0151714
0.0158045
0.0164926
0.0171024
0.017651
0.0182575
0.0189131
0.0195655
0.0201979
0.0207896
0.0213845
0.0220414
0.0227211
0.0233999
0.0240935
0.0247899
0.0254763
0.0261658
0.0268857
0.0275921
0.0282116
0.0287879
0.0294536
0.0301922
0.0308759
0.0315398
0.0322946
0.0330877
0.0338425
0.0345957
0.0353863
0.0361735
0.0369899
0.0378718
0.0387294
0.0395097
0.0402222
0.040755
0.0410443
0.0416979
0.0431055
0.0446069
0.0456858
0.0466235
0.0476091
0.0485584
0.0494565
0.050349
0.0513269
0.0524074
0.0535159
0.0546354
0.0557862
0.0569119
0.0580492
0.0592474
0.0603806
0.0615186
0.0627547
0.0640814
0.0653916
0.0667481
0.0681215
0.0695186
0.0709158
0.0723272
0.0737917
0.0752821
0.0768253
0.0783887
0.0799888
0.0815478
0.0831923
0.0848447
0.0865451
0.0883201
0.0900501
0.0918524
0.0936557
0.0954713
0.0973792
0.0992446
0.101193
0.103149
0.105047
0.10694
0.108704
0.012114
0.0117136
0.0110784
0.0113022
0.0114844
0.0109888
0.0107223
0.0112693
0.0121689
0.0129698
0.0136304
0.0141817
0.0146884
0.0152357
0.0158716
0.0165532
0.0171462
0.0176821
0.0182872
0.0189473
0.0195993
0.020223
0.0208092
0.0214076
0.022068
0.0227437
0.0234159
0.0241065
0.0248005
0.0254839
0.0261716
0.0268894
0.0275935
0.0282148
0.0287959
0.0294627
0.0301995
0.0308848
0.0315491
0.0322995
0.0330901
0.0338469
0.0346003
0.0353878
0.0361754
0.0369922
0.0378686
0.0387198
0.0394982
0.0402119
0.0407602
0.0410911
0.0417613
0.0431318
0.0445983
0.0456772
0.04662
0.0476031
0.048553
0.0494565
0.0503547
0.0513344
0.0524125
0.0535187
0.0546368
0.0557859
0.0569125
0.0580498
0.0592465
0.0603823
0.0615241
0.0627599
0.0640845
0.0653939
0.0667499
0.0681223
0.0695192
0.0709169
0.072329
0.0737935
0.0752839
0.0768267
0.0783889
0.0799882
0.0815487
0.0831935
0.0848461
0.0865459
0.08832
0.0900498
0.0918524
0.0936557
0.0954718
0.0973796
0.0992453
0.101193
0.10315
0.10505
0.106944
0.10871
0.0121239
0.0118166
0.0112363
0.0114126
0.0116858
0.0113055
0.0109856
0.0114106
0.0122614
0.0130485
0.0136938
0.014242
0.0147509
0.0153005
0.015942
0.0166187
0.0171937
0.0177147
0.0183179
0.0189832
0.019635
0.0202496
0.0208296
0.0214317
0.0220959
0.0227672
0.0234325
0.0241202
0.0248119
0.025492
0.0261777
0.0268936
0.0275956
0.0282185
0.0288041
0.029472
0.0302074
0.0308941
0.0315586
0.0323046
0.0330926
0.0338516
0.034605
0.0353894
0.0361771
0.0369944
0.0378655
0.0387103
0.0394869
0.0402022
0.0407664
0.0411382
0.041825
0.043159
0.0445898
0.0456678
0.0466157
0.0475969
0.0485476
0.0494565
0.0503603
0.0513419
0.0524177
0.0535215
0.0546383
0.0557857
0.0569132
0.0580505
0.0592458
0.0603841
0.0615297
0.0627653
0.0640877
0.0653964
0.0667517
0.0681233
0.0695199
0.0709181
0.0723309
0.0737954
0.0752858
0.0768282
0.078389
0.0799879
0.0815496
0.0831948
0.0848474
0.0865467
0.08832
0.0900495
0.0918524
0.0936557
0.0954723
0.09738
0.0992462
0.101194
0.103151
0.105054
0.106949
0.108716
0.0121624
0.0119015
0.0113889
0.0115405
0.0118697
0.0116017
0.0112607
0.0115676
0.0123602
0.0131376
0.013766
0.0143025
0.0148112
0.0153651
0.0160149
0.0166891
0.0172454
0.0177492
0.0183496
0.0190207
0.0196727
0.0202778
0.0208511
0.0214569
0.022125
0.0227917
0.0234498
0.0241347
0.0248241
0.0255007
0.0261842
0.0268985
0.0275984
0.0282225
0.0288122
0.0294814
0.0302158
0.0309039
0.0315683
0.0323097
0.0330954
0.0338565
0.0346098
0.0353909
0.0361787
0.0369965
0.0378625
0.038701
0.039476
0.0401934
0.0407734
0.0411847
0.0418874
0.0431861
0.0445816
0.0456579
0.0466108
0.0475905
0.0485422
0.0494564
0.0503659
0.0513493
0.0524229
0.0535245
0.05464
0.0557856
0.0569138
0.0580513
0.0592451
0.0603861
0.0615354
0.0627707
0.0640911
0.065399
0.0667536
0.0681244
0.0695207
0.0709194
0.0723329
0.0737975
0.0752877
0.0768298
0.0783892
0.0799877
0.0815507
0.0831962
0.0848488
0.0865475
0.0883199
0.0900494
0.0918525
0.0936558
0.0954729
0.0973805
0.099247
0.101194
0.103152
0.105057
0.106954
0.108722
0.0122344
0.0119835
0.0115244
0.0116802
0.0120495
0.0118746
0.0115391
0.0117433
0.0124651
0.0132349
0.01385
0.0143654
0.0148685
0.0154288
0.0160899
0.0167641
0.0173017
0.0177861
0.0183825
0.0190602
0.0197128
0.0203076
0.0208735
0.0214832
0.0221554
0.0228171
0.0234679
0.0241501
0.0248372
0.0255101
0.0261913
0.026904
0.0276019
0.0282269
0.0288204
0.0294909
0.0302248
0.0309142
0.0315781
0.0323149
0.0330985
0.0338616
0.0346147
0.0353924
0.0361801
0.0369985
0.0378595
0.0386919
0.0394655
0.0401854
0.0407811
0.04123
0.0419479
0.0432128
0.0445737
0.0456478
0.0466054
0.0475841
0.0485368
0.0494562
0.0503714
0.0513567
0.052428
0.0535276
0.0546417
0.0557857
0.0569146
0.0580521
0.0592446
0.0603881
0.0615411
0.0627763
0.0640946
0.0654017
0.0667556
0.0681255
0.0695216
0.0709207
0.0723351
0.0737997
0.0752896
0.0768314
0.0783894
0.0799878
0.0815518
0.0831977
0.0848502
0.0865484
0.0883198
0.0900492
0.0918526
0.0936559
0.0954736
0.097381
0.0992479
0.101195
0.103153
0.10506
0.106959
0.108728
0.0123324
0.0120822
0.0116411
0.0118189
0.0122371
0.012129
0.0118102
0.0119378
0.0125798
0.0133374
0.0139465
0.0144342
0.0149226
0.0154908
0.0161671
0.0168433
0.0173627
0.0178256
0.0184167
0.0191016
0.0197554
0.0203391
0.0208969
0.0215106
0.0221871
0.0228438
0.0234868
0.0241663
0.0248512
0.0255202
0.0261989
0.0269102
0.0276062
0.0282318
0.0288285
0.0295003
0.0302343
0.0309249
0.031588
0.0323202
0.0331017
0.0338671
0.0346198
0.035394
0.0361814
0.0370004
0.0378565
0.038683
0.0394553
0.0401782
0.0407896
0.0412741
0.0420061
0.043239
0.0445665
0.0456379
0.0465996
0.0475776
0.0485314
0.049456
0.0503768
0.0513641
0.0524333
0.0535307
0.0546436
0.0557859
0.0569154
0.0580529
0.0592443
0.0603903
0.0615469
0.0627819
0.0640982
0.0654046
0.0667578
0.0681267
0.0695226
0.070922
0.0723373
0.0738021
0.0752916
0.076833
0.0783897
0.0799879
0.081553
0.0831992
0.0848517
0.0865493
0.0883197
0.0900492
0.0918528
0.0936559
0.0954743
0.0973816
0.0992488
0.101195
0.103154
0.105064
0.106964
0.108734
0.0124401
0.012213
0.0117517
0.0119413
0.0124348
0.0123759
0.0120646
0.0121455
0.0127102
0.0134428
0.014054
0.0145133
0.0149746
0.0155495
0.016246
0.0169265
0.0174282
0.0178684
0.0184525
0.019145
0.0198007
0.0203727
0.0209213
0.021539
0.0222203
0.0228717
0.0235066
0.0241833
0.0248661
0.025531
0.026207
0.026917
0.0276113
0.0282372
0.0288365
0.0295098
0.0302442
0.0309361
0.031598
0.0323255
0.0331051
0.0338728
0.0346252
0.0353955
0.0361826
0.0370023
0.0378536
0.0386743
0.0394455
0.0401719
0.0407989
0.0413168
0.0420619
0.0432646
0.04456
0.045628
0.0465935
0.0475711
0.048526
0.0494556
0.0503821
0.0513714
0.0524385
0.053534
0.0546455
0.0557862
0.0569162
0.0580538
0.0592441
0.0603926
0.0615528
0.0627877
0.064102
0.0654076
0.06676
0.0681281
0.0695237
0.0709234
0.0723397
0.0738045
0.0752936
0.0768347
0.07839
0.0799882
0.0815542
0.0832008
0.0848531
0.0865502
0.0883197
0.0900492
0.0918529
0.093656
0.095475
0.0973822
0.0992498
0.101196
0.103155
0.105068
0.10697
0.108741
0.0125355
0.0123756
0.0118763
0.0120372
0.0126309
0.0126311
0.0123017
0.0123548
0.0128602
0.0135528
0.0141687
0.0146065
0.0150276
0.0156032
0.0163259
0.0170135
0.0174977
0.0179147
0.0184905
0.0191905
0.0198488
0.0204085
0.0209466
0.0215683
0.0222548
0.022901
0.0235273
0.0242013
0.0248822
0.0255427
0.0262157
0.0269245
0.0276173
0.0282432
0.0288446
0.0295193
0.0302546
0.0309478
0.0316082
0.0323308
0.0331088
0.033879
0.0346308
0.0353971
0.0361837
0.037004
0.0378508
0.0386659
0.0394361
0.0401665
0.0408088
0.0413581
0.0421155
0.0432896
0.0445543
0.0456185
0.0465871
0.0475647
0.0485207
0.0494552
0.0503873
0.0513787
0.0524437
0.0535373
0.0546475
0.0557866
0.0569171
0.0580548
0.0592441
0.060395
0.0615587
0.0627935
0.0641059
0.0654107
0.0667623
0.0681295
0.0695249
0.0709248
0.0723421
0.0738071
0.0752956
0.0768365
0.0783904
0.0799885
0.0815554
0.0832024
0.0848547
0.0865512
0.0883196
0.0900492
0.0918531
0.0936561
0.0954758
0.0973829
0.0992508
0.101197
0.103157
0.105072
0.106976
0.108747
0.0125997
0.0125535
0.012037
0.0121119
0.0128064
0.012906
0.0125323
0.0125512
0.0130281
0.013674
0.0142866
0.0147139
0.0150867
0.0156512
0.0164053
0.0171052
0.0175705
0.0179641
0.0185311
0.0192383
0.0199001
0.020447
0.0209732
0.0215981
0.0222907
0.0229319
0.0235491
0.0242201
0.0248992
0.0255553
0.0262251
0.0269329
0.0276243
0.0282497
0.0288524
0.0295287
0.0302654
0.03096
0.0316185
0.0323363
0.0331129
0.0338855
0.0346365
0.0353987
0.0361847
0.0370057
0.0378482
0.0386578
0.0394271
0.040162
0.0408194
0.0413981
0.0421666
0.0433142
0.0445495
0.0456092
0.0465806
0.0475583
0.0485155
0.0494548
0.0503925
0.0513859
0.0524489
0.0535407
0.0546497
0.0557872
0.056918
0.0580559
0.0592443
0.0603974
0.0615647
0.0627994
0.06411
0.0654139
0.0667647
0.0681311
0.0695263
0.0709263
0.0723446
0.0738098
0.0752977
0.0768383
0.0783909
0.0799889
0.0815566
0.0832042
0.0848562
0.0865521
0.0883195
0.0900493
0.0918533
0.0936562
0.0954767
0.0973836
0.0992518
0.101198
0.103158
0.105076
0.106982
0.108755
0.0126282
0.0127238
0.0122453
0.0121861
0.0129403
0.0131946
0.0127746
0.0127258
0.0132035
0.0138145
0.0144059
0.0148313
0.0151576
0.0156951
0.0164813
0.0172018
0.0176472
0.0180157
0.0185745
0.0192886
0.0199544
0.0204885
0.0210012
0.0216288
0.0223277
0.0229644
0.0235722
0.0242398
0.0249173
0.0255688
0.0262352
0.026942
0.0276323
0.0282569
0.0288607
0.0295383
0.0302766
0.0309726
0.031629
0.0323419
0.0331172
0.0338924
0.0346426
0.0354004
0.0361856
0.0370073
0.0378458
0.03865
0.0394185
0.0401584
0.0408306
0.0414366
0.0422155
0.0433382
0.0445457
0.0456004
0.0465741
0.047552
0.0485104
0.0494543
0.0503975
0.0513931
0.0524541
0.0535442
0.054652
0.0557879
0.056919
0.058057
0.0592446
0.0604
0.0615707
0.0628055
0.0641142
0.0654173
0.0667672
0.0681328
0.0695277
0.0709278
0.0723472
0.0738125
0.0752999
0.0768402
0.0783915
0.0799894
0.0815579
0.0832059
0.0848578
0.0865531
0.0883195
0.0900494
0.0918535
0.0936563
0.0954776
0.0973843
0.0992528
0.1012
0.10316
0.105081
0.106989
0.108762
0.012628
0.0128623
0.0124941
0.012287
0.0130226
0.0134745
0.0130491
0.0128858
0.0133701
0.0139779
0.0145315
0.0149528
0.0152437
0.0157394
0.0165508
0.0173028
0.0177296
0.0180688
0.0186201
0.0193419
0.0200118
0.0205334
0.0210309
0.02166
0.0223658
0.0229985
0.0235967
0.0242606
0.0249365
0.0255835
0.0262461
0.026952
0.0276412
0.0282648
0.0288693
0.0295482
0.0302882
0.0309858
0.0316398
0.0323475
0.0331219
0.0338997
0.0346489
0.0354021
0.0361864
0.0370089
0.0378436
0.0386425
0.0394105
0.0401558
0.0408424
0.0414737
0.042262
0.0433616
0.0445428
0.0455921
0.0465675
0.0475459
0.0485055
0.0494538
0.0504024
0.0514002
0.0524593
0.0535477
0.0546544
0.0557888
0.0569201
0.0580583
0.0592452
0.0604027
0.0615767
0.0628115
0.0641185
0.0654208
0.0667699
0.0681346
0.0695293
0.0709293
0.0723499
0.0738154
0.0753021
0.0768421
0.0783921
0.0799898
0.0815592
0.0832077
0.0848595
0.0865542
0.0883195
0.0900495
0.0918537
0.0936564
0.0954785
0.0973851
0.0992539
0.101201
0.103162
0.105085
0.106996
0.108769
0.0126123
0.0129521
0.0127605
0.0124419
0.0130678
0.0137162
0.0133612
0.0130506
0.0135126
0.014158
0.0146733
0.015074
0.0153434
0.0157902
0.016612
0.0174052
0.0178196
0.0181237
0.0186669
0.0193986
0.020073
0.0205818
0.0210626
0.0216919
0.0224051
0.0230342
0.0236226
0.0242824
0.0249569
0.0255995
0.026258
0.0269628
0.0276512
0.0282735
0.0288783
0.0295581
0.0303001
0.0309995
0.0316509
0.0323533
0.0331268
0.0339075
0.0346555
0.035404
0.0361872
0.0370104
0.0378417
0.0386355
0.039403
0.040154
0.0408547
0.0415093
0.0423062
0.0433844
0.0445409
0.0455842
0.0465611
0.0475399
0.0485008
0.0494533
0.0504072
0.0514072
0.0524645
0.0535513
0.054657
0.0557898
0.0569211
0.0580597
0.0592459
0.0604055
0.0615828
0.0628177
0.064123
0.0654244
0.0667726
0.0681366
0.069531
0.070931
0.0723526
0.0738183
0.0753044
0.0768441
0.0783928
0.0799904
0.0815605
0.0832096
0.0848612
0.0865552
0.0883196
0.0900497
0.091854
0.0936565
0.0954796
0.097386
0.0992549
0.101203
0.103164
0.10509
0.107003
0.108777
0.0125971
0.0129881
0.0130146
0.0126642
0.0131061
0.0138919
0.0136904
0.0132467
0.0136308
0.014339
0.0148386
0.0151963
0.0154515
0.0158536
0.0166666
0.0175044
0.0179186
0.0181817
0.0187127
0.0194582
0.0201386
0.0206341
0.0210967
0.0217244
0.0224453
0.0230717
0.02365
0.0243052
0.0249785
0.0256169
0.026271
0.0269744
0.0276623
0.0282832
0.0288877
0.0295684
0.0303124
0.0310137
0.0316625
0.0323593
0.033132
0.0339157
0.0346624
0.0354061
0.036188
0.037012
0.0378401
0.038629
0.0393962
0.0401532
0.0408674
0.0415414
0.042348
0.0434067
0.0445399
0.045577
0.0465548
0.0475342
0.0484962
0.0494529
0.0504119
0.0514142
0.0524697
0.0535549
0.0546597
0.0557909
0.0569223
0.0580612
0.0592469
0.0604084
0.0615889
0.062824
0.0641276
0.0654282
0.0667755
0.0681386
0.0695328
0.0709327
0.0723555
0.0738213
0.0753067
0.0768462
0.0783935
0.0799909
0.0815619
0.0832115
0.0848629
0.0865563
0.0883197
0.0900499
0.0918543
0.0936566
0.0954807
0.0973869
0.099256
0.101204
0.103166
0.105095
0.107011
0.108785
0.0126017
0.0129767
0.0132239
0.0129428
0.013175
0.0139959
0.014005
0.013494
0.0137434
0.0145018
0.0150239
0.0153278
0.0155629
0.0159319
0.0167195
0.0175965
0.0180264
0.0182464
0.0187559
0.019519
0.0202094
0.0206906
0.0211335
0.0217579
0.0224865
0.0231114
0.023679
0.024329
0.0250014
0.0256357
0.0262851
0.026987
0.0276744
0.0282938
0.0288976
0.0295789
0.0303251
0.0310286
0.0316745
0.0323655
0.0331375
0.0339244
0.0346697
0.0354084
0.0361887
0.0370136
0.037839
0.038623
0.0393899
0.0401533
0.0408806
0.041574
0.0423875
0.0434283
0.0445399
0.0455703
0.0465488
0.0475287
0.048492
0.0494524
0.0504165
0.051421
0.0524749
0.0535586
0.0546625
0.0557922
0.0569235
0.0580628
0.0592482
0.0604114
0.0615951
0.0628303
0.0641323
0.0654321
0.0667785
0.0681409
0.0695348
0.0709345
0.0723584
0.0738243
0.0753092
0.0768483
0.0783944
0.0799915
0.0815633
0.0832134
0.0848646
0.0865574
0.0883199
0.0900501
0.0918546
0.0936567
0.0954818
0.0973879
0.099257
0.101206
0.103168
0.1051
0.107019
0.108794
0.0126476
0.0129355
0.0133623
0.0132479
0.0133079
0.0140503
0.0142682
0.013785
0.0138786
0.0146399
0.0152153
0.0154761
0.0156771
0.0160225
0.0167762
0.0176792
0.0181404
0.0183219
0.0187965
0.0195781
0.0202864
0.0207522
0.0211724
0.0217924
0.0225287
0.023153
0.0237099
0.0243536
0.0250255
0.0256564
0.0263006
0.0270006
0.0276876
0.0283054
0.0289082
0.0295897
0.0303381
0.0310439
0.031687
0.0323719
0.0331431
0.0339335
0.0346776
0.0354109
0.0361895
0.0370153
0.0378384
0.0386177
0.0393843
0.0401542
0.0408943
0.0416051
0.0424248
0.0434494
0.0445409
0.0455643
0.0465431
0.0475235
0.048488
0.049452
0.050421
0.0514278
0.05248
0.0535623
0.0546655
0.0557937
0.0569248
0.0580645
0.0592497
0.0604146
0.0616012
0.0628368
0.0641372
0.0654362
0.0667816
0.0681432
0.0695369
0.0709364
0.0723613
0.0738275
0.0753116
0.0768506
0.0783953
0.0799922
0.0815647
0.0832154
0.0848664
0.0865585
0.0883201
0.0900504
0.0918549
0.0936569
0.095483
0.097389
0.0992581
0.101208
0.103171
0.105105
0.107027
0.108803
0.0127574
0.0128908
0.0134197
0.0135416
0.0135157
0.0140886
0.0144554
0.0140915
0.0140636
0.0147675
0.0153949
0.0156401
0.0158
0.0161224
0.01684
0.0177527
0.0182561
0.0184117
0.0188372
0.0196316
0.0203691
0.0208217
0.0212133
0.0218278
0.0225725
0.0231964
0.0237428
0.0243792
0.0250504
0.0256788
0.0263178
0.0270153
0.0277019
0.0283181
0.0289195
0.029601
0.0303513
0.0310597
0.0317002
0.0323786
0.0331489
0.033943
0.0346858
0.0354137
0.0361903
0.037017
0.037838
0.0386131
0.0393793
0.0401559
0.0409083
0.0416347
0.0424598
0.0434699
0.0445428
0.045559
0.0465378
0.0475187
0.0484842
0.0494517
0.0504253
0.0514344
0.0524851
0.0535661
0.0546686
0.0557954
0.0569261
0.0580664
0.0592515
0.0604179
0.0616074
0.0628433
0.0641423
0.0654404
0.0667849
0.0681458
0.0695392
0.0709384
0.0723644
0.0738307
0.0753142
0.0768529
0.0783963
0.0799929
0.0815662
0.0832174
0.0848683
0.0865597
0.0883203
0.0900507
0.0918553
0.093657
0.0954843
0.0973902
0.0992592
0.101211
0.103173
0.10511
0.107036
0.108812
0.0129467
0.0128732
0.0134053
0.0137863
0.0137878
0.0141513
0.0145706
0.0143762
0.0142997
0.0149082
0.0155538
0.0158093
0.015937
0.016233
0.0169129
0.0178191
0.0183686
0.018517
0.0188826
0.019676
0.0204544
0.0209016
0.0212568
0.0218627
0.0226187
0.0232424
0.0237775
0.0244062
0.0250761
0.0257029
0.0263369
0.0270309
0.0277172
0.0283321
0.0289317
0.0296128
0.0303649
0.0310761
0.0317141
0.0323858
0.033155
0.0339529
0.0346947
0.0354168
0.0361912
0.0370189
0.0378385
0.0386093
0.039375
0.0401585
0.0409226
0.041663
0.0424926
0.0434898
0.0445455
0.0455545
0.0465328
0.0475142
0.0484808
0.0494514
0.0504296
0.051441
0.0524902
0.0535699
0.0546719
0.0557973
0.0569276
0.0580684
0.0592535
0.0604213
0.0616136
0.0628499
0.0641475
0.0654448
0.0667883
0.0681484
0.0695416
0.0709404
0.0723676
0.073834
0.0753168
0.0768553
0.0783974
0.0799938
0.0815678
0.0832194
0.0848701
0.0865609
0.0883207
0.090051
0.0918558
0.0936572
0.0954856
0.0973915
0.0992603
0.101213
0.103176
0.105116
0.107045
0.108821
0.0132175
0.0129053
0.0133447
0.0139585
0.0141034
0.0142793
0.0146394
0.0146028
0.0145627
0.0150842
0.0157023
0.0159684
0.0160848
0.0163579
0.0169965
0.0178812
0.0184738
0.0186361
0.0189392
0.0197101
0.0205365
0.020994
0.021306
0.0218949
0.0226666
0.0232923
0.0238139
0.0244341
0.0251027
0.0257285
0.0263583
0.027048
0.0277333
0.0283473
0.028945
0.0296251
0.0303789
0.031093
0.0317288
0.0323934
0.033161
0.0339632
0.0347043
0.0354204
0.0361921
0.0370211
0.0378397
0.0386064
0.0393714
0.0401617
0.0409373
0.0416898
0.0425233
0.0435092
0.0445492
0.0455507
0.0465283
0.0475102
0.0484778
0.0494513
0.0504337
0.0514474
0.0524953
0.0535737
0.0546753
0.0557994
0.0569291
0.0580706
0.0592559
0.0604249
0.0616198
0.0628565
0.0641528
0.0654494
0.0667919
0.0681512
0.0695442
0.0709426
0.0723708
0.0738374
0.0753195
0.0768578
0.0783986
0.0799946
0.0815694
0.0832215
0.084872
0.0865621
0.0883211
0.0900514
0.0918563
0.0936575
0.0954869
0.0973929
0.0992614
0.101216
0.103179
0.105121
0.107055
0.108831
0.0135472
0.0129887
0.0132695
0.0140571
0.0144338
0.0145036
0.0147067
0.0147637
0.0148168
0.0152982
0.0158609
0.0161123
0.0162317
0.0164978
0.0170956
0.017943
0.0185676
0.018764
0.0190132
0.0197378
0.0206086
0.0210979
0.0213659
0.0219233
0.0227136
0.0233481
0.0238531
0.0244623
0.0251302
0.0257554
0.0263819
0.0270668
0.0277502
0.0283637
0.0289593
0.029638
0.0303932
0.0311104
0.0317443
0.0324017
0.0331672
0.0339737
0.0347145
0.0354245
0.0361931
0.0370234
0.0378416
0.0386044
0.0393685
0.0401656
0.0409522
0.0417154
0.042552
0.0435279
0.0445536
0.0455477
0.0465243
0.0475066
0.0484751
0.0494513
0.0504378
0.0514537
0.0525003
0.0535776
0.0546789
0.0558017
0.0569308
0.0580729
0.0592585
0.0604287
0.061626
0.0628632
0.0641582
0.0654541
0.0667956
0.0681542
0.0695469
0.070945
0.0723741
0.0738408
0.0753222
0.0768604
0.0783999
0.0799956
0.0815711
0.0832236
0.084874
0.0865634
0.0883217
0.0900518
0.0918568
0.0936578
0.0954883
0.0973945
0.0992626
0.101219
0.103183
0.105127
0.107065
0.108841
0.0138501
0.0131158
0.0132162
0.0140974
0.0147483
0.0148185
0.0148295
0.0148794
0.0150291
0.0155299
0.0160527
0.0162561
0.0163652
0.0166455
0.0172168
0.0180121
0.0186485
0.0188935
0.0191093
0.0197665
0.0206647
0.0212079
0.0214424
0.0219503
0.0227555
0.0234101
0.0238979
0.0244904
0.025158
0.025784
0.0264077
0.0270879
0.0277681
0.028381
0.0289749
0.0296518
0.030408
0.0311282
0.0317608
0.0324107
0.0331734
0.0339845
0.0347257
0.0354292
0.0361942
0.0370259
0.0378443
0.0386034
0.0393664
0.0401702
0.0409673
0.0417397
0.0425788
0.0435461
0.0445589
0.0455455
0.0465209
0.0475036
0.0484728
0.0494514
0.0504418
0.05146
0.0525053
0.0535815
0.0546827
0.0558042
0.0569327
0.0580755
0.0592614
0.0604326
0.0616323
0.06287
0.0641639
0.065459
0.0667994
0.0681573
0.0695499
0.0709474
0.0723776
0.0738443
0.075325
0.0768632
0.0784013
0.0799966
0.0815728
0.0832257
0.084876
0.0865647
0.0883223
0.0900523
0.0918573
0.0936582
0.0954898
0.0973962
0.0992638
0.101222
0.103187
0.105133
0.107075
0.108852
0.0141446
0.0133242
0.0132256
0.0140987
0.015002
0.0151886
0.0150393
0.0149831
0.0151839
0.0157481
0.0162789
0.016422
0.0164818
0.0167841
0.0173596
0.0180996
0.0187186
0.019015
0.0192266
0.0198067
0.0207031
0.0213149
0.0215387
0.0219821
0.0227883
0.0234751
0.0239518
0.0245195
0.0251843
0.0258141
0.0264358
0.0271113
0.0277876
0.0283991
0.0289917
0.0296666
0.030423
0.0311465
0.0317783
0.0324206
0.0331797
0.0339955
0.0347377
0.0354346
0.0361955
0.0370287
0.0378479
0.0386034
0.039365
0.0401754
0.0409825
0.0417629
0.0426037
0.0435637
0.044565
0.0455441
0.046518
0.0475011
0.048471
0.0494517
0.0504458
0.0514662
0.0525103
0.0535855
0.0546865
0.0558069
0.0569346
0.0580782
0.0592646
0.0604367
0.0616386
0.0628769
0.0641696
0.065464
0.0668035
0.0681606
0.069553
0.0709501
0.0723811
0.0738479
0.0753279
0.076866
0.0784027
0.0799978
0.0815747
0.0832279
0.084878
0.0865661
0.088323
0.0900528
0.0918579
0.0936587
0.0954913
0.097398
0.0992651
0.101226
0.103191
0.105139
0.107085
0.108863
0.0144246
0.0136226
0.0133289
0.0140896
0.0151587
0.0155519
0.0153361
0.0151174
0.0152929
0.015921
0.0165176
0.016631
0.0165991
0.016895
0.0175104
0.0182164
0.0187883
0.0191194
0.0193571
0.0198681
0.020729
0.0214084
0.0216524
0.0220271
0.0228115
0.023537
0.0240168
0.0245534
0.0252076
0.0258443
0.026467
0.0271371
0.0278088
0.028418
0.0290092
0.0296826
0.0304387
0.0311651
0.0317969
0.0324315
0.033186
0.0340065
0.0347505
0.0354409
0.036197
0.0370316
0.0378524
0.0386047
0.0393643
0.0401811
0.040998
0.041785
0.0426269
0.0435807
0.0445718
0.0455436
0.0465156
0.0474992
0.0484696
0.0494522
0.0504497
0.0514723
0.0525153
0.0535896
0.0546907
0.0558099
0.0569367
0.058081
0.0592681
0.060441
0.0616449
0.0628838
0.0641755
0.0654692
0.0668077
0.0681641
0.0695562
0.0709528
0.0723848
0.0738515
0.0753309
0.076869
0.0784043
0.079999
0.0815766
0.0832301
0.08488
0.0865676
0.0883238
0.0900534
0.0918585
0.0936593
0.0954928
0.0974
0.0992665
0.101229
0.103196
0.105145
0.107096
0.108874
0.0146548
0.0139796
0.01353
0.0140995
0.0152282
0.0158529
0.0156923
0.0153234
0.0153846
0.0160379
0.0167419
0.0168869
0.0167453
0.0169753
0.0176462
0.0183653
0.0188746
0.0192038
0.0194869
0.0199578
0.0207548
0.0214798
0.0217741
0.0220934
0.0228306
0.0235891
0.0240902
0.0245976
0.0252293
0.0258721
0.0265011
0.0271661
0.0278318
0.0284383
0.0290275
0.0296995
0.0304551
0.031184
0.0318166
0.0324435
0.0331924
0.0340177
0.0347643
0.0354481
0.0361988
0.0370347
0.0378577
0.0386072
0.0393643
0.0401872
0.0410137
0.0418063
0.0426485
0.043597
0.0445793
0.0455439
0.0465139
0.0474979
0.0484688
0.0494528
0.0504537
0.0514784
0.0525202
0.0535936
0.0546949
0.0558131
0.0569391
0.0580842
0.0592719
0.0604454
0.0616513
0.0628908
0.0641815
0.0654746
0.066812
0.0681677
0.0695597
0.0709558
0.0723886
0.0738552
0.075334
0.0768721
0.0784059
0.0800003
0.0815787
0.0832323
0.0848821
0.0865691
0.0883247
0.0900541
0.0918592
0.0936601
0.0954943
0.0974022
0.0992681
0.101233
0.103201
0.105152
0.107107
0.108886
0.0147983
0.0143356
0.0138114
0.0141628
0.0152487
0.0160672
0.0160654
0.0156169
0.015499
0.0161083
0.0169231
0.0171665
0.0169477
0.0170462
0.0177419
0.0185303
0.0189967
0.0192788
0.0196004
0.020071
0.020796
0.021529
0.0218909
0.0221839
0.0228552
0.0236275
0.0241657
0.0246556
0.0252534
0.0258946
0.0265363
0.0271997
0.027857
0.0284597
0.0290468
0.0297171
0.0304724
0.0312037
0.0318374
0.0324568
0.0331991
0.0340288
0.034779
0.0354563
0.0362009
0.037038
0.0378639
0.0386111
0.0393651
0.0401935
0.0410295
0.0418267
0.0426685
0.0436128
0.0445873
0.0455451
0.0465128
0.0474972
0.0484685
0.0494537
0.0504576
0.0514845
0.0525252
0.0535978
0.0546994
0.0558166
0.0569415
0.0580875
0.059276
0.0604501
0.0616577
0.0628978
0.0641877
0.0654801
0.0668166
0.0681715
0.0695633
0.0709589
0.0723925
0.073859
0.0753371
0.0768754
0.0784077
0.0800018
0.0815809
0.0832345
0.0848841
0.0865707
0.0883258
0.0900548
0.0918598
0.0936611
0.095496
0.0974044
0.0992699
0.101237
0.103206
0.105158
0.107118
0.108898
0.0148528
0.0146464
0.0141476
0.014299
0.015265
0.0162032
0.016402
0.0159741
0.0156737
0.0161568
0.0170451
0.0174385
0.0172119
0.0171404
0.0177888
0.0186828
0.0191632
0.0193655
0.0196865
0.0201913
0.0208673
0.0215683
0.0219883
0.0222921
0.0228962
0.0236549
0.0242349
0.0247262
0.0252861
0.0259123
0.0265692
0.0272384
0.0278857
0.0284821
0.0290673
0.0297356
0.03049
0.0312241
0.0318594
0.0324712
0.0332061
0.0340398
0.0347945
0.0354658
0.0362035
0.0370416
0.0378711
0.0386165
0.0393667
0.0401999
0.0410453
0.0418466
0.0426873
0.043628
0.0445959
0.0455472
0.0465124
0.0474971
0.0484688
0.0494548
0.0504614
0.0514907
0.0525302
0.0536019
0.0547041
0.0558203
0.0569441
0.058091
0.0592804
0.0604549
0.0616642
0.0629049
0.064194
0.0654858
0.0668214
0.0681755
0.0695671
0.0709623
0.0723965
0.0738628
0.0753404
0.0768787
0.0784096
0.0800033
0.0815832
0.0832368
0.0848862
0.0865724
0.0883269
0.0900556
0.0918605
0.0936622
0.0954976
0.0974068
0.0992719
0.101241
0.103212
0.105165
0.107129
0.10891
0.0148382
0.0148942
0.0145097
0.0145053
0.0153056
0.0162858
0.016669
0.0163537
0.0159295
0.0162197
0.0171121
0.0176703
0.0175151
0.0172923
0.0178077
0.0187896
0.0193602
0.0194898
0.0197519
0.0202965
0.0209692
0.0216165
0.0220597
0.0224038
0.0229618
0.0236799
0.0242916
0.0248041
0.0253322
0.0259294
0.0265961
0.0272805
0.0279201
0.0285055
0.0290884
0.0297552
0.0305075
0.0312451
0.0318833
0.0324871
0.0332133
0.0340509
0.0348109
0.0354765
0.0362067
0.0370451
0.037879
0.0386234
0.0393693
0.0402064
0.0410612
0.041866
0.0427049
0.0436426
0.0446051
0.0455501
0.0465127
0.0474976
0.0484697
0.0494562
0.0504653
0.0514968
0.0525353
0.053606
0.0547089
0.0558243
0.056947
0.0580948
0.0592851
0.0604598
0.0616707
0.0629121
0.0642005
0.0654916
0.0668264
0.0681796
0.0695711
0.0709658
0.0724007
0.0738667
0.0753438
0.0768822
0.0784115
0.080005
0.0815857
0.0832391
0.0848883
0.0865742
0.0883281
0.0900566
0.0918612
0.0936635
0.0954994
0.0974093
0.0992742
0.101245
0.103218
0.105172
0.10714
0.108923
0.0147838
0.015069
0.0148625
0.0147694
0.0153844
0.0163405
0.0168668
0.0167124
0.0162543
0.0163324
0.017145
0.0178424
0.017825
0.0175171
0.0178352
0.0188328
0.019556
0.0196692
0.0198202
0.0203672
0.0210836
0.0216957
0.0221154
0.0225007
0.0230506
0.0237149
0.0243341
0.0248817
0.0253923
0.0259509
0.0266168
0.0273219
0.0279611
0.0285317
0.0291096
0.0297764
0.0305259
0.0312659
0.031909
0.032505
0.0332205
0.0340616
0.0348281
0.0354888
0.0362106
0.0370487
0.0378877
0.038632
0.039373
0.040213
0.0410769
0.041885
0.0427215
0.0436566
0.0446147
0.0455538
0.0465136
0.0474988
0.0484712
0.049458
0.0504693
0.0515031
0.0525405
0.0536103
0.054714
0.0558286
0.05695
0.0580988
0.0592901
0.0604651
0.0616773
0.0629193
0.0642071
0.0654976
0.0668316
0.068184
0.0695752
0.0709696
0.072405
0.0738706
0.0753473
0.0768859
0.0784136
0.0800068
0.0815883
0.0832415
0.0848904
0.0865762
0.0883295
0.0900576
0.0918619
0.093665
0.0955013
0.0974118
0.0992768
0.101249
0.103225
0.10518
0.107151
0.108936
0.014727
0.0151677
0.0151688
0.0150728
0.0155107
0.016389
0.0170116
0.0170233
0.0166161
0.0165156
0.0171739
0.0179535
0.0181081
0.0177994
0.0179099
0.0188273
0.0197114
0.0198956
0.0199232
0.0204043
0.0211836
0.0218131
0.0221776
0.022569
0.0231484
0.0237721
0.0243679
0.0249517
0.0254642
0.0259808
0.0266336
0.0273601
0.0280075
0.0285632
0.0291308
0.0297981
0.0305453
0.0312862
0.0319356
0.0325256
0.0332284
0.0340716
0.0348463
0.035503
0.0362154
0.0370521
0.037897
0.0386422
0.0393777
0.0402195
0.0410925
0.0419037
0.0427372
0.0436702
0.0446247
0.0455583
0.0465151
0.0475006
0.0484734
0.04946
0.0504732
0.0515094
0.0525457
0.0536145
0.0547193
0.0558332
0.0569532
0.058103
0.0592953
0.0604704
0.061684
0.0629266
0.0642139
0.0655037
0.066837
0.0681884
0.0695795
0.0709737
0.0724094
0.0738746
0.0753509
0.0768897
0.0784157
0.0800087
0.0815911
0.0832439
0.0848924
0.0865783
0.0883309
0.0900588
0.0918628
0.0936667
0.0955033
0.0974143
0.0992798
0.101253
0.103232
0.105188
0.107163
0.108949
0.0147028
0.0152143
0.0154052
0.0153876
0.0156888
0.0164498
0.0171214
0.0172809
0.0169777
0.0167654
0.0172307
0.0180175
0.0183419
0.0181086
0.0180555
0.0188096
0.0197985
0.0201359
0.0200881
0.0204331
0.0212416
0.0219506
0.0222733
0.0226149
0.0232348
0.0238562
0.0244041
0.0250084
0.0255442
0.0260217
0.0266486
0.0273943
0.0280569
0.0286005
0.029153
0.0298194
0.0305664
0.0313067
0.0319625
0.0325491
0.0332379
0.0340806
0.0348647
0.0355192
0.0362213
0.0370553
0.0379067
0.0386544
0.0393839
0.040226
0.0411078
0.0419223
0.0427522
0.0436831
0.0446352
0.0455637
0.0465173
0.0475029
0.0484763
0.0494624
0.0504773
0.0515158
0.0525512
0.0536188
0.0547247
0.0558381
0.0569567
0.0581075
0.059301
0.0604761
0.0616907
0.0629339
0.0642209
0.06551
0.0668426
0.0681931
0.069584
0.0709779
0.072414
0.0738786
0.0753547
0.0768936
0.078418
0.0800108
0.081594
0.0832463
0.0848944
0.0865807
0.0883325
0.09006
0.0918636
0.0936685
0.0955056
0.0974169
0.0992831
0.101258
0.103239
0.105196
0.107174
0.108963
0.0147308
0.0152566
0.015575
0.0156784
0.0159086
0.0165393
0.0172115
0.0174892
0.0173104
0.0170605
0.0173402
0.0180587
0.0185186
0.0184133
0.0182677
0.0188198
0.0198209
0.0203478
0.0203151
0.0204894
0.0212508
0.0220769
0.0224176
0.0226626
0.0232899
0.023956
0.0244574
0.025051
0.0256265
0.0260763
0.0266623
0.027424
0.0281087
0.0286433
0.029178
0.0298407
0.0305888
0.0313282
0.0319893
0.0325746
0.0332493
0.0340887
0.0348829
0.0355378
0.0362289
0.0370582
0.0379166
0.0386683
0.0393914
0.0402322
0.0411228
0.0419409
0.0427667
0.0436955
0.0446461
0.0455699
0.04652
0.0475059
0.0484798
0.0494653
0.0504813
0.0515223
0.0525568
0.0536231
0.0547304
0.0558435
0.0569603
0.0581121
0.0593069
0.060482
0.0616975
0.0629413
0.0642279
0.0655163
0.0668484
0.0681981
0.0695887
0.0709825
0.0724186
0.0738826
0.0753587
0.0768976
0.0784203
0.0800131
0.0815971
0.0832488
0.0848964
0.0865831
0.0883341
0.0900614
0.0918647
0.0936705
0.0955081
0.0974194
0.0992868
0.101263
0.103246
0.105204
0.107186
0.108976
0.0147917
0.015329
0.0157062
0.0159221
0.0161477
0.0166669
0.0172992
0.0176576
0.0176029
0.0173739
0.0175083
0.0181047
0.0186418
0.0186887
0.0185244
0.0188856
0.0198111
0.0204972
0.020572
0.0206088
0.0212359
0.0221565
0.0225957
0.0227433
0.0233131
0.0240503
0.0245382
0.0250863
0.0257018
0.0261472
0.0266775
0.0274468
0.0281642
0.0286919
0.0292046
0.0298621
0.0306122
0.0313505
0.0320163
0.0326018
0.033263
0.034097
0.034901
0.0355585
0.0362383
0.0370609
0.0379264
0.0386839
0.0394005
0.0402384
0.0411374
0.0419597
0.0427809
0.0437071
0.0446573
0.0455771
0.0465233
0.0475093
0.0484841
0.0494686
0.0504855
0.0515289
0.0525627
0.0536274
0.0547361
0.0558492
0.0569643
0.058117
0.0593129
0.0604882
0.0617044
0.0629488
0.0642353
0.0655229
0.0668543
0.068203
0.0695935
0.0709874
0.0724235
0.0738868
0.0753629
0.0769017
0.0784226
0.0800155
0.0816002
0.0832514
0.0848984
0.0865859
0.0883358
0.0900628
0.0918659
0.0936727
0.0955108
0.0974219
0.0992908
0.101268
0.103253
0.105214
0.107198
0.10899
0.0148537
0.0154276
0.0158358
0.0161264
0.0163845
0.0168265
0.0173983
0.0177965
0.0178527
0.0176807
0.0177244
0.0181824
0.0187269
0.0189195
0.0188007
0.0190102
0.0198052
0.0205798
0.0208173
0.0208017
0.0212357
0.0221714
0.0227741
0.0228817
0.023327
0.0241155
0.0246421
0.0251283
0.0257631
0.026234
0.0267018
0.0274572
0.0282208
0.0287497
0.0292322
0.0298825
0.0306373
0.0313744
0.0320436
0.0326306
0.0332784
0.0341052
0.0349191
0.0355807
0.0362496
0.0370638
0.037936
0.0387012
0.0394115
0.0402445
0.0411514
0.0419786
0.042795
0.0437182
0.0446687
0.0455853
0.0465272
0.0475132
0.048489
0.0494724
0.0504899
0.0515357
0.0525688
0.0536319
0.0547419
0.0558552
0.0569686
0.0581219
0.0593194
0.0604947
0.0617114
0.062956
0.0642428
0.0655296
0.0668606
0.0682083
0.0695985
0.0709924
0.0724282
0.0738908
0.0753673
0.0769061
0.078425
0.0800183
0.0816035
0.0832541
0.0849003
0.0865887
0.0883378
0.0900642
0.0918673
0.0936749
0.0955138
0.0974245
0.0992952
0.101273
0.103261
0.105223
0.10721
0.109004
0.0149147
0.0155268
0.015982
0.0163116
0.0166035
0.0169994
0.0175129
0.0179209
0.0180677
0.0179686
0.0179667
0.0183035
0.0187969
0.019099
0.0190736
0.0191827
0.0198311
0.02062
0.0210131
0.0210417
0.0212919
0.0221401
0.0229115
0.0230715
0.0233633
0.0241421
0.0247518
0.0251915
0.0258088
0.026327
0.0267448
0.0274545
0.0282704
0.0288216
0.0292638
0.0298984
0.0306641
0.0314014
0.0320713
0.0326605
0.0332952
0.034113
0.0349375
0.035605
0.0362628
0.0370672
0.0379451
0.0387196
0.0394247
0.0402504
0.0411647
0.0419981
0.0428091
0.0437286
0.0446801
0.0455943
0.0465318
0.0475177
0.0484945
0.0494765
0.0504945
0.0515428
0.0525751
0.0536364
0.0547479
0.0558617
0.0569732
0.058127
0.0593259
0.0605016
0.0617186
0.0629634
0.0642505
0.0655364
0.0668668
0.0682137
0.0696039
0.070998
0.0724332
0.0738949
0.0753718
0.0769105
0.0784273
0.0800213
0.081607
0.0832569
0.0849023
0.0865918
0.0883399
0.0900656
0.0918691
0.0936772
0.0955171
0.0974272
0.0992998
0.101279
0.103269
0.105233
0.107222
0.109018
0.0149997
0.015612
0.0161312
0.0164905
0.0168069
0.0171772
0.0176445
0.0180456
0.0182546
0.0182288
0.0182104
0.0184627
0.0188808
0.0192349
0.0193244
0.0193893
0.0198963
0.0206455
0.0211484
0.0212882
0.0214255
0.0221027
0.0229789
0.0232809
0.0234531
0.0241456
0.0248436
0.0252795
0.0258468
0.0264138
0.0268143
0.0274485
0.0283015
0.0289067
0.0293082
0.029907
0.0306879
0.0314334
0.0321007
0.0326908
0.0333137
0.0341208
0.034956
0.0356316
0.0362778
0.0370709
0.0379539
0.038739
0.03944
0.0402564
0.0411769
0.0420179
0.0428236
0.0437384
0.0446915
0.0456041
0.046537
0.0475226
0.0485008
0.0494811
0.050499
0.0515501
0.052582
0.053641
0.0547539
0.0558686
0.0569783
0.0581322
0.0593326
0.0605087
0.0617259
0.0629706
0.0642585
0.0655435
0.0668732
0.0682191
0.0696092
0.0710037
0.0724383
0.0738993
0.0753766
0.0769152
0.0784297
0.0800245
0.0816104
0.0832597
0.0849043
0.086595
0.0883423
0.090067
0.0918711
0.0936796
0.0955205
0.09743
0.0993046
0.101286
0.103276
0.105243
0.107234
0.109032
0.015119
0.0156933
0.0162691
0.0166696
0.0170064
0.0173607
0.0177858
0.0181698
0.0184137
0.0184615
0.0184487
0.0186455
0.0189961
0.0193448
0.0195358
0.0196134
0.0199994
0.0206806
0.0212398
0.0215019
0.0216186
0.0221043
0.0229822
0.0234679
0.0236028
0.0241544
0.0249025
0.0253836
0.0258919
0.0264841
0.0269057
0.0274541
0.028306
0.0289934
0.0293757
0.0299125
0.0307015
0.0314699
0.0321358
0.0327218
0.0333328
0.0341283
0.0349739
0.0356605
0.0362955
0.0370747
0.0379622
0.0387597
0.0394574
0.0402627
0.0411881
0.0420381
0.0428387
0.0437476
0.0447028
0.0456148
0.0465428
0.047528
0.0485078
0.0494863
0.0505035
0.0515575
0.0525893
0.0536457
0.0547599
0.0558759
0.0569837
0.0581374
0.0593394
0.0605164
0.0617334
0.0629776
0.0642664
0.0655507
0.0668799
0.068225
0.0696149
0.0710098
0.0724432
0.0739034
0.0753815
0.07692
0.0784322
0.0800282
0.0816141
0.0832626
0.0849065
0.0865981
0.0883448
0.0900683
0.0918736
0.0936822
0.0955241
0.0974332
0.0993096
0.101293
0.103284
0.105253
0.107246
0.109046
0.0152548
0.015791
0.0163973
0.0168469
0.0172022
0.0175462
0.0179304
0.0182948
0.0185558
0.018672
0.0186824
0.0188337
0.0191362
0.0194511
0.0197049
0.0198373
0.0201367
0.0207357
0.0213102
0.0216675
0.0218357
0.0221733
0.0229554
0.0235958
0.0237885
0.024199
0.0249328
0.0254863
0.025955
0.0265379
0.0270051
0.0274862
0.0282896
0.0290641
0.0294695
0.0299274
0.0306992
0.0315042
0.0321802
0.0327565
0.0333509
0.0341349
0.0349914
0.0356915
0.0363169
0.0370786
0.0379688
0.0387816
0.0394771
0.0402692
0.0411984
0.0420585
0.0428547
0.0437567
0.0447138
0.0456262
0.0465493
0.0475338
0.0485155
0.0494923
0.0505082
0.0515649
0.0525971
0.0536505
0.0547658
0.0558835
0.0569898
0.0581428
0.0593462
0.0605243
0.0617412
0.0629846
0.0642747
0.0655582
0.0668864
0.0682308
0.0696207
0.0710164
0.0724484
0.073908
0.0753866
0.0769248
0.0784346
0.0800319
0.0816179
0.0832655
0.084909
0.0866014
0.0883477
0.0900695
0.0918763
0.093685
0.0955277
0.0974366
0.0993148
0.1013
0.103292
0.105263
0.107259
0.10906
0.0153788
0.015906
0.0165205
0.0170162
0.0173901
0.0177325
0.0180848
0.0184266
0.0186888
0.0188547
0.0189064
0.0190206
0.0192886
0.0195731
0.0198449
0.0200405
0.0202962
0.0208123
0.0213773
0.0217948
0.0220422
0.0223052
0.0229413
0.0236588
0.0239744
0.0242922
0.0249521
0.0255702
0.0260358
0.0265853
0.027098
0.02755
0.0282708
0.0291037
0.0295786
0.0299672
0.030684
0.0315246
0.0322326
0.0328014
0.033369
0.0341378
0.0350081
0.0357249
0.0363422
0.0370835
0.0379733
0.0388045
0.0394998
0.0402755
0.0412074
0.0420793
0.0428714
0.0437656
0.0447247
0.045638
0.0465565
0.04754
0.0485237
0.0494988
0.0505131
0.0515723
0.0526054
0.0536557
0.0547718
0.0558915
0.0569963
0.0581482
0.0593533
0.0605329
0.0617492
0.0629912
0.064283
0.0655661
0.0668931
0.0682369
0.0696266
0.0710229
0.0724533
0.0739127
0.075392
0.0769299
0.0784373
0.080036
0.0816217
0.0832681
0.0849116
0.0866046
0.0883508
0.0900709
0.0918793
0.0936881
0.0955313
0.0974404
0.0993201
0.101307
0.1033
0.105274
0.107272
0.109074
0.0154813
0.0160232
0.0166405
0.0171754
0.0175728
0.0179179
0.0182487
0.0185645
0.0188179
0.0190098
0.0191143
0.0192115
0.0194437
0.0197102
0.019973
0.0202157
0.020465
0.020909
0.0214485
0.0218974
0.0222182
0.0224733
0.022974
0.0236809
0.0241264
0.0244251
0.024985
0.0256311
0.0261248
0.0266362
0.0271744
0.0276348
0.0282687
0.0291112
0.0296833
0.0300424
0.0306716
0.0315215
0.0322834
0.0328623
0.0333925
0.0341333
0.0350215
0.0357622
0.0363717
0.0370893
0.0379755
0.0388275
0.0395261
0.0402822
0.0412145
0.0421008
0.0428892
0.043774
0.0447353
0.0456504
0.0465641
0.0475466
0.0485326
0.049506
0.0505181
0.0515797
0.0526142
0.053661
0.0547776
0.0558999
0.0570034
0.0581534
0.0593601
0.060542
0.0617575
0.0629978
0.0642915
0.0655742
0.0668996
0.0682432
0.069633
0.07103
0.0724582
0.0739175
0.0753973
0.0769347
0.07844
0.0800405
0.081626
0.0832709
0.0849148
0.0866078
0.088354
0.0900723
0.0918825
0.0936916
0.0955348
0.0974445
0.0993256
0.101315
0.103308
0.105284
0.107285
0.109088
0.0155781
0.0161333
0.0167564
0.0173232
0.0177499
0.0180968
0.0184145
0.0187091
0.018951
0.0191462
0.0192958
0.0194026
0.0195989
0.0198549
0.0201053
0.0203696
0.0206301
0.0210206
0.0215276
0.0219878
0.0223622
0.0226478
0.0230558
0.0236947
0.02423
0.0245732
0.0250483
0.0256774
0.0262124
0.0266992
0.0272369
0.0277248
0.0282923
0.0290996
0.029763
0.0301443
0.0306816
0.0314981
0.0323177
0.0329382
0.0334323
0.0341221
0.0350251
0.035804
0.0364078
0.0370954
0.0379751
0.0388498
0.039556
0.0402904
0.0412188
0.0421224
0.0429092
0.043782
0.0447455
0.0456637
0.0465722
0.0475533
0.0485422
0.0495141
0.0505232
0.0515872
0.0526236
0.0536666
0.0547833
0.0559087
0.0570112
0.0581585
0.0593668
0.0605516
0.0617659
0.0630041
0.0643001
0.0655828
0.0669063
0.0682497
0.0696394
0.0710372
0.0724633
0.0739228
0.0754031
0.0769396
0.078443
0.0800447
0.08163
0.0832734
0.0849183
0.0866112
0.0883574
0.0900742
0.0918859
0.0936954
0.0955382
0.097449
0.0993314
0.101323
0.103317
0.105295
0.107298
0.109102
0.0156846
0.0162392
0.0168687
0.0174579
0.0179171
0.0182703
0.0185785
0.0188569
0.019089
0.0192743
0.0194472
0.0195843
0.0197578
0.0199995
0.0202414
0.0205097
0.0207867
0.0211421
0.0216161
0.0220759
0.0224823
0.0228104
0.023171
0.0237276
0.0242947
0.0247069
0.0251399
0.0257211
0.0262896
0.0267746
0.0272946
0.0278107
0.0283414
0.0290883
0.0298101
0.0302522
0.030726
0.0314706
0.0323214
0.0330149
0.0334988
0.0341138
0.0350116
0.035846
0.0364551
0.0371031
0.0379708
0.0388708
0.0395894
0.0403013
0.0412202
0.0421428
0.0429318
0.0437898
0.0447544
0.0456779
0.0465813
0.0475597
0.0485524
0.0495234
0.0505282
0.0515942
0.0526338
0.0536726
0.0547885
0.0559179
0.0570199
0.0581636
0.0593735
0.060562
0.0617746
0.0630101
0.0643085
0.0655916
0.0669128
0.0682565
0.0696463
0.0710445
0.0724682
0.073928
0.0754089
0.0769444
0.0784467
0.0800495
0.0816344
0.083276
0.084922
0.0866143
0.0883605
0.0900762
0.0918893
0.0936995
0.0955416
0.0974539
0.0993375
0.101331
0.103325
0.105305
0.107311
0.109116
0.015805
0.0163491
0.01698
0.0175821
0.0180732
0.0184393
0.0187381
0.0190015
0.0192279
0.0194045
0.0195796
0.019746
0.0199145
0.0201388
0.0203767
0.0206437
0.0209346
0.0212671
0.0217093
0.0221657
0.022587
0.0229557
0.0233033
0.0237902
0.0243445
0.0248118
0.0252474
0.0257737
0.0263515
0.0268543
0.0273525
0.0278865
0.0284063
0.0290912
0.0298353
0.0303487
0.0308013
0.0314612
0.0322975
0.0330718
0.03359
0.0341237
0.0349784
0.0358765
0.0365169
0.0371177
0.0379597
0.0388893
0.0396273
0.0403156
0.0412194
0.0421611
0.0429571
0.0437989
0.0447616
0.0456925
0.0465916
0.0475657
0.0485626
0.0495343
0.0505336
0.0516006
0.0526447
0.0536793
0.0547931
0.0559275
0.0570296
0.0581684
0.0593796
0.060573
0.0617835
0.0630162
0.0643171
0.0656007
0.0669192
0.0682631
0.0696532
0.0710518
0.0724734
0.0739337
0.075415
0.0769486
0.0784504
0.0800541
0.0816388
0.0832788
0.0849263
0.0866179
0.0883639
0.0900789
0.0918928
0.0937039
0.095545
0.0974589
0.099344
0.101339
0.103334
0.105316
0.107324
0.10913
0.0159353
0.0164662
0.0170939
0.0177002
0.018215
0.0185992
0.0188944
0.0191423
0.0193633
0.0195388
0.0197026
0.0198822
0.020061
0.0202766
0.0205111
0.0207722
0.0210717
0.0213927
0.0218036
0.022256
0.0226826
0.0230811
0.0234382
0.0238768
0.0244002
0.0248923
0.025354
0.0258439
0.0264047
0.0269334
0.0274158
0.0279512
0.0284758
0.0291077
0.0298481
0.030424
0.0308896
0.0314851
0.0322667
0.0330937
0.0336892
0.0341695
0.034938
0.035881
0.0365888
0.0371487
0.0379403
0.0388993
0.0396704
0.0403349
0.0412158
0.0421761
0.0429842
0.0438099
0.0447676
0.045707
0.0466038
0.0475719
0.0485725
0.0495465
0.0505395
0.0516061
0.0526561
0.053687
0.0547972
0.0559372
0.0570404
0.0581733
0.0593856
0.0605848
0.0617927
0.0630221
0.0643257
0.0656102
0.066926
0.0682703
0.0696606
0.0710588
0.0724785
0.0739394
0.0754212
0.076953
0.0784549
0.0800589
0.0816429
0.0832814
0.0849305
0.0866212
0.0883668
0.0900821
0.0918967
0.0937086
0.0955487
0.0974643
0.0993509
0.101347
0.103343
0.105327
0.107337
0.109143
0.0160695
0.0165898
0.0172123
0.0178146
0.0183418
0.0187468
0.0190468
0.0192821
0.0194912
0.0196689
0.0198219
0.0200009
0.0201925
0.0204078
0.0206406
0.0208939
0.0211978
0.0215192
0.0219015
0.0223449
0.0227741
0.0231888
0.0235656
0.023976
0.0244679
0.0249604
0.0254454
0.025927
0.0264576
0.0270056
0.0274877
0.028011
0.0285464
0.0291385
0.0298568
0.0304794
0.0309729
0.0315341
0.0322494
0.0330819
0.0337709
0.0342534
0.0349135
0.035852
0.0366559
0.0372071
0.0379207
0.0388939
0.0397182
0.0403633
0.0412093
0.0421869
0.0430127
0.0438228
0.0447723
0.0457202
0.046617
0.0475782
0.0485814
0.0495599
0.0505464
0.0516109
0.0526677
0.0536959
0.0548006
0.0559468
0.0570522
0.0581779
0.0593908
0.0605968
0.0618019
0.0630278
0.0643343
0.0656196
0.0669325
0.0682772
0.0696684
0.0710661
0.0724842
0.0739456
0.0754274
0.0769568
0.0784598
0.0800641
0.0816471
0.0832848
0.0849353
0.0866248
0.0883695
0.0900855
0.0919003
0.0937128
0.0955522
0.0974695
0.0993579
0.101354
0.103352
0.105338
0.10735
0.109157
0.0162035
0.0167164
0.0173324
0.0179284
0.0184579
0.0188798
0.0191891
0.0194192
0.0196113
0.0197887
0.0199402
0.0201102
0.0203068
0.0205244
0.0207616
0.0210102
0.021312
0.0216412
0.0220022
0.0224303
0.0228636
0.0232859
0.0236811
0.0240799
0.0245467
0.025029
0.0255207
0.0260104
0.0265156
0.0270665
0.0275624
0.0280699
0.0286127
0.0291828
0.0298686
0.0305229
0.0310475
0.0315958
0.0322578
0.0330559
0.0338126
0.034353
0.0349264
0.0357997
0.036695
0.0372913
0.0379152
0.0388672
0.0397639
0.0404064
0.0412019
0.0421914
0.0430432
0.0438391
0.0447774
0.0457336
0.0466321
0.0475853
0.0485895
0.0495741
0.0505542
0.051615
0.0526796
0.0537059
0.0548036
0.0559562
0.0570651
0.058183
0.0593961
0.0606095
0.0618117
0.0630338
0.064343
0.0656292
0.0669396
0.0682844
0.0696762
0.0710728
0.07249
0.0739521
0.0754337
0.0769609
0.0784654
0.0800692
0.0816505
0.0832884
0.0849402
0.0866287
0.0883726
0.09009
0.091905
0.0937176
0.0955565
0.0974753
0.0993654
0.101362
0.103362
0.105349
0.107362
0.10917
0.016334
0.0168426
0.0174515
0.0180419
0.0185654
0.018996
0.0193153
0.0195469
0.0197263
0.0198964
0.020051
0.0202116
0.020407
0.0206259
0.0208706
0.021122
0.0214154
0.0217522
0.0221034
0.0225132
0.0229476
0.0233744
0.0237836
0.024182
0.0246312
0.0251017
0.0255874
0.0260867
0.026581
0.027121
0.0276335
0.0281319
0.0286719
0.0292337
0.029885
0.0305548
0.0311135
0.0316609
0.0322896
0.0330395
0.0338211
0.034443
0.0349863
0.0357506
0.0366877
0.0373825
0.0379404
0.0388215
0.0397919
0.0404653
0.0411967
0.0421845
0.0430732
0.0438578
0.0447803
0.0457453
0.0466475
0.0475923
0.0485967
0.049589
0.0505628
0.0516182
0.0526915
0.053717
0.0548059
0.0559651
0.057079
0.0581881
0.0594006
0.0606215
0.0618214
0.0630396
0.064351
0.0656382
0.0669466
0.0682913
0.069684
0.0710794
0.0724958
0.0739583
0.0754389
0.0769645
0.0784711
0.0800745
0.0816536
0.0832922
0.0849449
0.0866316
0.0883747
0.0900939
0.0919088
0.0937214
0.0955603
0.0974808
0.0993726
0.101369
0.103371
0.105359
0.107374
0.109183
0.0164609
0.016966
0.0175678
0.018152
0.0186659
0.0190957
0.0194222
0.0196587
0.0198334
0.0199901
0.0201468
0.0203039
0.0204945
0.0207138
0.0209633
0.0212255
0.0215116
0.0218516
0.0222028
0.0225952
0.0230254
0.0234561
0.0238755
0.024276
0.024714
0.0251754
0.0256501
0.0261526
0.0266463
0.0271725
0.0276962
0.0281968
0.0287288
0.0292874
0.0299098
0.0305783
0.0311699
0.0317243
0.0323316
0.0330395
0.0338124
0.0345038
0.0350755
0.0357404
0.0366453
0.0374581
0.0380127
0.0387807
0.0397928
0.04054
0.0412087
0.0421673
0.0431024
0.0438842
0.0447838
0.0457577
0.0466658
0.0475996
0.0486026
0.0496049
0.0505726
0.0516209
0.0527037
0.05373
0.0548081
0.0559732
0.0570937
0.0581944
0.0594054
0.0606339
0.0618322
0.0630466
0.0643597
0.0656478
0.0669551
0.068299
0.0696921
0.0710866
0.072503
0.073966
0.0754449
0.0769691
0.0784781
0.0800801
0.0816568
0.0832974
0.084951
0.0866358
0.0883783
0.0900996
0.0919143
0.093726
0.0955652
0.0974871
0.0993802
0.101377
0.10338
0.10537
0.107386
0.109195
0.0165864
0.0170846
0.0176777
0.0182541
0.0187585
0.0191795
0.0195081
0.019748
0.019924
0.0200703
0.0202244
0.0203834
0.0205694
0.0207901
0.0210412
0.0213166
0.0216033
0.0219396
0.0222965
0.0226772
0.0230996
0.0235302
0.023957
0.0243622
0.0247925
0.0252482
0.0257103
0.0262092
0.0267045
0.0272193
0.0277477
0.0282571
0.0287835
0.029336
0.029939
0.0305961
0.0312129
0.0317842
0.0323766
0.0330512
0.0337991
0.0345273
0.0351552
0.0357684
0.0365845
0.0374762
0.0381052
0.0387611
0.0397521
0.0406046
0.0412423
0.0421383
0.0431186
0.0439164
0.0447849
0.0457654
0.0466857
0.0476062
0.0486064
0.0496218
0.0505838
0.0516217
0.0527151
0.0537442
0.0548098
0.0559797
0.0571091
0.0582
0.0594094
0.0606447
0.0618428
0.0630532
0.0643664
0.0656559
0.066963
0.0683056
0.0696988
0.0710926
0.0725089
0.0739721
0.0754486
0.0769727
0.0784846
0.0800849
0.0816585
0.0833016
0.0849556
0.0866377
0.0883803
0.0901038
0.0919185
0.0937294
0.0955694
0.097493
0.0993874
0.101384
0.103388
0.105381
0.107398
0.109207
0.0167109
0.0171952
0.0177754
0.0183383
0.0188302
0.0192365
0.0195599
0.0198009
0.0199822
0.0201281
0.0202798
0.0204463
0.020633
0.0208578
0.021112
0.0213992
0.021696
0.022028
0.0223927
0.0227683
0.0231795
0.0236055
0.0240366
0.0244487
0.0248718
0.0253256
0.0257786
0.0262694
0.0267647
0.0272709
0.0278008
0.0283193
0.0288452
0.0293895
0.029978
0.03062
0.0312474
0.0318419
0.0324307
0.033079
0.0338029
0.0345396
0.0352188
0.0358394
0.0365648
0.0374558
0.0381984
0.0387998
0.0397007
0.0406458
0.0413078
0.0421174
0.0431183
0.0439577
0.0447929
0.0457686
0.0467097
0.0476156
0.0486071
0.0496394
0.0505984
0.0516215
0.0527257
0.0537616
0.0548128
0.0559839
0.0571244
0.0582105
0.0594134
0.0606542
0.061855
0.0630622
0.0643732
0.0656648
0.066973
0.0683135
0.0697062
0.0711006
0.0725173
0.0739802
0.0754538
0.0769779
0.0784928
0.0800904
0.0816616
0.0833083
0.0849627
0.0866416
0.0883845
0.0901101
0.091924
0.0937334
0.0955743
0.0974996
0.0993947
0.101392
0.103397
0.105391
0.107409
0.109218
0.0168698
0.017323
0.0178699
0.0184
0.0188638
0.0192411
0.0195416
0.0197709
0.0199508
0.0201024
0.0202565
0.020436
0.0206366
0.0208732
0.0211392
0.0214386
0.0217548
0.0220902
0.0224608
0.0228383
0.023239
0.0236595
0.0240905
0.0245109
0.0249281
0.0253811
0.0258329
0.0263118
0.0268063
0.0273076
0.0278382
0.0283643
0.0288936
0.0294362
0.0300128
0.0306403
0.0312667
0.03188
0.032478
0.033106
0.033808
0.0345391
0.0352415
0.035899
0.0365781
0.0374093
0.038239
0.0388688
0.0396595
0.0406395
0.04138
0.0421168
0.0430961
0.043995
0.0448108
0.0457627
0.0467316
0.0476312
0.0486032
0.0496541
0.0506176
0.0516198
0.0527315
0.0537808
0.0548173
0.0559847
0.0571403
0.0582233
0.0594173
0.0606613
0.0618682
0.0630727
0.0643781
0.0656719
0.0669834
0.0683205
0.0697113
0.0711069
0.0725243
0.073986
0.0754566
0.0769825
0.0785002
0.0800941
0.0816629
0.0833133
0.0849672
0.0866428
0.0883871
0.0901152
0.0919287
0.0937371
0.095579
0.0975061
0.0994015
0.101398
0.103405
0.105401
0.107419
0.109229
0.0171343
0.017584
0.0181114
0.0186103
0.0190367
0.0193723
0.0196285
0.0198241
0.0199827
0.0201274
0.0202767
0.0204584
0.0206694
0.0209148
0.0211907
0.0214965
0.0218262
0.0221675
0.0225367
0.0229142
0.0233051
0.0237178
0.0241457
0.0245743
0.0249904
0.0254392
0.0258951
0.0263617
0.0268518
0.0273516
0.0278797
0.0284097
0.0289392
0.0294864
0.0300546
0.0306667
0.0312897
0.0319114
0.0325258
0.033147
0.033828
0.0345508
0.035255
0.0359449
0.036623
0.037384
0.0382386
0.0389436
0.0396622
0.0406055
0.0414356
0.0421485
0.0430663
0.0440169
0.0448427
0.0457547
0.0467464
0.0476558
0.0485991
0.0496626
0.0506422
0.0516213
0.0527326
0.0538016
0.0548268
0.0559823
0.0571521
0.0582383
0.0594199
0.060663
0.0618807
0.0630849
0.0643814
0.0656778
0.0669942
0.0683284
0.0697168
0.0711146
0.0725333
0.0739931
0.0754602
0.0769881
0.0785089
0.0800983
0.0816657
0.0833208
0.084974
0.0866458
0.0883912
0.0901213
0.0919332
0.0937403
0.0955834
0.0975122
0.0994081
0.101405
0.103413
0.105411
0.107429
0.109238
0.0169432
0.0173255
0.0178018
0.0182742
0.018698
0.0190566
0.0193523
0.0196028
0.0198212
0.020027
0.0202286
0.0204493
0.0206924
0.0209592
0.0212488
0.021559
0.0218928
0.0222376
0.022602
0.0229757
0.02336
0.0237628
0.0241847
0.0246173
0.0250374
0.0254806
0.0259416
0.0264052
0.0268886
0.0273919
0.0279162
0.0284494
0.0289791
0.0295316
0.0300987
0.0306933
0.0313116
0.0319328
0.0325599
0.0331865
0.0338476
0.0345594
0.0352613
0.0359725
0.0366738
0.0373885
0.0382201
0.0389978
0.0397041
0.0405742
0.0414598
0.0422037
0.043051
0.0440177
0.0448816
0.0457541
0.0467477
0.0476851
0.048602
0.0496574
0.0506676
0.0516297
0.0527264
0.0538201
0.054842
0.0559776
0.0571639
0.0582621
0.0594278
0.0606642
0.0618966
0.0631024
0.0643858
0.0656844
0.067007
0.0683367
0.0697222
0.0711218
0.0725413
0.0739993
0.0754637
0.0769938
0.0785174
0.0801019
0.0816675
0.0833272
0.0849791
0.0866474
0.0883951
0.0901276
0.0919386
0.0937445
0.0955888
0.0975189
0.0994146
0.101411
0.103421
0.10542
0.107438
0.109252
0.018321
0.0183576
0.0183504
0.018384
0.0184832
0.0186513
0.0188699
0.0191324
0.0194199
0.0197218
0.0200226
0.020325
0.0206342
0.020948
0.0212681
0.0215899
0.0219263
0.0222736
0.0226389
0.023013
0.0233957
0.0237908
0.024204
0.0246376
0.0250631
0.0255029
0.0259637
0.0264335
0.0269136
0.0274181
0.0279383
0.0284709
0.029005
0.029559
0.0301317
0.0307118
0.0313244
0.0319479
0.0325813
0.0332226
0.033868
0.0345657
0.0352673
0.0359837
0.0367082
0.0374072
0.0381975
0.0390125
0.0397488
0.0405556
0.0414469
0.0422496
0.0430558
0.0439986
0.044911
0.0457675
0.0467368
0.0477079
0.0486
0.0496403
0.0506879
0.0516485
0.052716
0.0538333
0.0548642
0.0559709
0.057165
0.058283
0.0594313
0.0606562
0.0619068
0.0631166
0.0643854
0.0656867
0.0670171
0.0683424
0.0697258
0.0711289
0.0725487
0.0740037
0.0754666
0.076999
0.0785244
0.0801047
0.0816697
0.0833338
0.0849843
0.0866493
0.0883984
0.0901326
0.0919418
0.0937469
0.0955923
0.097524
0.0994199
0.101416
0.103427
0.105428
0.107447
0.109258
0.0170994
0.0174042
0.0177838
0.0181638
0.0185078
0.0188091
0.0190673
0.0193077
0.0195461
0.0197953
0.0200602
0.0203395
0.0206415
0.0209585
0.0212902
0.0216213
0.0219621
0.0223135
0.0226837
0.0230658
0.0234494
0.023841
0.0242406
0.0246667
0.0250937
0.0255312
0.0259881
0.0264646
0.026952
0.0274526
0.0279697
0.0284986
0.0290399
0.0295935
0.0301649
0.0307417
0.031342
0.0319689
0.0326006
0.0332527
0.0338952
0.0345717
0.0352807
0.0359945
0.0367319
0.0374418
0.0381964
0.0390185
0.039792
0.0405718
0.0414355
0.0422815
0.0430915
0.0439836
0.0449246
0.0457998
0.0467233
0.0477227
0.0486354
0.0496229
0.0506969
0.0516791
0.0527048
0.0538385
0.0548964
0.0559734
0.0571654
0.0583163
0.0594463
0.0606522
0.0619243
0.0631398
0.064391
0.0656939
0.0670326
0.0683517
0.0697316
0.0711383
0.0725584
0.0740095
0.0754715
0.0770071
0.078533
0.0801088
0.0816734
0.0833415
0.0849902
0.0866524
0.0884038
0.0901397
0.091948
0.0937519
0.0955982
0.0975307
0.099426
0.101422
0.103434
0.105436
0.107455
0.109268
0.0185087
0.0184437
0.018305
0.0182033
0.0181874
0.0182731
0.0184522
0.0187085
0.0190272
0.0193865
0.0197739
0.0201638
0.0205516
0.0209256
0.0212907
0.0216407
0.0219854
0.0223372
0.0227017
0.0230843
0.0234665
0.023856
0.0242473
0.0246628
0.0250929
0.0255303
0.0259885
0.0264691
0.026968
0.0274681
0.0279801
0.0285084
0.0290523
0.0296112
0.0301756
0.0307571
0.031352
0.0319781
0.032614
0.0332648
0.0339175
0.0345748
0.0352856
0.0360047
0.0367344
0.0374657
0.0382001
0.0390104
0.0398109
0.0405857
0.0414255
0.0422806
0.0431203
0.0439802
0.0449116
0.045832
0.0467185
0.0477146
0.0486745
0.0496128
0.0506849
0.051721
0.052701
0.0538225
0.0549271
0.0559697
0.0571446
0.0583367
0.0594598
0.0606353
0.0619271
0.0631562
0.0643892
0.0656918
0.0670406
0.0683558
0.0697326
0.0711427
0.0725641
0.074012
0.0754723
0.0770108
0.0785384
0.0801101
0.0816739
0.0833461
0.0849938
0.0866533
0.0884057
0.0901429
0.0919501
0.0937532
0.0956004
0.097534
0.0994294
0.101425
0.103438
0.105441
0.107461
0.109272
0.0180745
0.017932
0.0177481
0.017629
0.0176251
0.0177512
0.0180006
0.0183431
0.0187485
0.0191851
0.0196374
0.0200823
0.0205111
0.0209148
0.0212946
0.0216536
0.022001
0.0223523
0.0227116
0.0230892
0.0234709
0.0238578
0.0242485
0.0246592
0.0250907
0.0255303
0.02599
0.0264736
0.0269759
0.0274795
0.0279881
0.0285174
0.0290604
0.0296214
0.0301831
0.0307624
0.0313587
0.0319799
0.0326201
0.0332686
0.0339267
0.0345832
0.0352874
0.0360171
0.03674
0.0374803
0.0382183
0.0390132
0.0398262
0.0406043
0.0414354
0.0422859
0.0431402
0.0440033
0.0449087
0.04585
0.0467417
0.0477069
0.0486976
0.049636
0.0506717
0.0517391
0.0527243
0.053814
0.0549445
0.0559994
0.0571425
0.0583502
0.0594901
0.0606432
0.0619339
0.0631789
0.0644043
0.0656994
0.0670543
0.0683684
0.0697413
0.0711517
0.0725741
0.0740206
0.0754792
0.0770181
0.0785473
0.0801176
0.0816789
0.083353
0.0850014
0.0866589
0.0884118
0.09015
0.0919574
0.0937593
0.0956061
0.0975401
0.0994349
0.10143
0.103443
0.105448
0.10747
0.109283
)
;

boundaryField
{
    zeroGradientPlanes
    {
        type            zeroGradient;
    }
    inlet
    {
        type            zeroGradient;
    }
    plate
    {
        type            zeroGradient;
    }
    frontAndBack
    {
        type            empty;
    }
}


// ************************************************************************* //
