/*--------------------------------*- C++ -*----------------------------------*\
| =========                 |                                                 |
| \\      /  F ield         | OpenFOAM: The Open Source CFD Toolbox           |
|  \\    /   O peration     | Version:  v1912                                 |
|   \\  /    A nd           | Website:  www.openfoam.com                      |
|    \\/     M anipulation  |                                                 |
\*---------------------------------------------------------------------------*/
FoamFile
{
    version     2.0;
    format      ascii;
    class       volScalarField;
    location    "8.8";
    object      p;
}
// * * * * * * * * * * * * * * * * * * * * * * * * * * * * * * * * * * * * * //

dimensions      [0 2 -2 0 0 0 0];


internalField   nonuniform List<scalar> 
9600
(
1.605e-10
3.71862e-05
-0.00811976
0.00207694
0.00731435
0.00142728
0.00315147
0.00893322
0.00556914
0.00805069
0.00799803
0.00830618
0.0101772
0.0100218
0.0090529
0.0105154
0.0103077
0.0107697
0.00980999
0.0116889
-2.01824e-06
1.87717e-05
-0.00809793
0.00208085
0.0072604
0.00143736
0.00315927
0.00892465
0.00557859
0.00802674
0.00799964
0.00832042
0.0101608
0.010013
0.00907069
0.0104909
0.0103295
0.0107303
0.00985941
0.0116007
-5.95545e-06
-3.85379e-06
-0.00808452
0.00207327
0.007198
0.00146588
0.00316306
0.0089059
0.00558683
0.00798799
0.00800919
0.00834267
0.0101456
0.0100095
0.00908874
0.0104671
0.0103667
0.0106684
0.00990879
0.0114828
-1.10611e-05
-2.91547e-05
-0.0080673
0.0020768
0.00713517
0.00152004
0.00317069
0.00887827
0.00559701
0.00793742
0.00802262
0.00837382
0.0101264
0.0100079
0.0091071
0.0104427
0.0104028
0.0105993
0.00994446
0.0113477
-1.79804e-05
-5.32967e-05
-0.00803633
0.00208717
0.00706318
0.00160744
0.00318815
0.00884265
0.0056142
0.00787463
0.00803812
0.00840833
0.0101012
0.0100075
0.00912811
0.0104145
0.0104359
0.0105292
0.00995952
0.0112078
-2.67413e-05
-7.13558e-05
-0.00798165
0.00208895
0.00698225
0.00172756
0.00321927
0.00880202
0.00564043
0.00780245
0.00805454
0.00844221
0.0100737
0.0100068
0.00915189
0.0103834
0.0104682
0.0104599
0.00995387
0.0110741
-3.69095e-05
-7.97862e-05
-0.00789718
0.0020752
0.00689771
0.00187244
0.00326436
0.00875926
0.00567523
0.00772572
0.00807155
0.00847528
0.0100463
0.0100035
0.00917758
0.0103518
0.0104998
0.0103934
0.00993405
0.0109499
-4.78166e-05
-7.69669e-05
-0.00778011
0.00204802
0.00681471
0.00203003
0.00332102
0.00871589
0.00571744
0.00764928
0.00808951
0.00850767
0.0100196
0.00999623
0.00920391
0.0103204
0.01053
0.0103348
0.00990536
0.0108309
-5.86909e-05
-6.28273e-05
-0.0076301
0.00201358
0.0067355
0.00218857
0.00338538
0.00867225
0.00576642
0.00757671
0.00810874
0.008539
0.00999321
0.00998433
0.00922942
0.0102895
0.0105588
0.0102868
0.00986887
0.0107147
-6.88761e-05
-3.79056e-05
-0.00744872
0.00197858
0.00665978
0.00233964
0.00345331
0.00862814
0.00582195
0.00750978
0.00812943
0.00856887
0.00996705
0.00996781
0.00925203
0.01026
0.0105852
0.010249
0.00982549
0.0106029
-7.79546e-05
-2.71919e-06
-0.0072393
0.00194799
0.00658628
0.00247853
0.00352146
0.00858337
0.0058836
0.00744867
0.00815183
0.00859734
0.00994104
0.00994708
0.00927133
0.0102325
0.0106072
0.01022
0.00977807
0.0104958
-8.57056e-05
4.21532e-05
-0.00700635
0.00192438
0.00651362
0.00260367
0.00358791
0.00853804
0.00595051
0.00739268
0.00817625
0.00862478
0.00991511
0.00992304
0.00928713
0.0102074
0.0106239
0.0101986
0.00972887
0.010391
-9.19793e-05
9.68903e-05
-0.00675476
0.00190809
0.00644065
0.00271603
0.00365232
0.00849251
0.00602149
0.00734067
0.00820274
0.00865161
0.0098892
0.00989694
0.0092993
0.0101853
0.0106349
0.0101824
0.00967897
0.0102867
-9.66476e-05
0.000176886
-0.0064892
0.00189799
0.00636677
0.00281778
0.00371543
0.0084472
0.00609529
0.00729142
0.00823103
0.00867824
0.0098631
0.00987017
0.00930777
0.0101661
0.0106403
0.0101683
0.00963002
0.0101836
-9.96057e-05
0.00024602
-0.00621354
0.00189284
0.00629189
0.00291128
0.00377831
0.00840249
0.00617096
0.00724399
0.00826059
0.00870507
0.00983641
0.00984396
0.00931257
0.0101496
0.010641
0.0101534
0.00958365
0.010083
-0.000100675
0.00032256
-0.00593051
0.00189146
0.00621627
0.00299839
0.00384192
0.00835865
0.00624791
0.0071979
0.00829094
0.00873253
0.00980861
0.00981923
0.00931392
0.0101349
0.0106386
0.0101357
0.00953999
0.00998548
-9.96191e-05
0.000390194
-0.00564188
0.00189286
0.00614029
0.00308051
0.00390697
0.00831587
0.00632581
0.00715305
0.00832166
0.00876118
0.00977918
0.00979652
0.00931231
0.0101208
0.0106352
0.0101145
0.00949804
0.0098914
-9.61642e-05
0.000459277
-0.00534869
0.00188424
0.00606445
0.00315858
0.00397381
0.00827441
0.00640447
0.0071096
0.00835233
0.00879161
0.00974768
0.00977605
0.00930864
0.0101057
0.0106317
0.0100899
0.00945646
0.00980186
-9.00101e-05
0.000529555
-0.0050515
0.00189274
0.00598925
0.00323321
0.00404252
0.00823457
0.00648372
0.00706778
0.00838245
0.00882436
0.00971392
0.0097576
0.00930417
0.0100883
0.0106283
0.0100629
0.00941406
0.00971842
-8.08561e-05
0.000600626
-0.00475072
0.0019055
0.00591518
0.00330475
0.00411297
0.00819668
0.00656338
0.00702788
0.00841141
0.00885994
0.00967789
0.00974049
0.00930035
0.0100679
0.0106246
0.010035
0.00937003
0.00964255
-6.83855e-05
0.00067217
-0.00444667
0.00192206
0.0058427
0.00337343
0.00418485
0.00816107
0.00664329
0.00699044
0.00843856
0.00889887
0.00963984
0.00972373
0.00929824
0.0100441
0.0106199
0.010008
0.00932393
0.00957536
-5.22646e-05
0.000743935
-0.0041397
0.00194243
0.00577214
0.00343941
0.00425777
0.00812806
0.00672333
0.006955
0.00846317
0.00894151
0.00960035
0.00970629
0.00929831
0.010017
0.010614
0.00998338
0.00927538
0.00951721
-3.21438e-05
0.000815717
-0.00383023
0.00196678
0.00570384
0.00350289
0.00433129
0.00809789
0.00680343
0.00692173
0.00848457
0.00898809
0.00956019
0.00968729
0.00930096
0.00998683
0.0106066
0.00996328
0.00922371
0.00946682
-7.67246e-06
0.000887369
-0.00351866
0.00199523
0.00563805
0.00356415
0.00440491
0.0080707
0.00688353
0.00689104
0.00850226
0.00903873
0.00952014
0.00966611
0.00930648
0.00995383
0.0105973
0.00995034
0.00916887
0.00942042
2.15161e-05
0.000958754
-0.00320533
0.00202798
0.00557491
0.00362356
0.00447812
0.0080465
0.00696379
0.00686309
0.00851573
0.0090934
0.00948085
0.00964215
0.00931538
0.00991824
0.0105849
0.00994716
0.0091129
0.00937221
5.58134e-05
0.00102975
-0.0028906
0.00206522
0.00551459
0.0036816
0.00455047
0.00802521
0.00704447
0.00683798
0.00852445
0.00915211
0.00944302
0.00961471
0.00932837
0.00988106
0.0105675
0.00995557
0.00906042
0.00931536
9.56024e-05
0.00110035
-0.0025749
0.0021072
0.00545729
0.00373882
0.00462152
0.00800662
0.00712584
0.00681597
0.00852798
0.00921489
0.00940757
0.00958273
0.00934588
0.00984375
0.0105427
0.00997599
0.00901858
0.00924459
0.000141259
0.00117065
-0.00225858
0.00215413
0.0054032
0.00379581
0.00469092
0.00799035
0.0072082
0.00679747
0.00852568
0.00928171
0.00937579
0.00954492
0.00936816
0.00980869
0.0105088
0.0100063
0.00899502
0.00915986
0.000193158
0.00124081
-0.00194192
0.00220626
0.00535241
0.00385316
0.0047585
0.00797595
0.00729181
0.00678307
0.00851674
0.00935232
0.00934931
0.00949998
0.00939508
0.00977932
0.0104643
0.0100412
0.00899678
0.0090685
0.000251644
0.0013111
-0.00162542
0.00226385
0.00530511
0.00391219
0.0048243
0.00796278
0.0073768
0.00677358
0.00850024
0.00942608
0.00933016
0.00944667
0.00942536
0.00975958
0.0104095
0.0100737
0.00902803
0.00898393
0.000317039
0.00138183
-0.00130976
0.00232715
0.00526164
0.00397347
0.00488844
0.00795021
0.00746319
0.00677
0.00847546
0.00950185
0.00932079
0.00938411
0.00945575
0.00975412
0.0103478
0.010097
0.00908618
0.00891958
0.000389644
0.00145336
-0.000995705
0.00239646
0.00522225
0.0040357
0.00495123
0.00793774
0.00755072
0.00677346
0.00844204
0.00957792
0.00932386
0.00931234
0.00948175
0.00976671
0.010286
0.010106
0.00916241
0.00888683
0.000469695
0.00152609
-0.000684156
0.00247208
0.00518715
0.00410024
0.0050132
0.00792504
0.0076391
0.00678516
0.00839984
0.00965167
0.00934198
0.00923304
0.00949829
0.00979865
0.0102311
0.0100993
0.00924713
0.00889133
0.000557374
0.00160052
-0.000376027
0.00255418
0.00515666
0.00416739
0.00507478
0.00791185
0.00772799
0.00680632
0.00834925
0.00972008
0.00937714
0.00914921
0.00950039
0.00984917
0.01019
0.0100781
0.00933169
0.00893191
0.000652829
0.00167715
-7.22458e-05
0.00264287
0.00513132
0.0042372
0.00513624
0.00789804
0.00781681
0.0068379
0.00829146
0.00978019
0.00943055
0.00906474
0.00948312
0.00991584
0.0101705
0.0100446
0.00940775
0.00900202
0.000756145
0.00175652
0.000226369
0.00273824
0.00511162
0.00430995
0.00519785
0.00788355
0.00790519
0.00688106
0.00822772
0.00982825
0.00950245
0.00898548
0.00944144
0.00999156
0.0101821
0.0100055
0.00946784
0.00909383
0.000867356
0.00183925
0.0005192
0.00284022
0.00509813
0.00438612
0.00525987
0.0078681
0.00799265
0.00693702
0.00816036
0.00986018
0.00959088
0.00891951
0.00937338
0.0100652
0.0102313
0.00997178
0.00950512
0.00919845
0.000986501
0.00192594
0.00080581
0.0029488
0.00509132
0.00446591
0.00532264
0.00785165
0.00807833
0.00700632
0.00809234
0.00987326
0.00969166
0.00887438
0.00928146
0.0101248
0.0103206
0.00995796
0.00951504
0.00930242
0.00111358
0.00201712
0.00108605
0.00306373
0.00509168
0.0045497
0.00538632
0.00783459
0.00816161
0.00708869
0.00802668
0.00986586
0.00980022
0.00885632
0.00917044
0.010157
0.0104435
0.00998285
0.00950566
0.00939049
0.0012485
0.00211311
0.00136029
0.00318484
0.00509902
0.00463844
0.00545159
0.00781648
0.00824232
0.00718408
0.00796588
0.00983676
0.00991095
0.00887091
0.00905038
0.0101508
0.0105834
0.0100607
0.00949733
0.00945239
0.00139138
0.002214
0.00162878
0.00331232
0.00511292
0.0047322
0.00551951
0.00779748
0.00831918
0.0072926
0.00791144
0.00978596
0.0100179
0.00891874
0.00893011
0.0101036
0.0107226
0.0101905
0.00951394
0.00949193
0.00154231
0.00231989
0.00189173
0.00344628
0.0051331
0.00483128
0.00559082
0.00777833
0.00839129
0.00741247
0.0078648
0.0097159
0.0101151
0.0090005
0.00881846
0.0100121
0.0108395
0.0103648
0.00957436
0.00952646
0.0017013
0.00243089
0.00214927
0.00358712
0.00515916
0.00493575
0.00566694
0.00775957
0.00845849
0.00754142
0.00784
0.00963174
0.0101956
0.00911072
0.00873608
0.0098846
0.0109131
0.0105641
0.00968667
0.00957659
0.00186842
0.00254754
0.00240075
0.00373553
0.00519159
0.00504385
0.00574914
0.00774314
0.00851872
0.0076786
0.00783117
0.00953789
0.01026
0.00924159
0.00869813
0.00975384
0.0109506
0.0107875
0.00984818
0.0095948
0.00204348
0.00267023
0.00264566
0.00389234
0.00523078
0.005154
0.00583804
0.00773058
0.00857266
0.00782059
0.0078421
0.00943927
0.0103021
0.00939334
0.00870628
0.00963152
0.0109562
0.010997
0.0100371
0.00958858
0.00222658
0.00279967
0.00288294
0.00405756
0.00527934
0.00526381
0.00593248
0.00772448
0.00862111
0.00796503
0.00787497
0.00933908
0.0103194
0.00955916
0.00875942
0.00953065
0.0109339
0.0111901
0.0102451
0.00957031
0.00241771
0.0029366
0.00311172
0.00423093
0.00533919
0.0053721
0.00603196
0.00772739
0.00866398
0.00811148
0.00792572
0.00924659
0.0103217
0.00972208
0.00885029
0.00943654
0.0108423
0.0112909
0.0104608
0.0096844
0.00261637
0.00308168
0.00333172
0.00441122
0.00541291
0.00547935
0.00613447
0.0077391
0.0087045
0.00825694
0.00799692
0.00916666
0.0102984
0.00988416
0.00899692
0.0093829
0.0107317
0.0113769
0.0106752
0.0097627
0.00282232
0.00323593
0.00354315
0.00459598
0.00550339
0.00558665
0.00623546
0.00776015
0.00874592
0.00840096
0.00808752
0.00909854
0.0102557
0.0100301
0.00916569
0.00936253
0.0105978
0.0113823
0.0108752
0.00993952
0.00303494
0.00339989
0.00374691
0.00478277
0.00561139
0.00569613
0.00633374
0.00778971
0.00878861
0.00854282
0.00819687
0.00904721
0.0101948
0.0101498
0.00935415
0.00938242
0.0104504
0.0113333
0.0110643
0.0101885
0.00325322
0.00357455
0.00394461
0.00496793
0.00573681
0.00581293
0.0064281
0.00782204
0.00883478
0.00868444
0.00832223
0.00901094
0.0101192
0.0102501
0.00955711
0.00943592
0.010324
0.0112556
0.0112185
0.0104676
0.00347649
0.00376036
0.00413843
0.00514868
0.00587823
0.00594137
0.00651799
0.00785451
0.00888507
0.00882484
0.00845925
0.00899763
0.0100452
0.0103239
0.00975184
0.00953286
0.0102425
0.0111618
0.011322
0.0107439
0.0037041
0.00395715
0.00433091
0.00532323
0.0060318
0.00608557
0.00660742
0.0078828
0.00893481
0.0089657
0.00861035
0.00901084
0.00997228
0.0103653
0.00994228
0.00967388
0.0102046
0.0110605
0.0113764
0.0109967
0.00393533
0.0041648
0.00452464
0.00549035
0.00619291
0.00624797
0.00670148
0.00790415
0.00898001
0.00910742
0.00877306
0.00904968
0.00990929
0.0103876
0.0101197
0.0098376
0.0102087
0.0109755
0.0113964
0.0112103
0.00416957
0.00438265
0.00472201
0.00565069
0.00635586
0.00642699
0.00680866
0.0079211
0.0090138
0.00924557
0.00895102
0.0091206
0.00986638
0.0103931
0.0102695
0.0100146
0.0102636
0.0109273
0.0113952
0.0113693
0.00440625
0.00460969
0.00492523
0.00580578
0.00651612
0.00661927
0.00693577
0.00793917
0.00903086
0.0093744
0.00914444
0.00922423
0.00984795
0.0103896
0.0103951
0.0101972
0.0103555
0.0109128
0.0113915
0.0114859
0.004645
0.00484446
0.00513588
0.0059577
0.00667125
0.00681869
0.00708512
0.00796856
0.00903137
0.00948565
0.00934512
0.00935988
0.00986171
0.010387
0.0104971
0.0103711
0.0104716
0.0109332
0.0114077
0.0115849
0.00488564
0.00508504
0.00535477
0.00610955
0.00681959
0.00701901
0.00725557
0.00801894
0.00902331
0.00957159
0.00954242
0.00952585
0.00991182
0.0103925
0.0105791
0.0105363
0.0106117
0.0109856
0.0114368
0.0116706
0.00512811
0.00532928
0.00558176
0.00626485
0.00696047
0.00721568
0.00744201
0.00809621
0.00902104
0.00963078
0.00972304
0.00971247
0.00999934
0.0104184
0.0106488
0.0106856
0.010762
0.011061
0.0114777
0.0117564
0.0053724
0.0055751
0.00581548
0.00642695
0.00709571
0.00740565
0.00763795
0.00820107
0.00903624
0.0096733
0.0098781
0.00990392
0.0101185
0.0104729
0.0107159
0.0108137
0.0109134
0.0111663
0.0115478
0.0118523
0.00561847
0.00582092
0.00605332
0.00659828
0.00722988
0.00758702
0.00783733
0.00833041
0.00907609
0.0097113
0.0100079
0.0100897
0.0102618
0.0105554
0.0107932
0.0109313
0.0110598
0.0112889
0.0116388
0.0119526
0.00586598
0.00606587
0.00629264
0.00677996
0.00736742
0.00775918
0.0080355
0.00847903
0.00914266
0.00975484
0.010116
0.0102617
0.0104201
0.010662
0.0108853
0.0110502
0.0111997
0.01141
0.0117378
0.0120634
0.0061143
0.00630943
0.00653143
0.00697156
0.00751172
0.00792363
0.00822901
0.0086413
0.00923442
0.00981158
0.0102103
0.0104148
0.0105826
0.0107916
0.0109907
0.0111701
0.0113428
0.0115361
0.0118429
0.0121849
0.0063626
0.0065514
0.00676833
0.00717128
0.00766516
0.00808306
0.00841555
0.00881239
0.00934857
0.00988504
0.0103033
0.0105545
0.0107391
0.0109387
0.0111154
0.0112889
0.0114874
0.0116769
0.0119529
0.0123033
0.00661004
0.00679165
0.00700245
0.00737648
0.00782837
0.00824103
0.0085949
0.00898776
0.00948141
0.00997679
0.0104013
0.0106871
0.0108874
0.0110899
0.0112617
0.0114154
0.0116235
0.0118268
0.0120749
0.012421
0.00685566
0.00702984
0.00723329
0.0075847
0.00800057
0.00840038
0.00876823
0.00916387
0.00962821
0.0100873
0.010506
0.0108163
0.0110323
0.0112362
0.0114198
0.0115612
0.0117548
0.0119741
0.0122117
0.0125431
0.00709839
0.00726535
0.00746036
0.00779381
0.00818066
0.00856283
0.00893698
0.00933883
0.00978479
0.0102151
0.0106204
0.0109443
0.0111769
0.0113817
0.011576
0.0117228
0.0118964
0.0121153
0.0123539
0.0126691
0.00733715
0.00749739
0.00768343
0.00800178
0.00836607
0.00872994
0.00910369
0.0095111
0.00994745
0.0103576
0.0107494
0.0110757
0.0113211
0.0115325
0.0117301
0.0118856
0.0120515
0.0122588
0.0124976
0.0128004
0.00757066
0.00772486
0.00790201
0.00820759
0.00855399
0.00890064
0.0092707
0.00968146
0.0101136
0.0105117
0.0108915
0.0112156
0.0114654
0.0116864
0.0118915
0.0120459
0.0122111
0.0124121
0.0126463
0.0129397
0.0077978
0.00794632
0.00811499
0.00840991
0.008743
0.00907417
0.00943768
0.00984979
0.0102821
0.010676
0.0110477
0.011366
0.0116151
0.0118382
0.0120608
0.0122146
0.0123704
0.0125703
0.0128004
0.0130866
0.00801685
0.00816098
0.00832148
0.00860693
0.00893026
0.00925023
0.00960603
0.0100152
0.0104505
0.0108488
0.0112063
0.0115224
0.0117777
0.011991
0.012227
0.0123964
0.012536
0.0127281
0.0129571
0.0132392
0.00822603
0.00836651
0.0085204
0.00879802
0.00911329
0.00942534
0.00977603
0.0101801
0.0106156
0.0110291
0.0113743
0.0116814
0.0119517
0.0121571
0.0123881
0.0125832
0.0127168
0.0128902
0.0131137
0.0133927
0.00842313
0.00856207
0.00871007
0.00898095
0.00929097
0.00959763
0.00994427
0.0103458
0.010779
0.011202
0.0115423
0.0118434
0.0121291
0.0123431
0.0125576
0.0127707
0.0129164
0.0130653
0.0132695
0.0135385
0.00860573
0.00874521
0.00888926
0.00915345
0.00946023
0.00976685
0.0101076
0.0105057
0.010954
0.0114368
0.0117726
0.0120487
0.0123307
0.0125622
0.012766
0.0129854
0.0131582
0.0132933
0.0134693
0.013708
0.00877054
0.00891228
0.00905633
0.00931598
0.00962028
0.00993142
0.0102685
0.0106343
0.0110274
0.0113496
0.0117813
0.0121241
0.01244
0.0127034
0.012923
0.013151
0.0133771
0.0135687
0.0137767
0.0140368
0.00891527
0.00906074
0.00920586
0.00946529
0.00977055
0.0100886
0.0104496
0.010844
0.0112811
0.0118031
0.0122099
0.0125091
0.0127916
0.0130302
0.0132195
0.0133646
0.013487
0.0135729
0.0136684
0.0138326
0.00903721
0.00918176
0.00933149
0.00959783
0.00991144
0.0102234
0.0105257
0.0108494
0.0112151
0.0115836
0.0120368
0.0124333
0.0128604
0.0132258
0.0135676
0.0139212
0.0143052
0.0146992
0.0150715
0.0153997
0.00912927
0.00930398
0.00945432
0.00973194
0.0100612
0.010414
0.0108001
0.0112048
0.0116633
0.0121181
0.0125677
0.0129306
0.0132128
0.0134315
0.0135968
0.0137322
0.0138328
0.0139049
0.0139655
0.014067
0.00913929
0.00927635
0.00951678
0.00985626
0.0102058
0.0105491
0.0108791
0.011245
0.0116417
0.012026
0.012379
0.0127036
0.0130679
0.0134643
0.013849
0.0142441
0.0146558
0.0150591
0.0154109
0.0156707
0.00921549
0.0094
0.00962534
0.00997061
0.0103471
0.0107195
0.0111151
0.0115248
0.0119958
0.012431
0.0128465
0.0132428
0.0135304
0.0137962
0.014064
0.0143081
0.0145614
0.0148117
0.0150381
0.0151984
0.0129249
0.0101422
0.00524342
0.00156737
0.00147152
0.00353306
0.00571144
0.00728727
0.00831916
0.00917071
0.0101233
0.0111017
0.0119119
0.0125552
0.0132168
0.0139657
0.0146737
0.0153988
0.0162431
0.0170575
0.0177588
0.018403
0.0190122
0.019695
0.0204877
0.0212162
0.0218424
0.0225094
0.0232451
0.0239996
0.0247622
0.0255639
0.0264064
0.0272251
0.0280011
0.028814
0.0296603
0.0304843
0.0312555
0.0320231
0.0328381
0.0336719
0.0345045
0.0353639
0.0362556
0.0371627
0.0380911
0.0390192
0.0399793
0.0409939
0.0420045
0.0430095
0.0440605
0.0450981
0.0460951
0.0471325
0.0482268
0.0493417
0.050495
0.0516875
0.0528894
0.0540907
0.0552496
0.0564698
0.0577457
0.0590231
0.0603432
0.0616924
0.0630652
0.0644191
0.0658328
0.0672538
0.0686948
0.0701798
0.0717048
0.073268
0.0748171
0.0764032
0.078035
0.0797531
0.0815445
0.0832599
0.0849041
0.0866803
0.088539
0.0904251
0.0924138
0.0943491
0.0961743
0.0981519
0.100242
0.102355
0.104449
0.106613
0.108753
0.1109
0.113046
0.115253
0.117293
0.119068
0.0127125
0.0100789
0.00534866
0.00171697
0.00155966
0.00357858
0.00574213
0.00730818
0.0083332
0.0091807
0.0101315
0.0111094
0.0119192
0.0125615
0.0132221
0.0139704
0.0146778
0.0154021
0.0162461
0.0170605
0.0177614
0.0184055
0.0190143
0.0196967
0.0204894
0.021218
0.0218439
0.0225108
0.0232464
0.0240008
0.0247633
0.025565
0.0264075
0.0272262
0.028002
0.0288148
0.0296612
0.0304852
0.0312564
0.0320239
0.0328388
0.0336726
0.0345052
0.0353645
0.0362561
0.0371633
0.0380916
0.0390197
0.0399797
0.0409944
0.0420049
0.0430099
0.0440609
0.0450985
0.0460955
0.0471328
0.0482272
0.049342
0.0504953
0.0516878
0.0528897
0.054091
0.0552499
0.0564701
0.0577459
0.0590233
0.0603434
0.0616926
0.0630654
0.0644193
0.065833
0.067254
0.068695
0.07018
0.071705
0.0732682
0.0748173
0.0764034
0.0780352
0.0797533
0.0815447
0.0832601
0.0849043
0.0866804
0.0885391
0.0904252
0.0924139
0.0943492
0.0961745
0.098152
0.100242
0.102355
0.104449
0.106613
0.108753
0.1109
0.113046
0.115253
0.117293
0.119068
0.0123843
0.00994821
0.00552449
0.00199128
0.0017087
0.00362809
0.00576544
0.00732913
0.0083517
0.0091951
0.0101421
0.0111173
0.0119256
0.0125672
0.0132275
0.0139753
0.0146819
0.0154055
0.0162492
0.0170633
0.0177639
0.0184077
0.0190162
0.0196982
0.020491
0.0212195
0.0218452
0.022512
0.0232475
0.0240018
0.0247643
0.0255659
0.0264084
0.0272271
0.0280028
0.0288155
0.0296619
0.030486
0.0312571
0.0320245
0.0328394
0.0336732
0.0345057
0.035365
0.0362566
0.0371638
0.0380921
0.0390201
0.0399801
0.0409947
0.0420053
0.0430102
0.0440613
0.0450988
0.0460958
0.0471331
0.0482275
0.0493423
0.0504956
0.0516881
0.0528899
0.0540912
0.0552501
0.0564703
0.0577461
0.0590235
0.0603436
0.0616928
0.0630656
0.0644194
0.0658331
0.0672541
0.0686952
0.0701802
0.0717051
0.0732683
0.0748175
0.0764035
0.0780353
0.0797534
0.0815448
0.0832602
0.0849044
0.0866805
0.0885393
0.0904253
0.092414
0.0943494
0.0961746
0.0981521
0.100242
0.102355
0.104449
0.106613
0.108753
0.1109
0.113046
0.115253
0.117293
0.119068
0.012058
0.0098314
0.00575757
0.0023443
0.0019153
0.00369729
0.00579896
0.00736002
0.00837959
0.00921777
0.0101586
0.0111282
0.0119335
0.0125746
0.0132348
0.0139821
0.014688
0.0154106
0.0162535
0.0170669
0.017767
0.0184108
0.0190191
0.0197006
0.020493
0.0212213
0.0218467
0.0225134
0.0232488
0.0240029
0.0247653
0.0255669
0.0264095
0.0272281
0.0280036
0.0288163
0.0296627
0.0304868
0.0312578
0.0320251
0.03284
0.0336738
0.0345063
0.0353656
0.0362572
0.0371643
0.0380926
0.0390206
0.0399805
0.0409951
0.0420057
0.0430105
0.0440617
0.0450992
0.0460961
0.0471333
0.0482277
0.0493426
0.0504958
0.0516883
0.0528902
0.0540915
0.0552503
0.0564704
0.0577464
0.0590237
0.0603438
0.0616929
0.0630658
0.0644196
0.0658333
0.0672543
0.0686953
0.0701803
0.0717053
0.0732685
0.0748176
0.0764036
0.0780354
0.0797535
0.081545
0.0832604
0.0849045
0.0866806
0.0885394
0.0904254
0.0924142
0.0943496
0.0961746
0.0981521
0.100242
0.102355
0.104449
0.106613
0.108754
0.110901
0.113046
0.115253
0.117293
0.119068
0.011753
0.00973599
0.00600618
0.00271867
0.00214528
0.00377688
0.00583634
0.00739608
0.00841479
0.00924859
0.0101821
0.0111434
0.0119442
0.0125849
0.0132453
0.0139919
0.0146966
0.0154183
0.0162596
0.0170712
0.0177707
0.0184151
0.0190238
0.0197046
0.0204958
0.0212236
0.021849
0.0225156
0.0232506
0.0240042
0.0247664
0.0255682
0.0264108
0.0272293
0.0280047
0.0288173
0.0296637
0.0304877
0.0312587
0.0320259
0.0328407
0.0336745
0.0345069
0.0353662
0.0362578
0.0371648
0.0380931
0.0390211
0.039981
0.0409956
0.0420061
0.043011
0.0440621
0.0450997
0.0460964
0.0471336
0.048228
0.0493429
0.0504961
0.0516886
0.0528905
0.0540919
0.0552506
0.0564706
0.0577466
0.0590239
0.060344
0.0616932
0.063066
0.0644198
0.0658335
0.0672545
0.0686955
0.0701805
0.0717054
0.0732687
0.0748178
0.0764038
0.0780356
0.0797536
0.0815452
0.0832607
0.0849046
0.0866807
0.0885395
0.0904255
0.0924143
0.0943498
0.0961747
0.0981522
0.100242
0.102356
0.104449
0.106613
0.108754
0.110901
0.113047
0.115253
0.117294
0.119068
0.011472
0.00964189
0.00624573
0.00309739
0.00239021
0.00386358
0.00587404
0.00743297
0.00845286
0.00928345
0.0102096
0.0111617
0.0119575
0.0125985
0.0132597
0.0140048
0.0147081
0.0154285
0.0162673
0.0170762
0.0177749
0.0184206
0.0190305
0.0197106
0.0204998
0.0212267
0.0218526
0.0225191
0.0232531
0.0240058
0.0247679
0.0255699
0.0264122
0.0272306
0.0280059
0.0288185
0.0296648
0.0304889
0.0312599
0.0320269
0.0328415
0.0336752
0.0345077
0.0353671
0.0362587
0.0371655
0.0380937
0.0390218
0.0399816
0.0409962
0.0420066
0.0430115
0.0440627
0.0451002
0.0460968
0.0471339
0.0482284
0.0493432
0.0504964
0.051689
0.0528908
0.0540922
0.0552509
0.0564709
0.0577469
0.0590242
0.0603443
0.0616934
0.0630663
0.06442
0.0658337
0.0672547
0.0686957
0.0701806
0.0717056
0.0732689
0.074818
0.0764039
0.0780357
0.0797536
0.0815454
0.0832609
0.0849047
0.0866808
0.0885397
0.0904256
0.0924144
0.09435
0.0961748
0.0981522
0.100242
0.102356
0.104449
0.106614
0.108754
0.110901
0.113047
0.115254
0.117294
0.119069
0.011208
0.00953966
0.00647295
0.0034809
0.00265162
0.00395867
0.00591214
0.00747001
0.00849267
0.00932052
0.0102391
0.0111816
0.0119727
0.0126148
0.0132772
0.0140207
0.0147221
0.0154409
0.0162763
0.0170817
0.0177794
0.0184269
0.019039
0.0197183
0.0205047
0.0212307
0.0218576
0.0225244
0.0232569
0.0240081
0.0247699
0.025572
0.0264139
0.0272318
0.0280073
0.0288198
0.029666
0.0304902
0.0312614
0.0320284
0.0328427
0.0336761
0.0345087
0.0353682
0.0362597
0.0371663
0.0380944
0.0390227
0.0399824
0.0409968
0.0420072
0.0430122
0.0440634
0.0451008
0.0460972
0.0471343
0.0482287
0.0493436
0.0504968
0.0516893
0.0528912
0.0540927
0.0552513
0.0564712
0.0577472
0.0590244
0.0603446
0.0616937
0.0630666
0.0644202
0.0658339
0.067255
0.0686959
0.0701808
0.0717058
0.0732691
0.0748181
0.0764041
0.0780358
0.0797537
0.0815456
0.0832612
0.0849048
0.0866809
0.0885398
0.0904256
0.0924146
0.0943503
0.0961749
0.0981523
0.100242
0.102356
0.104449
0.106614
0.108754
0.110901
0.113047
0.115254
0.117295
0.11907
0.0109589
0.00943322
0.00669028
0.00386939
0.00293034
0.00406402
0.00595152
0.00750727
0.00853428
0.00935976
0.0102704
0.011203
0.0119891
0.0126327
0.0132968
0.0140386
0.0147379
0.0154547
0.0162861
0.0170873
0.017784
0.0184337
0.0190487
0.0197273
0.0205102
0.0212352
0.0218641
0.0225315
0.0232621
0.0240114
0.0247727
0.0255748
0.0264159
0.0272333
0.0280087
0.028821
0.0296669
0.0304914
0.0312632
0.0320303
0.0328442
0.0336773
0.03451
0.0353696
0.036261
0.0371672
0.0380953
0.0390237
0.0399834
0.0409975
0.0420079
0.043013
0.0440643
0.0451015
0.0460977
0.0471348
0.0482292
0.049344
0.0504972
0.0516897
0.0528917
0.0540932
0.0552517
0.0564715
0.0577475
0.0590248
0.0603449
0.061694
0.0630669
0.0644205
0.0658342
0.0672552
0.0686961
0.070181
0.0717059
0.0732693
0.0748184
0.0764043
0.078036
0.0797538
0.0815458
0.0832615
0.0849049
0.086681
0.08854
0.0904257
0.0924147
0.0943506
0.096175
0.0981523
0.100243
0.102356
0.10445
0.106614
0.108754
0.110901
0.113047
0.115255
0.117296
0.119071
0.0107301
0.00932888
0.00689596
0.00425892
0.00322587
0.0041819
0.00599358
0.00754484
0.00857763
0.00940144
0.0103039
0.0112257
0.0120065
0.0126517
0.0133178
0.0140581
0.0147551
0.0154697
0.0162966
0.0170933
0.0177888
0.018441
0.0190591
0.0197369
0.0205157
0.0212399
0.0218713
0.02254
0.0232688
0.0240157
0.0247762
0.0255782
0.0264184
0.0272349
0.0280104
0.0288222
0.0296675
0.0304923
0.0312651
0.0320326
0.0328461
0.0336788
0.0345116
0.0353716
0.0362628
0.0371684
0.0380963
0.039025
0.0399846
0.0409982
0.0420085
0.0430139
0.0440653
0.0451023
0.0460984
0.0471354
0.0482297
0.0493444
0.0504977
0.0516901
0.0528921
0.0540938
0.0552523
0.0564719
0.0577478
0.0590251
0.0603453
0.0616944
0.0630674
0.0644209
0.0658345
0.0672556
0.0686964
0.0701813
0.0717061
0.0732695
0.0748186
0.0764045
0.0780361
0.0797538
0.0815461
0.0832619
0.084905
0.0866811
0.0885401
0.0904258
0.0924149
0.0943509
0.0961751
0.0981523
0.100243
0.102356
0.10445
0.106614
0.108754
0.110901
0.113048
0.115255
0.117298
0.119072
0.0105267
0.00922862
0.00708584
0.00464541
0.00353772
0.00431435
0.00603919
0.00758219
0.00862223
0.00944569
0.0103398
0.0112502
0.0120249
0.0126715
0.0133399
0.0140785
0.0147732
0.0154856
0.0163079
0.0170998
0.017794
0.0184486
0.01907
0.019747
0.0205214
0.0212444
0.0218788
0.0225492
0.0232765
0.0240211
0.0247806
0.0255822
0.0264212
0.0272369
0.0280124
0.0288235
0.0296676
0.0304927
0.0312668
0.0320352
0.0328484
0.0336807
0.0345136
0.0353739
0.036265
0.0371699
0.0380976
0.0390266
0.039986
0.0409989
0.042009
0.0430149
0.0440663
0.0451031
0.0460992
0.0471363
0.0482304
0.049345
0.0504982
0.0516904
0.0528926
0.0540944
0.055253
0.0564724
0.0577482
0.0590256
0.0603458
0.0616949
0.0630678
0.0644214
0.0658349
0.067256
0.0686969
0.0701816
0.0717063
0.0732697
0.0748189
0.0764047
0.0780363
0.0797539
0.0815464
0.0832623
0.0849051
0.0866812
0.0885403
0.0904259
0.0924151
0.0943513
0.0961753
0.0981524
0.100243
0.102356
0.10445
0.106614
0.108755
0.110901
0.113048
0.115256
0.117299
0.119073
0.0103485
0.00913273
0.00725849
0.00502584
0.00386349
0.00446175
0.00608851
0.00761875
0.00866771
0.00949274
0.0103786
0.0112768
0.0120447
0.0126923
0.0133628
0.0140999
0.0147922
0.0155025
0.01632
0.0171069
0.0177995
0.0184565
0.0190813
0.0197574
0.0205272
0.021249
0.0218864
0.0225586
0.0232847
0.0240272
0.0247857
0.0255867
0.0264243
0.0272392
0.0280148
0.028825
0.0296675
0.0304926
0.0312681
0.0320377
0.0328509
0.0336829
0.0345159
0.0353766
0.0362675
0.0371718
0.0380991
0.0390285
0.0399878
0.0409998
0.0420096
0.0430157
0.0440671
0.0451038
0.0461
0.0471374
0.0482315
0.049346
0.0504988
0.0516907
0.0528928
0.054095
0.0552539
0.0564731
0.0577487
0.059026
0.0603463
0.0616954
0.0630684
0.0644219
0.0658354
0.0672566
0.0686974
0.0701821
0.0717067
0.0732701
0.0748192
0.0764049
0.0780364
0.0797539
0.0815467
0.0832628
0.0849053
0.0866813
0.0885404
0.0904259
0.0924153
0.0943517
0.0961754
0.0981525
0.100243
0.102357
0.10445
0.106614
0.108755
0.110902
0.113048
0.115258
0.117301
0.119075
0.0101931
0.00904415
0.00741494
0.00539568
0.00419819
0.00462369
0.00614269
0.00765483
0.00871387
0.00954263
0.0104206
0.0113058
0.0120659
0.012714
0.0133866
0.0141221
0.014812
0.0155203
0.0163331
0.0171146
0.0178056
0.0184648
0.019093
0.0197684
0.0205334
0.0212537
0.021894
0.0225682
0.0232932
0.0240337
0.0247913
0.0255917
0.0264276
0.0272416
0.0280174
0.0288268
0.0296674
0.0304921
0.0312692
0.0320402
0.0328535
0.0336853
0.0345185
0.0353795
0.0362703
0.037174
0.038101
0.0390308
0.0399898
0.0410009
0.0420102
0.0430165
0.0440677
0.0451041
0.0461007
0.0471386
0.0482329
0.0493473
0.0504997
0.0516909
0.0528929
0.0540954
0.0552547
0.056474
0.0577493
0.0590266
0.0603468
0.0616958
0.0630689
0.0644224
0.0658359
0.0672572
0.0686982
0.0701827
0.0717071
0.0732706
0.0748197
0.0764053
0.0780365
0.0797538
0.081547
0.0832635
0.0849056
0.0866814
0.0885405
0.0904259
0.0924155
0.0943522
0.0961756
0.0981525
0.100243
0.102357
0.10445
0.106614
0.108755
0.110902
0.113049
0.115259
0.117304
0.119077
0.0100597
0.00896722
0.00755526
0.00574877
0.00453726
0.00480109
0.00620403
0.00769096
0.00875996
0.00959482
0.0104658
0.0113374
0.0120888
0.0127368
0.0134113
0.0141451
0.0148326
0.0155391
0.0163471
0.0171231
0.0178121
0.0184735
0.0191052
0.0197798
0.0205401
0.0212588
0.0219019
0.022578
0.0233018
0.0240406
0.0247973
0.025597
0.0264311
0.0272441
0.0280204
0.028829
0.0296673
0.0304914
0.03127
0.0320426
0.0328563
0.0336878
0.0345212
0.0353827
0.0362734
0.0371763
0.0381031
0.0390333
0.0399921
0.0410022
0.042011
0.0430173
0.0440681
0.0451041
0.046101
0.0471397
0.0482344
0.049349
0.050501
0.0516912
0.0528928
0.0540956
0.0552555
0.0564749
0.0577501
0.0590275
0.0603474
0.0616961
0.0630693
0.064423
0.0658365
0.0672578
0.068699
0.0701834
0.0717076
0.0732712
0.0748205
0.0764058
0.0780366
0.0797535
0.0815472
0.0832642
0.0849062
0.0866817
0.0885406
0.0904257
0.0924156
0.0943527
0.0961759
0.0981527
0.100243
0.102357
0.104451
0.106615
0.108756
0.110902
0.11305
0.115261
0.117307
0.119079
0.00994735
0.00890409
0.00767881
0.00608109
0.0048785
0.00499557
0.00627453
0.00772725
0.008805
0.00964862
0.0105142
0.0113721
0.0121138
0.0127609
0.0134368
0.0141688
0.0148539
0.0155589
0.0163622
0.0171324
0.0178192
0.0184827
0.0191178
0.0197919
0.0205475
0.0212645
0.0219103
0.022588
0.0233108
0.0240479
0.0248039
0.0256028
0.0264348
0.0272467
0.0280236
0.0288314
0.0296674
0.0304906
0.0312708
0.0320451
0.0328592
0.0336906
0.0345242
0.035386
0.0362765
0.0371786
0.0381053
0.0390361
0.0399946
0.0410036
0.0420119
0.0430181
0.0440683
0.0451037
0.046101
0.0471404
0.0482358
0.049351
0.0505027
0.0516918
0.0528926
0.0540955
0.055256
0.0564758
0.0577511
0.0590286
0.0603481
0.0616964
0.0630696
0.0644234
0.065837
0.0672585
0.0686999
0.0701843
0.0717082
0.0732719
0.0748215
0.0764066
0.0780368
0.079753
0.0815471
0.0832649
0.0849069
0.0866822
0.0885407
0.0904254
0.0924155
0.0943533
0.0961763
0.098153
0.100244
0.102357
0.104451
0.106615
0.108756
0.110902
0.11305
0.115263
0.11731
0.119082
0.00985284
0.00885475
0.00778765
0.00639211
0.0052202
0.00520748
0.00635587
0.00776446
0.00884854
0.00970347
0.0105659
0.01141
0.0121411
0.0127865
0.0134634
0.0141933
0.0148761
0.0155798
0.0163785
0.0171425
0.0178269
0.0184924
0.019131
0.0198047
0.0205556
0.0212708
0.0219191
0.0225983
0.0233201
0.0240558
0.0248111
0.025609
0.0264387
0.0272493
0.028027
0.0288343
0.0296677
0.0304899
0.0312717
0.0320478
0.0328622
0.0336934
0.0345272
0.0353895
0.0362798
0.0371811
0.0381076
0.0390391
0.0399972
0.0410051
0.0420129
0.0430189
0.0440683
0.045103
0.0461007
0.047141
0.048237
0.049353
0.0505047
0.0516925
0.0528923
0.0540951
0.0552563
0.0564765
0.0577521
0.0590299
0.0603491
0.0616967
0.0630699
0.0644238
0.0658375
0.0672592
0.0687009
0.0701852
0.0717089
0.0732726
0.0748226
0.0764078
0.0780373
0.0797523
0.0815466
0.0832654
0.0849077
0.0866831
0.088541
0.0904249
0.092415
0.0943536
0.0961768
0.0981534
0.100244
0.102357
0.104451
0.106614
0.108756
0.110903
0.113051
0.115266
0.117314
0.119085
0.0097718
0.00881934
0.00788623
0.00668215
0.00555953
0.00543633
0.00645045
0.00780436
0.00889053
0.00975853
0.0106203
0.0114513
0.0121709
0.0128137
0.0134911
0.0142188
0.0148993
0.0156018
0.0163958
0.0171535
0.0178353
0.0185026
0.0191447
0.0198182
0.0205644
0.0212777
0.0219286
0.0226092
0.0233301
0.0240644
0.0248192
0.0256158
0.0264429
0.0272521
0.0280306
0.0288374
0.0296683
0.0304894
0.0312728
0.0320508
0.0328654
0.0336963
0.0345304
0.0353931
0.0362833
0.0371836
0.0381098
0.0390422
0.0400001
0.0410068
0.0420139
0.0430197
0.0440682
0.0451022
0.0461003
0.0471414
0.0482382
0.0493549
0.0505068
0.0516934
0.052892
0.0540946
0.0552565
0.0564771
0.0577531
0.0590313
0.0603501
0.0616971
0.06307
0.0644242
0.0658379
0.0672598
0.0687019
0.0701862
0.0717096
0.0732732
0.0748237
0.0764092
0.0780381
0.0797515
0.0815455
0.0832654
0.0849084
0.0866843
0.0885417
0.0904244
0.0924142
0.0943537
0.0961772
0.098154
0.100245
0.102357
0.104451
0.106614
0.108757
0.110903
0.113052
0.115268
0.117317
0.119088
0.00970116
0.0087982
0.00797859
0.00695119
0.00589335
0.00568135
0.00656089
0.00784909
0.008931
0.00981272
0.0106769
0.011496
0.0122036
0.0128429
0.0135202
0.0142453
0.0149236
0.0156251
0.0164144
0.0171654
0.0178443
0.0185134
0.0191592
0.0198324
0.020574
0.0212851
0.0219385
0.0226208
0.0233409
0.0240739
0.0248281
0.0256232
0.0264473
0.0272551
0.0280344
0.0288408
0.0296691
0.0304889
0.0312741
0.0320539
0.0328688
0.0336993
0.0345336
0.0353969
0.036287
0.0371861
0.0381121
0.0390455
0.040003
0.0410085
0.0420149
0.0430204
0.044068
0.0451012
0.0460999
0.047142
0.0482393
0.0493566
0.0505088
0.0516943
0.0528918
0.054094
0.0552567
0.0564777
0.0577541
0.0590328
0.0603512
0.0616974
0.0630701
0.0644245
0.0658383
0.0672605
0.0687029
0.0701873
0.0717104
0.0732738
0.0748247
0.0764107
0.0780392
0.0797507
0.0815439
0.0832648
0.0849087
0.0866855
0.0885427
0.0904239
0.0924129
0.0943533
0.0961775
0.0981547
0.100246
0.102357
0.104451
0.106614
0.108757
0.110903
0.113053
0.115271
0.117321
0.119091
0.00963934
0.00879053
0.00806764
0.00719995
0.00621884
0.00594062
0.00668921
0.00790081
0.00897026
0.00986513
0.0107349
0.0115442
0.0122396
0.0128744
0.0135509
0.0142731
0.0149491
0.0156496
0.0164342
0.0171782
0.017854
0.0185249
0.0191743
0.0198473
0.0205841
0.021293
0.021949
0.0226331
0.0233525
0.0240842
0.0248378
0.0256311
0.026452
0.0272582
0.0280384
0.0288445
0.0296702
0.0304887
0.0312755
0.0320572
0.0328724
0.0337025
0.034537
0.0354009
0.0362908
0.0371888
0.0381144
0.0390487
0.0400061
0.0410103
0.042016
0.0430212
0.0440678
0.0451
0.0460998
0.0471429
0.0482407
0.0493582
0.0505106
0.0516952
0.0528915
0.0540936
0.0552571
0.0564785
0.0577551
0.0590341
0.0603523
0.0616977
0.0630702
0.0644248
0.0658388
0.0672611
0.0687039
0.0701884
0.0717113
0.0732744
0.0748255
0.076412
0.0780403
0.07975
0.0815417
0.0832636
0.0849085
0.0866865
0.088544
0.0904235
0.0924111
0.0943522
0.0961774
0.0981555
0.100247
0.102357
0.104451
0.106613
0.108757
0.110903
0.113055
0.115275
0.117326
0.119094
0.00958573
0.00879437
0.00815563
0.00743052
0.00653341
0.00621043
0.00683663
0.00796189
0.00900922
0.00991519
0.0107936
0.0115955
0.0122791
0.0129087
0.0135833
0.0143022
0.0149759
0.0156754
0.0164552
0.0171922
0.0178646
0.018537
0.0191903
0.019863
0.0205948
0.0213013
0.0219599
0.022646
0.0233651
0.0240953
0.0248483
0.0256397
0.0264571
0.0272615
0.0280426
0.0288484
0.0296715
0.0304885
0.031277
0.0320606
0.0328761
0.0337057
0.0345405
0.035405
0.0362949
0.0371916
0.0381169
0.039052
0.0400092
0.0410122
0.0420172
0.0430221
0.0440676
0.0450992
0.0461002
0.0471443
0.0482424
0.04936
0.0505121
0.0516961
0.0528912
0.0540932
0.0552577
0.0564797
0.0577563
0.0590354
0.0603533
0.061698
0.0630702
0.0644252
0.0658393
0.0672619
0.068705
0.0701896
0.0717122
0.073275
0.0748263
0.0764132
0.0780413
0.0797493
0.0815389
0.0832616
0.0849078
0.0866872
0.0885452
0.0904231
0.0924088
0.0943504
0.096177
0.0981561
0.100248
0.102358
0.104451
0.106613
0.108757
0.110903
0.113056
0.115278
0.11733
0.119098
0.00954054
0.00880741
0.00824415
0.00764573
0.00683471
0.00648622
0.00700351
0.00803487
0.00904939
0.00996261
0.010852
0.0116498
0.0123225
0.0129462
0.0136176
0.0143325
0.015004
0.0157026
0.0164777
0.0172072
0.0178761
0.0185499
0.0192069
0.0198795
0.020606
0.0213101
0.0219714
0.0226598
0.0233785
0.024107
0.0248593
0.0256487
0.0264624
0.027265
0.028047
0.0288526
0.029673
0.0304884
0.0312787
0.0320643
0.0328799
0.033709
0.0345441
0.0354092
0.0362991
0.0371947
0.0381196
0.0390554
0.0400125
0.0410141
0.0420184
0.043023
0.0440674
0.0450987
0.0461011
0.0471462
0.0482446
0.0493619
0.0505136
0.051697
0.052891
0.054093
0.0552586
0.0564812
0.0577577
0.0590368
0.0603542
0.0616982
0.0630703
0.0644256
0.0658399
0.0672627
0.0687062
0.0701907
0.071713
0.0732757
0.074827
0.0764144
0.0780422
0.0797486
0.0815357
0.0832591
0.0849068
0.0866875
0.0885464
0.0904228
0.0924062
0.0943477
0.0961763
0.0981565
0.100249
0.102358
0.104451
0.106612
0.108756
0.110903
0.113057
0.115282
0.117335
0.119101
0.00950481
0.00882743
0.00833389
0.00784862
0.00712085
0.00676344
0.00718939
0.00812226
0.00909265
0.0100075
0.0109091
0.0117065
0.01237
0.0129874
0.0136541
0.014364
0.0150335
0.0157312
0.0165014
0.0172236
0.0178885
0.0185635
0.0192245
0.0198969
0.0206179
0.0213194
0.0219834
0.0226743
0.0233927
0.0241192
0.0248709
0.0256583
0.0264681
0.0272689
0.0280516
0.0288569
0.0296747
0.0304885
0.0312806
0.0320681
0.0328839
0.0337124
0.0345478
0.0354137
0.0363034
0.0371981
0.0381226
0.0390589
0.0400159
0.0410161
0.0420198
0.043024
0.0440674
0.0450985
0.0461025
0.0471488
0.0482473
0.0493641
0.0505149
0.0516979
0.0528908
0.0540927
0.0552597
0.0564831
0.0577594
0.0590382
0.0603551
0.0616983
0.0630703
0.0644262
0.0658406
0.0672636
0.0687074
0.070192
0.0717139
0.0732764
0.0748277
0.0764156
0.0780431
0.079748
0.0815323
0.0832561
0.0849057
0.0866874
0.0885476
0.0904227
0.0924034
0.094344
0.0961753
0.0981566
0.100251
0.102359
0.104451
0.106611
0.108756
0.110903
0.113058
0.115286
0.117339
0.119105
0.00948053
0.00885233
0.00842416
0.00804247
0.00739141
0.00703789
0.00739267
0.00822634
0.00914126
0.0100504
0.0109643
0.0117647
0.0124215
0.0130324
0.0136929
0.0143969
0.0150643
0.0157613
0.0165265
0.0172411
0.017902
0.018578
0.0192429
0.0199152
0.0206306
0.0213292
0.0219961
0.0226895
0.0234074
0.0241318
0.0248828
0.0256684
0.0264743
0.027273
0.0280565
0.0288616
0.0296766
0.0304887
0.0312826
0.0320722
0.032888
0.0337159
0.0345517
0.0354183
0.0363079
0.0372017
0.0381259
0.0390625
0.0400195
0.0410182
0.0420212
0.0430251
0.0440675
0.0450985
0.0461043
0.0471518
0.0482503
0.0493666
0.0505161
0.0516988
0.0528907
0.0540923
0.0552608
0.0564852
0.0577611
0.0590397
0.060356
0.0616986
0.0630704
0.0644269
0.0658415
0.0672646
0.0687087
0.0701932
0.0717147
0.0732771
0.0748284
0.0764168
0.078044
0.0797476
0.081529
0.0832528
0.0849047
0.0866874
0.0885489
0.0904228
0.0924006
0.0943395
0.0961742
0.0981565
0.100252
0.10236
0.104452
0.106611
0.108756
0.110903
0.11306
0.115289
0.117344
0.119109
0.00947111
0.00888105
0.0085124
0.0082303
0.00764799
0.0073059
0.00761041
0.00834901
0.00919774
0.0100924
0.011017
0.0118235
0.0124767
0.0130815
0.0137344
0.0144314
0.0150966
0.0157928
0.016553
0.0172599
0.0179165
0.0185934
0.0192623
0.0199344
0.020644
0.0213398
0.0220095
0.0227055
0.0234226
0.0241447
0.024895
0.025679
0.0264809
0.0272775
0.0280616
0.0288665
0.0296787
0.0304891
0.0312848
0.0320766
0.0328923
0.0337195
0.0345558
0.0354232
0.0363125
0.0372056
0.0381295
0.0390663
0.0400231
0.0410204
0.0420228
0.0430263
0.0440676
0.0450987
0.0461066
0.0471552
0.0482537
0.0493692
0.0505174
0.0516997
0.0528907
0.0540919
0.0552619
0.0564874
0.0577629
0.0590412
0.060357
0.0616988
0.0630706
0.0644276
0.0658424
0.0672657
0.06871
0.0701945
0.0717156
0.0732778
0.0748292
0.0764182
0.0780452
0.0797475
0.081526
0.0832496
0.0849042
0.0866875
0.0885502
0.0904231
0.092398
0.0943345
0.0961731
0.0981563
0.100253
0.10236
0.104452
0.10661
0.108756
0.110904
0.113061
0.115293
0.117349
0.119113
0.00947991
0.00891536
0.0085952
0.0084137
0.00789387
0.00756457
0.00783855
0.00849176
0.00926474
0.0101346
0.0110668
0.011882
0.0125352
0.013135
0.013779
0.0144677
0.0151304
0.0158257
0.0165808
0.0172801
0.0179321
0.0186099
0.0192828
0.0199547
0.0206583
0.021351
0.0220236
0.0227223
0.0234383
0.0241579
0.0249076
0.02569
0.0264881
0.0272824
0.028067
0.0288718
0.0296811
0.0304896
0.0312873
0.0320813
0.0328967
0.0337233
0.03456
0.0354283
0.0363173
0.0372098
0.0381333
0.0390702
0.040027
0.0410227
0.0420244
0.0430277
0.0440678
0.0450991
0.046109
0.0471588
0.0482572
0.049372
0.0505188
0.0517007
0.0528907
0.0540914
0.0552631
0.0564897
0.0577648
0.0590429
0.0603581
0.0616992
0.0630709
0.0644284
0.0658434
0.0672668
0.0687113
0.0701958
0.0717166
0.0732785
0.0748301
0.0764197
0.0780467
0.0797479
0.0815235
0.0832466
0.0849044
0.086688
0.0885517
0.0904238
0.0923956
0.0943294
0.0961698
0.0981563
0.100254
0.102361
0.104452
0.106609
0.108755
0.110904
0.113063
0.115296
0.117355
0.119117
0.00950792
0.00896089
0.00866959
0.0085919
0.00813356
0.00781224
0.00807179
0.00865505
0.00934493
0.0101787
0.011114
0.0119395
0.0125963
0.0131926
0.0138268
0.0145061
0.0151659
0.0158601
0.01661
0.0173016
0.0179489
0.0186274
0.0193043
0.0199762
0.0206735
0.0213629
0.0220385
0.0227398
0.0234544
0.0241714
0.0249205
0.0257015
0.0264958
0.0272877
0.0280728
0.0288774
0.0296838
0.0304904
0.03129
0.0320862
0.0329014
0.0337272
0.0345645
0.0354337
0.0363224
0.0372142
0.0381372
0.0390743
0.040031
0.0410251
0.042026
0.0430291
0.0440682
0.0450996
0.0461114
0.0471625
0.0482608
0.0493749
0.0505202
0.0517017
0.0528908
0.054091
0.0552643
0.0564919
0.0577666
0.0590445
0.0603592
0.0616996
0.0630712
0.0644293
0.0658445
0.067268
0.0687127
0.0701972
0.0717177
0.0732793
0.0748312
0.0764212
0.0780486
0.0797488
0.0815215
0.0832441
0.0849053
0.0866891
0.0885533
0.0904248
0.0923936
0.0943246
0.0961696
0.0981566
0.100255
0.102361
0.104452
0.106609
0.108755
0.110905
0.113066
0.1153
0.11736
0.119122
0.00955148
0.0090259
0.00873485
0.00876064
0.00837206
0.00804951
0.00830402
0.00883773
0.00944101
0.0102264
0.0111593
0.0119959
0.0126591
0.0132539
0.013878
0.014547
0.0152037
0.0158963
0.0166404
0.0173246
0.0179669
0.0186459
0.019327
0.0199988
0.0206897
0.0213755
0.0220542
0.0227583
0.023471
0.0241853
0.0249338
0.0257136
0.0265042
0.0272934
0.0280788
0.0288833
0.0296869
0.0304915
0.0312929
0.0320915
0.0329064
0.0337313
0.0345691
0.0354393
0.0363277
0.0372189
0.0381413
0.0390786
0.0400353
0.0410276
0.0420277
0.0430307
0.0440687
0.0451002
0.0461139
0.0471663
0.0482645
0.0493777
0.0505218
0.0517027
0.0528909
0.0540908
0.0552655
0.0564942
0.0577685
0.0590462
0.0603605
0.0617002
0.0630716
0.0644302
0.0658455
0.0672691
0.0687141
0.0701986
0.0717188
0.07328
0.0748324
0.0764229
0.0780507
0.0797502
0.0815199
0.0832421
0.084907
0.0866908
0.088555
0.0904261
0.0923917
0.0943205
0.09617
0.0981576
0.100256
0.102362
0.104452
0.106608
0.108755
0.110906
0.113068
0.115303
0.117365
0.119127
0.0096015
0.00911902
0.00879531
0.00891302
0.00861255
0.00827964
0.00852943
0.00903701
0.00955595
0.0102796
0.0112035
0.0120511
0.0127231
0.0133185
0.0139326
0.0145906
0.0152438
0.0159345
0.0166723
0.017349
0.0179862
0.0186655
0.0193508
0.0200227
0.0207068
0.0213888
0.0220708
0.0227777
0.0234881
0.0241996
0.0249475
0.0257262
0.0265132
0.0272996
0.0280852
0.0288897
0.0296903
0.0304928
0.0312961
0.0320971
0.0329116
0.0337355
0.034574
0.0354451
0.0363332
0.0372237
0.0381455
0.039083
0.0400397
0.0410303
0.0420295
0.0430325
0.0440694
0.0451008
0.0461165
0.0471702
0.0482683
0.0493806
0.0505236
0.0517038
0.0528911
0.0540906
0.0552669
0.0564964
0.0577703
0.0590479
0.0603619
0.0617009
0.0630721
0.0644311
0.0658466
0.0672703
0.0687156
0.0702002
0.07172
0.0732808
0.0748338
0.0764248
0.0780531
0.0797521
0.0815187
0.0832407
0.0849094
0.0866931
0.0885567
0.0904276
0.0923901
0.0943171
0.0961714
0.0981593
0.100257
0.102362
0.104452
0.106607
0.108755
0.110908
0.113071
0.115307
0.117371
0.119132
0.00964531
0.00924435
0.00886128
0.00904273
0.00885329
0.00850819
0.00874397
0.00924803
0.00969264
0.0103407
0.0112468
0.0121056
0.0127881
0.0133853
0.0139904
0.0146372
0.0152865
0.0159749
0.0167059
0.0173748
0.0180069
0.0186863
0.0193759
0.0200479
0.020725
0.0214029
0.0220883
0.0227982
0.0235059
0.0242145
0.0249616
0.0257394
0.0265229
0.0273063
0.0280919
0.0288965
0.0296941
0.0304944
0.0312996
0.032103
0.032917
0.0337399
0.034579
0.0354513
0.0363391
0.0372288
0.0381498
0.0390875
0.0400444
0.0410331
0.0420313
0.0430343
0.0440702
0.0451016
0.046119
0.0471741
0.0482721
0.0493836
0.0505255
0.051705
0.0528914
0.0540906
0.0552683
0.0564987
0.0577722
0.0590496
0.0603634
0.0617016
0.0630726
0.0644321
0.0658478
0.0672715
0.0687171
0.0702018
0.0717212
0.0732816
0.0748354
0.0764267
0.0780557
0.0797543
0.0815176
0.0832397
0.0849123
0.0866959
0.0885585
0.0904294
0.0923887
0.0943147
0.0961735
0.0981618
0.100258
0.102362
0.104452
0.106606
0.108755
0.11091
0.113075
0.115312
0.117377
0.119137
0.00966845
0.00939601
0.00894698
0.00914768
0.00908666
0.0087421
0.00894719
0.00946322
0.00985238
0.0104127
0.0112897
0.0121601
0.0128544
0.0134535
0.0140508
0.014687
0.0153322
0.0160177
0.0167415
0.0174021
0.0180287
0.0187082
0.0194023
0.0200745
0.0207443
0.0214178
0.0221067
0.0228196
0.0235245
0.0242298
0.0249762
0.0257532
0.0265334
0.0273135
0.028099
0.0289036
0.0296984
0.0304964
0.0313034
0.0321093
0.0329227
0.0337445
0.0345842
0.0354577
0.0363453
0.0372341
0.0381543
0.0390923
0.0400493
0.0410361
0.0420332
0.0430363
0.0440712
0.0451025
0.0461216
0.047178
0.048276
0.0493866
0.0505275
0.0517063
0.0528917
0.0540907
0.0552698
0.056501
0.0577741
0.0590514
0.0603649
0.0617025
0.0630732
0.0644331
0.0658489
0.0672727
0.0687187
0.0702035
0.0717225
0.0732825
0.074837
0.0764287
0.0780584
0.0797566
0.0815168
0.083239
0.0849156
0.086699
0.0885603
0.0904312
0.0923874
0.0943129
0.0961764
0.098165
0.100258
0.102361
0.104452
0.106605
0.108755
0.110912
0.113078
0.115316
0.117383
0.119142
0.00966065
0.00955941
0.00906621
0.00923403
0.0093017
0.00898629
0.00914371
0.00967398
0.0100338
0.0105
0.0113325
0.0122152
0.0129228
0.0135224
0.014113
0.0147401
0.015381
0.0160633
0.0167795
0.0174313
0.0180517
0.0187313
0.0194301
0.0201026
0.0207648
0.0214336
0.0221262
0.0228421
0.0235439
0.0242457
0.0249913
0.0257677
0.0265447
0.0273214
0.0281065
0.0289112
0.0297031
0.0304986
0.0313074
0.0321159
0.0329288
0.0337492
0.0345896
0.0354643
0.0363518
0.0372395
0.0381588
0.0390973
0.0400544
0.0410392
0.0420352
0.0430385
0.0440724
0.0451035
0.0461242
0.0471821
0.0482799
0.0493897
0.0505297
0.0517076
0.0528922
0.054091
0.0552714
0.0565033
0.0577761
0.0590532
0.0603666
0.0617034
0.0630738
0.0644342
0.0658501
0.067274
0.0687204
0.0702054
0.0717238
0.0732835
0.0748388
0.0764309
0.0780612
0.0797591
0.081516
0.0832386
0.0849192
0.0867025
0.0885621
0.0904331
0.0923863
0.0943118
0.0961799
0.0981687
0.100259
0.102361
0.104452
0.106604
0.108754
0.110914
0.113082
0.115321
0.11739
0.119148
0.00962308
0.00971543
0.00922465
0.00931535
0.00948847
0.00923762
0.00934075
0.00987437
0.0102321
0.0106076
0.0113771
0.01227
0.0129947
0.0135923
0.0141755
0.0147957
0.0154332
0.0161121
0.0168203
0.0174625
0.018076
0.0187554
0.0194595
0.0201322
0.0207865
0.0214503
0.0221466
0.0228659
0.0235643
0.0242623
0.0250069
0.0257828
0.0265566
0.0273298
0.0281144
0.0289193
0.0297083
0.0305012
0.0313118
0.032123
0.0329352
0.0337541
0.0345952
0.0354714
0.0363586
0.0372451
0.0381635
0.0391024
0.0400597
0.0410424
0.0420373
0.0430409
0.0440739
0.0451046
0.046127
0.0471861
0.0482839
0.0493929
0.050532
0.051709
0.0528927
0.0540913
0.0552731
0.0565056
0.0577781
0.0590551
0.0603683
0.0617044
0.0630745
0.0644353
0.0658513
0.0672753
0.0687222
0.0702073
0.0717253
0.0732846
0.0748406
0.0764332
0.0780641
0.0797615
0.0815152
0.0832382
0.0849229
0.0867061
0.0885639
0.0904351
0.0923853
0.0943109
0.0961838
0.0981727
0.100259
0.10236
0.104452
0.106603
0.108754
0.110917
0.113087
0.115327
0.117396
0.119154
0.00956767
0.00984458
0.00941444
0.00941084
0.00964473
0.00948455
0.00954589
0.0100642
0.0104386
0.0107383
0.0114274
0.0123235
0.0130711
0.0136642
0.0142374
0.0148531
0.0154886
0.0161643
0.0168642
0.0174962
0.0181017
0.0187807
0.0194904
0.0201634
0.0208095
0.0214679
0.0221681
0.0228908
0.0235857
0.0242795
0.0250232
0.0257987
0.0265693
0.0273387
0.0281228
0.0289278
0.0297141
0.0305043
0.0313165
0.0321304
0.0329419
0.0337592
0.034601
0.0354787
0.0363658
0.037251
0.0381684
0.0391078
0.0400653
0.0410458
0.0420395
0.0430434
0.0440755
0.0451059
0.0461298
0.0471903
0.048288
0.0493962
0.0505345
0.0517105
0.0528934
0.0540917
0.0552749
0.056508
0.0577801
0.059057
0.0603701
0.0617055
0.0630753
0.0644365
0.0658526
0.0672766
0.068724
0.0702093
0.0717268
0.0732858
0.0748425
0.0764356
0.078067
0.079764
0.0815144
0.0832378
0.0849266
0.0867098
0.0885657
0.090437
0.0923843
0.0943103
0.0961879
0.098177
0.10026
0.10236
0.104452
0.106602
0.108754
0.110919
0.113091
0.115332
0.117404
0.11916
0.0095101
0.00993582
0.00961825
0.00953667
0.00977999
0.0097145
0.00976213
0.0102498
0.0106435
0.0108906
0.0114897
0.012375
0.0131513
0.0137404
0.0142983
0.0149109
0.015547
0.0162203
0.0169117
0.0175323
0.0181291
0.0188073
0.0195229
0.0201965
0.0208338
0.0214864
0.0221906
0.0229172
0.0236083
0.0242972
0.0250401
0.0258155
0.0265829
0.0273485
0.0281317
0.0289367
0.0297204
0.0305078
0.0313215
0.0321383
0.0329491
0.0337646
0.034607
0.0354863
0.0363733
0.0372571
0.0381734
0.0391135
0.0400712
0.0410494
0.0420419
0.0430461
0.0440774
0.0451073
0.0461327
0.0471946
0.0482923
0.0493996
0.050537
0.0517121
0.0528941
0.0540923
0.0552769
0.0565105
0.0577822
0.059059
0.0603719
0.0617067
0.0630761
0.0644378
0.0658539
0.067278
0.068726
0.0702113
0.0717284
0.073287
0.0748445
0.0764381
0.0780699
0.0797664
0.0815136
0.0832375
0.0849303
0.0867135
0.0885675
0.0904389
0.0923832
0.0943096
0.0961921
0.0981814
0.10026
0.102359
0.104452
0.106601
0.108753
0.110922
0.113095
0.115338
0.117411
0.119167
0.00946678
0.00999424
0.00981504
0.00969355
0.00990994
0.00991909
0.00998158
0.0104391
0.0108426
0.0110586
0.0115699
0.0124267
0.0132324
0.0138231
0.0143599
0.0149669
0.0156074
0.0162804
0.0169637
0.0175714
0.0181579
0.0188352
0.0195569
0.0202314
0.0208598
0.0215061
0.0222141
0.0229448
0.0236322
0.0243157
0.0250575
0.025833
0.0265972
0.0273588
0.0281412
0.0289464
0.0297274
0.0305118
0.0313269
0.0321466
0.0329565
0.0337701
0.0346133
0.0354943
0.0363813
0.0372634
0.0381785
0.0391193
0.0400773
0.0410531
0.0420444
0.0430491
0.0440795
0.0451089
0.0461357
0.0471989
0.0482965
0.0494032
0.0505396
0.0517138
0.0528951
0.0540929
0.0552789
0.056513
0.0577844
0.0590611
0.0603738
0.0617079
0.063077
0.0644392
0.0658553
0.0672795
0.0687281
0.0702134
0.07173
0.0732884
0.0748466
0.0764406
0.0780729
0.0797688
0.0815128
0.0832371
0.0849338
0.0867172
0.0885693
0.0904407
0.0923822
0.0943089
0.0961963
0.0981857
0.100261
0.102359
0.104451
0.1066
0.108753
0.110925
0.1131
0.115344
0.117419
0.119174
0.00945015
0.0100345
0.00998891
0.00986815
0.0100523
0.0101028
0.0101911
0.010636
0.0110396
0.011234
0.0116702
0.0124842
0.0133117
0.0139127
0.0144248
0.0150198
0.0156679
0.0163447
0.0170205
0.0176141
0.0181885
0.0188647
0.0195928
0.0202678
0.0208872
0.0215269
0.0222387
0.0229739
0.0236575
0.0243348
0.0250755
0.0258515
0.0266125
0.0273699
0.0281511
0.0289564
0.029735
0.0305165
0.0313329
0.0321554
0.0329645
0.0337759
0.0346197
0.0355025
0.0363895
0.03727
0.0381838
0.0391254
0.0400838
0.0410571
0.042047
0.0430521
0.0440818
0.0451107
0.0461388
0.0472034
0.0483009
0.0494068
0.0505422
0.0517156
0.0528961
0.0540936
0.0552811
0.0565156
0.0577866
0.0590632
0.0603758
0.0617092
0.063078
0.0644406
0.0658568
0.0672811
0.0687302
0.0702156
0.0717318
0.0732898
0.0748487
0.0764433
0.078076
0.0797711
0.0815121
0.0832368
0.0849373
0.0867209
0.0885712
0.0904425
0.0923811
0.0943082
0.0962004
0.09819
0.100261
0.102359
0.104451
0.1066
0.108753
0.110928
0.113105
0.11535
0.117427
0.119181
0.00946556
0.0100715
0.0101367
0.0100424
0.0102134
0.0102797
0.0103814
0.0108344
0.0112419
0.0114116
0.0117869
0.0125535
0.0133891
0.0140067
0.0144966
0.01507
0.0157262
0.0164132
0.0170825
0.0176604
0.0182211
0.0188956
0.019631
0.0203065
0.020916
0.0215486
0.022264
0.0230042
0.0236842
0.0243549
0.0250943
0.025871
0.0266287
0.0273818
0.0281618
0.0289671
0.0297432
0.0305215
0.0313391
0.0321647
0.032973
0.0337821
0.0346265
0.0355111
0.0363981
0.0372768
0.0381892
0.0391317
0.0400905
0.0410612
0.04205
0.0430555
0.0440845
0.0451126
0.0461419
0.0472079
0.0483054
0.0494106
0.050545
0.0517175
0.0528972
0.0540944
0.0552833
0.0565183
0.0577888
0.0590654
0.0603779
0.0617107
0.0630791
0.0644421
0.0658583
0.0672827
0.0687324
0.0702179
0.0717336
0.0732913
0.074851
0.076446
0.0780791
0.0797734
0.0815113
0.0832364
0.0849408
0.0867245
0.0885732
0.0904444
0.0923801
0.0943074
0.0962044
0.0981942
0.100262
0.102358
0.104451
0.106599
0.108753
0.110932
0.11311
0.115356
0.117436
0.119189
0.00951635
0.0101199
0.0102675
0.0101986
0.0103808
0.0104666
0.0105555
0.0110206
0.0114532
0.0115956
0.0119137
0.0126372
0.0134683
0.0141021
0.014577
0.0151199
0.0157795
0.0164845
0.0171507
0.017711
0.018256
0.0189276
0.0196711
0.0203478
0.0209466
0.0215716
0.0222906
0.0230359
0.0237124
0.0243756
0.0251134
0.0258914
0.0266461
0.0273945
0.0281732
0.0289786
0.0297524
0.0305273
0.0313456
0.0321744
0.0329818
0.0337885
0.0346334
0.0355202
0.0364073
0.0372841
0.0381949
0.0391383
0.0400974
0.0410655
0.0420529
0.0430591
0.0440874
0.0451148
0.0461453
0.0472126
0.0483099
0.0494144
0.0505478
0.0517196
0.0528986
0.0540954
0.0552857
0.056521
0.0577911
0.0590677
0.06038
0.0617122
0.0630802
0.0644438
0.06586
0.0672844
0.0687347
0.0702202
0.0717356
0.073293
0.0748533
0.0764488
0.0780822
0.0797756
0.0815106
0.0832361
0.0849441
0.0867281
0.0885752
0.0904462
0.0923791
0.0943066
0.0962084
0.0981982
0.100263
0.102358
0.104451
0.106599
0.108753
0.110935
0.113115
0.115363
0.117445
0.119197
0.00960241
0.0101905
0.0103932
0.0103302
0.0105358
0.0106726
0.01073
0.011183
0.0116666
0.0117951
0.0120461
0.0127309
0.0135542
0.0141983
0.0146655
0.0151732
0.0158271
0.0165564
0.0172255
0.0177658
0.0182935
0.0189613
0.019713
0.020392
0.020979
0.0215951
0.0223182
0.0230694
0.0237425
0.0243975
0.0251331
0.0259127
0.0266644
0.0274079
0.0281851
0.0289906
0.0297623
0.0305339
0.031353
0.0321848
0.0329914
0.0337953
0.0346405
0.0355293
0.0364167
0.0372915
0.0382007
0.0391452
0.0401049
0.0410702
0.0420561
0.0430629
0.0440906
0.0451171
0.0461486
0.0472173
0.0483146
0.0494184
0.0505508
0.0517218
0.0529
0.0540965
0.0552882
0.0565238
0.0577935
0.05907
0.0603821
0.0617138
0.0630814
0.0644455
0.0658617
0.0672861
0.0687371
0.0702226
0.0717376
0.0732947
0.0748557
0.0764516
0.0780853
0.0797778
0.0815099
0.0832358
0.0849473
0.0867315
0.0885773
0.090448
0.0923782
0.0943057
0.0962122
0.0982022
0.100263
0.102358
0.104451
0.106598
0.108753
0.110939
0.113121
0.11537
0.117455
0.119206
0.00971833
0.0102899
0.0105243
0.010442
0.0106576
0.0108863
0.0109262
0.0113239
0.011867
0.0120169
0.0121897
0.0128267
0.0136478
0.0142979
0.0147595
0.0152326
0.0158701
0.016626
0.0173073
0.0178263
0.0183333
0.0189968
0.0197564
0.0204392
0.0210144
0.0216193
0.0223461
0.0231041
0.0237741
0.0244204
0.0251536
0.0259352
0.0266842
0.0274223
0.0281978
0.0290035
0.0297729
0.0305408
0.0313604
0.0321956
0.0330016
0.0338027
0.0346481
0.0355392
0.0364268
0.0372994
0.0382066
0.0391521
0.0401124
0.041075
0.0420595
0.043067
0.0440943
0.0451198
0.0461521
0.0472222
0.0483193
0.0494224
0.0505539
0.0517242
0.0529016
0.0540977
0.0552908
0.0565266
0.057796
0.0590724
0.0603844
0.0617156
0.0630827
0.0644473
0.0658634
0.067288
0.0687395
0.0702251
0.0717397
0.0732965
0.0748581
0.0764545
0.0780885
0.0797801
0.0815093
0.0832356
0.0849504
0.086735
0.0885794
0.0904499
0.0923772
0.0943049
0.0962158
0.0982061
0.100264
0.102357
0.104451
0.106598
0.108753
0.110942
0.113126
0.115377
0.117464
0.119215
0.00985408
0.0104235
0.0106685
0.0105448
0.0107336
0.0110843
0.0111582
0.0114611
0.0120391
0.0122569
0.0123575
0.0129204
0.0137445
0.0144049
0.0148584
0.015299
0.0159114
0.0166901
0.0173943
0.0178942
0.0183754
0.0190339
0.0198019
0.0204891
0.021053
0.0216449
0.0223743
0.0231407
0.0238079
0.0244443
0.0251742
0.0259584
0.0267052
0.0274377
0.0282111
0.0290172
0.0297847
0.030549
0.0313686
0.0322069
0.0330122
0.0338102
0.0346557
0.035549
0.0364373
0.0373078
0.0382131
0.0391595
0.0401205
0.0410802
0.042063
0.0430712
0.0440981
0.0451225
0.0461557
0.0472272
0.0483242
0.0494265
0.050557
0.0517266
0.0529034
0.0540991
0.0552935
0.0565295
0.0577985
0.0590749
0.0603866
0.0617174
0.0630841
0.0644491
0.0658653
0.0672899
0.068742
0.0702277
0.0717419
0.0732985
0.0748607
0.0764575
0.0780917
0.0797823
0.0815088
0.0832354
0.0849535
0.0867383
0.0885817
0.0904517
0.0923764
0.094304
0.0962195
0.0982099
0.100265
0.102357
0.104451
0.106598
0.108753
0.110946
0.113132
0.115384
0.117475
0.119224
0.00999584
0.0105915
0.0108287
0.0106479
0.0107687
0.0112416
0.0114203
0.0116192
0.0121768
0.0124964
0.0125602
0.0130199
0.013837
0.014519
0.0149647
0.0153737
0.0159542
0.0167471
0.0174838
0.0179715
0.0184202
0.019071
0.0198501
0.0205423
0.021095
0.0216724
0.0224023
0.0231781
0.0238443
0.02447
0.0251957
0.0259828
0.0267276
0.0274539
0.028225
0.0290316
0.0297974
0.0305576
0.0313771
0.032219
0.0330239
0.0338185
0.0346637
0.0355593
0.0364481
0.0373162
0.0382193
0.0391669
0.0401289
0.0410858
0.042067
0.0430758
0.0441024
0.0451256
0.0461593
0.0472323
0.0483291
0.0494308
0.0505604
0.0517293
0.0529053
0.0541006
0.0552963
0.0565325
0.0578011
0.0590775
0.060389
0.0617195
0.0630857
0.0644511
0.0658672
0.0672919
0.0687446
0.0702303
0.0717442
0.0733005
0.0748633
0.0764604
0.0780949
0.0797845
0.0815083
0.0832354
0.0849564
0.0867417
0.0885839
0.0904536
0.0923756
0.0943032
0.096223
0.0982136
0.100266
0.102357
0.104451
0.106599
0.108754
0.11095
0.113139
0.115391
0.117485
0.119234
0.0101373
0.0107861
0.0110027
0.010756
0.0107785
0.0113397
0.0116886
0.0118204
0.012292
0.0127092
0.0127923
0.0131401
0.0139212
0.0146337
0.0150798
0.0154587
0.0160019
0.0167965
0.0175711
0.0180598
0.0184707
0.0191063
0.0199
0.0206
0.0211401
0.0217022
0.022431
0.0232161
0.0238828
0.0244971
0.0252174
0.0260081
0.0267519
0.0274717
0.0282398
0.029047
0.0298112
0.0305673
0.0313862
0.0322314
0.0330359
0.0338272
0.0346721
0.0355702
0.0364598
0.0373256
0.0382261
0.0391746
0.0401375
0.0410914
0.0420709
0.0430806
0.044107
0.0451291
0.0461632
0.0472376
0.0483342
0.0494351
0.0505638
0.0517321
0.0529074
0.0541022
0.0552993
0.0565355
0.0578038
0.0590802
0.0603914
0.0617215
0.0630873
0.0644532
0.0658692
0.0672939
0.0687473
0.070233
0.0717466
0.0733026
0.074866
0.0764635
0.0780981
0.0797868
0.081508
0.0832355
0.0849594
0.0867449
0.0885862
0.0904556
0.092375
0.0943025
0.0962264
0.0982172
0.100267
0.102358
0.104452
0.106599
0.108754
0.110955
0.113145
0.115398
0.117496
0.119244
0.0102872
0.0109949
0.0111923
0.010887
0.0107909
0.0113831
0.0119345
0.0120773
0.012412
0.0128715
0.0130304
0.0132953
0.0140055
0.0147391
0.0152005
0.0155569
0.0160594
0.01684
0.0176514
0.0181578
0.0185308
0.0191386
0.0199491
0.0206638
0.0211895
0.0217332
0.0224604
0.0232545
0.0239234
0.0245268
0.0252397
0.0260338
0.0267775
0.0274905
0.0282552
0.0290632
0.0298262
0.0305781
0.031396
0.0322446
0.033049
0.0338364
0.0346805
0.035581
0.0364717
0.0373352
0.0382331
0.0391827
0.0401469
0.0410977
0.0420753
0.0430857
0.0441119
0.0451327
0.0461671
0.0472429
0.0483394
0.0494396
0.0505674
0.0517351
0.0529097
0.054104
0.0553024
0.0565386
0.0578066
0.059083
0.0603939
0.0617238
0.063089
0.0644554
0.0658713
0.067296
0.0687501
0.0702358
0.0717491
0.0733048
0.0748687
0.0764666
0.0781013
0.0797891
0.0815077
0.0832357
0.0849623
0.0867482
0.0885886
0.0904575
0.0923744
0.0943019
0.0962298
0.0982207
0.100268
0.102358
0.104452
0.106599
0.108755
0.110959
0.113152
0.115406
0.117507
0.119255
0.0103206
0.0111363
0.0114038
0.0110875
0.0108601
0.0113955
0.0121357
0.0123838
0.012574
0.012989
0.013245
0.0134893
0.0141088
0.0148325
0.0153184
0.0156687
0.0161323
0.0168812
0.0177194
0.0182621
0.0186049
0.0191695
0.0199931
0.0207333
0.0212455
0.0217652
0.0224905
0.0232945
0.0239653
0.0245584
0.0252632
0.0260603
0.0268052
0.0275112
0.0282711
0.0290801
0.0298424
0.0305898
0.0314061
0.0322579
0.0330628
0.0338466
0.0346895
0.0355925
0.0364844
0.0373452
0.0382401
0.0391907
0.0401562
0.0411041
0.0420798
0.0430911
0.0441174
0.0451368
0.0461712
0.0472483
0.0483447
0.0494442
0.050571
0.0517384
0.0529123
0.054106
0.0553057
0.0565418
0.0578093
0.0590859
0.0603964
0.0617261
0.0630909
0.0644578
0.0658735
0.0672982
0.068753
0.0702387
0.0717517
0.0733071
0.0748716
0.0764697
0.0781045
0.0797914
0.0815076
0.083236
0.0849651
0.0867513
0.088591
0.0904595
0.0923739
0.0943014
0.0962331
0.0982242
0.10027
0.102358
0.104452
0.1066
0.108756
0.110963
0.113159
0.115414
0.117519
0.119266
0.0102532
0.0112061
0.0116342
0.0113681
0.0110147
0.0114084
0.0122812
0.0127122
0.0128057
0.0130884
0.0134081
0.0137024
0.0142496
0.0149239
0.0154256
0.0157888
0.0162265
0.0169286
0.017773
0.0183654
0.0186966
0.0192048
0.0200294
0.0208065
0.0213121
0.021799
0.0225191
0.0233367
0.0240099
0.0245917
0.0252876
0.0260871
0.0268341
0.0275335
0.028288
0.0290979
0.0298601
0.0306027
0.0314172
0.0322723
0.0330775
0.0338573
0.0346985
0.035604
0.0364977
0.0373561
0.0382478
0.0391994
0.0401663
0.0411111
0.0420846
0.0430966
0.0441229
0.0451409
0.0461754
0.0472538
0.0483502
0.049449
0.0505748
0.0517417
0.0529149
0.0541081
0.0553091
0.0565452
0.0578122
0.0590889
0.0603992
0.0617285
0.0630928
0.0644603
0.0658758
0.0673004
0.0687559
0.0702417
0.0717544
0.0733095
0.0748746
0.076473
0.0781077
0.0797937
0.0815076
0.0832365
0.0849678
0.0867544
0.0885935
0.0904615
0.0923735
0.0943009
0.0962363
0.0982276
0.100271
0.102359
0.104453
0.106601
0.108757
0.110968
0.113166
0.115422
0.117531
0.119278
0.0100942
0.011201
0.0118578
0.0117061
0.0112531
0.0114487
0.0123631
0.0130175
0.0131003
0.0132039
0.0135138
0.0139017
0.0144301
0.0150317
0.0155192
0.0159061
0.0163394
0.0169922
0.0178158
0.0184592
0.0188048
0.0192515
0.0200555
0.0208772
0.021391
0.0218385
0.0225446
0.02338
0.0240582
0.0246263
0.0253127
0.0261153
0.0268651
0.027558
0.0283058
0.0291162
0.0298791
0.030617
0.0314287
0.032287
0.0330931
0.0338691
0.0347083
0.035616
0.0365115
0.0373674
0.0382554
0.0392077
0.0401766
0.0411186
0.0420899
0.0431028
0.0441293
0.0451459
0.0461801
0.0472595
0.0483558
0.0494539
0.0505788
0.0517454
0.0529181
0.0541104
0.0553128
0.0565486
0.0578152
0.059092
0.060402
0.0617311
0.0630949
0.064463
0.0658782
0.0673027
0.068759
0.0702448
0.0717572
0.073312
0.0748776
0.0764764
0.078111
0.0797961
0.0815078
0.0832371
0.0849705
0.0867575
0.0885961
0.0904636
0.0923732
0.0943006
0.0962395
0.098231
0.100272
0.102359
0.104453
0.106602
0.108758
0.110973
0.113174
0.11543
0.117543
0.11929
0.0100503
0.0111733
0.0120463
0.0120637
0.0115679
0.0115418
0.0123986
0.0132577
0.0134295
0.0133739
0.0135878
0.0140517
0.014629
0.0151744
0.015612
0.0160075
0.0164592
0.0170796
0.0178583
0.018533
0.01892
0.0193172
0.0200751
0.0209378
0.0214807
0.021888
0.022566
0.0234211
0.0241123
0.0246642
0.025337
0.0261438
0.0268977
0.0275841
0.0283248
0.0291351
0.0298994
0.0306327
0.0314409
0.0323025
0.0331097
0.0338814
0.034718
0.035628
0.036526
0.0373796
0.0382638
0.0392167
0.0401875
0.0411266
0.0420951
0.0431086
0.0441355
0.0451506
0.0461846
0.0472652
0.0483616
0.0494593
0.0505829
0.051749
0.0529212
0.0541128
0.0553164
0.0565523
0.0578182
0.0590952
0.060405
0.0617337
0.063097
0.0644658
0.0658807
0.067305
0.0687622
0.0702479
0.0717601
0.0733145
0.0748807
0.0764799
0.0781142
0.0797985
0.0815081
0.0832379
0.0849732
0.0867605
0.0885987
0.0904657
0.0923731
0.0943004
0.0962425
0.0982343
0.100274
0.10236
0.104454
0.106604
0.10876
0.110978
0.113182
0.115439
0.117555
0.119303
0.00992541
0.0110591
0.0121728
0.012422
0.0119541
0.0117202
0.0124231
0.0134211
0.0137623
0.0136254
0.0136748
0.0141449
0.0148151
0.0153597
0.0157259
0.0160927
0.0165708
0.0171913
0.0179187
0.0185892
0.0190304
0.0194076
0.0200986
0.0209833
0.0215765
0.0219542
0.0225871
0.0234565
0.0241711
0.0247076
0.0253602
0.0261718
0.0269334
0.0276127
0.0283445
0.0291545
0.0299209
0.0306504
0.0314538
0.0323179
0.0331274
0.0338951
0.0347284
0.0356406
0.0365413
0.0373925
0.0382722
0.0392255
0.0401984
0.0411352
0.0421011
0.0431153
0.0441427
0.0451563
0.0461898
0.0472712
0.0483673
0.0494646
0.0505871
0.0517529
0.0529249
0.0541155
0.0553203
0.0565561
0.0578213
0.0590984
0.0604083
0.0617366
0.0630992
0.0644689
0.0658835
0.0673074
0.0687655
0.0702513
0.0717632
0.0733171
0.0748839
0.0764835
0.0781174
0.0798009
0.0815086
0.0832389
0.0849759
0.0867634
0.0886013
0.0904679
0.0923731
0.0943003
0.0962456
0.0982375
0.100275
0.102361
0.104455
0.106605
0.108761
0.110983
0.113191
0.115448
0.117568
0.119316
0.00991525
0.0109602
0.0122256
0.0127331
0.0123799
0.0119849
0.0124654
0.0135074
0.0140585
0.0139405
0.0138182
0.0142017
0.0149546
0.0155686
0.0158838
0.0161771
0.0166581
0.0173125
0.0180107
0.0186401
0.0191208
0.019516
0.0201385
0.0210122
0.0216681
0.0220384
0.0226128
0.0234835
0.0242323
0.0247602
0.0253843
0.026197
0.0269712
0.0276447
0.0283654
0.0291746
0.0299436
0.0306695
0.031468
0.0323343
0.0331464
0.03391
0.0347388
0.0356529
0.0365571
0.0374062
0.0382812
0.0392351
0.0402101
0.0411444
0.0421076
0.043122
0.0441499
0.0451619
0.046195
0.0472773
0.0483733
0.0494704
0.0505918
0.051757
0.0529287
0.0541183
0.0553242
0.0565601
0.0578245
0.0591017
0.0604117
0.0617396
0.0631014
0.064472
0.0658864
0.0673099
0.0687688
0.0702547
0.0717665
0.0733198
0.0748872
0.0764872
0.0781207
0.0798033
0.0815093
0.0832401
0.0849785
0.0867663
0.088604
0.0904701
0.0923732
0.0943004
0.0962485
0.0982406
0.100277
0.102362
0.104456
0.106607
0.108764
0.110988
0.1132
0.115457
0.11758
0.11933
0.0100011
0.010893
0.0122139
0.0129564
0.0127936
0.012323
0.0125512
0.0135383
0.0142849
0.0142851
0.0140395
0.0142545
0.0150292
0.0157663
0.0160878
0.0162816
0.0167178
0.0174186
0.018133
0.0187068
0.0191867
0.0196249
0.0202042
0.021034
0.0217445
0.0221381
0.0226515
0.0235025
0.0242902
0.0248218
0.025412
0.0262183
0.0270099
0.0276818
0.0283877
0.0291942
0.0299678
0.0306908
0.0314831
0.0323506
0.0331659
0.0339261
0.0347501
0.0356654
0.036574
0.0374212
0.0382905
0.0392444
0.0402217
0.0411536
0.042114
0.0431289
0.0441575
0.0451682
0.0462006
0.0472837
0.0483793
0.0494761
0.0505964
0.0517611
0.0529328
0.0541215
0.0553282
0.0565643
0.0578278
0.059105
0.0604152
0.0617428
0.0631036
0.0644753
0.0658895
0.0673124
0.0687722
0.0702582
0.0717699
0.0733226
0.0748904
0.0764911
0.078124
0.0798058
0.0815101
0.0832415
0.0849811
0.0867691
0.0886068
0.0904723
0.0923734
0.0943006
0.0962514
0.0982437
0.100278
0.102364
0.104457
0.106609
0.108766
0.110993
0.113209
0.115466
0.117593
0.119344
0.0101652
0.0108747
0.0121683
0.013094
0.0131642
0.0127142
0.0127052
0.0135481
0.0144339
0.014618
0.0143356
0.0143496
0.0150569
0.0159186
0.016321
0.0164347
0.0167707
0.0174913
0.0182675
0.0188106
0.0192434
0.0197163
0.0202949
0.021066
0.0218005
0.022243
0.0227099
0.0235176
0.0243406
0.024892
0.0254479
0.0262363
0.0270459
0.0277233
0.0284134
0.0292134
0.0299926
0.0307138
0.0314992
0.0323678
0.033187
0.033944
0.034762
0.0356774
0.0365908
0.0374371
0.0382999
0.0392537
0.0402345
0.0411641
0.0421214
0.0431368
0.0441659
0.0451747
0.0462063
0.0472901
0.0483856
0.0494822
0.0506015
0.0517657
0.0529372
0.0541248
0.0553324
0.0565687
0.0578313
0.0591083
0.060419
0.0617464
0.063106
0.0644787
0.0658929
0.067315
0.0687757
0.0702619
0.0717735
0.0733254
0.0748936
0.0764951
0.0781274
0.0798082
0.0815111
0.0832431
0.0849838
0.086772
0.0886097
0.0904747
0.0923739
0.094301
0.0962543
0.0982468
0.10028
0.102365
0.104459
0.106611
0.108769
0.110999
0.113218
0.115476
0.117606
0.119359
0.0103872
0.0109137
0.0121219
0.0131647
0.0134671
0.0131236
0.0129365
0.0135749
0.0145175
0.0149038
0.0146784
0.0145209
0.0150722
0.0160043
0.0165509
0.0166446
0.0168445
0.0175259
0.018386
0.0189548
0.0193165
0.0197783
0.0203901
0.021123
0.0218429
0.0223389
0.0227899
0.0235376
0.0243788
0.0249655
0.0254935
0.0262535
0.0270786
0.0277688
0.0284441
0.0292323
0.0300173
0.0307398
0.0315171
0.0323848
0.0332083
0.0339629
0.0347747
0.0356896
0.0366083
0.0374551
0.0383111
0.0392634
0.0402477
0.0411749
0.0421283
0.0431442
0.0441744
0.0451816
0.0462124
0.047297
0.0483923
0.0494885
0.0506066
0.0517702
0.0529417
0.0541284
0.0553366
0.0565733
0.057835
0.0591116
0.0604229
0.06175
0.0631083
0.0644821
0.0658964
0.0673177
0.0687791
0.0702656
0.0717773
0.0733284
0.0748969
0.0764993
0.0781309
0.0798107
0.0815124
0.083245
0.0849864
0.0867748
0.0886126
0.090477
0.0923744
0.0943015
0.0962571
0.0982498
0.100282
0.102367
0.10446
0.106614
0.108772
0.111005
0.113228
0.115486
0.11762
0.119373
0.0106452
0.0110135
0.0121052
0.0131975
0.0136931
0.013515
0.0132386
0.0136519
0.0145612
0.0151213
0.0150285
0.0147715
0.0151155
0.016031
0.0167397
0.016894
0.0169688
0.0175433
0.0184615
0.0191167
0.0194308
0.0198254
0.0204668
0.0212078
0.0218909
0.0224146
0.0228815
0.0235723
0.0244064
0.025038
0.0255523
0.0262735
0.0271063
0.0278151
0.0284799
0.029253
0.0300411
0.0307667
0.0315366
0.0324024
0.0332312
0.0339845
0.0347888
0.035702
0.0366258
0.0374732
0.038322
0.0392721
0.0402606
0.0411868
0.042136
0.0431524
0.0441842
0.0451894
0.0462187
0.0473036
0.048399
0.0494948
0.0506119
0.0517753
0.0529468
0.0541322
0.055341
0.0565782
0.0578388
0.059115
0.060427
0.0617541
0.0631109
0.0644857
0.0659002
0.0673207
0.0687828
0.0702695
0.0717813
0.0733315
0.0749001
0.0765036
0.0781345
0.0798132
0.0815137
0.083247
0.0849891
0.0867775
0.0886156
0.0904793
0.0923751
0.0943022
0.0962599
0.0982528
0.100284
0.102369
0.104462
0.106617
0.108776
0.111011
0.113238
0.115497
0.117633
0.119389
0.0109201
0.0111688
0.0121285
0.0132172
0.013849
0.013858
0.0135879
0.0137954
0.0145936
0.0152715
0.0153478
0.0150799
0.0152228
0.0160297
0.016862
0.0171513
0.0171572
0.0175724
0.0184868
0.0192664
0.0195954
0.0198867
0.0205086
0.0212988
0.0219644
0.0224755
0.0229702
0.0236292
0.0244312
0.0251006
0.025621
0.0262989
0.0271287
0.0278614
0.0285211
0.0292764
0.0300645
0.0307952
0.0315595
0.0324208
0.0332538
0.0340069
0.0348031
0.0357135
0.0366433
0.0374927
0.0383351
0.0392824
0.0402746
0.0412
0.0421442
0.0431601
0.0441936
0.0451974
0.0462252
0.0473105
0.0484064
0.049502
0.0506174
0.0517804
0.0529519
0.054136
0.0553455
0.0565833
0.0578429
0.0591184
0.0604313
0.0617583
0.0631135
0.0644893
0.0659041
0.0673238
0.0687863
0.0702733
0.0717855
0.0733348
0.0749035
0.076508
0.078138
0.0798157
0.0815153
0.0832492
0.0849918
0.0867804
0.0886187
0.0904817
0.092376
0.0943031
0.0962627
0.0982558
0.100286
0.102371
0.104464
0.106619
0.10878
0.111017
0.113248
0.115508
0.117646
0.119404
0.0111881
0.0113683
0.0121884
0.0132438
0.0139631
0.0141422
0.0139526
0.0140071
0.0146435
0.0153694
0.0156133
0.015412
0.0154048
0.0160385
0.0169184
0.0173798
0.0173984
0.0176482
0.0184827
0.0193712
0.0197864
0.0199932
0.020529
0.0213685
0.0220691
0.0225418
0.0230395
0.0236995
0.0244643
0.0251501
0.0256962
0.0263373
0.0271474
0.0279051
0.0285677
0.0293034
0.030088
0.0308233
0.0315826
0.0324396
0.0332768
0.0340317
0.0348201
0.0357259
0.0366624
0.037514
0.0383481
0.0392917
0.0402877
0.0412132
0.0421528
0.0431683
0.0442041
0.0452066
0.0462327
0.0473174
0.0484135
0.049509
0.0506228
0.0517859
0.0529577
0.0541404
0.05535
0.0565887
0.0578471
0.0591218
0.0604358
0.0617627
0.0631163
0.0644931
0.0659082
0.067327
0.0687901
0.0702773
0.0717899
0.0733382
0.0749067
0.0765126
0.0781419
0.0798183
0.0815171
0.0832516
0.0849946
0.0867831
0.0886219
0.090484
0.092377
0.0943043
0.0962655
0.0982587
0.100288
0.102374
0.104467
0.106623
0.108784
0.111023
0.113258
0.115519
0.11766
0.11942
0.0114327
0.0116015
0.012287
0.0132855
0.0140623
0.0143699
0.0142929
0.0142705
0.0147322
0.0154359
0.0158215
0.0157349
0.0156492
0.016096
0.0169349
0.0175505
0.0176625
0.0177873
0.0184784
0.0194194
0.0199715
0.0201575
0.0205589
0.0213945
0.0221815
0.0226372
0.0230933
0.0237687
0.0245176
0.0251924
0.0257669
0.0263896
0.0271653
0.0279418
0.0286194
0.0293346
0.0301104
0.0308522
0.0316086
0.0324609
0.0333014
0.0340583
0.0348384
0.0357368
0.0366797
0.037536
0.0383618
0.0393014
0.0403025
0.0412284
0.0421625
0.0431769
0.0442144
0.0452153
0.0462402
0.0473244
0.048421
0.0495169
0.0506289
0.0517914
0.0529636
0.0541447
0.0553546
0.0565943
0.0578515
0.0591254
0.0604406
0.0617673
0.0631191
0.064497
0.0659125
0.0673306
0.068794
0.0702812
0.0717943
0.0733417
0.0749101
0.0765173
0.0781457
0.0798209
0.0815191
0.0832542
0.0849974
0.086786
0.0886251
0.0904865
0.0923782
0.0943058
0.0962682
0.0982617
0.100291
0.102376
0.104469
0.106626
0.108789
0.11103
0.113269
0.115531
0.117674
0.119436
0.0116404
0.0118434
0.0124238
0.0133405
0.0141546
0.0145575
0.0145902
0.014563
0.0148761
0.0154979
0.0159788
0.0160244
0.0159277
0.0162152
0.0169449
0.0176554
0.0179131
0.0179868
0.0185093
0.0194269
0.0201155
0.0203579
0.0206336
0.021389
0.0222713
0.0227714
0.0231537
0.0238174
0.024585
0.0252392
0.0258254
0.0264533
0.0271914
0.0279689
0.0286726
0.0293751
0.0301342
0.0308814
0.0316364
0.0324819
0.0333252
0.0340853
0.0348582
0.0357481
0.0366974
0.0375616
0.0383783
0.0393102
0.0403168
0.0412442
0.0421717
0.0431851
0.0442256
0.0452251
0.0462485
0.0473324
0.0484287
0.0495244
0.0506349
0.0517972
0.0529699
0.0541496
0.0553593
0.0566003
0.057856
0.0591289
0.0604455
0.061772
0.0631221
0.0645011
0.0659169
0.0673341
0.0687979
0.0702854
0.0717991
0.0733455
0.0749134
0.076522
0.0781496
0.0798236
0.0815215
0.0832569
0.0850003
0.086789
0.0886284
0.0904889
0.0923795
0.0943075
0.0962709
0.0982646
0.100293
0.102379
0.104472
0.106629
0.108794
0.111037
0.113279
0.115543
0.117688
0.119452
0.011811
0.0120762
0.0126026
0.0134211
0.0142424
0.0147253
0.0148476
0.0148546
0.0150691
0.0155758
0.0160942
0.0162692
0.0162137
0.0163911
0.0169848
0.0177141
0.0181198
0.0182213
0.0185949
0.0194218
0.020205
0.0205626
0.0207708
0.0213845
0.0223089
0.0229192
0.0232475
0.0238459
0.0246498
0.025305
0.0258746
0.0265178
0.027233
0.0279899
0.0287202
0.0294255
0.0301602
0.0309059
0.0316653
0.0325049
0.0333498
0.0341154
0.0348819
0.0357603
0.0367134
0.0375873
0.0383961
0.0393176
0.0403302
0.0412625
0.0421825
0.0431936
0.044238
0.0452352
0.0462561
0.0473403
0.0484369
0.0495323
0.0506415
0.0518036
0.0529764
0.0541546
0.0553641
0.0566065
0.0578607
0.0591325
0.0604509
0.0617771
0.0631251
0.0645053
0.0659214
0.067338
0.0688021
0.0702895
0.0718038
0.0733491
0.074917
0.0765271
0.0781537
0.0798263
0.081524
0.0832597
0.0850031
0.086792
0.0886318
0.0904914
0.092381
0.0943095
0.0962737
0.0982675
0.100296
0.102382
0.104476
0.106633
0.108799
0.111045
0.11329
0.115555
0.117702
0.119468
0.0119673
0.0122953
0.0128093
0.0135329
0.0143228
0.014875
0.0150745
0.0151227
0.015292
0.0156899
0.0161882
0.0164695
0.016489
0.016605
0.0170689
0.0177526
0.0182692
0.0184601
0.0187388
0.0194365
0.0202497
0.0207361
0.0209524
0.0214178
0.0223022
0.0230479
0.0233896
0.0238776
0.024691
0.0253876
0.0259268
0.0265714
0.0272904
0.0280148
0.0287539
0.0294807
0.0301965
0.030928
0.0316943
0.0325328
0.0333748
0.034145
0.0349071
0.035772
0.0367273
0.0376142
0.0384181
0.0393261
0.0403425
0.0412824
0.0421946
0.0432007
0.04425
0.0452466
0.0462639
0.0473485
0.0484464
0.0495405
0.0506475
0.05181
0.0529833
0.05416
0.0553689
0.056613
0.0578659
0.0591361
0.0604562
0.0617822
0.0631283
0.0645098
0.0659263
0.0673419
0.0688061
0.0702937
0.0718089
0.0733532
0.0749206
0.076532
0.0781576
0.079829
0.0815268
0.0832628
0.0850061
0.0867952
0.0886352
0.0904939
0.0923825
0.0943118
0.0962765
0.0982704
0.100299
0.102385
0.104479
0.106637
0.108805
0.111053
0.113301
0.115568
0.117716
0.119484
0.0121136
0.012487
0.0130103
0.0136715
0.0144084
0.0150093
0.0152863
0.015369
0.015523
0.015842
0.0162814
0.0166265
0.0167382
0.0168379
0.0171962
0.0178021
0.0183747
0.0186736
0.0189214
0.0194901
0.020272
0.0208628
0.0211489
0.0215106
0.0222839
0.0231239
0.0235579
0.0239426
0.0247044
0.0254699
0.0259975
0.0266115
0.0273512
0.0280548
0.0287761
0.0295327
0.0302484
0.0309523
0.0317162
0.0325625
0.0334018
0.0341731
0.034935
0.0357868
0.0367407
0.0376418
0.0384428
0.0393348
0.0403525
0.0413022
0.042209
0.0432083
0.0442622
0.0452599
0.0462722
0.0473555
0.0484562
0.0495495
0.0506536
0.0518166
0.0529908
0.0541658
0.0553736
0.0566196
0.0578713
0.0591396
0.0604619
0.0617877
0.0631317
0.064514
0.0659311
0.0673461
0.0688106
0.0702981
0.071814
0.073357
0.0749242
0.0765372
0.0781619
0.079832
0.0815298
0.0832659
0.085009
0.0867987
0.0886386
0.0904965
0.0923842
0.0943143
0.0962795
0.0982732
0.100303
0.102388
0.104483
0.106642
0.108811
0.111061
0.113312
0.115581
0.117731
0.1195
0.0122475
0.0126572
0.0132029
0.0138395
0.0145199
0.0151306
0.0154821
0.0155994
0.0157421
0.0160144
0.0163914
0.0167553
0.0169546
0.0170773
0.0173585
0.0178763
0.0184536
0.0188456
0.0191183
0.0195896
0.0203004
0.0209496
0.0213286
0.0216506
0.0222894
0.0231467
0.0237164
0.0240604
0.0247117
0.025529
0.026091
0.0266514
0.0274025
0.0281152
0.0287976
0.0295672
0.0303093
0.0309878
0.0317304
0.0325899
0.0334365
0.0342031
0.0349633
0.035804
0.0367522
0.0376678
0.03847
0.0393448
0.0403619
0.0413228
0.0422253
0.0432167
0.0442733
0.0452733
0.0462815
0.047362
0.0484663
0.0495601
0.05066
0.0518226
0.0529984
0.0541723
0.0553784
0.0566263
0.0578773
0.0591435
0.0604676
0.061793
0.0631353
0.0645187
0.0659364
0.0673505
0.0688147
0.0703023
0.0718193
0.0733612
0.0749282
0.0765426
0.0781659
0.079835
0.0815332
0.0832692
0.0850118
0.0868022
0.088642
0.0904991
0.0923862
0.094317
0.0962826
0.0982759
0.100306
0.102392
0.104487
0.106647
0.108817
0.111069
0.113323
0.115594
0.117746
0.119517
0.0123861
0.0128258
0.0133915
0.0140183
0.0146501
0.0152387
0.0156539
0.0158223
0.0159531
0.0161944
0.0165259
0.0168766
0.0171335
0.0173022
0.017541
0.0179772
0.018529
0.0189824
0.0193077
0.0197248
0.0203525
0.0210124
0.0214754
0.0218136
0.022342
0.0231436
0.0238297
0.0242151
0.0247441
0.0255548
0.026191
0.0267081
0.0274361
0.0281847
0.0288344
0.0295837
0.0303675
0.0310434
0.0317451
0.0326066
0.0334753
0.0342381
0.0349889
0.0358219
0.0367646
0.0376936
0.0385007
0.0393567
0.04037
0.0413428
0.0422419
0.0432259
0.044285
0.0452874
0.0462921
0.0473687
0.0484755
0.049571
0.0506675
0.0518286
0.053006
0.0541793
0.0553834
0.0566329
0.0578835
0.0591474
0.0604732
0.0617987
0.0631394
0.0645232
0.0659415
0.0673551
0.0688191
0.070307
0.071825
0.0733652
0.0749319
0.076548
0.0781701
0.0798383
0.0815367
0.0832726
0.0850148
0.0868062
0.0886455
0.0905017
0.0923883
0.0943197
0.096286
0.0982787
0.10031
0.102395
0.104491
0.106652
0.108823
0.111078
0.113334
0.115607
0.117761
0.119533
0.012532
0.0129894
0.0135652
0.0141881
0.0147954
0.0153543
0.0158063
0.0160377
0.0161651
0.0163737
0.0166732
0.0170006
0.0172825
0.0175015
0.0177363
0.0181059
0.0186131
0.019095
0.0194727
0.0198761
0.0204332
0.0210702
0.0215911
0.0219745
0.0224388
0.0231491
0.0238923
0.024374
0.0248246
0.0255637
0.0262731
0.0267888
0.02746
0.0282465
0.0288972
0.0295954
0.0304075
0.031115
0.0317721
0.0326098
0.0335099
0.0342834
0.0350163
0.0358376
0.0367781
0.0377189
0.0385329
0.0393701
0.0403767
0.0413634
0.0422602
0.0432355
0.0442973
0.0453019
0.0463027
0.0473755
0.0484844
0.0495824
0.0506763
0.0518346
0.0530131
0.0541868
0.0553887
0.0566395
0.05789
0.0591518
0.0604792
0.0618043
0.0631434
0.0645277
0.0659471
0.0673603
0.0688235
0.0703113
0.0718304
0.0733695
0.074936
0.0765537
0.0781741
0.0798416
0.0815404
0.083276
0.0850178
0.0868103
0.0886491
0.0905044
0.092391
0.0943226
0.0962895
0.0982814
0.100314
0.102399
0.104496
0.106657
0.10883
0.111088
0.113346
0.115621
0.117776
0.11955
0.012677
0.0131486
0.0137311
0.0143561
0.0149573
0.0154876
0.0159388
0.016227
0.0163747
0.0165512
0.0168221
0.0171333
0.0174231
0.017677
0.0179292
0.0182556
0.0187091
0.0191938
0.0196123
0.0200274
0.0205378
0.0211365
0.0216867
0.0221194
0.0225617
0.023184
0.0239223
0.0245035
0.0249446
0.0255849
0.0263258
0.0268863
0.0274949
0.0282859
0.0289747
0.0296193
0.0304215
0.0311865
0.0318238
0.0326095
0.0335307
0.0343374
0.0350533
0.0358489
0.0367885
0.0377456
0.038567
0.0393854
0.0403825
0.041384
0.0422798
0.0432444
0.0443097
0.0453181
0.0463136
0.0473827
0.0484938
0.0495935
0.0506857
0.0518412
0.0530202
0.0541943
0.0553941
0.0566465
0.0578971
0.0591562
0.0604846
0.0618098
0.0631483
0.0645326
0.0659526
0.0673654
0.0688275
0.0703159
0.0718365
0.0733741
0.0749399
0.0765594
0.0781782
0.0798453
0.0815445
0.0832794
0.0850209
0.0868145
0.0886527
0.0905068
0.0923939
0.0943255
0.0962932
0.0982845
0.100318
0.102404
0.1045
0.106663
0.108836
0.111097
0.113357
0.115634
0.117791
0.119566
0.0128228
0.013312
0.0138981
0.0145206
0.0151183
0.015629
0.0160617
0.016387
0.0165761
0.016734
0.0169713
0.017269
0.0175621
0.0178333
0.0181046
0.0184156
0.0188218
0.019292
0.0197358
0.0201686
0.0206559
0.0212163
0.0217728
0.0222437
0.0226904
0.0232508
0.0239456
0.0245926
0.0250784
0.0256406
0.0263578
0.0269775
0.0275521
0.0283086
0.02905
0.0296722
0.0304237
0.0312387
0.0318966
0.0326198
0.0335313
0.0343872
0.0351056
0.0358617
0.0367915
0.0377737
0.0386066
0.0394023
0.0403865
0.041404
0.0423017
0.043253
0.0443212
0.0453364
0.0463253
0.0473887
0.048503
0.049605
0.0506957
0.0518481
0.0530277
0.0542021
0.0553993
0.0566536
0.0579044
0.0591607
0.0604904
0.0618158
0.0631531
0.0645368
0.0659579
0.0673715
0.068832
0.0703207
0.0718422
0.0733787
0.074944
0.0765652
0.0781825
0.0798493
0.0815487
0.0832828
0.0850242
0.0868191
0.0886565
0.0905093
0.0923972
0.0943285
0.0962967
0.0982877
0.100322
0.102409
0.104505
0.10667
0.108843
0.111106
0.113369
0.115648
0.117806
0.119582
0.0129661
0.0134765
0.0140646
0.0146766
0.0152708
0.0157798
0.016196
0.0165294
0.016758
0.0169191
0.0171213
0.0173992
0.0176943
0.0179758
0.0182606
0.0185749
0.0189527
0.0193968
0.0198493
0.0202962
0.0207758
0.0213069
0.0218562
0.0223541
0.0228154
0.0233408
0.0239819
0.0246518
0.0251985
0.0257268
0.0263885
0.0270477
0.0276284
0.0283316
0.0291058
0.0297483
0.0304354
0.0312635
0.031975
0.032656
0.0335229
0.0344198
0.0351705
0.0358861
0.0367831
0.037795
0.0386532
0.0394228
0.0403874
0.0414232
0.0423271
0.0432619
0.0443305
0.0453567
0.0463391
0.0473938
0.048512
0.0496174
0.0507059
0.0518547
0.053036
0.0542103
0.0554035
0.0566606
0.0579132
0.0591657
0.0604952
0.0618215
0.0631587
0.0645417
0.0659637
0.0673775
0.0688359
0.070325
0.0718481
0.0733838
0.0749485
0.0765708
0.0781866
0.0798533
0.081553
0.0832861
0.0850278
0.0868237
0.0886602
0.0905118
0.0924011
0.0943317
0.0963004
0.0982915
0.100327
0.102414
0.104509
0.106676
0.108849
0.111116
0.113381
0.115661
0.117821
0.119598
0.013103
0.013637
0.0142326
0.0148344
0.0154204
0.015933
0.0163399
0.0166626
0.0169125
0.0170951
0.0172757
0.0175257
0.0178177
0.0181096
0.0184049
0.0187229
0.019089
0.019509
0.0199562
0.0204115
0.0208918
0.0214074
0.0219435
0.0224562
0.022932
0.023441
0.0240367
0.0246962
0.025292
0.025828
0.0264381
0.0271015
0.0277088
0.0283675
0.0291392
0.0298273
0.0304716
0.0312709
0.0320379
0.0327165
0.0335232
0.0344299
0.0352354
0.0359337
0.0367725
0.0378007
0.0387059
0.0394529
0.0403834
0.0414379
0.0423561
0.0432717
0.0443362
0.0453775
0.0463563
0.0473986
0.0485189
0.0496308
0.0507176
0.0518605
0.0530447
0.0542199
0.0554073
0.0566675
0.0579225
0.0591707
0.0604994
0.0618278
0.063165
0.0645461
0.0659687
0.067384
0.0688404
0.0703302
0.071854
0.0733888
0.074953
0.0765762
0.0781911
0.0798578
0.0815576
0.0832893
0.0850317
0.0868284
0.0886639
0.0905143
0.092405
0.094335
0.0963039
0.0982957
0.100331
0.102419
0.104515
0.106683
0.108856
0.111126
0.113393
0.115675
0.117836
0.119614
0.013234
0.0137897
0.0144007
0.0149964
0.0155656
0.0160762
0.0164838
0.016797
0.0170495
0.0172536
0.0174322
0.0176541
0.0179353
0.0182326
0.0185368
0.0188569
0.0192202
0.0196271
0.0200611
0.0205191
0.0210018
0.0215101
0.0220336
0.022552
0.0230415
0.0235433
0.0241078
0.0247424
0.0253631
0.0259263
0.0265062
0.0271486
0.0277807
0.0284193
0.0291638
0.0298938
0.030532
0.0312808
0.0320753
0.0327839
0.0335449
0.0344252
0.0352822
0.0360015
0.0367738
0.0377863
0.0387559
0.0395003
0.0403796
0.0414449
0.0423898
0.043286
0.0443382
0.045397
0.0463772
0.0474043
0.0485229
0.0496441
0.050731
0.051865
0.0530528
0.0542309
0.0554103
0.056673
0.0579329
0.059177
0.0605031
0.0618336
0.0631715
0.0645504
0.0659739
0.0673908
0.0688446
0.0703347
0.0718596
0.0733939
0.074958
0.0765812
0.0781957
0.0798624
0.081562
0.0832923
0.085036
0.0868332
0.0886674
0.090517
0.0924093
0.0943385
0.096307
0.0983
0.100335
0.102425
0.10452
0.106691
0.108859
0.111136
0.113405
0.115688
0.11785
0.119629
0.0133627
0.0139293
0.0145581
0.015156
0.0157091
0.0162091
0.0166206
0.0169328
0.0171787
0.0173907
0.0175806
0.0177839
0.0180461
0.0183434
0.0186569
0.018982
0.0193407
0.0197444
0.0201685
0.0206216
0.0211045
0.0216085
0.0221245
0.0226418
0.0231435
0.023645
0.0241885
0.0247984
0.0254212
0.0260115
0.0265856
0.0272008
0.0278427
0.0284795
0.029191
0.029941
0.0306007
0.0313079
0.0320966
0.0328413
0.0335886
0.034425
0.035303
0.036074
0.0367993
0.0377559
0.0387874
0.0395637
0.0403826
0.0414395
0.0424238
0.043307
0.0443377
0.0454137
0.0464019
0.0474142
0.048525
0.0496564
0.0507477
0.0518699
0.0530599
0.0542439
0.0554141
0.0566778
0.0579441
0.0591838
0.0605056
0.0618397
0.0631795
0.0645556
0.0659793
0.0673976
0.0688493
0.0703403
0.0718658
0.0733995
0.0749636
0.0765864
0.0782009
0.0798678
0.0815667
0.0832956
0.0850409
0.0868384
0.088671
0.0905203
0.092414
0.0943425
0.0963106
0.0983054
0.10034
0.10243
0.104526
0.1067
0.108897
0.111148
0.113417
0.115702
0.117865
0.119645
0.0134951
0.0140586
0.0147014
0.0153089
0.0158524
0.0163353
0.0167439
0.0170585
0.0173012
0.0175109
0.0177099
0.0179089
0.0181539
0.0184463
0.0187626
0.0190961
0.0194514
0.0198537
0.0202783
0.020722
0.0212008
0.0217
0.0222128
0.0227288
0.0232377
0.0237435
0.0242699
0.0248607
0.025475
0.0260804
0.0266656
0.0272611
0.0279
0.0285425
0.0292279
0.0299774
0.0306648
0.0313528
0.0321163
0.0328808
0.0336391
0.0344419
0.0353081
0.0361343
0.0368538
0.0377284
0.0387904
0.0396356
0.0404023
0.0414218
0.0424521
0.0433349
0.0443343
0.0454237
0.0464267
0.0474271
0.0485247
0.0496642
0.0507653
0.0518752
0.053064
0.0542573
0.055419
0.0566804
0.0579546
0.0591918
0.0605076
0.0618451
0.0631869
0.0645592
0.0659838
0.0674038
0.0688539
0.070345
0.0718708
0.0734042
0.0749687
0.0765904
0.0782055
0.0798728
0.0815703
0.0832985
0.0850456
0.0868431
0.0886737
0.0905232
0.0924184
0.0943458
0.0963132
0.0983099
0.100345
0.102435
0.104532
0.106708
0.108901
0.111158
0.113428
0.115715
0.117879
0.11966
0.0136359
0.0141876
0.0148339
0.0154495
0.0159903
0.0164555
0.0168515
0.0171668
0.0174116
0.0176173
0.0178188
0.0180232
0.0182558
0.018539
0.0188552
0.0191971
0.0195553
0.019954
0.0203843
0.0208184
0.0212889
0.0217877
0.0222983
0.0228135
0.0233228
0.0238359
0.0243513
0.024924
0.0255293
0.0261361
0.026738
0.0273263
0.0279536
0.0286018
0.0292697
0.0300096
0.0307203
0.0314074
0.0321463
0.0329095
0.0336852
0.0344761
0.0353125
0.0361727
0.0369241
0.0377242
0.0387677
0.0397031
0.0404516
0.0414025
0.0424717
0.0433749
0.0443357
0.0454299
0.0464543
0.0474473
0.0485271
0.0496696
0.0507845
0.0518849
0.0530674
0.0542705
0.0554265
0.0566827
0.0579648
0.0592014
0.0605097
0.0618506
0.0631961
0.0645646
0.0659894
0.0674108
0.0688594
0.0703509
0.0718768
0.0734103
0.0749753
0.0765957
0.0782117
0.0798792
0.0815746
0.0833026
0.0850518
0.0868487
0.0886772
0.0905277
0.092424
0.0943502
0.0963171
0.0983161
0.10035
0.10244
0.104539
0.106716
0.108908
0.111168
0.11344
0.115729
0.117893
0.119674
0.0137832
0.0143202
0.014958
0.0155754
0.016116
0.0165674
0.0169457
0.0172549
0.0175015
0.0177076
0.0179066
0.0181167
0.0183467
0.0186238
0.0189396
0.0192848
0.0196514
0.0200452
0.0204784
0.0209137
0.0213754
0.0218719
0.0223763
0.0228907
0.0233987
0.0239179
0.0244317
0.0249856
0.0255842
0.0261844
0.026796
0.0273907
0.0280049
0.0286565
0.0293127
0.0300369
0.0307621
0.0314562
0.0321819
0.0329316
0.0337153
0.034515
0.0353244
0.0361871
0.0369862
0.0377461
0.0387257
0.0397348
0.0405176
0.0413873
0.042467
0.043415
0.0443402
0.0454243
0.0464771
0.0474701
0.0485292
0.0496702
0.0508
0.0518957
0.0530696
0.0542814
0.055435
0.0566845
0.0579733
0.0592105
0.0605115
0.0618552
0.0632041
0.0645682
0.0659937
0.0674165
0.0688647
0.0703561
0.0718813
0.0734153
0.0749806
0.0765991
0.0782168
0.0798845
0.0815771
0.0833059
0.085057
0.0868526
0.0886791
0.0905311
0.0924285
0.094353
0.0963198
0.0983209
0.100355
0.102445
0.104545
0.106723
0.108914
0.111177
0.11345
0.115742
0.117907
0.119688
0.013925
0.0144494
0.0150708
0.0156796
0.0162168
0.0166617
0.0170238
0.0173217
0.0175668
0.0177772
0.0179766
0.0181932
0.0184302
0.0187045
0.0190219
0.0193686
0.0197445
0.0201395
0.0205733
0.0210189
0.0214705
0.0219592
0.0224578
0.0229693
0.0234767
0.0239979
0.0245193
0.0250543
0.0256428
0.0262371
0.0268482
0.0274593
0.0280648
0.0287153
0.0293664
0.0300712
0.0308039
0.0315075
0.0322293
0.0329656
0.0337419
0.0345545
0.0353548
0.036197
0.0370351
0.0378017
0.0387051
0.0397385
0.0405958
0.0414073
0.0424525
0.0434527
0.0443636
0.045416
0.0464956
0.0475007
0.0485358
0.04967
0.0508136
0.0519086
0.0530741
0.054292
0.0554445
0.056686
0.0579818
0.0592208
0.0605136
0.0618606
0.0632132
0.0645728
0.065999
0.0674229
0.0688707
0.0703618
0.071886
0.0734218
0.0749873
0.076604
0.0782236
0.079891
0.0815802
0.0833109
0.0850642
0.0868577
0.0886827
0.0905365
0.0924346
0.0943572
0.096324
0.0983273
0.100361
0.10245
0.104552
0.10673
0.108922
0.111187
0.113461
0.115754
0.11792
0.119701
0.0140653
0.0145597
0.0151452
0.0157245
0.0162424
0.0166725
0.0170131
0.0172921
0.0175303
0.017748
0.0179589
0.0181876
0.0184437
0.0187298
0.0190587
0.0194137
0.0197994
0.020205
0.0206383
0.0210941
0.0215435
0.0220222
0.022517
0.0230241
0.0235338
0.0240535
0.0245849
0.0251114
0.0256857
0.0262795
0.0268828
0.0275081
0.028114
0.0287591
0.0294116
0.0300974
0.0308305
0.0315441
0.0322663
0.033
0.0337632
0.0345783
0.0353852
0.0362045
0.0370553
0.0378556
0.0387032
0.0397098
0.0406428
0.0414491
0.0424349
0.0434672
0.0443961
0.0454087
0.0465
0.0475337
0.0485479
0.0496675
0.0508248
0.0519208
0.0530784
0.0543024
0.0554548
0.0566864
0.0579887
0.0592314
0.0605148
0.0618643
0.0632217
0.0645764
0.0660031
0.0674297
0.0688777
0.0703674
0.0718901
0.0734285
0.0749933
0.0766079
0.0782301
0.0798967
0.0815824
0.0833158
0.0850703
0.0868607
0.0886848
0.0905409
0.0924395
0.09436
0.0963272
0.0983327
0.100366
0.102454
0.104558
0.106737
0.108929
0.111194
0.113471
0.115766
0.117932
0.119714
0.014404
0.0148951
0.0154501
0.0159817
0.0164477
0.0168322
0.0171275
0.0173637
0.0175711
0.0177751
0.0179882
0.0182194
0.0184852
0.0187813
0.0191199
0.0194849
0.0198745
0.0202872
0.0207177
0.0211748
0.0216261
0.0220918
0.0225803
0.0230839
0.0235944
0.0241104
0.0246465
0.0251778
0.0257362
0.0263282
0.0269257
0.0275546
0.0281697
0.0288072
0.0294636
0.0301356
0.0308594
0.0315812
0.0323011
0.0330393
0.0337934
0.0345971
0.0354142
0.0362233
0.03707
0.0379054
0.0387329
0.0396868
0.0406634
0.0415053
0.0424353
0.0434657
0.0444301
0.0454114
0.0464927
0.0475612
0.0485673
0.0496634
0.0508314
0.0519331
0.0530808
0.0543117
0.0554679
0.0566856
0.0579932
0.0592442
0.0605185
0.0618677
0.0632305
0.0645809
0.0660061
0.0674352
0.0688847
0.0703709
0.071892
0.0734355
0.0749991
0.0766112
0.0782369
0.0799018
0.081584
0.0833215
0.0850775
0.0868641
0.0886882
0.0905467
0.092445
0.0943632
0.096331
0.0983385
0.100371
0.102459
0.104564
0.106744
0.108936
0.111202
0.113481
0.115777
0.117944
0.119726
0.0141312
0.0145811
0.0151161
0.015644
0.0161219
0.0165359
0.0168777
0.0171639
0.0174251
0.0176826
0.0179497
0.0182199
0.018514
0.0188314
0.0191824
0.0195583
0.0199479
0.0203587
0.020784
0.0212367
0.0216898
0.0221484
0.0226282
0.0231301
0.0236419
0.0241567
0.0246929
0.0252331
0.0257844
0.0263688
0.0269662
0.0275903
0.0282141
0.0288482
0.0295059
0.0301755
0.0308833
0.0316132
0.032333
0.033076
0.033831
0.0346158
0.0354362
0.0362437
0.0370826
0.0379402
0.0387709
0.0396776
0.0406595
0.0415562
0.0424581
0.0434584
0.0444592
0.0454309
0.0464854
0.0475817
0.0485976
0.0496653
0.0508343
0.0519496
0.0530831
0.0543175
0.0554863
0.0566848
0.057991
0.0592571
0.0605233
0.0618678
0.0632365
0.0645866
0.0660096
0.0674422
0.0688954
0.0703775
0.0718952
0.073445
0.0750076
0.0766162
0.0782453
0.0799083
0.0815871
0.0833287
0.0850848
0.0868667
0.0886916
0.0905529
0.0924505
0.0943669
0.0963356
0.0983451
0.100377
0.102464
0.104571
0.106752
0.108944
0.111217
0.113491
0.115788
0.117955
0.119738
0.0156014
0.0156721
0.0156904
0.0157482
0.0158806
0.0160943
0.0163732
0.0166855
0.0170243
0.0173753
0.0177411
0.0181013
0.018462
0.0188262
0.0192022
0.0195974
0.0199938
0.0204047
0.0208254
0.0212725
0.0217273
0.0221844
0.0226555
0.0231513
0.0236651
0.0241797
0.0247164
0.0252646
0.0258205
0.0263987
0.026996
0.0276162
0.0282421
0.028881
0.0295363
0.0302098
0.0309017
0.0316299
0.0323557
0.0330963
0.0338604
0.0346294
0.0354438
0.03626
0.0370925
0.0379627
0.0388051
0.039682
0.0406442
0.0415798
0.0424899
0.0434513
0.0444658
0.0454533
0.046475
0.0475799
0.0486273
0.0496702
0.0508269
0.0519663
0.0530844
0.054315
0.0555104
0.0566888
0.0579815
0.0592714
0.0605346
0.0618672
0.0632419
0.0645926
0.0660111
0.0674453
0.068903
0.0703799
0.0718933
0.07345
0.0750132
0.0766181
0.07825
0.079911
0.0815879
0.0833343
0.0850903
0.0868681
0.0886944
0.090558
0.0924544
0.0943688
0.0963384
0.0983495
0.100381
0.102467
0.104576
0.106758
0.10895
0.111223
0.1135
0.115797
0.117965
0.119747
0.0142937
0.0146639
0.0151162
0.0155535
0.0159507
0.0162999
0.0166134
0.0168964
0.0171757
0.0174655
0.0177842
0.0181269
0.0184808
0.0188479
0.019226
0.01963
0.0200376
0.0204553
0.0208795
0.0213233
0.0217835
0.022242
0.0227077
0.0231886
0.0236979
0.0242126
0.0247461
0.0252991
0.0258593
0.0264394
0.027031
0.027648
0.0282713
0.028914
0.0295701
0.0302445
0.0309333
0.0316492
0.032385
0.0331236
0.0338887
0.0346581
0.0354525
0.0362791
0.0371097
0.0379777
0.03884
0.0396981
0.0406411
0.0415923
0.0425238
0.0434705
0.0444665
0.045482
0.0464896
0.0475681
0.0486592
0.0496925
0.0508136
0.0519852
0.0530925
0.0543015
0.0555348
0.0567005
0.0579624
0.0592797
0.06055
0.0618634
0.063243
0.0646011
0.0660137
0.0674519
0.0689168
0.0703879
0.0718972
0.0734606
0.0750242
0.076626
0.0782597
0.0799176
0.0815932
0.0833438
0.0850981
0.0868715
0.0886995
0.0905657
0.0924607
0.0943738
0.0963442
0.0983568
0.100387
0.102472
0.104582
0.106765
0.108956
0.111229
0.113508
0.115808
0.117974
0.119758
0.0157794
0.0157368
0.0156333
0.0155687
0.0155954
0.0157246
0.0159584
0.016275
0.0166517
0.0170652
0.0174974
0.0179444
0.0183841
0.0188164
0.0192336
0.0196521
0.0200688
0.0204857
0.0209084
0.0213427
0.0218008
0.0222589
0.0227217
0.023195
0.0236967
0.0242187
0.0247511
0.0253093
0.0258737
0.02646
0.027052
0.027662
0.0282872
0.0289286
0.0295895
0.0302614
0.030952
0.0316602
0.0323946
0.0331419
0.0338978
0.0346771
0.0354594
0.0362832
0.0371269
0.0379805
0.038861
0.0397143
0.040636
0.0415954
0.0425328
0.0434888
0.0444631
0.0454849
0.0465112
0.0475494
0.0486646
0.0497226
0.0507967
0.0519914
0.0531115
0.0542825
0.055549
0.0567238
0.0579447
0.0592791
0.0605694
0.0618639
0.0632411
0.0646089
0.0660144
0.0674503
0.0689248
0.0703901
0.0718927
0.0734635
0.075028
0.0766266
0.0782633
0.0799184
0.0815922
0.0833483
0.0851022
0.0868715
0.0887006
0.0905693
0.0924632
0.0943746
0.0963458
0.0983594
0.100389
0.102474
0.104585
0.106769
0.10896
0.111233
0.113514
0.115812
0.117981
0.119765
0.0152366
0.0151474
0.0150293
0.0149803
0.0150432
0.0152271
0.0155283
0.0159259
0.0163857
0.0168778
0.0173746
0.0178698
0.0183494
0.0188107
0.0192484
0.0196713
0.0200895
0.0205044
0.0209251
0.0213569
0.0218111
0.0222694
0.0227296
0.0232028
0.023699
0.0242232
0.0247576
0.0253151
0.0258829
0.0264695
0.0270645
0.0276701
0.0282957
0.0289376
0.0295992
0.0302727
0.0309618
0.0316718
0.0324011
0.0331537
0.033907
0.0346865
0.0354725
0.0362864
0.0371403
0.03799
0.0388715
0.0397362
0.0406429
0.0416044
0.0425453
0.0435056
0.0444793
0.0454893
0.046533
0.0475588
0.0486636
0.0497481
0.0508014
0.0519888
0.0531309
0.0542788
0.0555467
0.056744
0.0579417
0.0592719
0.060579
0.0618672
0.0632387
0.0646148
0.0660221
0.0674547
0.0689359
0.0704042
0.0719001
0.0734727
0.075041
0.0766363
0.078274
0.079929
0.0815991
0.0833569
0.0851118
0.0868784
0.0887065
0.0905769
0.0924711
0.0943815
0.0963527
0.0983667
0.100397
0.10248
0.104591
0.106776
0.108965
0.111239
0.113521
0.115821
0.117987
0.119783
)
;

boundaryField
{
    zeroGradientPlanes
    {
        type            zeroGradient;
    }
    inlet
    {
        type            zeroGradient;
    }
    plate
    {
        type            zeroGradient;
    }
    frontAndBack
    {
        type            empty;
    }
}


// ************************************************************************* //
