/*--------------------------------*- C++ -*----------------------------------*\
| =========                 |                                                 |
| \\      /  F ield         | OpenFOAM: The Open Source CFD Toolbox           |
|  \\    /   O peration     | Version:  v1912                                 |
|   \\  /    A nd           | Website:  www.openfoam.com                      |
|    \\/     M anipulation  |                                                 |
\*---------------------------------------------------------------------------*/
FoamFile
{
    version     2.0;
    format      ascii;
    class       volScalarField;
    location    "4.45";
    object      p;
}
// * * * * * * * * * * * * * * * * * * * * * * * * * * * * * * * * * * * * * //

dimensions      [0 2 -2 0 0 0 0];


internalField   nonuniform List<scalar> 
9600
(
-1.08005e-10
0.00255761
0.00305585
0.000443186
0.000269779
0.00481326
0.00179278
0.00618833
0.00767995
0.0103736
0.0128088
0.0121005
0.0121666
0.0137989
0.0135779
0.0152343
0.0158878
0.0183697
0.0180369
0.0219113
-1.47352e-07
0.00258994
0.00304192
0.000422404
0.000280479
0.00482364
0.0017948
0.00617923
0.007689
0.0103743
0.0127999
0.0121029
0.0121814
0.0137984
0.0135786
0.0152025
0.0158993
0.0182382
0.0181497
0.0215708
2.9914e-06
0.00261511
0.00301318
0.000425683
0.000303468
0.00482376
0.00180807
0.00616948
0.00769928
0.0103809
0.0127928
0.0121199
0.0121992
0.0137856
0.0135844
0.0151626
0.0159139
0.018138
0.0182095
0.0211931
1.08368e-05
0.00263037
0.00298343
0.000464209
0.000341346
0.00481807
0.00184797
0.00616169
0.00770517
0.0103977
0.0127781
0.012144
0.0122192
0.0137682
0.0135998
0.0151162
0.0159295
0.0180309
0.018235
0.0208383
2.46975e-05
0.00263625
0.00295715
0.000535128
0.000394038
0.00480634
0.00191934
0.0061529
0.00770603
0.0104178
0.012757
0.0121702
0.0122417
0.0137505
0.0136227
0.0150663
0.0159453
0.0179182
0.0182357
0.0205064
4.49303e-05
0.00263399
0.00293637
0.000633265
0.000458603
0.00479267
0.0020193
0.00614319
0.00770287
0.0104379
0.0127332
0.0121946
0.0122668
0.0137348
0.0136526
0.0150171
0.0159604
0.017803
0.0182153
0.0201939
7.065e-05
0.00262658
0.00292387
0.000752478
0.000530709
0.00477835
0.00213815
0.00613415
0.00769813
0.010457
0.0127085
0.0122149
0.0122944
0.0137216
0.0136886
0.0149701
0.0159734
0.0176897
0.0181742
0.019896
0.000100402
0.00261857
0.00292114
0.000886672
0.000607148
0.00476395
0.00226558
0.00612658
0.00769348
0.0104743
0.0126835
0.0122301
0.0123238
0.0137105
0.0137292
0.0149259
0.0159832
0.0175805
0.0181117
0.0196101
0.000132917
0.00261396
0.00292764
0.00103122
0.000685179
0.00474941
0.00239495
0.00611962
0.00768923
0.0104894
0.012658
0.0122389
0.0123534
0.0137009
0.0137726
0.014885
0.0159886
0.0174767
0.0180286
0.0193352
0.000167349
0.00261516
0.00294195
0.00118259
0.000762661
0.00473493
0.00252502
0.00611227
0.00768509
0.010502
0.0126312
0.0122399
0.0123812
0.0136923
0.0138172
0.0148477
0.0159881
0.0173777
0.0179272
0.0190697
0.000203271
0.00262268
0.00296241
0.00133791
0.000837959
0.00472052
0.00265815
0.00610491
0.0076813
0.0105126
0.0126025
0.0122318
0.0124059
0.0136847
0.0138609
0.0148141
0.0159807
0.0172831
0.0178102
0.0188112
0.000240583
0.00263577
0.00298747
0.00149476
0.000910377
0.00470603
0.00279797
0.00609922
0.00767886
0.0105218
0.0125715
0.012214
0.0124265
0.0136783
0.013902
0.0147841
0.0159657
0.017192
0.0176802
0.018558
0.000279327
0.00265317
0.00301594
0.00165121
0.000980203
0.00469143
0.00294711
0.00609734
0.00767921
0.0105303
0.0125388
0.0121867
0.0124427
0.0136736
0.0139391
0.0147576
0.0159426
0.0171023
0.0175403
0.018309
0.000319582
0.0026738
0.00304713
0.00180596
0.00104847
0.00467694
0.00310636
0.00610075
0.00768361
0.0105385
0.0125049
0.0121501
0.0124545
0.0136712
0.0139715
0.014734
0.0159113
0.0170118
0.017394
0.0180634
0.000361438
0.00269694
0.00308071
0.00195841
0.00111665
0.00466294
0.00327495
0.00610987
0.00769268
0.0105465
0.0124707
0.0120816
0.0124623
0.0136717
0.0139985
0.0147127
0.0158724
0.0169179
0.0172445
0.0178207
0.000405016
0.00272221
0.00311658
0.00210839
0.00118643
0.00464983
0.00345107
0.00612448
0.00770642
0.0105538
0.0124372
0.0120172
0.0124659
0.0136756
0.01402
0.0146927
0.015827
0.0168187
0.0170933
0.0175815
0.000450456
0.00274944
0.00315477
0.002256
0.00125944
0.00463799
0.00363257
0.00614402
0.00772452
0.0105601
0.0124053
0.0119668
0.0124655
0.013683
0.0140365
0.0146723
0.0157767
0.016713
0.0169415
0.0173468
0.000497908
0.00277851
0.00319535
0.00240138
0.00133711
0.00462774
0.00381739
0.00616786
0.00774653
0.0105653
0.0123749
0.0119207
0.012461
0.0136937
0.0140485
0.0146502
0.0157226
0.0166009
0.0167898
0.0171177
0.000547524
0.00280939
0.00323846
0.00254464
0.00142059
0.00461934
0.00400383
0.00619542
0.007772
0.0105692
0.012346
0.0118762
0.0124522
0.0137069
0.0140571
0.0146248
0.0156653
0.0164834
0.0166374
0.0168957
0.000599459
0.00284208
0.00328425
0.0026857
0.00151073
0.00461304
0.00419052
0.00622629
0.00780042
0.010572
0.0123181
0.0118341
0.0124389
0.0137216
0.0140634
0.0145948
0.0156051
0.0163619
0.016483
0.0166821
0.000653891
0.00287661
0.00333291
0.0028243
0.00160787
0.00460912
0.00437635
0.00626025
0.00783132
0.0105742
0.0122909
0.0117948
0.0124211
0.0137365
0.0140684
0.0145596
0.0155415
0.016238
0.0163254
0.0164777
0.00071102
0.00291299
0.00338466
0.00296009
0.00171193
0.00460787
0.00456044
0.00629718
0.00786423
0.0105761
0.012264
0.0117585
0.0123989
0.0137503
0.0140727
0.0145187
0.0154741
0.0161138
0.0161649
0.0162819
0.000771043
0.00295124
0.0034397
0.0030926
0.00182268
0.00460957
0.00474201
0.00633713
0.00789865
0.0105783
0.012237
0.011725
0.0123724
0.0137617
0.0140768
0.0144724
0.0154019
0.0159905
0.0160027
0.016093
0.000834174
0.00299137
0.00349819
0.00322148
0.00193979
0.00461458
0.00492037
0.00638025
0.00793406
0.0105811
0.0122097
0.0116943
0.012342
0.0137698
0.0140809
0.0144212
0.0153238
0.0158686
0.015841
0.0159095
0.000900653
0.00303335
0.00356028
0.00334652
0.00206295
0.00462333
0.00509496
0.0064259
0.00796998
0.010585
0.0121822
0.0116662
0.0123083
0.0137734
0.0140853
0.0143659
0.015239
0.015748
0.0156818
0.0157312
0.000970742
0.00307713
0.0036261
0.00346765
0.00219181
0.00463634
0.00526527
0.0064761
0.00800595
0.0105902
0.0121546
0.0116403
0.0122717
0.013772
0.0140897
0.0143074
0.0151475
0.0156281
0.015527
0.0155594
0.00104473
0.00312265
0.00369578
0.00358497
0.00232606
0.00465413
0.00543091
0.00653018
0.00804167
0.0105967
0.0121272
0.0116163
0.0122327
0.0137647
0.0140937
0.0142464
0.0150494
0.0155087
0.0153775
0.0153945
0.00112293
0.00316989
0.00376945
0.00369873
0.00246543
0.00467728
0.00559149
0.00658834
0.00807687
0.0106045
0.0121006
0.0115938
0.0121917
0.0137512
0.0140969
0.0141836
0.0149453
0.0153907
0.0152322
0.0152343
0.00120561
0.00321885
0.00384717
0.00380929
0.00260965
0.00470629
0.00574667
0.00665085
0.00811134
0.0106137
0.0120754
0.011572
0.0121488
0.0137315
0.0140989
0.0141198
0.0148354
0.0152745
0.0150914
0.0150752
0.00129307
0.0032696
0.00392898
0.00391709
0.00275841
0.00474167
0.00589619
0.00671793
0.00814493
0.0106238
0.0120523
0.0115503
0.0121036
0.0137058
0.0140997
0.0140558
0.0147198
0.0151597
0.0149585
0.0149148
0.00138556
0.00332222
0.00401485
0.00402256
0.00291135
0.00478392
0.00603988
0.00678975
0.00817767
0.0106343
0.0120321
0.0115287
0.0120555
0.0136743
0.0140994
0.0139923
0.0145991
0.0150451
0.0148368
0.0147547
0.00148339
0.00337688
0.00410459
0.00412616
0.00306798
0.00483333
0.00617758
0.00686651
0.00820978
0.0106442
0.0120155
0.0115075
0.0120035
0.0136374
0.0140983
0.0139303
0.0144743
0.0149294
0.0147277
0.014601
0.00158682
0.00343374
0.00419797
0.00422838
0.0032278
0.00489022
0.00630917
0.00694819
0.00824159
0.0106529
0.012003
0.0114874
0.0119465
0.013595
0.0140973
0.0138699
0.0143465
0.0148117
0.0146305
0.0144615
0.00169603
0.00349302
0.00429468
0.00432966
0.00339029
0.00495486
0.00643472
0.0070346
0.00827348
0.0106595
0.0119951
0.011469
0.0118833
0.0135463
0.0140981
0.0138123
0.0142156
0.0146921
0.014542
0.0143405
0.00181123
0.00355495
0.00439439
0.00443051
0.00355492
0.00502719
0.00655431
0.00712574
0.00830609
0.0106631
0.0119916
0.011454
0.0118132
0.0134895
0.014102
0.01376
0.0140815
0.0145713
0.0144618
0.0142393
0.0019326
0.00361969
0.00449674
0.00453144
0.0037212
0.00510745
0.00666799
0.00722125
0.00834045
0.0106625
0.0119922
0.0114445
0.0117363
0.0134216
0.0141091
0.013717
0.0139437
0.0144467
0.0143916
0.0141602
0.00206031
0.00368744
0.00460144
0.00463311
0.00388852
0.00519565
0.00677631
0.00732048
0.00837718
0.0106572
0.0119959
0.0114421
0.0116534
0.0133401
0.0141185
0.0136885
0.013804
0.0143132
0.0143314
0.014106
0.00219451
0.00375844
0.00470822
0.0047362
0.00405652
0.00529157
0.00687946
0.00742297
0.00841724
0.0106471
0.0120015
0.0114477
0.011566
0.0132426
0.0141276
0.0136782
0.0136661
0.0142043
0.0142802
0.0140785
0.00233538
0.00383281
0.0048169
0.00484134
0.00422436
0.00539542
0.00697842
0.0075277
0.00846148
0.0106322
0.0120076
0.0114632
0.0114764
0.0131267
0.0141327
0.0136884
0.0135321
0.0140545
0.0142318
0.0140781
0.00248302
0.00391058
0.00492737
0.0049497
0.00439136
0.00550622
0.00707444
0.00763414
0.00851041
0.0106134
0.0120115
0.0114894
0.0113884
0.0129897
0.0141285
0.0137221
0.01341
0.0138857
0.0141803
0.0141001
0.0026376
0.00399191
0.00503928
0.0050622
0.00455736
0.00562362
0.00716787
0.00774119
0.0085652
0.0105921
0.0120111
0.0115246
0.0113077
0.0128326
0.0141042
0.0137764
0.0133121
0.0137076
0.0141226
0.0141407
0.00279917
0.00407698
0.00515252
0.00517926
0.00472152
0.00574687
0.00726075
0.00784772
0.00862546
0.0105697
0.0120063
0.0115674
0.0112375
0.0126579
0.014053
0.0138417
0.0132412
0.0135704
0.0140674
0.0142103
0.00296789
0.00416599
0.00526661
0.00530261
0.00488424
0.00587387
0.00735426
0.00795403
0.00869051
0.0105473
0.0119958
0.0116174
0.0111829
0.0124693
0.0139681
0.0139019
0.0132016
0.0132968
0.0139827
0.0143195
0.00314381
0.00425957
0.00538066
0.00543304
0.0050462
0.00600347
0.00744906
0.00806017
0.0087604
0.0105262
0.0119791
0.0116709
0.011149
0.0122812
0.0138467
0.0139514
0.0132091
0.0131719
0.0138949
0.0144056
0.00332676
0.00435801
0.00549406
0.00557164
0.00520835
0.00613339
0.00754588
0.00816704
0.00883444
0.0105075
0.0119567
0.011726
0.0111361
0.0121062
0.0137209
0.0140185
0.0132544
0.0129813
0.0136584
0.0143411
0.0035167
0.00446209
0.00560584
0.00571848
0.00537313
0.00626211
0.00764396
0.00827564
0.00891256
0.0104925
0.0119284
0.0117814
0.0111484
0.0119488
0.0135798
0.0141132
0.0133844
0.0128935
0.0134039
0.0141125
0.00371333
0.00457283
0.00571374
0.0058733
0.00554298
0.0063886
0.00774206
0.00838692
0.00899546
0.0104822
0.0118958
0.0118332
0.0111855
0.0118152
0.0133779
0.014064
0.0134019
0.0127739
0.013188
0.0141073
0.00391623
0.00469083
0.00581814
0.00603499
0.00572053
0.0065128
0.00783778
0.00850057
0.00908526
0.0104768
0.0118582
0.0118832
0.0112381
0.0117009
0.0132041
0.0140853
0.0135818
0.012797
0.012937
0.0137376
0.00412486
0.00481774
0.00591846
0.00620091
0.0059087
0.00663583
0.00792869
0.00861613
0.00918181
0.0104798
0.0118185
0.0119242
0.0113017
0.0116173
0.0130156
0.0139872
0.0136172
0.0127753
0.0126934
0.0134583
0.00433854
0.00495425
0.00601544
0.00636797
0.00610884
0.00676046
0.008013
0.00873092
0.00928591
0.0104926
0.0117765
0.0119535
0.0113756
0.0115566
0.0128125
0.0138623
0.0137206
0.0129127
0.0126413
0.0132432
0.00455626
0.00510152
0.00611041
0.00653158
0.00632064
0.00689112
0.00809013
0.00884148
0.00939667
0.0105159
0.0117363
0.011971
0.0114483
0.0115146
0.0126244
0.0137206
0.0137402
0.0129695
0.0125925
0.0130566
0.0047774
0.00526021
0.00620469
0.00668984
0.00654273
0.00703136
0.00816136
0.00894371
0.00951151
0.0105516
0.0116999
0.011976
0.0115163
0.011498
0.0124572
0.0135538
0.0137326
0.0130604
0.0125997
0.0129327
0.00500106
0.00543014
0.00630198
0.00684047
0.00677083
0.00718493
0.00822982
0.00903379
0.00962673
0.0105989
0.0116723
0.0119737
0.0115764
0.0115003
0.0123146
0.0133787
0.0136978
0.0131489
0.0126319
0.0128501
0.00522636
0.00561163
0.00640494
0.00698181
0.00700028
0.00735372
0.00830017
0.00911094
0.00973583
0.0106566
0.0116585
0.0119661
0.0116249
0.0115186
0.0122024
0.0132066
0.013633
0.0132271
0.0126931
0.0127993
0.00545268
0.00580383
0.00651711
0.00711395
0.007225
0.00753726
0.00837855
0.00917577
0.00983345
0.0107216
0.0116588
0.0119606
0.0116661
0.0115463
0.0121178
0.0130456
0.0135446
0.0132901
0.0127855
0.0127767
0.00567917
0.00600602
0.00664158
0.00723707
0.00743969
0.00773375
0.00847031
0.00923196
0.00991486
0.0107866
0.0116729
0.0119641
0.0117028
0.0115764
0.0120565
0.0129081
0.0134475
0.0133201
0.0128892
0.012791
0.00590546
0.0062166
0.00678021
0.00735398
0.00764059
0.00793911
0.00857915
0.0092854
0.00997769
0.0108441
0.0116989
0.0119803
0.0117404
0.0116112
0.0120153
0.0127915
0.0133478
0.0133203
0.0129833
0.0128514
0.00613138
0.00643303
0.00693399
0.00746983
0.00782466
0.00814695
0.00870708
0.00934371
0.0100234
0.0108852
0.0117297
0.0120127
0.0117851
0.011651
0.0119915
0.0126903
0.0132621
0.013313
0.0130549
0.0129424
0.0063573
0.00665265
0.00710215
0.00759049
0.00799164
0.0083493
0.00885286
0.00941549
0.0100579
0.0109044
0.0117526
0.0120598
0.0118467
0.0116978
0.0119842
0.0126059
0.0131798
0.0133124
0.0131081
0.0130241
0.0065834
0.00687346
0.00728304
0.00771959
0.00814307
0.0085399
0.0090125
0.00950667
0.0100923
0.0109028
0.0117556
0.0121132
0.0119307
0.0117583
0.0119903
0.0125412
0.0131079
0.0133179
0.0131677
0.0130889
0.00680982
0.00709398
0.00747356
0.00785887
0.00828296
0.00871598
0.00917846
0.00961663
0.0101386
0.0108894
0.0117358
0.0121578
0.0120327
0.0118392
0.0120084
0.0124948
0.0130236
0.0133133
0.0132469
0.0131573
0.00703675
0.00731303
0.00766971
0.00800956
0.00841642
0.00887631
0.00934369
0.00974162
0.0102027
0.0108803
0.0116976
0.012183
0.012139
0.0119417
0.0120423
0.0124668
0.0129538
0.0132835
0.0133231
0.0132483
0.00726396
0.00752999
0.00786774
0.0081709
0.00854947
0.00902151
0.00950256
0.00987552
0.0102835
0.0108872
0.0116541
0.0121858
0.0122363
0.0120608
0.0120951
0.0124531
0.0129043
0.0132434
0.0133746
0.0133608
0.00749089
0.00774458
0.0080647
0.00834079
0.0086866
0.00915462
0.00965087
0.0100132
0.0103788
0.0109136
0.011618
0.0121695
0.0123136
0.0121882
0.012169
0.0124516
0.0128709
0.0131879
0.013389
0.0134668
0.00771671
0.00795659
0.00825889
0.00851681
0.00882998
0.00927958
0.00978693
0.01015
0.0104854
0.0109587
0.0115968
0.0121445
0.0123662
0.0123122
0.0122663
0.0124665
0.0128538
0.0131755
0.0133924
0.0135411
0.00794032
0.00816598
0.00844951
0.00869546
0.00898024
0.00940096
0.00991065
0.0102816
0.0105993
0.0110205
0.0115932
0.012122
0.0123982
0.0124187
0.0123815
0.0125062
0.0128426
0.0131731
0.0134004
0.0135901
0.00816061
0.00837255
0.00863633
0.00887329
0.00913593
0.00952241
0.0100236
0.0104052
0.0107167
0.0110959
0.0116073
0.0121081
0.0124199
0.0125037
0.0124973
0.0125755
0.0128445
0.0131718
0.0134185
0.0136312
0.00837639
0.00857581
0.0088193
0.0090479
0.00929496
0.00964565
0.010128
0.0105193
0.0108344
0.011181
0.0116384
0.0121059
0.012438
0.0125732
0.0126004
0.0126647
0.0128734
0.013173
0.0134383
0.0136701
0.00858652
0.00877501
0.00899809
0.00921712
0.00945472
0.00977249
0.0102264
0.0106221
0.0109492
0.0112728
0.0116837
0.0121181
0.0124555
0.0126339
0.0126935
0.0127569
0.0129292
0.0131884
0.0134556
0.013706
0.00878996
0.00896902
0.00917262
0.00937999
0.00961116
0.00990172
0.0103229
0.0107149
0.0110565
0.011368
0.0117412
0.0121451
0.0124755
0.0126861
0.0127826
0.0128476
0.013
0.0132263
0.0134808
0.0137413
0.00898542
0.00915663
0.00934222
0.00953642
0.00976188
0.01003
0.0104177
0.0108007
0.0111546
0.0114605
0.0118081
0.0121898
0.0125062
0.0127312
0.0128687
0.0129399
0.0130713
0.0132768
0.0135141
0.0137779
0.00917197
0.00933677
0.00950574
0.00968459
0.00990508
0.010157
0.0105102
0.0108782
0.0112439
0.0115475
0.0118737
0.0122431
0.0125521
0.0127819
0.012958
0.0130538
0.0131624
0.0133431
0.0135571
0.0138117
0.00934796
0.00950843
0.00966267
0.00982393
0.0100371
0.0102779
0.0106016
0.0109486
0.0113221
0.0116337
0.0119429
0.0122957
0.0125977
0.012817
0.0130184
0.0131616
0.0132775
0.0134552
0.0136867
0.0139509
0.00951217
0.00966949
0.00981219
0.0099556
0.0101583
0.0103867
0.0106858
0.0110102
0.0113794
0.0117083
0.0120305
0.0123842
0.0127011
0.0129203
0.013109
0.0132623
0.0133597
0.0134795
0.0136731
0.0139079
0.00966296
0.00981758
0.00995149
0.0100784
0.0102699
0.0104858
0.0107625
0.0110655
0.0114122
0.0117228
0.0120393
0.0123888
0.0127314
0.0130075
0.0132542
0.0134888
0.0136539
0.0137931
0.0139794
0.0142293
0.00980178
0.00995063
0.0100761
0.0101875
0.0103673
0.0105709
0.0108325
0.0111245
0.011488
0.011837
0.0121876
0.012534
0.0128426
0.0130872
0.0132707
0.0134505
0.0136093
0.0137087
0.0138287
0.0140091
0.00992794
0.0100712
0.0101831
0.0102774
0.0104377
0.0106226
0.0108535
0.011083
0.0113487
0.0116264
0.0119826
0.0124436
0.0129361
0.0134096
0.013799
0.0141127
0.0144141
0.0147261
0.0150406
0.0153186
0.0100314
0.0101829
0.0103058
0.0103943
0.0105399
0.0107051
0.0109346
0.0111975
0.0115377
0.0119029
0.0122898
0.012679
0.0129984
0.0132373
0.0134561
0.0136109
0.0137643
0.0138582
0.0139402
0.014069
0.0101003
0.0102152
0.0103259
0.0104154
0.0105604
0.0107224
0.0109549
0.0112023
0.0114874
0.0118338
0.0122033
0.0126164
0.0130578
0.0134398
0.0138235
0.0141998
0.0145623
0.0149069
0.0152083
0.0154494
0.0102459
0.0103988
0.0104854
0.0105228
0.0106194
0.0107301
0.0109132
0.0111226
0.0113936
0.0118123
0.0123302
0.0127868
0.0132079
0.0135093
0.0137355
0.0139652
0.0142027
0.0144662
0.0147067
0.0148955
0.0252539
0.0205428
0.013388
0.00772653
0.00646992
0.00798932
0.00965482
0.0107985
0.0116232
0.0122898
0.0128852
0.0134794
0.0140654
0.0145663
0.0149748
0.0154653
0.0160532
0.0165377
0.0169313
0.0173678
0.01779
0.0182195
0.0187386
0.0192399
0.019691
0.0201889
0.020722
0.0212811
0.0218911
0.0225085
0.0230848
0.0236781
0.0242972
0.0248923
0.0254948
0.0260869
0.0266407
0.0272179
0.0278593
0.0284989
0.0291161
0.0297783
0.0304713
0.0311324
0.0317798
0.0324586
0.033211
0.0339977
0.0347612
0.0354064
0.0359863
0.0367168
0.0375105
0.0382428
0.0390258
0.0399023
0.0407456
0.0416121
0.0425009
0.0434696
0.0445272
0.0453417
0.0457872
0.0462877
0.0473742
0.0487748
0.04994
0.0508768
0.0518974
0.0529626
0.0540073
0.0550526
0.0560728
0.0571315
0.0582513
0.0593422
0.0605119
0.0618066
0.0630124
0.0642025
0.0655075
0.0669039
0.0682483
0.069617
0.0709816
0.0723216
0.0737253
0.0752121
0.0767435
0.0782963
0.0798613
0.0814475
0.0829795
0.0845672
0.0861818
0.0878378
0.0894612
0.0910224
0.0925071
0.0938315
0.0245984
0.0204118
0.0134732
0.00787938
0.00656746
0.00803836
0.00968491
0.0108183
0.0116375
0.012301
0.0128945
0.0134874
0.0140725
0.0145725
0.0149799
0.0154696
0.0160573
0.0165416
0.0169346
0.0173708
0.0177926
0.0182217
0.0187407
0.0192419
0.0196928
0.0201905
0.0207235
0.0212823
0.0218922
0.0225097
0.0230858
0.023679
0.0242981
0.0248931
0.0254956
0.0260877
0.0266415
0.0272186
0.02786
0.0284997
0.0291168
0.029779
0.0304719
0.0311331
0.0317804
0.0324591
0.0332115
0.0339982
0.0347618
0.0354071
0.0359868
0.0367173
0.037511
0.0382433
0.0390262
0.0399027
0.040746
0.0416125
0.0425013
0.0434699
0.0445276
0.0453423
0.0457877
0.0462879
0.0473743
0.0487751
0.0499404
0.0508771
0.0518976
0.0529629
0.0540076
0.0550528
0.056073
0.0571316
0.0582515
0.0593424
0.060512
0.0618067
0.0630126
0.0642026
0.0655076
0.0669041
0.0682485
0.0696171
0.0709817
0.0723218
0.0737254
0.0752122
0.0767436
0.0782964
0.0798614
0.0814476
0.0829796
0.0845672
0.0861819
0.0878379
0.0894613
0.0910224
0.0925071
0.0938315
0.0239812
0.0202592
0.0136357
0.00816099
0.00673174
0.00809643
0.00971174
0.010839
0.0116543
0.0123145
0.0129053
0.0134961
0.0140798
0.0145789
0.0149851
0.0154739
0.0160614
0.0165452
0.0169377
0.0173736
0.0177951
0.0182237
0.0187425
0.0192437
0.0196942
0.0201918
0.0207247
0.0212834
0.0218932
0.0225107
0.0230866
0.0236798
0.0242989
0.0248938
0.0254962
0.0260884
0.0266421
0.0272191
0.0278606
0.0285003
0.0291173
0.0297795
0.0304725
0.0311337
0.0317809
0.0324596
0.0332119
0.0339987
0.0347623
0.0354076
0.0359872
0.0367176
0.0375115
0.0382437
0.0390265
0.0399031
0.0407464
0.0416128
0.0425016
0.0434701
0.044528
0.0453429
0.0457881
0.0462879
0.0473743
0.0487754
0.0499408
0.0508773
0.0518978
0.0529631
0.0540078
0.055053
0.0560732
0.0571318
0.0582516
0.0593425
0.0605121
0.0618069
0.0630128
0.0642027
0.0655077
0.0669042
0.0682486
0.0696172
0.0709819
0.0723218
0.0737255
0.0752123
0.0767437
0.0782965
0.0798615
0.0814477
0.0829797
0.0845673
0.086182
0.087838
0.0894613
0.0910225
0.0925072
0.0938316
0.0233917
0.0201027
0.0138442
0.00851508
0.00695764
0.00818009
0.00975264
0.0108713
0.0116802
0.0123346
0.012921
0.0135083
0.0140897
0.0145876
0.0149928
0.0154802
0.0160665
0.0165498
0.016942
0.0173778
0.0177988
0.0182267
0.0187451
0.0192459
0.0196962
0.0201936
0.0207264
0.0212848
0.0218946
0.022512
0.0230877
0.0236807
0.0242999
0.0248946
0.025497
0.0260891
0.0266427
0.0272196
0.0278611
0.0285009
0.0291179
0.02978
0.0304731
0.0311342
0.0317814
0.03246
0.0332124
0.0339992
0.0347629
0.0354082
0.0359875
0.0367179
0.0375119
0.0382441
0.0390268
0.0399035
0.0407468
0.0416131
0.0425018
0.0434703
0.0445285
0.0453437
0.0457885
0.0462876
0.0473742
0.0487758
0.0499412
0.0508776
0.051898
0.0529633
0.054008
0.0550533
0.0560734
0.0571319
0.0582518
0.0593427
0.0605122
0.0618071
0.063013
0.0642028
0.0655078
0.0669044
0.0682487
0.0696173
0.070982
0.0723219
0.0737255
0.0752124
0.0767438
0.0782966
0.0798616
0.0814478
0.0829798
0.0845674
0.0861821
0.0878381
0.0894614
0.0910226
0.0925074
0.0938317
0.0228146
0.0199348
0.0140607
0.00888933
0.0072087
0.00827678
0.00979988
0.010911
0.0117141
0.0123619
0.012943
0.0135255
0.014103
0.0145995
0.015004
0.0154893
0.0160731
0.0165553
0.0169477
0.0173839
0.0178048
0.0182317
0.0187491
0.0192492
0.019699
0.0201962
0.0207288
0.021287
0.0218965
0.0225138
0.0230893
0.0236821
0.0243012
0.0248957
0.025498
0.02609
0.0266434
0.0272202
0.0278617
0.0285015
0.0291184
0.0297806
0.0304737
0.0311347
0.031782
0.0324606
0.033213
0.0339998
0.0347635
0.0354089
0.0359879
0.0367181
0.0375124
0.0382445
0.0390271
0.0399039
0.0407472
0.0416134
0.0425021
0.0434706
0.044529
0.0453446
0.0457888
0.0462872
0.0473741
0.0487763
0.0499418
0.0508778
0.0518982
0.0529636
0.0540082
0.0550535
0.0560736
0.0571321
0.058252
0.0593428
0.0605123
0.0618073
0.0630132
0.0642029
0.0655079
0.0669045
0.0682489
0.0696175
0.0709822
0.072322
0.0737256
0.0752125
0.0767439
0.0782967
0.0798617
0.0814479
0.0829799
0.0845675
0.0861822
0.0878382
0.0894616
0.0910228
0.0925077
0.093832
0.0222483
0.0197462
0.014268
0.00926776
0.00747458
0.00838113
0.00984789
0.0109523
0.0117519
0.0123939
0.0129698
0.0135466
0.0141194
0.0146144
0.0150188
0.0155014
0.0160813
0.0165621
0.0169549
0.0173918
0.0178129
0.0182393
0.0187552
0.0192541
0.0197034
0.0202002
0.0207323
0.02129
0.0218991
0.0225161
0.0230913
0.0236839
0.0243029
0.0248972
0.0254993
0.0260911
0.0266443
0.027221
0.0278624
0.0285021
0.0291189
0.0297811
0.0304742
0.0311351
0.0317825
0.0324613
0.0332137
0.0340004
0.0347642
0.0354097
0.0359883
0.0367184
0.0375129
0.0382449
0.0390274
0.0399043
0.0407476
0.0416138
0.0425025
0.0434708
0.0445297
0.0453456
0.0457893
0.0462867
0.0473739
0.0487769
0.0499424
0.0508781
0.0518984
0.0529639
0.0540085
0.0550538
0.0560738
0.0571322
0.0582522
0.059343
0.0605124
0.0618075
0.0630134
0.0642029
0.065508
0.0669047
0.068249
0.0696176
0.0709824
0.0723221
0.0737257
0.0752126
0.076744
0.0782969
0.0798619
0.081448
0.08298
0.0845676
0.0861823
0.0878383
0.0894618
0.091023
0.0925081
0.0938324
0.0216955
0.0195364
0.0144622
0.00964736
0.00775459
0.00849372
0.00989622
0.0109938
0.0117921
0.0124292
0.0129998
0.0135706
0.014138
0.0146314
0.015036
0.0155155
0.0160907
0.0165698
0.0169634
0.017401
0.0178228
0.0182489
0.0187631
0.0192608
0.0197096
0.0202058
0.0207372
0.0212942
0.0219026
0.022519
0.0230938
0.0236861
0.024305
0.0248992
0.025501
0.0260926
0.0266456
0.0272222
0.0278633
0.0285028
0.0291196
0.0297818
0.0304746
0.0311352
0.031783
0.0324621
0.0332145
0.034001
0.0347648
0.0354106
0.0359889
0.0367188
0.0375134
0.0382453
0.0390277
0.0399047
0.0407479
0.0416141
0.0425028
0.0434712
0.0445304
0.0453468
0.0457897
0.0462861
0.0473737
0.0487776
0.049943
0.0508784
0.0518987
0.0529642
0.0540089
0.0550542
0.0560741
0.0571325
0.0582525
0.0593431
0.0605125
0.0618078
0.0630136
0.064203
0.065508
0.0669049
0.0682492
0.0696177
0.0709826
0.0723222
0.0737258
0.0752127
0.0767441
0.078297
0.079862
0.0814482
0.0829802
0.0845677
0.0861824
0.0878384
0.089462
0.0910234
0.0925088
0.0938329
0.0211624
0.0193091
0.0146402
0.0100255
0.00804899
0.00861661
0.00994586
0.0110353
0.0118341
0.0124671
0.0130322
0.0135966
0.0141583
0.0146498
0.0150547
0.0155309
0.0161011
0.0165786
0.0169728
0.017411
0.0178337
0.0182596
0.0187723
0.019269
0.0197177
0.0202132
0.0207435
0.0212996
0.0219069
0.0225226
0.0230969
0.0236887
0.0243074
0.0249013
0.025503
0.0260944
0.0266474
0.0272238
0.0278645
0.0285037
0.0291206
0.0297827
0.030475
0.0311352
0.0317833
0.0324628
0.0332153
0.0340014
0.0347655
0.0354118
0.0359898
0.0367194
0.0375141
0.038246
0.0390281
0.0399051
0.0407481
0.0416142
0.0425031
0.0434716
0.0445312
0.0453482
0.0457903
0.0462856
0.0473736
0.0487784
0.0499437
0.0508788
0.051899
0.0529646
0.0540093
0.0550546
0.0560744
0.0571327
0.0582528
0.0593434
0.0605127
0.0618081
0.0630139
0.0642031
0.0655082
0.0669052
0.0682494
0.0696179
0.0709828
0.0723223
0.0737259
0.0752128
0.0767442
0.0782972
0.0798622
0.0814483
0.0829803
0.0845678
0.0861826
0.0878386
0.0894623
0.0910239
0.0925097
0.0938336
0.0206547
0.0190668
0.0147985
0.0103997
0.00835792
0.00875163
0.00999758
0.0110764
0.0118775
0.0125074
0.0130668
0.0136244
0.01418
0.0146694
0.0150743
0.0155472
0.0161122
0.0165881
0.0169831
0.0174218
0.017845
0.0182709
0.018782
0.0192781
0.0197271
0.020222
0.0207512
0.0213059
0.0219119
0.0225268
0.0231005
0.0236916
0.0243098
0.0249035
0.0255049
0.0260964
0.0266497
0.0272261
0.0278662
0.028505
0.0291218
0.0297839
0.0304757
0.0311352
0.0317835
0.0324635
0.0332159
0.0340015
0.0347658
0.035413
0.0359911
0.0367202
0.037515
0.0382469
0.0390287
0.0399055
0.0407482
0.041614
0.0425031
0.0434719
0.0445321
0.0453497
0.0457911
0.0462852
0.0473735
0.0487792
0.0499443
0.0508791
0.0518993
0.052965
0.0540098
0.0550552
0.0560749
0.0571331
0.0582532
0.0593437
0.060513
0.0618086
0.0630142
0.0642031
0.0655083
0.0669055
0.0682496
0.0696181
0.070983
0.0723224
0.073726
0.075213
0.0767443
0.0782974
0.0798624
0.0814485
0.0829805
0.0845679
0.0861828
0.0878388
0.0894626
0.0910246
0.0925109
0.0938345
0.0201755
0.0188131
0.0149352
0.0107675
0.00867962
0.00889949
0.0100518
0.0111163
0.0119214
0.0125497
0.0131033
0.0136535
0.0142026
0.0146897
0.0150946
0.0155642
0.016124
0.0165983
0.016994
0.0174331
0.0178569
0.0182826
0.0187921
0.0192877
0.0197373
0.0202318
0.0207599
0.0213132
0.0219175
0.0225314
0.0231046
0.0236948
0.0243123
0.0249056
0.0255066
0.0260983
0.0266522
0.0272289
0.0278682
0.0285066
0.0291235
0.0297855
0.0304767
0.0311356
0.0317839
0.0324641
0.0332164
0.0340011
0.0347655
0.0354141
0.0359925
0.0367212
0.0375162
0.0382483
0.0390298
0.0399062
0.0407484
0.0416136
0.0425025
0.0434716
0.0445327
0.0453514
0.0457922
0.0462851
0.0473738
0.04878
0.0499449
0.0508794
0.0518995
0.0529653
0.0540104
0.0550557
0.0560754
0.0571336
0.0582537
0.059344
0.0605134
0.0618092
0.0630146
0.0642033
0.0655084
0.0669059
0.0682499
0.0696183
0.0709832
0.0723225
0.0737261
0.0752131
0.0767444
0.0782976
0.0798626
0.0814487
0.0829806
0.0845681
0.086183
0.0878391
0.0894631
0.0910256
0.0925125
0.0938355
0.0197274
0.0185535
0.0150494
0.0111246
0.00901077
0.00906073
0.0101094
0.0111548
0.0119653
0.0125937
0.0131416
0.0136838
0.014226
0.0147104
0.0151154
0.0155817
0.0161363
0.016609
0.0170054
0.0174449
0.0178692
0.0182947
0.0188025
0.0192975
0.0197479
0.0202422
0.0207693
0.0213211
0.0219235
0.0225365
0.0231092
0.0236983
0.0243149
0.0249077
0.0255081
0.0260999
0.0266549
0.0272321
0.0278706
0.0285085
0.0291254
0.0297872
0.0304778
0.0311362
0.0317848
0.0324649
0.0332166
0.0340003
0.0347645
0.0354147
0.0359937
0.0367222
0.0375176
0.03825
0.0390314
0.0399075
0.0407491
0.0416133
0.0425014
0.0434705
0.0445323
0.0453527
0.0457935
0.0462855
0.0473745
0.0487812
0.0499455
0.0508797
0.0518996
0.0529655
0.0540108
0.0550563
0.0560759
0.0571342
0.0582543
0.0593445
0.060514
0.0618099
0.0630151
0.0642035
0.0655087
0.0669063
0.0682502
0.0696186
0.0709836
0.0723227
0.0737263
0.0752133
0.0767445
0.0782978
0.0798628
0.0814488
0.0829808
0.0845683
0.0861834
0.0878394
0.0894636
0.0910269
0.0925145
0.0938368
0.0193127
0.0182931
0.0151398
0.0114665
0.00934825
0.00923608
0.0101714
0.0111917
0.0120086
0.0126396
0.0131819
0.0137152
0.0142497
0.0147314
0.0151364
0.0155996
0.0161492
0.0166201
0.0170173
0.0174572
0.0178822
0.0183075
0.0188135
0.0193077
0.0197588
0.020253
0.0207793
0.0213295
0.0219298
0.0225418
0.023114
0.0237021
0.0243177
0.0249098
0.0255094
0.0261012
0.0266574
0.0272357
0.0278732
0.0285106
0.0291277
0.0297891
0.030479
0.0311371
0.0317861
0.032466
0.0332168
0.033999
0.0347629
0.0354145
0.0359945
0.0367232
0.037519
0.0382519
0.0390332
0.0399093
0.0407504
0.0416133
0.0425001
0.0434681
0.0445306
0.0453531
0.0457946
0.0462863
0.047376
0.0487828
0.0499463
0.0508799
0.0518997
0.0529656
0.0540111
0.0550567
0.0560764
0.0571349
0.0582549
0.0593451
0.0605147
0.0618109
0.0630159
0.0642039
0.065509
0.0669068
0.0682506
0.069619
0.070984
0.0723229
0.0737264
0.0752134
0.0767446
0.0782981
0.079863
0.081449
0.0829811
0.0845685
0.0861837
0.0878398
0.0894642
0.0910285
0.0925169
0.0938384
0.0189312
0.018036
0.0152063
0.0117898
0.00968907
0.00942589
0.0102394
0.0112275
0.0120512
0.0126872
0.0132244
0.0137478
0.0142738
0.0147523
0.0151573
0.0156178
0.0161625
0.0166317
0.0170296
0.01747
0.0178956
0.0183209
0.018825
0.0193183
0.01977
0.0202642
0.0207898
0.0213385
0.0219366
0.0225474
0.0231192
0.0237062
0.0243206
0.0249121
0.0255108
0.0261023
0.0266599
0.0272394
0.0278762
0.0285128
0.0291301
0.0297912
0.0304801
0.031138
0.0317878
0.0324674
0.033217
0.0339975
0.0347606
0.0354137
0.0359948
0.0367238
0.0375204
0.0382537
0.0390349
0.0399113
0.0407522
0.0416139
0.0424986
0.0434647
0.0445269
0.0453519
0.0457947
0.0462869
0.0473781
0.0487852
0.0499474
0.0508803
0.0518997
0.0529654
0.0540112
0.0550569
0.0560767
0.0571354
0.0582555
0.0593457
0.0605156
0.0618119
0.0630168
0.0642046
0.0655096
0.0669074
0.0682511
0.0696194
0.0709845
0.0723233
0.0737267
0.0752135
0.0767446
0.0782983
0.0798633
0.0814491
0.0829813
0.0845687
0.0861842
0.0878401
0.0894649
0.0910305
0.0925197
0.0938402
0.0185805
0.0177861
0.0152505
0.0120915
0.0100299
0.00963059
0.0103155
0.0112633
0.012093
0.0127363
0.0132692
0.013782
0.0142984
0.0147732
0.0151783
0.0156363
0.0161763
0.016644
0.0170425
0.0174834
0.0179097
0.018335
0.0188372
0.0193293
0.0197815
0.0202759
0.0208009
0.0213482
0.0219437
0.0225532
0.0231247
0.0237106
0.0243237
0.0249144
0.0255123
0.0261034
0.0266623
0.0272431
0.0278793
0.0285151
0.0291327
0.0297935
0.030481
0.0311387
0.0317896
0.0324691
0.0332173
0.0339958
0.0347579
0.0354122
0.0359945
0.0367241
0.0375218
0.0382553
0.0390364
0.0399131
0.0407542
0.0416147
0.042497
0.04346
0.044521
0.0453487
0.0457933
0.0462866
0.0473806
0.0487886
0.049949
0.0508809
0.0518997
0.0529652
0.054011
0.0550567
0.0560768
0.0571358
0.0582559
0.0593463
0.0605166
0.0618131
0.0630177
0.0642055
0.0655106
0.0669083
0.0682515
0.0696198
0.0709851
0.0723238
0.0737272
0.0752137
0.0767446
0.0782985
0.0798636
0.0814492
0.0829815
0.0845689
0.0861846
0.0878406
0.0894656
0.0910328
0.092523
0.0938422
0.0182571
0.0175467
0.015274
0.0123688
0.010368
0.009851
0.010402
0.0112999
0.0121332
0.0127861
0.0133165
0.0138183
0.014324
0.0147944
0.0151995
0.0156552
0.0161908
0.0166569
0.0170561
0.0174974
0.0179244
0.0183496
0.0188499
0.0193409
0.0197937
0.0202883
0.0208127
0.0213586
0.0219515
0.0225593
0.0231304
0.0237154
0.0243268
0.0249169
0.0255141
0.0261045
0.0266649
0.0272467
0.0278825
0.0285175
0.0291354
0.029796
0.0304817
0.0311391
0.0317912
0.0324711
0.0332175
0.0339939
0.0347549
0.0354102
0.0359939
0.0367242
0.0375232
0.038257
0.0390375
0.0399146
0.040756
0.0416156
0.0424951
0.0434541
0.0445126
0.0453429
0.0457901
0.0462847
0.0473825
0.0487925
0.0499511
0.0508816
0.0518998
0.0529649
0.0540107
0.0550562
0.0560766
0.0571359
0.0582562
0.0593467
0.0605176
0.0618142
0.0630186
0.0642064
0.0655119
0.0669095
0.0682519
0.06962
0.0709857
0.0723246
0.073728
0.075214
0.0767445
0.0782986
0.0798638
0.0814493
0.0829818
0.084569
0.0861851
0.087841
0.0894665
0.0910354
0.0925268
0.0938445
0.0179572
0.0173196
0.0152793
0.0126205
0.0107012
0.0100871
0.0105007
0.0113383
0.0121717
0.0128363
0.0133662
0.0138573
0.0143511
0.0148162
0.0152212
0.0156748
0.0162062
0.0166708
0.0170705
0.017512
0.0179397
0.0183648
0.0188632
0.0193531
0.0198067
0.0203016
0.0208253
0.0213699
0.0219599
0.0225656
0.0231365
0.0237206
0.0243301
0.0249195
0.025516
0.0261058
0.0266676
0.0272503
0.0278859
0.0285199
0.0291383
0.0297988
0.0304822
0.0311392
0.0317926
0.0324733
0.0332177
0.0339919
0.0347515
0.0354077
0.0359931
0.0367243
0.0375247
0.0382586
0.0390384
0.0399155
0.0407574
0.0416165
0.0424932
0.0434471
0.0445015
0.0453344
0.0457851
0.046281
0.047383
0.0487965
0.0499536
0.0508824
0.0518998
0.0529646
0.0540103
0.0550555
0.0560762
0.0571359
0.0582562
0.0593469
0.0605185
0.0618153
0.0630192
0.0642072
0.0655134
0.0669113
0.0682525
0.0696199
0.070986
0.0723254
0.0737291
0.0752147
0.0767444
0.0782987
0.0798639
0.0814493
0.082982
0.0845692
0.0861857
0.0878415
0.0894674
0.0910383
0.0925309
0.093847
0.0176765
0.0171057
0.0152698
0.0128467
0.0110264
0.0103372
0.0106133
0.0113804
0.0122087
0.0128859
0.0134179
0.0138991
0.0143803
0.0148392
0.0152438
0.0156956
0.0162227
0.0166856
0.0170859
0.0175274
0.0179555
0.0183807
0.0188771
0.019366
0.0198208
0.020316
0.0208387
0.0213819
0.021969
0.0225721
0.0231429
0.0237262
0.0243336
0.0249223
0.0255181
0.0261074
0.0266706
0.027254
0.0278894
0.0285222
0.0291411
0.0298017
0.0304827
0.0311392
0.0317936
0.0324758
0.0332181
0.0339898
0.0347478
0.035405
0.0359925
0.0367245
0.0375263
0.0382603
0.0390393
0.0399162
0.0407584
0.0416174
0.0424915
0.0434394
0.0444881
0.0453227
0.0457765
0.0462764
0.0473818
0.0487995
0.0499562
0.0508831
0.0518998
0.0529643
0.0540097
0.0550546
0.0560756
0.0571358
0.0582562
0.0593471
0.0605195
0.0618164
0.0630196
0.0642076
0.0655147
0.0669133
0.0682533
0.0696196
0.070986
0.072326
0.0737304
0.0752156
0.0767443
0.0782985
0.079864
0.0814492
0.0829823
0.0845694
0.0861862
0.0878419
0.0894683
0.0910416
0.0925354
0.0938497
0.0174122
0.0169056
0.0152495
0.0130474
0.0113401
0.0105992
0.0107419
0.0114285
0.0122443
0.0129337
0.0134707
0.0139439
0.0144124
0.0148639
0.0152676
0.0157176
0.0162404
0.0167015
0.0171023
0.0175436
0.0179721
0.0183971
0.0188915
0.0193796
0.0198358
0.0203315
0.0208529
0.0213946
0.0219788
0.022579
0.0231496
0.0237321
0.0243373
0.0249252
0.0255204
0.0261092
0.0266738
0.027258
0.0278933
0.0285246
0.029144
0.0298047
0.0304834
0.0311392
0.0317944
0.0324784
0.0332187
0.0339877
0.0347439
0.0354021
0.0359922
0.0367251
0.037528
0.0382621
0.0390404
0.0399168
0.0407593
0.0416182
0.0424903
0.0434317
0.0444731
0.0453083
0.0457694
0.0462718
0.0473792
0.0488009
0.0499584
0.0508837
0.0518997
0.0529638
0.054009
0.0550536
0.056075
0.0571358
0.0582562
0.0593472
0.0605204
0.0618176
0.06302
0.0642076
0.0655156
0.0669152
0.0682543
0.069619
0.0709857
0.0723263
0.0737316
0.0752169
0.0767443
0.0782983
0.0798639
0.0814489
0.0829825
0.0845696
0.0861868
0.0878424
0.0894693
0.0910451
0.0925402
0.0938525
0.0171631
0.0167193
0.0152217
0.0132237
0.0116395
0.01087
0.0108877
0.0114845
0.0122789
0.0129788
0.0135239
0.0139919
0.0144479
0.0148908
0.0152928
0.0157409
0.0162594
0.0167185
0.0171197
0.0175607
0.0179893
0.0184143
0.0189066
0.0193939
0.0198519
0.0203481
0.0208679
0.021408
0.0219893
0.0225863
0.0231566
0.0237384
0.0243413
0.0249285
0.0255227
0.0261113
0.0266772
0.0272623
0.0278974
0.028527
0.029147
0.0298077
0.0304842
0.0311395
0.0317953
0.0324813
0.0332196
0.0339857
0.0347398
0.0353994
0.0359926
0.0367263
0.0375298
0.0382642
0.039042
0.0399175
0.0407601
0.0416192
0.0424896
0.0434243
0.0444575
0.045292
0.0457626
0.0462691
0.0473765
0.0488003
0.0499598
0.050884
0.0518995
0.0529632
0.0540082
0.0550525
0.0560745
0.0571359
0.0582565
0.0593474
0.0605213
0.0618189
0.0630204
0.0642075
0.065516
0.0669166
0.0682552
0.0696181
0.070985
0.0723262
0.0737326
0.0752183
0.0767443
0.0782979
0.0798638
0.0814486
0.0829827
0.0845697
0.0861874
0.087843
0.0894703
0.0910489
0.0925453
0.0938555
0.0169287
0.0165456
0.0151886
0.0133776
0.0119227
0.0111457
0.0110511
0.0115504
0.0123137
0.0130209
0.0135766
0.0140426
0.0144869
0.0149202
0.0153196
0.0157657
0.0162798
0.0167367
0.0171383
0.0175787
0.0180074
0.0184322
0.0189225
0.0194089
0.0198687
0.0203654
0.0208835
0.0214219
0.0220003
0.0225942
0.023164
0.0237448
0.0243458
0.0249321
0.0255253
0.0261136
0.0266809
0.027267
0.0279017
0.0285297
0.0291502
0.0298107
0.0304854
0.0311401
0.0317966
0.0324845
0.0332208
0.0339837
0.0347357
0.0353969
0.0359941
0.0367283
0.0375315
0.0382666
0.0390443
0.0399184
0.0407609
0.0416202
0.0424895
0.0434176
0.0444422
0.0452752
0.0457574
0.0462702
0.0473752
0.048798
0.0499603
0.050884
0.0518994
0.0529624
0.054007
0.0550514
0.0560743
0.0571363
0.058257
0.059348
0.0605223
0.0618202
0.063021
0.0642075
0.065516
0.0669171
0.0682556
0.0696168
0.070984
0.0723257
0.0737331
0.0752197
0.0767445
0.0782973
0.0798634
0.0814481
0.0829828
0.0845698
0.0861881
0.0878436
0.0894714
0.0910528
0.0925508
0.0938587
0.016709
0.0163834
0.0151522
0.0135118
0.0121878
0.0114221
0.0112313
0.0116286
0.0123506
0.01306
0.0136277
0.0140954
0.0145297
0.0149525
0.0153481
0.015792
0.0163016
0.016756
0.0171578
0.0175977
0.0180263
0.018451
0.0189391
0.0194247
0.0198862
0.0203834
0.0208997
0.0214364
0.0220118
0.0226025
0.0231718
0.0237515
0.0243507
0.0249362
0.0255282
0.0261164
0.026685
0.0272721
0.0279062
0.0285327
0.0291535
0.0298136
0.030487
0.0311411
0.0317983
0.0324879
0.0332224
0.0339818
0.0347314
0.0353948
0.0359966
0.0367313
0.0375333
0.0382693
0.0390472
0.0399197
0.0407618
0.0416211
0.0424897
0.0434123
0.044428
0.0452591
0.0457551
0.0462765
0.047377
0.0487945
0.0499596
0.0508837
0.0518992
0.0529614
0.0540056
0.0550503
0.0560744
0.057137
0.0582578
0.0593492
0.0605235
0.0618212
0.0630218
0.064208
0.0655159
0.0669168
0.0682555
0.0696151
0.0709827
0.072325
0.0737334
0.0752209
0.0767447
0.0782965
0.079863
0.0814476
0.0829829
0.0845699
0.0861887
0.0878443
0.0894725
0.0910568
0.0925565
0.0938621
0.0165037
0.0162322
0.0151142
0.0136283
0.0124332
0.0116955
0.0114272
0.0117209
0.0123917
0.0130963
0.0136761
0.0141495
0.014576
0.0149879
0.0153787
0.0158198
0.0163246
0.0167763
0.0171784
0.0176176
0.018046
0.0184707
0.0189566
0.0194411
0.0199041
0.0204018
0.0209165
0.0214513
0.0220237
0.0226115
0.0231799
0.0237585
0.0243561
0.0249407
0.0255313
0.0261194
0.0266897
0.0272777
0.0279106
0.028536
0.0291571
0.0298167
0.0304891
0.0311427
0.0318007
0.0324916
0.0332243
0.0339799
0.034727
0.0353932
0.0360002
0.0367353
0.0375352
0.0382724
0.0390509
0.0399212
0.0407626
0.0416219
0.0424902
0.043408
0.0444149
0.0452442
0.0457564
0.0462889
0.0473828
0.0487904
0.0499576
0.050883
0.0518991
0.0529604
0.054004
0.0550492
0.0560748
0.0571381
0.058259
0.059351
0.0605253
0.0618219
0.0630226
0.0642092
0.0655162
0.0669158
0.0682549
0.0696131
0.0709814
0.0723243
0.0737335
0.0752218
0.0767452
0.0782957
0.0798625
0.081447
0.082983
0.0845699
0.0861894
0.0878451
0.0894738
0.091061
0.0925624
0.0938656
0.0163119
0.0160921
0.0150763
0.0137286
0.0126582
0.0119632
0.0116362
0.0118286
0.012439
0.0131307
0.0137213
0.0142039
0.0146255
0.0150265
0.0154115
0.0158492
0.0163489
0.0167976
0.0172
0.0176386
0.0180667
0.0184914
0.0189751
0.0194583
0.0199226
0.0204207
0.0209338
0.0214667
0.0220361
0.022621
0.0231886
0.0237658
0.0243619
0.0249455
0.0255347
0.0261228
0.026695
0.0272837
0.0279149
0.0285396
0.029161
0.0298199
0.0304916
0.0311446
0.0318037
0.0324954
0.0332266
0.033978
0.0347226
0.0353919
0.0360049
0.0367401
0.0375372
0.0382757
0.039055
0.0399229
0.0407633
0.0416226
0.0424908
0.0434045
0.044403
0.0452309
0.045761
0.0463149
0.047393
0.0487865
0.0499543
0.050882
0.0518989
0.0529593
0.0540022
0.0550481
0.0560755
0.0571395
0.0582603
0.0593535
0.0605276
0.0618223
0.0630234
0.0642113
0.065517
0.0669146
0.0682538
0.0696109
0.07098
0.0723238
0.0737338
0.0752226
0.076746
0.0782948
0.0798619
0.0814463
0.0829831
0.08457
0.0861901
0.087846
0.0894752
0.0910653
0.0925686
0.0938693
0.0161321
0.0159628
0.0150395
0.0138144
0.0128636
0.0122229
0.0118547
0.011952
0.0124949
0.0131649
0.0137629
0.0142575
0.0146776
0.0150682
0.0154468
0.0158806
0.0163746
0.01682
0.0172226
0.0176605
0.0180883
0.0185129
0.0189946
0.0194762
0.0199416
0.0204402
0.0209518
0.0214826
0.0220489
0.022631
0.0231976
0.0237736
0.0243682
0.0249508
0.0255384
0.0261265
0.0267008
0.0272901
0.0279191
0.0285434
0.0291652
0.0298235
0.0304943
0.0311469
0.031807
0.0324994
0.0332291
0.0339763
0.0347183
0.0353909
0.0360103
0.0367455
0.0375394
0.0382793
0.0390596
0.0399248
0.0407641
0.0416233
0.0424914
0.0434017
0.0443921
0.0452189
0.0457684
0.0463378
0.0474072
0.0487832
0.0499497
0.0508806
0.0518987
0.0529582
0.0540003
0.0550471
0.0560765
0.0571411
0.0582618
0.0593566
0.0605306
0.0618224
0.0630242
0.0642141
0.0655185
0.0669136
0.0682526
0.0696089
0.0709788
0.0723236
0.0737343
0.0752233
0.0767472
0.078294
0.0798612
0.0814456
0.0829831
0.0845701
0.0861909
0.087847
0.0894767
0.0910698
0.0925749
0.0938732
0.0159625
0.0158426
0.0150052
0.0138881
0.0130501
0.0124724
0.0120789
0.0120907
0.0125616
0.0132009
0.0138011
0.0143093
0.0147313
0.0151128
0.0154847
0.0159143
0.016402
0.0168436
0.0172462
0.0176834
0.0181107
0.0185356
0.0190151
0.0194949
0.0199612
0.0204604
0.0209704
0.021499
0.0220624
0.0226416
0.0232071
0.0237817
0.0243749
0.0249565
0.0255424
0.0261305
0.0267071
0.0272968
0.0279233
0.0285474
0.0291698
0.0298273
0.0304973
0.0311494
0.0318105
0.0325035
0.0332317
0.0339746
0.0347141
0.0353902
0.0360162
0.0367514
0.0375417
0.0382831
0.0390645
0.0399268
0.0407648
0.0416239
0.042492
0.0433994
0.0443819
0.0452081
0.0457775
0.046364
0.0474248
0.0487807
0.0499441
0.050879
0.0518985
0.052957
0.0539984
0.055046
0.0560776
0.057143
0.0582633
0.0593603
0.0605342
0.0618224
0.0630249
0.0642175
0.0655205
0.0669128
0.0682515
0.0696072
0.0709778
0.0723239
0.0737354
0.0752242
0.0767487
0.0782934
0.0798605
0.0814449
0.0829832
0.0845703
0.0861917
0.087848
0.0894785
0.0910746
0.0925814
0.0938773
0.0158021
0.0157289
0.0149732
0.0139531
0.0132183
0.0127097
0.0123056
0.0122434
0.0126404
0.0132408
0.0138366
0.0143586
0.0147859
0.01516
0.0155253
0.0159505
0.0164313
0.0168685
0.0172708
0.0177071
0.0181341
0.0185593
0.0190368
0.0195145
0.0199815
0.0204812
0.0209897
0.021516
0.0220764
0.0226529
0.0232171
0.0237903
0.0243819
0.0249625
0.0255467
0.0261348
0.0267139
0.0273037
0.0279275
0.0285515
0.0291746
0.0298313
0.0305004
0.031152
0.0318142
0.0325078
0.0332346
0.033973
0.03471
0.0353896
0.0360225
0.0367574
0.0375441
0.0382872
0.0390694
0.0399288
0.0407656
0.0416244
0.0424925
0.0433973
0.0443723
0.0451981
0.0457877
0.0463924
0.0474446
0.0487793
0.0499378
0.0508772
0.0518983
0.0529557
0.0539964
0.0550449
0.0560788
0.057145
0.0582649
0.0593643
0.0605383
0.0618224
0.0630256
0.0642213
0.065523
0.0669126
0.0682507
0.0696061
0.0709771
0.0723248
0.0737369
0.0752252
0.0767504
0.0782932
0.0798598
0.0814442
0.0829834
0.0845708
0.0861926
0.0878491
0.0894805
0.0910796
0.092588
0.0938816
0.0156524
0.0156202
0.0149414
0.0140123
0.0133702
0.0129329
0.0125324
0.012408
0.0127318
0.0132872
0.0138709
0.0144048
0.0148405
0.0152092
0.0155686
0.0159896
0.0164631
0.016895
0.0172963
0.0177315
0.0181583
0.0185842
0.0190596
0.019535
0.0200025
0.0205028
0.0210096
0.0215335
0.022091
0.0226648
0.0232277
0.0237994
0.0243893
0.0249688
0.0255515
0.0261394
0.0267208
0.0273108
0.0279319
0.0285558
0.0291797
0.0298356
0.0305036
0.0311547
0.0318179
0.0325121
0.0332375
0.0339716
0.0347059
0.0353892
0.0360288
0.0367634
0.0375466
0.0382914
0.0390745
0.0399309
0.0407664
0.0416249
0.0424929
0.0433954
0.0443629
0.0451887
0.0457984
0.046422
0.047466
0.0487789
0.0499312
0.0508754
0.051898
0.0529543
0.0539944
0.0550438
0.0560802
0.0571472
0.0582666
0.0593686
0.0605427
0.0618225
0.0630264
0.0642255
0.0655258
0.0669126
0.0682502
0.0696056
0.0709768
0.0723265
0.073739
0.0752266
0.0767523
0.0782932
0.0798592
0.0814435
0.0829836
0.0845715
0.0861937
0.0878502
0.0894827
0.0910849
0.0925949
0.0938861
0.0155155
0.015519
0.0149066
0.0140664
0.0135089
0.0131408
0.0127563
0.0125826
0.0128356
0.0133418
0.0139062
0.0144479
0.0148942
0.0152599
0.0156142
0.0160315
0.0164975
0.0169235
0.0173231
0.0177567
0.0181834
0.0186103
0.0190837
0.0195563
0.0200243
0.0205254
0.0210304
0.0215516
0.0221063
0.0226773
0.0232388
0.023809
0.024397
0.0249754
0.0255567
0.0261444
0.0267279
0.027318
0.0279365
0.0285602
0.029185
0.0298402
0.0305069
0.0311575
0.0318215
0.0325165
0.0332405
0.0339702
0.0347019
0.0353889
0.0360351
0.0367694
0.0375494
0.0382958
0.0390796
0.0399331
0.0407673
0.0416255
0.0424932
0.0433934
0.0443537
0.0451798
0.045809
0.0464521
0.0474882
0.0487793
0.0499244
0.0508736
0.0518976
0.0529529
0.0539924
0.0550427
0.0560816
0.0571495
0.0582683
0.059373
0.0605473
0.0618228
0.0630273
0.0642299
0.0655289
0.066913
0.0682501
0.0696056
0.0709768
0.0723288
0.0737417
0.0752283
0.0767543
0.0782935
0.0798586
0.0814428
0.082984
0.0845724
0.0861951
0.0878514
0.089485
0.0910904
0.0926021
0.0938908
0.0153894
0.0154313
0.0148677
0.0141125
0.0136387
0.0133336
0.0129735
0.0127654
0.0129516
0.0134057
0.013945
0.0144885
0.014946
0.0153116
0.0156618
0.0160759
0.0165348
0.0169544
0.0173513
0.0177827
0.0182093
0.0186377
0.0191089
0.0195785
0.0200469
0.0205488
0.0210519
0.0215704
0.0221223
0.0226905
0.0232505
0.0238191
0.024405
0.0249824
0.0255625
0.0261497
0.0267352
0.0273255
0.0279414
0.0285646
0.0291905
0.029845
0.0305104
0.0311603
0.0318252
0.032521
0.0332436
0.033969
0.0346981
0.0353887
0.0360413
0.0367754
0.0375522
0.0383002
0.0390848
0.0399353
0.0407683
0.0416261
0.0424934
0.0433914
0.0443447
0.0451712
0.0458196
0.0464821
0.0475107
0.0487803
0.0499178
0.0508719
0.0518972
0.0529514
0.0539905
0.0550416
0.0560831
0.057152
0.0582703
0.0593776
0.0605519
0.0618232
0.0630284
0.0642344
0.0655322
0.0669136
0.0682503
0.0696061
0.0709771
0.0723317
0.0737449
0.0752303
0.0767561
0.0782939
0.0798581
0.0814421
0.0829845
0.0845737
0.0861965
0.0878527
0.0894876
0.0910963
0.0926095
0.0938958
0.0152679
0.0153622
0.0148289
0.014145
0.0137624
0.0135146
0.01318
0.0129531
0.0130794
0.0134791
0.0139893
0.0145285
0.0149952
0.0153633
0.0157109
0.0161226
0.0165751
0.016988
0.0173811
0.0178095
0.018236
0.0186664
0.0191356
0.0196015
0.0200704
0.0205733
0.0210742
0.0215897
0.0221389
0.0227045
0.0232628
0.0238298
0.0244134
0.0249897
0.0255687
0.0261554
0.0267425
0.0273333
0.0279467
0.0285693
0.0291962
0.0298501
0.0305141
0.0311632
0.0318288
0.0325256
0.0332468
0.0339679
0.0346943
0.0353887
0.0360475
0.0367813
0.0375552
0.0383049
0.0390901
0.0399376
0.0407694
0.0416269
0.0424935
0.0433893
0.0443357
0.0451631
0.04583
0.0465116
0.047533
0.0487817
0.0499112
0.0508701
0.0518967
0.0529498
0.0539885
0.0550405
0.0560846
0.0571545
0.0582723
0.0593823
0.0605565
0.0618237
0.0630297
0.064239
0.0655358
0.0669144
0.0682508
0.0696069
0.0709776
0.0723349
0.0737485
0.0752325
0.0767579
0.0782946
0.0798576
0.0814414
0.0829851
0.0845753
0.0861982
0.087854
0.0894903
0.0911023
0.0926173
0.0939011
0.0151422
0.0153118
0.0148002
0.0141603
0.013877
0.0136902
0.0133737
0.0131401
0.0132192
0.0135625
0.0140402
0.0145701
0.015042
0.0154144
0.0157612
0.0161712
0.0166182
0.0170245
0.017413
0.0178373
0.0182636
0.0186964
0.0191635
0.0196254
0.0200946
0.0205989
0.0210975
0.0216097
0.0221561
0.0227191
0.0232758
0.0238411
0.0244225
0.0249976
0.0255755
0.0261615
0.02675
0.0273412
0.0279523
0.0285742
0.0292022
0.0298554
0.030518
0.0311663
0.0318325
0.0325302
0.0332501
0.0339669
0.0346907
0.0353888
0.0360536
0.0367871
0.0375582
0.0383096
0.0390955
0.03994
0.0407705
0.0416276
0.0424936
0.0433871
0.0443269
0.0451553
0.0458402
0.0465405
0.0475549
0.0487833
0.049905
0.0508684
0.0518962
0.0529482
0.0539866
0.0550394
0.0560861
0.057157
0.0582745
0.0593871
0.0605611
0.0618244
0.0630311
0.0642437
0.0655395
0.0669152
0.0682515
0.0696078
0.0709783
0.0723385
0.0737524
0.0752348
0.0767596
0.0782953
0.0798571
0.0814407
0.0829858
0.084577
0.0862
0.0878556
0.0894932
0.0911086
0.0926253
0.0939067
0.0150048
0.0152712
0.0147927
0.0141602
0.0139734
0.013867
0.0135581
0.0133187
0.0133694
0.0136576
0.0140975
0.0146153
0.0150875
0.0154637
0.0158121
0.0162213
0.0166642
0.0170641
0.0174468
0.0178664
0.0182924
0.0187277
0.0191926
0.0196502
0.0201197
0.0206255
0.0211218
0.0216304
0.0221741
0.0227346
0.0232894
0.0238529
0.0244319
0.0250058
0.025583
0.0261681
0.0267576
0.0273495
0.0279583
0.0285791
0.0292082
0.029861
0.0305221
0.0311697
0.0318361
0.0325347
0.0332534
0.0339661
0.0346871
0.035389
0.0360598
0.0367928
0.0375613
0.0383144
0.0391009
0.0399425
0.0407716
0.0416285
0.0424936
0.0433848
0.0443184
0.045148
0.0458503
0.0465686
0.0475764
0.048785
0.049899
0.0508667
0.0518956
0.0529466
0.0539847
0.0550384
0.0560876
0.0571595
0.0582768
0.0593919
0.0605658
0.0618252
0.0630327
0.0642485
0.0655433
0.0669161
0.0682524
0.0696089
0.070979
0.0723422
0.0737565
0.0752373
0.0767611
0.078296
0.0798567
0.08144
0.0829866
0.084579
0.0862019
0.0878572
0.0894962
0.0911151
0.0926337
0.0939126
0.0148549
0.0152277
0.0148136
0.0141553
0.0140409
0.014045
0.0137408
0.0134826
0.0135246
0.0137674
0.0141618
0.0146649
0.0151342
0.015511
0.0158621
0.0162724
0.0167128
0.0171069
0.0174828
0.017897
0.0183227
0.0187605
0.0192229
0.0196759
0.0201455
0.0206531
0.021147
0.0216518
0.0221927
0.022751
0.0233039
0.0238654
0.024442
0.0250145
0.0255909
0.0261752
0.0267655
0.0273581
0.0279649
0.0285844
0.0292145
0.0298668
0.0305265
0.0311731
0.0318397
0.0325393
0.0332569
0.0339656
0.0346837
0.0353894
0.036066
0.0367984
0.0375644
0.0383194
0.0391065
0.039945
0.0407728
0.0416294
0.0424936
0.0433825
0.04431
0.0451412
0.0458601
0.0465958
0.0475973
0.0487868
0.0498933
0.050865
0.051895
0.0529449
0.0539829
0.0550374
0.0560892
0.0571621
0.0582793
0.0593969
0.0605704
0.0618262
0.0630344
0.0642534
0.0655473
0.0669171
0.0682533
0.0696099
0.0709799
0.072346
0.0737607
0.0752398
0.0767627
0.0782968
0.0798563
0.0814393
0.0829875
0.084581
0.0862039
0.0878591
0.0894995
0.0911218
0.0926425
0.0939189
0.0146992
0.0151685
0.0148604
0.0141614
0.0140736
0.014214
0.0139321
0.0136315
0.0136751
0.0138935
0.0142354
0.0147179
0.0151848
0.0155577
0.0159101
0.0163236
0.0167636
0.017153
0.0175209
0.0179292
0.0183553
0.018795
0.0192542
0.0197024
0.0201722
0.0206816
0.0211734
0.0216741
0.022212
0.0227681
0.0233191
0.0238785
0.0244529
0.0250239
0.0255994
0.0261827
0.0267734
0.0273669
0.0279719
0.0285899
0.0292211
0.0298731
0.0305312
0.0311768
0.0318433
0.0325438
0.0332605
0.0339652
0.0346804
0.0353899
0.0360723
0.036804
0.0375676
0.0383245
0.0391121
0.0399477
0.0407741
0.0416304
0.0424937
0.0433802
0.0443019
0.0451348
0.0458698
0.0466221
0.0476176
0.0487887
0.0498879
0.0508634
0.0518944
0.0529433
0.0539811
0.0550366
0.0560908
0.0571647
0.0582818
0.0594018
0.0605751
0.0618274
0.0630363
0.0642584
0.0655513
0.0669181
0.0682543
0.069611
0.0709808
0.0723498
0.073765
0.0752423
0.0767642
0.0782976
0.0798559
0.0814387
0.0829885
0.0845832
0.086206
0.0878611
0.089503
0.0911287
0.0926515
0.0939256
0.0145459
0.0150849
0.0149207
0.0141946
0.0140754
0.0143579
0.0141397
0.0137746
0.0138098
0.014033
0.0143229
0.0147729
0.0152396
0.0156063
0.0159556
0.0163742
0.0168167
0.0172023
0.017561
0.0179624
0.01839
0.018832
0.0192867
0.0197296
0.0201998
0.0207111
0.0212008
0.0216974
0.0222321
0.022786
0.0233352
0.0238922
0.0244642
0.0250339
0.0256086
0.0261909
0.0267819
0.0273762
0.0279794
0.0285956
0.0292277
0.0298795
0.0305361
0.0311808
0.0318471
0.0325483
0.0332643
0.0339651
0.0346772
0.0353906
0.0360785
0.0368094
0.0375708
0.0383297
0.0391178
0.0399503
0.0407755
0.0416315
0.0424937
0.0433778
0.0442942
0.0451289
0.0458794
0.0466473
0.0476373
0.0487907
0.0498828
0.0508618
0.0518937
0.0529415
0.0539794
0.0550358
0.0560924
0.0571673
0.0582845
0.0594069
0.0605799
0.0618287
0.0630384
0.0642634
0.0655554
0.0669192
0.0682553
0.069612
0.0709817
0.0723536
0.0737694
0.0752448
0.0767658
0.0782984
0.0798556
0.081438
0.0829895
0.0845854
0.0862081
0.0878634
0.0895067
0.0911358
0.092661
0.0939326
0.0144031
0.0149749
0.0149782
0.0142653
0.0140615
0.0144599
0.0143584
0.0139254
0.0139235
0.0141773
0.0144298
0.0148313
0.0152966
0.0156592
0.0159989
0.0164227
0.0168715
0.0172545
0.0176035
0.0179967
0.0184268
0.018872
0.0193205
0.0197572
0.0202282
0.0207415
0.0212293
0.0217219
0.022253
0.0228047
0.0233521
0.0239068
0.0244763
0.0250445
0.0256181
0.0261995
0.0267906
0.0273858
0.0279874
0.0286018
0.0292348
0.0298863
0.0305412
0.0311848
0.0318509
0.0325528
0.0332684
0.0339653
0.0346742
0.0353914
0.0360849
0.0368147
0.037574
0.0383351
0.0391237
0.0399531
0.0407769
0.0416326
0.0424938
0.0433754
0.0442868
0.0451235
0.0458887
0.0466715
0.0476564
0.0487927
0.049878
0.0508603
0.051893
0.0529398
0.0539778
0.0550351
0.056094
0.05717
0.0582873
0.059412
0.0605847
0.0618301
0.0630406
0.0642685
0.0655595
0.0669204
0.0682563
0.069613
0.0709827
0.0723574
0.0737738
0.0752473
0.0767674
0.0782992
0.0798552
0.0814374
0.0829905
0.0845878
0.0862103
0.0878658
0.0895107
0.091143
0.0926708
0.09394
0.0142791
0.0148422
0.0150154
0.0143734
0.014053
0.0145102
0.0145708
0.0140981
0.0140217
0.0143132
0.014557
0.0148987
0.0153538
0.0157172
0.016042
0.0164685
0.0169276
0.0173091
0.0176482
0.0180328
0.0184653
0.0189152
0.0193565
0.0197851
0.0202572
0.020773
0.0212587
0.0217473
0.0222749
0.0228243
0.0233699
0.0239221
0.0244893
0.0250559
0.0256285
0.0262087
0.0267996
0.0273956
0.0279958
0.0286081
0.029242
0.0298935
0.0305469
0.0311893
0.0318548
0.0325572
0.0332725
0.0339658
0.0346714
0.0353924
0.0360914
0.03682
0.0375772
0.0383405
0.0391296
0.0399559
0.0407784
0.0416338
0.042494
0.0433731
0.0442798
0.0451187
0.0458977
0.0466946
0.0476748
0.0487949
0.0498736
0.0508589
0.0518923
0.0529381
0.0539762
0.0550345
0.0560956
0.0571727
0.0582902
0.0594171
0.0605896
0.0618318
0.063043
0.0642736
0.0655637
0.0669217
0.0682573
0.069614
0.0709837
0.0723612
0.0737782
0.0752498
0.076769
0.0783
0.079855
0.0814368
0.0829916
0.0845902
0.0862126
0.0878685
0.089515
0.0911505
0.092681
0.0939478
0.0141832
0.0146962
0.0150147
0.0145036
0.0140717
0.0145139
0.0147562
0.0142986
0.0141186
0.0144298
0.0146978
0.0149818
0.0154112
0.0157784
0.0160867
0.0165115
0.0169849
0.0173657
0.0176943
0.018071
0.0185055
0.018961
0.0193957
0.0198138
0.0202864
0.0208056
0.0212892
0.0217736
0.0222978
0.0228448
0.0233886
0.0239384
0.024503
0.0250679
0.0256395
0.0262187
0.0268093
0.027406
0.0280048
0.0286149
0.0292493
0.029901
0.0305526
0.0311938
0.0318589
0.0325618
0.0332771
0.0339667
0.0346688
0.0353936
0.036098
0.0368253
0.0375803
0.0383461
0.0391356
0.0399589
0.0407799
0.041635
0.0424942
0.0433708
0.0442733
0.0451144
0.0459066
0.0467166
0.0476926
0.0487971
0.0498695
0.0508576
0.0518917
0.0529364
0.0539747
0.055034
0.0560973
0.0571754
0.0582931
0.0594223
0.0605946
0.0618336
0.0630456
0.0642788
0.0655679
0.066923
0.0682583
0.069615
0.0709847
0.0723649
0.0737826
0.0752523
0.0767707
0.0783009
0.0798547
0.0814362
0.0829928
0.0845928
0.0862149
0.0878714
0.0895195
0.0911581
0.0926915
0.0939561
0.0141251
0.0145534
0.0149663
0.0146335
0.0141314
0.0144892
0.014895
0.014517
0.0142316
0.0145274
0.0148407
0.015084
0.0154728
0.0158403
0.0161338
0.0165523
0.0170429
0.0174251
0.0177405
0.018111
0.0185481
0.0190088
0.0194382
0.0198441
0.0203152
0.0208391
0.0213212
0.0218008
0.0223216
0.0228663
0.0234081
0.0239554
0.0245175
0.0250809
0.0256511
0.0262289
0.0268192
0.0274167
0.0280143
0.0286221
0.0292571
0.0299091
0.0305588
0.0311986
0.031863
0.0325662
0.0332818
0.0339681
0.0346665
0.0353949
0.0361048
0.0368305
0.0375833
0.0383516
0.0391418
0.0399618
0.0407815
0.0416363
0.0424945
0.0433686
0.0442672
0.0451107
0.0459152
0.0467375
0.0477097
0.0487995
0.0498658
0.0508565
0.051891
0.0529347
0.0539734
0.0550336
0.056099
0.0571782
0.0582962
0.0594275
0.0605996
0.0618355
0.0630483
0.064284
0.0655721
0.0669245
0.0682593
0.069616
0.0709858
0.0723687
0.0737871
0.0752548
0.0767725
0.0783018
0.0798545
0.0814357
0.082994
0.0845955
0.0862173
0.0878745
0.0895244
0.0911659
0.0927023
0.0939649
0.0141099
0.0144311
0.0148713
0.0147375
0.0142315
0.0144595
0.0149796
0.0147349
0.0143729
0.0146163
0.0149749
0.0152021
0.0155442
0.0159032
0.0161831
0.0165909
0.0171008
0.0174888
0.0177867
0.018151
0.0185937
0.0190585
0.0194834
0.0198771
0.0203439
0.0208727
0.021355
0.0218291
0.0223459
0.022889
0.0234289
0.0239734
0.0245329
0.0250946
0.0256636
0.02624
0.0268297
0.0274279
0.0280243
0.0286295
0.0292649
0.0299174
0.0305654
0.0312036
0.0318676
0.032571
0.0332867
0.0339699
0.0346643
0.0353964
0.0361118
0.0368359
0.0375864
0.0383573
0.039148
0.0399649
0.0407832
0.0416377
0.0424949
0.0433665
0.0442617
0.0451076
0.0459235
0.0467574
0.0477261
0.0488021
0.0498624
0.0508554
0.0518905
0.052933
0.0539721
0.0550332
0.0561007
0.0571811
0.0582994
0.0594328
0.0606046
0.0618376
0.0630511
0.0642894
0.0655764
0.066926
0.0682603
0.069617
0.070987
0.0723724
0.0737915
0.0752574
0.0767743
0.0783028
0.0798544
0.0814353
0.0829952
0.0845983
0.0862198
0.0878779
0.0895296
0.0911738
0.0927135
0.0939741
0.0141361
0.0143443
0.0147396
0.0147878
0.0143553
0.0144474
0.0150186
0.0149346
0.01454
0.0147087
0.0150974
0.0153284
0.0156268
0.0159699
0.0162357
0.0166275
0.0171565
0.0175584
0.0178354
0.0181885
0.0186417
0.0191119
0.0195306
0.019913
0.0203734
0.020906
0.0213904
0.0218589
0.0223705
0.0229123
0.023451
0.0239923
0.024549
0.0251093
0.0256769
0.0262516
0.0268406
0.0274398
0.0280352
0.0286375
0.029273
0.0299262
0.0305723
0.0312087
0.0318722
0.0325757
0.0332919
0.0339723
0.0346625
0.0353978
0.036119
0.0368413
0.0375893
0.038363
0.0391545
0.0399681
0.0407851
0.0416392
0.0424955
0.0433646
0.0442567
0.0451051
0.0459317
0.0467761
0.0477418
0.0488048
0.0498594
0.0508546
0.05189
0.0529313
0.053971
0.0550331
0.0561025
0.0571841
0.0583026
0.0594381
0.0606098
0.0618399
0.0630541
0.0642947
0.0655807
0.0669277
0.0682614
0.0696181
0.0709882
0.0723762
0.073796
0.0752599
0.0767762
0.0783039
0.0798544
0.0814349
0.0829964
0.0846012
0.0862224
0.0878815
0.0895352
0.091182
0.092725
0.0939838
0.0142063
0.014303
0.0145866
0.014764
0.0144778
0.0144663
0.0150274
0.0151039
0.0147212
0.0148131
0.0152146
0.015455
0.0157158
0.0160425
0.0162954
0.0166631
0.0172061
0.0176338
0.0178913
0.0182221
0.0186884
0.0191705
0.0195806
0.0199506
0.0204048
0.0209393
0.0214267
0.021891
0.0223958
0.022936
0.0234748
0.0240127
0.0245655
0.0251246
0.0256913
0.026264
0.0268519
0.0274519
0.0280466
0.0286459
0.0292812
0.0299356
0.0305799
0.0312142
0.0318771
0.0325806
0.0332972
0.0339752
0.034661
0.0353994
0.0361264
0.0368469
0.0375922
0.0383687
0.039161
0.0399713
0.0407869
0.0416408
0.0424961
0.0433629
0.0442522
0.0451032
0.0459395
0.0467938
0.0477568
0.0488078
0.0498568
0.0508538
0.0518896
0.0529297
0.0539699
0.055033
0.0561043
0.0571871
0.058306
0.0594434
0.060615
0.0618424
0.0630573
0.0643002
0.065585
0.0669295
0.0682626
0.0696193
0.0709895
0.0723799
0.0738005
0.0752625
0.0767781
0.078305
0.0798544
0.0814347
0.0829977
0.0846043
0.0862251
0.0878853
0.0895412
0.0911903
0.0927368
0.093994
0.0143418
0.0143123
0.0144313
0.0146675
0.0145749
0.0145231
0.0150246
0.0152377
0.0149012
0.0149264
0.0153341
0.0155823
0.0158038
0.0161183
0.0163667
0.0167014
0.0172451
0.0177101
0.0179593
0.0182544
0.0187288
0.019234
0.0196364
0.0199886
0.0204377
0.0209738
0.0214632
0.021925
0.0224225
0.0229594
0.0234997
0.0240351
0.0245831
0.0251406
0.0257066
0.0262773
0.0268637
0.0274646
0.0280588
0.0286549
0.0292895
0.0299452
0.030588
0.0312198
0.0318823
0.0325859
0.033303
0.0339787
0.03466
0.035401
0.0361339
0.0368528
0.037595
0.0383745
0.0391678
0.0399747
0.0407889
0.0416425
0.0424968
0.0433614
0.0442484
0.0451019
0.0459472
0.0468104
0.0477711
0.0488109
0.0498545
0.0508533
0.0518893
0.0529282
0.053969
0.055033
0.0561061
0.0571902
0.0583094
0.0594487
0.0606203
0.061845
0.0630606
0.0643057
0.0655893
0.0669313
0.0682639
0.0696205
0.0709908
0.0723836
0.073805
0.0752651
0.0767801
0.0783063
0.0798544
0.0814345
0.0829991
0.0846075
0.0862279
0.0878893
0.0895476
0.0911989
0.0927488
0.0940047
0.0144829
0.0143668
0.0143225
0.0145325
0.01464
0.014633
0.0150414
0.0153393
0.0150665
0.0150387
0.0154569
0.0157177
0.0158878
0.0161902
0.0164522
0.0167504
0.0172728
0.0177794
0.0180413
0.0182919
0.0187579
0.0192977
0.0197015
0.0200278
0.0204697
0.0210108
0.0215006
0.0219598
0.022451
0.0229828
0.0235248
0.0240595
0.0246018
0.0251567
0.0257227
0.0262918
0.026876
0.0274774
0.0280718
0.0286648
0.029298
0.0299553
0.0305969
0.0312257
0.0318876
0.0325911
0.0333087
0.0339826
0.0346594
0.0354026
0.0361415
0.0368589
0.0375978
0.0383801
0.0391747
0.0399782
0.040791
0.0416444
0.0424978
0.0433601
0.0442451
0.0451011
0.0459546
0.0468261
0.0477848
0.0488143
0.0498526
0.0508529
0.0518892
0.0529267
0.0539682
0.0550332
0.056108
0.0571934
0.058313
0.059454
0.0606256
0.0618479
0.063064
0.0643112
0.0655937
0.0669334
0.0682653
0.0696218
0.0709922
0.0723874
0.0738096
0.0752677
0.0767822
0.0783077
0.0798546
0.0814344
0.0830005
0.0846109
0.0862309
0.0878935
0.0895544
0.0912077
0.0927612
0.0940159
0.0145296
0.0144332
0.0143003
0.0144232
0.0146788
0.0147961
0.0151165
0.0154235
0.0152141
0.0151439
0.015576
0.0158701
0.0159765
0.0162514
0.016548
0.0168213
0.0172967
0.0178344
0.0181343
0.0183443
0.0187779
0.019354
0.0197775
0.0200726
0.0204984
0.0210498
0.0215408
0.0219947
0.0224813
0.0230072
0.0235497
0.0240857
0.0246226
0.0251733
0.0257392
0.0263074
0.0268891
0.0274906
0.0280855
0.0286753
0.0293065
0.0299656
0.0306063
0.0312319
0.0318932
0.0325968
0.033315
0.0339871
0.0346593
0.0354043
0.0361493
0.0368653
0.0376007
0.0383858
0.0391817
0.0399818
0.0407931
0.0416464
0.0424989
0.0433591
0.0442425
0.045101
0.0459618
0.0468408
0.0477978
0.0488178
0.0498511
0.0508526
0.0518892
0.0529254
0.0539676
0.0550335
0.05611
0.0571967
0.0583166
0.0594594
0.060631
0.061851
0.0630676
0.0643167
0.0655981
0.0669355
0.0682667
0.0696233
0.0709937
0.0723911
0.0738142
0.0752703
0.0767843
0.0783092
0.0798548
0.0814345
0.0830019
0.0846143
0.0862341
0.0878979
0.0895616
0.0912167
0.0927737
0.0940277
0.0144497
0.0144801
0.0143387
0.0143533
0.0146843
0.0149783
0.0152496
0.0155063
0.0153441
0.0152367
0.0156774
0.0160359
0.0160842
0.0162972
0.0166393
0.0169175
0.0173289
0.0178701
0.0182271
0.0184178
0.0187968
0.0193955
0.0198599
0.0201297
0.0205239
0.0210871
0.0215863
0.0220308
0.0225119
0.0230334
0.0235747
0.0241128
0.0246456
0.025191
0.0257561
0.0263241
0.0269033
0.0275041
0.0280999
0.0286869
0.0293155
0.0299763
0.0306166
0.0312388
0.031899
0.0326026
0.0333215
0.0339923
0.0346597
0.0354061
0.0361573
0.0368721
0.0376035
0.0383913
0.0391889
0.0399857
0.0407954
0.0416487
0.0425003
0.0433584
0.0442405
0.0451014
0.0459687
0.0468546
0.0478102
0.0488216
0.04985
0.0508526
0.0518894
0.0529242
0.0539671
0.055034
0.056112
0.0572
0.0583204
0.0594647
0.0606364
0.0618543
0.0630713
0.0643223
0.0656026
0.0669379
0.0682684
0.0696248
0.0709952
0.0723949
0.0738188
0.0752729
0.0767865
0.0783108
0.0798551
0.0814347
0.0830034
0.0846179
0.0862375
0.0879025
0.0895693
0.0912261
0.0927865
0.09404
0.0145924
0.0146149
0.0144118
0.0143273
0.0146568
0.0151144
0.0154199
0.0156041
0.01546
0.015318
0.0157435
0.0161973
0.016223
0.0163367
0.0167057
0.0170299
0.0173831
0.0178915
0.0183041
0.0185088
0.0188258
0.0194189
0.019938
0.0202026
0.0205513
0.0211173
0.0216358
0.0220713
0.0225413
0.0230604
0.0236009
0.0241399
0.0246705
0.0252104
0.0257729
0.0263412
0.0269187
0.027518
0.0281147
0.0286994
0.0293248
0.0299869
0.0306273
0.0312459
0.031905
0.0326087
0.0333283
0.033998
0.0346606
0.0354078
0.0361653
0.0368792
0.0376064
0.0383967
0.0391963
0.0399897
0.0407976
0.0416509
0.0425019
0.043358
0.044239
0.0451025
0.0459754
0.0468675
0.047822
0.0488255
0.0498492
0.0508528
0.0518898
0.0529231
0.0539669
0.0550346
0.056114
0.0572035
0.0583243
0.05947
0.0606419
0.0618578
0.0630752
0.0643279
0.0656071
0.0669404
0.0682702
0.0696264
0.0709969
0.0723986
0.0738234
0.0752756
0.0767888
0.0783126
0.0798555
0.0814351
0.083005
0.0846217
0.0862412
0.0879074
0.0895774
0.0912356
0.0927995
0.0940528
0.014428
0.0146555
0.0145224
0.0143809
0.0146419
0.0152023
0.0156055
0.0157451
0.0155853
0.0154006
0.0157754
0.0163348
0.016405
0.0163958
0.0167401
0.0171412
0.0174739
0.0179172
0.018358
0.0186057
0.0188779
0.0194342
0.0200016
0.0202889
0.0205895
0.021139
0.0216845
0.0221201
0.022571
0.023086
0.0236293
0.0241678
0.0246962
0.0252323
0.0257908
0.0263585
0.0269352
0.0275328
0.0281299
0.0287128
0.0293346
0.0299978
0.0306388
0.0312539
0.0319112
0.0326149
0.0333354
0.0340045
0.0346622
0.0354096
0.0361735
0.0368868
0.0376093
0.0384019
0.0392037
0.0399941
0.0408001
0.0416535
0.0425039
0.0433579
0.0442382
0.0451041
0.045982
0.0468795
0.0478332
0.0488296
0.0498488
0.0508532
0.0518903
0.0529222
0.0539668
0.0550354
0.0561162
0.057207
0.0583283
0.0594754
0.0606474
0.0618616
0.0630794
0.0643335
0.0656116
0.066943
0.0682721
0.0696282
0.0709987
0.0724023
0.0738281
0.0752783
0.0767911
0.0783146
0.079856
0.0814356
0.0830066
0.0846255
0.0862451
0.0879124
0.0895859
0.0912456
0.0928127
0.0940661
0.0143229
0.0147398
0.0146757
0.0144925
0.0146552
0.015239
0.0157674
0.0159216
0.0157366
0.0154966
0.0157837
0.0164279
0.0166131
0.0164999
0.0167488
0.0172259
0.0175927
0.0179667
0.0183922
0.0186915
0.0189528
0.0194553
0.0200445
0.0203774
0.0206458
0.0211577
0.0217261
0.0221772
0.0226061
0.0231081
0.0236582
0.0241985
0.0247222
0.0252554
0.0258101
0.0263758
0.0269524
0.0275486
0.0281456
0.028727
0.0293452
0.030009
0.0306508
0.0312624
0.0319179
0.0326216
0.0333431
0.0340117
0.0346644
0.0354113
0.0361817
0.0368949
0.0376124
0.0384071
0.0392114
0.0399988
0.0408027
0.0416562
0.0425061
0.0433583
0.0442379
0.0451063
0.0459883
0.0468907
0.0478439
0.0488338
0.0498488
0.0508538
0.0518911
0.0529213
0.0539669
0.0550363
0.0561184
0.0572106
0.0583324
0.0594807
0.0606529
0.0618656
0.0630837
0.0643391
0.0656162
0.0669459
0.0682742
0.0696302
0.0710006
0.0724061
0.0738328
0.0752812
0.0767934
0.0783167
0.0798566
0.0814363
0.0830084
0.0846295
0.0862494
0.0879176
0.0895949
0.0912558
0.092826
0.0940799
0.0141712
0.0147904
0.0148399
0.0146275
0.0146838
0.0152273
0.0158635
0.0161068
0.0159191
0.015616
0.0157859
0.0164607
0.0168142
0.0166635
0.0167567
0.0172614
0.0177162
0.0180546
0.0184253
0.0187517
0.0190357
0.0194958
0.0200744
0.0204542
0.020719
0.0211827
0.0217555
0.0222361
0.0226511
0.0231281
0.0236838
0.0242329
0.0247496
0.0252782
0.0258317
0.0263944
0.0269695
0.0275653
0.0281625
0.0287421
0.0293562
0.0300203
0.0306634
0.0312718
0.0319248
0.0326281
0.0333508
0.0340196
0.0346673
0.0354131
0.0361899
0.0369036
0.0376156
0.0384119
0.0392189
0.0400035
0.0408055
0.041659
0.0425088
0.043359
0.0442381
0.0451091
0.0459946
0.0469011
0.0478542
0.0488382
0.049849
0.0508547
0.0518922
0.0529207
0.0539672
0.0550375
0.0561206
0.0572142
0.0583367
0.0594862
0.0606584
0.0618697
0.0630882
0.0643447
0.0656208
0.066949
0.0682765
0.0696322
0.0710026
0.0724099
0.0738374
0.075284
0.0767958
0.0783189
0.0798573
0.0814373
0.0830104
0.0846335
0.086254
0.087923
0.0896042
0.0912665
0.0928394
0.0940942
0.0139761
0.014765
0.0149957
0.0147923
0.0147339
0.0151931
0.015901
0.0162786
0.0161303
0.0157733
0.0158064
0.0164437
0.0169753
0.0168819
0.0168007
0.0172527
0.0178156
0.0181763
0.0184825
0.0187927
0.0191083
0.0195588
0.0201074
0.020512
0.0207982
0.0212238
0.0217775
0.0222894
0.0227082
0.0231516
0.023703
0.0242696
0.0247821
0.0253007
0.025854
0.0264151
0.0269871
0.0275821
0.0281803
0.0287582
0.0293677
0.0300318
0.0306766
0.0312816
0.0319319
0.032635
0.0333592
0.0340283
0.034671
0.0354147
0.0361978
0.0369128
0.0376191
0.0384167
0.0392267
0.0400088
0.0408086
0.041662
0.0425117
0.0433602
0.0442388
0.0451124
0.0460007
0.0469108
0.0478642
0.0488429
0.0498495
0.0508558
0.0518935
0.0529202
0.0539677
0.055039
0.056123
0.0572179
0.058341
0.0594917
0.0606639
0.0618741
0.063093
0.0643503
0.0656253
0.0669522
0.0682789
0.0696344
0.0710048
0.0724137
0.0738421
0.0752871
0.0767983
0.0783213
0.0798581
0.0814384
0.0830125
0.0846376
0.086259
0.0879287
0.0896139
0.0912776
0.092853
0.0941089
0.0137962
0.0146827
0.0151147
0.0149868
0.0148282
0.0151676
0.0158931
0.0164113
0.0163531
0.0159694
0.0158659
0.0164015
0.0170672
0.0171222
0.0169135
0.0172264
0.0178629
0.0183079
0.0185803
0.0188353
0.0191542
0.0196273
0.02016
0.0205584
0.0208691
0.0212815
0.0218024
0.0223315
0.0227716
0.0231848
0.0237165
0.0243037
0.0248203
0.0253237
0.0258748
0.0264383
0.0270059
0.0275979
0.0281987
0.0287762
0.0293798
0.0300431
0.0306908
0.0312932
0.0319396
0.0326418
0.0333678
0.0340378
0.0346756
0.0354165
0.0362059
0.0369228
0.0376233
0.0384214
0.0392345
0.0400141
0.0408117
0.041665
0.0425149
0.043362
0.0442397
0.0451161
0.0460069
0.0469198
0.0478736
0.0488477
0.0498502
0.0508571
0.0518952
0.0529199
0.0539683
0.0550406
0.0561255
0.0572217
0.0583454
0.0594973
0.0606694
0.0618786
0.063098
0.0643559
0.0656299
0.0669557
0.0682816
0.0696367
0.0710072
0.0724176
0.0738467
0.0752902
0.0768008
0.0783239
0.0798591
0.0814397
0.0830149
0.0846417
0.0862644
0.0879346
0.0896238
0.0912891
0.0928667
0.0941239
0.0136561
0.0145728
0.0151646
0.0151789
0.0149743
0.0151714
0.0158532
0.0164889
0.0165652
0.0161959
0.0159753
0.016363
0.0170843
0.0173432
0.0171026
0.0172195
0.0178543
0.0184168
0.0187117
0.0189058
0.019181
0.0196792
0.0202344
0.0206107
0.0209226
0.0213452
0.0218391
0.0223643
0.0228336
0.0232303
0.0237286
0.0243309
0.0248639
0.0253518
0.0258931
0.026462
0.0270283
0.0276142
0.0282167
0.0287963
0.0293937
0.030054
0.0307051
0.0313055
0.0319473
0.0326483
0.0333767
0.0340485
0.0346813
0.0354183
0.0362135
0.0369329
0.0376273
0.0384256
0.0392423
0.04002
0.0408153
0.0416684
0.0425184
0.0433641
0.0442414
0.0451202
0.046013
0.0469281
0.0478828
0.0488529
0.0498512
0.0508588
0.0518974
0.0529198
0.053969
0.0550425
0.0561281
0.0572256
0.05835
0.059503
0.060675
0.0618833
0.0631031
0.0643616
0.0656345
0.0669595
0.0682845
0.0696391
0.0710097
0.0724215
0.0738513
0.0752934
0.0768035
0.0783265
0.0798603
0.0814413
0.0830175
0.0846459
0.0862702
0.0879409
0.0896341
0.0913011
0.0928806
0.0941393
0.013551
0.0144683
0.0151586
0.0153366
0.0151589
0.0152251
0.0158042
0.0165088
0.0167456
0.0164398
0.0161343
0.016356
0.0170468
0.017504
0.0173412
0.0172725
0.0178137
0.0184751
0.018853
0.0190213
0.0192127
0.0196965
0.020311
0.0206876
0.0209667
0.0214006
0.0218899
0.0223964
0.022888
0.0232855
0.0237463
0.0243507
0.0249084
0.0253871
0.025911
0.0264842
0.0270539
0.0276313
0.0282325
0.0288172
0.0294097
0.0300642
0.0307187
0.0313199
0.0319569
0.0326551
0.0333854
0.0340598
0.0346877
0.0354197
0.036221
0.0369439
0.0376323
0.0384303
0.0392506
0.0400261
0.0408188
0.0416719
0.0425223
0.0433668
0.0442437
0.0451248
0.0460191
0.0469359
0.0478917
0.0488582
0.0498523
0.0508604
0.0518998
0.05292
0.0539699
0.0550447
0.0561309
0.0572295
0.0583546
0.0595087
0.0606805
0.0618881
0.0631086
0.0643673
0.0656391
0.0669633
0.0682876
0.0696417
0.0710125
0.0724255
0.0738558
0.0752969
0.0768062
0.0783293
0.0798616
0.0814431
0.0830205
0.0846501
0.0862764
0.0879475
0.0896445
0.0913135
0.0928947
0.094155
0.0134591
0.0143858
0.0151314
0.015443
0.0153489
0.0153303
0.0157746
0.0164831
0.0168768
0.0166842
0.0163344
0.016398
0.0169871
0.0175849
0.0175889
0.0174055
0.0177776
0.0184762
0.0189714
0.0191719
0.0192793
0.019689
0.0203633
0.020791
0.0210206
0.0214391
0.0219458
0.0224358
0.0229357
0.0233456
0.0237719
0.0243644
0.0249498
0.0254299
0.0259307
0.0265019
0.0270813
0.0276523
0.0282471
0.0288376
0.0294293
0.0300764
0.0307319
0.0313348
0.0319672
0.0326612
0.0333934
0.0340722
0.0346961
0.0354217
0.0362286
0.0369557
0.0376373
0.0384341
0.0392587
0.0400327
0.0408225
0.0416756
0.0425266
0.04337
0.0442463
0.0451296
0.0460253
0.0469431
0.0479002
0.0488639
0.0498536
0.0508621
0.0519028
0.0529205
0.0539709
0.0550471
0.0561339
0.0572335
0.0583593
0.0595145
0.0606862
0.0618929
0.0631142
0.0643731
0.0656437
0.0669674
0.0682909
0.0696446
0.0710154
0.0724296
0.0738602
0.0753004
0.0768091
0.0783322
0.0798632
0.081445
0.0830237
0.0846544
0.0862829
0.0879546
0.0896551
0.0913263
0.092909
0.0941709
0.0133706
0.0143068
0.0151098
0.0155157
0.0155175
0.0154699
0.0157889
0.016438
0.0169491
0.0169067
0.0165613
0.016494
0.0169393
0.0175932
0.0177991
0.0176031
0.0177866
0.0184406
0.0190404
0.0193317
0.0193988
0.0196848
0.0203701
0.0208989
0.0211048
0.0214681
0.0219944
0.0224844
0.0229795
0.0234059
0.0238071
0.0243755
0.0249851
0.0254778
0.0259558
0.0265175
0.0271092
0.0276783
0.0282619
0.0288556
0.0294507
0.0300902
0.030743
0.0313492
0.0319797
0.0326691
0.0334017
0.0340855
0.0347059
0.0354232
0.036235
0.0369677
0.0376429
0.0384378
0.0392672
0.0400403
0.0408263
0.0416793
0.0425313
0.0433737
0.0442494
0.0451349
0.0460316
0.0469499
0.0479084
0.0488698
0.0498553
0.050864
0.051906
0.0529215
0.0539719
0.0550497
0.0561372
0.0572376
0.058364
0.0595204
0.060692
0.061898
0.0631199
0.064379
0.0656484
0.0669717
0.0682943
0.0696475
0.0710185
0.0724337
0.0738646
0.0753042
0.0768121
0.0783351
0.0798651
0.0814472
0.0830273
0.0846587
0.0862897
0.0879622
0.0896658
0.0913396
0.0929235
0.0941871
0.0133108
0.0142216
0.0150891
0.0155769
0.0156634
0.0156201
0.0158455
0.0163998
0.0169669
0.0170858
0.0167976
0.0166393
0.0169309
0.0175558
0.0179413
0.0178321
0.0178643
0.0184006
0.0190542
0.0194672
0.0195606
0.0197182
0.0203406
0.0209802
0.021222
0.0215068
0.0220266
0.0225366
0.0230249
0.0234647
0.0238513
0.0243867
0.0250139
0.0255308
0.0259884
0.0265299
0.0271333
0.0277083
0.0282786
0.0288696
0.029472
0.0301086
0.0307559
0.0313635
0.0319936
0.0326776
0.0334088
0.034098
0.0347166
0.0354253
0.0362417
0.0369811
0.0376497
0.0384411
0.0392754
0.0400485
0.0408303
0.0416829
0.0425364
0.043378
0.044253
0.0451403
0.0460379
0.0469563
0.0479164
0.048876
0.0498572
0.050866
0.0519096
0.0529228
0.0539732
0.0550524
0.0561408
0.0572419
0.0583687
0.0595264
0.0606979
0.0619032
0.0631258
0.0643849
0.0656531
0.0669761
0.0682979
0.0696507
0.0710219
0.072438
0.0738689
0.0753081
0.0768154
0.078338
0.0798673
0.0814495
0.0830313
0.0846632
0.0862968
0.0879703
0.0896766
0.0913534
0.0929384
0.0942034
0.0132995
0.0141345
0.0150468
0.0156242
0.0157963
0.0157695
0.0159295
0.0163903
0.0169525
0.0172115
0.0170243
0.0168213
0.0169752
0.0175051
0.0180094
0.0180502
0.0180046
0.0183926
0.0190315
0.0195532
0.019737
0.0198103
0.0203046
0.0210099
0.0213499
0.0215766
0.0220494
0.0225835
0.0230737
0.0235207
0.0239043
0.0244026
0.0250329
0.0255829
0.0260293
0.0265418
0.0271527
0.0277421
0.028301
0.0288824
0.0294922
0.0301307
0.0307702
0.031375
0.0320064
0.0326876
0.0334167
0.0341116
0.0347296
0.0354281
0.0362477
0.0369948
0.0376568
0.0384437
0.0392834
0.0400577
0.0408348
0.0416866
0.0425417
0.0433827
0.044257
0.0451461
0.0460442
0.0469625
0.0479242
0.0488824
0.0498595
0.0508681
0.0519134
0.0529247
0.0539746
0.0550552
0.0561447
0.0572462
0.0583735
0.0595323
0.0607039
0.0619085
0.0631317
0.0643909
0.0656581
0.0669809
0.0683017
0.0696541
0.0710254
0.0724423
0.0738731
0.0753121
0.0768189
0.078341
0.0798698
0.0814521
0.0830355
0.0846679
0.0863041
0.087979
0.0896875
0.0913673
0.0929536
0.0942199
0.013327
0.0140705
0.0149891
0.0156517
0.0159214
0.0159259
0.0160317
0.0164107
0.0169276
0.0172831
0.0172206
0.0170202
0.0170715
0.017474
0.0180186
0.0182242
0.0181835
0.0184375
0.0190011
0.0195837
0.0198938
0.0199541
0.0202988
0.0209941
0.0214569
0.0216814
0.022079
0.0226174
0.0231251
0.0235757
0.0239613
0.0244254
0.0250424
0.0256312
0.0260831
0.0265579
0.027165
0.0277777
0.0283308
0.0288934
0.0295062
0.0301534
0.0307886
0.0313874
0.0320193
0.0326998
0.033426
0.0341248
0.0347428
0.0354303
0.0362527
0.0370096
0.0376656
0.0384462
0.0392911
0.0400675
0.0408397
0.0416902
0.0425473
0.043388
0.0442614
0.045152
0.0460506
0.0469683
0.0479319
0.048889
0.049862
0.0508703
0.0519174
0.052927
0.0539761
0.0550581
0.0561489
0.0572508
0.0583783
0.0595381
0.06071
0.0619142
0.0631377
0.064397
0.065663
0.0669857
0.0683055
0.0696578
0.0710294
0.0724467
0.0738772
0.0753162
0.0768227
0.0783438
0.0798726
0.081455
0.08304
0.0846729
0.0863116
0.0879883
0.0896986
0.0913814
0.0929691
0.0942366
0.013375
0.0140478
0.0149384
0.0156566
0.0160247
0.0160866
0.0161468
0.0164508
0.0169089
0.0173133
0.0173779
0.0172172
0.0172069
0.0174868
0.0179961
0.0183381
0.0183695
0.0185328
0.0189937
0.0195771
0.0200059
0.020123
0.0203459
0.0209606
0.0215168
0.0218006
0.0221347
0.0226428
0.0231723
0.0236301
0.0240188
0.0244609
0.0250499
0.0256682
0.0261461
0.0265833
0.0271673
0.0278074
0.0283689
0.0289073
0.0295157
0.0301774
0.0308132
0.0314016
0.0320293
0.0327108
0.0334355
0.0341384
0.0347576
0.0354335
0.0362573
0.0370254
0.0376758
0.038448
0.0392981
0.0400782
0.0408451
0.041694
0.0425533
0.0433937
0.0442661
0.0451583
0.0460572
0.0469738
0.0479394
0.0488959
0.0498648
0.0508726
0.0519216
0.0529299
0.0539781
0.0550611
0.0561533
0.0572555
0.0583833
0.0595442
0.0607162
0.06192
0.0631436
0.0644031
0.0656681
0.0669908
0.0683093
0.0696617
0.0710335
0.0724511
0.0738815
0.0753205
0.0768269
0.0783466
0.0798758
0.0814582
0.0830446
0.0846782
0.0863192
0.0879981
0.0897098
0.0913956
0.092985
0.0942534
0.0134177
0.0140449
0.0148993
0.015648
0.0160972
0.0162413
0.0162812
0.0165116
0.0169087
0.0173189
0.0174934
0.0173964
0.0173597
0.0175478
0.0179732
0.0183953
0.0185336
0.0186611
0.0190266
0.0195597
0.0200656
0.0202856
0.0204445
0.0209431
0.0215333
0.0219061
0.0222191
0.0226707
0.0232103
0.0236884
0.0240765
0.0245041
0.0250602
0.0256893
0.0262105
0.0266252
0.0271643
0.0278266
0.0284171
0.0289319
0.029519
0.0301952
0.0308411
0.0314187
0.0320382
0.0327213
0.0334467
0.034154
0.0347741
0.0354364
0.0362599
0.0370414
0.037688
0.0384498
0.0393044
0.0400896
0.0408511
0.0416977
0.0425597
0.0434
0.0442711
0.0451647
0.046064
0.0469791
0.0479467
0.0489031
0.049868
0.0508749
0.051926
0.0529333
0.0539803
0.055064
0.056158
0.0572605
0.0583881
0.05955
0.0607222
0.0619261
0.0631497
0.0644094
0.0656735
0.0669961
0.0683132
0.0696658
0.071038
0.0724553
0.0738857
0.0753248
0.0768314
0.0783495
0.0798792
0.081462
0.0830494
0.0846838
0.086327
0.0880083
0.0897212
0.0914099
0.0930012
0.0942704
0.0134635
0.0140483
0.0148716
0.0156417
0.0161489
0.0163763
0.0164307
0.0165928
0.0169263
0.0173104
0.0175667
0.0175519
0.0175127
0.0176466
0.0179782
0.018415
0.0186589
0.0187994
0.0190959
0.0195574
0.0200863
0.0204167
0.0205752
0.0209644
0.0215289
0.0219749
0.022317
0.0227188
0.0232407
0.0237443
0.0241332
0.024549
0.0250798
0.0256991
0.0262664
0.0266882
0.0271696
0.0278282
0.0284645
0.0289703
0.0295191
0.030203
0.0308729
0.0314434
0.0320476
0.0327297
0.0334568
0.0341707
0.0347928
0.0354396
0.0362609
0.0370577
0.0377027
0.0384519
0.0393094
0.0401014
0.0408578
0.0417013
0.0425663
0.0434071
0.0442764
0.0451711
0.0460711
0.0469843
0.0479538
0.0489104
0.0498716
0.0508774
0.0519304
0.0529373
0.053983
0.055067
0.0561629
0.0572657
0.058393
0.0595561
0.0607285
0.0619325
0.0631557
0.0644155
0.0656788
0.0670015
0.0683172
0.0696703
0.0710431
0.0724596
0.0738901
0.0753292
0.076836
0.0783523
0.0798828
0.0814662
0.0830543
0.0846898
0.086335
0.088019
0.0897328
0.0914242
0.0930176
0.0942876
0.0135365
0.0140668
0.0148512
0.0156326
0.0161849
0.0164797
0.0165794
0.016695
0.0169646
0.0173041
0.0176038
0.0176818
0.0176574
0.0177627
0.0180199
0.0184218
0.0187429
0.018927
0.0191892
0.0195843
0.0200889
0.0205056
0.0207129
0.021025
0.0215307
0.0220118
0.0224066
0.0227875
0.0232688
0.0237928
0.0241953
0.0245948
0.0251077
0.0257077
0.0263056
0.0267617
0.0271918
0.0278122
0.0284986
0.029028
0.0295293
0.0301985
0.0309021
0.0314764
0.0320583
0.0327349
0.0334651
0.0341882
0.0348152
0.0354442
0.0362594
0.0370733
0.0377198
0.0384549
0.0393135
0.0401136
0.0408656
0.0417049
0.0425729
0.0434147
0.044282
0.0451774
0.0460784
0.0469894
0.0479608
0.0489182
0.0498757
0.0508797
0.0519347
0.0529419
0.053986
0.05507
0.0561679
0.0572712
0.0583981
0.0595623
0.0607347
0.0619391
0.0631617
0.0644218
0.0656846
0.0670071
0.0683212
0.0696746
0.0710484
0.0724636
0.0738946
0.0753339
0.076841
0.0783555
0.0798865
0.0814709
0.0830592
0.0846961
0.0863432
0.0880299
0.0897449
0.0914385
0.0930341
0.0943049
0.0136369
0.0141073
0.0148368
0.0156137
0.01621
0.0165601
0.016717
0.0168147
0.0170246
0.0173135
0.0176149
0.0177782
0.0177901
0.0178796
0.0180919
0.0184382
0.0187973
0.0190335
0.0192892
0.0196385
0.0200943
0.0205582
0.0208365
0.0211138
0.0215553
0.0220307
0.022469
0.0228664
0.0233087
0.0238336
0.0242618
0.0246451
0.0251382
0.0257199
0.0263266
0.0268301
0.0272413
0.0277965
0.0285081
0.0290943
0.0295596
0.0301827
0.0309188
0.0315185
0.0320764
0.0327382
0.0334711
0.0342055
0.0348411
0.0354512
0.0362547
0.0370872
0.0377396
0.038459
0.0393165
0.0401258
0.0408741
0.0417086
0.0425796
0.0434233
0.0442882
0.0451835
0.0460859
0.0469945
0.0479675
0.0489263
0.0498802
0.0508822
0.0519391
0.0529471
0.0539893
0.0550732
0.0561733
0.0572769
0.0584029
0.0595684
0.0607409
0.0619458
0.0631678
0.0644281
0.0656906
0.0670127
0.0683254
0.0696793
0.0710543
0.0724674
0.073899
0.0753387
0.0768458
0.0783587
0.0798905
0.0814762
0.0830644
0.0847028
0.0863518
0.0880411
0.089757
0.0914529
0.0930508
0.0943222
0.0137435
0.0141768
0.014847
0.0155973
0.0162271
0.0166244
0.0168306
0.0169363
0.0171009
0.0173437
0.0176166
0.0178374
0.0179079
0.0179907
0.0181801
0.0184747
0.0188356
0.0191179
0.0193824
0.0197109
0.0201167
0.0205888
0.020935
0.0212125
0.0216031
0.0220519
0.0225096
0.0229397
0.023361
0.0238684
0.0243254
0.0247025
0.0251669
0.025736
0.0263419
0.0268861
0.0273124
0.0277969
0.0284887
0.0291493
0.0296183
0.0301709
0.0309151
0.031563
0.0321065
0.0327396
0.0334719
0.0342215
0.0348707
0.0354628
0.036248
0.0370987
0.037762
0.0384646
0.0393187
0.040138
0.0408834
0.0417122
0.0425858
0.0434324
0.0442948
0.0451895
0.0460936
0.0469993
0.0479737
0.048935
0.0498854
0.0508841
0.0519432
0.0529531
0.0539932
0.0550763
0.0561785
0.0572828
0.058408
0.0595749
0.0607475
0.0619527
0.0631738
0.0644342
0.0656969
0.0670183
0.0683298
0.0696841
0.0710606
0.0724712
0.0739037
0.0753439
0.0768507
0.0783622
0.0798944
0.0814818
0.0830696
0.0847095
0.0863608
0.0880524
0.0897713
0.0914673
0.0930674
0.0943398
0.0138385
0.0142651
0.014887
0.0155925
0.016233
0.0166718
0.0169201
0.0170499
0.0171878
0.0173932
0.0176278
0.0178659
0.0180005
0.0180941
0.0182705
0.018529
0.0188705
0.0191867
0.0194635
0.0197874
0.0201588
0.0206103
0.021007
0.0213093
0.0216715
0.022088
0.0225374
0.0229958
0.0234198
0.023903
0.0243786
0.0247674
0.0252026
0.0257545
0.0263564
0.0269236
0.0273863
0.0278274
0.0284592
0.0291755
0.0296965
0.0301813
0.0308913
0.0315965
0.0321524
0.032746
0.0334653
0.0342344
0.0349029
0.0354788
0.0362395
0.0371063
0.0377864
0.0384721
0.0393197
0.0401505
0.0408943
0.0417159
0.0425917
0.0434424
0.044302
0.0451955
0.0461016
0.0470041
0.0479795
0.0489444
0.0498913
0.0508859
0.0519471
0.0529599
0.0539972
0.0550794
0.056184
0.0572891
0.0584128
0.059581
0.0607538
0.0619594
0.06318
0.0644404
0.0657035
0.0670237
0.0683342
0.069689
0.071067
0.0724749
0.0739082
0.0753496
0.0768556
0.0783662
0.0798988
0.0814879
0.0830751
0.0847164
0.0863701
0.0880637
0.0897827
0.0914817
0.093084
0.0943571
0.0139157
0.0143534
0.0149466
0.0156058
0.0162345
0.0167063
0.0169931
0.0171504
0.0172765
0.0174526
0.0176547
0.0178799
0.0180628
0.0181855
0.0183554
0.0185949
0.0189087
0.0192416
0.0195334
0.0198579
0.0202149
0.0206361
0.0210609
0.0213955
0.0217453
0.0221388
0.0225667
0.0230374
0.0234759
0.0239417
0.0244255
0.0248365
0.0252478
0.0257698
0.0263675
0.0269492
0.0274515
0.0278848
0.0284413
0.0291659
0.0297704
0.0302272
0.0308636
0.0316052
0.0322078
0.032767
0.0334526
0.034241
0.0349386
0.0355008
0.0362307
0.0371098
0.0378121
0.0384819
0.0393191
0.0401621
0.0409068
0.0417195
0.0425963
0.0434529
0.0443098
0.0452015
0.0461103
0.0470086
0.0479842
0.0489544
0.0498984
0.0508871
0.0519506
0.0529676
0.0540019
0.0550827
0.0561897
0.0572956
0.0584181
0.0595875
0.0607608
0.0619664
0.0631863
0.0644466
0.0657104
0.0670292
0.068339
0.0696943
0.0710736
0.0724786
0.0739126
0.0753556
0.07686
0.0783701
0.0799033
0.0814941
0.0830809
0.0847236
0.0863798
0.0880752
0.089797
0.0914962
0.0931005
0.0943746
0.0139803
0.0144336
0.0150159
0.0156386
0.0162417
0.0167308
0.0170497
0.0172343
0.0173582
0.0175127
0.0176952
0.0178974
0.0181003
0.0182587
0.0184324
0.0186626
0.0189513
0.0192861
0.0195966
0.019922
0.0202769
0.0206713
0.0210995
0.0214656
0.0218178
0.0222017
0.0226049
0.0230681
0.0235246
0.0239851
0.0244666
0.0248982
0.0253022
0.0257916
0.0263792
0.0269698
0.027501
0.0279514
0.0284498
0.0291377
0.0298155
0.030299
0.0308554
0.0315862
0.0322556
0.0328091
0.0334404
0.0342346
0.034975
0.0355311
0.0362222
0.0371093
0.0378393
0.0384948
0.0393174
0.0401731
0.0409222
0.0417241
0.0425991
0.0434634
0.0443183
0.0452074
0.0461181
0.0470129
0.0479879
0.048965
0.0499066
0.0508877
0.0519535
0.0529763
0.054007
0.0550855
0.0561951
0.0573022
0.0584235
0.0595935
0.0607676
0.0619731
0.0631925
0.0644528
0.0657175
0.0670344
0.0683438
0.0696999
0.0710801
0.0724825
0.0739171
0.0753621
0.0768646
0.0783745
0.0799084
0.0815003
0.0830867
0.0847305
0.0863895
0.0880865
0.0898088
0.0915106
0.0931167
0.0943916
0.0140359
0.0145048
0.0150856
0.0156856
0.0162561
0.016745
0.0170887
0.0173006
0.017432
0.0175694
0.0177386
0.017922
0.0181241
0.0183105
0.0184964
0.0187249
0.0189985
0.0193274
0.0196542
0.0199801
0.020333
0.0207135
0.0211332
0.0215244
0.0218848
0.0222655
0.0226544
0.0230988
0.0235639
0.0240256
0.0245023
0.0249524
0.0253633
0.0258241
0.0263897
0.0269849
0.027538
0.0280159
0.0284855
0.0291137
0.0298244
0.0303713
0.0308836
0.0315581
0.0322769
0.0328672
0.033443
0.0342127
0.0350049
0.0355719
0.036215
0.0371021
0.0378663
0.0385108
0.0393141
0.0401822
0.0409402
0.0417305
0.0426004
0.0434743
0.0443282
0.0452137
0.0461286
0.0470177
0.0479901
0.0489758
0.0499166
0.0508883
0.0519557
0.0529856
0.0540128
0.0550885
0.0562009
0.0573089
0.0584293
0.0595996
0.0607748
0.0619802
0.0631992
0.0644594
0.0657247
0.0670398
0.0683491
0.0697062
0.0710865
0.0724867
0.0739218
0.0753689
0.076869
0.0783789
0.0799141
0.0815068
0.0830933
0.0847382
0.0863999
0.0880983
0.0898222
0.0915253
0.0931329
0.0944087
0.0140851
0.0145684
0.0151509
0.0157376
0.0162791
0.0167538
0.0171127
0.0173488
0.0174952
0.0176189
0.0177751
0.0179485
0.0181429
0.018344
0.0185446
0.0187798
0.0190489
0.0193676
0.0197
0.0200306
0.020384
0.0207605
0.0211675
0.0215691
0.0219438
0.0223264
0.0227108
0.0231336
0.0235934
0.0240628
0.0245385
0.0249998
0.0254227
0.0258646
0.0264038
0.0269965
0.0275655
0.0280712
0.0285366
0.0291103
0.029813
0.030421
0.0309394
0.0315458
0.0322666
0.0329216
0.0334724
0.0341833
0.0350191
0.035625
0.0362153
0.0370875
0.0378919
0.0385306
0.0393092
0.0401877
0.0409595
0.0417386
0.0425986
0.0434826
0.0443381
0.0452197
0.0461384
0.0470229
0.0479907
0.0489863
0.0499283
0.0508885
0.0519567
0.0529952
0.0540194
0.0550914
0.0562061
0.0573161
0.0584356
0.0596051
0.0607816
0.0619868
0.0632053
0.0644656
0.0657311
0.0670445
0.0683542
0.0697124
0.071092
0.0724904
0.0739264
0.0753754
0.0768732
0.0783831
0.0799197
0.0815125
0.0830991
0.0847452
0.0864096
0.0881095
0.0898343
0.0915392
0.0931485
0.094425
0.0141284
0.0146208
0.0152058
0.0157855
0.0163076
0.0167602
0.0171223
0.0173745
0.0175388
0.0176584
0.0178005
0.0179696
0.0181574
0.0183659
0.0185792
0.0188248
0.0190938
0.0194035
0.01974
0.0200788
0.020432
0.0208035
0.0212039
0.0216086
0.0219944
0.0223796
0.0227629
0.0231741
0.0236214
0.0240948
0.0245712
0.0250377
0.0254767
0.0259119
0.0264257
0.0270075
0.0275847
0.0281164
0.0285934
0.0291264
0.0297984
0.0304431
0.0310021
0.0315677
0.0322436
0.0329535
0.0335277
0.0341627
0.0350096
0.0356844
0.0362309
0.0370658
0.0379152
0.0385588
0.0393065
0.0401911
0.0409818
0.0417521
0.0425981
0.0434903
0.0443495
0.0452271
0.0461498
0.0470291
0.0479902
0.0489958
0.0499421
0.0508896
0.0519571
0.053005
0.0540271
0.0550945
0.0562112
0.0573229
0.0584425
0.0596111
0.0607888
0.0619945
0.0632126
0.0644731
0.0657384
0.0670501
0.0683606
0.0697198
0.0710979
0.0724952
0.0739321
0.0753827
0.0768779
0.078388
0.0799268
0.0815194
0.0831063
0.0847537
0.0864201
0.0881213
0.0898471
0.0915539
0.0931642
0.0944414
0.0141656
0.0146579
0.0152447
0.0158185
0.0163287
0.016758
0.017111
0.0173709
0.0175512
0.017678
0.0178081
0.0179739
0.0181592
0.0183736
0.0185966
0.0188494
0.0191269
0.0194355
0.0197743
0.020117
0.0204743
0.0208444
0.0212384
0.0216392
0.0220305
0.0224265
0.0228118
0.0232171
0.0236483
0.0241157
0.0245973
0.0250668
0.0255224
0.0259603
0.0264513
0.0270172
0.027593
0.0281477
0.0286481
0.0291542
0.0297876
0.0304423
0.0310435
0.0316109
0.0322253
0.0329475
0.033588
0.0341637
0.0349729
0.0357331
0.0362652
0.0370346
0.0379236
0.0385912
0.0393025
0.0401856
0.0410013
0.0417673
0.0425962
0.0434936
0.0443582
0.0452336
0.0461616
0.0470364
0.0479878
0.0490031
0.0499574
0.0508917
0.0519558
0.0530138
0.0540355
0.0550982
0.056216
0.0573304
0.0584498
0.0596162
0.060795
0.0620014
0.0632188
0.0644795
0.0657437
0.0670543
0.0683662
0.0697263
0.0711021
0.0724988
0.0739372
0.0753884
0.0768816
0.0783918
0.0799327
0.0815247
0.0831118
0.084761
0.0864295
0.088132
0.0898588
0.0915669
0.0931789
0.0944569
0.0143069
0.0147914
0.015364
0.0159229
0.0164154
0.0168178
0.0171421
0.0173918
0.0175734
0.0177076
0.0178273
0.0179858
0.0181718
0.0183891
0.0186217
0.0188804
0.0191701
0.0194789
0.0198186
0.0201656
0.0205252
0.020893
0.0212775
0.0216782
0.0220696
0.0224746
0.0228632
0.0232643
0.0236877
0.0241419
0.0246265
0.0250984
0.0255659
0.026017
0.0264903
0.0270369
0.0276043
0.0281707
0.0287029
0.0291986
0.0297935
0.0304428
0.0310684
0.0316679
0.0322438
0.0329248
0.0336375
0.0342045
0.0349325
0.0357621
0.0363293
0.0370152
0.0379184
0.0386349
0.0393104
0.0401764
0.0410215
0.0417888
0.0425986
0.0434973
0.0443671
0.0452406
0.0461751
0.047047
0.0479844
0.0490075
0.0499746
0.0508968
0.051954
0.0530216
0.0540449
0.0551023
0.0562205
0.0573384
0.0584579
0.0596217
0.0608014
0.0620095
0.0632263
0.0644872
0.0657504
0.06706
0.0683739
0.0697341
0.071107
0.0725039
0.0739443
0.0753954
0.0768866
0.0783975
0.0799405
0.0815317
0.0831188
0.0847699
0.0864396
0.0881433
0.089871
0.0915809
0.0931938
0.0944719
0.0142266
0.0146848
0.0152457
0.0157991
0.0162938
0.0166965
0.0170085
0.0172553
0.0174475
0.0176063
0.0177428
0.0179084
0.0181105
0.0183446
0.0186007
0.0188715
0.0191741
0.0194927
0.0198367
0.0201899
0.0205498
0.0209216
0.0212994
0.0216986
0.022087
0.0224948
0.0228956
0.0232954
0.0237168
0.0241576
0.024638
0.0251154
0.0255891
0.0260598
0.0265267
0.0270517
0.0276105
0.0281759
0.0287374
0.0292431
0.029802
0.0304401
0.0310706
0.0316981
0.0322812
0.0328991
0.0336457
0.0342598
0.0349021
0.0357491
0.0363951
0.0370131
0.0378872
0.03867
0.0393292
0.0401588
0.0410335
0.0418122
0.0426015
0.043499
0.0443733
0.0452439
0.0461875
0.0470606
0.0479801
0.0490064
0.0499919
0.050905
0.0519509
0.053027
0.0540551
0.0551086
0.0562245
0.0573458
0.0584668
0.0596273
0.0608075
0.0620173
0.0632333
0.0644938
0.065755
0.0670645
0.068381
0.0697407
0.0711102
0.0725079
0.0739503
0.0754004
0.0768899
0.0784015
0.0799466
0.0815369
0.0831242
0.0847777
0.0864489
0.0881534
0.0898821
0.0915935
0.0932075
0.0944865
0.0145753
0.0150144
0.0155101
0.0159912
0.0164198
0.0167688
0.0170298
0.0172288
0.0173939
0.0175527
0.0177041
0.0178737
0.0180834
0.0183298
0.0186042
0.0188883
0.0191969
0.0195247
0.0198698
0.0202267
0.0205842
0.0209565
0.0213297
0.0217238
0.0221143
0.0225182
0.0229316
0.0233342
0.0237526
0.0241875
0.0246568
0.0251394
0.0256139
0.0260993
0.0265731
0.0270755
0.0276266
0.028185
0.0287602
0.0292918
0.0298262
0.0304486
0.0310791
0.0317115
0.0323276
0.0329085
0.0336324
0.0343119
0.0349121
0.0357178
0.0364487
0.0370468
0.0378519
0.0386893
0.0393662
0.0401454
0.0410352
0.0418383
0.0426088
0.0435009
0.0443816
0.0452456
0.0461974
0.0470804
0.0479794
0.0489995
0.0500081
0.0509189
0.0519481
0.053029
0.0540644
0.0551158
0.0562256
0.0573504
0.0584745
0.0596316
0.0608128
0.0620247
0.0632405
0.0645007
0.06576
0.0670696
0.0683893
0.0697474
0.0711136
0.0725131
0.073958
0.0754064
0.0768943
0.0784073
0.0799539
0.0815431
0.0831302
0.0847858
0.086458
0.0881632
0.0898932
0.0916054
0.0932206
0.0944996
0.0143031
0.014713
0.015192
0.0156682
0.0161078
0.0164955
0.0167894
0.0170256
0.017234
0.0174395
0.0176398
0.0178427
0.0180713
0.0183328
0.0186208
0.0189176
0.0192259
0.019553
0.0198964
0.0202525
0.0206084
0.0209765
0.0213507
0.0217405
0.0221338
0.0225328
0.0229501
0.0233641
0.0237798
0.024216
0.0246738
0.025158
0.0256353
0.0261256
0.0266156
0.0271018
0.0276441
0.0281969
0.02877
0.0293284
0.0298561
0.0304593
0.0310878
0.0317126
0.0323577
0.0329401
0.0336184
0.0343364
0.0349464
0.0356883
0.0364702
0.0370995
0.0378292
0.0386859
0.0394099
0.0401464
0.0410252
0.0418616
0.0426238
0.0435006
0.0443901
0.0452468
0.0461994
0.0471033
0.0479859
0.0489865
0.0500181
0.0509381
0.0519476
0.0530268
0.0540768
0.0551267
0.0562301
0.0573595
0.0584861
0.0596387
0.0608206
0.0620345
0.0632489
0.0645081
0.0657654
0.0670756
0.0683984
0.0697543
0.0711165
0.0725181
0.0739653
0.0754112
0.0768977
0.0784124
0.0799605
0.0815489
0.0831362
0.0847943
0.0864674
0.0881728
0.0899037
0.0916173
0.0932328
0.0945126
0.0154904
0.0155292
0.0155112
0.0155321
0.0156279
0.0158193
0.0160909
0.0164037
0.0167251
0.017049
0.0173672
0.0176706
0.0179701
0.0182785
0.0185987
0.0189177
0.019233
0.0195558
0.0198974
0.0202533
0.0206134
0.0209793
0.0213522
0.0217399
0.0221327
0.0225321
0.0229463
0.0233747
0.0237948
0.0242344
0.0246862
0.025164
0.0256502
0.0261361
0.0266409
0.0271249
0.0276538
0.0282066
0.0287682
0.0293483
0.029886
0.0304693
0.0310948
0.0317078
0.0323668
0.0329741
0.0336143
0.0343343
0.0349809
0.0356748
0.03646
0.0371461
0.0378268
0.0386602
0.0394411
0.0401619
0.0410047
0.0418738
0.0426458
0.0434978
0.0443983
0.0452523
0.0461929
0.0471255
0.0480026
0.0489694
0.0500208
0.0509617
0.0519499
0.0530204
0.0540831
0.0551347
0.0562294
0.0573607
0.0584921
0.0596403
0.0608237
0.0620408
0.0632543
0.064512
0.0657682
0.0670799
0.0684055
0.0697589
0.0711182
0.0725227
0.0739719
0.0754155
0.0769007
0.0784173
0.0799662
0.0815535
0.0831405
0.0848005
0.0864745
0.0881802
0.0899127
0.0916273
0.0932432
0.0945234
0.0142991
0.0146571
0.0150759
0.0154844
0.0158574
0.0161807
0.0164434
0.0166682
0.0168842
0.0171167
0.0173762
0.0176527
0.0179469
0.0182571
0.0185876
0.0189224
0.019252
0.0195788
0.0199189
0.0202788
0.0206448
0.0210143
0.02138
0.021763
0.0221497
0.0225473
0.0229546
0.0233864
0.0238216
0.0242618
0.0247138
0.0251801
0.0256738
0.0261583
0.0266606
0.0271593
0.0276723
0.0282262
0.0287785
0.0293601
0.0299212
0.0304837
0.0311079
0.0317136
0.0323672
0.0330097
0.0336298
0.0343297
0.0350092
0.0356879
0.0364489
0.0371782
0.0378587
0.0386418
0.0394567
0.0402019
0.04099
0.0418744
0.0426785
0.0434949
0.0444042
0.0452672
0.0461787
0.0471425
0.048033
0.0489526
0.0500138
0.0509892
0.0519597
0.0530138
0.0540937
0.0551528
0.0562376
0.0573707
0.0585059
0.0596498
0.0608333
0.0620531
0.0632653
0.0645204
0.0657748
0.0670886
0.0684162
0.0697662
0.0711221
0.0725291
0.07398
0.0754208
0.0769049
0.0784232
0.0799733
0.0815598
0.0831471
0.0848092
0.0864838
0.0881894
0.0899223
0.0916377
0.0932537
0.0945345
0.0155464
0.015498
0.01538
0.015297
0.0152978
0.0154107
0.0156354
0.0159357
0.01628
0.0166476
0.0170385
0.0174343
0.0178258
0.0182009
0.0185651
0.0189197
0.0192584
0.0195891
0.0199197
0.0202743
0.0206384
0.0210107
0.0213753
0.021752
0.0221385
0.022535
0.0229442
0.0233738
0.0238255
0.0242721
0.0247226
0.0251864
0.0256773
0.0261708
0.0266604
0.0271728
0.027685
0.02823
0.0287891
0.0293563
0.0299401
0.0304966
0.0311099
0.0317245
0.0323569
0.0330264
0.0336483
0.0343207
0.0350211
0.0356998
0.0364404
0.0371795
0.0378826
0.0386347
0.0394402
0.0402348
0.0409881
0.041853
0.0427087
0.0434962
0.0443966
0.0452896
0.0461625
0.0471414
0.0480702
0.0489421
0.0499929
0.0510148
0.0519727
0.0529977
0.0540942
0.0551631
0.056236
0.0573696
0.0585101
0.0596496
0.0608338
0.0620569
0.0632688
0.0645223
0.0657749
0.0670906
0.0684213
0.0697691
0.071122
0.0725314
0.0739846
0.0754235
0.0769062
0.078426
0.0799768
0.0815624
0.0831493
0.0848129
0.0864882
0.0881938
0.089928
0.0916448
0.0932591
0.0945418
0.0149667
0.014908
0.014803
0.0147466
0.0147894
0.014951
0.0152331
0.0156028
0.0160245
0.0164652
0.0169147
0.0173598
0.0177885
0.0181901
0.0185657
0.0189257
0.0192659
0.0195981
0.0199273
0.0202777
0.0206414
0.0210122
0.0213784
0.021751
0.0221367
0.0225326
0.0229431
0.0233729
0.0238268
0.0242804
0.024728
0.0251938
0.0256815
0.0261789
0.0266668
0.0271767
0.027697
0.0282329
0.0287974
0.0293595
0.0299445
0.0305103
0.0311106
0.0317351
0.0323598
0.0330305
0.0336691
0.0343235
0.0350296
0.0357162
0.0364474
0.0371867
0.0378999
0.0386538
0.0394388
0.0402528
0.0410136
0.0418437
0.0427223
0.0435161
0.0443888
0.0453067
0.046173
0.0471309
0.0480949
0.0489632
0.0499758
0.0510201
0.0519948
0.0530001
0.054096
0.0551801
0.0562499
0.0573792
0.0585252
0.0596631
0.0608448
0.0620699
0.0632813
0.0645337
0.0657843
0.0670994
0.0684316
0.069779
0.0711289
0.0725375
0.0739924
0.0754304
0.0769121
0.0784318
0.0799838
0.0815695
0.0831561
0.084821
0.0864965
0.0882027
0.0899366
0.091655
0.0932726
0.0945529
)
;

boundaryField
{
    zeroGradientPlanes
    {
        type            zeroGradient;
    }
    inlet
    {
        type            zeroGradient;
    }
    plate
    {
        type            zeroGradient;
    }
    frontAndBack
    {
        type            empty;
    }
}


// ************************************************************************* //
