/*--------------------------------*- C++ -*----------------------------------*\
| =========                 |                                                 |
| \\      /  F ield         | OpenFOAM: The Open Source CFD Toolbox           |
|  \\    /   O peration     | Version:  v1912                                 |
|   \\  /    A nd           | Website:  www.openfoam.com                      |
|    \\/     M anipulation  |                                                 |
\*---------------------------------------------------------------------------*/
FoamFile
{
    version     2.0;
    format      ascii;
    class       volScalarField;
    location    "4.15";
    object      p;
}
// * * * * * * * * * * * * * * * * * * * * * * * * * * * * * * * * * * * * * //

dimensions      [0 2 -2 0 0 0 0];


internalField   nonuniform List<scalar> 
9600
(
-6.30029e-11
0.0120678
0.0216532
0.0215509
0.0160997
0.0234595
0.02108
0.0218037
0.0222586
0.0235146
0.0221449
0.0207907
0.0227972
0.0233182
0.0227432
0.0238895
0.02401
0.0242975
0.0247654
0.0260454
7.59287e-06
0.0120785
0.0216457
0.0215732
0.016108
0.0233118
0.0210737
0.0218024
0.0222491
0.0235007
0.0221406
0.0208417
0.0228074
0.0233217
0.0227663
0.0238376
0.0240153
0.0242067
0.0247772
0.02583
1.31386e-05
0.0121215
0.0216592
0.0215822
0.016092
0.0231922
0.0210737
0.0217924
0.0222341
0.023484
0.0221508
0.0209101
0.0228097
0.0233165
0.0227842
0.0237648
0.0240116
0.0241065
0.0247862
0.0255783
2.21221e-05
0.0122172
0.0216799
0.0215825
0.0160677
0.0230765
0.0210737
0.0217666
0.0222205
0.0234739
0.0221612
0.0209789
0.0228047
0.0232962
0.0227949
0.023677
0.0239984
0.0240144
0.0247695
0.0253569
4.09463e-05
0.0123572
0.0216979
0.0215771
0.0160415
0.0229635
0.0210722
0.0217223
0.0222065
0.0234603
0.0221649
0.021052
0.0227955
0.0232629
0.0228064
0.0235755
0.0239857
0.0239228
0.0247282
0.0251829
7.37519e-05
0.0125184
0.0217017
0.0215661
0.0160255
0.0228553
0.0210685
0.021659
0.0221854
0.0234388
0.022169
0.0211339
0.0227858
0.0232236
0.0228189
0.0234628
0.0239716
0.0238271
0.0246706
0.0250374
0.000122651
0.0126825
0.0216842
0.0215493
0.0160305
0.0227514
0.0210618
0.0215797
0.0221565
0.0234159
0.0221825
0.0212255
0.0227803
0.0231826
0.0228321
0.0233421
0.0239532
0.0237331
0.0245942
0.0249091
0.00018924
0.0128379
0.0216426
0.0215261
0.0160633
0.0226505
0.0210524
0.0214937
0.0221268
0.0233981
0.0222081
0.0213251
0.0227813
0.0231433
0.022848
0.0232183
0.0239322
0.023644
0.0244942
0.0247948
0.000275515
0.012979
0.0215774
0.021496
0.0161265
0.0225522
0.0210402
0.0214114
0.0221035
0.0233867
0.0222424
0.0214272
0.0227886
0.0231096
0.0228685
0.0230984
0.0239103
0.0235592
0.0243707
0.024692
0.000383937
0.0131057
0.0214907
0.0214589
0.0162185
0.0224604
0.0210344
0.0213396
0.0220908
0.023379
0.0222778
0.0215249
0.0228005
0.0230834
0.0228935
0.0229907
0.0238879
0.0234796
0.0242288
0.0245968
0.000516716
0.0132211
0.0213849
0.0214155
0.0163346
0.0223743
0.0210377
0.0212814
0.0220894
0.0233713
0.022307
0.0216122
0.0228137
0.0230644
0.0229214
0.0229018
0.023865
0.0234079
0.0240766
0.0245062
0.000674382
0.0133294
0.0212635
0.0213671
0.0164685
0.0222935
0.0210498
0.0212365
0.0220985
0.0233609
0.0223254
0.0216859
0.0228254
0.0230513
0.0229506
0.022834
0.0238404
0.0233473
0.0239231
0.0244189
0.000854923
0.0134343
0.0211307
0.0213146
0.0166133
0.0222162
0.0210698
0.0212026
0.0221159
0.0233472
0.0223319
0.0217453
0.0228335
0.0230426
0.0229792
0.0227861
0.0238131
0.0232997
0.0237754
0.0243356
0.00105432
0.0135383
0.0209902
0.0212587
0.016763
0.0221403
0.0210947
0.0211765
0.0221399
0.0233311
0.0223287
0.0217927
0.0228385
0.0230371
0.0230054
0.0227552
0.0237821
0.0232648
0.0236381
0.0242576
0.00126807
0.0136427
0.0208455
0.0211994
0.0169141
0.0220642
0.021122
0.0211554
0.0221687
0.0233141
0.022319
0.0218314
0.0228415
0.0230342
0.0230281
0.0227377
0.0237468
0.0232409
0.0235132
0.0241851
0.00149253
0.0137479
0.0206992
0.021136
0.0170648
0.0219876
0.02115
0.0211377
0.0222006
0.0232971
0.0223056
0.0218642
0.0228434
0.0230335
0.023047
0.0227292
0.0237072
0.0232253
0.0233998
0.0241167
0.00172544
0.0138541
0.0205531
0.021068
0.0172145
0.0219108
0.0211784
0.0211223
0.0222338
0.0232799
0.0222903
0.0218928
0.0228444
0.0230351
0.0230621
0.0227263
0.0236637
0.0232145
0.0232961
0.0240499
0.00196577
0.0139614
0.0204085
0.020995
0.0173631
0.0218343
0.0212067
0.0211086
0.0222671
0.0232624
0.022274
0.0219182
0.0228443
0.023039
0.0230737
0.0227261
0.0236168
0.0232059
0.0232001
0.0239821
0.00221325
0.0140697
0.0202666
0.0209171
0.0175109
0.0217588
0.0212351
0.0210963
0.0222992
0.0232443
0.0222569
0.021941
0.0228429
0.023045
0.0230827
0.0227265
0.0235668
0.0231984
0.0231097
0.0239107
0.00246792
0.014179
0.0201282
0.0208341
0.0176578
0.0216846
0.0212633
0.0210849
0.0223291
0.0232255
0.022239
0.0219617
0.0228402
0.0230528
0.0230902
0.0227258
0.0235135
0.0231915
0.0230237
0.0238336
0.00272991
0.0142894
0.0199943
0.0207465
0.0178036
0.0216121
0.0212913
0.0210742
0.022356
0.0232064
0.0222203
0.0219805
0.0228367
0.0230618
0.0230973
0.0227234
0.0234563
0.0231856
0.0229427
0.0237495
0.00299933
0.0144005
0.0198657
0.0206545
0.0179477
0.0215412
0.0213189
0.0210643
0.0223792
0.0231875
0.022201
0.021998
0.0228329
0.0230709
0.0231046
0.0227193
0.0233945
0.0231813
0.0228682
0.0236569
0.00327628
0.0145121
0.0197434
0.0205584
0.0180895
0.021472
0.0213459
0.0210554
0.0223984
0.0231696
0.0221809
0.0220142
0.0228298
0.0230789
0.0231121
0.0227141
0.0233276
0.0231787
0.0228035
0.0235544
0.00356086
0.0146235
0.0196282
0.0204586
0.0182281
0.0214046
0.0213719
0.0210477
0.0224135
0.0231533
0.0221599
0.0220292
0.0228283
0.0230846
0.0231193
0.0227091
0.0232553
0.0231764
0.0227525
0.0234427
0.00385317
0.0147342
0.0195207
0.0203555
0.0183624
0.0213394
0.0213969
0.0210416
0.0224244
0.0231395
0.0221382
0.0220422
0.0228294
0.0230876
0.0231252
0.0227058
0.0231778
0.0231714
0.0227189
0.0233252
0.00415336
0.0148434
0.0194218
0.0202495
0.0184916
0.0212766
0.0214204
0.0210373
0.0224308
0.0231286
0.0221158
0.0220524
0.0228341
0.023088
0.0231284
0.0227054
0.0230964
0.023161
0.0227052
0.0232076
0.00446162
0.0149503
0.019332
0.0201412
0.0186148
0.0212167
0.0214421
0.021035
0.0224325
0.0231211
0.0220935
0.0220586
0.022843
0.0230868
0.0231271
0.0227082
0.0230133
0.0231421
0.0227111
0.0230976
0.00477817
0.0150543
0.0192518
0.0200313
0.0187309
0.0211606
0.021462
0.0210348
0.0224294
0.0231172
0.0220719
0.0220594
0.0228558
0.0230856
0.0231198
0.022714
0.0229317
0.0231117
0.0227328
0.0230047
0.00510323
0.0151546
0.0191819
0.0199208
0.0188388
0.0211087
0.0214796
0.0210365
0.0224214
0.0231168
0.0220518
0.0220538
0.0228719
0.023086
0.0231063
0.0227223
0.0228553
0.0230683
0.0227634
0.0229367
0.00543708
0.0152504
0.0191227
0.0198106
0.0189374
0.0210615
0.021495
0.0210399
0.0224083
0.0231201
0.0220344
0.0220409
0.0228905
0.0230892
0.0230859
0.0227317
0.0227878
0.0230139
0.0227939
0.0228948
0.00577997
0.0153409
0.0190744
0.0197023
0.0190257
0.0210196
0.0215083
0.0210448
0.0223898
0.023127
0.0220205
0.0220198
0.0229109
0.0230972
0.0230585
0.0227402
0.0227322
0.0229526
0.0228166
0.0228732
0.00613215
0.0154254
0.0190373
0.0195974
0.0191026
0.020983
0.0215198
0.0210512
0.0223654
0.0231372
0.0220118
0.0219896
0.0229311
0.0231119
0.0230253
0.0227454
0.0226903
0.0228889
0.0228284
0.022864
0.0064938
0.015503
0.0190113
0.0194977
0.0191672
0.0209516
0.0215303
0.0210593
0.0223343
0.0231498
0.0220101
0.0219504
0.0229484
0.0231344
0.0229873
0.0227449
0.0226638
0.0228275
0.0228289
0.0228597
0.00686509
0.0155731
0.0189959
0.0194053
0.019219
0.0209248
0.0215406
0.0210696
0.0222957
0.0231635
0.0220175
0.0219022
0.0229601
0.0231671
0.0229461
0.0227348
0.022654
0.0227739
0.0228179
0.0228566
0.00724613
0.015635
0.0189904
0.0193226
0.0192578
0.0209014
0.0215519
0.0210826
0.0222493
0.0231765
0.0220361
0.0218448
0.0229621
0.0232128
0.0229052
0.0227106
0.0226591
0.0227351
0.022796
0.022851
0.00763694
0.0156884
0.0189937
0.019252
0.0192839
0.0208794
0.0215655
0.0210993
0.0221954
0.023186
0.0220685
0.0217809
0.0229491
0.0232716
0.022871
0.0226682
0.0226732
0.0227205
0.0227676
0.0228366
0.0080375
0.015733
0.0190041
0.0191961
0.0192982
0.0208569
0.0215819
0.0211211
0.0221349
0.0231891
0.0221149
0.0217145
0.0229169
0.023341
0.0228506
0.0226045
0.0226862
0.022739
0.0227457
0.0228081
0.00844764
0.0157689
0.01902
0.0191574
0.019302
0.0208311
0.0216022
0.02115
0.0220688
0.023183
0.0221748
0.02165
0.0228618
0.0234158
0.022853
0.0225215
0.022684
0.0227903
0.0227475
0.0227694
0.00886716
0.0157951
0.0190391
0.0191382
0.0192974
0.0208002
0.0216378
0.0211876
0.0219989
0.0231644
0.022246
0.021594
0.022782
0.0234876
0.0228853
0.0224293
0.0226533
0.0228626
0.0227895
0.0227355
0.00929578
0.0158183
0.0190587
0.0191398
0.0192869
0.0207622
0.0216634
0.0212334
0.0219278
0.0231315
0.0223248
0.0215525
0.02268
0.0235472
0.0229495
0.0223387
0.0225862
0.0229415
0.0228811
0.0227261
0.0097333
0.0158366
0.0190761
0.0191629
0.019274
0.0207159
0.0216867
0.0212883
0.0218575
0.0230829
0.0224084
0.0215303
0.02256
0.0235838
0.0230445
0.0222643
0.0224778
0.0230067
0.0230209
0.0227653
0.0101793
0.0158523
0.0190886
0.0192061
0.0192625
0.020661
0.0217079
0.0213531
0.0217917
0.0230183
0.0224918
0.0215309
0.0224302
0.0235884
0.0231574
0.0222248
0.0223364
0.0230282
0.0231945
0.022875
0.0106328
0.0158686
0.019093
0.0192675
0.0192567
0.0205976
0.0217261
0.0214265
0.0217327
0.0229387
0.0225714
0.0215538
0.0222977
0.0235622
0.0232762
0.0222285
0.0221797
0.0229779
0.0233668
0.0230618
0.011093
0.0158889
0.019086
0.019344
0.0192617
0.0205269
0.0217388
0.0215081
0.021682
0.0228438
0.0226443
0.0216019
0.0221675
0.0235016
0.0233963
0.0222824
0.0220343
0.0228749
0.0234998
0.0232934
0.0115584
0.0159165
0.0190656
0.0194323
0.0192816
0.0204504
0.0217434
0.0215972
0.0216426
0.0227356
0.0227045
0.021676
0.0220511
0.023405
0.023507
0.0223927
0.0219379
0.0227364
0.0235618
0.0234959
0.0120274
0.0159546
0.0190307
0.0195289
0.0193208
0.0203699
0.0217368
0.021694
0.0216163
0.0226165
0.0227499
0.0217716
0.0219564
0.0232809
0.0235985
0.0225468
0.021892
0.0225795
0.023546
0.0236516
0.0124978
0.0160058
0.0189821
0.0196295
0.0193821
0.0202876
0.0217157
0.0217994
0.0216069
0.0224871
0.022776
0.0218882
0.0218878
0.0231354
0.0236556
0.0227166
0.0218793
0.022385
0.0234464
0.02379
0.0129675
0.0160725
0.0189221
0.0197296
0.0194668
0.0202071
0.0216769
0.0219105
0.0216189
0.0223519
0.0227784
0.0220194
0.0218527
0.0229794
0.0236572
0.0228922
0.0219499
0.0222354
0.0232805
0.0238118
0.0134339
0.0161567
0.0188549
0.0198251
0.0195741
0.0201324
0.0216181
0.0220249
0.0216598
0.0222172
0.0227482
0.0221575
0.0218607
0.0228196
0.0235999
0.0230523
0.0220826
0.0221255
0.0230741
0.0237467
0.0138942
0.0162602
0.0187855
0.0199111
0.0197011
0.0200694
0.0215383
0.0221365
0.021736
0.0220894
0.0226819
0.0222922
0.0219124
0.0226711
0.0234939
0.0231633
0.0222482
0.0220838
0.0228661
0.0236208
0.0143456
0.0163845
0.0187198
0.0199838
0.0198435
0.0200236
0.0214385
0.0222358
0.0218471
0.0219793
0.0225807
0.0224046
0.0220048
0.0225517
0.0233522
0.0232183
0.0224247
0.022114
0.022695
0.0234729
0.0147857
0.0165303
0.018663
0.0200403
0.0199956
0.0200014
0.0213224
0.0223113
0.0219884
0.0218999
0.0224525
0.0224815
0.0221271
0.0224733
0.0231996
0.0232289
0.0225821
0.022192
0.0225878
0.0233312
0.0152127
0.0166976
0.0186195
0.0200787
0.0201522
0.0200075
0.0211952
0.0223552
0.0221511
0.0218655
0.0223103
0.0225099
0.0222616
0.0224502
0.023058
0.0231965
0.0227043
0.0223032
0.0225521
0.0232147
0.0156254
0.016885
0.0185933
0.0200994
0.0203068
0.0200446
0.0210655
0.0223598
0.0223205
0.021884
0.0221702
0.0224892
0.0223895
0.0224794
0.022943
0.0231312
0.0227942
0.0224293
0.0225656
0.0231327
0.0160229
0.0170907
0.0185875
0.0201043
0.0204543
0.0201142
0.0209418
0.0223213
0.0224812
0.0219563
0.0220532
0.0224304
0.0224882
0.0225437
0.0228737
0.0230575
0.0228473
0.0225472
0.0226034
0.0230881
0.0164045
0.017312
0.0186047
0.0200969
0.0205892
0.0202145
0.0208335
0.0222409
0.0226168
0.0220766
0.0219768
0.0223459
0.0225472
0.0226245
0.0228508
0.0229962
0.0228679
0.022651
0.0226635
0.0230707
0.0167697
0.017546
0.0186469
0.0200816
0.0207072
0.0203422
0.0207485
0.0221233
0.0227139
0.0222353
0.0219544
0.0222526
0.0225654
0.0227039
0.0228636
0.022962
0.0228732
0.0227349
0.0227409
0.0230651
0.0171187
0.0177888
0.0187154
0.0200639
0.0208046
0.0204904
0.0206945
0.0219774
0.0227623
0.0224125
0.0219908
0.0221706
0.0225469
0.0227692
0.0229041
0.0229582
0.0228768
0.0227914
0.0228271
0.0230854
0.0174519
0.0180366
0.0188101
0.0200498
0.0208783
0.0206501
0.0206797
0.0217854
0.0227545
0.0225831
0.0220817
0.0221229
0.0225052
0.0228061
0.0229569
0.0229818
0.0228943
0.0228298
0.0229084
0.0231402
0.0177702
0.0182858
0.0189296
0.0200452
0.0209279
0.0208098
0.0207124
0.0216503
0.0226944
0.0227262
0.0222189
0.0221221
0.0224589
0.0228122
0.0230034
0.0230264
0.0229388
0.0228709
0.0229655
0.0232063
0.0180743
0.0185335
0.0190713
0.0200548
0.0209564
0.020958
0.0207912
0.021541
0.0225877
0.022824
0.0223825
0.0221681
0.0224269
0.0228006
0.0230355
0.0230794
0.023004
0.0229294
0.0230056
0.0232614
0.0183651
0.0187772
0.0192315
0.0200817
0.0209694
0.0210878
0.0209047
0.0214705
0.0224572
0.0228669
0.0225485
0.0222576
0.0224192
0.0227833
0.0230565
0.0231277
0.0230725
0.0230097
0.023059
0.0233047
0.0186436
0.0190147
0.0194058
0.0201283
0.0209741
0.021196
0.0210365
0.0214443
0.0223326
0.0228604
0.0226934
0.0223839
0.0224441
0.0227644
0.023066
0.0231735
0.0231383
0.0231
0.02314
0.0233517
0.0189107
0.0192443
0.0195886
0.0201958
0.0209776
0.0212824
0.0211731
0.0214601
0.0222311
0.0228174
0.0228003
0.022528
0.0225077
0.0227564
0.0230629
0.0232199
0.0232078
0.023185
0.0232333
0.0234124
0.0191672
0.0194654
0.019775
0.0202838
0.0209865
0.021349
0.021305
0.0215096
0.0221604
0.0227575
0.0228692
0.0226655
0.0226017
0.0227779
0.023055
0.0232556
0.0232841
0.0232657
0.023324
0.0234895
0.0194135
0.0196774
0.0199607
0.0203898
0.0210056
0.0213998
0.0214256
0.021583
0.0221238
0.0226974
0.0229078
0.022787
0.0227096
0.0228305
0.0230601
0.0232726
0.0233552
0.0233515
0.0234135
0.0235775
0.0196499
0.0198806
0.0201424
0.0205101
0.0210381
0.0214406
0.0215319
0.0216698
0.0221191
0.0226478
0.0229233
0.0228923
0.0228209
0.0229008
0.023091
0.0232877
0.0234106
0.0234396
0.0235038
0.0236694
0.0198765
0.0200754
0.0203177
0.02064
0.0210855
0.0214761
0.0216229
0.0217623
0.0221425
0.022616
0.0229243
0.0229771
0.022934
0.0229816
0.0231419
0.0233207
0.023457
0.02352
0.0235928
0.0237602
0.0200931
0.0202618
0.0204851
0.0207749
0.0211475
0.021511
0.0216988
0.0218545
0.0221884
0.0226063
0.0229233
0.0230409
0.0230434
0.0230748
0.0232031
0.0233719
0.0235092
0.0235927
0.023678
0.0238468
0.0202994
0.0204399
0.0206439
0.0209103
0.0212217
0.0215493
0.0217624
0.0219417
0.022246
0.0226164
0.0229314
0.0230913
0.0231392
0.0231799
0.0232781
0.0234313
0.0235736
0.0236661
0.0237622
0.0239317
0.0204947
0.02061
0.0207936
0.0210429
0.0213047
0.0215919
0.0218166
0.0220207
0.0223077
0.0226412
0.0229521
0.0231398
0.0232188
0.0232865
0.0233747
0.0235007
0.0236458
0.0237479
0.0238496
0.0240171
0.0206784
0.0207715
0.0209338
0.0211696
0.0213934
0.0216396
0.0218626
0.0220906
0.0223727
0.0226755
0.0229797
0.0231936
0.0232942
0.023384
0.0234877
0.0235917
0.0237256
0.0238394
0.0239452
0.0241098
0.0208496
0.0209244
0.0210646
0.0212878
0.0214828
0.021692
0.0219041
0.0221434
0.0224326
0.0227205
0.0230122
0.0232478
0.0233771
0.0234783
0.0236073
0.0237114
0.0238258
0.0239439
0.0240537
0.0242136
0.0210073
0.0210675
0.0211871
0.021397
0.0215673
0.0217437
0.021945
0.0221861
0.0224765
0.0227669
0.0230502
0.0232964
0.0234667
0.0235861
0.0237373
0.0238659
0.0239693
0.0240863
0.0242002
0.0243566
0.0211499
0.0211986
0.0213002
0.0214975
0.021647
0.0217903
0.0219733
0.0222139
0.0225002
0.0227894
0.0230713
0.0233139
0.0235223
0.0236719
0.0238304
0.0239899
0.0241084
0.0242323
0.0243757
0.0245569
0.0212804
0.0213181
0.0213998
0.0215822
0.0217173
0.0218396
0.0220202
0.0222599
0.0225601
0.0228709
0.0231889
0.0234636
0.0237137
0.023914
0.024074
0.0242202
0.0242881
0.0243177
0.0243632
0.024453
0.0213967
0.0214282
0.02149
0.0216491
0.0217569
0.0218448
0.0219468
0.0221649
0.022414
0.0226814
0.0229857
0.023318
0.0236934
0.0240545
0.0243591
0.0246673
0.0249735
0.025267
0.025561
0.025817
0.0214867
0.0215146
0.0215865
0.0217495
0.0218442
0.0219068
0.0220645
0.0222817
0.0225839
0.0229285
0.0232917
0.0236072
0.0238906
0.0241657
0.0243724
0.0245069
0.0245918
0.0246093
0.0246068
0.0246279
0.0215713
0.0215727
0.0215966
0.0217181
0.0218001
0.0218881
0.0220417
0.0222762
0.0225833
0.0229202
0.0232503
0.0235702
0.0238759
0.0242025
0.0245546
0.0248928
0.025243
0.0255706
0.025854
0.0260563
0.0216716
0.0217022
0.0217421
0.0218624
0.0219075
0.0219214
0.0219945
0.0221341
0.0223914
0.0227843
0.0232236
0.0236722
0.0241025
0.0244747
0.0248072
0.0250787
0.0253118
0.0255085
0.0256581
0.0257419
0.0266603
0.0254756
0.02075
0.0162655
0.0150172
0.0165104
0.0183839
0.0194312
0.0197806
0.020163
0.0208758
0.0216516
0.0222899
0.0228788
0.0236249
0.024449
0.0250794
0.0255097
0.0258737
0.0263005
0.0268442
0.0274063
0.0278602
0.0282894
0.0288408
0.0294337
0.0299563
0.0304457
0.0309961
0.0315622
0.0320683
0.032608
0.0331814
0.0336885
0.0341765
0.0347505
0.0353667
0.0359209
0.0365018
0.0371534
0.0377648
0.0383992
0.0391045
0.0397744
0.0404267
0.0411611
0.0418883
0.0424169
0.0427695
0.0430692
0.0433752
0.0439856
0.0450895
0.0463117
0.0472721
0.048054
0.0488685
0.0497082
0.0503846
0.0509056
0.0515261
0.0524809
0.0535573
0.0544959
0.0553862
0.0563055
0.0571923
0.0580861
0.0590365
0.0599277
0.0609228
0.0620375
0.0631485
0.0641778
0.0652573
0.0663632
0.0675054
0.0686612
0.0698193
0.0710195
0.0722404
0.0735483
0.0748078
0.0760908
0.0773523
0.0787127
0.0801031
0.0814926
0.0829512
0.0843421
0.0858134
0.08731
0.0887938
0.09037
0.0918448
0.0934468
0.095064
0.096555
0.0980384
0.0993744
0.0263641
0.0253816
0.0208355
0.0164108
0.0151226
0.0165687
0.0184219
0.0194561
0.0197961
0.0201735
0.0208843
0.0216593
0.0222968
0.0228847
0.0236303
0.0244544
0.0250845
0.0255141
0.0258774
0.0263035
0.0268469
0.0274089
0.0278626
0.0282913
0.0288426
0.0294354
0.0299579
0.0304471
0.0309973
0.0315635
0.0320694
0.032609
0.0331825
0.0336896
0.0341775
0.0347515
0.0353677
0.0359219
0.0365027
0.0371544
0.0377657
0.0384
0.0391053
0.0397752
0.0404273
0.0411617
0.041889
0.0424176
0.0427702
0.0430699
0.0433757
0.0439858
0.0450898
0.0463122
0.0472725
0.0480544
0.0488689
0.0497087
0.0503851
0.050906
0.0515263
0.052481
0.0535576
0.0544961
0.0553865
0.0563058
0.0571925
0.0580863
0.0590367
0.0599279
0.0609229
0.0620377
0.0631487
0.064178
0.0652575
0.0663633
0.0675056
0.0686613
0.0698195
0.0710197
0.0722405
0.0735485
0.0748079
0.0760909
0.0773525
0.0787128
0.0801032
0.0814927
0.0829513
0.0843422
0.0858135
0.0873101
0.0887939
0.0903701
0.0918449
0.0934469
0.0950641
0.096555
0.0980384
0.0993745
0.0260123
0.0253006
0.0210275
0.0166943
0.0153009
0.0166323
0.0184475
0.0194786
0.0198176
0.0201911
0.0208969
0.0216677
0.0223031
0.0228901
0.0236353
0.0244594
0.0250892
0.0255184
0.025881
0.0263065
0.0268495
0.0274113
0.0278648
0.0282931
0.0288443
0.029437
0.0299593
0.0304482
0.0309984
0.0315646
0.0320704
0.0326099
0.0331834
0.0336905
0.0341782
0.0347522
0.0353686
0.0359227
0.0365034
0.0371552
0.0377664
0.0384006
0.039106
0.0397758
0.0404279
0.0411623
0.0418897
0.0424184
0.0427709
0.0430705
0.0433759
0.0439857
0.04509
0.0463127
0.0472731
0.0480547
0.0488692
0.0497091
0.0503855
0.0509062
0.0515263
0.0524811
0.0535578
0.0544964
0.0553867
0.056306
0.0571927
0.0580864
0.0590369
0.0599281
0.060923
0.0620378
0.0631489
0.0641782
0.0652576
0.0663635
0.0675057
0.0686615
0.0698196
0.0710198
0.0722406
0.0735486
0.0748081
0.076091
0.0773526
0.0787129
0.0801033
0.0814928
0.0829514
0.0843423
0.0858136
0.0873102
0.088794
0.0903702
0.091845
0.0934469
0.0950642
0.0965551
0.0980385
0.0993747
0.0256999
0.0252334
0.0212541
0.0170266
0.0155249
0.0167119
0.0184799
0.0195087
0.0198505
0.0202224
0.0209201
0.0216816
0.0223119
0.0228972
0.0236413
0.0244645
0.0250941
0.025524
0.0258869
0.0263116
0.0268533
0.0274143
0.0278674
0.0282957
0.0288467
0.0294392
0.0299612
0.0304498
0.0309998
0.031566
0.0320716
0.0326109
0.0331843
0.0336912
0.0341788
0.0347529
0.0353694
0.0359234
0.036504
0.0371559
0.0377672
0.0384013
0.0391067
0.0397765
0.0404284
0.041163
0.0418906
0.0424192
0.0427716
0.0430711
0.043376
0.0439854
0.0450902
0.0463135
0.0472737
0.048055
0.0488695
0.0497096
0.0503861
0.0509065
0.0515263
0.0524812
0.0535582
0.0544967
0.0553869
0.0563062
0.057193
0.0580866
0.0590371
0.0599282
0.0609231
0.062038
0.0631491
0.0641783
0.0652577
0.0663636
0.0675058
0.0686616
0.0698197
0.0710199
0.0722407
0.0735487
0.0748082
0.0760912
0.0773527
0.078713
0.0801034
0.0814929
0.0829516
0.0843424
0.0858136
0.0873103
0.088794
0.0903703
0.0918451
0.093447
0.0950643
0.0965552
0.0980387
0.099375
0.0253963
0.0251392
0.0214791
0.0173729
0.0157678
0.0168005
0.0185128
0.0195406
0.0198915
0.0202668
0.0209556
0.0217033
0.0223253
0.0229077
0.0236495
0.02447
0.0250989
0.0255307
0.0258956
0.0263199
0.0268592
0.0274182
0.027871
0.0282995
0.0288504
0.0294423
0.0299639
0.0304522
0.0310018
0.0315678
0.0320733
0.0326123
0.0331854
0.033692
0.0341795
0.0347538
0.0353703
0.035924
0.0365044
0.0371566
0.0377681
0.0384021
0.0391074
0.0397773
0.0404292
0.0411639
0.0418917
0.0424202
0.0427724
0.0430718
0.043376
0.0439849
0.0450905
0.0463146
0.0472744
0.0480554
0.0488699
0.0497102
0.0503868
0.0509068
0.0515262
0.0524813
0.0535587
0.0544971
0.0553871
0.0563064
0.0571932
0.0580868
0.0590373
0.0599283
0.0609232
0.0620382
0.0631493
0.0641785
0.0652579
0.0663638
0.067506
0.0686618
0.0698198
0.0710201
0.0722408
0.0735489
0.0748084
0.0760913
0.0773528
0.078713
0.0801035
0.081493
0.0829517
0.0843425
0.0858137
0.0873104
0.0887941
0.0903704
0.0918452
0.0934471
0.0950644
0.0965554
0.0980389
0.0993755
0.0250835
0.0250136
0.0217036
0.0177306
0.0160243
0.0168962
0.0185445
0.0195705
0.0199347
0.0203176
0.0209988
0.0217317
0.0223439
0.0229225
0.0236602
0.0244758
0.0251033
0.0255384
0.0259071
0.0263316
0.0268675
0.0274235
0.027876
0.0283052
0.0288554
0.0294462
0.0299676
0.0304557
0.0310047
0.0315704
0.0320757
0.0326144
0.0331868
0.0336929
0.0341805
0.0347549
0.0353712
0.0359245
0.0365047
0.0371571
0.0377689
0.0384028
0.039108
0.0397779
0.0404302
0.0411652
0.041893
0.0424213
0.0427734
0.0430726
0.0433758
0.0439843
0.045091
0.0463158
0.0472753
0.0480558
0.0488704
0.049711
0.0503875
0.0509071
0.0515261
0.0524815
0.0535592
0.0544976
0.0553874
0.0563068
0.0571935
0.058087
0.0590376
0.0599285
0.0609232
0.0620384
0.0631496
0.0641786
0.065258
0.0663639
0.0675061
0.0686619
0.06982
0.0710202
0.0722409
0.073549
0.0748085
0.0760914
0.0773529
0.0787131
0.0801037
0.0814931
0.0829518
0.0843426
0.0858138
0.0873105
0.0887942
0.0903705
0.0918453
0.0934471
0.0950646
0.0965556
0.0980393
0.0993761
0.0247708
0.0248669
0.0219312
0.0180969
0.0162908
0.0169977
0.0185755
0.019599
0.0199788
0.0203713
0.0210459
0.0217641
0.0223666
0.0229407
0.023673
0.0244822
0.0251077
0.0255467
0.0259204
0.0263457
0.0268777
0.02743
0.0278826
0.0283129
0.0288619
0.0294508
0.0299719
0.0304601
0.0310085
0.0315736
0.0320789
0.032617
0.0331883
0.033694
0.034182
0.0347566
0.0353726
0.0359253
0.0365048
0.0371574
0.0377697
0.0384034
0.0391081
0.0397783
0.0404312
0.0411667
0.0418945
0.0424225
0.0427747
0.0430738
0.0433758
0.0439836
0.0450916
0.0463172
0.047276
0.0480561
0.048871
0.0497119
0.0503885
0.0509075
0.051526
0.0524817
0.0535599
0.0544981
0.0553878
0.0563071
0.0571938
0.0580873
0.0590379
0.0599286
0.0609233
0.0620387
0.0631499
0.0641788
0.0652581
0.0663641
0.0675063
0.0686621
0.0698201
0.0710203
0.072241
0.0735492
0.0748087
0.0760915
0.077353
0.0787132
0.0801038
0.0814932
0.082952
0.0843428
0.0858139
0.0873106
0.0887943
0.0903707
0.0918454
0.0934472
0.0950649
0.0965559
0.0980397
0.0993768
0.0244696
0.0247022
0.0221536
0.0184639
0.0165629
0.0171047
0.0186072
0.0196276
0.0200246
0.0204276
0.0210957
0.0217992
0.0223923
0.0229616
0.0236877
0.0244894
0.0251125
0.0255557
0.0259349
0.0263612
0.0268889
0.0274371
0.0278905
0.0283228
0.02887
0.029456
0.0299766
0.0304652
0.031013
0.0315777
0.0320829
0.03262
0.0331898
0.0336951
0.0341841
0.0347591
0.0353748
0.0359267
0.0365051
0.0371577
0.0377708
0.0384042
0.0391077
0.0397782
0.0404321
0.0411682
0.0418959
0.0424239
0.0427766
0.0430755
0.0433759
0.0439832
0.0450926
0.0463188
0.0472767
0.0480564
0.0488717
0.0497129
0.0503895
0.0509081
0.051526
0.0524821
0.0535607
0.0544988
0.0553883
0.0563076
0.0571943
0.0580878
0.0590383
0.0599288
0.0609235
0.062039
0.0631502
0.064179
0.0652583
0.0663643
0.0675065
0.0686623
0.0698203
0.0710205
0.0722411
0.0735494
0.0748089
0.0760917
0.0773532
0.0787134
0.080104
0.0814933
0.0829522
0.0843429
0.085814
0.0873108
0.0887944
0.0903708
0.0918455
0.0934473
0.0950651
0.0965562
0.0980403
0.0993778
0.0241889
0.0245191
0.0223582
0.0188234
0.016838
0.0172177
0.0186409
0.0196573
0.0200732
0.0204871
0.0211482
0.0218367
0.0224202
0.0229847
0.0237038
0.0244975
0.025118
0.0255653
0.0259502
0.0263774
0.0269004
0.0274445
0.027899
0.0283339
0.0288795
0.0294619
0.0299816
0.0304706
0.0310178
0.0315824
0.0320876
0.0326232
0.0331909
0.0336959
0.0341864
0.0347623
0.0353777
0.035929
0.0365061
0.0371582
0.0377722
0.0384052
0.0391071
0.0397774
0.0404325
0.0411693
0.0418968
0.0424249
0.0427787
0.0430779
0.0433766
0.0439833
0.0450942
0.0463206
0.047277
0.0480563
0.0488722
0.049714
0.0503907
0.0509088
0.0515262
0.0524826
0.0535616
0.0544995
0.0553889
0.0563082
0.0571948
0.0580883
0.0590388
0.059929
0.0609237
0.0620394
0.0631506
0.0641793
0.0652586
0.0663646
0.0675067
0.0686625
0.0698204
0.0710207
0.0722413
0.0735496
0.0748091
0.0760918
0.0773533
0.0787135
0.0801041
0.0814934
0.0829523
0.0843431
0.0858141
0.0873109
0.0887946
0.090371
0.0918457
0.0934474
0.0950655
0.0965567
0.098041
0.0993789
0.0239341
0.0243175
0.0225349
0.0191712
0.0171161
0.017338
0.0186768
0.0196877
0.0201244
0.02055
0.0212036
0.0218762
0.0224498
0.0230093
0.0237213
0.0245065
0.025124
0.0255755
0.025966
0.0263942
0.0269124
0.027452
0.0279076
0.0283454
0.0288897
0.0294684
0.0299867
0.030476
0.0310229
0.0315875
0.0320929
0.0326267
0.0331916
0.0336961
0.0341887
0.0347659
0.0353812
0.035932
0.0365078
0.0371592
0.037774
0.0384066
0.0391066
0.0397763
0.0404323
0.0411696
0.0418968
0.0424252
0.0427806
0.0430804
0.0433776
0.0439842
0.045097
0.046323
0.0472773
0.0480558
0.0488724
0.0497148
0.0503919
0.0509096
0.0515266
0.0524834
0.0535626
0.0545004
0.0553897
0.0563088
0.0571955
0.0580891
0.0590395
0.0599294
0.0609241
0.06204
0.0631511
0.0641797
0.0652589
0.0663649
0.067507
0.0686628
0.0698206
0.0710209
0.0722414
0.0735498
0.0748093
0.076092
0.0773535
0.0787136
0.0801043
0.0814935
0.0829525
0.0843432
0.0858142
0.0873111
0.0887947
0.0903712
0.0918459
0.0934475
0.0950659
0.0965574
0.0980419
0.0993802
0.0237085
0.0241019
0.022681
0.0195074
0.0173978
0.0174659
0.0187146
0.0197178
0.0201774
0.0206158
0.0212613
0.021917
0.0224802
0.0230349
0.0237395
0.0245159
0.0251302
0.0255858
0.025982
0.0264114
0.026925
0.0274598
0.0279162
0.0283567
0.0288999
0.029475
0.0299921
0.0304817
0.0310281
0.0315929
0.0320987
0.0326304
0.0331918
0.0336955
0.0341905
0.0347695
0.035385
0.0359356
0.0365102
0.0371608
0.0377763
0.0384085
0.0391063
0.0397752
0.0404314
0.0411689
0.0418957
0.0424245
0.0427817
0.0430824
0.0433783
0.0439857
0.0451012
0.0463268
0.0472779
0.0480549
0.048872
0.049715
0.0503927
0.0509105
0.0515273
0.0524844
0.0535637
0.0545013
0.0553905
0.0563095
0.0571963
0.05809
0.0590403
0.0599299
0.0609247
0.0620407
0.0631517
0.0641801
0.0652593
0.0663653
0.0675074
0.0686631
0.0698209
0.0710211
0.0722416
0.07355
0.0748096
0.0760922
0.0773536
0.0787138
0.0801045
0.0814936
0.0829527
0.0843434
0.0858143
0.0873113
0.0887949
0.0903713
0.0918461
0.0934477
0.0950663
0.0965583
0.098043
0.0993816
0.0235144
0.0238806
0.0227987
0.0198317
0.0176824
0.0176024
0.0187554
0.0197474
0.0202313
0.020684
0.021321
0.0219588
0.022511
0.0230606
0.023758
0.0245254
0.0251362
0.0255958
0.0259979
0.0264289
0.0269382
0.0274683
0.0279249
0.0283678
0.0289098
0.0294815
0.0299975
0.0304875
0.0310335
0.0315984
0.0321046
0.0326342
0.0331917
0.0336943
0.0341918
0.0347731
0.0353889
0.0359393
0.036513
0.0371629
0.037779
0.0384107
0.0391064
0.0397741
0.04043
0.041167
0.0418934
0.0424226
0.0427818
0.0430832
0.0433778
0.0439869
0.0451066
0.0463321
0.0472793
0.0480539
0.0488709
0.0497142
0.0503927
0.0509111
0.0515281
0.0524858
0.053565
0.0545023
0.0553913
0.0563101
0.0571971
0.0580911
0.0590412
0.0599306
0.0609255
0.0620416
0.0631524
0.0641807
0.0652599
0.0663659
0.0675079
0.0686635
0.0698212
0.0710213
0.0722418
0.0735503
0.0748099
0.0760924
0.0773538
0.0787139
0.0801046
0.0814938
0.082953
0.0843436
0.0858145
0.0873115
0.088795
0.0903715
0.0918463
0.0934478
0.0950669
0.0965594
0.0980443
0.0993833
0.0233541
0.023663
0.02289
0.020142
0.0179697
0.0177508
0.0188023
0.0197768
0.0202847
0.0207535
0.0213825
0.0220019
0.022542
0.0230865
0.023777
0.0245352
0.0251419
0.0256052
0.0260133
0.0264462
0.0269518
0.0274775
0.027934
0.0283788
0.0289196
0.0294881
0.030003
0.0304935
0.031039
0.0316038
0.0321103
0.0326379
0.0331916
0.0336928
0.0341928
0.0347765
0.0353928
0.0359431
0.0365159
0.0371655
0.037782
0.0384131
0.0391066
0.0397731
0.0404279
0.0411639
0.0418898
0.0424196
0.0427809
0.0430826
0.0433754
0.0439866
0.0451122
0.0463387
0.0472816
0.048053
0.0488691
0.0497122
0.0503917
0.050911
0.0515288
0.0524875
0.0535668
0.0545035
0.0553922
0.0563107
0.0571979
0.0580921
0.0590421
0.0599314
0.0609266
0.0620427
0.0631532
0.0641814
0.0652607
0.0663666
0.0675085
0.0686641
0.0698216
0.0710216
0.0722419
0.0735506
0.0748103
0.0760927
0.0773541
0.0787141
0.0801048
0.0814939
0.0829532
0.0843438
0.0858146
0.0873116
0.0887952
0.0903717
0.0918466
0.0934479
0.0950675
0.0965607
0.0980459
0.0993852
0.0232287
0.0234547
0.0229541
0.0204362
0.0182607
0.017915
0.0188591
0.0198066
0.0203364
0.0208234
0.0214462
0.022047
0.0225742
0.0231132
0.023797
0.0245458
0.0251477
0.025614
0.026028
0.0264631
0.0269657
0.0274875
0.0279437
0.0283901
0.0289296
0.0294949
0.0300088
0.0304998
0.0310446
0.0316089
0.0321159
0.0326416
0.0331918
0.0336916
0.0341939
0.0347799
0.0353967
0.0359468
0.0365188
0.0371684
0.0377855
0.0384156
0.0391069
0.039772
0.0404251
0.0411592
0.0418848
0.0424155
0.0427792
0.0430808
0.0433706
0.0439837
0.0451167
0.0463458
0.0472847
0.0480522
0.0488666
0.0497091
0.0503893
0.0509097
0.0515288
0.0524894
0.0535689
0.0545049
0.0553931
0.0563113
0.0571986
0.058093
0.0590428
0.0599321
0.0609279
0.0620441
0.0631541
0.0641822
0.0652616
0.0663676
0.0675093
0.0686649
0.0698223
0.071022
0.0722421
0.0735509
0.0748108
0.0760931
0.0773545
0.0787143
0.0801049
0.0814939
0.0829534
0.0843441
0.0858148
0.0873118
0.0887955
0.0903718
0.091847
0.093448
0.0950681
0.0965622
0.0980476
0.0993873
0.0231364
0.023258
0.0229912
0.0207142
0.0185563
0.0180966
0.0189283
0.0198379
0.0203855
0.0208932
0.0215126
0.0220955
0.0226089
0.0231419
0.023819
0.0245579
0.0251538
0.0256222
0.0260418
0.0264798
0.02698
0.027498
0.027954
0.0284019
0.0289403
0.0295023
0.030015
0.0305064
0.0310502
0.0316139
0.0321211
0.0326454
0.0331926
0.0336911
0.0341952
0.0347832
0.0354007
0.0359506
0.0365218
0.0371715
0.0377894
0.0384182
0.0391071
0.0397706
0.0404214
0.0411529
0.0418781
0.0424104
0.0427768
0.043078
0.0433639
0.043978
0.0451189
0.0463523
0.047288
0.0480516
0.0488636
0.0497047
0.0503856
0.0509073
0.0515281
0.052491
0.0535713
0.0545066
0.0553942
0.0563118
0.0571992
0.0580939
0.0590433
0.0599325
0.0609293
0.0620458
0.0631551
0.064183
0.0652626
0.0663687
0.0675102
0.0686657
0.0698232
0.0710226
0.0722422
0.073551
0.0748112
0.0760936
0.077355
0.0787145
0.080105
0.0814939
0.0829535
0.0843443
0.0858149
0.0873119
0.0887957
0.090372
0.0918474
0.0934481
0.0950687
0.096564
0.0980495
0.0993895
0.0230733
0.0230739
0.0230032
0.0209759
0.0188545
0.0182943
0.0190112
0.0198725
0.0204319
0.0209623
0.0215819
0.0221483
0.0226472
0.0231738
0.023844
0.024572
0.0251608
0.0256302
0.0260553
0.0264965
0.0269947
0.0275091
0.0279646
0.0284145
0.0289522
0.0295109
0.0300219
0.0305134
0.0310561
0.0316189
0.0321263
0.0326495
0.033194
0.0336915
0.0341971
0.0347867
0.0354049
0.0359544
0.0365248
0.037175
0.0377938
0.0384208
0.039107
0.0397688
0.040417
0.041145
0.0418697
0.0424039
0.0427736
0.0430745
0.0433556
0.0439695
0.0451182
0.0463573
0.0472912
0.0480511
0.0488601
0.0496993
0.0503809
0.0509041
0.0515267
0.0524922
0.0535736
0.0545084
0.0553953
0.0563123
0.0571999
0.0580947
0.0590436
0.0599326
0.0609306
0.0620477
0.0631562
0.0641837
0.0652637
0.06637
0.0675112
0.0686666
0.0698242
0.0710235
0.0722424
0.0735509
0.0748115
0.0760942
0.0773557
0.078715
0.0801052
0.0814938
0.0829535
0.0843446
0.0858151
0.0873121
0.0887959
0.0903721
0.0918479
0.0934482
0.0950693
0.096566
0.0980517
0.0993919
0.023035
0.0229045
0.0229924
0.0212197
0.0191522
0.0185059
0.0191091
0.0199125
0.020476
0.0210299
0.021654
0.0222056
0.0226897
0.0232093
0.0238722
0.0245882
0.0251689
0.0256385
0.0260689
0.0265137
0.0270101
0.0275205
0.0279756
0.0284278
0.0289652
0.0295205
0.0300295
0.0305208
0.0310622
0.031624
0.0321316
0.0326538
0.0331963
0.0336929
0.0341997
0.0347904
0.0354092
0.0359583
0.0365277
0.0371786
0.0377988
0.0384234
0.0391066
0.0397664
0.040412
0.0411358
0.0418596
0.0423962
0.0427697
0.0430702
0.0433467
0.0439592
0.0451146
0.0463605
0.0472941
0.048051
0.0488565
0.0496931
0.0503752
0.0509003
0.0515254
0.0524928
0.0535755
0.05451
0.0553963
0.0563128
0.0572006
0.0580956
0.0590438
0.0599325
0.0609317
0.0620497
0.0631574
0.0641844
0.0652647
0.0663713
0.0675123
0.0686674
0.0698253
0.0710246
0.0722427
0.0735506
0.0748117
0.0760947
0.0773566
0.0787155
0.0801054
0.0814936
0.0829535
0.0843448
0.0858153
0.0873122
0.0887961
0.0903721
0.0918485
0.0934484
0.0950699
0.0965681
0.098054
0.0993944
0.0230173
0.0227514
0.0229602
0.021444
0.019447
0.0187284
0.0192223
0.0199595
0.0205185
0.0210952
0.0217279
0.0222671
0.022736
0.0232481
0.0239032
0.0246064
0.0251781
0.0256475
0.0260829
0.0265316
0.0270263
0.0275324
0.0279869
0.0284418
0.0289793
0.029531
0.0300376
0.0305287
0.0310688
0.0316294
0.032137
0.032659
0.0331991
0.033695
0.0342027
0.0347945
0.0354139
0.0359624
0.0365306
0.0371823
0.0378042
0.0384261
0.0391059
0.0397638
0.0404067
0.0411257
0.0418482
0.0423874
0.0427648
0.0430665
0.0433385
0.0439486
0.0451089
0.0463617
0.0472965
0.0480513
0.0488529
0.0496864
0.0503691
0.0508972
0.0515251
0.0524933
0.0535767
0.0545111
0.0553971
0.0563133
0.0572012
0.0580966
0.0590441
0.0599325
0.0609326
0.0620515
0.0631587
0.0641851
0.0652656
0.0663728
0.0675135
0.0686682
0.0698264
0.0710259
0.0722432
0.0735502
0.0748116
0.0760952
0.0773576
0.0787163
0.0801057
0.0814935
0.0829532
0.0843449
0.0858156
0.0873124
0.0887963
0.090372
0.0918492
0.0934488
0.0950704
0.0965703
0.0980565
0.099397
0.0230169
0.0226158
0.0229083
0.0216489
0.0197377
0.018959
0.0193505
0.0200153
0.0205606
0.0211581
0.0218026
0.0223319
0.0227856
0.0232896
0.0239365
0.0246263
0.0251886
0.0256574
0.0260979
0.0265507
0.0270435
0.0275447
0.0279984
0.0284565
0.0289944
0.0295422
0.0300462
0.030537
0.0310758
0.0316352
0.0321428
0.0326642
0.0332025
0.0336976
0.0342062
0.0347989
0.0354188
0.0359666
0.0365335
0.037186
0.0378098
0.0384288
0.039105
0.039761
0.0403991
0.0411156
0.0418357
0.0423774
0.0427594
0.0430634
0.0433323
0.0439396
0.0451022
0.046361
0.0472983
0.0480521
0.0488496
0.0496795
0.0503628
0.0508954
0.051527
0.0524942
0.0535773
0.0545116
0.0553975
0.0563135
0.0572018
0.0580975
0.0590445
0.0599327
0.0609336
0.0620531
0.0631599
0.0641857
0.0652665
0.0663741
0.0675148
0.068669
0.0698274
0.0710271
0.0722437
0.0735496
0.0748113
0.0760956
0.0773587
0.0787171
0.0801061
0.0814934
0.0829529
0.084345
0.0858159
0.0873126
0.0887964
0.0903718
0.0918498
0.0934493
0.095071
0.0965725
0.098059
0.0993997
0.0230307
0.0224994
0.0228395
0.021835
0.0200235
0.0191946
0.0194931
0.0200821
0.0206042
0.0212183
0.0218767
0.0223989
0.0228381
0.0233336
0.0239719
0.024648
0.0252003
0.0256684
0.0261141
0.026571
0.0270617
0.0275576
0.0280103
0.0284718
0.0290101
0.0295539
0.0300551
0.0305456
0.0310833
0.0316414
0.032149
0.0326697
0.0332063
0.0337006
0.03421
0.0348036
0.035424
0.0359711
0.0365364
0.0371896
0.0378154
0.0384319
0.0391041
0.0397584
0.0403951
0.0411061
0.0418228
0.0423666
0.0427537
0.0430614
0.0433298
0.0439346
0.0450962
0.046359
0.0472994
0.048053
0.0488464
0.0496725
0.0503568
0.0508956
0.0515318
0.0524966
0.0535773
0.0545115
0.0553976
0.0563136
0.0572022
0.0580984
0.0590453
0.0599336
0.060935
0.0620544
0.0631609
0.0641864
0.0652675
0.0663753
0.0675161
0.0686697
0.0698285
0.0710282
0.0722444
0.0735489
0.0748107
0.0760958
0.0773598
0.078718
0.0801066
0.0814933
0.0829523
0.0843449
0.0858161
0.0873128
0.0887966
0.0903714
0.0918504
0.0934499
0.0950716
0.0965748
0.0980618
0.0994026
0.0230561
0.0224042
0.0227566
0.0220025
0.0203041
0.0194332
0.0196492
0.0201615
0.020651
0.021276
0.0219495
0.0224675
0.0228932
0.0233801
0.0240093
0.0246716
0.0252135
0.0256806
0.0261314
0.0265925
0.027081
0.0275712
0.0280226
0.0284877
0.0290266
0.0295661
0.0300643
0.0305547
0.0310914
0.0316481
0.0321558
0.0326758
0.0332103
0.0337041
0.0342143
0.0348086
0.0354294
0.0359758
0.0365394
0.037193
0.0378208
0.0384352
0.0391033
0.0397561
0.0403922
0.0410977
0.04181
0.0423554
0.0427483
0.0430615
0.043333
0.0439361
0.0450929
0.046356
0.0472992
0.0480538
0.0488432
0.0496655
0.0503512
0.0508981
0.0515401
0.0525009
0.053577
0.0545108
0.0553973
0.0563133
0.0572025
0.0580994
0.0590462
0.0599354
0.060937
0.0620555
0.0631616
0.0641871
0.0652685
0.0663764
0.0675172
0.0686705
0.0698295
0.0710294
0.0722451
0.0735482
0.07481
0.076096
0.0773609
0.0787189
0.0801071
0.0814933
0.0829517
0.0843448
0.0858163
0.0873131
0.0887968
0.0903708
0.0918509
0.0934503
0.0950722
0.0965772
0.0980646
0.0994056
0.0230899
0.022333
0.0226627
0.0221501
0.0205797
0.0196735
0.0198166
0.0202551
0.0207037
0.0213318
0.0220203
0.022537
0.022951
0.0234294
0.0240493
0.0246972
0.0252281
0.0256939
0.02615
0.0266152
0.0271013
0.0275853
0.0280354
0.0285044
0.0290437
0.0295787
0.0300738
0.0305642
0.0310999
0.0316552
0.032163
0.0326824
0.0332151
0.0337085
0.0342193
0.0348142
0.0354349
0.0359809
0.0365429
0.0371961
0.0378259
0.038439
0.0391027
0.0397544
0.0403904
0.0410903
0.0417976
0.0423443
0.0427436
0.0430642
0.0433434
0.0439461
0.0450937
0.0463524
0.0472975
0.0480539
0.0488398
0.0496584
0.0503461
0.0509029
0.0515517
0.0525073
0.0535767
0.0545097
0.0553967
0.0563127
0.0572026
0.0581002
0.0590474
0.0599382
0.0609398
0.0620564
0.0631619
0.0641878
0.0652697
0.0663775
0.0675183
0.0686713
0.0698306
0.0710306
0.072246
0.0735476
0.074809
0.0760962
0.077362
0.0787199
0.0801077
0.0814932
0.082951
0.0843447
0.0858165
0.0873133
0.0887969
0.0903701
0.0918516
0.0934506
0.0950727
0.0965796
0.0980677
0.0994087
0.0231275
0.0222893
0.022562
0.0222757
0.0208502
0.0199146
0.019992
0.0203635
0.0207649
0.0213873
0.0220889
0.0226069
0.0230111
0.0234817
0.0240922
0.0247253
0.0252445
0.0257083
0.0261696
0.0266392
0.0271226
0.0276
0.0280488
0.0285219
0.0290617
0.0295919
0.0300835
0.0305741
0.0311089
0.0316627
0.0321708
0.0326895
0.0332206
0.0337139
0.0342256
0.0348206
0.0354407
0.0359865
0.0365468
0.0371992
0.0378305
0.0384432
0.0391025
0.039753
0.0403895
0.0410842
0.0417857
0.0423337
0.0427401
0.0430702
0.0433615
0.0439654
0.0450996
0.0463482
0.0472939
0.0480531
0.0488367
0.0496512
0.0503413
0.0509095
0.0515661
0.0525156
0.0535764
0.0545084
0.0553959
0.0563119
0.0572026
0.0581012
0.0590488
0.059942
0.0609435
0.0620574
0.0631619
0.0641887
0.0652712
0.0663787
0.0675193
0.0686722
0.0698318
0.0710319
0.072247
0.0735473
0.074808
0.0760964
0.077363
0.078721
0.0801083
0.0814932
0.0829503
0.0843444
0.0858166
0.0873135
0.088797
0.0903694
0.0918523
0.0934505
0.0950732
0.0965809
0.0980709
0.0994119
0.0231625
0.0222755
0.0224606
0.0223761
0.021115
0.0201563
0.0201718
0.0204866
0.0208373
0.0214437
0.022155
0.0226765
0.023073
0.023537
0.0241385
0.0247562
0.0252627
0.0257238
0.0261902
0.0266644
0.027145
0.0276155
0.0280628
0.0285402
0.0290806
0.0296056
0.0300936
0.0305845
0.0311185
0.0316706
0.032179
0.0326972
0.0332269
0.0337204
0.0342331
0.0348279
0.0354469
0.0359924
0.0365512
0.0372023
0.037835
0.0384476
0.0391027
0.0397519
0.040389
0.0410789
0.0417745
0.0423237
0.0427378
0.0430794
0.043387
0.0439938
0.0451105
0.0463437
0.0472885
0.048051
0.0488326
0.049644
0.0503369
0.0509174
0.0515821
0.0525251
0.0535761
0.0545068
0.0553951
0.0563109
0.0572025
0.0581021
0.0590505
0.0599466
0.060948
0.0620584
0.0631617
0.0641897
0.0652728
0.06638
0.0675204
0.0686732
0.0698331
0.0710335
0.0722482
0.0735472
0.0748071
0.0760968
0.0773641
0.078722
0.0801089
0.0814931
0.0829496
0.0843443
0.0858168
0.0873136
0.0887971
0.0903688
0.0918532
0.0934503
0.0950736
0.0965833
0.0980745
0.0994154
0.0231864
0.0222913
0.0223668
0.0224489
0.0213714
0.0203996
0.0203529
0.020623
0.0209232
0.0215031
0.0222188
0.0227453
0.0231359
0.0235951
0.0241888
0.0247906
0.025283
0.0257405
0.0262117
0.0266908
0.0271686
0.0276317
0.0280775
0.0285594
0.0291004
0.02962
0.0301041
0.0305954
0.0311287
0.0316788
0.0321877
0.0327055
0.0332339
0.0337279
0.0342418
0.034836
0.0354536
0.0359988
0.0365562
0.0372055
0.0378393
0.0384523
0.0391032
0.0397508
0.0403887
0.0410744
0.0417639
0.0423144
0.0427367
0.0430915
0.0434186
0.0440298
0.0451259
0.046339
0.0472815
0.0480478
0.0488281
0.0496366
0.0503326
0.0509259
0.0515991
0.0525355
0.0535758
0.0545051
0.0553943
0.0563098
0.0572026
0.0581032
0.0590524
0.0599518
0.060953
0.0620595
0.0631613
0.0641908
0.0652746
0.0663814
0.0675215
0.0686744
0.0698345
0.0710353
0.0722497
0.0735473
0.0748063
0.0760973
0.0773651
0.0787232
0.0801096
0.0814929
0.0829491
0.0843441
0.0858171
0.0873137
0.088797
0.0903683
0.0918544
0.09345
0.0950739
0.0965858
0.0980783
0.099419
0.0231914
0.0223317
0.02229
0.0224947
0.021615
0.0206458
0.0205338
0.0207693
0.0210244
0.0215681
0.0222806
0.0228124
0.0231993
0.0236557
0.0242432
0.0248288
0.0253055
0.0257582
0.0262344
0.0267185
0.0271933
0.0276487
0.0280928
0.0285796
0.0291212
0.029635
0.0301151
0.0306069
0.0311395
0.0316874
0.0321969
0.0327143
0.0332415
0.0337363
0.0342515
0.0348449
0.0354607
0.0360057
0.0365617
0.0372088
0.0378437
0.0384571
0.0391038
0.0397497
0.0403885
0.0410702
0.0417536
0.0423055
0.0427365
0.0431059
0.0434548
0.0440714
0.0451447
0.0463343
0.0472734
0.0480436
0.0488233
0.0496292
0.0503285
0.0509347
0.0516162
0.052546
0.0535756
0.0545035
0.0553936
0.0563088
0.0572028
0.0581044
0.0590544
0.0599574
0.0609585
0.0620608
0.063161
0.064192
0.0652765
0.0663829
0.0675228
0.0686756
0.069836
0.0710372
0.0722513
0.0735476
0.0748056
0.0760979
0.0773663
0.0787244
0.0801103
0.0814928
0.0829486
0.0843441
0.0858175
0.0873137
0.0887969
0.090368
0.0918558
0.0934499
0.0950742
0.0965885
0.0980825
0.0994229
0.0231727
0.0223876
0.0222387
0.0225183
0.021839
0.0208954
0.0207152
0.0209208
0.0211411
0.0216419
0.0223412
0.0228774
0.0232625
0.0237178
0.0243015
0.0248714
0.0253305
0.0257771
0.0262583
0.0267477
0.0272193
0.0276664
0.0281089
0.0286008
0.029143
0.0296508
0.0301266
0.0306191
0.0311509
0.0316965
0.0322067
0.0327237
0.03325
0.0337453
0.0342618
0.0348545
0.0354685
0.0360131
0.0365674
0.0372121
0.0378481
0.0384621
0.0391045
0.0397484
0.0403883
0.0410664
0.0417437
0.0422971
0.0427372
0.043122
0.0434938
0.0441163
0.0451657
0.0463297
0.0472646
0.0480387
0.0488181
0.0496217
0.0503245
0.0509434
0.0516333
0.0525566
0.0535755
0.0545018
0.0553929
0.0563079
0.0572032
0.0581056
0.0590565
0.0599633
0.0609642
0.0620622
0.0631607
0.0641932
0.0652785
0.0663845
0.0675241
0.068677
0.0698376
0.0710392
0.072253
0.0735481
0.0748052
0.0760986
0.0773675
0.0787257
0.080111
0.0814927
0.0829483
0.0843442
0.085818
0.0873137
0.0887967
0.0903679
0.0918573
0.0934501
0.0950746
0.0965914
0.0980869
0.099427
0.0231321
0.0224458
0.0222165
0.0225291
0.0220381
0.0211461
0.0208996
0.0210735
0.0212718
0.0217279
0.0224024
0.0229398
0.0233253
0.0237807
0.0243631
0.0249187
0.0253588
0.0257972
0.0262835
0.0267784
0.0272464
0.0276849
0.0281258
0.0286231
0.0291659
0.0296673
0.0301385
0.0306318
0.0311631
0.0317062
0.0322168
0.0327337
0.0332586
0.0337548
0.0342726
0.0348645
0.0354767
0.0360208
0.0365734
0.0372154
0.0378528
0.0384672
0.0391053
0.0397468
0.0403879
0.0410628
0.0417339
0.0422891
0.0427386
0.0431393
0.043534
0.0441627
0.0451878
0.0463254
0.0472554
0.0480331
0.0488128
0.0496142
0.0503206
0.0509519
0.05165
0.052567
0.0535755
0.0545003
0.0553923
0.0563072
0.0572037
0.058107
0.0590588
0.0599693
0.0609701
0.0620637
0.0631604
0.0641946
0.0652806
0.0663861
0.0675255
0.0686784
0.0698393
0.0710413
0.0722548
0.0735486
0.074805
0.0760993
0.0773688
0.0787271
0.0801117
0.0814928
0.0829481
0.0843444
0.0858186
0.0873137
0.0887965
0.090368
0.091859
0.0934507
0.0950751
0.0965946
0.0980917
0.0994313
0.0230778
0.0224929
0.0222187
0.0225397
0.0222114
0.0213913
0.0210894
0.0212262
0.021413
0.0218286
0.0224669
0.0229989
0.0233869
0.023844
0.0244273
0.0249709
0.0253907
0.0258187
0.02631
0.0268111
0.0272749
0.0277039
0.0281433
0.0286467
0.0291901
0.0296847
0.0301509
0.0306452
0.031176
0.0317165
0.0322274
0.0327443
0.0332677
0.0337646
0.0342837
0.0348749
0.0354855
0.036029
0.0365796
0.0372189
0.0378575
0.0384724
0.0391061
0.039745
0.0403873
0.0410595
0.0417245
0.0422813
0.0427406
0.0431573
0.0435743
0.0442092
0.0452105
0.0463217
0.0472462
0.0480271
0.0488074
0.0496067
0.0503169
0.0509603
0.0516665
0.0525773
0.0535757
0.0544989
0.0553919
0.0563065
0.0572044
0.0581084
0.0590612
0.0599754
0.0609762
0.0620653
0.0631602
0.0641959
0.0652827
0.0663878
0.067527
0.0686799
0.0698411
0.0710435
0.0722566
0.0735491
0.0748049
0.0761001
0.0773702
0.0787286
0.0801124
0.081493
0.0829479
0.0843448
0.0858194
0.0873138
0.0887964
0.0903683
0.0918609
0.0934516
0.0950757
0.096598
0.0980967
0.0994358
0.0230221
0.0225225
0.0222353
0.0225606
0.0223643
0.0216234
0.0212846
0.0213811
0.0215599
0.0219439
0.0225388
0.0230552
0.0234463
0.0239076
0.0244932
0.0250276
0.0254269
0.0258418
0.0263378
0.0268461
0.0273052
0.0277236
0.0281614
0.0286715
0.0292156
0.0297029
0.030164
0.0306593
0.0311897
0.0317273
0.0322385
0.0327555
0.0332773
0.0337747
0.034295
0.0348856
0.0354949
0.0360377
0.036586
0.0372224
0.0378624
0.0384776
0.039107
0.0397432
0.0403865
0.0410565
0.0417153
0.0422739
0.0427431
0.0431757
0.0436143
0.044255
0.0452332
0.0463184
0.0472371
0.0480209
0.0488018
0.0495994
0.0503133
0.0509684
0.0516826
0.0525874
0.0535761
0.0544976
0.0553915
0.056306
0.0572052
0.0581099
0.0590637
0.0599816
0.0609823
0.062067
0.0631602
0.0641973
0.0652848
0.0663895
0.0675285
0.0686814
0.0698429
0.0710457
0.0722585
0.0735496
0.074805
0.0761009
0.0773717
0.0787302
0.0801132
0.0814933
0.0829478
0.0843452
0.0858202
0.0873138
0.0887963
0.0903686
0.0918628
0.0934529
0.0950765
0.0966018
0.0981021
0.0994406
0.0229769
0.0225396
0.0222535
0.0225933
0.0225078
0.0218376
0.0214797
0.0215416
0.0217094
0.0220715
0.022622
0.0231106
0.0235027
0.0239718
0.0245607
0.0250878
0.0254673
0.025867
0.0263669
0.0268833
0.0273373
0.0277439
0.02818
0.0286975
0.0292425
0.0297218
0.0301776
0.0306741
0.0312044
0.031739
0.0322501
0.0327673
0.0332873
0.033785
0.0343065
0.0348967
0.0355049
0.0360468
0.0365925
0.0372258
0.0378674
0.0384831
0.039108
0.0397412
0.0403856
0.0410536
0.0417066
0.0422668
0.0427462
0.0431946
0.0436535
0.0442997
0.0452558
0.0463158
0.0472283
0.0480145
0.0487961
0.0495921
0.0503099
0.0509764
0.0516983
0.0525974
0.0535768
0.0544965
0.0553912
0.0563055
0.057206
0.0581116
0.0590664
0.0599877
0.0609886
0.0620688
0.0631602
0.0641988
0.065287
0.0663913
0.0675301
0.0686829
0.0698448
0.071048
0.0722603
0.0735502
0.0748051
0.0761017
0.0773734
0.0787319
0.080114
0.0814937
0.0829478
0.0843456
0.0858211
0.0873138
0.0887964
0.0903691
0.0918647
0.0934545
0.0950775
0.0966058
0.0981077
0.0994455
0.022947
0.0225549
0.0222648
0.0226294
0.0226541
0.0220374
0.0216657
0.021709
0.0218628
0.0222071
0.0227185
0.0231688
0.0235548
0.0240359
0.0246304
0.0251506
0.0255116
0.0258948
0.0263975
0.0269229
0.0273716
0.0277652
0.028199
0.0287246
0.0292711
0.029742
0.0301918
0.0306895
0.0312197
0.0317514
0.0322624
0.0327799
0.0332979
0.0337955
0.0343182
0.034908
0.0355153
0.0360564
0.0365992
0.0372293
0.0378726
0.0384888
0.0391092
0.0397393
0.0403845
0.041051
0.0416982
0.0422601
0.0427498
0.0432139
0.0436919
0.0443431
0.0452782
0.046314
0.0472198
0.048008
0.0487904
0.0495851
0.0503066
0.0509841
0.0517137
0.0526072
0.0535776
0.0544956
0.055391
0.0563052
0.057207
0.0581134
0.0590692
0.0599939
0.0609948
0.0620708
0.0631603
0.0642004
0.0652893
0.0663932
0.0675318
0.0686845
0.0698468
0.0710503
0.0722622
0.0735508
0.0748054
0.0761025
0.0773751
0.0787336
0.0801149
0.0814942
0.0829477
0.0843461
0.085822
0.0873139
0.0887965
0.0903696
0.0918667
0.0934564
0.0950786
0.0966101
0.0981137
0.0994507
0.0229293
0.0225794
0.0222718
0.0226569
0.0228075
0.0222332
0.021835
0.021878
0.0220249
0.0223472
0.0228271
0.0232347
0.0236028
0.024098
0.024703
0.0252157
0.0255589
0.0259261
0.02643
0.0269645
0.0274082
0.0277877
0.0282184
0.0287524
0.029301
0.0297635
0.0302069
0.0307057
0.031236
0.0317646
0.0322752
0.0327931
0.0333091
0.0338064
0.0343301
0.0349198
0.0355262
0.0360664
0.036606
0.0372328
0.037878
0.0384948
0.0391106
0.0397373
0.0403834
0.0410486
0.0416904
0.0422537
0.0427538
0.0432336
0.0437294
0.0443851
0.0453003
0.0463129
0.0472116
0.0480015
0.0487847
0.0495782
0.0503036
0.0509916
0.0517286
0.0526169
0.0535787
0.0544948
0.0553909
0.0563049
0.0572081
0.0581153
0.0590721
0.06
0.0610011
0.0620729
0.0631606
0.064202
0.0652916
0.0663951
0.0675336
0.0686862
0.0698488
0.0710527
0.0722641
0.0735515
0.0748057
0.0761034
0.0773769
0.0787355
0.0801158
0.0814948
0.0829477
0.0843466
0.085823
0.087314
0.0887967
0.0903702
0.0918687
0.0934584
0.0950798
0.0966145
0.09812
0.0994562
0.022919
0.0226184
0.0222852
0.0226646
0.0229591
0.0224405
0.0219884
0.0220372
0.0221983
0.0224924
0.0229438
0.0233123
0.0236494
0.0241561
0.0247792
0.0252836
0.0256072
0.0259601
0.0264656
0.0270086
0.0274473
0.0278118
0.0282385
0.0287809
0.0293324
0.0297862
0.0302228
0.0307227
0.0312533
0.031779
0.0322887
0.0328069
0.0333208
0.0338174
0.0343421
0.0349319
0.0355377
0.036077
0.036613
0.0372365
0.0378836
0.038501
0.0391121
0.0397353
0.0403821
0.0410465
0.0416832
0.0422478
0.0427583
0.0432535
0.0437661
0.0444256
0.0453221
0.0463126
0.0472039
0.047995
0.0487789
0.0495716
0.0503008
0.050999
0.0517431
0.0526264
0.05358
0.0544943
0.0553909
0.0563047
0.0572092
0.0581173
0.0590752
0.0600061
0.0610074
0.0620751
0.0631611
0.0642037
0.065294
0.0663971
0.0675354
0.0686879
0.0698509
0.0710551
0.0722661
0.0735522
0.0748061
0.0761044
0.0773788
0.0787373
0.0801168
0.0814953
0.0829477
0.0843472
0.085824
0.087314
0.088797
0.0903708
0.0918707
0.0934605
0.0950811
0.0966191
0.0981266
0.0994619
0.0229133
0.022671
0.0223167
0.0226513
0.0230917
0.0226691
0.0221385
0.0221747
0.0223794
0.0226489
0.0230645
0.0234016
0.0236993
0.0242083
0.0248578
0.0253566
0.0256556
0.0259957
0.0265045
0.0270554
0.0274888
0.0278379
0.0282594
0.02881
0.029365
0.0298105
0.0302396
0.0307403
0.0312713
0.0317941
0.0323031
0.0328215
0.0333334
0.0338288
0.0343544
0.0349442
0.0355496
0.036088
0.0366202
0.0372402
0.0378894
0.0385077
0.0391138
0.0397333
0.0403809
0.0410446
0.0416765
0.0422423
0.0427632
0.0432735
0.0438017
0.0444647
0.0453437
0.0463132
0.0471967
0.0479886
0.0487732
0.0495653
0.0502982
0.0510062
0.0517571
0.0526358
0.0535816
0.0544939
0.055391
0.0563046
0.0572105
0.0581196
0.0590784
0.0600122
0.0610138
0.0620776
0.0631617
0.0642055
0.0652964
0.0663992
0.0675374
0.0686896
0.069853
0.0710576
0.0722682
0.073553
0.0748066
0.0761055
0.0773808
0.0787393
0.0801178
0.0814959
0.0829476
0.0843477
0.0858249
0.0873141
0.0887974
0.0903715
0.0918727
0.0934627
0.0950825
0.0966239
0.0981336
0.0994678
0.0229087
0.0227334
0.0223772
0.0226296
0.0231856
0.0229113
0.0223049
0.022286
0.0225551
0.0228227
0.0231897
0.0234994
0.0237574
0.0242554
0.024936
0.0254361
0.0257046
0.0260311
0.0265471
0.0271055
0.0275327
0.0278659
0.0282816
0.0288399
0.0293986
0.0298361
0.0302577
0.030759
0.0312903
0.0318102
0.0323181
0.0328367
0.0333466
0.0338408
0.0343671
0.0349571
0.035562
0.0360995
0.0366277
0.037244
0.0378955
0.0385147
0.0391157
0.0397314
0.0403796
0.0410431
0.0416706
0.0422372
0.0427684
0.0432938
0.0438364
0.0445021
0.045365
0.0463145
0.04719
0.0479822
0.0487677
0.0495593
0.0502959
0.0510132
0.0517707
0.0526451
0.0535833
0.0544938
0.0553912
0.0563046
0.0572118
0.0581219
0.0590818
0.0600183
0.0610201
0.0620802
0.0631624
0.0642074
0.065299
0.0664014
0.0675394
0.0686914
0.0698552
0.0710602
0.0722703
0.073554
0.0748072
0.0761066
0.0773828
0.0787412
0.0801188
0.0814965
0.0829476
0.0843482
0.0858259
0.0873142
0.0887978
0.0903723
0.0918747
0.0934651
0.095084
0.0966288
0.0981409
0.099474
0.0228979
0.022799
0.0224716
0.022618
0.0232291
0.0231456
0.0225073
0.022384
0.0227088
0.0230123
0.0233257
0.0236009
0.0238254
0.0243008
0.025011
0.025523
0.0257566
0.0260639
0.026592
0.0271603
0.0275797
0.0278958
0.0283049
0.0288708
0.0294335
0.029863
0.0302766
0.0307786
0.0313105
0.0318276
0.0323342
0.0328526
0.0333604
0.033853
0.03438
0.0349702
0.035575
0.0361117
0.0366356
0.037248
0.0379019
0.0385222
0.0391178
0.0397295
0.0403784
0.0410419
0.0416654
0.0422327
0.042774
0.0433141
0.04387
0.0445379
0.0453859
0.0463168
0.0471838
0.0479761
0.0487623
0.0495536
0.0502938
0.05102
0.0517839
0.0526543
0.0535852
0.0544939
0.0553916
0.0563047
0.0572131
0.0581245
0.0590853
0.0600244
0.0610265
0.062083
0.0631634
0.0642094
0.0653016
0.0664036
0.0675415
0.0686932
0.0698575
0.0710628
0.0722725
0.073555
0.0748078
0.0761078
0.0773849
0.0787433
0.0801198
0.0814971
0.0829477
0.0843487
0.085827
0.0873144
0.0887983
0.0903731
0.0918767
0.0934676
0.0950857
0.0966339
0.0981486
0.0994805
0.0228728
0.0228579
0.0225956
0.0226376
0.0232284
0.0233438
0.0227463
0.022491
0.0228311
0.0232063
0.0234808
0.0237051
0.0239006
0.0243488
0.0250804
0.0256155
0.0258151
0.0260942
0.026637
0.0272201
0.0276304
0.0279277
0.0283294
0.0289026
0.0294699
0.0298915
0.0302964
0.0307991
0.0313319
0.0318459
0.0323512
0.0328694
0.0333753
0.0338661
0.0343933
0.0349836
0.0355882
0.0361243
0.0366439
0.0372521
0.0379086
0.0385302
0.0391203
0.0397277
0.0403773
0.041041
0.0416609
0.0422287
0.0427799
0.0433344
0.0439026
0.044572
0.0454064
0.0463198
0.0471783
0.0479702
0.0487572
0.0495483
0.0502921
0.0510267
0.0517966
0.0526633
0.0535873
0.0544941
0.0553922
0.0563049
0.0572145
0.0581272
0.059089
0.0600305
0.0610329
0.062086
0.0631645
0.0642115
0.0653042
0.066406
0.0675437
0.0686951
0.0698599
0.0710656
0.0722747
0.0735562
0.0748085
0.0761091
0.077387
0.0787453
0.0801209
0.0814977
0.0829478
0.0843493
0.085828
0.0873145
0.0887989
0.090374
0.0918786
0.0934702
0.0950876
0.0966391
0.0981566
0.0994874
0.0228283
0.022897
0.0227361
0.0227061
0.0232064
0.0234803
0.0230003
0.0226332
0.02293
0.0233868
0.0236572
0.0238186
0.0239797
0.024402
0.0251449
0.02571
0.0258827
0.0261228
0.0266785
0.0272851
0.0276868
0.0279615
0.028355
0.0289358
0.0295082
0.0299217
0.0303168
0.03082
0.0313549
0.0318658
0.032369
0.0328866
0.0333907
0.0338799
0.0344073
0.0349977
0.0356022
0.0361377
0.0366527
0.0372563
0.0379152
0.0385386
0.0391232
0.039726
0.0403764
0.0410407
0.0416573
0.0422253
0.0427861
0.0433547
0.0439341
0.0446046
0.0454266
0.0463237
0.0471734
0.0479645
0.0487523
0.0495433
0.0502906
0.0510331
0.0518088
0.0526722
0.0535896
0.0544946
0.055393
0.0563053
0.057216
0.0581301
0.0590928
0.0600365
0.0610392
0.0620892
0.0631658
0.0642138
0.065307
0.0664084
0.067546
0.0686971
0.0698624
0.0710683
0.072277
0.0735574
0.0748093
0.0761104
0.0773891
0.0787474
0.0801221
0.0814984
0.0829479
0.0843498
0.0858291
0.0873147
0.0887995
0.090375
0.0918806
0.093473
0.0950897
0.0966444
0.0981651
0.0994945
0.0227698
0.0229028
0.0228725
0.0228257
0.0231925
0.0235483
0.02324
0.022825
0.0230274
0.0235388
0.0238441
0.0239494
0.024063
0.0244602
0.0252062
0.0258033
0.0259615
0.0261539
0.0267129
0.0273522
0.0277511
0.0279979
0.0283804
0.0289701
0.0295485
0.0299542
0.0303381
0.030841
0.0313791
0.0318874
0.032388
0.0329048
0.0334069
0.0338942
0.0344215
0.0350119
0.0356165
0.0361517
0.0366621
0.0372609
0.0379223
0.0385476
0.0391265
0.0397243
0.0403755
0.0410407
0.0416545
0.0422224
0.0427926
0.043375
0.0439645
0.0446354
0.0454463
0.0463284
0.0471691
0.0479591
0.0487478
0.0495389
0.0502895
0.0510395
0.0518205
0.0526809
0.0535921
0.0544954
0.0553939
0.0563058
0.0572176
0.0581331
0.0590968
0.0600425
0.0610455
0.0620925
0.0631673
0.0642161
0.0653099
0.066411
0.0675484
0.0686992
0.0698649
0.0710712
0.0722793
0.0735587
0.0748101
0.0761118
0.0773912
0.0787496
0.0801232
0.081499
0.0829481
0.0843503
0.0858302
0.0873149
0.0888002
0.0903761
0.0918825
0.093476
0.095092
0.0966499
0.0981739
0.0995021
0.0227167
0.022872
0.0229802
0.0229812
0.0232147
0.0235636
0.0234318
0.023053
0.0231518
0.0236648
0.0240244
0.0240996
0.0241562
0.0245227
0.0252653
0.0258928
0.0260514
0.0261926
0.0267393
0.027418
0.0278252
0.0280386
0.0284044
0.0290056
0.0295916
0.0299889
0.0303606
0.0308618
0.0314044
0.0319113
0.0324082
0.0329234
0.033424
0.0339096
0.0344366
0.0350267
0.0356312
0.0361661
0.0366719
0.0372656
0.0379293
0.0385571
0.0391304
0.0397229
0.0403749
0.0410414
0.0416528
0.0422203
0.0427993
0.0433952
0.0439939
0.0446647
0.0454656
0.0463339
0.0471657
0.0479541
0.0487436
0.0495349
0.0502886
0.0510456
0.0518318
0.0526894
0.0535948
0.0544963
0.0553951
0.0563064
0.0572192
0.0581363
0.059101
0.0600485
0.0610518
0.0620961
0.0631691
0.0642186
0.0653128
0.0664136
0.067551
0.0687014
0.0698676
0.0710741
0.0722817
0.0735602
0.074811
0.0761132
0.0773933
0.0787517
0.0801244
0.0814997
0.0829483
0.0843509
0.0858313
0.0873152
0.0888009
0.0903773
0.0918845
0.0934791
0.0950946
0.0966555
0.098183
0.09951
0.0226954
0.0228176
0.0230375
0.0231469
0.0232912
0.0235552
0.0235564
0.0232895
0.0233224
0.0237842
0.0241807
0.0242593
0.0242667
0.0245916
0.0253212
0.0259761
0.0261511
0.0262441
0.0267585
0.0274764
0.0279096
0.0280882
0.0284258
0.0290405
0.0296389
0.0300267
0.0303841
0.0308824
0.0314299
0.0319374
0.0324304
0.0329427
0.0334415
0.0339257
0.0344523
0.0350421
0.0356466
0.0361816
0.0366826
0.0372706
0.0379364
0.0385671
0.0391349
0.0397216
0.0403743
0.0410426
0.041652
0.0422188
0.0428062
0.0434153
0.0440223
0.0446925
0.0454844
0.0463402
0.0471629
0.0479495
0.0487398
0.0495314
0.0502882
0.0510516
0.0518426
0.0526978
0.0535976
0.0544975
0.0553964
0.0563072
0.0572209
0.0581397
0.0591054
0.0600545
0.0610581
0.0620998
0.063171
0.0642212
0.0653159
0.0664164
0.0675536
0.0687037
0.0698704
0.0710771
0.0722841
0.0735617
0.0748119
0.0761146
0.0773954
0.078754
0.0801257
0.0815004
0.0829486
0.0843514
0.0858325
0.0873155
0.0888018
0.0903787
0.0918864
0.0934823
0.0950975
0.0966613
0.0981925
0.0995182
0.0227345
0.0227591
0.0230393
0.0232954
0.023428
0.0235627
0.0236184
0.0234983
0.0235335
0.0239219
0.024313
0.0244119
0.0243956
0.0246743
0.0253751
0.0260498
0.026256
0.0263124
0.0267756
0.0275219
0.0280001
0.0281509
0.0284455
0.0290714
0.029691
0.0300692
0.0304086
0.0309029
0.0314557
0.0319653
0.0324549
0.032963
0.0334594
0.0339427
0.0344688
0.0350578
0.0356621
0.0361975
0.036694
0.0372759
0.0379437
0.0385779
0.0391402
0.0397207
0.0403741
0.0410444
0.0416523
0.0422181
0.0428133
0.0434352
0.0440497
0.0447187
0.0455027
0.0463472
0.047161
0.0479453
0.0487365
0.0495285
0.050288
0.0510574
0.051853
0.0527061
0.0536007
0.0544989
0.055398
0.0563083
0.0572227
0.0581432
0.0591099
0.0600604
0.0610643
0.0621037
0.0631731
0.064224
0.065319
0.0664192
0.0675564
0.068706
0.0698733
0.0710802
0.0722864
0.0735634
0.0748129
0.0761162
0.0773975
0.0787562
0.080127
0.0815012
0.082949
0.084352
0.0858337
0.0873159
0.0888026
0.0903802
0.0918883
0.0934858
0.0951007
0.0966671
0.0982023
0.0995269
0.0228238
0.0226981
0.0229984
0.0234147
0.0236235
0.0236363
0.0236427
0.023648
0.0237583
0.0240963
0.0244375
0.0245424
0.0245326
0.0247778
0.0254335
0.0261125
0.0263608
0.0263996
0.0267972
0.0275511
0.0280904
0.0282306
0.0284677
0.0290943
0.0297462
0.030119
0.0304341
0.0309222
0.0314814
0.0319947
0.0324821
0.0329848
0.0334775
0.0339602
0.0344865
0.0350743
0.0356782
0.0362142
0.0367062
0.0372814
0.0379509
0.0385891
0.0391462
0.03972
0.040374
0.041047
0.0416536
0.0422182
0.0428205
0.0434548
0.0440762
0.0447435
0.0455205
0.046355
0.0471599
0.0479416
0.0487336
0.0495261
0.0502883
0.0510631
0.0518629
0.0527142
0.0536039
0.0545006
0.0553999
0.0563095
0.0572245
0.0581469
0.0591147
0.0600663
0.0610705
0.0621079
0.0631755
0.0642269
0.0653223
0.0664222
0.0675593
0.0687085
0.0698763
0.0710833
0.0722889
0.0735651
0.074814
0.0761177
0.0773997
0.0787585
0.0801283
0.081502
0.0829495
0.0843526
0.085835
0.0873163
0.0888036
0.0903818
0.0918902
0.0934894
0.0951043
0.0966732
0.0982125
0.099536
0.0229209
0.0226249
0.022927
0.0235095
0.0238647
0.0238093
0.023676
0.0237348
0.023966
0.0243059
0.0245784
0.0246533
0.0246615
0.0249004
0.025507
0.0261672
0.0264578
0.0265041
0.0268337
0.0275666
0.0281714
0.0283271
0.0285
0.0291078
0.0297998
0.0301791
0.0304635
0.0309394
0.0315069
0.0320254
0.0325116
0.0330088
0.033496
0.0339779
0.0345049
0.0350914
0.0356946
0.0362317
0.0367196
0.0372876
0.0379582
0.0386009
0.0391533
0.0397198
0.0403741
0.0410502
0.041656
0.042219
0.0428279
0.0434742
0.0441018
0.0447669
0.0455377
0.0463634
0.0471595
0.0479384
0.0487312
0.0495242
0.050289
0.0510686
0.0518724
0.0527222
0.0536073
0.0545025
0.055402
0.056311
0.0572265
0.0581508
0.0591196
0.0600722
0.0610767
0.0621121
0.0631781
0.06423
0.0653256
0.0664253
0.0675623
0.0687111
0.0698794
0.0710866
0.0722913
0.073567
0.0748152
0.0761194
0.0774019
0.0787609
0.0801297
0.0815028
0.0829501
0.0843532
0.0858363
0.0873169
0.0888046
0.0903837
0.0918922
0.0934931
0.0951083
0.0966794
0.0982229
0.0995455
0.0230181
0.0225575
0.0228406
0.0235803
0.0241193
0.024066
0.0237643
0.0237772
0.0241248
0.0245278
0.0247539
0.0247645
0.0247682
0.0250278
0.0256049
0.0262251
0.0265405
0.0266161
0.0268922
0.0275763
0.0282346
0.0284344
0.0285502
0.0291145
0.0298454
0.0302491
0.0305014
0.030954
0.0315303
0.0320579
0.0325436
0.0330352
0.0335156
0.0339955
0.0345242
0.0351099
0.0357114
0.0362498
0.0367339
0.0372941
0.0379652
0.0386132
0.0391616
0.0397202
0.0403744
0.0410543
0.0416599
0.0422207
0.0428354
0.0434933
0.0441265
0.044789
0.0455544
0.0463725
0.0471601
0.0479358
0.0487294
0.049523
0.05029
0.051074
0.0518815
0.0527301
0.0536109
0.0545047
0.0554044
0.0563127
0.0572286
0.0581549
0.0591247
0.0600781
0.0610829
0.0621166
0.063181
0.0642332
0.0653291
0.0664285
0.0675655
0.0687137
0.0698826
0.0710899
0.0722938
0.0735689
0.0748165
0.0761211
0.0774042
0.0787632
0.0801312
0.0815038
0.0829508
0.0843538
0.0858375
0.0873176
0.0888056
0.0903857
0.0918942
0.093497
0.0951128
0.0966857
0.0982335
0.0995555
0.0232296
0.0225904
0.0227692
0.0236049
0.0243265
0.0243635
0.0239365
0.0238096
0.0242175
0.0247303
0.0249614
0.0248993
0.0248546
0.0251361
0.0257229
0.0263007
0.0266088
0.0267226
0.026975
0.0275923
0.0282746
0.0285409
0.0286235
0.0291223
0.0298764
0.0303233
0.0305525
0.0309688
0.0315487
0.0320912
0.0325783
0.0330642
0.0335373
0.0340132
0.0345434
0.0351293
0.0357289
0.0362685
0.0367497
0.0373013
0.0379723
0.0386259
0.0391707
0.0397211
0.0403746
0.0410587
0.0416649
0.0422233
0.042843
0.0435122
0.0441506
0.0448098
0.0455704
0.0463821
0.0471616
0.0479338
0.0487281
0.0495224
0.0502915
0.0510794
0.0518903
0.0527378
0.0536146
0.0545071
0.0554071
0.0563146
0.0572309
0.0581591
0.0591299
0.060084
0.0610891
0.0621212
0.0631841
0.0642366
0.0653327
0.0664318
0.0675688
0.0687165
0.0698859
0.0710932
0.0722963
0.073571
0.0748178
0.0761228
0.0774065
0.0787656
0.0801327
0.0815047
0.0829517
0.0843545
0.0858388
0.0873185
0.0888067
0.0903879
0.0918963
0.093501
0.0951176
0.0966923
0.0982444
0.0995659
0.023401
0.0227157
0.0227501
0.0235939
0.024464
0.0246572
0.0241986
0.0238817
0.0242549
0.024886
0.0251837
0.0250803
0.0249447
0.0252092
0.0258425
0.026409
0.0266769
0.0268107
0.027073
0.0276294
0.0282984
0.028634
0.0287178
0.0291422
0.029893
0.0303943
0.0306191
0.0309896
0.0315609
0.0321231
0.0326168
0.0330957
0.0335607
0.0340313
0.0345623
0.0351497
0.0357476
0.0362879
0.0367663
0.0373088
0.037979
0.0386391
0.0391812
0.039723
0.0403753
0.041064
0.0416714
0.0422268
0.0428505
0.0435308
0.044174
0.0448295
0.0455859
0.0463923
0.0471639
0.0479324
0.0487273
0.0495224
0.0502933
0.0510847
0.0518987
0.0527454
0.0536185
0.0545098
0.0554101
0.0563169
0.0572333
0.0581636
0.0591354
0.0600898
0.0610953
0.062126
0.0631874
0.0642402
0.0653364
0.0664353
0.0675722
0.0687194
0.0698893
0.0710967
0.0722989
0.0735733
0.0748193
0.0761246
0.0774089
0.078768
0.0801343
0.0815058
0.0829526
0.0843552
0.0858401
0.0873195
0.0888079
0.0903902
0.0918985
0.0935051
0.0951229
0.096699
0.0982555
0.0995768
0.0235389
0.0229215
0.0228122
0.02357
0.0245347
0.0249102
0.0245233
0.0240359
0.0242654
0.0249773
0.0253978
0.025306
0.0250665
0.025251
0.0259364
0.0265475
0.0267654
0.0268784
0.0271705
0.0276957
0.0283202
0.0287035
0.0288223
0.029184
0.0299016
0.0304528
0.0306969
0.0310232
0.0315692
0.0321492
0.032658
0.033131
0.0335861
0.0340509
0.0345809
0.0351697
0.035767
0.0363084
0.0367844
0.0373175
0.037986
0.0386528
0.0391932
0.039726
0.040376
0.0410697
0.0416791
0.0422312
0.0428577
0.043549
0.0441971
0.0448483
0.0456008
0.0464031
0.0471671
0.0479317
0.0487272
0.0495231
0.0502957
0.0510899
0.0519067
0.0527529
0.0536226
0.0545127
0.0554134
0.0563193
0.0572357
0.0581682
0.059141
0.0600957
0.0611014
0.062131
0.063191
0.064244
0.0653403
0.0664389
0.0675757
0.0687225
0.0698929
0.0711002
0.0723016
0.0735756
0.0748209
0.0761265
0.0774114
0.0787705
0.0801359
0.0815069
0.0829537
0.084356
0.0858414
0.0873206
0.0888092
0.0903927
0.0919009
0.0935093
0.0951287
0.0967061
0.0982667
0.099588
0.0236429
0.0231754
0.0229555
0.0235559
0.0245529
0.0250973
0.02486
0.0242807
0.0242889
0.0250041
0.0255772
0.0255563
0.0252407
0.0252879
0.0259808
0.026693
0.0268944
0.0269393
0.0272463
0.0277825
0.0283596
0.0287509
0.02892
0.0292504
0.0299138
0.0304945
0.0307773
0.0310735
0.0315789
0.0321671
0.0327
0.033172
0.0336135
0.0340714
0.0346003
0.0351898
0.0357872
0.0363305
0.0368041
0.0373268
0.0379923
0.0386665
0.0392064
0.0397298
0.0403767
0.0410758
0.0416885
0.042237
0.0428648
0.0435666
0.0442197
0.0448661
0.0456149
0.0464143
0.0471711
0.0479316
0.0487276
0.0495244
0.0502985
0.0510951
0.0519145
0.0527604
0.0536269
0.0545159
0.055417
0.0563221
0.0572383
0.058173
0.0591468
0.0601015
0.0611077
0.0621362
0.0631948
0.0642479
0.0653444
0.0664426
0.0675794
0.0687256
0.0698966
0.0711038
0.0723043
0.0735781
0.0748227
0.0761285
0.077414
0.078773
0.0801375
0.0815082
0.0829548
0.0843569
0.0858427
0.087322
0.0888106
0.0903954
0.0919035
0.0935136
0.0951349
0.0967133
0.098278
0.0995997
0.0237037
0.0234194
0.0231558
0.0235728
0.0245365
0.02522
0.0251622
0.0245915
0.0243734
0.0249924
0.0257036
0.0258063
0.0254679
0.0253537
0.0259765
0.0268101
0.027067
0.0270207
0.0272923
0.0278689
0.0284309
0.0287929
0.0289959
0.0293321
0.0299431
0.0305229
0.0308508
0.0311393
0.0315978
0.0321774
0.0327379
0.0332183
0.0336447
0.0340928
0.034621
0.0352097
0.0358061
0.0363531
0.0368259
0.037337
0.0379983
0.0386806
0.0392214
0.0397354
0.0403778
0.0410822
0.0416993
0.0422441
0.0428717
0.0435836
0.0442421
0.0448833
0.0456284
0.046426
0.0471762
0.0479322
0.0487287
0.0495265
0.0503017
0.0511003
0.0519221
0.0527678
0.0536314
0.0545194
0.055421
0.0563253
0.0572412
0.0581781
0.0591528
0.0601073
0.0611139
0.0621416
0.0631989
0.064252
0.0653486
0.0664465
0.0675832
0.0687289
0.0699005
0.0711075
0.0723071
0.0735806
0.0748245
0.0761305
0.0774166
0.0787755
0.0801391
0.0815095
0.0829561
0.084358
0.085844
0.0873235
0.0888121
0.0903982
0.0919064
0.093518
0.0951415
0.0967209
0.0982895
0.0996118
0.0237128
0.0236132
0.023385
0.0236445
0.0245152
0.0252944
0.0254076
0.0249267
0.0245427
0.0249796
0.0257672
0.0260276
0.0257284
0.025478
0.0259526
0.0268672
0.0272606
0.0271506
0.0273211
0.0279292
0.0285293
0.028853
0.0290467
0.0294109
0.0299971
0.0305497
0.0309098
0.0312133
0.0316305
0.0321846
0.0327685
0.0332683
0.0336812
0.0341138
0.0346421
0.0352312
0.0358249
0.0363766
0.0368511
0.0373493
0.0380037
0.0386945
0.0392379
0.0397423
0.0403788
0.0410883
0.0417115
0.0422529
0.0428786
0.0435999
0.0442643
0.0449
0.0456414
0.046438
0.0471821
0.0479336
0.0487304
0.0495291
0.0503055
0.0511056
0.0519294
0.0527751
0.053636
0.0545231
0.0554253
0.0563286
0.0572441
0.0581834
0.0591591
0.0601131
0.0611201
0.062147
0.0632032
0.0642563
0.0653529
0.0664506
0.0675871
0.0687323
0.0699045
0.0711112
0.0723099
0.0735834
0.0748265
0.0761327
0.0774194
0.0787781
0.0801408
0.0815109
0.0829574
0.0843591
0.0858452
0.0873251
0.0888138
0.090401
0.0919096
0.0935225
0.0951485
0.0967289
0.0983011
0.0996243
0.0236787
0.0237468
0.0236185
0.0237763
0.0245123
0.0253313
0.0255925
0.0252451
0.024788
0.0250064
0.0257792
0.0262007
0.0259989
0.0256681
0.0259464
0.026855
0.0274354
0.0273411
0.027364
0.0279472
0.0286296
0.0289516
0.0290902
0.0294668
0.0300686
0.0305895
0.030954
0.0312866
0.0316788
0.0321943
0.0327907
0.0333184
0.0337245
0.0341369
0.0346636
0.0352554
0.0358433
0.0363979
0.0368778
0.0373639
0.0380079
0.0387074
0.0392561
0.0397513
0.0403805
0.0410947
0.0417252
0.0422634
0.0428854
0.0436152
0.0442863
0.0449163
0.0456536
0.0464503
0.047189
0.0479356
0.0487326
0.0495324
0.0503097
0.051111
0.0519366
0.0527824
0.0536408
0.054527
0.0554301
0.0563324
0.0572472
0.0581889
0.0591655
0.060119
0.0611264
0.0621527
0.0632079
0.0642607
0.0653574
0.0664548
0.0675912
0.0687359
0.0699088
0.071115
0.0723129
0.0735863
0.0748286
0.0761349
0.0774221
0.0787808
0.0801425
0.0815125
0.0829589
0.0843604
0.0858465
0.0873269
0.0888157
0.0904039
0.0919131
0.0935272
0.0951558
0.0967372
0.0983127
0.099637
0.0236293
0.0238304
0.02383
0.0239501
0.0245443
0.0253452
0.0257257
0.0255256
0.0250802
0.0250977
0.0257649
0.0263149
0.0262541
0.0259075
0.0259923
0.0268012
0.0275522
0.027571
0.0274558
0.0279334
0.0287004
0.0290868
0.0291531
0.0294913
0.0301381
0.0306548
0.0309936
0.0313496
0.0317389
0.0322111
0.0328068
0.0333675
0.0337747
0.0341621
0.0346821
0.0352809
0.0358634
0.0364174
0.0369058
0.0373827
0.0380132
0.0387196
0.0392763
0.0397628
0.0403823
0.0411004
0.0417396
0.0422757
0.0428923
0.0436296
0.0443084
0.0449324
0.0456651
0.046463
0.0471969
0.0479382
0.0487353
0.0495364
0.0503145
0.0511165
0.0519437
0.0527897
0.0536458
0.0545312
0.0554351
0.0563365
0.0572504
0.0581945
0.0591722
0.0601249
0.0611326
0.0621585
0.0632129
0.0642654
0.065362
0.0664592
0.0675953
0.0687395
0.0699131
0.0711188
0.0723159
0.0735892
0.0748308
0.0761373
0.077425
0.0787836
0.0801442
0.0815142
0.0829604
0.0843619
0.0858479
0.0873289
0.0888178
0.0904068
0.0919169
0.093532
0.0951634
0.096746
0.0983244
0.0996501
0.023601
0.0238903
0.0240043
0.0241386
0.0246134
0.0253524
0.0258177
0.0257612
0.0253841
0.0252561
0.0257586
0.0263745
0.0264747
0.0261725
0.0261055
0.0267452
0.0275898
0.0277978
0.0276199
0.027922
0.028716
0.0292316
0.0292633
0.0295018
0.0301817
0.0307425
0.0310434
0.0313982
0.0318055
0.0322395
0.032817
0.0334114
0.03383
0.0341911
0.0346993
0.0353086
0.0358885
0.0364362
0.0369327
0.037405
0.0380198
0.0387294
0.0392965
0.0397767
0.0403848
0.0411058
0.0417553
0.0422902
0.0428996
0.043643
0.0443303
0.0449484
0.0456759
0.0464758
0.047206
0.0479415
0.0487384
0.0495411
0.0503198
0.0511222
0.0519506
0.0527969
0.0536511
0.0545356
0.0554405
0.056341
0.0572538
0.0582003
0.0591791
0.060131
0.0611389
0.0621643
0.063218
0.0642702
0.0653667
0.0664638
0.0675997
0.0687433
0.0699176
0.0711228
0.072319
0.0735924
0.0748332
0.0761398
0.0774279
0.0787864
0.080146
0.0815161
0.0829621
0.0843634
0.0858494
0.0873309
0.0888202
0.0904098
0.091921
0.0935371
0.0951712
0.0967552
0.0983362
0.0996634
0.0235963
0.0239434
0.0241413
0.0243196
0.0247116
0.0253705
0.0258864
0.0259551
0.0256719
0.0254661
0.0257907
0.0263964
0.0266452
0.0264363
0.0262776
0.0267266
0.0275673
0.0279769
0.0278421
0.027954
0.0286814
0.0293497
0.029425
0.029527
0.0301849
0.0308333
0.0311187
0.0314374
0.0318689
0.0322809
0.0328234
0.0334494
0.0338938
0.0342272
0.0347134
0.0353342
0.0359172
0.0364552
0.0369564
0.0374291
0.0380291
0.0387387
0.0393173
0.039794
0.040389
0.0411105
0.0417716
0.0423065
0.042907
0.0436551
0.0443522
0.0449649
0.0456859
0.0464885
0.0472163
0.0479457
0.0487418
0.0495464
0.0503257
0.0511282
0.0519576
0.0528042
0.0536565
0.0545401
0.0554463
0.0563459
0.0572574
0.0582061
0.059186
0.0601371
0.0611453
0.0621703
0.0632236
0.0642753
0.0653716
0.0664684
0.0676042
0.0687472
0.0699224
0.071127
0.0723222
0.0735957
0.0748356
0.0761425
0.0774308
0.0787894
0.0801478
0.0815181
0.0829639
0.084365
0.085851
0.087333
0.0888229
0.0904128
0.0919255
0.0935425
0.0951792
0.0967647
0.0983482
0.0996769
0.0235936
0.0240033
0.0242624
0.0244887
0.0248315
0.0254097
0.0259458
0.0261101
0.0259236
0.0257026
0.0258762
0.0264059
0.0267611
0.0266789
0.0264915
0.0267658
0.0275198
0.0280809
0.0280817
0.0280615
0.0286308
0.0294057
0.0296123
0.0296009
0.0301603
0.0309011
0.0312213
0.0314804
0.0319223
0.0323373
0.0328329
0.0334757
0.0339619
0.0342715
0.0347232
0.0353553
0.0359511
0.0364787
0.0369785
0.0374536
0.0380421
0.0387486
0.0393376
0.0398129
0.0403944
0.0411143
0.041788
0.0423251
0.0429152
0.0436661
0.0443742
0.0449819
0.0456954
0.0465009
0.0472277
0.0479508
0.0487454
0.0495522
0.0503321
0.0511343
0.0519646
0.0528115
0.0536623
0.0545449
0.0554522
0.0563512
0.0572614
0.0582122
0.0591932
0.0601434
0.0611518
0.0621762
0.0632294
0.0642807
0.0653767
0.0664734
0.0676088
0.0687512
0.0699271
0.0711311
0.0723255
0.0735991
0.0748382
0.0761455
0.0774338
0.0787924
0.0801496
0.0815203
0.0829658
0.0843666
0.0858529
0.0873352
0.0888259
0.0904159
0.0919302
0.0935483
0.0951872
0.0967747
0.0983603
0.0996905
0.0235913
0.0240668
0.0243779
0.0246415
0.0249646
0.0254691
0.0260001
0.0262343
0.0261383
0.0259443
0.0260125
0.0264303
0.0268304
0.0268825
0.0267254
0.0268617
0.0274851
0.0281192
0.0282916
0.0282395
0.0286099
0.0293944
0.0297859
0.0297386
0.0301367
0.0309252
0.0313376
0.0315446
0.0319637
0.0323996
0.0328501
0.0334864
0.03403
0.0343324
0.0347338
0.0353685
0.0359878
0.0365092
0.0370002
0.0374757
0.0380563
0.0387596
0.0393578
0.0398333
0.0404021
0.0411184
0.0418046
0.042346
0.0429243
0.0436754
0.0443959
0.0449998
0.0457043
0.0465128
0.0472402
0.047957
0.0487494
0.0495587
0.050339
0.0511407
0.0519717
0.0528188
0.0536682
0.0545499
0.0554585
0.056357
0.0572656
0.0582182
0.0592004
0.06015
0.0611584
0.0621823
0.0632355
0.0642861
0.0653819
0.0664785
0.0676135
0.0687555
0.0699322
0.0711355
0.0723288
0.0736027
0.0748408
0.0761486
0.0774368
0.0787955
0.0801516
0.0815226
0.0829679
0.0843683
0.0858551
0.0873375
0.0888291
0.0904191
0.0919351
0.0935545
0.0951953
0.0967849
0.0983726
0.0997042
0.0235963
0.0241152
0.0244844
0.024782
0.0251114
0.0255506
0.0260502
0.0263362
0.0263217
0.0261726
0.0261795
0.0264866
0.0268748
0.0270396
0.0269589
0.0270045
0.0274859
0.0281203
0.0284406
0.0284512
0.0286567
0.0293451
0.0299043
0.0299226
0.0301502
0.0309084
0.0314426
0.0316362
0.0319999
0.0324596
0.0328839
0.0334869
0.0340884
0.0344112
0.0347516
0.0353693
0.0360213
0.036548
0.037025
0.0374948
0.03807
0.0387729
0.0393797
0.0398553
0.0404111
0.0411224
0.0418208
0.0423685
0.0429345
0.0436832
0.0444173
0.045019
0.0457129
0.0465241
0.0472536
0.0479642
0.0487537
0.0495655
0.0503466
0.0511473
0.0519787
0.0528264
0.0536746
0.054555
0.055465
0.0563631
0.0572702
0.0582245
0.0592076
0.0601566
0.061165
0.0621884
0.063242
0.0642917
0.0653871
0.0664838
0.0676183
0.0687599
0.0699373
0.07114
0.0723323
0.0736065
0.0748435
0.076152
0.0774398
0.0787986
0.0801537
0.081525
0.0829702
0.0843698
0.0858576
0.0873399
0.0888325
0.0904225
0.0919402
0.0935612
0.0952035
0.0967954
0.0983852
0.0997181
0.0236185
0.0241526
0.02459
0.0249226
0.0252632
0.0256466
0.0260956
0.0264214
0.0264818
0.0263804
0.0263569
0.0265783
0.026921
0.0271517
0.0271676
0.0271781
0.02753
0.0281154
0.028531
0.0286521
0.0287753
0.0293038
0.0299512
0.0301157
0.0302232
0.0308726
0.0315132
0.03175
0.0320477
0.0325127
0.0329331
0.0334845
0.0341251
0.0345012
0.0347877
0.03536
0.036044
0.0365944
0.0370591
0.0375131
0.0380805
0.0387871
0.0394039
0.0398784
0.0404208
0.0411261
0.0418369
0.0423933
0.0429462
0.0436896
0.044438
0.0450394
0.0457216
0.0465346
0.0472678
0.0479726
0.0487582
0.0495727
0.0503549
0.0511544
0.0519856
0.052834
0.0536814
0.0545603
0.0554717
0.0563697
0.0572751
0.0582307
0.059215
0.0601637
0.0611717
0.0621943
0.0632487
0.0642977
0.0653927
0.0664895
0.0676232
0.0687643
0.0699424
0.0711445
0.0723357
0.0736105
0.0748463
0.0761557
0.077443
0.0788017
0.080156
0.0815275
0.0829727
0.0843714
0.0858604
0.0873424
0.0888361
0.0904262
0.0919454
0.0935683
0.0952118
0.0968061
0.0983981
0.099732
0.0236634
0.0241968
0.0246932
0.0250561
0.0254019
0.0257563
0.0261521
0.0264956
0.0266218
0.0265698
0.0265323
0.0266917
0.0269838
0.0272342
0.0273383
0.0273658
0.027615
0.0281245
0.0285839
0.0288131
0.0289369
0.0293113
0.0299447
0.0302742
0.0303519
0.0308506
0.0315432
0.0318683
0.0321151
0.0325567
0.0329903
0.0334923
0.0341402
0.0345899
0.0348502
0.0353512
0.0360485
0.0366409
0.0371061
0.0375349
0.0380846
0.0387992
0.0394321
0.0399047
0.0404315
0.0411291
0.0418529
0.0424204
0.0429592
0.0436943
0.0444581
0.0450611
0.0457305
0.0465444
0.0472826
0.0479818
0.0487632
0.0495804
0.0503637
0.051162
0.0519924
0.0528415
0.0536886
0.0545658
0.0554786
0.0563767
0.0572802
0.0582369
0.0592224
0.0601711
0.0611785
0.0622004
0.0632558
0.0643036
0.065398
0.0664953
0.0676282
0.0687692
0.069948
0.0711493
0.0723393
0.0736146
0.0748491
0.0761595
0.0774462
0.0788048
0.0801586
0.0815301
0.0829756
0.0843728
0.0858634
0.0873453
0.0888397
0.0904301
0.0919507
0.0935759
0.0952203
0.0968168
0.0984111
0.0997461
0.0237158
0.0242461
0.0247804
0.0251786
0.0255313
0.0258829
0.0262315
0.0265605
0.0267356
0.0267384
0.0267034
0.0268156
0.0270674
0.027309
0.0274699
0.0275455
0.0277311
0.0281565
0.0286205
0.02893
0.0291041
0.0293803
0.0299252
0.0303748
0.0305108
0.030868
0.0315404
0.0319689
0.0322025
0.0326011
0.0330489
0.0335156
0.0341404
0.0346624
0.0349369
0.0353581
0.0360347
0.0366757
0.0371652
0.0375679
0.0380834
0.0388046
0.0394643
0.0399363
0.0404427
0.0411305
0.041868
0.0424505
0.0429742
0.0436971
0.0444772
0.0450843
0.0457395
0.0465536
0.0472981
0.047992
0.0487684
0.0495885
0.0503729
0.0511701
0.0519994
0.052849
0.0536962
0.0545714
0.0554858
0.0563843
0.0572857
0.058243
0.05923
0.0601791
0.0611854
0.062206
0.0632632
0.06431
0.0654036
0.0665014
0.0676332
0.068774
0.0699535
0.0711543
0.072343
0.073619
0.0748522
0.0761635
0.0774495
0.0788077
0.0801613
0.0815327
0.0829786
0.0843743
0.0858666
0.0873485
0.0888434
0.0904344
0.0919562
0.0935838
0.0952289
0.0968276
0.0984244
0.0997602
0.0237593
0.0242925
0.0248554
0.0252977
0.0256592
0.0260129
0.02633
0.026623
0.0268245
0.0268848
0.0268727
0.0269457
0.0271602
0.0273881
0.027576
0.0277045
0.0278645
0.0282126
0.0286539
0.0290138
0.0292511
0.0294917
0.0299313
0.0304234
0.0306629
0.0309333
0.0315276
0.0320422
0.0323038
0.0326541
0.0331038
0.0335516
0.0341373
0.0347108
0.0350325
0.0353924
0.0360143
0.0366882
0.0372286
0.0376211
0.0380832
0.0387972
0.0394966
0.039976
0.0404557
0.0411291
0.0418814
0.0424833
0.0429923
0.0436978
0.0444948
0.0451096
0.045749
0.0465615
0.0473145
0.0480032
0.0487735
0.049597
0.0503829
0.0511785
0.0520065
0.0528566
0.053704
0.0545772
0.0554932
0.0563925
0.0572915
0.0582487
0.0592376
0.0601878
0.0611924
0.0622116
0.0632709
0.0643166
0.0654093
0.0665077
0.0676383
0.0687791
0.0699591
0.0711593
0.0723465
0.0736234
0.0748553
0.0761678
0.0774532
0.0788106
0.0801646
0.0815353
0.082982
0.0843759
0.0858699
0.0873521
0.088847
0.0904389
0.0919617
0.093592
0.0952378
0.0968384
0.0984378
0.0997744
0.0238009
0.0243404
0.0249257
0.0254104
0.0257835
0.026132
0.0264375
0.0266983
0.0269017
0.0270054
0.0270297
0.0270791
0.0272558
0.0274765
0.0276723
0.0278375
0.0279997
0.0282921
0.0286969
0.0290782
0.0293695
0.029616
0.0299757
0.0304463
0.0307812
0.0310361
0.031529
0.0320854
0.0324051
0.0327185
0.0331582
0.0335981
0.0341394
0.0347375
0.0351208
0.0354542
0.0360049
0.0366754
0.0372795
0.0376958
0.0380959
0.0387751
0.039522
0.0400271
0.0404743
0.0411234
0.0418919
0.0425188
0.0430141
0.0436966
0.0445095
0.0451373
0.0457597
0.0465679
0.0473316
0.048016
0.0487785
0.0496054
0.0503939
0.0511876
0.0520134
0.0528644
0.0537124
0.0545828
0.0555007
0.0564016
0.0572979
0.0582539
0.0592449
0.0601969
0.0611995
0.0622171
0.0632789
0.0643234
0.0654149
0.0665143
0.0676435
0.0687844
0.0699649
0.0711647
0.0723504
0.0736278
0.0748586
0.0761718
0.0774569
0.0788133
0.0801681
0.081538
0.0829854
0.0843778
0.0858734
0.0873561
0.0888506
0.0904438
0.0919676
0.0936003
0.095247
0.0968492
0.0984512
0.0997886
0.0238548
0.0243924
0.0249921
0.0255121
0.0259018
0.0262407
0.0265445
0.0267886
0.0269776
0.0271022
0.0271647
0.0272146
0.0273553
0.0275642
0.0277628
0.0279506
0.0281307
0.0283885
0.0287531
0.029133
0.0294632
0.0297347
0.0300507
0.0304747
0.0308607
0.0311489
0.0315574
0.032105
0.0324958
0.0327938
0.0332119
0.0336516
0.0341504
0.0347523
0.0351942
0.0355308
0.0360213
0.0366514
0.0373017
0.0377806
0.0381351
0.038744
0.039529
0.0400871
0.0405051
0.0411131
0.0418964
0.0425574
0.0430413
0.0436944
0.0445205
0.0451668
0.0457723
0.0465721
0.0473486
0.0480306
0.0487837
0.0496131
0.0504056
0.0511977
0.0520201
0.0528721
0.0537212
0.0545882
0.0555082
0.0564115
0.0573049
0.0582587
0.0592524
0.0602071
0.0612066
0.0622223
0.0632869
0.0643304
0.0654208
0.0665213
0.0676488
0.0687899
0.0699706
0.0711701
0.0723544
0.0736324
0.0748625
0.0761762
0.0774609
0.0788159
0.0801718
0.0815406
0.0829887
0.0843798
0.0858768
0.0873605
0.0888542
0.0904489
0.0919737
0.0936087
0.0952565
0.09686
0.0984647
0.0998029
0.0239214
0.024449
0.0250548
0.0256018
0.026016
0.0263485
0.0266448
0.0268846
0.0270613
0.0271857
0.0272744
0.0273408
0.0274565
0.0276474
0.0278515
0.0280533
0.0282492
0.0284871
0.0288195
0.0291891
0.02954
0.0298424
0.0301423
0.030522
0.0309165
0.0312497
0.0316169
0.0321171
0.0325649
0.0328756
0.0332648
0.0337105
0.0341726
0.0347588
0.0352515
0.035608
0.0360634
0.0366374
0.0372928
0.0378556
0.0382084
0.0387202
0.0395089
0.0401458
0.0405551
0.0411019
0.0418899
0.0425975
0.0430755
0.0436916
0.0445269
0.045198
0.0457882
0.0465745
0.047365
0.0480475
0.0487895
0.0496196
0.0504175
0.0512093
0.0520269
0.0528797
0.0537307
0.0545938
0.0555154
0.0564222
0.0573126
0.0582627
0.0592594
0.0602178
0.0612138
0.0622276
0.0632953
0.0643375
0.0654264
0.0665281
0.067654
0.0687956
0.0699766
0.0711755
0.0723585
0.0736367
0.0748664
0.0761804
0.0774651
0.0788187
0.0801761
0.0815438
0.0829922
0.0843825
0.0858802
0.0873651
0.0888577
0.0904542
0.0919801
0.093617
0.0952662
0.0968707
0.0984781
0.099817
0.0239978
0.0245103
0.0251142
0.0256804
0.0261244
0.0264579
0.0267403
0.0269758
0.0271495
0.027266
0.0273639
0.0274509
0.0275604
0.0277333
0.0279349
0.0281432
0.0283515
0.0285837
0.028894
0.0292514
0.0296056
0.0299328
0.0302353
0.0305864
0.0309702
0.0313311
0.0316933
0.0321376
0.0326108
0.0329613
0.0333211
0.0337678
0.034207
0.0347599
0.0352952
0.0356791
0.0361172
0.0366481
0.0372686
0.0378986
0.0383039
0.0387253
0.0394658
0.0401875
0.0406275
0.0411003
0.041868
0.0426345
0.0431201
0.0436895
0.0445267
0.0452296
0.0458074
0.0465752
0.04738
0.0480665
0.0487968
0.049625
0.0504292
0.0512224
0.0520343
0.0528869
0.0537405
0.0545994
0.0555222
0.0564337
0.0573211
0.0582662
0.0592665
0.0602298
0.0612211
0.0622328
0.0633038
0.064345
0.0654326
0.0665354
0.0676595
0.0688014
0.0699825
0.0711809
0.0723631
0.0736411
0.0748708
0.0761847
0.0774692
0.0788211
0.0801801
0.0815468
0.0829952
0.0843855
0.0858839
0.0873701
0.0888617
0.0904597
0.091987
0.0936254
0.0952763
0.0968818
0.0984913
0.0998312
0.0240809
0.0245795
0.0251771
0.0257492
0.0262196
0.0265648
0.0268342
0.027057
0.0272324
0.0273489
0.0274441
0.0275448
0.0276584
0.0278178
0.0280099
0.0282216
0.0284446
0.0286804
0.0289725
0.0293144
0.0296647
0.0300081
0.0303239
0.0306589
0.0310278
0.031396
0.0317708
0.0321791
0.0326422
0.0330384
0.033384
0.0338196
0.0342551
0.0347648
0.0353239
0.035744
0.0361703
0.0366807
0.0372523
0.0379029
0.0383955
0.0387727
0.0394185
0.0401947
0.0407118
0.0411226
0.0418326
0.0426593
0.0431778
0.0436932
0.0445182
0.0452611
0.0458316
0.0465746
0.0473927
0.048087
0.0488056
0.0496291
0.0504396
0.0512366
0.0520425
0.0528939
0.0537504
0.0546054
0.0555286
0.0564457
0.0573305
0.058269
0.059273
0.0602421
0.061228
0.0622377
0.0633125
0.0643525
0.0654386
0.0665424
0.0676653
0.0688076
0.0699886
0.0711864
0.0723679
0.0736453
0.0748754
0.0761893
0.0774735
0.0788242
0.0801845
0.0815501
0.0829982
0.0843888
0.0858873
0.0873748
0.0888654
0.090465
0.0919939
0.0936334
0.0952861
0.096892
0.0985042
0.099845
0.0241684
0.0246576
0.0252453
0.0258128
0.0262985
0.0266613
0.0269263
0.0271346
0.0273049
0.0274283
0.0275188
0.0276212
0.0277411
0.0278949
0.0280813
0.0282942
0.0285299
0.0287696
0.029046
0.0293777
0.029727
0.0300758
0.0304006
0.0307309
0.0310915
0.0314574
0.0318391
0.032232
0.0326687
0.0330976
0.0334541
0.0338689
0.0343089
0.0347828
0.0353395
0.035803
0.036222
0.0367206
0.0372592
0.0378864
0.0384558
0.0388534
0.039394
0.0401631
0.0407864
0.0411785
0.0417942
0.0426599
0.0432447
0.0437094
0.0445
0.0452887
0.0458621
0.046574
0.0474034
0.04811
0.0488172
0.0496329
0.0504489
0.0512515
0.0520518
0.0529011
0.0537604
0.0546117
0.0555343
0.0564583
0.0573408
0.0582717
0.0592794
0.0602552
0.0612356
0.0622429
0.0633215
0.0643604
0.065445
0.0665493
0.0676713
0.0688139
0.0699947
0.0711919
0.0723731
0.0736496
0.0748803
0.0761939
0.0774776
0.0788273
0.0801891
0.081554
0.0830014
0.0843931
0.0858917
0.0873801
0.08887
0.0904709
0.0920015
0.0936417
0.0952977
0.0969053
0.0985171
0.0998586
0.0242539
0.0247382
0.0253171
0.0258759
0.0263619
0.0267423
0.0270128
0.0272104
0.0273677
0.0274945
0.0275875
0.0276859
0.0278101
0.0279628
0.0281504
0.02836
0.0285979
0.0288472
0.029119
0.0294433
0.0297859
0.0301349
0.030469
0.0308028
0.0311583
0.0315161
0.0318969
0.0322875
0.0327029
0.0331413
0.0335207
0.0339186
0.0343578
0.0348151
0.0353499
0.0358496
0.0362764
0.0367606
0.0372868
0.0378746
0.0384775
0.03894
0.0394145
0.040113
0.0408268
0.0412649
0.0417726
0.0426296
0.0433099
0.0437455
0.0444743
0.0453065
0.0458984
0.0465735
0.0474083
0.0481331
0.0488304
0.0496354
0.0504567
0.0512665
0.0520618
0.0529083
0.0537704
0.054618
0.0555393
0.056471
0.0573523
0.0582736
0.0592854
0.0602683
0.0612428
0.0622475
0.0633297
0.064368
0.0654513
0.0665556
0.0676775
0.0688203
0.0700002
0.0711968
0.0723781
0.0736534
0.0748849
0.0761986
0.0774812
0.0788305
0.0801932
0.0815571
0.0830038
0.0843966
0.0858952
0.0873844
0.088874
0.0904762
0.0920087
0.0936492
0.0953026
0.0969152
0.0985294
0.0998718
0.0243351
0.0248174
0.0253888
0.0259388
0.0264172
0.0268053
0.0270842
0.0272775
0.0274224
0.0275443
0.0276457
0.0277406
0.0278666
0.0280214
0.0282093
0.0284175
0.0286556
0.0289196
0.0291882
0.0295026
0.029841
0.0301922
0.0305327
0.0308645
0.0312195
0.0315736
0.0319503
0.0323406
0.0327419
0.033177
0.033577
0.0339714
0.0344028
0.0348543
0.0353644
0.0358794
0.036329
0.0368005
0.0373191
0.03788
0.0384772
0.0390069
0.0394753
0.040076
0.0408223
0.0413604
0.0417909
0.0425774
0.04336
0.0438101
0.044452
0.0453112
0.0459423
0.0465797
0.0474099
0.0481588
0.0488485
0.0496376
0.050463
0.0512819
0.0520726
0.052916
0.0537812
0.0546252
0.0555433
0.0564835
0.0573647
0.0582764
0.0592913
0.0602815
0.0612512
0.0622532
0.0633386
0.0643769
0.0654587
0.066562
0.0676847
0.0688278
0.0700063
0.0712031
0.0723845
0.0736582
0.0748905
0.0762041
0.0774854
0.0788348
0.0801986
0.0815616
0.0830076
0.0844018
0.0859003
0.0873897
0.0888791
0.0904823
0.0920166
0.0936575
0.0953132
0.0969267
0.0985416
0.0998846
0.0244173
0.0248927
0.0254567
0.0259988
0.0264666
0.0268487
0.0271335
0.0273265
0.027465
0.0275772
0.0276847
0.0277837
0.0279101
0.0280679
0.0282559
0.0284728
0.0287091
0.0289801
0.0292523
0.0295615
0.0298976
0.0302428
0.030588
0.0309191
0.0312765
0.0316305
0.0319967
0.0323864
0.0327795
0.033208
0.0336208
0.0340201
0.0344464
0.0348927
0.0353853
0.0358976
0.0363717
0.036844
0.0373474
0.037894
0.0384697
0.0390361
0.0395466
0.04007
0.0407795
0.0414269
0.0418475
0.0425174
0.043368
0.0438889
0.0444404
0.0452927
0.0459831
0.0465922
0.0474028
0.0481803
0.0488698
0.0496388
0.0504669
0.0512971
0.052084
0.0529232
0.0537922
0.0546326
0.0555458
0.0564951
0.0573788
0.0582795
0.0592963
0.0602932
0.0612596
0.0622584
0.0633454
0.0643848
0.0654653
0.0665667
0.0676913
0.0688343
0.0700101
0.0712077
0.0723896
0.0736615
0.0748949
0.0762088
0.0774881
0.078838
0.0802023
0.081564
0.0830098
0.0844056
0.0859042
0.0873937
0.0888834
0.0904878
0.0920238
0.0936649
0.095322
0.0969367
0.0985531
0.0998968
0.0245053
0.0249645
0.0255166
0.026046
0.0265007
0.0268672
0.0271492
0.0273426
0.0274804
0.0275877
0.0276985
0.0278101
0.0279386
0.0281037
0.0282964
0.0285232
0.0287621
0.0290378
0.0293223
0.0296243
0.0299568
0.0302964
0.0306467
0.0309786
0.0313315
0.0316912
0.0320466
0.0324357
0.0328242
0.0332433
0.0336636
0.0340676
0.0344967
0.034936
0.0354156
0.0359197
0.0364059
0.0368945
0.037384
0.0379174
0.038482
0.0390497
0.0396105
0.0401127
0.040741
0.0414561
0.0419394
0.0424935
0.0433436
0.043973
0.0444655
0.0452642
0.0460167
0.0466216
0.0473951
0.0481983
0.0488988
0.0496423
0.050468
0.0513121
0.0520969
0.0529298
0.0538042
0.0546427
0.055547
0.0565047
0.057394
0.0582839
0.0593007
0.0603041
0.0612697
0.0622654
0.0633522
0.064394
0.0654738
0.0665724
0.0676996
0.0688431
0.0700154
0.0712145
0.0723969
0.0736663
0.0749006
0.076215
0.0774924
0.0788432
0.0802085
0.0815686
0.0830142
0.0844112
0.0859093
0.0873985
0.0888884
0.0904938
0.0920314
0.093673
0.0953313
0.0969474
0.0985645
0.0999084
0.0246305
0.0250569
0.0255774
0.0260776
0.0265076
0.0268453
0.0271051
0.0272882
0.0274215
0.0275289
0.0276413
0.0277699
0.0279117
0.0280905
0.0282963
0.0285352
0.0287886
0.0290676
0.0293644
0.0296652
0.0299946
0.0303315
0.0306801
0.0310181
0.0313626
0.0317305
0.0320825
0.032466
0.0328568
0.0332648
0.0336912
0.0340993
0.0345347
0.0349738
0.0354383
0.035937
0.0364225
0.0369274
0.0374177
0.0379307
0.0384956
0.0390529
0.0396333
0.0401667
0.040722
0.0414355
0.0420159
0.0425045
0.0432915
0.044022
0.0445148
0.0452343
0.046026
0.0466586
0.0473887
0.0482027
0.04893
0.0496505
0.0504643
0.0513249
0.052112
0.052935
0.0538152
0.0546548
0.0555465
0.0565108
0.0574117
0.0582916
0.059303
0.0603132
0.0612818
0.0622733
0.0633569
0.0644024
0.0654819
0.0665768
0.0677069
0.0688499
0.0700178
0.0712196
0.0724031
0.0736696
0.074905
0.0762196
0.0774948
0.0788466
0.0802123
0.0815706
0.0830169
0.0844157
0.0859137
0.087403
0.0888935
0.0904997
0.0920387
0.0936802
0.0953394
0.096957
0.0985749
0.0999195
0.0248419
0.0252615
0.0257615
0.026232
0.0266298
0.0269298
0.0271483
0.0273014
0.0274168
0.0275189
0.0276279
0.0277635
0.0279171
0.0281046
0.0283226
0.0285698
0.0288352
0.0291156
0.0294174
0.0297208
0.0300408
0.0303737
0.0307169
0.0310631
0.0314025
0.0317703
0.0321278
0.0324997
0.032895
0.0332943
0.0337208
0.0341357
0.0345709
0.0350188
0.0354678
0.0359617
0.0364479
0.0369546
0.0374602
0.0379541
0.0385157
0.0390743
0.0396399
0.0402148
0.0407466
0.0414059
0.0420636
0.0425556
0.0432521
0.0440361
0.0445784
0.0452267
0.0460182
0.0466961
0.0473953
0.0481985
0.0489596
0.0496695
0.0504592
0.0513337
0.0521298
0.0529405
0.0538252
0.0546706
0.0555468
0.0565122
0.0574298
0.0583032
0.059302
0.060317
0.0612956
0.0622825
0.0633588
0.0644099
0.0654902
0.0665817
0.067716
0.068858
0.0700209
0.0712264
0.0724109
0.0736734
0.0749103
0.0762257
0.0774989
0.0788519
0.0802183
0.0815744
0.083021
0.0844211
0.0859177
0.0874068
0.0888979
0.090505
0.0920455
0.0936875
0.0953476
0.0969666
0.0985852
0.0999294
0.024663
0.0250108
0.02545
0.0258837
0.0262741
0.0265965
0.0268523
0.0270552
0.0272251
0.0273861
0.0275448
0.0277202
0.0279071
0.0281163
0.0283501
0.0286053
0.0288762
0.0291566
0.0294553
0.0297604
0.0300733
0.0304013
0.0307399
0.0310896
0.0314324
0.0317938
0.0321612
0.0325281
0.0329236
0.0333241
0.0337435
0.0341693
0.0345995
0.0350548
0.0354979
0.0359789
0.0364728
0.0369694
0.03749
0.0379804
0.0385286
0.0390983
0.0396427
0.0402408
0.0407901
0.041389
0.0420752
0.0426175
0.0432418
0.0440216
0.0446344
0.0452448
0.0460049
0.0467236
0.0474129
0.0481908
0.0489778
0.0496976
0.0504575
0.05133
0.0521483
0.0529482
0.0538308
0.0546879
0.0555484
0.0565118
0.0574499
0.0583227
0.0593033
0.0603188
0.0613138
0.0622973
0.0633611
0.064418
0.0655004
0.0665874
0.0677258
0.0688653
0.0700221
0.0712329
0.0724194
0.073677
0.0749149
0.0762312
0.0775019
0.0788561
0.0802229
0.0815772
0.0830248
0.0844269
0.0859231
0.0874118
0.0889039
0.0905112
0.0920523
0.0936944
0.0953548
0.0969754
0.0985943
0.0999416
0.0259638
0.0259795
0.0259482
0.0259505
0.0260209
0.02616
0.0263483
0.0265709
0.0268105
0.0270647
0.0273185
0.0275756
0.0278298
0.0280848
0.0283466
0.0286158
0.028894
0.0291755
0.0294715
0.0297779
0.0300898
0.0304121
0.0307465
0.0310944
0.0314419
0.0317982
0.03217
0.032544
0.0329357
0.0333422
0.0337545
0.0341892
0.0346194
0.0350732
0.0355248
0.0359899
0.0364924
0.0369816
0.0375046
0.0380103
0.0385355
0.0391133
0.0396482
0.0402437
0.0408281
0.0413876
0.0420622
0.0426634
0.0432529
0.0439919
0.0446615
0.0452749
0.0459938
0.0467332
0.0474335
0.0481845
0.0489812
0.0497277
0.0504596
0.0513162
0.052163
0.0529609
0.0538329
0.0547055
0.0555549
0.0565012
0.0574637
0.058343
0.0592991
0.060312
0.0613278
0.0623099
0.0633588
0.0644209
0.0655071
0.0665915
0.0677348
0.0688712
0.070022
0.0712384
0.0724273
0.0736793
0.074918
0.0762362
0.0775053
0.0788601
0.0802274
0.0815798
0.0830278
0.0844312
0.0859257
0.0874144
0.0889072
0.0905154
0.0920579
0.0937
0.0953615
0.0969832
0.0986029
0.0999479
0.0247638
0.0250365
0.0253844
0.0257248
0.0260259
0.0262896
0.0265155
0.0267183
0.0269083
0.0271063
0.0273214
0.0275585
0.0278127
0.0280765
0.0283497
0.028627
0.0289135
0.0292022
0.0295018
0.0298116
0.0301257
0.0304466
0.0307756
0.0311168
0.0314605
0.0318132
0.0321832
0.0325691
0.0329603
0.033367
0.0337798
0.0342137
0.0346496
0.0350924
0.0355527
0.0360112
0.0365089
0.0370046
0.0375144
0.038041
0.0385533
0.0391205
0.0396702
0.0402441
0.0408577
0.0414116
0.0420478
0.0426984
0.043285
0.0439769
0.0446757
0.0453115
0.0460051
0.0467371
0.0474559
0.0481933
0.0489741
0.0497588
0.0504863
0.0513002
0.0521749
0.0529795
0.0538332
0.0547314
0.055569
0.0564886
0.0574769
0.0583766
0.0593017
0.0603067
0.0613492
0.0623308
0.063363
0.0644289
0.0655174
0.0665997
0.067748
0.0688792
0.0700234
0.071246
0.072438
0.0736845
0.074923
0.0762427
0.07751
0.0788655
0.0802329
0.0815842
0.0830331
0.0844379
0.0859321
0.0874202
0.0889138
0.0905217
0.092064
0.0937063
0.0953676
0.096991
0.0986109
0.0999576
0.0261125
0.0260194
0.0258601
0.0257381
0.0256932
0.0257447
0.0258869
0.026108
0.0263839
0.0266937
0.0270248
0.0273645
0.027705
0.0280308
0.0283392
0.0286311
0.028921
0.0292121
0.0295098
0.029816
0.0301268
0.0304473
0.0307726
0.0311087
0.0314487
0.0318005
0.032173
0.0325689
0.0329673
0.0333709
0.0337888
0.0342217
0.0346616
0.0351005
0.0355595
0.0360261
0.0365126
0.0370178
0.0375207
0.0380508
0.0385738
0.0391159
0.0396843
0.0402471
0.04086
0.0414403
0.0420335
0.0427068
0.0433157
0.0439637
0.0446741
0.0453267
0.0460168
0.046737
0.0474593
0.0482082
0.0489593
0.0497674
0.050522
0.0512838
0.0521705
0.0530146
0.053833
0.0547387
0.0555894
0.0564719
0.0574713
0.0584047
0.0593049
0.0602876
0.0613581
0.0623461
0.0633592
0.064429
0.0655211
0.0666
0.0677558
0.0688845
0.0700204
0.0712483
0.0724445
0.0736859
0.0749241
0.0762458
0.0775119
0.0788678
0.0802356
0.0815855
0.0830345
0.0844404
0.0859335
0.0874215
0.0889157
0.0905243
0.0920675
0.0937099
0.095372
0.0969958
0.0986161
0.0999618
0.0256996
0.0255276
0.0253158
0.0251715
0.0251356
0.0252238
0.025429
0.0257282
0.0260878
0.0264741
0.0268704
0.0272637
0.0276474
0.0280067
0.0283338
0.0286343
0.0289243
0.029214
0.02951
0.0298136
0.0301221
0.0304421
0.0307675
0.031102
0.0314413
0.031793
0.0321679
0.0325675
0.0329711
0.0333742
0.0337929
0.0342278
0.0346666
0.0351069
0.0355616
0.0360328
0.0365162
0.0370201
0.0375267
0.0380501
0.0385842
0.0391178
0.0396866
0.0402597
0.0408588
0.0414598
0.0420431
0.0427068
0.0433448
0.0439728
0.044678
0.0453433
0.0460317
0.0467538
0.0474656
0.0482256
0.0489708
0.0497684
0.0505538
0.0512988
0.0521611
0.0530289
0.0538421
0.0547407
0.0556133
0.0564808
0.0574672
0.058426
0.0593295
0.0602888
0.0613661
0.0623693
0.0633709
0.064437
0.0655341
0.0666087
0.0677665
0.0688971
0.0700266
0.0712543
0.0724547
0.073694
0.0749303
0.076253
0.0775182
0.0788738
0.0802423
0.0815916
0.0830407
0.0844474
0.0859408
0.0874279
0.0889223
0.0905303
0.0920729
0.0937152
0.0953768
0.0970022
0.0986235
0.099971
)
;

boundaryField
{
    zeroGradientPlanes
    {
        type            zeroGradient;
    }
    inlet
    {
        type            zeroGradient;
    }
    plate
    {
        type            zeroGradient;
    }
    frontAndBack
    {
        type            empty;
    }
}


// ************************************************************************* //
