/*--------------------------------*- C++ -*----------------------------------*\
| =========                 |                                                 |
| \\      /  F ield         | OpenFOAM: The Open Source CFD Toolbox           |
|  \\    /   O peration     | Version:  v1912                                 |
|   \\  /    A nd           | Website:  www.openfoam.com                      |
|    \\/     M anipulation  |                                                 |
\*---------------------------------------------------------------------------*/
FoamFile
{
    version     2.0;
    format      ascii;
    class       volScalarField;
    location    "8.25";
    object      p;
}
// * * * * * * * * * * * * * * * * * * * * * * * * * * * * * * * * * * * * * //

dimensions      [0 2 -2 0 0 0 0];


internalField   nonuniform List<scalar> 
9600
(
-5.68693e-11
0.0151172
0.0192732
0.0157947
0.00841138
0.015485
0.0171761
0.0150105
0.0157664
0.0198302
0.0192952
0.0190037
0.0165643
0.0170772
0.0163136
0.0150237
0.0151202
0.0152581
0.015164
0.0158819
3.3462e-06
0.0151352
0.0192399
0.0157777
0.00843395
0.0154788
0.0171487
0.0150254
0.0157592
0.0198169
0.0192632
0.0190028
0.0165928
0.0170773
0.0163262
0.0150268
0.0151414
0.0152454
0.0151874
0.0158268
9.40726e-06
0.0151619
0.0192209
0.0157749
0.00845005
0.015468
0.0171325
0.015051
0.0157409
0.0197833
0.0192347
0.0190162
0.0166353
0.0170787
0.016353
0.0150302
0.0151714
0.0152248
0.0152136
0.0157546
2.43216e-05
0.0151992
0.019201
0.015781
0.00847039
0.0154676
0.0171217
0.0150882
0.0157127
0.019725
0.0192182
0.0190142
0.0166683
0.017092
0.0163764
0.015034
0.0151977
0.0152064
0.0152283
0.0156625
5.49436e-05
0.0152439
0.0191703
0.0157957
0.0085037
0.0154719
0.0171113
0.0151405
0.0156765
0.0196338
0.0192015
0.0189795
0.0166932
0.0171119
0.0163933
0.0150379
0.0152235
0.0151915
0.0152223
0.0155645
0.000106982
0.0152839
0.0191213
0.0158169
0.00855979
0.0154719
0.0170971
0.0152062
0.0156344
0.0195071
0.0191728
0.0189164
0.0167151
0.0171299
0.0164093
0.0150422
0.0152512
0.0151753
0.0151971
0.0154768
0.000182932
0.0153094
0.0190506
0.0158429
0.00864526
0.0154591
0.017075
0.0152804
0.0155906
0.0193516
0.0191274
0.0188369
0.0167352
0.0171441
0.0164293
0.0150462
0.0152772
0.0151576
0.0151588
0.0153986
0.000282222
0.015316
0.0189589
0.0158719
0.0087614
0.0154269
0.0170452
0.015358
0.0155514
0.0191861
0.0190684
0.0187506
0.0167558
0.017156
0.0164552
0.0150492
0.015299
0.0151425
0.0151083
0.0153205
0.000402358
0.0153031
0.0188501
0.015901
0.00890477
0.015376
0.0170111
0.0154332
0.0155242
0.0190306
0.0190026
0.0186652
0.0167808
0.0171669
0.0164874
0.0150523
0.015317
0.0151326
0.0150435
0.0152388
0.000540509
0.0152738
0.0187294
0.0159266
0.00906962
0.0153151
0.0169773
0.0155001
0.0155141
0.0188984
0.018939
0.0185866
0.0168123
0.0171775
0.016525
0.0150579
0.0153309
0.015128
0.0149669
0.0151559
0.00069461
0.0152328
0.0186017
0.0159513
0.0092499
0.0152526
0.0169465
0.0155551
0.0155228
0.0187968
0.0188834
0.0185157
0.0168489
0.0171867
0.0165646
0.0150669
0.0153411
0.0151302
0.0148854
0.0150751
0.000863308
0.015186
0.0184711
0.015973
0.00944019
0.0151941
0.0169199
0.0155977
0.0155476
0.0187223
0.0188356
0.0184477
0.0168856
0.0171924
0.0166018
0.0150796
0.0153484
0.0151398
0.0148055
0.0149985
0.0010452
0.0151383
0.0183399
0.0159913
0.00963608
0.0151418
0.0168977
0.0156304
0.0155825
0.0186657
0.0187917
0.018377
0.016918
0.017193
0.0166338
0.0150957
0.0153535
0.0151561
0.0147314
0.0149267
0.00123835
0.0150918
0.018209
0.0160055
0.0098345
0.0150956
0.016879
0.0156567
0.0156221
0.0186189
0.0187485
0.0183008
0.0169442
0.0171889
0.0166601
0.0151148
0.0153559
0.0151773
0.014665
0.0148587
0.00144055
0.0150466
0.0180786
0.016015
0.0100338
0.015054
0.0168628
0.0156791
0.0156627
0.0185766
0.0187047
0.0182195
0.0169644
0.0171816
0.0166812
0.0151365
0.0153548
0.0152015
0.0146067
0.0147926
0.00164985
0.0150022
0.0179485
0.016019
0.0102333
0.0150156
0.016848
0.0156992
0.0157031
0.0185364
0.0186605
0.0181347
0.0169798
0.0171721
0.0166986
0.0151606
0.0153497
0.0152272
0.0145566
0.0147266
0.00186488
0.0149583
0.0178188
0.0160168
0.0104332
0.0149795
0.0168341
0.0157176
0.0157427
0.0184979
0.018616
0.0180481
0.0169915
0.0171613
0.0167134
0.0151873
0.01534
0.0152531
0.0145151
0.0146594
0.00208494
0.0149146
0.0176898
0.0160082
0.0106336
0.0149453
0.0168209
0.0157347
0.0157814
0.018461
0.0185709
0.0179605
0.0170002
0.01715
0.0167262
0.0152165
0.0153255
0.0152781
0.0144831
0.0145905
0.00230978
0.0148711
0.017562
0.0159932
0.0108349
0.0149134
0.0168086
0.0157509
0.0158185
0.0184253
0.0185249
0.0178725
0.0170064
0.0171384
0.0167374
0.0152483
0.0153064
0.0153014
0.0144617
0.0145195
0.00253938
0.0148278
0.017436
0.0159719
0.0110372
0.0148839
0.0167974
0.0157666
0.0158537
0.0183906
0.0184776
0.0177843
0.0170105
0.0171269
0.0167468
0.0152832
0.015283
0.0153222
0.0144523
0.0144471
0.00277384
0.014785
0.0173125
0.0159444
0.0112406
0.0148574
0.0167873
0.015782
0.0158861
0.0183566
0.0184288
0.0176957
0.0170127
0.0171154
0.0167542
0.0153215
0.015256
0.0153393
0.0144563
0.0143751
0.00301323
0.0147424
0.0171921
0.0159109
0.0114446
0.0148341
0.0167781
0.0157976
0.0159151
0.018323
0.0183787
0.0176067
0.0170132
0.017104
0.0167589
0.0153638
0.0152264
0.0153514
0.0144754
0.0143062
0.00325756
0.0147002
0.0170756
0.0158714
0.0116488
0.0148144
0.0167696
0.0158138
0.0159395
0.0182898
0.0183277
0.0175173
0.017012
0.0170933
0.0167605
0.0154101
0.0151959
0.0153568
0.0145107
0.0142446
0.00350677
0.0146582
0.0169635
0.015826
0.0118522
0.0147986
0.0167613
0.015831
0.0159608
0.0182567
0.0182767
0.0174272
0.0170086
0.0170845
0.016758
0.0154598
0.0151669
0.0153536
0.0145617
0.0141963
0.00376074
0.014616
0.0168565
0.0157747
0.0120537
0.0147871
0.0167528
0.0158494
0.0159782
0.0182236
0.0182267
0.0173362
0.0170024
0.0170787
0.016751
0.0155118
0.0151424
0.0153401
0.0146255
0.0141681
0.00401938
0.0145741
0.0167551
0.0157178
0.0122521
0.0147805
0.0167439
0.0158694
0.0159918
0.0181902
0.0181786
0.0172444
0.0169925
0.0170773
0.0167394
0.0155638
0.0151256
0.0153164
0.0146971
0.0141667
0.00428263
0.0145317
0.0166597
0.0156557
0.0124462
0.0147791
0.0167341
0.015891
0.0160018
0.0181559
0.0181334
0.0171522
0.0169777
0.0170815
0.0167247
0.0156132
0.0151187
0.0152845
0.0147695
0.014196
0.00455048
0.0144888
0.0165708
0.0155888
0.0126345
0.0147836
0.0167231
0.0159143
0.0160084
0.0181202
0.0180919
0.0170602
0.0169567
0.0170913
0.0167091
0.0156573
0.0151229
0.0152485
0.0148341
0.0142542
0.00482289
0.0144449
0.0164887
0.0155182
0.0128159
0.0147942
0.0167107
0.0159394
0.0160118
0.0180823
0.0180549
0.0169696
0.0169281
0.0171061
0.0166952
0.0156949
0.015138
0.0152139
0.0148852
0.0143329
0.00509991
0.0143999
0.0164138
0.015445
0.0129889
0.0148112
0.0166969
0.0159663
0.0160122
0.0180418
0.018023
0.0168811
0.0168909
0.0171249
0.0166855
0.0157248
0.0151621
0.0151864
0.0149226
0.0144207
0.00538156
0.0143534
0.0163461
0.0153707
0.0131523
0.0148345
0.0166819
0.0159948
0.0160096
0.0179982
0.0179963
0.0167957
0.0168445
0.0171472
0.0166826
0.015747
0.0151921
0.0151701
0.014951
0.0145063
0.00566788
0.0143054
0.0162854
0.015297
0.0133047
0.0148636
0.0166662
0.0160247
0.016004
0.0179507
0.0179756
0.0167149
0.0167874
0.0171716
0.0166894
0.0157622
0.0152252
0.0151672
0.0149764
0.0145838
0.00595892
0.0142555
0.0162314
0.0152259
0.0134454
0.0148979
0.0166504
0.0160565
0.0159956
0.0178982
0.0179612
0.0166409
0.0167186
0.0171957
0.0167079
0.015772
0.0152586
0.0151782
0.0150041
0.0146553
0.00625474
0.0142038
0.0161835
0.0151595
0.0135737
0.0149362
0.0166337
0.0160905
0.0159848
0.0178392
0.0179535
0.0165757
0.0166372
0.0172179
0.0167402
0.0157776
0.0152895
0.0152033
0.0150364
0.0147247
0.00655528
0.0141502
0.016141
0.0150998
0.0136896
0.0149772
0.016623
0.0161266
0.0159722
0.0177728
0.0179523
0.0165217
0.0165426
0.0172353
0.016789
0.0157808
0.0153138
0.0152448
0.0150782
0.0147926
0.00686056
0.0140947
0.0161031
0.0150484
0.0137935
0.0150193
0.0166149
0.0161656
0.0159589
0.0176977
0.0179564
0.0164827
0.0164346
0.0172419
0.0168573
0.015786
0.0153242
0.0153012
0.0151394
0.0148621
0.00717058
0.0140376
0.0160688
0.0150072
0.013886
0.015061
0.0166095
0.0162078
0.015946
0.0176129
0.0179631
0.0164626
0.0163157
0.0172299
0.0169463
0.0158044
0.0153134
0.0153613
0.0152299
0.0149429
0.00748525
0.0139791
0.0160372
0.0149774
0.0139684
0.015101
0.016606
0.0162538
0.0159346
0.017518
0.0179687
0.0164643
0.0161915
0.0171919
0.0170503
0.0158469
0.0152825
0.0154114
0.0153525
0.0150481
0.00780441
0.0139196
0.0160074
0.0149595
0.0140419
0.0151386
0.0166036
0.016303
0.015927
0.0174147
0.0179701
0.016488
0.0160678
0.0171246
0.0171614
0.0159202
0.0152381
0.0154388
0.0155007
0.0151926
0.00812787
0.0138598
0.0159785
0.0149543
0.0141079
0.0151729
0.0166017
0.0163558
0.015924
0.0173038
0.0179647
0.016533
0.0159509
0.0170245
0.0172704
0.0160315
0.0151914
0.0154328
0.0156587
0.0153862
0.00845541
0.0138007
0.0159496
0.0149619
0.0141677
0.0152031
0.0165997
0.0164119
0.0159286
0.0171871
0.017948
0.0165973
0.0158503
0.0168938
0.0173614
0.0161803
0.0151595
0.0153897
0.0158102
0.0156284
0.0087867
0.0137432
0.0159195
0.0149827
0.0142225
0.0152286
0.016598
0.0164695
0.0159415
0.0170683
0.017917
0.0166738
0.0157742
0.0167432
0.0174242
0.016354
0.0151552
0.0153088
0.0159373
0.0159154
0.0091213
0.0136888
0.015887
0.0150167
0.0142744
0.0152484
0.0165961
0.0165293
0.0159619
0.0169499
0.0178727
0.0167591
0.0157247
0.0165794
0.017454
0.0165436
0.0151913
0.0151944
0.016002
0.0162398
0.0094586
0.013639
0.0158506
0.0150639
0.014325
0.0152623
0.0165941
0.0165895
0.0159915
0.0168334
0.0178135
0.0168504
0.0157053
0.0164161
0.0174417
0.0167466
0.0153121
0.0150961
0.0159901
0.0164855
0.00979784
0.0135961
0.0158083
0.0151237
0.0143772
0.015269
0.0165922
0.0166512
0.0160291
0.0167218
0.0177402
0.016941
0.0157195
0.0162627
0.0173938
0.0169537
0.0154969
0.0150337
0.0159056
0.0166247
0.0101381
0.0135618
0.015759
0.0151948
0.0144341
0.0152678
0.0165894
0.0167147
0.0160728
0.016617
0.0176534
0.0170285
0.0157678
0.0161236
0.0173193
0.01715
0.0157214
0.0150177
0.0157738
0.016647
0.0104784
0.0135386
0.0157015
0.0152751
0.0144992
0.0152595
0.0165828
0.0167806
0.0161266
0.0165186
0.017551
0.0171121
0.0158484
0.0160097
0.0172144
0.0173024
0.0159578
0.0150256
0.015604
0.0166235
0.0108173
0.0135283
0.0156356
0.0153614
0.0145767
0.0152445
0.0165689
0.0168524
0.016192
0.0164242
0.0174363
0.0171924
0.0159568
0.0159231
0.0170902
0.0174067
0.0162187
0.0151245
0.0154497
0.0164742
0.0111534
0.013533
0.0155623
0.0154495
0.0146697
0.0152244
0.0165445
0.0169286
0.0162715
0.0163414
0.0173076
0.0172539
0.0160947
0.015878
0.0169402
0.0174381
0.0164734
0.0152861
0.0153216
0.0162997
0.0114851
0.0135542
0.0154833
0.0155349
0.0147805
0.0152034
0.0165036
0.0170067
0.0163743
0.0162731
0.0171598
0.0172952
0.0162625
0.0158676
0.016769
0.0174107
0.0166968
0.0155013
0.015291
0.0161319
0.0118106
0.0135927
0.0154018
0.0156135
0.0149092
0.0151859
0.016444
0.0170843
0.0165015
0.0162231
0.0170006
0.0173086
0.0164398
0.0158977
0.0166111
0.0173338
0.0168639
0.0157519
0.01536
0.0160018
0.0121284
0.0136497
0.0153211
0.0156817
0.0150534
0.0151784
0.0163667
0.017148
0.0166491
0.0162051
0.0168367
0.0172799
0.0166164
0.0159844
0.0164752
0.0172106
0.0169807
0.0160176
0.0155017
0.0159379
0.0124371
0.0137251
0.0152456
0.0157371
0.0152092
0.0151872
0.0162729
0.0171895
0.0168131
0.0162277
0.0166773
0.0172114
0.0167769
0.0161167
0.0163813
0.0170703
0.0170486
0.0162663
0.0156867
0.0159467
0.0127353
0.0138187
0.0151797
0.0157777
0.0153704
0.0152183
0.0161695
0.0171987
0.016981
0.0162969
0.0165397
0.0171096
0.0169017
0.0162833
0.0163514
0.0169312
0.0170554
0.0164817
0.0159049
0.0160146
0.0130221
0.0139298
0.0151274
0.0158027
0.0155303
0.0152763
0.016065
0.0171686
0.0171401
0.0164125
0.0164394
0.0169876
0.0169837
0.016464
0.0163805
0.0168169
0.01702
0.0166558
0.0161418
0.0161179
0.0132965
0.014057
0.0150925
0.015813
0.0156823
0.015363
0.0159695
0.0170977
0.0172747
0.0165678
0.0163898
0.01686
0.017019
0.016636
0.0164585
0.0167557
0.0169721
0.016769
0.0163715
0.0162543
0.0135577
0.0141983
0.0150781
0.0158104
0.0158201
0.0154778
0.0158941
0.0169898
0.0173688
0.0167524
0.0164018
0.0167441
0.017012
0.0167874
0.0165723
0.0167439
0.0169312
0.0168284
0.0165794
0.016443
0.0138059
0.0143503
0.0150859
0.0157994
0.0159384
0.0156158
0.0158487
0.0168527
0.0174123
0.0169468
0.0164749
0.0166599
0.0169745
0.0169048
0.0167048
0.0167727
0.0169207
0.0168672
0.0167402
0.0166594
0.0140414
0.0145099
0.0151163
0.0157859
0.0160334
0.0157666
0.0158429
0.0167085
0.0174003
0.0171243
0.0165993
0.0166248
0.0169249
0.0169808
0.0168412
0.0168381
0.0169444
0.0169094
0.0168418
0.016857
0.0142647
0.0146735
0.0151688
0.0157755
0.0161048
0.0159177
0.0158809
0.016583
0.0173374
0.0172646
0.0167624
0.0166442
0.0168829
0.0170209
0.0169631
0.0169283
0.0169932
0.0169737
0.0169199
0.0170074
0.0144764
0.0148382
0.0152417
0.0157732
0.0161552
0.0160587
0.0159579
0.0164921
0.0172395
0.017355
0.0169405
0.0167136
0.0168641
0.0170406
0.0170612
0.0170302
0.0170591
0.0170619
0.017015
0.0171132
0.0146776
0.015001
0.015332
0.015783
0.0161894
0.0161841
0.0160616
0.0164432
0.0171334
0.0173955
0.0171088
0.0168251
0.0168799
0.0170547
0.0171372
0.0171337
0.0171353
0.0171522
0.0171362
0.0172146
0.0148693
0.0151599
0.0154356
0.0158082
0.0162134
0.0162911
0.0161791
0.0164368
0.0170414
0.0173968
0.0172487
0.0169647
0.0169352
0.0170756
0.0171949
0.0172335
0.0172257
0.0172359
0.0172644
0.0173424
0.0150522
0.0153138
0.0155482
0.0158498
0.0162334
0.0163791
0.0163008
0.0164691
0.0169759
0.017374
0.0173529
0.01711
0.017024
0.0171169
0.0172413
0.0173229
0.0173358
0.0173265
0.017377
0.0174824
0.0152269
0.0154617
0.0156657
0.0159075
0.016255
0.0164502
0.0164191
0.0165305
0.0169407
0.017344
0.0174266
0.017247
0.0171357
0.0171861
0.0172916
0.0173918
0.017448
0.0174382
0.0174799
0.0176135
0.015394
0.0156037
0.0157844
0.0159794
0.0162825
0.0165079
0.016529
0.01661
0.0169367
0.017319
0.017476
0.0173711
0.0172579
0.0172765
0.0173612
0.0174496
0.0175404
0.0175645
0.0175948
0.0177346
0.0155535
0.0157396
0.0159016
0.0160625
0.0163188
0.0165565
0.0166277
0.0166987
0.0169604
0.0173086
0.0175088
0.0174786
0.0173848
0.0173778
0.0174503
0.0175213
0.0176134
0.0176808
0.017722
0.0178549
0.0157056
0.0158695
0.0160153
0.0161533
0.0163656
0.0166001
0.0167142
0.0167914
0.0170075
0.0173177
0.0175358
0.0175684
0.017513
0.0174884
0.0175459
0.0176152
0.0176897
0.0177761
0.0178461
0.0179784
0.0158497
0.0159939
0.0161244
0.0162472
0.0164226
0.0166438
0.0167894
0.016883
0.017072
0.017346
0.0175669
0.0176446
0.0176351
0.0176115
0.0176448
0.0177183
0.0177862
0.0178667
0.0179606
0.0181004
0.0159853
0.0161119
0.0162284
0.0163415
0.0164875
0.0166899
0.0168564
0.0169706
0.0171467
0.0173899
0.0176083
0.0177153
0.0177431
0.0177422
0.0177565
0.0178204
0.0178982
0.017969
0.0180688
0.0182166
0.0161119
0.016224
0.0163262
0.0164337
0.0165586
0.0167395
0.0169162
0.0170544
0.017228
0.0174455
0.0176603
0.0177913
0.0178399
0.0178676
0.017887
0.0179284
0.0180118
0.0180855
0.0181815
0.0183327
0.0162284
0.0163286
0.0164178
0.0165209
0.016633
0.0167951
0.0169715
0.0171295
0.0173134
0.0175115
0.0177178
0.0178748
0.0179385
0.0179815
0.0180276
0.0180563
0.0181273
0.0182095
0.0183045
0.0184546
0.0163336
0.0164257
0.016503
0.0166019
0.0167059
0.0168541
0.0170276
0.0171974
0.0173934
0.0175869
0.0177836
0.0179597
0.0180479
0.0180945
0.0181656
0.0182063
0.018258
0.0183404
0.0184385
0.0185867
0.0164266
0.0165137
0.0165805
0.0166756
0.0167763
0.0169142
0.0170822
0.0172623
0.0174652
0.0176612
0.0178588
0.018044
0.0181631
0.0182199
0.0183015
0.0183707
0.0184169
0.0184931
0.0185949
0.0187421
0.0165046
0.0165905
0.0166509
0.016741
0.0168406
0.0169757
0.0171353
0.0173222
0.017533
0.0177295
0.0179311
0.0181212
0.0182657
0.0183469
0.0184265
0.0185175
0.0185751
0.0186433
0.0187541
0.0189205
0.0165674
0.0166536
0.0167103
0.0167994
0.0168998
0.0170369
0.0171957
0.0173884
0.0176175
0.0178344
0.0180625
0.0182799
0.0184588
0.0185896
0.0186773
0.0187596
0.0188001
0.0187985
0.0188189
0.0188882
0.016614
0.0166937
0.0167493
0.0168454
0.0169531
0.0170555
0.0171917
0.0173416
0.0175097
0.0177004
0.0179701
0.018266
0.0185194
0.0187337
0.0189097
0.0191131
0.0193729
0.019646
0.0199359
0.0201938
0.0166444
0.016747
0.016798
0.0168995
0.0170215
0.0171519
0.0173212
0.0175261
0.0177651
0.0179955
0.0182433
0.018494
0.0186874
0.018855
0.0189928
0.0190606
0.019098
0.0190858
0.0190617
0.0190691
0.0165898
0.0166661
0.016802
0.0169666
0.0171007
0.0172299
0.0173864
0.0175526
0.0177457
0.0179608
0.018177
0.018416
0.0186543
0.0188637
0.0191214
0.0193991
0.0196999
0.0199982
0.0202632
0.0204639
0.0166175
0.0167241
0.016848
0.0170103
0.0171579
0.0172863
0.017435
0.0176105
0.017814
0.0180624
0.0183219
0.018572
0.0188307
0.0190483
0.0192726
0.0195064
0.0197285
0.0199256
0.0200756
0.0201629
0.0168695
0.0151406
0.0100423
0.00550284
0.00514626
0.00757495
0.0102151
0.012047
0.0130997
0.0137008
0.0141935
0.0147664
0.0154281
0.0160344
0.0165467
0.0172322
0.0180902
0.0187784
0.0192642
0.0197724
0.0203652
0.0210121
0.0216262
0.022127
0.0226115
0.0231625
0.0237414
0.0243482
0.0250009
0.025649
0.0262438
0.0268561
0.0274964
0.028099
0.0286575
0.0292238
0.0298356
0.030469
0.0310962
0.0317404
0.0323904
0.0330297
0.0336912
0.034393
0.0350954
0.0358053
0.036597
0.0374022
0.0381115
0.0387261
0.0392566
0.0396894
0.0402513
0.0412184
0.0423695
0.0433587
0.0442086
0.0450955
0.0459686
0.0467452
0.0474713
0.0483269
0.0493238
0.0502758
0.0512034
0.0522289
0.0532376
0.0541949
0.0552474
0.0563002
0.057285
0.0582874
0.0594424
0.0606139
0.0617626
0.0629155
0.0641265
0.0653739
0.066618
0.067881
0.0691501
0.0704714
0.0718504
0.0733217
0.0747206
0.076088
0.0774754
0.0789557
0.0805114
0.08204
0.0836505
0.0852622
0.0868051
0.0884365
0.090024
0.0917529
0.0934728
0.0950928
0.0966409
0.097989
0.0167088
0.0150703
0.010143
0.00565379
0.00523517
0.00761901
0.0102456
0.0120702
0.0131172
0.0137137
0.014203
0.0147738
0.0154345
0.0160401
0.0165514
0.0172361
0.0180944
0.0187825
0.0192677
0.0197753
0.0203677
0.0210144
0.0216285
0.0221291
0.0226133
0.0231641
0.0237428
0.0243495
0.0250021
0.0256502
0.0262449
0.0268571
0.0274974
0.0281
0.0286584
0.0292247
0.0298365
0.0304698
0.0310971
0.0317412
0.0323912
0.0330305
0.0336919
0.0343937
0.0350961
0.0358059
0.0365976
0.0374028
0.0381122
0.0387268
0.0392572
0.03969
0.0402516
0.0412187
0.0423699
0.0433592
0.044209
0.0450959
0.045969
0.0467456
0.0474717
0.0483271
0.049324
0.0502762
0.0512036
0.0522292
0.0532379
0.0541951
0.0552476
0.0563004
0.0572852
0.0582876
0.0594426
0.060614
0.0617628
0.0629157
0.0641266
0.0653741
0.0666181
0.0678811
0.0691503
0.0704715
0.0718506
0.0733218
0.0747208
0.0760881
0.0774755
0.0789559
0.0805115
0.0820401
0.0836506
0.0852624
0.0868052
0.0884366
0.0900241
0.091753
0.0934729
0.0950929
0.0966409
0.097989
0.0164115
0.0149142
0.0103164
0.00593995
0.00539682
0.00767589
0.0102677
0.0120865
0.0131331
0.013729
0.0142165
0.0147842
0.0154422
0.0160461
0.0165559
0.0172398
0.0180982
0.0187862
0.0192709
0.0197782
0.0203703
0.0210167
0.0216306
0.0221309
0.0226148
0.0231655
0.0237441
0.0243506
0.0250032
0.0256512
0.0262458
0.0268579
0.0274983
0.0281008
0.0286591
0.0292254
0.0298371
0.0304706
0.0310978
0.0317419
0.0323919
0.0330312
0.0336925
0.0343943
0.0350967
0.0358063
0.036598
0.0374034
0.0381127
0.0387273
0.0392578
0.0396903
0.0402516
0.0412189
0.0423704
0.0433596
0.0442093
0.0450962
0.0459693
0.0467459
0.0474719
0.0483273
0.0493243
0.0502764
0.0512038
0.0522294
0.0532381
0.0541953
0.0552477
0.0563007
0.0572854
0.0582877
0.0594427
0.0606142
0.0617629
0.0629158
0.0641268
0.0653742
0.0666183
0.0678812
0.0691504
0.0704716
0.0718507
0.0733219
0.0747209
0.0760882
0.0774756
0.0789559
0.0805116
0.0820402
0.0836507
0.0852625
0.0868053
0.0884367
0.0900242
0.0917531
0.093473
0.0950929
0.0966411
0.0979891
0.0161077
0.0147737
0.0105541
0.0063127
0.00562507
0.00775745
0.0102981
0.0121076
0.0131532
0.0137491
0.014236
0.0148008
0.0154549
0.016056
0.0165637
0.0172455
0.0181024
0.01879
0.0192751
0.0197827
0.0203744
0.0210199
0.0216332
0.0221331
0.0226169
0.0231675
0.0237458
0.0243521
0.0250046
0.0256526
0.026247
0.0268589
0.0274993
0.0281017
0.0286598
0.029226
0.0298378
0.0304713
0.0310984
0.0317425
0.0323926
0.0330318
0.0336931
0.0343949
0.0350973
0.0358068
0.0365986
0.0374041
0.0381134
0.0387279
0.0392585
0.0396907
0.0402515
0.0412189
0.042371
0.0433602
0.0442096
0.0450965
0.0459698
0.0467463
0.0474721
0.0483274
0.0493246
0.0502767
0.051204
0.0522296
0.0532384
0.0541955
0.0552479
0.0563009
0.0572856
0.0582878
0.0594428
0.0606144
0.0617631
0.0629159
0.0641269
0.0653743
0.0666184
0.0678814
0.0691505
0.0704717
0.0718507
0.0733221
0.0747211
0.0760883
0.0774757
0.078956
0.0805117
0.0820403
0.0836508
0.0852626
0.0868054
0.0884368
0.0900242
0.0917531
0.0934731
0.0950931
0.0966413
0.0979893
0.0158292
0.0146613
0.0108086
0.00670841
0.00587963
0.00785234
0.0103323
0.012131
0.0131762
0.0137734
0.0142615
0.0148238
0.015473
0.0160712
0.0165769
0.017255
0.0181077
0.0187939
0.0192803
0.0197894
0.0203808
0.0210248
0.0216369
0.0221364
0.02262
0.0231702
0.0237481
0.0243542
0.0250066
0.0256543
0.0262486
0.0268604
0.0275006
0.0281027
0.0286606
0.0292267
0.0298386
0.030472
0.031099
0.031743
0.0323932
0.0330325
0.0336938
0.0343956
0.035098
0.0358074
0.0365993
0.0374049
0.0381142
0.0387287
0.0392592
0.039691
0.0402512
0.041219
0.0423717
0.0433608
0.04421
0.0450969
0.0459703
0.0467468
0.0474723
0.0483276
0.0493249
0.0502771
0.0512042
0.0522299
0.0532387
0.0541957
0.0552481
0.0563012
0.0572858
0.0582879
0.059443
0.0606146
0.0617632
0.0629161
0.064127
0.0653745
0.0666186
0.0678815
0.0691506
0.0704718
0.0718508
0.0733222
0.0747213
0.0760884
0.0774758
0.0789561
0.0805118
0.0820404
0.0836509
0.0852627
0.0868055
0.0884369
0.0900243
0.0917532
0.0934733
0.0950932
0.0966416
0.0979897
0.0155773
0.0145474
0.0110512
0.00711002
0.00615215
0.00795734
0.0103682
0.0121548
0.0132007
0.0138
0.0142902
0.01485
0.0154943
0.0160906
0.0165958
0.0172692
0.018115
0.0187983
0.0192868
0.0197985
0.0203895
0.0210313
0.0216418
0.0221411
0.0226248
0.0231743
0.0237513
0.024357
0.0250091
0.0256565
0.0262507
0.0268625
0.0275025
0.0281041
0.0286615
0.0292275
0.0298395
0.0304729
0.0310997
0.0317435
0.0323938
0.0330332
0.0336945
0.0343962
0.0350987
0.0358081
0.0366002
0.0374059
0.0381151
0.0387296
0.0392601
0.0396913
0.0402509
0.0412192
0.0423726
0.0433615
0.0442103
0.0450974
0.0459709
0.0467472
0.0474725
0.0483277
0.0493253
0.0502774
0.0512044
0.0522302
0.053239
0.0541959
0.0552484
0.0563015
0.0572861
0.058288
0.0594431
0.0606148
0.0617634
0.0629162
0.0641272
0.0653747
0.0666187
0.0678817
0.0691508
0.070472
0.0718509
0.0733224
0.0747215
0.0760886
0.0774759
0.0789562
0.0805119
0.0820405
0.083651
0.0852628
0.0868056
0.088437
0.0900244
0.0917533
0.0934735
0.0950935
0.0966421
0.0979901
0.0153388
0.0144177
0.0112805
0.00752127
0.00644596
0.00807441
0.0104063
0.012179
0.0132268
0.0138287
0.0143206
0.0148774
0.0155165
0.0161122
0.0166187
0.0172873
0.0181244
0.0188038
0.0192948
0.0198096
0.0204002
0.021039
0.0216474
0.0221473
0.0226317
0.0231802
0.0237557
0.0243606
0.025012
0.025659
0.0262532
0.0268652
0.0275049
0.0281059
0.0286628
0.0292286
0.0298407
0.0304742
0.0311005
0.0317439
0.0323943
0.033034
0.0336951
0.0343966
0.0350991
0.0358089
0.0366012
0.0374071
0.0381162
0.0387307
0.0392612
0.0396917
0.0402505
0.0412194
0.0423735
0.0433623
0.0442107
0.0450979
0.0459716
0.0467478
0.0474728
0.048328
0.0493258
0.0502779
0.0512047
0.0522306
0.0532395
0.0541962
0.0552487
0.0563019
0.0572863
0.0582881
0.0594433
0.0606151
0.0617636
0.0629164
0.0641274
0.0653749
0.0666189
0.0678818
0.0691509
0.0704721
0.071851
0.0733226
0.0747217
0.0760887
0.0774759
0.0789563
0.0805121
0.0820406
0.0836512
0.085263
0.0868057
0.0884371
0.0900245
0.0917534
0.0934737
0.0950938
0.0966427
0.0979907
0.0151109
0.0142795
0.0115031
0.00794566
0.00676335
0.00820562
0.0104478
0.0122039
0.0132547
0.0138596
0.0143527
0.0149057
0.0155392
0.0161347
0.0166437
0.0173083
0.0181359
0.0188105
0.0193039
0.0198222
0.0204123
0.0210471
0.0216531
0.0221541
0.0226403
0.023188
0.0237616
0.0243651
0.0250153
0.0256616
0.026256
0.0268682
0.0275076
0.028108
0.0286644
0.0292301
0.0298424
0.0304759
0.0311016
0.0317445
0.0323949
0.033035
0.033696
0.0343968
0.0350993
0.0358094
0.0366023
0.0374082
0.0381174
0.0387322
0.0392627
0.0396924
0.0402504
0.0412198
0.0423745
0.0433629
0.044211
0.0450985
0.0459723
0.0467484
0.0474732
0.0483283
0.0493263
0.0502784
0.0512051
0.0522311
0.0532399
0.0541965
0.0552491
0.0563023
0.0572866
0.0582883
0.0594436
0.0606154
0.0617638
0.0629166
0.0641276
0.0653751
0.0666191
0.067882
0.0691511
0.0704722
0.0718511
0.0733228
0.0747219
0.0760888
0.077476
0.0789564
0.0805122
0.0820407
0.0836513
0.0852632
0.0868058
0.0884372
0.0900246
0.0917535
0.093474
0.0950942
0.0966434
0.0979914
0.0149013
0.0141413
0.0117182
0.00837944
0.0071031
0.008352
0.0104932
0.0122294
0.0132843
0.0138928
0.0143869
0.0149357
0.015563
0.0161579
0.0166702
0.0173314
0.0181493
0.0188185
0.0193141
0.0198361
0.0204255
0.0210557
0.0216585
0.022161
0.0226498
0.0231973
0.023769
0.0243706
0.025019
0.0256643
0.0262589
0.0268713
0.0275103
0.0281102
0.0286662
0.0292321
0.0298447
0.030478
0.0311032
0.0317454
0.0323959
0.0330365
0.0336972
0.0343971
0.0350992
0.0358097
0.036603
0.0374091
0.0381184
0.0387337
0.0392646
0.0396935
0.0402507
0.0412206
0.0423757
0.0433634
0.0442112
0.0450989
0.045973
0.0467491
0.0474737
0.0483287
0.0493268
0.0502789
0.0512056
0.0522317
0.0532405
0.054197
0.0552496
0.0563028
0.0572871
0.0582887
0.059444
0.0606158
0.0617641
0.0629169
0.0641279
0.0653753
0.0666193
0.0678821
0.0691513
0.0704724
0.0718513
0.073323
0.0747222
0.076089
0.0774761
0.0789565
0.0805124
0.0820409
0.0836515
0.0852634
0.086806
0.0884374
0.0900247
0.0917536
0.0934744
0.0950947
0.0966443
0.0979923
0.0147171
0.0140067
0.0119195
0.00881537
0.0074616
0.00851348
0.0105426
0.0122547
0.0133148
0.013928
0.0144233
0.0149679
0.0155885
0.0161823
0.0166979
0.0173563
0.0181645
0.0188276
0.0193249
0.0198507
0.0204395
0.021065
0.021664
0.0221677
0.0226595
0.0232074
0.0237773
0.0243768
0.0250231
0.0256672
0.0262619
0.0268744
0.0275129
0.028112
0.0286679
0.0292343
0.0298474
0.0304806
0.0311051
0.0317465
0.0323972
0.0330385
0.033699
0.0343978
0.0350991
0.0358095
0.0366031
0.0374093
0.0381188
0.0387349
0.0392663
0.0396949
0.0402517
0.0412223
0.0423774
0.0433639
0.044211
0.0450991
0.0459736
0.0467498
0.0474743
0.0483293
0.0493275
0.0502795
0.0512061
0.0522323
0.0532411
0.0541976
0.0552502
0.0563034
0.0572877
0.0582892
0.0594445
0.0606162
0.0617644
0.0629172
0.0641282
0.0653756
0.0666195
0.0678823
0.0691514
0.0704726
0.0718514
0.0733232
0.0747224
0.0760892
0.0774762
0.0789566
0.0805125
0.0820411
0.0836516
0.0852636
0.0868061
0.0884375
0.0900249
0.0917537
0.0934748
0.0950955
0.0966455
0.0979934
0.014562
0.0138777
0.0121013
0.00924512
0.0078334
0.00868887
0.0105954
0.0122781
0.0133447
0.0139647
0.0144621
0.0150028
0.0156164
0.0162082
0.0167269
0.0173828
0.018181
0.0188374
0.0193363
0.0198658
0.0204542
0.0210748
0.02167
0.0221746
0.0226692
0.0232176
0.0237861
0.0243836
0.0250276
0.0256703
0.026265
0.0268776
0.0275153
0.0281134
0.0286694
0.0292367
0.0298505
0.0304835
0.0311072
0.0317479
0.0323988
0.0330408
0.0337013
0.0343991
0.0350993
0.0358091
0.0366027
0.0374088
0.0381185
0.0387354
0.0392675
0.0396961
0.040253
0.041225
0.0423801
0.0433646
0.0442106
0.0450989
0.0459737
0.0467502
0.0474749
0.0483301
0.0493282
0.0502801
0.0512067
0.0522329
0.0532416
0.0541982
0.0552509
0.0563041
0.0572884
0.0582899
0.0594452
0.0606168
0.0617649
0.0629177
0.0641287
0.0653761
0.0666198
0.0678825
0.0691516
0.0704728
0.0718516
0.0733235
0.0747227
0.0760894
0.0774763
0.0789567
0.0805127
0.0820412
0.0836518
0.0852637
0.0868063
0.0884376
0.0900251
0.0917538
0.0934753
0.0950964
0.0966468
0.0979946
0.0144372
0.0137571
0.0122598
0.00966094
0.00821242
0.00887646
0.010651
0.0122984
0.0133727
0.0140027
0.0145035
0.0150406
0.015647
0.0162357
0.0167567
0.01741
0.0181982
0.0188478
0.019348
0.0198813
0.0204693
0.0210852
0.0216765
0.0221819
0.0226791
0.023228
0.0237952
0.0243909
0.0250325
0.0256735
0.0262681
0.0268807
0.0275175
0.0281146
0.0286705
0.029239
0.029854
0.0304868
0.0311094
0.0317495
0.0324006
0.0330434
0.033704
0.0344008
0.0350999
0.0358086
0.0366016
0.0374075
0.0381174
0.0387351
0.0392677
0.0396963
0.0402541
0.0412285
0.042384
0.0433662
0.0442102
0.0450981
0.0459732
0.0467502
0.0474754
0.048331
0.0493291
0.0502808
0.0512075
0.0522335
0.0532422
0.0541989
0.0552516
0.0563047
0.0572892
0.0582909
0.0594461
0.0606175
0.0617654
0.0629183
0.0641294
0.0653766
0.0666203
0.0678828
0.0691519
0.070473
0.0718517
0.0733238
0.0747231
0.0760897
0.0774765
0.0789567
0.0805128
0.0820414
0.083652
0.0852639
0.0868065
0.0884378
0.0900254
0.0917539
0.0934759
0.0950975
0.0966483
0.0979961
0.0143424
0.0136483
0.0123945
0.0100568
0.00859302
0.00907484
0.0107099
0.0123155
0.0133982
0.0140416
0.0145475
0.0150815
0.0156803
0.016265
0.0167873
0.0174378
0.018216
0.0188587
0.01936
0.019897
0.0204846
0.0210958
0.0216835
0.0221899
0.0226895
0.0232386
0.0238047
0.0243988
0.0250378
0.0256769
0.0262713
0.0268837
0.0275196
0.0281155
0.0286714
0.0292411
0.0298576
0.0304904
0.0311118
0.0317511
0.0324025
0.0330462
0.0337068
0.0344028
0.0351008
0.035808
0.0365998
0.0374053
0.0381155
0.0387339
0.0392669
0.0396951
0.0402539
0.0412319
0.0423889
0.0433686
0.0442099
0.0450969
0.0459719
0.0467495
0.0474756
0.0483319
0.0493302
0.0502816
0.0512083
0.0522342
0.0532426
0.0541996
0.0552522
0.0563052
0.05729
0.058292
0.0594473
0.0606184
0.0617662
0.0629192
0.0641301
0.0653773
0.0666209
0.0678833
0.0691522
0.0704732
0.0718517
0.073324
0.0747235
0.0760901
0.0774768
0.0789568
0.0805129
0.0820415
0.0836522
0.0852641
0.0868067
0.0884379
0.0900257
0.091754
0.0934765
0.0950989
0.0966501
0.0979977
0.0142761
0.0135559
0.012507
0.0104283
0.00897094
0.00928385
0.0107744
0.0123311
0.0134214
0.0140814
0.0145943
0.0151252
0.015716
0.0162959
0.0168188
0.0174663
0.0182345
0.0188701
0.0193725
0.019913
0.0205
0.0211066
0.021691
0.0221986
0.0227005
0.0232497
0.0238149
0.0244074
0.0250436
0.0256807
0.0262745
0.0268867
0.0275216
0.0281165
0.0286724
0.0292433
0.0298612
0.0304941
0.0311143
0.0317527
0.0324047
0.0330491
0.0337096
0.0344049
0.0351019
0.0358072
0.0365973
0.0374022
0.0381129
0.0387321
0.039265
0.0396922
0.0402519
0.0412343
0.042394
0.0433717
0.0442097
0.0450952
0.0459699
0.0467479
0.0474752
0.0483327
0.0493314
0.0502826
0.0512093
0.052235
0.0532431
0.0542002
0.0552528
0.0563055
0.0572907
0.0582932
0.0594486
0.0606195
0.0617671
0.0629202
0.0641311
0.065378
0.0666217
0.067884
0.0691529
0.0704735
0.0718516
0.073324
0.0747239
0.0760906
0.0774772
0.078957
0.0805129
0.0820416
0.0836523
0.0852641
0.0868069
0.0884379
0.090026
0.0917541
0.0934772
0.0951004
0.0966521
0.0979996
0.0142357
0.0134833
0.0125993
0.010773
0.00934431
0.00950498
0.0108476
0.0123471
0.0134427
0.0141221
0.014644
0.0151719
0.015754
0.0163282
0.0168515
0.0174961
0.0182541
0.0188823
0.0193857
0.0199294
0.0205157
0.0211177
0.0216989
0.0222078
0.0227122
0.0232617
0.0238261
0.0244169
0.0250501
0.0256849
0.0262781
0.0268898
0.0275236
0.0281176
0.0286737
0.0292456
0.029865
0.0304981
0.0311169
0.0317544
0.0324069
0.0330521
0.0337124
0.0344069
0.035103
0.0358063
0.036594
0.0373981
0.0381094
0.0387296
0.0392624
0.039688
0.040248
0.0412349
0.0423983
0.043375
0.0442096
0.045093
0.0459672
0.0467457
0.0474742
0.0483333
0.0493327
0.0502837
0.0512103
0.0522359
0.0532436
0.0542009
0.0552533
0.0563055
0.0572911
0.0582944
0.0594502
0.0606207
0.0617681
0.0629215
0.0641323
0.0653787
0.0666224
0.0678849
0.0691538
0.070474
0.0718513
0.0733238
0.0747242
0.0760912
0.0774778
0.0789574
0.080513
0.0820416
0.0836522
0.085264
0.0868071
0.088438
0.0900264
0.0917541
0.0934779
0.0951022
0.0966542
0.0980016
0.0142182
0.0134327
0.0126734
0.0110905
0.00971333
0.00973997
0.0109321
0.0123654
0.0134624
0.0141634
0.014697
0.015222
0.0157943
0.0163621
0.0168857
0.0175276
0.0182751
0.0188955
0.0193998
0.0199465
0.0205317
0.0211292
0.0217072
0.0222175
0.0227244
0.0232746
0.0238384
0.0244274
0.0250573
0.0256896
0.026282
0.026893
0.0275258
0.0281191
0.0286756
0.0292483
0.0298688
0.0305022
0.0311196
0.0317561
0.0324092
0.0330553
0.0337151
0.0344085
0.0351039
0.0358052
0.03659
0.0373929
0.038105
0.0387264
0.0392588
0.0396828
0.0402424
0.0412333
0.0424011
0.043378
0.0442095
0.0450904
0.0459638
0.0467427
0.047473
0.0483337
0.049334
0.0502848
0.0512114
0.0522369
0.0532441
0.0542017
0.055254
0.0563055
0.0572913
0.0582954
0.0594517
0.0606219
0.0617692
0.0629229
0.0641337
0.0653794
0.066623
0.0678859
0.0691551
0.0704748
0.071851
0.0733232
0.0747242
0.0760918
0.0774786
0.078958
0.0805132
0.0820416
0.0836521
0.0852638
0.0868072
0.088438
0.0900268
0.0917541
0.0934786
0.0951042
0.0966565
0.0980038
0.0142195
0.0134051
0.0127325
0.011382
0.0100784
0.0099894
0.0110297
0.0123881
0.0134812
0.0142047
0.0147528
0.0152757
0.0158371
0.0163975
0.0169213
0.0175608
0.0182976
0.0189098
0.019415
0.0199645
0.0205484
0.0211413
0.0217161
0.0222276
0.0227372
0.0232883
0.0238517
0.0244387
0.0250651
0.0256947
0.0262863
0.0268966
0.0275283
0.0281211
0.028678
0.0292514
0.0298729
0.0305067
0.0311225
0.0317579
0.0324117
0.0330587
0.0337177
0.0344099
0.0351046
0.0358043
0.0365856
0.0373866
0.0380997
0.0387224
0.0392552
0.0396772
0.040236
0.0412297
0.0424019
0.0433805
0.0442094
0.0450875
0.0459598
0.0467394
0.0474718
0.0483342
0.0493354
0.050286
0.0512125
0.0522379
0.0532446
0.0542024
0.0552547
0.0563055
0.0572914
0.0582963
0.0594532
0.0606233
0.0617702
0.0629244
0.0641353
0.0653802
0.0666235
0.0678867
0.0691566
0.0704759
0.0718507
0.0733222
0.0747238
0.0760921
0.0774795
0.078959
0.0805135
0.0820416
0.0836519
0.0852634
0.0868072
0.0884378
0.0900273
0.0917542
0.0934793
0.0951062
0.0966589
0.098006
0.0142349
0.0134015
0.0127808
0.0116486
0.010439
0.0102529
0.0111423
0.0124175
0.0135
0.0142456
0.0148109
0.0153331
0.0158827
0.0164346
0.0169584
0.0175957
0.0183215
0.0189253
0.0194312
0.0199834
0.0205659
0.0211541
0.0217255
0.0222383
0.0227506
0.0233028
0.0238659
0.0244507
0.0250734
0.0257004
0.0262912
0.0269005
0.027531
0.0281235
0.0286809
0.0292548
0.0298773
0.0305116
0.0311256
0.0317597
0.0324141
0.0330623
0.0337203
0.034411
0.0351052
0.0358036
0.0365811
0.0373795
0.0380934
0.0387177
0.0392512
0.0396718
0.04023
0.0412251
0.0424009
0.0433822
0.0442095
0.0450846
0.0459554
0.046736
0.047471
0.0483351
0.0493369
0.050287
0.0512134
0.0522389
0.0532452
0.0542032
0.0552552
0.0563055
0.0572915
0.0582972
0.0594547
0.0606246
0.0617712
0.0629257
0.064137
0.0653811
0.0666237
0.0678873
0.069158
0.0704773
0.0718504
0.0733209
0.074723
0.0760921
0.0774803
0.0789601
0.0805141
0.0820416
0.0836515
0.0852627
0.086807
0.0884375
0.0900278
0.0917545
0.0934801
0.0951085
0.0966613
0.0980083
0.0142601
0.013423
0.0128225
0.0118901
0.0107937
0.0105299
0.0112716
0.0124556
0.01352
0.0142854
0.0148705
0.015394
0.0159315
0.0164736
0.016997
0.0176321
0.018347
0.018942
0.0194485
0.0200032
0.0205843
0.0211677
0.0217357
0.0222495
0.0227646
0.0233182
0.0238809
0.0244633
0.0250822
0.0257066
0.0262965
0.0269049
0.0275341
0.0281262
0.028684
0.0292584
0.029882
0.0305167
0.031129
0.0317616
0.0324166
0.0330661
0.033723
0.0344121
0.0351059
0.0358036
0.0365769
0.037372
0.0380865
0.0387124
0.0392469
0.0396675
0.0402261
0.0412206
0.0423985
0.0433834
0.04421
0.0450819
0.0459509
0.0467329
0.047471
0.0483366
0.0493384
0.0502881
0.0512143
0.0522396
0.0532457
0.054204
0.0552556
0.0563055
0.0572919
0.0582985
0.0594562
0.0606259
0.0617721
0.0629271
0.0641385
0.0653819
0.0666239
0.0678878
0.0691593
0.0704787
0.0718501
0.0733192
0.0747219
0.0760918
0.0774809
0.0789613
0.0805148
0.0820417
0.0836511
0.0852619
0.0868067
0.0884369
0.0900282
0.0917548
0.0934809
0.0951109
0.0966638
0.0980106
0.0142914
0.0134705
0.0128615
0.0121065
0.0111411
0.0108192
0.0114185
0.0125046
0.0135427
0.0143243
0.0149305
0.0154578
0.0159834
0.0165148
0.0170373
0.0176701
0.0183739
0.0189599
0.0194668
0.0200242
0.0206038
0.0211823
0.0217467
0.0222614
0.0227793
0.0233342
0.0238964
0.0244764
0.0250915
0.0257132
0.0263022
0.0269096
0.0275376
0.0281293
0.0286872
0.0292622
0.0298869
0.0305221
0.0311326
0.0317636
0.0324191
0.03307
0.0337261
0.0344134
0.0351069
0.0358044
0.0365735
0.0373645
0.038079
0.0387066
0.039243
0.039666
0.0402259
0.0412178
0.0423954
0.0433838
0.0442107
0.0450793
0.0459464
0.0467303
0.0474722
0.0483391
0.04934
0.050289
0.0512153
0.05224
0.0532461
0.054205
0.0552559
0.0563052
0.0572925
0.0583003
0.0594577
0.0606271
0.0617731
0.0629284
0.0641398
0.0653827
0.066624
0.0678882
0.0691605
0.0704801
0.07185
0.0733173
0.0747204
0.0760912
0.0774814
0.0789624
0.0805156
0.0820418
0.0836506
0.0852609
0.0868063
0.0884362
0.0900286
0.0917552
0.0934818
0.0951134
0.0966665
0.098013
0.0143246
0.0135433
0.0129022
0.0122978
0.0114789
0.0111194
0.0115831
0.0125662
0.0135702
0.0143625
0.01499
0.0155238
0.0160386
0.0165587
0.0170796
0.0177099
0.0184022
0.018979
0.0194862
0.0200462
0.0206246
0.021198
0.0217584
0.0222739
0.0227947
0.023351
0.0239125
0.0244899
0.0251013
0.0257202
0.0263084
0.0269148
0.0275415
0.0281328
0.0286906
0.0292661
0.0298919
0.0305277
0.0311365
0.0317657
0.0324216
0.033074
0.0337295
0.0344151
0.0351084
0.035806
0.0365711
0.0373573
0.0380713
0.0387007
0.0392399
0.0396678
0.0402308
0.0412183
0.0423925
0.0433834
0.0442115
0.045077
0.045942
0.0467283
0.0474749
0.0483429
0.0493415
0.0502898
0.0512165
0.05224
0.0532462
0.054206
0.0552559
0.0563048
0.0572935
0.0583028
0.0594594
0.0606281
0.0617741
0.0629299
0.064141
0.0653834
0.066624
0.0678886
0.0691617
0.0704816
0.0718501
0.0733151
0.0747187
0.0760904
0.0774817
0.0789633
0.0805165
0.0820419
0.08365
0.0852597
0.0868057
0.0884353
0.0900289
0.0917556
0.0934828
0.0951161
0.0966693
0.0980156
0.0143545
0.0136399
0.0129507
0.0124644
0.011804
0.0114285
0.0117648
0.0126415
0.0136042
0.0144007
0.0150483
0.0155912
0.016097
0.0166056
0.0171243
0.0177516
0.018432
0.0189991
0.0195066
0.0200695
0.0206467
0.0212148
0.0217709
0.0222871
0.0228109
0.0233684
0.023929
0.0245039
0.0251116
0.0257278
0.026315
0.0269205
0.0275458
0.0281366
0.0286943
0.0292702
0.0298971
0.0305334
0.0311406
0.0317681
0.0324241
0.0330779
0.0337334
0.0344172
0.0351102
0.0358085
0.0365697
0.0373508
0.0380636
0.0386947
0.0392379
0.0396737
0.0402419
0.041223
0.0423902
0.0433821
0.0442121
0.0450747
0.0459376
0.0467269
0.047479
0.0483477
0.049343
0.0502905
0.051218
0.0522397
0.053246
0.054207
0.055256
0.0563043
0.0572949
0.058306
0.0594613
0.0606289
0.0617752
0.0629315
0.064142
0.0653841
0.0666241
0.0678892
0.069163
0.0704832
0.0718505
0.0733129
0.0747169
0.0760896
0.0774821
0.078964
0.0805175
0.0820421
0.0836494
0.0852585
0.0868051
0.0884344
0.0900293
0.0917559
0.0934837
0.0951189
0.0966722
0.0980183
0.0143762
0.013757
0.0130134
0.0126069
0.0121129
0.0117452
0.0119624
0.0127309
0.0136465
0.0144402
0.0151051
0.0156591
0.0161583
0.0166557
0.017172
0.0177958
0.0184636
0.0190205
0.0195281
0.020094
0.0206702
0.0212328
0.0217843
0.022301
0.0228278
0.0233867
0.023946
0.0245182
0.0251224
0.0257359
0.026322
0.0269265
0.0275505
0.0281409
0.0286985
0.0292747
0.0299025
0.0305391
0.0311451
0.0317709
0.0324267
0.0330819
0.0337378
0.03442
0.0351124
0.0358114
0.0365692
0.0373449
0.0380562
0.038689
0.0392373
0.0396839
0.0402595
0.0412324
0.0423887
0.0433796
0.044212
0.0450723
0.0459332
0.046726
0.0474841
0.0483535
0.0493443
0.0502912
0.0512199
0.0522391
0.0532457
0.0542082
0.055256
0.0563037
0.0572966
0.0583098
0.0594635
0.0606296
0.0617763
0.0629332
0.0641431
0.0653849
0.0666243
0.0678899
0.0691644
0.070485
0.0718513
0.0733107
0.0747151
0.0760889
0.0774826
0.0789646
0.0805186
0.0820423
0.0836488
0.0852572
0.0868046
0.0884336
0.0900297
0.0917562
0.0934846
0.0951217
0.0966754
0.0980211
0.0143856
0.0138879
0.0130959
0.012728
0.0124018
0.0120677
0.0121743
0.0128337
0.0136987
0.014483
0.0151604
0.0157267
0.0162217
0.016709
0.0172231
0.0178429
0.0184971
0.0190433
0.0195508
0.0201197
0.020695
0.021252
0.0217987
0.0223157
0.0228456
0.0234057
0.0239635
0.024533
0.0251338
0.0257445
0.0263295
0.0269331
0.0275557
0.0281456
0.0287031
0.0292798
0.0299082
0.030545
0.0311501
0.031774
0.0324295
0.0330859
0.0337426
0.0344231
0.0351148
0.0358147
0.0365693
0.0373395
0.038049
0.0386837
0.0392381
0.039698
0.0402827
0.0412458
0.042388
0.043376
0.0442112
0.0450697
0.0459289
0.0467253
0.0474899
0.0483598
0.0493457
0.0502919
0.0512221
0.0522386
0.0532452
0.0542093
0.0552561
0.056303
0.0572986
0.058314
0.059466
0.0606303
0.0617775
0.0629351
0.0641443
0.0653858
0.0666246
0.0678908
0.069166
0.0704871
0.0718524
0.0733088
0.0747134
0.0760884
0.0774833
0.0789651
0.0805197
0.0820426
0.0836481
0.0852558
0.086804
0.0884331
0.0900305
0.0917564
0.0934854
0.0951245
0.0966787
0.0980242
0.0143813
0.014023
0.0132028
0.0128339
0.0126664
0.0123931
0.0123999
0.0129486
0.0137617
0.0145313
0.015215
0.0157933
0.0162863
0.0167652
0.0172777
0.0178934
0.0185329
0.0190674
0.0195747
0.0201467
0.0207212
0.0212725
0.021814
0.0223312
0.0228643
0.0234255
0.0239814
0.0245483
0.0251459
0.0257536
0.0263376
0.0269401
0.0275621
0.0281507
0.0287083
0.0292854
0.0299141
0.0305511
0.0311554
0.0317776
0.0324324
0.03309
0.0337476
0.0344265
0.0351174
0.0358181
0.0365699
0.0373345
0.038042
0.0386788
0.0392402
0.0397151
0.0403103
0.0412625
0.0423879
0.0433715
0.0442095
0.0450668
0.0459245
0.0467247
0.047496
0.0483664
0.049347
0.0502928
0.0512246
0.0522382
0.0532447
0.0542105
0.0552564
0.0563024
0.0573009
0.0583185
0.0594687
0.0606309
0.0617788
0.062937
0.0641457
0.0653869
0.0666253
0.0678919
0.0691677
0.0704895
0.0718539
0.0733071
0.0747116
0.0760883
0.0774844
0.0789658
0.0805207
0.0820431
0.0836475
0.0852545
0.0868035
0.0884311
0.0900316
0.0917566
0.0934861
0.0951275
0.0966823
0.0980275
0.0143664
0.0141506
0.0133351
0.0129338
0.0129028
0.0127171
0.0126397
0.0130746
0.0138355
0.0145874
0.0152701
0.0158583
0.0163514
0.0168236
0.017336
0.0179477
0.0185714
0.0190931
0.0195997
0.0201748
0.0207488
0.0212945
0.0218303
0.0223475
0.022884
0.0234462
0.024
0.0245641
0.0251585
0.0257634
0.0263462
0.0269477
0.0275684
0.0281563
0.028714
0.0292914
0.0299204
0.0305575
0.0311612
0.0317815
0.0324354
0.0330942
0.0337529
0.0344301
0.0351199
0.0358214
0.0365706
0.0373298
0.0380352
0.0386742
0.0392432
0.0397344
0.0403408
0.0412814
0.0423883
0.0433662
0.0442071
0.0450636
0.0459201
0.0467242
0.0475021
0.0483731
0.0493484
0.0502939
0.0512274
0.052238
0.0532442
0.0542117
0.0552568
0.0563018
0.0573033
0.0583232
0.0594716
0.0606317
0.0617802
0.062939
0.0641474
0.0653881
0.0666261
0.0678932
0.0691696
0.0704921
0.0718557
0.0733057
0.07471
0.0760885
0.0774859
0.0789666
0.0805218
0.0820436
0.0836469
0.0852531
0.0868031
0.0884313
0.0900331
0.091757
0.0934867
0.0951305
0.0966862
0.0980309
0.0143501
0.0142603
0.0134875
0.0130387
0.0131104
0.0130338
0.0128945
0.0132109
0.0139188
0.0146534
0.015328
0.0159214
0.0164162
0.0168838
0.0173978
0.0180061
0.018613
0.0191206
0.0196259
0.0202042
0.0207778
0.021318
0.0218479
0.0223647
0.0229046
0.0234679
0.0240191
0.0245803
0.0251718
0.0257739
0.0263553
0.0269558
0.0275751
0.0281625
0.02872
0.0292978
0.0299271
0.0305644
0.0311673
0.0317857
0.0324386
0.0330986
0.0337584
0.0344339
0.0351224
0.0358245
0.0365715
0.0373253
0.0380287
0.03867
0.0392468
0.0397551
0.0403727
0.0413014
0.0423891
0.0433605
0.0442041
0.0450603
0.0459157
0.0467236
0.0475081
0.0483796
0.04935
0.0502953
0.0512302
0.052238
0.0532438
0.054213
0.0552572
0.0563013
0.0573059
0.058328
0.0594746
0.0606327
0.0617817
0.0629409
0.0641491
0.0653895
0.0666272
0.0678947
0.0691717
0.0704949
0.0718576
0.0733047
0.0747085
0.0760891
0.0774877
0.0789678
0.0805227
0.0820442
0.0836462
0.0852517
0.0868027
0.0884318
0.0900349
0.0917575
0.0934873
0.0951337
0.0966903
0.0980346
0.0143446
0.014348
0.0136499
0.0131583
0.0132933
0.0133358
0.013163
0.0133592
0.0140096
0.0147302
0.0153913
0.015983
0.0164797
0.0169451
0.0174625
0.0180687
0.0186582
0.0191501
0.0196534
0.020235
0.0208083
0.021343
0.0218666
0.0223829
0.0229263
0.0234907
0.024039
0.0245971
0.0251858
0.025785
0.0263651
0.0269645
0.0275825
0.0281691
0.0287265
0.0293044
0.0299341
0.0305716
0.0311738
0.0317902
0.032442
0.0331033
0.0337641
0.0344378
0.0351248
0.0358275
0.0365724
0.037321
0.0380224
0.0386661
0.0392511
0.0397763
0.0404049
0.0413218
0.0423901
0.0433547
0.0442007
0.0450569
0.0459114
0.046723
0.0475139
0.048386
0.0493517
0.0502968
0.0512331
0.0522384
0.0532434
0.0542143
0.0552578
0.0563009
0.0573085
0.0583328
0.0594777
0.0606337
0.0617833
0.0629429
0.0641511
0.0653909
0.0666286
0.0678964
0.0691739
0.0704978
0.0718596
0.0733038
0.074707
0.0760899
0.07749
0.0789693
0.0805236
0.0820448
0.0836456
0.0852503
0.0868025
0.0884327
0.0900372
0.0917581
0.0934877
0.0951369
0.0966948
0.0980384
0.0143612
0.014419
0.0138107
0.0132961
0.0134604
0.0136166
0.013441
0.0135225
0.0141063
0.0148168
0.0154636
0.0160444
0.0165413
0.017007
0.0175293
0.0181351
0.0187077
0.0191823
0.0196822
0.0202672
0.0208406
0.0213695
0.0218864
0.022402
0.0229491
0.0235146
0.0240596
0.0246145
0.0252005
0.0257968
0.0263755
0.0269737
0.0275903
0.0281763
0.0287333
0.0293112
0.0299415
0.0305793
0.0311807
0.0317948
0.0324456
0.0331082
0.0337701
0.0344419
0.0351271
0.0358303
0.0365732
0.0373168
0.0380163
0.0386626
0.0392559
0.0397977
0.0404367
0.0413422
0.0423914
0.0433491
0.0441972
0.0450534
0.0459071
0.0467223
0.0475195
0.0483922
0.0493535
0.0502986
0.0512361
0.052239
0.0532432
0.0542157
0.0552584
0.0563006
0.0573112
0.0583378
0.0594809
0.0606349
0.061785
0.062945
0.0641532
0.0653924
0.0666301
0.0678982
0.0691763
0.0705008
0.0718617
0.0733032
0.0747056
0.076091
0.0774926
0.078971
0.0805245
0.0820455
0.0836449
0.0852488
0.0868023
0.0884339
0.0900397
0.091759
0.0934882
0.0951404
0.0966995
0.0980424
0.0144039
0.0144852
0.0139608
0.013447
0.0136232
0.013875
0.0137208
0.0137033
0.0142092
0.014911
0.0155473
0.0161081
0.0166002
0.017069
0.0175981
0.0182047
0.0187615
0.0192175
0.0197123
0.0203008
0.0208748
0.0213979
0.0219075
0.0224221
0.022973
0.0235395
0.0240811
0.0246326
0.025216
0.0258094
0.0263864
0.0269836
0.0275988
0.028184
0.0287404
0.0293181
0.0299492
0.0305876
0.0311879
0.0317997
0.0324493
0.0331133
0.0337762
0.034446
0.0351293
0.035833
0.0365741
0.0373128
0.0380105
0.0386595
0.0392611
0.0398188
0.0404677
0.0413624
0.042393
0.0433437
0.0441935
0.0450499
0.0459029
0.0467216
0.0475249
0.0483983
0.0493555
0.0503004
0.051239
0.0522398
0.0532431
0.054217
0.0552591
0.0563004
0.0573139
0.0583428
0.0594842
0.0606362
0.0617867
0.0629472
0.0641554
0.0653939
0.0666317
0.0679002
0.0691787
0.0705039
0.0718638
0.0733027
0.0747043
0.0760922
0.0774955
0.0789729
0.0805253
0.0820462
0.0836442
0.0852473
0.0868021
0.0884352
0.0900423
0.09176
0.0934887
0.095144
0.0967045
0.0980466
0.0144667
0.0145599
0.0141009
0.0136008
0.0137899
0.0141159
0.0139939
0.0138999
0.0143217
0.0150103
0.0156428
0.0161777
0.0166565
0.0171302
0.0176686
0.0182772
0.0188198
0.0192563
0.019744
0.0203359
0.0209113
0.0214281
0.0219297
0.0224434
0.0229983
0.0235658
0.0241034
0.0246511
0.0252322
0.0258229
0.0263982
0.0269942
0.0276079
0.0281922
0.028748
0.0293253
0.0299571
0.0305963
0.0311956
0.0318048
0.0324532
0.0331188
0.0337826
0.0344502
0.0351316
0.0358356
0.036575
0.037309
0.0380049
0.0386568
0.0392668
0.0398397
0.0404978
0.0413822
0.042395
0.0433388
0.0441899
0.0450464
0.0458988
0.046721
0.0475301
0.0484043
0.0493576
0.0503023
0.051242
0.0522408
0.0532431
0.0542185
0.0552599
0.0563004
0.0573166
0.0583478
0.0594875
0.0606376
0.0617885
0.0629494
0.0641576
0.0653954
0.0666333
0.0679022
0.0691812
0.0705071
0.0718659
0.0733022
0.074703
0.0760935
0.0774986
0.078975
0.080526
0.0820468
0.0836436
0.0852458
0.086802
0.0884366
0.090045
0.0917612
0.0934893
0.0951477
0.0967099
0.098051
0.014538
0.0146504
0.0142417
0.0137488
0.0139589
0.0143488
0.014255
0.0141058
0.0144479
0.0151141
0.0157482
0.0162569
0.0167117
0.0171892
0.0177406
0.0183522
0.0188821
0.0192994
0.0197778
0.0203723
0.0209501
0.0214606
0.0219529
0.0224653
0.023025
0.0235937
0.0241269
0.0246704
0.0252491
0.025837
0.0264106
0.0270056
0.0276178
0.0282011
0.0287561
0.0293328
0.0299654
0.0306055
0.0312037
0.03181
0.0324572
0.0331247
0.0337893
0.0344545
0.0351339
0.0358382
0.036576
0.0373054
0.0379996
0.0386546
0.0392728
0.0398603
0.0405269
0.0414017
0.0423974
0.0433344
0.0441864
0.0450431
0.0458948
0.0467204
0.0475353
0.0484103
0.0493599
0.0503042
0.0512451
0.052242
0.0532432
0.0542199
0.0552608
0.0563004
0.0573194
0.0583529
0.059491
0.0606392
0.0617904
0.0629518
0.06416
0.0653969
0.0666351
0.0679044
0.0691838
0.0705103
0.0718681
0.0733018
0.0747017
0.0760949
0.0775018
0.0789771
0.0805268
0.0820475
0.0836429
0.0852442
0.086802
0.0884381
0.0900477
0.0917625
0.0934899
0.0951516
0.0967155
0.0980556
0.0146075
0.0147515
0.0143955
0.0138896
0.0141195
0.0145835
0.0145084
0.0143109
0.0145881
0.0152251
0.0158606
0.0163481
0.0167696
0.0172447
0.0178129
0.0184299
0.0189479
0.0193465
0.0198142
0.0204105
0.0209913
0.0214956
0.0219776
0.0224879
0.0230527
0.0236231
0.0241514
0.0246906
0.025267
0.0258523
0.0264238
0.0270175
0.0276282
0.0282105
0.0287647
0.0293406
0.029974
0.0306153
0.0312123
0.0318155
0.0324615
0.0331308
0.0337963
0.0344591
0.0351362
0.0358407
0.0365771
0.0373021
0.0379946
0.0386528
0.0392794
0.0398806
0.0405551
0.0414208
0.0424004
0.0433305
0.0441831
0.0450399
0.045891
0.0467199
0.0475403
0.0484162
0.0493622
0.0503062
0.0512482
0.0522432
0.0532435
0.0542214
0.0552617
0.0563006
0.0573222
0.058358
0.0594945
0.0606409
0.0617924
0.0629544
0.0641624
0.0653985
0.0666369
0.0679066
0.0691865
0.0705135
0.0718702
0.0733015
0.0747006
0.0760962
0.0775051
0.0789793
0.0805275
0.0820481
0.0836422
0.0852426
0.0868019
0.0884396
0.0900504
0.0917639
0.0934906
0.0951557
0.0967216
0.0980605
0.0146714
0.0148527
0.0145708
0.0140332
0.0142589
0.0148203
0.0147649
0.0145072
0.0147365
0.015349
0.0159783
0.0164502
0.0168348
0.017297
0.0178836
0.0185106
0.0190171
0.0193972
0.0198535
0.0204505
0.0210352
0.0215335
0.0220038
0.0225113
0.0230818
0.0236542
0.0241771
0.0247114
0.0252856
0.0258686
0.0264382
0.0270304
0.0276394
0.0282204
0.0287737
0.0293488
0.0299829
0.0306255
0.0312214
0.0318213
0.0324659
0.0331372
0.0338036
0.0344637
0.0351386
0.0358433
0.0365783
0.0372992
0.03799
0.0386514
0.0392863
0.0399006
0.0405824
0.0414396
0.0424038
0.0433271
0.04418
0.0450368
0.0458873
0.0467195
0.0475453
0.0484221
0.0493646
0.0503083
0.0512513
0.0522447
0.0532438
0.0542229
0.0552627
0.0563008
0.057325
0.0583631
0.0594981
0.0606427
0.0617944
0.062957
0.0641649
0.0654001
0.0666387
0.0679089
0.0691892
0.0705167
0.0718724
0.0733012
0.0746994
0.0760977
0.0775084
0.0789816
0.0805283
0.0820488
0.0836415
0.085241
0.086802
0.0884412
0.0900531
0.0917655
0.0934913
0.09516
0.096728
0.0980656
0.0147298
0.0149439
0.0147662
0.0141961
0.0143704
0.0150445
0.0150374
0.0146971
0.0148817
0.0154886
0.0161038
0.0165598
0.0169111
0.0173484
0.0179501
0.0185944
0.0190904
0.0194506
0.0198956
0.020493
0.0210817
0.0215743
0.0220319
0.0225356
0.0231119
0.0236869
0.0242046
0.0247332
0.0253049
0.0258855
0.0264532
0.0270441
0.0276516
0.0282313
0.0287834
0.0293573
0.0299922
0.0306364
0.031231
0.0318273
0.0324706
0.033144
0.0338113
0.0344687
0.035141
0.0358458
0.0365798
0.0372966
0.0379856
0.0386505
0.0392937
0.0399202
0.0406087
0.041458
0.0424076
0.0433242
0.0441771
0.0450339
0.0458838
0.0467192
0.0475502
0.0484279
0.0493671
0.0503104
0.0512546
0.0522462
0.0532443
0.0542245
0.0552638
0.0563013
0.0573279
0.0583682
0.0595018
0.0606446
0.0617966
0.0629598
0.0641676
0.0654017
0.0666405
0.0679112
0.069192
0.07052
0.0718745
0.0733009
0.0746983
0.0760991
0.0775117
0.0789838
0.0805291
0.0820495
0.0836408
0.0852394
0.086802
0.0884428
0.0900557
0.0917672
0.0934922
0.0951644
0.0967348
0.0980709
0.0147839
0.0150171
0.0149682
0.0143942
0.0144625
0.0152365
0.0153311
0.014895
0.0150121
0.0156389
0.0162434
0.0166739
0.016999
0.0174034
0.0180105
0.0186802
0.0191695
0.0195061
0.0199396
0.0205385
0.0211314
0.0216181
0.022062
0.022561
0.023143
0.0237211
0.0242334
0.0247562
0.0253254
0.025904
0.0264694
0.0270583
0.0276642
0.0282428
0.0287938
0.0293665
0.0300019
0.0306477
0.0312412
0.0318337
0.0324754
0.0331511
0.0338192
0.0344738
0.0351436
0.0358485
0.0365815
0.0372944
0.0379817
0.0386501
0.0393015
0.0399395
0.0406342
0.041476
0.042412
0.0433217
0.0441745
0.0450311
0.0458806
0.0467189
0.0475551
0.0484337
0.0493697
0.0503126
0.0512578
0.0522478
0.0532448
0.0542262
0.0552649
0.0563018
0.0573309
0.0583734
0.0595056
0.0606467
0.0617988
0.0629628
0.0641702
0.0654034
0.0666425
0.0679136
0.0691948
0.0705233
0.0718767
0.0733007
0.0746973
0.0761005
0.077515
0.078986
0.0805299
0.0820502
0.0836402
0.0852379
0.0868021
0.0884444
0.0900583
0.0917692
0.0934932
0.0951689
0.0967419
0.0980765
0.0148371
0.0150696
0.0151591
0.0146346
0.0145569
0.0153764
0.015631
0.0151208
0.0151274
0.0157874
0.0164029
0.0167946
0.0170949
0.0174658
0.018065
0.0187648
0.019256
0.0195644
0.0199844
0.0205871
0.0211849
0.0216653
0.0220942
0.0225872
0.023175
0.0237569
0.024264
0.0247802
0.0253466
0.0259234
0.026487
0.0270739
0.0276779
0.028255
0.0288046
0.0293759
0.030012
0.0306597
0.031252
0.0318405
0.0324806
0.0331585
0.0338276
0.0344792
0.0351463
0.0358511
0.0365834
0.0372927
0.0379783
0.0386502
0.0393096
0.0399584
0.0406587
0.0414936
0.0424167
0.0433198
0.044172
0.0450285
0.0458775
0.0467187
0.0475598
0.0484394
0.0493725
0.0503149
0.0512612
0.0522495
0.0532455
0.0542279
0.0552662
0.0563025
0.057334
0.0583787
0.0595095
0.0606489
0.0618012
0.0629658
0.064173
0.0654051
0.0666444
0.0679161
0.0691977
0.0705267
0.0718789
0.0733006
0.0746964
0.076102
0.0775182
0.0789882
0.0805309
0.0820509
0.0836396
0.0852363
0.0868022
0.0884459
0.0900608
0.0917712
0.0934944
0.0951736
0.0967494
0.0980824
0.0148964
0.0151026
0.0153198
0.0149085
0.0146809
0.0154605
0.0159101
0.0153897
0.015243
0.0159174
0.0165791
0.0169299
0.0171964
0.0175373
0.0181165
0.0188452
0.0193498
0.0196269
0.0200281
0.0206382
0.0212431
0.0217163
0.0221292
0.0226148
0.0232081
0.0237941
0.0242961
0.0248056
0.0253689
0.0259438
0.0265055
0.0270903
0.0276926
0.0282685
0.0288165
0.0293861
0.0300224
0.030672
0.0312633
0.0318476
0.0324859
0.0331662
0.0338364
0.034485
0.0351492
0.035854
0.0365851
0.0372914
0.0379751
0.0386506
0.0393181
0.039977
0.0406823
0.0415108
0.0424219
0.0433183
0.0441698
0.0450261
0.0458747
0.0467186
0.0475644
0.0484451
0.0493753
0.0503173
0.0512646
0.0522513
0.0532462
0.0542297
0.0552677
0.0563034
0.0573371
0.0583839
0.0595135
0.0606513
0.0618037
0.0629689
0.0641759
0.0654069
0.0666465
0.0679187
0.0692006
0.0705301
0.0718812
0.0733005
0.0746956
0.0761034
0.0775215
0.0789904
0.0805319
0.0820517
0.083639
0.0852347
0.0868024
0.0884477
0.0900632
0.0917735
0.0934958
0.0951784
0.0967573
0.0980886
0.0149755
0.0151224
0.0154324
0.01519
0.0148579
0.0155094
0.0161387
0.0156976
0.0153838
0.016021
0.0167586
0.017087
0.017304
0.017616
0.0181691
0.0189195
0.0194497
0.0196974
0.0200699
0.0206893
0.0213065
0.0217718
0.0221664
0.0226435
0.0232424
0.0238333
0.0243299
0.024832
0.025392
0.0259655
0.0265255
0.0271077
0.0277078
0.0282823
0.0288289
0.0293971
0.0300336
0.0306852
0.0312755
0.0318552
0.0324916
0.0331743
0.0338455
0.034491
0.0351521
0.0358569
0.0365878
0.0372908
0.0379726
0.0386516
0.0393269
0.0399951
0.0407049
0.0415275
0.0424274
0.0433173
0.0441679
0.0450238
0.0458721
0.0467186
0.047569
0.0484507
0.0493782
0.0503198
0.0512681
0.0522531
0.053247
0.0542315
0.0552692
0.0563044
0.0573402
0.0583892
0.0595176
0.0606538
0.0618063
0.0629722
0.0641788
0.0654088
0.0666486
0.0679213
0.0692035
0.0705336
0.0718835
0.0733006
0.0746949
0.0761049
0.0775246
0.0789926
0.0805329
0.0820525
0.0836384
0.0852332
0.0868026
0.0884494
0.0900655
0.0917759
0.0934973
0.0951834
0.0967655
0.0980952
0.015094
0.0151442
0.0154885
0.0154478
0.0150931
0.015554
0.0162955
0.0160185
0.0155771
0.0161106
0.0169227
0.0172658
0.0174244
0.0176995
0.0182253
0.0189878
0.0195524
0.0197784
0.0201117
0.0207376
0.021375
0.0218333
0.0222063
0.0226732
0.0232775
0.023874
0.0243656
0.0248596
0.0254163
0.0259886
0.0265469
0.0271265
0.0277243
0.0282973
0.0288421
0.0294083
0.0300448
0.0306986
0.0312884
0.0318634
0.0324975
0.0331827
0.0338552
0.0344975
0.0351553
0.0358598
0.0365905
0.0372906
0.0379705
0.038653
0.0393361
0.0400128
0.0407266
0.0415437
0.0424333
0.0433167
0.0441662
0.0450218
0.0458699
0.0467187
0.0475734
0.0484562
0.0493811
0.0503222
0.0512716
0.0522551
0.0532479
0.0542334
0.055271
0.0563055
0.0573435
0.0583945
0.0595218
0.0606565
0.061809
0.0629755
0.0641819
0.0654108
0.0666508
0.0679241
0.0692065
0.0705371
0.0718858
0.0733006
0.0746942
0.0761065
0.0775278
0.0789949
0.080534
0.0820534
0.0836379
0.0852317
0.0868029
0.0884513
0.0900679
0.0917785
0.0934991
0.0951884
0.0967741
0.0981021
0.0152722
0.015189
0.0154902
0.015649
0.0153698
0.0156275
0.016385
0.0163199
0.0158304
0.0162099
0.017059
0.0174553
0.017564
0.0177894
0.0182862
0.0190509
0.0196542
0.019872
0.0201571
0.0207802
0.0214465
0.0219034
0.0222494
0.0227036
0.0233143
0.0239168
0.0244033
0.0248881
0.0254411
0.0260131
0.0265699
0.0271464
0.0277415
0.0283131
0.0288565
0.0294209
0.0300569
0.0307126
0.0313019
0.0318721
0.0325035
0.0331913
0.0338652
0.0345044
0.0351587
0.035863
0.0365939
0.0372912
0.0379688
0.0386547
0.0393455
0.0400299
0.0407472
0.0415595
0.0424395
0.0433167
0.0441648
0.0450201
0.045868
0.046719
0.0475777
0.0484616
0.0493842
0.0503248
0.0512752
0.0522572
0.0532489
0.0542354
0.0552729
0.0563069
0.0573468
0.0583999
0.0595261
0.0606593
0.0618119
0.0629789
0.0641851
0.0654129
0.0666531
0.067927
0.0692096
0.0705406
0.0718881
0.0733008
0.0746937
0.076108
0.0775309
0.0789971
0.0805352
0.0820543
0.0836374
0.0852303
0.0868032
0.0884532
0.0900701
0.0917812
0.0935012
0.0951936
0.0967831
0.0981093
0.0155271
0.0152816
0.015457
0.0157694
0.0156586
0.0157546
0.0164323
0.016567
0.0161224
0.0163463
0.0171743
0.0176376
0.0177213
0.0178913
0.0183541
0.0191102
0.0197504
0.0199774
0.0202119
0.0208157
0.0215163
0.0219835
0.0222982
0.0227333
0.023352
0.0239622
0.0244435
0.0249186
0.0254666
0.0260384
0.0265946
0.0271679
0.0277599
0.0283296
0.0288714
0.029434
0.0300694
0.0307274
0.0313166
0.0318816
0.0325099
0.0332003
0.0338759
0.0345117
0.0351622
0.035866
0.0365974
0.0372924
0.0379679
0.038657
0.0393552
0.0400467
0.0407668
0.0415747
0.042446
0.0433171
0.0441639
0.0450186
0.0458663
0.0467194
0.0475818
0.0484669
0.0493875
0.0503274
0.0512788
0.0522595
0.0532499
0.0542374
0.0552751
0.0563084
0.0573501
0.0584052
0.0595305
0.0606623
0.0618149
0.0629824
0.0641883
0.0654151
0.0666556
0.0679299
0.0692128
0.0705442
0.0718905
0.0733011
0.0746933
0.0761096
0.077534
0.0789993
0.0805364
0.0820552
0.083637
0.0852289
0.0868035
0.0884552
0.0900723
0.0917841
0.0935036
0.0951989
0.0967924
0.098117
0.0158637
0.015433
0.0154219
0.0158141
0.0159341
0.0159559
0.0164754
0.0167439
0.0164167
0.0165318
0.01729
0.017799
0.0178853
0.0180099
0.0184339
0.0191682
0.0198372
0.0200908
0.0202807
0.0208456
0.0215785
0.022073
0.0223562
0.0227615
0.0233894
0.0240109
0.024486
0.0249502
0.025493
0.026065
0.0266213
0.0271911
0.0277792
0.0283473
0.0288876
0.0294482
0.0300823
0.0307422
0.0313318
0.0318916
0.0325166
0.0332096
0.033887
0.0345196
0.0351663
0.0358695
0.0366014
0.0372944
0.0379673
0.0386595
0.0393651
0.0400631
0.0407856
0.0415896
0.0424529
0.043318
0.0441633
0.0450175
0.045865
0.0467201
0.0475859
0.0484721
0.0493908
0.05033
0.0512825
0.0522619
0.053251
0.0542395
0.0552774
0.0563101
0.0573535
0.0584106
0.0595349
0.0606654
0.061818
0.0629859
0.0641917
0.0654175
0.0666581
0.067933
0.069216
0.0705478
0.0718929
0.0733014
0.074693
0.0761112
0.077537
0.0790015
0.0805378
0.0820562
0.0836366
0.0852276
0.0868039
0.0884573
0.0900745
0.0917872
0.0935063
0.0952043
0.0968021
0.0981251
0.0161745
0.0156215
0.0154196
0.0158093
0.0161787
0.0162457
0.0165688
0.0168646
0.0166748
0.0167522
0.0174304
0.0179456
0.0180405
0.0181421
0.0185329
0.0192305
0.0199114
0.0202062
0.0203689
0.0208768
0.0216277
0.0221679
0.0224286
0.0227898
0.0234233
0.024064
0.0245327
0.0249828
0.0255197
0.026092
0.0266496
0.0272164
0.0277997
0.0283654
0.0289046
0.0294634
0.0300963
0.030758
0.0313481
0.0319025
0.0325234
0.0332189
0.0338986
0.034528
0.0351704
0.0358729
0.0366058
0.0372972
0.0379676
0.0386626
0.0393752
0.0400789
0.0408032
0.0416039
0.0424601
0.0433195
0.0441632
0.0450167
0.0458641
0.0467209
0.04759
0.0484772
0.0493944
0.0503327
0.0512863
0.0522645
0.0532522
0.0542417
0.05528
0.056312
0.0573569
0.058416
0.0595395
0.0606687
0.0618212
0.0629896
0.0641952
0.06542
0.0666608
0.0679362
0.0692193
0.0705515
0.0718953
0.0733019
0.0746929
0.0761128
0.0775401
0.0790037
0.0805391
0.0820573
0.0836362
0.0852265
0.0868043
0.0884595
0.0900767
0.0917904
0.0935094
0.0952098
0.096812
0.0981337
0.0164439
0.0158411
0.0154723
0.0157894
0.0163819
0.0166029
0.0167543
0.0169594
0.0168753
0.0169821
0.0176087
0.0180968
0.0181795
0.018277
0.0186548
0.0193076
0.0199754
0.0203157
0.0204768
0.0209182
0.0216625
0.0222606
0.022518
0.0228234
0.0234509
0.0241193
0.0245858
0.0250169
0.0255467
0.0261202
0.0266795
0.027244
0.0278216
0.0283845
0.028923
0.0294798
0.0301105
0.0307738
0.0313652
0.0319146
0.0325309
0.0332287
0.033911
0.0345372
0.0351751
0.0358767
0.0366106
0.0373004
0.0379683
0.0386659
0.0393855
0.0400946
0.0408202
0.0416178
0.0424676
0.0433214
0.0441634
0.0450163
0.0458635
0.0467219
0.0475942
0.0484815
0.049398
0.0503353
0.0512901
0.0522673
0.0532535
0.0542439
0.0552828
0.0563141
0.0573604
0.0584214
0.0595442
0.0606721
0.0618246
0.0629934
0.0641988
0.0654226
0.0666636
0.0679394
0.0692226
0.0705552
0.0718978
0.0733025
0.0746929
0.0761145
0.0775431
0.0790059
0.0805405
0.0820584
0.083636
0.0852254
0.0868047
0.0884617
0.0900789
0.0917938
0.0935128
0.0952155
0.0968222
0.0981426
0.0166572
0.0160906
0.0155898
0.0157848
0.0165281
0.0169799
0.0170345
0.0170672
0.0170209
0.0171876
0.0178095
0.0182723
0.0183113
0.018397
0.0187897
0.0194095
0.0200368
0.0204103
0.0205978
0.0209788
0.0216862
0.0223417
0.0226231
0.0228694
0.0234711
0.0241727
0.024648
0.025055
0.025572
0.0261484
0.0267116
0.0272742
0.0278454
0.0284042
0.0289418
0.0294977
0.0301262
0.0307903
0.0313833
0.0319275
0.0325383
0.0332384
0.0339237
0.0345471
0.0351802
0.0358807
0.0366162
0.037305
0.03797
0.0386697
0.0393959
0.0401098
0.0408362
0.0416312
0.0424755
0.0433239
0.0441643
0.0450164
0.0458632
0.0467232
0.0475984
0.0484947
0.049402
0.0503382
0.051294
0.0522703
0.0532551
0.0542462
0.0552858
0.0563165
0.057364
0.0584269
0.0595491
0.0606757
0.0618282
0.0629972
0.0642025
0.0654254
0.0666665
0.0679428
0.069226
0.070559
0.0719003
0.0733032
0.074693
0.0761162
0.077546
0.0790081
0.080542
0.0820596
0.0836358
0.0852245
0.0868052
0.0884641
0.0900811
0.0917973
0.0935166
0.0952213
0.0968327
0.0981521
0.0168948
0.0164018
0.0157797
0.0158226
0.0166155
0.0173084
0.0173808
0.0172273
0.0171336
0.0173473
0.0180045
0.0184801
0.0184589
0.0184937
0.0189169
0.0195397
0.0201113
0.0204855
0.0207174
0.0210646
0.0217101
0.0224023
0.0227356
0.0229352
0.023488
0.0242174
0.0247174
0.025101
0.025596
0.0261753
0.0267458
0.0273066
0.0278706
0.0284248
0.0289615
0.0295167
0.0301427
0.0308068
0.031402
0.031942
0.0325468
0.0332484
0.033937
0.0345578
0.0351858
0.0358846
0.0366217
0.0373101
0.0379721
0.0386732
0.0394064
0.0401249
0.0408516
0.0416442
0.0424835
0.0433268
0.0441653
0.0450168
0.0458633
0.0467246
0.0476025
0.0484992
0.0494059
0.050341
0.0512978
0.0522734
0.0532566
0.0542485
0.055289
0.0563191
0.0573676
0.0584323
0.059554
0.0606795
0.0618319
0.0630012
0.0642063
0.0654283
0.0666696
0.0679463
0.0692295
0.0705628
0.0719028
0.073304
0.0746933
0.0761179
0.077549
0.0790103
0.0805436
0.0820609
0.0836357
0.0852237
0.0868057
0.0884666
0.0900834
0.0918009
0.0935209
0.0952273
0.0968433
0.098162
0.0170074
0.016696
0.0160365
0.0159269
0.016676
0.0175563
0.017753
0.0174735
0.0172554
0.0174655
0.0181688
0.0187087
0.0186528
0.0185849
0.0190154
0.0196874
0.0202185
0.0205519
0.0208227
0.0211737
0.0217489
0.0224421
0.0228438
0.0230245
0.0235097
0.0242496
0.0247897
0.0251597
0.0256213
0.0261977
0.0267815
0.0273434
0.0278984
0.0284463
0.0289815
0.0295366
0.0301609
0.0308245
0.0314214
0.0319573
0.0325556
0.0332582
0.0339506
0.0345694
0.0351921
0.035889
0.0366282
0.0373167
0.0379756
0.0386778
0.0394172
0.0401396
0.0408662
0.0416566
0.0424918
0.0433304
0.044167
0.0450179
0.0458639
0.0467262
0.0476066
0.0485042
0.04941
0.050344
0.0513018
0.0522769
0.0532585
0.054251
0.0552925
0.056322
0.0573713
0.0584377
0.059559
0.0606835
0.0618358
0.0630052
0.0642103
0.0654314
0.0666729
0.0679498
0.069233
0.0705667
0.0719054
0.073305
0.0746938
0.0761197
0.0775519
0.0790125
0.0805452
0.0820622
0.0836356
0.0852231
0.0868063
0.0884691
0.0900859
0.0918046
0.0935256
0.0952335
0.0968542
0.0981724
0.0170551
0.0169742
0.0163542
0.0161055
0.0167399
0.0177172
0.0181012
0.0177969
0.0174252
0.0175598
0.0182852
0.0189309
0.0189016
0.0186995
0.0190714
0.0198258
0.0203674
0.0206283
0.0209014
0.0212901
0.0218168
0.0224715
0.0229339
0.0231326
0.0235478
0.0242702
0.0248567
0.0252316
0.0256541
0.0262152
0.0268156
0.0273844
0.0279287
0.0284687
0.0290025
0.0295577
0.0301801
0.0308427
0.0314415
0.0319741
0.0325656
0.0332685
0.033965
0.0345822
0.0351994
0.0358937
0.0366347
0.0373239
0.0379794
0.0386823
0.039428
0.0401543
0.0408804
0.0416688
0.0425003
0.0433345
0.0441691
0.0450194
0.045865
0.0467281
0.0476106
0.0485092
0.0494139
0.050347
0.0513058
0.0522805
0.0532605
0.0542534
0.055296
0.0563252
0.0573752
0.0584431
0.0595642
0.0606876
0.0618398
0.0630094
0.0642144
0.0654347
0.0666762
0.0679535
0.0692366
0.0705707
0.0719081
0.073306
0.0746944
0.0761216
0.0775548
0.0790148
0.0805469
0.0820636
0.0836356
0.0852227
0.086807
0.0884717
0.0900884
0.0918084
0.0935306
0.0952399
0.0968652
0.0981832
0.0170229
0.0172114
0.0167166
0.0163513
0.0168195
0.0178081
0.0183793
0.0181612
0.0176673
0.0176554
0.0183544
0.0191148
0.0191837
0.0188673
0.0191009
0.0199218
0.0205453
0.0207393
0.02096
0.021393
0.0219146
0.0225084
0.0229979
0.0232452
0.0236101
0.024287
0.0249108
0.025312
0.0256995
0.0262296
0.0268436
0.0274297
0.027965
0.0284923
0.0290234
0.0295793
0.0302003
0.0308624
0.031463
0.031992
0.0325761
0.0332788
0.0339796
0.0345955
0.035207
0.0358982
0.0366416
0.0373323
0.0379844
0.0386873
0.039439
0.0401688
0.0408939
0.0416803
0.0425089
0.0433392
0.0441717
0.0450212
0.0458666
0.0467301
0.0476145
0.0485145
0.0494181
0.05035
0.05131
0.0522842
0.0532627
0.0542561
0.0552998
0.0563286
0.0573791
0.0584485
0.0595694
0.0606919
0.061844
0.0630136
0.0642185
0.0654381
0.0666798
0.0679572
0.0692403
0.0705748
0.0719108
0.0733072
0.0746953
0.0761234
0.0775576
0.0790171
0.0805486
0.0820651
0.0836357
0.0852226
0.0868078
0.0884743
0.0900912
0.0918124
0.0935361
0.0952466
0.0968763
0.0981944
0.016931
0.017374
0.0170893
0.0166589
0.0169268
0.0178561
0.0185772
0.0185213
0.0179836
0.0177883
0.0183961
0.0192442
0.0194678
0.0191086
0.0191415
0.0199583
0.0207234
0.0209036
0.021021
0.0214641
0.022027
0.0225736
0.0230439
0.0233453
0.0236977
0.0243129
0.0249483
0.0253924
0.0257617
0.0262482
0.026864
0.0274752
0.0280079
0.028518
0.0290442
0.0296025
0.0302217
0.0308821
0.0314853
0.0320111
0.0325871
0.0332889
0.0339946
0.0346101
0.0352159
0.0359038
0.0366493
0.0373419
0.0379903
0.0386923
0.0394498
0.0401834
0.0409073
0.0416918
0.0425178
0.0433444
0.0441749
0.0450237
0.0458687
0.0467325
0.0476185
0.0485199
0.0494222
0.0503532
0.0513145
0.0522884
0.0532658
0.0542589
0.0553037
0.0563321
0.0573832
0.0584539
0.0595747
0.0606965
0.0618485
0.0630179
0.0642228
0.0654418
0.0666835
0.0679611
0.069244
0.0705789
0.0719136
0.0733086
0.0746963
0.0761254
0.0775604
0.0790195
0.0805505
0.0820666
0.0836359
0.0852226
0.0868087
0.088477
0.0900943
0.0918164
0.093542
0.0952536
0.0968875
0.0982061
0.016827
0.0174487
0.0174168
0.0170141
0.0170847
0.017894
0.0187081
0.0188405
0.0183497
0.0179862
0.0184379
0.0193194
0.019718
0.0194064
0.0192342
0.019945
0.0208608
0.0211148
0.0211155
0.0215026
0.0221276
0.022676
0.0230936
0.0234181
0.0237967
0.024361
0.0249759
0.0254644
0.0258381
0.026276
0.0268768
0.0275163
0.0280581
0.0285489
0.0290638
0.0296249
0.0302439
0.0309028
0.0315095
0.0320329
0.0325994
0.0332993
0.0340105
0.0346263
0.0352256
0.0359089
0.0366567
0.0373522
0.0379974
0.0386977
0.0394608
0.0401981
0.0409203
0.0417028
0.0425266
0.0433501
0.0441785
0.0450264
0.0458713
0.046735
0.0476223
0.0485255
0.0494265
0.0503562
0.051319
0.0522926
0.0532682
0.0542618
0.0553079
0.056336
0.0573875
0.0584594
0.0595801
0.0607012
0.0618531
0.0630224
0.0642273
0.0654456
0.0666873
0.067965
0.0692478
0.070583
0.0719165
0.0733101
0.0746975
0.0761274
0.0775632
0.0790219
0.0805523
0.0820683
0.0836362
0.0852229
0.0868097
0.0884797
0.0900976
0.0918206
0.0935482
0.0952609
0.0968989
0.0982181
0.0167522
0.0174583
0.0176574
0.0173855
0.0173131
0.0179524
0.0187924
0.0190956
0.018726
0.0182553
0.0185078
0.0193541
0.0199092
0.0197253
0.0194082
0.0199205
0.0209284
0.021342
0.0212694
0.0215325
0.022191
0.0227991
0.0231719
0.0234681
0.0238875
0.0244366
0.0250049
0.0255195
0.025921
0.0263186
0.0268881
0.0275505
0.0281118
0.0285867
0.0290845
0.0296478
0.0302686
0.0309243
0.0315339
0.032056
0.0326127
0.0333089
0.0340256
0.0346432
0.0352365
0.0359148
0.036665
0.0373642
0.0380059
0.0387032
0.0394713
0.0402126
0.040933
0.0417135
0.0425357
0.0433563
0.0441827
0.0450298
0.0458745
0.046738
0.0476262
0.0485314
0.0494311
0.0503592
0.0513237
0.0522972
0.053271
0.054265
0.0553122
0.05634
0.057392
0.0584649
0.0595855
0.0607061
0.0618578
0.0630269
0.0642318
0.0654497
0.0666913
0.0679691
0.0692517
0.0705872
0.0719194
0.0733118
0.0746989
0.0761294
0.0775659
0.0790244
0.0805542
0.08207
0.0836366
0.0852235
0.086811
0.0884824
0.0901012
0.0918249
0.0935547
0.0952686
0.0969103
0.0982305
0.0167275
0.0174509
0.0178103
0.0177267
0.0176012
0.0180518
0.0188486
0.0192829
0.0190772
0.0185825
0.0186322
0.0193739
0.020037
0.0200272
0.0196604
0.0199288
0.0209235
0.0215428
0.0214869
0.0215881
0.0222097
0.0229132
0.0232943
0.0235181
0.023949
0.0245279
0.0250522
0.0255609
0.0260031
0.0263769
0.026901
0.0275768
0.0281668
0.0286331
0.0291082
0.0296681
0.0302923
0.0309463
0.0315588
0.0320811
0.0326282
0.0333195
0.0340415
0.0346621
0.0352495
0.0359209
0.0366726
0.0373764
0.0380153
0.0387089
0.0394818
0.0402276
0.0409461
0.0417243
0.042545
0.0433629
0.0441873
0.0450336
0.0458782
0.0467413
0.0476301
0.0485374
0.0494359
0.0503622
0.0513284
0.0523021
0.0532738
0.0542682
0.0553168
0.0563443
0.0573965
0.0584704
0.059591
0.0607112
0.0618629
0.0630315
0.0642364
0.0654539
0.0666955
0.0679733
0.0692556
0.0705915
0.0719224
0.0733136
0.0747006
0.0761316
0.0775686
0.0790271
0.0805562
0.0820717
0.0836372
0.0852243
0.0868124
0.088485
0.0901051
0.0918295
0.0935615
0.0952767
0.0969217
0.0982431
0.0167376
0.0174673
0.0179142
0.0180017
0.0179141
0.0182062
0.0189062
0.0194172
0.0193793
0.0189392
0.0188208
0.0194028
0.0201103
0.0202821
0.0199604
0.0200081
0.0208819
0.0216785
0.0217374
0.0217028
0.0222065
0.0229858
0.023447
0.0235984
0.0239817
0.0246144
0.0251278
0.0255976
0.0260735
0.0264486
0.0269212
0.0275965
0.0282201
0.0286845
0.0291351
0.0296883
0.0303175
0.030971
0.0315854
0.0321081
0.0326455
0.0333303
0.0340564
0.0346806
0.0352633
0.0359274
0.0366803
0.0373904
0.038027
0.0387155
0.0394921
0.0402425
0.0409587
0.0417345
0.0425544
0.0433699
0.0441924
0.0450379
0.0458823
0.0467449
0.0476341
0.0485436
0.049441
0.0503652
0.0513332
0.0523075
0.0532769
0.0542715
0.0553216
0.0563488
0.0574013
0.0584761
0.0595966
0.0607164
0.0618681
0.0630363
0.0642411
0.0654584
0.0666998
0.0679776
0.0692597
0.0705958
0.0719255
0.0733157
0.0747024
0.0761337
0.0775712
0.0790298
0.0805582
0.0820735
0.0836379
0.0852253
0.0868141
0.0884876
0.0901093
0.0918343
0.0935685
0.0952852
0.0969333
0.0982561
0.0167666
0.0175143
0.0180133
0.0182135
0.0182156
0.018409
0.018986
0.0195172
0.0196219
0.0192901
0.0190688
0.0194689
0.0201518
0.0204776
0.0202715
0.0201679
0.020845
0.0217353
0.0219798
0.0218901
0.0222183
0.0230024
0.0235987
0.0237309
0.0240065
0.0246707
0.0252243
0.025646
0.0261301
0.0265288
0.0269517
0.0276079
0.0282707
0.0287445
0.0291684
0.0297093
0.0303418
0.0309953
0.0316117
0.0321358
0.0326635
0.0333411
0.0340721
0.034701
0.0352798
0.0359357
0.036688
0.0374046
0.0380397
0.0387218
0.0395016
0.0402574
0.0409717
0.0417448
0.0425641
0.0433775
0.0441979
0.0450428
0.0458871
0.0467489
0.0476381
0.0485498
0.0494463
0.0503682
0.051338
0.0523132
0.0532803
0.0542748
0.0553266
0.0563536
0.0574061
0.0584817
0.0596024
0.0607218
0.0618735
0.0630411
0.0642459
0.065463
0.0667043
0.0679821
0.0692639
0.0706
0.0719286
0.073318
0.0747043
0.076136
0.0775738
0.0790327
0.0805604
0.0820754
0.0836389
0.0852266
0.0868161
0.0884901
0.0901139
0.0918394
0.0935756
0.0952941
0.096945
0.0982692
0.0168184
0.0175561
0.0181176
0.018389
0.018484
0.0186379
0.0190993
0.0196081
0.0198141
0.0196103
0.0193554
0.0195871
0.0201852
0.0206121
0.0205582
0.0203915
0.0208553
0.0217377
0.0221722
0.0221262
0.0222829
0.0229801
0.0237107
0.0239075
0.0240565
0.0246909
0.0253222
0.0257191
0.0261767
0.0266081
0.0269983
0.0276156
0.0283154
0.0288116
0.0292052
0.0297271
0.0303659
0.0310213
0.0316391
0.0321663
0.0326846
0.0333532
0.0340886
0.0347221
0.0352965
0.0359439
0.0366949
0.0374192
0.0380545
0.0387294
0.0395113
0.0402729
0.0409849
0.0417548
0.0425739
0.0433855
0.0442036
0.0450482
0.0458924
0.046753
0.0476423
0.0485563
0.0494521
0.0503714
0.0513428
0.0523192
0.053284
0.0542783
0.0553318
0.0563588
0.057411
0.0584873
0.0596082
0.0607274
0.0618792
0.0630461
0.0642509
0.0654678
0.0667087
0.0679865
0.0692682
0.0706044
0.0719318
0.0733206
0.0747065
0.0761384
0.0775764
0.0790358
0.0805626
0.0820772
0.0836401
0.085228
0.0868183
0.0884927
0.0901187
0.0918449
0.0935828
0.0953034
0.0969569
0.0982825
0.0169089
0.0175824
0.0182173
0.0185562
0.0187241
0.0188761
0.0192443
0.0197052
0.0199683
0.0198837
0.0196495
0.0197565
0.0202403
0.0207025
0.020801
0.0206526
0.0209282
0.0217195
0.0222956
0.0223718
0.022421
0.0229569
0.0237596
0.0240974
0.0241595
0.0246917
0.0253952
0.0258159
0.0262276
0.0266812
0.0270612
0.0276216
0.0283443
0.028885
0.0292534
0.0297446
0.0303899
0.0310509
0.0316678
0.0321979
0.0327072
0.0333636
0.0341036
0.0347446
0.0353154
0.0359537
0.0367027
0.0374346
0.0380709
0.0387376
0.03952
0.0402881
0.0409986
0.0417644
0.0425835
0.0433941
0.0442098
0.0450541
0.0458984
0.0467576
0.0476467
0.048563
0.0494581
0.0503746
0.0513475
0.0523257
0.0532881
0.0542815
0.055337
0.0563644
0.0574163
0.0584929
0.0596142
0.0607329
0.0618848
0.0630512
0.0642561
0.065473
0.0667135
0.0679911
0.0692727
0.0706088
0.0719349
0.0733234
0.0747088
0.0761408
0.0775789
0.079039
0.0805649
0.082079
0.0836416
0.0852297
0.0868209
0.0884953
0.0901238
0.0918508
0.0935901
0.095313
0.0969689
0.0982959
0.0170554
0.0176301
0.0183078
0.018717
0.0189383
0.0191089
0.0194107
0.0198126
0.0200979
0.0201152
0.0199338
0.0199632
0.0203354
0.0207719
0.0209877
0.0209184
0.0210605
0.0217173
0.0223621
0.0225857
0.0226187
0.0229745
0.0237527
0.0242601
0.0243185
0.0247049
0.0254313
0.0259209
0.0262934
0.0267425
0.0271341
0.0276384
0.028359
0.0289607
0.0293185
0.0297608
0.0304067
0.0310823
0.0316979
0.032229
0.032732
0.0333754
0.0341188
0.0347698
0.0353369
0.0359638
0.0367095
0.0374498
0.0380887
0.0387468
0.0395283
0.0403034
0.0410131
0.0417743
0.042593
0.0434033
0.0442166
0.0450603
0.0459049
0.0467624
0.0476509
0.0485697
0.0494646
0.0503781
0.0513522
0.0523324
0.0532928
0.054285
0.0553422
0.0563702
0.0574216
0.0584984
0.0596205
0.060739
0.0618907
0.0630563
0.0642613
0.0654783
0.0667183
0.0679959
0.0692773
0.0706132
0.0719381
0.0733265
0.0747114
0.0761433
0.0775814
0.0790423
0.0805675
0.0820807
0.0836435
0.0852316
0.0868237
0.088498
0.090129
0.0918572
0.0935974
0.0953229
0.0969812
0.0983094
0.0172342
0.0177226
0.0183881
0.0188603
0.0191327
0.0193349
0.0195936
0.0199358
0.0202169
0.0203107
0.0201962
0.0201824
0.0204658
0.0208471
0.0211271
0.0211659
0.0212393
0.0217509
0.0223973
0.0227449
0.0228392
0.0230587
0.0237253
0.0243663
0.0245085
0.0247602
0.0254394
0.0260108
0.026379
0.0268025
0.0272124
0.0276728
0.0283588
0.0290224
0.0294011
0.029785
0.0304131
0.0311126
0.0317351
0.0322631
0.0327585
0.0333885
0.0341322
0.0347946
0.0353607
0.0359747
0.036716
0.0374656
0.0381084
0.0387572
0.0395363
0.0403184
0.0410283
0.0417845
0.0426021
0.0434127
0.044224
0.045067
0.045912
0.0467678
0.0476553
0.0485766
0.0494716
0.0503819
0.0513566
0.0523395
0.053298
0.0542883
0.0553474
0.0563767
0.0574274
0.0585037
0.0596267
0.060745
0.0618967
0.0630617
0.0642668
0.0654837
0.066723
0.0680006
0.069282
0.0706178
0.0719414
0.07333
0.0747141
0.0761458
0.0775841
0.0790456
0.0805702
0.0820822
0.0836457
0.0852337
0.0868267
0.0885009
0.0901344
0.0918641
0.0936048
0.0953329
0.0969937
0.0983229
0.0173934
0.0178475
0.0184764
0.0189984
0.0193176
0.0195479
0.0197819
0.0200715
0.0203309
0.0204743
0.0204362
0.0204036
0.0206189
0.0209465
0.0212372
0.0213738
0.0214426
0.021828
0.0224295
0.0228564
0.0230462
0.0232049
0.0237158
0.0244093
0.0246905
0.0248669
0.0254458
0.0260758
0.0264787
0.0268686
0.0272847
0.0277231
0.0283559
0.0290633
0.0294957
0.0298293
0.0304117
0.0311343
0.0317791
0.0323025
0.0327837
0.0334005
0.0341451
0.0348199
0.035388
0.0359881
0.0367217
0.0374812
0.0381296
0.0387685
0.0395438
0.0403331
0.0410441
0.0417952
0.0426111
0.043422
0.044232
0.0450744
0.0459195
0.0467735
0.0476598
0.0485832
0.0494789
0.0503861
0.0513611
0.0523466
0.0533037
0.0542919
0.0553525
0.0563833
0.0574334
0.0585089
0.0596332
0.0607515
0.0619026
0.0630669
0.0642723
0.0654896
0.0667282
0.0680058
0.0692868
0.0706224
0.0719445
0.0733336
0.074717
0.0761483
0.0775868
0.0790491
0.0805732
0.0820838
0.0836481
0.0852361
0.0868298
0.088504
0.0901398
0.0918713
0.0936124
0.0953431
0.0970064
0.0983366
0.0175188
0.017985
0.0185829
0.0191326
0.019489
0.0197397
0.0199695
0.0202234
0.0204548
0.0206168
0.0206509
0.020621
0.020778
0.0210664
0.0213405
0.0215418
0.0216486
0.0219419
0.0224751
0.0229382
0.0232163
0.0233845
0.0237567
0.0244158
0.0248347
0.0250127
0.0254745
0.026112
0.0265711
0.0269451
0.0273552
0.0277891
0.028365
0.0290809
0.0295862
0.0298998
0.0304122
0.0311376
0.0318224
0.0323531
0.0328116
0.0334103
0.0341584
0.0348463
0.0354171
0.0360036
0.0367263
0.0374958
0.0381532
0.0387813
0.0395504
0.0403477
0.0410608
0.0418065
0.04262
0.0434314
0.0442403
0.0450824
0.0459276
0.0467796
0.0476645
0.04859
0.0494866
0.0503907
0.0513653
0.0523541
0.0533103
0.0542953
0.0553573
0.0563904
0.05744
0.0585138
0.0596396
0.0607582
0.0619087
0.0630725
0.0642781
0.0654955
0.066733
0.0680109
0.0692916
0.0706272
0.0719479
0.0733376
0.0747202
0.0761508
0.0775896
0.0790524
0.0805765
0.0820853
0.0836509
0.085239
0.0868329
0.0885075
0.0901454
0.091879
0.0936202
0.0953533
0.0970193
0.0983503
0.0176329
0.0181122
0.0186927
0.0192545
0.0196503
0.0199221
0.0201575
0.0203861
0.0205889
0.020743
0.0208304
0.0208319
0.0209444
0.0212015
0.0214532
0.0216805
0.0218364
0.022078
0.0225392
0.0230064
0.0233492
0.0235686
0.0238544
0.024421
0.0249288
0.0251687
0.0255379
0.026136
0.0266487
0.0270321
0.0274266
0.0278585
0.0283889
0.0290845
0.0296596
0.0299925
0.0304302
0.0311244
0.0318544
0.0324168
0.0328498
0.0334146
0.0341673
0.0348747
0.0354484
0.0360213
0.0367312
0.0375093
0.0381787
0.0387959
0.039556
0.040362
0.0410786
0.041818
0.0426289
0.0434407
0.0442487
0.0450911
0.0459365
0.046786
0.0476692
0.0485967
0.049495
0.0503956
0.0513693
0.0523617
0.0533173
0.0542987
0.0553621
0.0563983
0.0574471
0.0585185
0.0596459
0.0607653
0.0619149
0.0630782
0.0642838
0.0655015
0.0667379
0.0680162
0.0692964
0.0706319
0.0719512
0.0733417
0.0747237
0.0761533
0.0775929
0.0790558
0.0805799
0.0820868
0.0836538
0.0852422
0.0868361
0.0885114
0.0901511
0.0918869
0.0936282
0.0953636
0.0970323
0.098364
0.0177546
0.0182309
0.0188048
0.0193699
0.0198059
0.0200975
0.0203317
0.0205432
0.02073
0.0208692
0.0209827
0.021033
0.0211174
0.0213374
0.0215741
0.021806
0.0220029
0.0222252
0.0226252
0.0230757
0.023454
0.0237314
0.0239857
0.0244502
0.0249828
0.0253105
0.0256369
0.026169
0.0267098
0.0271192
0.0275018
0.0279289
0.0284267
0.0290856
0.0297077
0.0300915
0.030478
0.0311082
0.0318629
0.0324838
0.0329072
0.0334183
0.0341661
0.034905
0.0354852
0.0360402
0.0367353
0.0375213
0.0382056
0.0388129
0.0395605
0.0403756
0.0410978
0.0418297
0.0426377
0.0434506
0.0442572
0.0450998
0.0459463
0.0467932
0.0476735
0.0486031
0.0495042
0.050401
0.0513727
0.0523695
0.0533256
0.0543023
0.0553661
0.0564061
0.0574545
0.0585233
0.0596525
0.0607727
0.0619209
0.0630838
0.0642897
0.065508
0.066743
0.0680219
0.0693016
0.0706366
0.0719547
0.0733457
0.0747273
0.0761555
0.0775962
0.0790593
0.0805836
0.0820886
0.0836568
0.0852459
0.0868393
0.0885155
0.090157
0.091895
0.0936364
0.0953739
0.0970454
0.0983777
0.0178873
0.018355
0.0189249
0.0194831
0.0199453
0.0202595
0.0204945
0.0206978
0.0208772
0.0210048
0.0211152
0.0212049
0.021286
0.021473
0.0217018
0.0219292
0.0221536
0.0223748
0.022726
0.0231507
0.0235421
0.0238686
0.0241296
0.0245161
0.0250227
0.02542
0.0257509
0.0262164
0.0267579
0.0272014
0.0275824
0.028003
0.0284758
0.0290939
0.0297373
0.0301801
0.0305514
0.0311047
0.0318456
0.032538
0.0329873
0.033434
0.0341508
0.0349304
0.0355311
0.0360621
0.0367371
0.0375321
0.0382339
0.0388325
0.0395643
0.0403877
0.0411184
0.0418423
0.042646
0.0434608
0.0442657
0.0451084
0.0459569
0.0468015
0.0476777
0.0486088
0.0495143
0.0504072
0.0513757
0.0523774
0.0533347
0.0543056
0.0553701
0.0564151
0.0574625
0.0585276
0.0596584
0.0607803
0.061927
0.0630901
0.0642959
0.0655144
0.066748
0.0680275
0.0693067
0.0706413
0.0719588
0.0733501
0.0747314
0.0761578
0.0775998
0.0790627
0.080587
0.0820906
0.0836598
0.0852499
0.0868425
0.0885199
0.0901633
0.0919031
0.0936449
0.0953843
0.0970585
0.0983915
0.0180197
0.0184816
0.0190469
0.0195969
0.0200733
0.0204143
0.020655
0.0208477
0.0210167
0.0211404
0.0212382
0.0213489
0.0214482
0.0216115
0.0218295
0.0220506
0.022291
0.0225183
0.0228313
0.0232338
0.0236257
0.0239854
0.0242717
0.0246109
0.0250691
0.0254987
0.0258639
0.0262841
0.0268
0.0272725
0.0276612
0.0280793
0.0285342
0.0291116
0.0297581
0.0302516
0.0306378
0.0311298
0.0318185
0.0325624
0.033077
0.0334753
0.034126
0.0349391
0.0355857
0.0360937
0.036735
0.0375398
0.0382644
0.0388553
0.0395681
0.0403977
0.0411399
0.0418565
0.0426542
0.0434711
0.0442748
0.0451166
0.0459676
0.0468113
0.0476819
0.0486132
0.049525
0.0504148
0.0513779
0.0523847
0.0533449
0.0543095
0.055373
0.056424
0.0574706
0.0585319
0.0596648
0.0607884
0.061933
0.0630961
0.0643018
0.0655207
0.0667532
0.0680333
0.0693122
0.0706457
0.0719629
0.0733544
0.0747356
0.0761603
0.0776036
0.0790664
0.0805906
0.0820931
0.0836629
0.0852543
0.0868458
0.0885244
0.0901698
0.0919112
0.0936536
0.0953948
0.0970715
0.0984051
0.018146
0.018606
0.0191709
0.0197172
0.0201974
0.0205579
0.0208064
0.0209882
0.0211448
0.021275
0.0213663
0.0214748
0.0215925
0.021747
0.0219554
0.0221695
0.0224139
0.0226542
0.0229413
0.0233229
0.0237088
0.0240841
0.0244009
0.0247194
0.0251347
0.0255643
0.0259632
0.026367
0.0268449
0.0273362
0.0277385
0.0281535
0.0285972
0.0291344
0.0297731
0.0303079
0.0307231
0.0311834
0.0318028
0.0325556
0.0331569
0.0335506
0.0341093
0.0349215
0.0356387
0.0361425
0.0367312
0.0375386
0.0382966
0.0388826
0.0395716
0.0404049
0.0411615
0.0418727
0.0426626
0.0434807
0.0442845
0.0451251
0.0459784
0.0468226
0.0476869
0.0486163
0.0495359
0.0504237
0.0513796
0.0523919
0.0533563
0.0543136
0.0553755
0.0564339
0.0574798
0.0585363
0.0596711
0.0607966
0.0619389
0.0631026
0.0643083
0.0655271
0.0667586
0.0680391
0.0693176
0.0706499
0.0719675
0.0733587
0.0747397
0.0761627
0.0776073
0.0790701
0.0805939
0.082096
0.0836663
0.085259
0.0868494
0.0885292
0.0901767
0.0919192
0.0936625
0.0954053
0.0970843
0.0984187
0.0182705
0.0187295
0.0192943
0.0198363
0.0203134
0.0206872
0.0209467
0.021127
0.0212703
0.0214017
0.0214922
0.0215903
0.0217192
0.0218737
0.0220742
0.0222826
0.0225247
0.022783
0.0230572
0.0234136
0.0237917
0.0241709
0.0245151
0.024831
0.0252156
0.0256289
0.026044
0.0264557
0.0268996
0.0273921
0.0278123
0.0282248
0.0286668
0.0291693
0.0297865
0.0303517
0.0307952
0.0312483
0.031811
0.0325321
0.033206
0.0336466
0.034123
0.0348834
0.0356738
0.0362127
0.0367374
0.0375243
0.0383274
0.0389185
0.0395756
0.0404082
0.0411826
0.0418908
0.0426717
0.0434894
0.0442939
0.0451335
0.045988
0.0468347
0.0476931
0.0486183
0.0495463
0.0504342
0.0513812
0.052398
0.0533682
0.0543184
0.0553772
0.0564437
0.0574888
0.0585398
0.059677
0.0608049
0.061945
0.0631091
0.0643149
0.0655333
0.0667644
0.0680449
0.0693232
0.0706542
0.0719723
0.0733632
0.074744
0.0761657
0.0776113
0.079074
0.0805971
0.0820991
0.0836694
0.0852634
0.0868531
0.0885339
0.0901837
0.0919272
0.0936713
0.0954159
0.0970969
0.0984319
0.0183923
0.0188495
0.0194106
0.0199503
0.0204234
0.0208059
0.0210761
0.0212614
0.02139
0.0215118
0.0216124
0.0217046
0.0218305
0.0219832
0.0221815
0.0223926
0.02263
0.0229014
0.0231716
0.0235023
0.023874
0.0242535
0.0246147
0.0249381
0.0253047
0.025702
0.026114
0.0265369
0.0269613
0.0274414
0.0278817
0.0282951
0.0287371
0.029216
0.0298011
0.0303877
0.0308598
0.0313158
0.0318433
0.0325111
0.0332171
0.0337365
0.0341759
0.0348437
0.0356721
0.0362906
0.0367671
0.0374975
0.0383481
0.0389654
0.0395831
0.0404065
0.0412035
0.0419114
0.0426827
0.0434985
0.0443034
0.0451431
0.045998
0.0468475
0.0477006
0.04862
0.0495565
0.0504458
0.0513826
0.0524036
0.053381
0.0543253
0.0553782
0.0564537
0.0574988
0.0585442
0.0596837
0.0608137
0.0619511
0.0631156
0.0643216
0.0655394
0.0667705
0.068051
0.0693289
0.0706585
0.0719776
0.0733679
0.0747481
0.076169
0.0776154
0.0790783
0.0806004
0.0821031
0.0836734
0.0852683
0.0868574
0.088539
0.0901911
0.0919353
0.0936802
0.0954266
0.0971093
0.098445
0.0185088
0.0189659
0.0195222
0.0200612
0.0205269
0.0209103
0.0211885
0.0213795
0.0215037
0.0216129
0.0217204
0.0218099
0.0219292
0.0220815
0.0222791
0.0224982
0.0227286
0.0230021
0.0232776
0.0235928
0.0239553
0.0243313
0.0247024
0.0250374
0.0253952
0.0257789
0.026179
0.0266077
0.0270295
0.0274924
0.0279436
0.0283624
0.0288021
0.02927
0.0298215
0.0304144
0.0309167
0.0313806
0.0318908
0.0325104
0.0332096
0.0338018
0.0342593
0.0348291
0.0356353
0.0363536
0.0368286
0.0374688
0.0383457
0.0390193
0.0395983
0.0403967
0.0412204
0.041933
0.042694
0.0435073
0.0443111
0.0451508
0.0460069
0.0468607
0.047709
0.0486212
0.0495661
0.0504581
0.0513839
0.0524081
0.0533934
0.0543225
0.0553783
0.0564631
0.0575087
0.0585478
0.0596891
0.0608216
0.0619572
0.0631218
0.0643281
0.065545
0.0667764
0.0680566
0.0693339
0.0706626
0.0719827
0.0733723
0.0747514
0.0761722
0.0776192
0.0790818
0.080603
0.0821065
0.0836768
0.0852723
0.0868614
0.088544
0.0901983
0.091943
0.0936888
0.0954371
0.0971213
0.0984576
0.0186218
0.0190777
0.0196291
0.0201647
0.0206215
0.0209982
0.0212814
0.0214776
0.0216073
0.0217019
0.021807
0.0219037
0.0220208
0.022172
0.0223639
0.0225905
0.0228196
0.0230924
0.0233782
0.0236844
0.0240338
0.0244041
0.0247819
0.0251247
0.0254784
0.0258563
0.026246
0.0266712
0.027093
0.0275418
0.0279963
0.0284265
0.0288657
0.0293277
0.0298507
0.0304344
0.0309638
0.0314416
0.0319421
0.0325251
0.0331982
0.0338364
0.0343501
0.0348589
0.0355877
0.0363834
0.0369196
0.037465
0.0383202
0.0390748
0.0396336
0.0403847
0.0412331
0.0419581
0.042708
0.0435194
0.0443203
0.0451578
0.0460165
0.0468755
0.0477183
0.0486224
0.0495758
0.0504719
0.0513853
0.0524117
0.0534073
0.0543343
0.0553795
0.0564722
0.0575193
0.058553
0.0596957
0.0608304
0.0619644
0.0631288
0.0643353
0.0655516
0.0667836
0.0680632
0.0693396
0.0706676
0.0719889
0.0733778
0.0747555
0.0761768
0.0776241
0.0790864
0.0806068
0.0821114
0.0836816
0.0852771
0.0868663
0.0885495
0.090206
0.0919512
0.0936977
0.0954477
0.097133
0.0984697
0.0187357
0.0191843
0.0197284
0.0202569
0.0207074
0.0210712
0.0213518
0.0215483
0.0216844
0.0217746
0.021874
0.0219802
0.0220975
0.0222502
0.0224368
0.0226698
0.0229087
0.0231789
0.023471
0.0237735
0.0241135
0.0244743
0.0248531
0.0252041
0.0255564
0.0259334
0.0263115
0.0267272
0.027149
0.0275892
0.0280431
0.0284826
0.0289245
0.0293815
0.0298843
0.0304518
0.0309987
0.0314976
0.0319935
0.0325489
0.0331916
0.0338441
0.034415
0.0349161
0.0355486
0.0363605
0.037001
0.037493
0.0382719
0.039105
0.0396852
0.0403721
0.0412319
0.0419824
0.0427216
0.043531
0.0443304
0.0451606
0.0460224
0.0468918
0.0477282
0.0486217
0.0495847
0.0504865
0.0513865
0.0524136
0.0534215
0.0543412
0.05538
0.0564795
0.0575297
0.0585583
0.0597006
0.0608372
0.061971
0.0631347
0.0643409
0.0655569
0.0667894
0.0680684
0.0693437
0.0706717
0.0719938
0.0733818
0.0747579
0.0761804
0.077628
0.0790893
0.0806093
0.0821149
0.0836854
0.0852806
0.0868706
0.0885547
0.0902129
0.0919585
0.0937059
0.0954578
0.0971442
0.0984815
0.018858
0.0192907
0.0198213
0.020336
0.0207774
0.0211238
0.0213913
0.0215816
0.0217205
0.0218167
0.0219111
0.0220272
0.0221535
0.0223132
0.022502
0.0227387
0.0229909
0.02326
0.0235589
0.0238644
0.0241978
0.0245479
0.0249228
0.025283
0.0256317
0.0260093
0.0263829
0.026789
0.0272081
0.0276397
0.0280932
0.0285388
0.0289862
0.0294409
0.0299285
0.0304779
0.0310276
0.0315487
0.0320507
0.0325856
0.0332027
0.0338521
0.0344594
0.0349944
0.0355618
0.0363214
0.0370581
0.0375661
0.0382402
0.0391074
0.0397513
0.0403789
0.0412198
0.0420064
0.0427398
0.0435426
0.044346
0.0451647
0.0460243
0.0469099
0.0477424
0.0486193
0.049592
0.0505046
0.0513895
0.0524125
0.0534352
0.0543525
0.0553808
0.056485
0.0575408
0.0585659
0.0597056
0.0608444
0.0619794
0.0631419
0.0643476
0.0655642
0.066797
0.068075
0.0693492
0.0706775
0.0720005
0.0733874
0.074762
0.0761858
0.0776335
0.0790934
0.0806134
0.0821202
0.0836905
0.085285
0.0868755
0.0885607
0.0902202
0.0919665
0.0937144
0.0954679
0.097155
0.0984923
0.019006
0.0194181
0.0199232
0.0204094
0.0208281
0.0211487
0.0213894
0.0215621
0.0216919
0.0217936
0.0218882
0.0220133
0.0221564
0.02233
0.0225303
0.0227707
0.0230379
0.0233149
0.0236203
0.0239314
0.0242605
0.0246034
0.0249688
0.0253371
0.0256849
0.0260616
0.0264386
0.0268345
0.0272491
0.0276746
0.0281292
0.0285797
0.0290307
0.0294899
0.0299679
0.0305014
0.0310451
0.0315802
0.0320975
0.0326199
0.0332132
0.0338535
0.0344704
0.0350438
0.0356013
0.0362827
0.0370605
0.0376425
0.0382372
0.0390792
0.0398032
0.0404074
0.0412008
0.0420204
0.0427626
0.0435499
0.0443628
0.0451723
0.0460182
0.0469241
0.0477611
0.0486151
0.0495932
0.0505242
0.0513952
0.0524073
0.053447
0.0543675
0.0553824
0.0564868
0.0575523
0.0585766
0.0597097
0.0608495
0.0619881
0.0631487
0.0643525
0.0655704
0.0668031
0.0680797
0.0693533
0.0706822
0.0720057
0.0733909
0.0747644
0.07619
0.0776377
0.0790961
0.0806163
0.0821243
0.0836947
0.0852885
0.0868799
0.0885661
0.0902269
0.0919735
0.0937222
0.0954773
0.0971652
0.0985032
0.0191997
0.019609
0.0200977
0.0205585
0.020951
0.0212462
0.0214544
0.0216
0.0217095
0.0218099
0.021907
0.0220339
0.0221882
0.0223731
0.0225851
0.0228286
0.0231039
0.0233882
0.0236936
0.0240063
0.0243297
0.0246665
0.0250212
0.025393
0.0257456
0.0261164
0.0264991
0.026888
0.0272959
0.0277184
0.0281705
0.0286247
0.0290735
0.0295393
0.030014
0.0305315
0.0310691
0.0316076
0.0321416
0.0326657
0.0332387
0.0338684
0.0344808
0.0350772
0.0356577
0.0362805
0.0370374
0.0376992
0.0382725
0.0390454
0.0398262
0.0404531
0.0411883
0.0420202
0.0427876
0.0435566
0.0443768
0.0451886
0.0460107
0.0469303
0.0477877
0.048617
0.0495883
0.0505444
0.0514081
0.0524003
0.0534546
0.0543866
0.0553853
0.0564829
0.0575617
0.0585896
0.059712
0.0608516
0.0619967
0.0631559
0.0643575
0.0655776
0.0668099
0.0680848
0.0693583
0.0706882
0.072012
0.0733955
0.0747681
0.0761955
0.0776429
0.0790992
0.08062
0.0821293
0.0836994
0.0852923
0.0868843
0.088572
0.0902324
0.0919805
0.0937298
0.0954863
0.0971747
0.0985123
0.019083
0.0194143
0.0198326
0.0202444
0.0206127
0.0209202
0.0211627
0.0213602
0.0215252
0.0216846
0.0218365
0.0220027
0.0221901
0.0224005
0.0226325
0.022883
0.0231609
0.0234484
0.0237518
0.0240619
0.0243809
0.024713
0.0250594
0.0254287
0.0257881
0.0261551
0.0265409
0.0269319
0.0273335
0.0277579
0.0282055
0.028663
0.0291115
0.0295799
0.03006
0.0305615
0.0310934
0.0316288
0.0321704
0.0327068
0.0332628
0.033879
0.0344854
0.0350945
0.0357081
0.0363044
0.0370141
0.0377261
0.0383312
0.0390348
0.0398252
0.0405054
0.0411983
0.0420118
0.0428105
0.0435689
0.0443848
0.0452098
0.0460088
0.0469236
0.0478118
0.0486294
0.0495765
0.0505569
0.051427
0.0523929
0.0534545
0.0544101
0.0553948
0.0564771
0.0575719
0.0586095
0.0597174
0.0608543
0.0620075
0.0631648
0.0643633
0.0655852
0.0668165
0.0680895
0.0693637
0.0706941
0.0720176
0.0733992
0.0747714
0.0762009
0.077648
0.0791025
0.0806237
0.0821345
0.0837042
0.0852961
0.0868888
0.0885776
0.0902385
0.0919878
0.093737
0.0954951
0.0971834
0.0985218
0.0203442
0.020366
0.0203397
0.020345
0.0204085
0.0205373
0.0207119
0.0209228
0.0211498
0.0213926
0.0216363
0.0218796
0.0221295
0.0223844
0.0226483
0.0229123
0.0231931
0.0234825
0.0237859
0.0240955
0.024413
0.0247421
0.0250804
0.0254453
0.0258085
0.0261769
0.0265607
0.0269591
0.0273611
0.0277854
0.0282289
0.0286838
0.0291377
0.029604
0.0300923
0.0305847
0.0311078
0.0316451
0.032187
0.0327418
0.0332888
0.0338869
0.0344918
0.0351013
0.03574
0.0363355
0.0369982
0.0377209
0.0383733
0.0390404
0.0398017
0.0405322
0.0412218
0.0419975
0.0428184
0.0435857
0.0443853
0.0452282
0.0460201
0.046909
0.0478284
0.0486548
0.0495643
0.050561
0.051453
0.05238
0.0534456
0.0544331
0.0554046
0.0564635
0.0575755
0.0586266
0.0597186
0.0608511
0.0620142
0.0631707
0.0643673
0.0655916
0.0668211
0.068092
0.0693684
0.0706995
0.072022
0.0734024
0.0747743
0.0762055
0.0776518
0.0791044
0.0806264
0.0821384
0.0837078
0.0852989
0.0868921
0.0885824
0.0902437
0.0919895
0.0937431
0.0955021
0.0971912
0.0985288
0.0191883
0.019446
0.0197752
0.0200983
0.0203815
0.0206304
0.020844
0.0210414
0.0212347
0.0214367
0.0216541
0.0218836
0.022133
0.0223926
0.0226668
0.022941
0.0232262
0.0235204
0.0238266
0.024143
0.0244598
0.0247879
0.0251179
0.0254732
0.0258335
0.0262021
0.026584
0.0269857
0.0273986
0.0278203
0.0282594
0.0287093
0.0291701
0.0296368
0.0301225
0.0306176
0.0311279
0.0316673
0.0322053
0.0327679
0.0333211
0.0338932
0.0345023
0.0351121
0.0357587
0.0363751
0.0370042
0.0377172
0.0384062
0.0390692
0.0397979
0.0405442
0.0412617
0.0420018
0.0428144
0.0436106
0.0443872
0.0452369
0.0460466
0.0468903
0.0478272
0.0486917
0.0495539
0.050552
0.0514866
0.0523816
0.0534287
0.0544608
0.0554258
0.0564522
0.0575827
0.0586526
0.0597272
0.0608536
0.0620259
0.0631805
0.0643751
0.0656015
0.0668281
0.0680963
0.0693755
0.0707073
0.0720279
0.0734068
0.0747792
0.0762121
0.0776576
0.0791087
0.0806312
0.0821444
0.0837132
0.0853033
0.086897
0.0885879
0.0902493
0.0919955
0.0937489
0.0955099
0.0971982
0.0985381
0.0205216
0.0204307
0.0202672
0.0201366
0.0200823
0.0201232
0.0202592
0.0204714
0.0207423
0.0210463
0.0213744
0.021704
0.0220344
0.0223523
0.0226615
0.0229565
0.0232459
0.0235421
0.0238452
0.0241622
0.0244757
0.024801
0.025128
0.0254733
0.0258325
0.0262008
0.0265864
0.0269901
0.0274145
0.0278389
0.0282708
0.0287201
0.0291818
0.0296551
0.0301332
0.0306325
0.0311411
0.0316765
0.0322197
0.0327778
0.0333453
0.0339013
0.0345034
0.0351252
0.03576
0.0363986
0.0370159
0.0377057
0.0384186
0.0390843
0.0397988
0.0405362
0.0412788
0.0420185
0.0427979
0.0436243
0.0443977
0.0452281
0.0460766
0.0468881
0.0478059
0.0487278
0.0495607
0.0505274
0.0515157
0.0523949
0.0534009
0.0544743
0.0554503
0.0564349
0.0575751
0.0586707
0.0597301
0.0608474
0.06203
0.0631839
0.0643767
0.0656067
0.0668312
0.0680963
0.0693781
0.0707114
0.0720305
0.0734084
0.0747805
0.076215
0.07766
0.0791096
0.0806326
0.0821466
0.0837154
0.0853047
0.0868987
0.088591
0.0902526
0.0919992
0.0937536
0.0955145
0.0972034
0.0985419
0.0201222
0.0199469
0.0197241
0.0195624
0.0195113
0.0195881
0.0197906
0.0200859
0.0204446
0.0208293
0.0212246
0.0216095
0.02198
0.0223287
0.0226551
0.0229612
0.0232532
0.0235483
0.0238478
0.0241608
0.024474
0.0247965
0.0251249
0.0254669
0.0258265
0.0261966
0.0265844
0.0269917
0.0274192
0.0278487
0.0282771
0.0287271
0.0291886
0.029664
0.0301412
0.0306378
0.0311496
0.0316794
0.0322255
0.0327813
0.0333519
0.033911
0.0345026
0.0351356
0.0357665
0.0364094
0.0370371
0.0377087
0.0384295
0.0391017
0.0398106
0.0405438
0.0412885
0.0420428
0.0428014
0.0436278
0.0444186
0.0452259
0.0460887
0.0469082
0.0477901
0.0487403
0.0495884
0.050513
0.0515215
0.0524227
0.0533929
0.0544747
0.0554784
0.0564434
0.0575732
0.0586887
0.0597478
0.0608535
0.0620404
0.0631958
0.0643854
0.0656166
0.0668411
0.068103
0.0693851
0.0707195
0.0720378
0.0734151
0.0747866
0.0762217
0.0776669
0.0791155
0.0806383
0.0821527
0.0837214
0.08531
0.0869035
0.088596
0.0902577
0.0920036
0.0937588
0.095522
0.0972072
0.098556
)
;

boundaryField
{
    zeroGradientPlanes
    {
        type            zeroGradient;
    }
    inlet
    {
        type            zeroGradient;
    }
    plate
    {
        type            zeroGradient;
    }
    frontAndBack
    {
        type            empty;
    }
}


// ************************************************************************* //
