/*--------------------------------*- C++ -*----------------------------------*\
| =========                 |                                                 |
| \\      /  F ield         | OpenFOAM: The Open Source CFD Toolbox           |
|  \\    /   O peration     | Version:  v1912                                 |
|   \\  /    A nd           | Website:  www.openfoam.com                      |
|    \\/     M anipulation  |                                                 |
\*---------------------------------------------------------------------------*/
FoamFile
{
    version     2.0;
    format      ascii;
    class       volScalarField;
    location    "5";
    object      p;
}
// * * * * * * * * * * * * * * * * * * * * * * * * * * * * * * * * * * * * * //

dimensions      [0 2 -2 0 0 0 0];


internalField   nonuniform List<scalar> 
9600
(
9.3138e-11
0.0017756
-0.00375125
0.00276004
0.00465177
0.00494136
0.0088226
0.00928263
0.00438819
0.00754905
0.0085374
0.00737916
0.00550908
0.00679864
0.00788125
0.011375
0.0127619
0.0142564
0.015617
0.0195468
-6.29429e-06
0.0017775
-0.00374128
0.00276747
0.00463987
0.0049508
0.00882609
0.00928183
0.00439857
0.00751623
0.00854067
0.00740355
0.00552271
0.00675562
0.00784769
0.0113166
0.0127502
0.0142154
0.0156341
0.0191147
-1.23482e-05
0.00178088
-0.00373314
0.00276715
0.00461873
0.00498622
0.00883309
0.00928326
0.00441613
0.00747762
0.00855067
0.00742724
0.00553216
0.0067023
0.00781128
0.0112465
0.012739
0.0141704
0.0156225
0.0186665
-1.87709e-05
0.00178394
-0.00371498
0.00276615
0.00459708
0.00504546
0.00884036
0.00928409
0.00445338
0.00744228
0.00855541
0.00744819
0.00555083
0.00662347
0.00776963
0.0111698
0.0127273
0.0141195
0.0155843
0.0182564
-2.66236e-05
0.00178746
-0.00367925
0.00277027
0.0045753
0.005121
0.00884726
0.00928333
0.00451128
0.00741265
0.00855258
0.00746756
0.00558023
0.00651819
0.00772532
0.0110848
0.0127126
0.01406
0.0155315
0.01788
-3.58281e-05
0.00179207
-0.00362134
0.00277807
0.0045517
0.00520597
0.00885264
0.00927892
0.00458702
0.00739038
0.00854288
0.00748536
0.00562198
0.00643879
0.00768077
0.010993
0.0126959
0.0139953
0.0154655
0.0175236
-4.58591e-05
0.00179831
-0.00354213
0.0027867
0.00452615
0.00529436
0.00885519
0.00926972
0.0046754
0.0073733
0.0085286
0.00750199
0.00567777
0.00637437
0.00764073
0.0108992
0.0126773
0.0139271
0.0153829
0.0171835
-5.88832e-05
0.00180673
-0.00344476
0.00279474
0.00449885
0.00538095
0.00885256
0.00925509
0.0047723
0.00735839
0.00851133
0.00751719
0.00574889
0.00632901
0.00761066
0.0108071
0.0126548
0.0138545
0.0152808
0.0168584
-6.83305e-05
0.00181812
-0.00333167
0.00280105
0.00446959
0.00546163
0.00884175
0.00923484
0.00487507
0.00734349
0.00849156
0.00753003
0.00583545
0.00630624
0.00759474
0.0107197
0.0126261
0.0137766
0.0151579
0.0165464
-7.69708e-05
0.00183356
-0.00320384
0.00280523
0.00443901
0.00553373
0.00881981
0.00920888
0.0049821
0.00732776
0.00846974
0.00753949
0.00593586
0.00630733
0.00759524
0.0106401
0.0125901
0.0136924
0.0150143
0.0162445
-8.4769e-05
0.0018542
-0.00306155
0.00280806
0.00440913
0.00559611
0.00878475
0.0091772
0.00509211
0.00731123
0.00844666
0.00754488
0.00604728
0.00633144
0.00761239
0.0105709
0.0125463
0.0136019
0.0148516
0.0159497
-9.16353e-05
0.00188092
-0.0029052
0.0028114
0.00438247
0.00564906
0.00873628
0.00913992
0.00520396
0.00729419
0.00842334
0.00754632
0.0061664
0.00637603
0.00764431
0.0105139
0.0124956
0.0135056
0.0146722
0.0156596
-9.76698e-05
0.00191383
-0.00273598
0.00281681
0.0043608
0.00569379
0.00867598
0.00909734
0.00531658
0.00727692
0.00840081
0.00754474
0.00628995
0.00643757
0.00768787
0.0104696
0.0124389
0.0134035
0.0144799
0.0153729
-0.000102836
0.00195226
-0.00255596
0.00282532
0.00434448
0.00573166
0.00860677
0.00904988
0.00542913
0.00725961
0.00837996
0.00754146
0.006415
0.00651263
0.00773946
0.0104373
0.0123774
0.0132958
0.0142787
0.0150888
-0.000106829
0.00199512
-0.00236759
0.00283684
0.00433269
0.00576369
0.00853202
0.00899798
0.00554112
0.00724241
0.00836146
0.0075378
0.00653908
0.00659838
0.00779551
0.0104152
0.0123124
0.0131819
0.0140722
0.0148074
-0.000109398
0.00204127
-0.00217293
0.00285099
0.0043242
0.00579054
0.00845482
0.00894207
0.00565226
0.00722551
0.0083456
0.00753484
0.0066602
0.00669262
0.00785306
0.0104006
0.0122449
0.0130609
0.0138631
0.0145292
-0.000110291
0.00208972
-0.00197343
0.00286739
0.00431802
0.00581258
0.00837758
0.00888259
0.00576232
0.00720914
0.00833235
0.00753341
0.00677671
0.00679361
0.00790981
0.0103906
0.0121759
0.012932
0.0136524
0.0142552
-0.000109252
0.00213965
-0.00177005
0.00288595
0.00431363
0.00582994
0.00830194
0.00882005
0.00587105
0.0071935
0.00832147
0.00753433
0.00688733
0.00689985
0.00796414
0.0103817
0.0121061
0.0127949
0.0134404
0.0139864
-0.000106032
0.00219046
-0.00156338
0.00290677
0.00431086
0.00584249
0.00822894
0.00875492
0.0059781
0.00717883
0.0083125
0.00753844
0.00699121
0.00700999
0.00801503
0.010371
0.0120357
0.0126502
0.0132267
0.0137237
-0.00010038
0.00224166
-0.00135368
0.00292996
0.00430971
0.00585013
0.00815925
0.00868772
0.00608296
0.0071654
0.00830485
0.00754641
0.00708777
0.0071227
0.00806245
0.010356
0.0119647
0.0124993
0.0130106
0.0134681
-9.20033e-05
0.0022928
-0.00114115
0.00295562
0.00431039
0.0058527
0.00809324
0.00861904
0.006185
0.0071535
0.008298
0.00755883
0.00717664
0.00723652
0.00810722
0.0103349
0.0118925
0.0123438
0.0127917
0.0132205
-8.05796e-05
0.00234348
-0.000926046
0.00298383
0.00431316
0.00585005
0.00803099
0.00854949
0.0062835
0.00714357
0.00829143
0.00757626
0.00725776
0.00734983
0.00814902
0.0103063
0.0118187
0.0121861
0.0125698
0.0129808
-6.57629e-05
0.00239336
-0.000708597
0.00301448
0.00431816
0.00584208
0.00797241
0.00847976
0.00637775
0.00713607
0.00828461
0.00759904
0.00733149
0.00746101
0.00819104
0.0102695
0.0117423
0.0120283
0.0123452
0.0127487
-4.72093e-05
0.00244215
-0.000489006
0.00304746
0.00432557
0.00582872
0.00791711
0.0084107
0.00646698
0.00713133
0.00827723
0.00762718
0.00739833
0.00756844
0.00823404
0.0102246
0.0116624
0.0118717
0.0121181
0.0125239
-2.45708e-05
0.00248959
-0.000267454
0.00308259
0.00433555
0.00581004
0.00786457
0.0083432
0.00655056
0.00712956
0.0082691
0.00766058
0.00745895
0.00767057
0.0082771
0.010172
0.0115784
0.0117183
0.0118883
0.0123049
2.53762e-06
0.00253541
-4.4066e-05
0.00311966
0.00434827
0.00578626
0.00781413
0.0082782
0.00662801
0.0071308
0.00826005
0.00769885
0.00751401
0.00776594
0.00832065
0.0101123
0.0114895
0.0115704
0.0116569
0.0120875
3.45426e-05
0.00257937
0.000181031
0.00315856
0.0043638
0.00575781
0.00776504
0.00821665
0.0066989
0.007135
0.00825015
0.00774128
0.00756417
0.00785318
0.00836488
0.0100464
0.0113942
0.0114306
0.0114274
0.0118658
7.18657e-05
0.00262122
0.000407699
0.00319923
0.00438219
0.00572526
0.00771632
0.00815941
0.00676302
0.00714179
0.00823977
0.00778701
0.00761036
0.0079314
0.00840953
0.00997575
0.0112911
0.0112989
0.0112049
0.011636
0.0001149
0.00266082
0.000635781
0.00324166
0.0044034
0.00568942
0.00766701
0.00810704
0.00682046
0.00715061
0.00822938
0.00783516
0.00765318
0.00799981
0.00845427
0.00990278
0.0111796
0.0111735
0.0109937
0.0113985
0.000164078
0.00269802
0.000865043
0.0032859
0.00442722
0.00565131
0.00761614
0.00805993
0.00687151
0.00716062
0.00821935
0.00788513
0.00769311
0.00805769
0.0084982
0.00982986
0.0110611
0.0110523
0.0107963
0.0111565
0.000219874
0.00273274
0.0010952
0.00333211
0.00445323
0.00561209
0.00756274
0.00801831
0.00691688
0.00717076
0.00820996
0.00793626
0.00773061
0.00810506
0.00854029
0.00975786
0.0109365
0.0109347
0.010614
0.0109139
0.000282732
0.00276483
0.00132574
0.00338068
0.00448102
0.00557299
0.00750605
0.00798208
0.00695752
0.00718002
0.00820153
0.00798803
0.00776534
0.0081418
0.00858053
0.00968781
0.010806
0.0108202
0.0104492
0.0106742
0.000353051
0.00279419
0.00155587
0.0034322
0.00451017
0.00553521
0.00744571
0.00795091
0.00699464
0.00718693
0.00819407
0.00804095
0.00779704
0.00816692
0.00861875
0.00962208
0.0106695
0.0107063
0.0103048
0.0104447
0.000431225
0.00282077
0.00178463
0.0034874
0.00454017
0.00549979
0.00738147
0.00792422
0.00703011
0.00719008
0.00818641
0.00809563
0.00782633
0.00817959
0.00865367
0.00956416
0.010529
0.0105878
0.0101793
0.0102344
0.000517643
0.00284461
0.00201089
0.00354714
0.0045705
0.00546768
0.00731351
0.00790089
0.00706578
0.0071892
0.00817707
0.008152
0.00785409
0.00817935
0.00868279
0.00951661
0.0103898
0.0104616
0.0100665
0.0100503
0.000612653
0.00286585
0.00223329
0.00361233
0.0046007
0.00546075
0.00724256
0.00787996
0.00710282
0.0071842
0.00816429
0.00821028
0.00788191
0.00816566
0.00870322
0.00947956
0.0102563
0.0103281
0.00995943
0.00989581
0.000716556
0.0028848
0.00245039
0.00368385
0.00463052
0.00543716
0.00716883
0.0078605
0.00714269
0.00717552
0.00814552
0.00826994
0.00791194
0.00813831
0.00871243
0.00945325
0.0101327
0.0101885
0.00985088
0.00976784
0.000829567
0.00290187
0.00266079
0.00376249
0.00466
0.00541831
0.00709302
0.00784073
0.00718637
0.00716501
0.00811817
0.00832902
0.00794716
0.00809836
0.00870528
0.00943791
0.0100257
0.0100464
0.00973492
0.00965822
0.000951863
0.00291782
0.00286299
0.00384856
0.0046828
0.0054048
0.00701604
0.00781893
0.00723401
0.00715534
0.00808033
0.0083836
0.00799097
0.00804959
0.00867541
0.0094281
0.0099422
0.00990992
0.0096092
0.00955931
0.0010835
0.00293345
0.00305586
0.00394207
0.00471308
0.00539739
0.00693897
0.00779314
0.00728541
0.00714946
0.00803248
0.0084286
0.00804313
0.00799711
0.00862118
0.0094179
0.00988437
0.00978893
0.0094743
0.00946105
0.00122454
0.00294953
0.00323821
0.00404306
0.00474427
0.00539639
0.00686335
0.00776144
0.0073397
0.00714972
0.00797533
0.00846125
0.00810301
0.00794592
0.00854073
0.00939774
0.00984933
0.00969465
0.00934134
0.00935663
0.0013749
0.00296729
0.00340884
0.00415087
0.00477712
0.00540219
0.00679109
0.00772237
0.00739529
0.0071586
0.00791049
0.0084775
0.00816812
0.00790379
0.00843646
0.00935074
0.00982718
0.00963208
0.00922548
0.00925035
0.00153436
0.00298799
0.00356673
0.00426528
0.00481218
0.00541457
0.00672476
0.00767544
0.00744899
0.0071778
0.00784279
0.00847473
0.00823302
0.00787487
0.00831714
0.00927239
0.00979865
0.00959779
0.00913999
0.00915611
0.00170268
0.00301299
0.00371042
0.00438635
0.00485045
0.00543153
0.00666728
0.00762193
0.00749676
0.00720785
0.00777626
0.00845134
0.00829546
0.007865
0.00819106
0.00916266
0.00975979
0.00958672
0.00909846
0.0090541
0.00187911
0.00304428
0.00383873
0.00451353
0.00489316
0.00544984
0.00662099
0.00756434
0.00753573
0.0072472
0.00771581
0.00840891
0.00834654
0.00788249
0.00808956
0.00899339
0.00971101
0.00957671
0.00903917
0.00888373
0.00206268
0.00308369
0.00395052
0.00464607
0.00494286
0.00546558
0.00658563
0.00750838
0.00756456
0.00729203
0.00766479
0.00835165
0.0083844
0.0079247
0.00801659
0.00887985
0.00968401
0.00958851
0.0089789
0.00865141
0.0022523
0.00313317
0.00404579
0.00478174
0.00500326
0.0054769
0.00655931
0.00746009
0.0075834
0.00733901
0.00762376
0.00828213
0.00841269
0.00797975
0.00793879
0.00869979
0.00953144
0.00953588
0.00893921
0.00860986
0.00244656
0.00319406
0.00412617
0.00491731
0.00507828
0.00548365
0.00653652
0.00742277
0.00759644
0.00738388
0.00759271
0.00820716
0.00841841
0.00804609
0.00792089
0.00856845
0.00943046
0.0095237
0.00889923
0.00842111
0.00264389
0.00326766
0.00419432
0.00504778
0.00517027
0.00548907
0.00650846
0.00739578
0.00761158
0.00742629
0.00756814
0.00812612
0.00840531
0.00811207
0.00791801
0.00841331
0.00921664
0.00943833
0.00887411
0.00832863
0.00284272
0.00335508
0.00425354
0.00516831
0.00527897
0.00549896
0.00646972
0.00737634
0.00763483
0.00746765
0.00754763
0.00804268
0.0083719
0.00816229
0.00792535
0.00827272
0.00900256
0.00933577
0.00889869
0.0083285
0.00304147
0.00345695
0.0043078
0.0052745
0.0054018
0.00552161
0.00642094
0.00735414
0.00766702
0.00751393
0.00753086
0.00795409
0.00831539
0.00819985
0.00795351
0.00815939
0.0087871
0.00920518
0.00892098
0.00836328
0.00323891
0.00357349
0.00436088
0.00536388
0.00553463
0.00556431
0.00636337
0.00731845
0.00770698
0.0075709
0.00751767
0.00786095
0.0082451
0.00822421
0.00799003
0.00807858
0.00858514
0.00904344
0.00891603
0.00841854
0.00343401
0.00370425
0.00441676
0.00543579
0.00567036
0.00563041
0.00630318
0.00726278
0.0077469
0.00764132
0.00751575
0.00777005
0.00815949
0.00822814
0.0080325
0.00803399
0.00841042
0.00885934
0.00887285
0.00847848
0.00362598
0.00384832
0.00447902
0.00549036
0.00580178
0.00572098
0.00625101
0.00718517
0.00777377
0.00772503
0.00753369
0.00768506
0.00805888
0.00821297
0.00807551
0.00801649
0.00826881
0.00866758
0.00878866
0.00852579
0.00381431
0.00400385
0.00455085
0.00552994
0.00592208
0.00583255
0.00621764
0.0070886
0.00777553
0.00781678
0.00757684
0.00761563
0.00794822
0.00817341
0.00811085
0.00802108
0.00816472
0.00849382
0.00867537
0.00853704
0.0039987
0.0041687
0.00463459
0.00555792
0.0060265
0.00595977
0.0062112
0.00698153
0.00774324
0.00790359
0.00764625
0.00757206
0.00783579
0.00810848
0.00813209
0.00804315
0.00809448
0.00832782
0.00854609
0.00851029
0.00417913
0.00434014
0.00473198
0.00557944
0.00611197
0.00609424
0.00623581
0.0068774
0.00767377
0.00796889
0.00773918
0.00756375
0.00773505
0.00802188
0.00812808
0.00807371
0.00806121
0.00821224
0.00842691
0.00846736
0.00435583
0.00451496
0.00484373
0.00560082
0.00617649
0.00622569
0.00629165
0.0067913
0.00757001
0.0079964
0.00784594
0.00759451
0.00765768
0.00792368
0.00809498
0.00809945
0.00806266
0.00812745
0.00831616
0.00841857
0.00452929
0.00469018
0.00496911
0.00562817
0.00622128
0.0063441
0.00637358
0.00673663
0.00744567
0.00797599
0.00794832
0.00766381
0.00761316
0.00782754
0.00803772
0.00810305
0.00808476
0.00808155
0.00821278
0.0083667
0.00470002
0.00486337
0.00510645
0.00566523
0.00624853
0.00644464
0.006472
0.00671925
0.00732549
0.00791033
0.00802328
0.00776233
0.00760841
0.00774297
0.00796713
0.00808166
0.00810296
0.00807734
0.00812998
0.00830247
0.00486853
0.00503277
0.00525188
0.00571469
0.00626404
0.00652577
0.00657519
0.006736
0.00722823
0.00781227
0.00805465
0.00786859
0.00764516
0.00768119
0.00789176
0.00804313
0.00809947
0.00809757
0.00809321
0.00823277
0.00503507
0.00519739
0.00540061
0.00577836
0.00627578
0.00658736
0.00667454
0.00678047
0.0071631
0.00770408
0.0080423
0.00795881
0.00771555
0.00765518
0.00781853
0.00799582
0.008077
0.00811079
0.00810047
0.00817869
0.00519979
0.00535675
0.00554832
0.0058561
0.00629134
0.00663134
0.00676408
0.00684245
0.00713068
0.00760427
0.00799358
0.00801797
0.00780019
0.00766802
0.00776096
0.00794282
0.00804638
0.00810323
0.00812561
0.00816517
0.0053625
0.00551079
0.00569191
0.005946
0.00631602
0.00666135
0.00683962
0.006913
0.00712734
0.00752473
0.00792415
0.00804233
0.00788115
0.00771212
0.00773132
0.00789011
0.00801458
0.00808082
0.00814251
0.00819168
0.00552264
0.00565974
0.00582978
0.00604501
0.00635265
0.00668318
0.00689965
0.00698502
0.00714694
0.00747063
0.0078514
0.00803514
0.00794637
0.00777372
0.00773145
0.00784774
0.0079829
0.00805651
0.0081407
0.00822709
0.00567954
0.00580413
0.00596131
0.00614924
0.00640191
0.00670252
0.00694531
0.00705326
0.0071823
0.00744136
0.00778761
0.00800503
0.00798787
0.00784235
0.00775818
0.00782186
0.00795322
0.00803823
0.00812822
0.00825097
0.0058325
0.00594437
0.00608642
0.00625477
0.00646295
0.00672417
0.0069786
0.00711357
0.00722703
0.00743433
0.00773943
0.00796617
0.00800517
0.00790597
0.00780723
0.00781641
0.00792854
0.00802601
0.0081166
0.00825943
0.0059808
0.00608057
0.0062056
0.00635823
0.006533
0.00675236
0.00700367
0.0071631
0.00727478
0.00744567
0.0077087
0.00792994
0.00800605
0.00795309
0.00786957
0.00783642
0.00791232
0.00801663
0.00811231
0.00826261
0.00612369
0.00621268
0.00631943
0.00645775
0.00660847
0.00678796
0.00702521
0.00720254
0.00732118
0.00747032
0.00769459
0.00790074
0.00800195
0.00798448
0.00793019
0.00788098
0.00791336
0.00801219
0.00811462
0.00826672
0.00626057
0.00633996
0.00642815
0.00655252
0.00668641
0.00683053
0.00704562
0.00723253
0.00736347
0.00750395
0.00769652
0.00788164
0.00800042
0.00800881
0.00797761
0.00793679
0.00793597
0.00801652
0.00812569
0.00827894
0.0063906
0.00646228
0.00653203
0.00664166
0.00676334
0.00687903
0.00706802
0.00725461
0.00739853
0.00754035
0.00771062
0.00787404
0.00800567
0.00804034
0.00802289
0.00799576
0.0079801
0.00803154
0.00813791
0.00829241
0.00651327
0.00657874
0.00663138
0.00672486
0.00683632
0.00693043
0.00709336
0.00727225
0.00742709
0.00757669
0.00773261
0.00787447
0.00801062
0.0080744
0.00807578
0.00806321
0.00805573
0.00808521
0.00817205
0.00831417
0.00662783
0.00668924
0.00672601
0.00680183
0.00690333
0.00698117
0.0071193
0.00728535
0.0074482
0.00761074
0.00776768
0.0078954
0.0080218
0.00810164
0.00812162
0.00811376
0.00811821
0.00815312
0.00823884
0.00838734
0.00673366
0.00679251
0.00681649
0.00687348
0.00696374
0.00702818
0.00714358
0.0072929
0.00745777
0.00762887
0.00780017
0.00794665
0.00808312
0.00818193
0.00822831
0.00822448
0.00820977
0.0082119
0.00825545
0.00836899
0.00683001
0.00688674
0.00690081
0.00694005
0.00701853
0.00707127
0.00716626
0.00729727
0.0074575
0.00762268
0.00777734
0.00792451
0.00808257
0.00821141
0.00830848
0.00837596
0.00842319
0.00846779
0.00852799
0.00864012
0.00691792
0.00697169
0.00697724
0.00699917
0.00706549
0.00710721
0.00718514
0.00730467
0.00747696
0.00768512
0.00789187
0.00806262
0.00823457
0.00834962
0.00840703
0.00842648
0.00841784
0.00840944
0.00841645
0.0084695
0.00699844
0.00704155
0.00703731
0.00704216
0.00709342
0.00712329
0.00716413
0.0072278
0.00732563
0.00745385
0.00765592
0.00791756
0.00824503
0.00855298
0.00878836
0.00899011
0.00917377
0.009359
0.00954959
0.00971458
0.00707173
0.00712984
0.0071291
0.00712109
0.00715068
0.00716761
0.00720574
0.00729174
0.00746506
0.00768211
0.00794704
0.00818281
0.00837945
0.00854343
0.00861665
0.0086369
0.00864183
0.0086293
0.00861522
0.00862849
0.00708636
0.00710728
0.00712887
0.00714355
0.00716741
0.00717082
0.00718683
0.00725954
0.00741978
0.00759674
0.00784161
0.00811983
0.00837359
0.00863144
0.00888115
0.00911932
0.00935384
0.00957307
0.00976639
0.00990048
0.00723699
0.00729292
0.00726289
0.00719923
0.00717213
0.00713909
0.00710547
0.0071256
0.00729621
0.00757432
0.00794801
0.00833857
0.00861671
0.00880554
0.00896321
0.00909847
0.00922415
0.00935619
0.00948979
0.00958284
0.0231073
0.0175701
0.00967455
0.00396343
0.00253701
0.00376016
0.00506545
0.00576004
0.00622848
0.00665381
0.00699549
0.00726202
0.00746161
0.00766815
0.00802371
0.00855707
0.00902681
0.00924364
0.00943415
0.00979303
0.0100859
0.0101963
0.0103185
0.0105607
0.0108898
0.0112159
0.0114774
0.0117497
0.0121011
0.0124205
0.0126717
0.0129809
0.0133471
0.0136998
0.0140713
0.0144855
0.0148674
0.0151956
0.0155393
0.0158857
0.016209
0.0165591
0.0169087
0.0172492
0.0176313
0.0180614
0.018484
0.0188455
0.0192328
0.0196952
0.0201216
0.0205516
0.0210485
0.0215737
0.0220267
0.0223585
0.0226175
0.0229183
0.0234402
0.024106
0.0246843
0.0252366
0.025832
0.0263402
0.0268066
0.0272512
0.0277617
0.0283761
0.028979
0.029538
0.030166
0.0307859
0.0313632
0.0319629
0.0326148
0.033293
0.03394
0.0346221
0.0353327
0.0360741
0.0368017
0.0375392
0.0382689
0.0390625
0.0398887
0.0407237
0.0415647
0.0423668
0.0432069
0.0440825
0.0449517
0.0458808
0.0467533
0.0476743
0.0486136
0.0494894
0.0503765
0.0512202
0.0520066
0.0526869
0.0223834
0.0174385
0.00975868
0.00411425
0.00263714
0.00381103
0.00509868
0.00578289
0.00624433
0.00666575
0.00700534
0.00727068
0.00746911
0.0076743
0.00802879
0.00856181
0.00903156
0.00924782
0.00943749
0.00979622
0.0100892
0.0101992
0.0103208
0.0105627
0.0108916
0.0112176
0.0114791
0.0117511
0.0121024
0.0124218
0.0126728
0.0129818
0.0133481
0.0137007
0.0140721
0.0144863
0.0148682
0.0151963
0.01554
0.0158864
0.0162097
0.0165597
0.0169094
0.0172499
0.017632
0.018062
0.0184846
0.0188461
0.0192333
0.0196957
0.0201221
0.020552
0.0210489
0.0215741
0.0220272
0.0223591
0.0226179
0.0229187
0.0234405
0.0241064
0.0246847
0.0252369
0.0258323
0.0263405
0.0268068
0.0272515
0.0277619
0.0283763
0.0289792
0.0295382
0.0301662
0.0307861
0.0313634
0.031963
0.0326149
0.0332932
0.0339401
0.0346223
0.0353329
0.0360742
0.0368019
0.0375394
0.038269
0.0390626
0.0398889
0.0407238
0.0415648
0.042367
0.043207
0.0440826
0.0449518
0.0458809
0.0467534
0.0476744
0.0486137
0.0494895
0.0503766
0.0512202
0.0520066
0.0526869
0.0217429
0.017323
0.00993737
0.00439864
0.00281102
0.00387044
0.00512099
0.00580234
0.00626335
0.00668118
0.0070166
0.00727947
0.00747673
0.00768084
0.00803419
0.00856652
0.00903593
0.00925157
0.00944059
0.00979923
0.010092
0.0102016
0.0103229
0.0105646
0.0108933
0.0112192
0.0114804
0.0117523
0.0121036
0.012423
0.0126737
0.0129826
0.0133489
0.0137014
0.0140727
0.014487
0.0148689
0.0151969
0.0155406
0.015887
0.0162103
0.0165603
0.0169099
0.0172504
0.0176324
0.0180625
0.0184852
0.0188466
0.0192337
0.0196961
0.0201225
0.0205524
0.0210493
0.0215745
0.0220277
0.0223595
0.0226183
0.0229188
0.0234406
0.0241067
0.024685
0.0252371
0.0258326
0.0263408
0.0268071
0.0272517
0.0277621
0.0283765
0.0289794
0.0295383
0.0301663
0.0307862
0.0313635
0.0319631
0.032615
0.0332934
0.0339403
0.0346224
0.035333
0.0360743
0.036802
0.0375395
0.0382691
0.0390627
0.039889
0.0407239
0.0415649
0.0423671
0.0432071
0.0440827
0.0449519
0.045881
0.0467535
0.0476744
0.0486138
0.0494896
0.0503766
0.0512203
0.0520067
0.0526869
0.0211362
0.0171972
0.0101508
0.00474751
0.003045
0.00395122
0.00515081
0.00583093
0.006293
0.00670451
0.00703198
0.00729027
0.00748674
0.00769097
0.00804292
0.00857288
0.00904092
0.00925639
0.00944516
0.00980309
0.0100952
0.0102046
0.010326
0.0105675
0.0108957
0.0112213
0.0114823
0.0117539
0.0121052
0.0124243
0.0126748
0.0129836
0.0133499
0.0137023
0.0140735
0.0144878
0.0148697
0.0151976
0.0155412
0.0158877
0.0162108
0.0165608
0.0169105
0.0172509
0.0176329
0.018063
0.0184857
0.0188471
0.0192341
0.0196966
0.0201229
0.0205527
0.0210497
0.021575
0.0220282
0.02236
0.0226186
0.0229189
0.0234407
0.0241071
0.0246854
0.0252373
0.025833
0.0263412
0.0268073
0.0272518
0.0277622
0.0283767
0.0289796
0.0295385
0.0301665
0.0307864
0.0313637
0.0319633
0.0326152
0.0332935
0.0339404
0.0346225
0.0353331
0.0360744
0.0368021
0.0375396
0.0382692
0.0390628
0.0398891
0.040724
0.0415651
0.0423672
0.0432072
0.0440828
0.044952
0.0458811
0.0467536
0.0476745
0.0486139
0.0494897
0.0503767
0.0512204
0.0520068
0.052687
0.0205218
0.0170387
0.010366
0.00511563
0.00330325
0.00404301
0.00518279
0.00586455
0.00633126
0.00673569
0.00705235
0.00730386
0.00749972
0.00770582
0.00805662
0.00858193
0.00904678
0.00926275
0.00945201
0.0098082
0.0100988
0.0102085
0.0103309
0.010572
0.0108991
0.011224
0.0114849
0.0117566
0.0121075
0.0124262
0.0126763
0.012985
0.0133512
0.0137035
0.0140746
0.0144888
0.0148705
0.0151983
0.0155419
0.0158884
0.0162114
0.0165613
0.016911
0.0172514
0.0176334
0.0180635
0.0184863
0.0188477
0.0192346
0.0196971
0.0201234
0.0205532
0.0210501
0.0215754
0.0220288
0.0223606
0.022619
0.0229189
0.0234408
0.0241076
0.0246858
0.0252375
0.0258333
0.0263416
0.0268076
0.0272521
0.0277624
0.0283769
0.0289799
0.0295386
0.0301667
0.0307866
0.0313638
0.0319634
0.0326153
0.0332937
0.0339405
0.0346226
0.0353332
0.0360746
0.0368023
0.0375397
0.0382693
0.0390629
0.0398892
0.0407241
0.0415652
0.0423673
0.0432073
0.0440829
0.0449521
0.0458812
0.0467537
0.0476746
0.048614
0.0494898
0.0503768
0.0512205
0.052007
0.0526871
0.0198989
0.0168483
0.0105764
0.00549029
0.00357599
0.00414218
0.00521407
0.00589886
0.00637356
0.00677132
0.00707578
0.0073193
0.00751496
0.00772474
0.0080751
0.0085939
0.00905375
0.00927097
0.00946149
0.00981464
0.0101027
0.0102136
0.010338
0.0105788
0.0109039
0.0112276
0.0114888
0.0117606
0.0121109
0.0124289
0.0126786
0.0129869
0.0133528
0.013705
0.014076
0.01449
0.0148715
0.0151992
0.0155429
0.0158893
0.016212
0.0165618
0.0169116
0.017252
0.017634
0.018064
0.0184869
0.0188483
0.0192351
0.0196977
0.020124
0.0205537
0.0210507
0.021576
0.0220294
0.0223613
0.0226194
0.0229189
0.0234409
0.0241081
0.0246863
0.0252378
0.0258338
0.0263421
0.026808
0.0272523
0.0277625
0.0283772
0.0289802
0.0295388
0.0301669
0.0307869
0.031364
0.0319635
0.0326154
0.0332938
0.0339407
0.0346227
0.0353334
0.0360747
0.0368024
0.0375399
0.0382695
0.039063
0.0398893
0.0407243
0.0415653
0.0423674
0.0432074
0.044083
0.0449522
0.0458813
0.0467538
0.0476747
0.0486141
0.0494899
0.050377
0.0512207
0.0520073
0.0526873
0.0192788
0.016632
0.0107787
0.0058666
0.00386116
0.00424945
0.00524508
0.00593273
0.00641816
0.00680983
0.00710109
0.00733581
0.00753149
0.00774598
0.00809658
0.00860802
0.00906193
0.00928103
0.00947332
0.00982224
0.0101068
0.0102197
0.0103472
0.0105879
0.0109102
0.0112322
0.0114938
0.0117661
0.0121156
0.0124326
0.0126819
0.0129896
0.013355
0.0137069
0.0140778
0.0144914
0.0148726
0.0152004
0.0155442
0.0158905
0.0162127
0.0165624
0.0169122
0.0172528
0.0176347
0.0180645
0.0184874
0.018849
0.0192357
0.0196981
0.0201245
0.0205544
0.0210514
0.0215766
0.0220301
0.0223621
0.0226198
0.0229189
0.0234411
0.0241087
0.0246868
0.0252381
0.0258343
0.0263427
0.0268084
0.0272526
0.0277628
0.0283775
0.0289806
0.0295391
0.0301672
0.0307872
0.0313643
0.0319637
0.0326156
0.0332941
0.0339408
0.0346229
0.0353335
0.0360749
0.0368026
0.03754
0.0382696
0.0390631
0.0398894
0.0407244
0.0415655
0.0423675
0.0432075
0.0440832
0.0449523
0.0458814
0.046754
0.0476748
0.0486143
0.04949
0.0503772
0.0512211
0.0520078
0.0526875
0.0186729
0.0163932
0.0109677
0.00624047
0.00415754
0.00436612
0.00527676
0.00596576
0.00646444
0.00685089
0.0071282
0.00735334
0.00754878
0.00776822
0.0081194
0.00862335
0.00907109
0.00929256
0.00948692
0.00983079
0.0101112
0.0102267
0.0103581
0.0105986
0.0109176
0.0112375
0.0114998
0.0117729
0.0121212
0.0124373
0.0126865
0.0129935
0.0133577
0.0137093
0.01408
0.0144929
0.0148738
0.0152017
0.0155458
0.015892
0.0162139
0.0165632
0.016913
0.0172538
0.0176355
0.0180649
0.0184879
0.0188498
0.0192364
0.0196985
0.0201249
0.0205551
0.0210522
0.0215773
0.022031
0.0223631
0.0226204
0.022919
0.0234412
0.0241093
0.0246873
0.0252385
0.0258349
0.0263433
0.0268089
0.0272529
0.0277631
0.028378
0.028981
0.0295395
0.0301676
0.0307876
0.0313646
0.031964
0.0326159
0.0332943
0.033941
0.034623
0.0353337
0.036075
0.0368027
0.0375401
0.0382697
0.0390632
0.0398896
0.0407246
0.0415657
0.0423676
0.0432076
0.0440833
0.0449524
0.0458816
0.0467541
0.0476749
0.0486145
0.0494902
0.0503774
0.0512216
0.0520085
0.0526878
0.0180891
0.0161343
0.0111389
0.00660835
0.00446338
0.00449316
0.00530996
0.00599753
0.00651169
0.00689436
0.00715728
0.0073719
0.00756652
0.00779073
0.00814263
0.00863916
0.0090807
0.00930489
0.00950164
0.00984015
0.0101161
0.0102343
0.0103699
0.0106103
0.0109258
0.0112434
0.0115067
0.0117805
0.0121275
0.0124426
0.0126921
0.0129985
0.0133613
0.0137122
0.0140824
0.0144945
0.0148749
0.015203
0.0155476
0.0158939
0.0162154
0.0165643
0.0169141
0.0172552
0.0176367
0.0180655
0.0184885
0.0188509
0.0192371
0.0196986
0.0201251
0.0205558
0.0210528
0.0215779
0.022032
0.0223644
0.0226214
0.0229192
0.0234414
0.02411
0.0246878
0.0252388
0.0258355
0.0263441
0.0268094
0.0272533
0.0277636
0.0283785
0.0289815
0.0295399
0.030168
0.0307881
0.0313649
0.0319643
0.0326162
0.0332946
0.0339413
0.0346233
0.0353339
0.0360752
0.0368029
0.0375403
0.0382698
0.0390633
0.0398897
0.0407247
0.0415658
0.0423678
0.0432077
0.0440834
0.0449526
0.0458817
0.0467542
0.047675
0.0486147
0.0494904
0.0503777
0.0512223
0.0520094
0.0526882
0.0175338
0.015859
0.0112892
0.00696708
0.00477628
0.00463096
0.00534524
0.00602742
0.00655906
0.00694003
0.00718847
0.00739164
0.00758469
0.00781338
0.00816594
0.00865493
0.00909009
0.00931722
0.00951683
0.0098501
0.0101215
0.0102422
0.0103823
0.0106226
0.0109342
0.0112495
0.0115141
0.0117888
0.0121341
0.0124482
0.0126983
0.0130045
0.0133658
0.0137157
0.014085
0.014496
0.0148758
0.0152042
0.0155493
0.0158959
0.0162173
0.0165657
0.0169156
0.017257
0.0176383
0.0180661
0.0184891
0.0188523
0.0192383
0.0196988
0.0201252
0.0205563
0.0210532
0.021578
0.0220327
0.0223659
0.0226226
0.0229199
0.0234421
0.0241108
0.0246882
0.0252389
0.025836
0.0263449
0.02681
0.0272538
0.0277641
0.0283791
0.0289821
0.0295405
0.0301686
0.0307886
0.0313654
0.0319648
0.0326166
0.033295
0.0339416
0.0346236
0.0353342
0.0360755
0.0368031
0.0375405
0.03827
0.0390634
0.0398899
0.0407249
0.041566
0.0423679
0.0432078
0.0440836
0.0449527
0.0458819
0.0467544
0.0476752
0.048615
0.0494907
0.0503781
0.0512232
0.0520106
0.0526887
0.0170108
0.0155716
0.0114163
0.00731363
0.00509343
0.00477933
0.00538289
0.00605496
0.00660595
0.00698789
0.00722214
0.007413
0.00760382
0.00783658
0.00818938
0.00867027
0.00909864
0.00932884
0.00953186
0.00986024
0.010127
0.0102504
0.010395
0.0106353
0.010943
0.0112558
0.0115217
0.0117975
0.0121411
0.0124538
0.0127048
0.0130109
0.013371
0.0137197
0.0140878
0.0144975
0.0148768
0.0152054
0.0155508
0.0158979
0.0162192
0.0165675
0.0169176
0.0172594
0.0176403
0.018067
0.0184899
0.018854
0.0192398
0.0196992
0.0201253
0.0205567
0.0210533
0.0215776
0.0220329
0.022367
0.022624
0.0229211
0.0234434
0.0241121
0.0246886
0.0252387
0.0258363
0.0263456
0.0268106
0.0272544
0.0277648
0.0283797
0.0289827
0.0295411
0.0301693
0.0307892
0.0313661
0.0319654
0.0326172
0.0332955
0.033942
0.034624
0.0353346
0.0360758
0.0368033
0.0375407
0.0382701
0.0390635
0.0398901
0.0407252
0.0415662
0.042368
0.0432079
0.0440837
0.0449529
0.0458821
0.0467546
0.0476753
0.0486154
0.049491
0.0503785
0.0512244
0.0520122
0.0526893
0.0165219
0.0152768
0.0115187
0.00764459
0.00541203
0.00493825
0.00542401
0.00608041
0.00665199
0.00703787
0.00725876
0.00743673
0.00762474
0.00786111
0.00821337
0.00868518
0.00910606
0.00933929
0.00954621
0.00987016
0.0101324
0.0102586
0.0104079
0.0106485
0.0109522
0.0112622
0.0115293
0.0118065
0.0121483
0.0124596
0.0127113
0.0130176
0.0133765
0.0137241
0.0140909
0.0144991
0.0148777
0.0152065
0.0155522
0.0158996
0.0162211
0.0165693
0.0169198
0.0172622
0.0176426
0.0180679
0.0184907
0.018856
0.0192418
0.0196999
0.0201256
0.0205571
0.0210532
0.0215766
0.0220324
0.0223676
0.022625
0.0229224
0.0234455
0.0241143
0.0246894
0.0252383
0.025836
0.0263459
0.026811
0.027255
0.0277655
0.0283803
0.0289833
0.0295418
0.03017
0.0307899
0.0313668
0.0319662
0.0326179
0.0332962
0.0339426
0.0346245
0.0353352
0.0360762
0.0368037
0.037541
0.0382703
0.0390636
0.0398902
0.0407254
0.0415665
0.0423682
0.043208
0.0440839
0.0449531
0.0458823
0.0467548
0.0476755
0.0486157
0.0494913
0.050379
0.051226
0.0520142
0.0526901
0.0160669
0.0149794
0.0115948
0.00795637
0.00573006
0.00510888
0.00547071
0.00610437
0.00669662
0.0070896
0.00729863
0.0074636
0.00764834
0.00788785
0.00823864
0.00870005
0.00911244
0.00934847
0.00955971
0.0098797
0.0101376
0.0102666
0.010421
0.0106622
0.0109621
0.011269
0.0115371
0.0118155
0.0121557
0.0124656
0.012718
0.0130245
0.0133822
0.0137288
0.0140941
0.0145007
0.0148786
0.0152076
0.0155534
0.0159012
0.016223
0.0165713
0.0169222
0.0172654
0.0176454
0.0180691
0.0184914
0.0188579
0.019244
0.019701
0.020126
0.0205575
0.0210528
0.0215751
0.022031
0.0223671
0.0226251
0.0229233
0.0234479
0.0241174
0.0246908
0.0252377
0.0258353
0.0263458
0.0268111
0.0272555
0.0277664
0.028381
0.0289839
0.0295426
0.0301706
0.0307905
0.0313675
0.031967
0.0326187
0.0332969
0.0339434
0.0346253
0.0353359
0.0360768
0.0368042
0.0375415
0.0382706
0.0390637
0.0398904
0.0407257
0.0415668
0.0423684
0.0432081
0.044084
0.0449533
0.0458825
0.0467551
0.0476757
0.0486162
0.0494918
0.0503796
0.0512279
0.0520166
0.0526911
0.015644
0.0146826
0.0116438
0.00824665
0.00604654
0.00529287
0.00552517
0.00612734
0.0067391
0.00714248
0.0073419
0.00749417
0.00767527
0.00791757
0.00826595
0.00871543
0.00911812
0.00935665
0.00957256
0.00988903
0.0101427
0.0102746
0.0104344
0.0106767
0.0109729
0.0112766
0.0115452
0.0118247
0.0121632
0.0124717
0.0127248
0.0130315
0.0133883
0.0137338
0.0140977
0.0145024
0.0148796
0.0152087
0.0155547
0.0159028
0.0162249
0.0165733
0.0169247
0.0172688
0.0176484
0.0180705
0.0184921
0.0188598
0.0192463
0.0197023
0.0201266
0.0205579
0.0210522
0.0215733
0.022029
0.0223657
0.022624
0.0229231
0.0234499
0.024121
0.0246929
0.0252372
0.0258339
0.0263449
0.0268107
0.0272557
0.0277673
0.0283818
0.0289845
0.0295433
0.0301713
0.030791
0.0313682
0.031968
0.0326196
0.0332977
0.0339442
0.0346262
0.0353367
0.0360775
0.0368048
0.0375421
0.0382711
0.0390638
0.0398905
0.0407259
0.0415671
0.0423687
0.0432083
0.0440842
0.0449534
0.0458827
0.0467553
0.0476759
0.0486166
0.0494923
0.0503803
0.0512301
0.0520194
0.0526922
0.0152494
0.0143892
0.011667
0.00851433
0.00636044
0.00549115
0.00558923
0.00615004
0.00677893
0.0071959
0.0073885
0.00752868
0.00770581
0.00795057
0.00829569
0.00873172
0.00912356
0.00936434
0.00958528
0.00989857
0.0101479
0.0102828
0.0104482
0.0106919
0.0109847
0.0112851
0.0115538
0.011834
0.012171
0.012478
0.0127318
0.0130389
0.0133949
0.0137395
0.0141016
0.0145043
0.0148807
0.0152099
0.0155561
0.0159046
0.0162269
0.0165753
0.0169274
0.0172723
0.0176517
0.018072
0.0184927
0.0188616
0.0192486
0.0197038
0.0201274
0.0205584
0.0210515
0.021571
0.0220263
0.0223635
0.022622
0.0229217
0.023451
0.0241246
0.0246954
0.0252367
0.025832
0.0263433
0.0268096
0.0272557
0.0277682
0.0283827
0.0289852
0.0295441
0.030172
0.0307915
0.0313688
0.0319689
0.0326205
0.0332986
0.0339451
0.0346273
0.0353378
0.0360782
0.0368055
0.037543
0.0382718
0.039064
0.0398906
0.0407261
0.0415674
0.042369
0.0432085
0.0440843
0.0449536
0.0458829
0.0467556
0.0476761
0.0486171
0.0494929
0.0503811
0.0512326
0.0520226
0.0526935
0.0148793
0.0141016
0.0116673
0.0087585
0.00666969
0.0057034
0.00566465
0.00617385
0.00681606
0.00724919
0.00743807
0.00756702
0.00773982
0.00798668
0.00832784
0.00874913
0.00912916
0.00937205
0.00959838
0.00990875
0.0101536
0.0102912
0.0104624
0.010708
0.0109975
0.0112945
0.011563
0.0118437
0.012179
0.0124846
0.0127391
0.0130466
0.013402
0.0137457
0.014106
0.0145063
0.0148818
0.0152112
0.0155576
0.0159066
0.0162292
0.0165775
0.0169301
0.0172761
0.0176553
0.0180737
0.0184933
0.0188632
0.0192508
0.0197053
0.0201283
0.0205588
0.0210507
0.0215684
0.0220232
0.0223605
0.0226192
0.0229192
0.0234508
0.0241274
0.0246978
0.0252361
0.0258293
0.026341
0.026808
0.0272553
0.0277691
0.0283836
0.0289859
0.0295449
0.0301728
0.0307919
0.0313693
0.0319697
0.0326215
0.0332994
0.033946
0.0346285
0.0353391
0.0360791
0.0368062
0.0375439
0.0382728
0.0390645
0.0398906
0.0407262
0.0415677
0.0423694
0.0432089
0.0440846
0.0449538
0.045883
0.0467559
0.0476762
0.0486175
0.0494935
0.050382
0.0512354
0.0520262
0.052695
0.0145301
0.0138219
0.0116476
0.00897827
0.00697127
0.0059282
0.00575328
0.00620076
0.00685076
0.00730135
0.0074898
0.00760881
0.00777704
0.00802559
0.00836221
0.00876772
0.00913519
0.00938016
0.0096122
0.00991982
0.01016
0.0103002
0.0104773
0.0107247
0.011011
0.0113046
0.0115729
0.0118538
0.0121873
0.0124915
0.0127467
0.0130549
0.0134097
0.0137526
0.014111
0.0145085
0.014883
0.0152125
0.0155593
0.015909
0.0162318
0.0165798
0.0169329
0.0172801
0.0176592
0.0180756
0.018494
0.0188647
0.0192528
0.0197067
0.0201293
0.0205594
0.0210497
0.0215655
0.0220194
0.0223571
0.0226161
0.0229162
0.0234494
0.0241291
0.0246998
0.0252356
0.025826
0.0263379
0.026806
0.0272547
0.0277699
0.0283846
0.0289866
0.0295458
0.0301736
0.0307924
0.0313698
0.0319705
0.0326224
0.0333002
0.0339468
0.0346296
0.0353405
0.03608
0.0368068
0.0375448
0.038274
0.0390651
0.0398906
0.0407262
0.0415679
0.0423698
0.0432093
0.0440849
0.044954
0.0458831
0.0467562
0.0476763
0.0486179
0.0494942
0.050383
0.0512385
0.0520301
0.0526966
0.0141993
0.0135516
0.0116115
0.00917315
0.00726185
0.00616323
0.00585695
0.00623294
0.00688326
0.00735127
0.00754268
0.00765369
0.00781735
0.0080671
0.00839854
0.0087874
0.00914176
0.00938889
0.00962695
0.00993187
0.0101672
0.0103097
0.0104927
0.010742
0.011025
0.0113151
0.0115833
0.0118644
0.0121961
0.0124987
0.0127547
0.0130636
0.0134179
0.01376
0.0141164
0.014511
0.0148843
0.015214
0.0155612
0.0159116
0.0162348
0.0165823
0.0169358
0.0172842
0.0176634
0.0180778
0.0184947
0.0188661
0.0192549
0.019708
0.0201303
0.0205602
0.0210488
0.0215625
0.0220152
0.0223532
0.0226127
0.0229136
0.0234475
0.0241295
0.0247015
0.0252351
0.0258223
0.0263343
0.0268038
0.0272543
0.0277708
0.0283856
0.0289874
0.0295466
0.0301744
0.0307929
0.0313704
0.0319714
0.0326234
0.033301
0.0339476
0.0346307
0.0353419
0.0360811
0.0368074
0.0375457
0.0382753
0.0390661
0.0398907
0.0407261
0.0415679
0.0423702
0.0432098
0.0440853
0.0449543
0.0458832
0.0467566
0.0476765
0.0486183
0.0494948
0.0503841
0.0512419
0.0520342
0.0526983
0.0138852
0.0132915
0.0115619
0.00934347
0.00753854
0.00640541
0.00597688
0.00627238
0.00691415
0.00739823
0.00759589
0.00770131
0.00786062
0.00811103
0.0084366
0.0088081
0.00914898
0.0093984
0.00964272
0.00994493
0.010175
0.0103198
0.0105086
0.0107598
0.0110394
0.0113259
0.011594
0.0118757
0.0122055
0.0125064
0.0127631
0.0130729
0.0134266
0.0137679
0.0141222
0.0145137
0.0148856
0.0152156
0.0155633
0.0159144
0.0162379
0.0165848
0.0169387
0.0172885
0.0176679
0.0180802
0.0184955
0.0188676
0.019257
0.0197092
0.0201315
0.0205612
0.0210478
0.0215593
0.0220106
0.0223493
0.0226107
0.0229126
0.023446
0.0241292
0.0247029
0.025235
0.0258186
0.0263305
0.0268018
0.0272544
0.0277719
0.0283866
0.0289882
0.0295475
0.0301752
0.0307935
0.0313711
0.0319724
0.0326245
0.0333019
0.0339484
0.0346318
0.0353433
0.0360822
0.0368079
0.0375464
0.0382764
0.0390672
0.0398907
0.040726
0.0415679
0.0423706
0.0432104
0.0440858
0.0449545
0.0458831
0.046757
0.0476768
0.0486186
0.0494954
0.0503854
0.0512455
0.0520386
0.0527001
0.0135867
0.0130415
0.0115016
0.00949066
0.0077989
0.00665086
0.00611317
0.00632123
0.00694489
0.00744205
0.00764851
0.00775108
0.0079067
0.00815732
0.00847631
0.00882984
0.00915702
0.00940887
0.00965963
0.009959
0.0101836
0.0103304
0.0105251
0.0107782
0.0110543
0.0113369
0.011605
0.0118876
0.0122154
0.0125145
0.0127721
0.0130828
0.0134358
0.0137762
0.0141283
0.0145166
0.0148872
0.0152173
0.0155654
0.0159173
0.0162412
0.0165875
0.0169417
0.017293
0.0176726
0.0180828
0.0184965
0.0188693
0.0192594
0.0197106
0.0201328
0.0205625
0.021047
0.021556
0.0220058
0.0223454
0.0226103
0.022914
0.0234459
0.0241286
0.0247041
0.0252352
0.0258151
0.0263267
0.0268002
0.0272551
0.0277735
0.0283876
0.028989
0.0295485
0.0301759
0.030794
0.0313719
0.0319736
0.0326257
0.0333028
0.0339493
0.0346328
0.0353445
0.0360833
0.0368085
0.037547
0.0382774
0.0390685
0.0398907
0.0407257
0.0415678
0.0423709
0.043211
0.0440864
0.0449548
0.045883
0.0467573
0.0476771
0.0486189
0.049496
0.0503866
0.0512494
0.0520433
0.0527021
0.0133034
0.0128009
0.0114332
0.00961685
0.00804063
0.00689534
0.0062652
0.00638184
0.00697751
0.00748282
0.00769948
0.00780221
0.00795552
0.00820616
0.00851779
0.0088527
0.00916602
0.00942045
0.00967777
0.00997416
0.0101929
0.0103415
0.0105422
0.0107972
0.0110696
0.0113482
0.0116163
0.0119002
0.0122261
0.012523
0.0127814
0.0130931
0.0134454
0.0137847
0.0141347
0.0145198
0.0148888
0.0152191
0.0155678
0.0159204
0.0162445
0.0165902
0.0169447
0.0172975
0.0176775
0.0180855
0.0184976
0.0188712
0.0192621
0.0197122
0.0201344
0.0205642
0.0210463
0.0215527
0.0220008
0.0223419
0.0226118
0.0229186
0.0234481
0.0241281
0.0247052
0.0252357
0.0258122
0.0263232
0.0267992
0.0272567
0.0277757
0.0283887
0.0289898
0.0295496
0.0301765
0.0307943
0.0313728
0.0319751
0.0326269
0.0333038
0.0339503
0.034634
0.0353456
0.0360842
0.036809
0.0375475
0.0382784
0.0390699
0.0398908
0.0407255
0.0415676
0.0423712
0.0432116
0.044087
0.0449551
0.0458829
0.0467577
0.0476774
0.0486191
0.0494966
0.050388
0.0512533
0.0520482
0.0527042
0.0130348
0.0125688
0.011359
0.00972437
0.00826191
0.00713503
0.00643184
0.00645615
0.00701397
0.00752089
0.0077479
0.00785392
0.00800694
0.00825774
0.00856129
0.00887689
0.00917614
0.00943327
0.00969725
0.00999045
0.010203
0.0103531
0.0105599
0.010817
0.0110856
0.0113598
0.011628
0.0119135
0.0122374
0.012532
0.0127912
0.0131039
0.0134555
0.0137936
0.0141414
0.0145232
0.0148907
0.0152212
0.0155703
0.0159237
0.016248
0.0165929
0.0169478
0.0173022
0.0176825
0.0180883
0.0184987
0.0188735
0.0192652
0.019714
0.0201363
0.0205661
0.0210457
0.0215493
0.0219958
0.0223388
0.0226152
0.0229265
0.023453
0.0241282
0.0247063
0.0252364
0.0258097
0.02632
0.0267987
0.0272593
0.0277786
0.0283899
0.0289906
0.0295508
0.030177
0.0307945
0.0313738
0.0319768
0.0326283
0.0333048
0.0339516
0.0346354
0.0353467
0.036085
0.0368096
0.0375479
0.0382795
0.0390713
0.0398908
0.0407252
0.0415674
0.0423715
0.0432122
0.0440877
0.0449555
0.0458827
0.0467581
0.0476778
0.0486194
0.0494973
0.0503895
0.0512574
0.0520533
0.0527065
0.0127813
0.0123442
0.0112803
0.00981601
0.00846232
0.00736656
0.0066109
0.00654556
0.00705624
0.00755724
0.00779324
0.00790525
0.00806054
0.00831214
0.00860704
0.00890265
0.00918756
0.00944739
0.00971804
0.0100079
0.010214
0.0103653
0.0105783
0.0108375
0.0111023
0.0113719
0.0116403
0.0119275
0.0122493
0.0125414
0.0128014
0.0131151
0.0134658
0.0138027
0.0141483
0.014527
0.0148928
0.0152236
0.015573
0.0159272
0.0162516
0.0165957
0.016951
0.0173071
0.0176877
0.0180911
0.0184999
0.0188762
0.0192687
0.019716
0.0201383
0.0205682
0.0210454
0.0215459
0.0219907
0.0223362
0.0226203
0.0229374
0.0234606
0.0241289
0.0247072
0.0252371
0.0258076
0.0263172
0.0267987
0.0272623
0.0277821
0.0283913
0.0289914
0.0295522
0.0301776
0.0307945
0.0313749
0.0319788
0.0326298
0.0333057
0.0339529
0.0346371
0.0353478
0.0360858
0.0368103
0.0375482
0.0382808
0.0390727
0.0398909
0.0407249
0.0415673
0.0423718
0.0432129
0.0440884
0.0449559
0.0458825
0.0467585
0.047678
0.0486197
0.049498
0.0503911
0.0512615
0.0520586
0.0527089
0.0125447
0.0121256
0.0111959
0.00989526
0.00864327
0.00758655
0.00679901
0.00665088
0.00710646
0.00759337
0.00783524
0.00795509
0.00811567
0.00836937
0.00865526
0.00893019
0.00920039
0.00946278
0.00974011
0.0100264
0.0102258
0.0103781
0.0105973
0.010859
0.0111198
0.0113845
0.0116531
0.0119423
0.0122619
0.0125512
0.012812
0.0131267
0.0134765
0.0138121
0.0141556
0.014531
0.0148951
0.0152261
0.015576
0.015931
0.0162554
0.0165986
0.0169544
0.0173123
0.0176929
0.0180938
0.0185011
0.018879
0.0192726
0.0197183
0.0201405
0.0205703
0.0210453
0.0215426
0.0219856
0.0223339
0.0226267
0.0229507
0.0234704
0.0241302
0.0247077
0.0252376
0.0258056
0.0263145
0.0267988
0.0272657
0.027786
0.0283928
0.0289923
0.0295536
0.0301781
0.0307945
0.0313761
0.031981
0.0326314
0.0333067
0.0339545
0.0346389
0.035349
0.0360866
0.036811
0.0375486
0.0382824
0.0390742
0.0398912
0.0407246
0.0415671
0.0423721
0.0432136
0.0440891
0.0449564
0.0458822
0.046759
0.0476783
0.0486201
0.0494989
0.0503929
0.0512657
0.052064
0.0527116
0.012328
0.0119132
0.0111032
0.00996501
0.00880754
0.0077918
0.00699191
0.00677256
0.00716655
0.00763082
0.00787405
0.00800254
0.00817157
0.00842928
0.00870609
0.00895978
0.00921483
0.00947941
0.00976332
0.010046
0.0102385
0.0103915
0.010617
0.0108815
0.0111381
0.0113977
0.0116665
0.0119578
0.0122751
0.0125615
0.0128229
0.0131386
0.0134875
0.0138218
0.0141632
0.0145353
0.0148976
0.0152289
0.0155793
0.015935
0.0162594
0.0166015
0.016958
0.0173178
0.0176983
0.0180966
0.0185023
0.0188821
0.0192767
0.0197207
0.0201426
0.0205725
0.0210454
0.0215393
0.0219805
0.0223321
0.022634
0.0229655
0.0234818
0.024132
0.0247079
0.0252379
0.0258036
0.026312
0.0267991
0.0272693
0.0277904
0.0283946
0.0289931
0.0295552
0.0301788
0.0307945
0.0313773
0.0319832
0.0326331
0.0333077
0.0339561
0.0346409
0.0353504
0.0360875
0.0368118
0.0375491
0.0382842
0.0390757
0.0398917
0.0407244
0.0415668
0.0423723
0.0432144
0.0440898
0.0449568
0.045882
0.0467594
0.0476785
0.0486205
0.0495
0.0503949
0.05127
0.0520697
0.0527144
0.0121333
0.0117111
0.0109995
0.0100257
0.00895917
0.00798017
0.00718453
0.00691041
0.00723829
0.00767106
0.00791054
0.0080471
0.00822724
0.0084914
0.00875945
0.00899162
0.00923123
0.00949745
0.00978758
0.0100667
0.0102521
0.0104056
0.0106375
0.0109049
0.0111573
0.0114114
0.0116806
0.0119741
0.0122889
0.0125722
0.0128341
0.0131509
0.0134989
0.0138319
0.0141712
0.0145399
0.0149003
0.015232
0.0155828
0.0159394
0.0162638
0.0166046
0.0169617
0.0173236
0.0177038
0.0180994
0.0185036
0.0188855
0.0192811
0.0197233
0.0201447
0.0205746
0.0210457
0.0215361
0.0219755
0.0223305
0.0226418
0.0229812
0.0234942
0.0241343
0.0247077
0.0252379
0.0258016
0.0263095
0.0267994
0.027273
0.0277949
0.0283964
0.0289941
0.0295568
0.0301795
0.0307945
0.0313786
0.0319856
0.0326349
0.0333088
0.0339579
0.0346431
0.0353518
0.0360884
0.0368126
0.0375499
0.0382863
0.0390773
0.0398924
0.0407242
0.0415666
0.0423727
0.0432153
0.0440905
0.0449574
0.045882
0.04676
0.0476787
0.0486209
0.0495013
0.0503972
0.0512744
0.0520756
0.0527175
0.0119584
0.0115266
0.0108834
0.010074
0.00910296
0.00815169
0.00737085
0.00706307
0.00732383
0.00771549
0.00794582
0.00808865
0.00828165
0.00855498
0.0088152
0.00902586
0.00924988
0.00951703
0.00981289
0.0100884
0.0102665
0.0104203
0.0106587
0.0109293
0.0111773
0.0114257
0.0116953
0.0119912
0.0123035
0.0125834
0.0128456
0.0131635
0.0135106
0.0138422
0.0141796
0.0145449
0.0149033
0.0152353
0.0155866
0.0159439
0.0162684
0.0166079
0.0169655
0.0173297
0.0177094
0.0181022
0.018505
0.018889
0.0192857
0.0197259
0.0201469
0.0205767
0.0210461
0.021533
0.0219705
0.0223292
0.0226498
0.0229971
0.0235069
0.0241368
0.0247074
0.0252378
0.0257995
0.0263071
0.0267996
0.0272767
0.0277996
0.0283984
0.0289951
0.0295585
0.0301802
0.0307945
0.03138
0.031988
0.0326369
0.0333099
0.0339597
0.0346453
0.0353533
0.0360895
0.0368134
0.0375509
0.0382886
0.039079
0.0398932
0.040724
0.0415663
0.0423731
0.0432162
0.0440912
0.0449579
0.0458819
0.0467606
0.0476791
0.0486213
0.0495028
0.0503998
0.051279
0.0520817
0.0527208
0.0117969
0.0113668
0.0107582
0.0101047
0.00924252
0.00830902
0.00754479
0.00722725
0.00742556
0.00776564
0.00798074
0.00812756
0.00833406
0.0086192
0.00887314
0.00906261
0.00927101
0.00953833
0.00983917
0.010111
0.0102818
0.0104356
0.0106806
0.0109548
0.0111982
0.0114406
0.0117106
0.0120092
0.0123188
0.0125951
0.0128577
0.0131765
0.0135227
0.0138529
0.0141884
0.0145503
0.0149066
0.015239
0.0155908
0.0159486
0.0162733
0.0166113
0.0169695
0.017336
0.0177152
0.0181051
0.0185066
0.0188927
0.0192905
0.0197286
0.0201489
0.0205788
0.0210466
0.02153
0.0219656
0.0223281
0.0226579
0.0230131
0.0235198
0.0241396
0.024707
0.0252376
0.0257973
0.0263047
0.0267999
0.0272803
0.0278043
0.0284005
0.0289961
0.0295603
0.0301811
0.0307946
0.0313815
0.0319905
0.0326389
0.0333111
0.0339616
0.0346476
0.0353549
0.0360907
0.0368143
0.0375522
0.0382909
0.0390809
0.0398942
0.0407238
0.0415659
0.0423735
0.0432172
0.044092
0.0449585
0.045882
0.0467613
0.0476795
0.0486217
0.0495049
0.0504026
0.0512838
0.0520881
0.0527244
0.01164
0.0112351
0.0106318
0.0101128
0.00937782
0.00845784
0.00770254
0.00739683
0.0075451
0.00782366
0.00801586
0.00816488
0.0083842
0.00868284
0.00893284
0.00910198
0.00929477
0.00956164
0.00986662
0.0101346
0.0102979
0.0104515
0.0107032
0.0109813
0.0112201
0.0114559
0.0117265
0.012028
0.0123349
0.0126073
0.0128701
0.0131901
0.0135353
0.013864
0.0141976
0.014556
0.0149102
0.015243
0.0155952
0.0159536
0.0162784
0.0166149
0.0169736
0.0173426
0.0177212
0.0181081
0.0185083
0.0188967
0.0192955
0.0197314
0.020151
0.020581
0.0210472
0.0215271
0.0219608
0.0223273
0.022666
0.023029
0.0235325
0.0241425
0.0247066
0.0252373
0.025795
0.0263024
0.0268002
0.027284
0.027809
0.0284027
0.0289972
0.0295621
0.0301821
0.0307948
0.0313829
0.031993
0.032641
0.0333124
0.0339636
0.03465
0.0353566
0.0360919
0.0368152
0.0375538
0.0382934
0.0390829
0.0398953
0.0407237
0.0415657
0.0423741
0.0432183
0.0440928
0.0449591
0.0458821
0.0467621
0.04768
0.0486221
0.0495073
0.0504056
0.0512887
0.0520947
0.0527282
0.0114792
0.0111297
0.0105143
0.0100954
0.0095033
0.00860538
0.00784501
0.00756351
0.00768206
0.00789266
0.00805162
0.00820165
0.00843261
0.00874467
0.00899348
0.009144
0.00932119
0.00958708
0.00989555
0.0101594
0.0103149
0.0104679
0.0107264
0.0110087
0.0112429
0.011472
0.011743
0.0120477
0.0123518
0.01262
0.0128829
0.0132041
0.0135483
0.0138755
0.0142072
0.0145622
0.0149141
0.0152473
0.0156
0.0159588
0.0162838
0.0166187
0.0169778
0.0173494
0.0177274
0.0181113
0.0185101
0.0189009
0.0193008
0.0197343
0.020153
0.0205831
0.0210479
0.0215243
0.0219562
0.0223267
0.0226741
0.0230446
0.0235451
0.0241456
0.0247063
0.025237
0.0257927
0.0263002
0.0268005
0.0272876
0.0278138
0.028405
0.0289984
0.029564
0.0301831
0.030795
0.0313844
0.0319956
0.0326432
0.0333138
0.0339657
0.0346525
0.0353583
0.0360932
0.0368162
0.0375555
0.0382959
0.0390851
0.0398965
0.0407236
0.0415655
0.0423747
0.0432194
0.0440937
0.0449598
0.0458823
0.0467629
0.0476805
0.0486226
0.0495094
0.0504089
0.0512938
0.0521016
0.0527323
0.0113084
0.011045
0.0104163
0.0100553
0.00961005
0.00875572
0.0079763
0.00771947
0.00783313
0.00797629
0.00808911
0.0082383
0.00848045
0.00880391
0.00905386
0.00918867
0.0093504
0.00961476
0.00992629
0.0101854
0.0103327
0.010485
0.0107503
0.0110371
0.0112667
0.0114887
0.0117601
0.0120683
0.0123698
0.0126334
0.0128964
0.0132186
0.0135617
0.0138874
0.0142172
0.014569
0.0149185
0.0152519
0.0156051
0.0159643
0.0162895
0.0166227
0.0169821
0.0173564
0.017734
0.0181147
0.018512
0.0189052
0.0193062
0.0197372
0.020155
0.0205853
0.0210486
0.0215217
0.0219517
0.0223264
0.0226822
0.0230598
0.0235574
0.0241489
0.0247061
0.0252367
0.0257904
0.026298
0.0268008
0.0272912
0.0278186
0.0284074
0.0289996
0.0295659
0.0301842
0.0307953
0.031386
0.0319982
0.0326455
0.0333152
0.033968
0.034655
0.0353601
0.0360946
0.0368172
0.0375573
0.0382985
0.0390874
0.0398978
0.0407236
0.0415653
0.0423754
0.0432205
0.0440947
0.0449605
0.0458825
0.0467638
0.0476812
0.048623
0.0495117
0.0504124
0.0512991
0.0521088
0.0527367
0.0111232
0.0109719
0.0103456
0.0100014
0.00969112
0.00890684
0.00810265
0.00786087
0.00799149
0.00807686
0.00813083
0.00827462
0.00852929
0.00886075
0.00911242
0.00923557
0.00938238
0.00964456
0.00995929
0.0102131
0.0103515
0.0105028
0.0107749
0.0110663
0.0112915
0.0115061
0.0117777
0.0120899
0.0123888
0.0126474
0.0129103
0.0132336
0.0135758
0.0138998
0.0142277
0.0145761
0.0149233
0.0152569
0.0156107
0.0159701
0.0162954
0.0166269
0.0169865
0.0173635
0.0177409
0.0181183
0.0185141
0.0189097
0.0193118
0.0197402
0.020157
0.0205875
0.0210494
0.0215191
0.0219475
0.0223264
0.0226903
0.0230748
0.0235694
0.0241524
0.0247061
0.0252364
0.0257881
0.026296
0.0268011
0.0272947
0.0278234
0.0284098
0.0290009
0.029568
0.0301854
0.0307957
0.0313875
0.0320009
0.0326478
0.0333167
0.0339703
0.0346576
0.0353619
0.0360962
0.0368184
0.0375592
0.0383011
0.0390898
0.0398992
0.0407237
0.0415653
0.0423762
0.0432217
0.0440957
0.0449613
0.0458827
0.0467647
0.047682
0.0486236
0.0495141
0.050416
0.0513046
0.0521163
0.0527414
0.0109211
0.0108991
0.0103034
0.00994451
0.00974363
0.00905188
0.00823034
0.00798989
0.00814901
0.0081937
0.0081802
0.00831049
0.00857995
0.00891647
0.0091682
0.00928399
0.00941717
0.00967599
0.00999432
0.010243
0.0103716
0.0105214
0.0108003
0.0110963
0.011317
0.0115243
0.011796
0.0121125
0.0124088
0.0126622
0.0129248
0.0132492
0.0135903
0.0139128
0.0142387
0.0145838
0.0149285
0.0152621
0.0156165
0.0159763
0.0163017
0.0166314
0.016991
0.0173709
0.0177481
0.0181221
0.0185162
0.0189143
0.0193177
0.0197433
0.0201589
0.0205898
0.0210502
0.0215167
0.0219434
0.0223266
0.0226983
0.0230893
0.0235812
0.024156
0.0247063
0.0252362
0.0257859
0.0262941
0.0268015
0.0272982
0.0278282
0.0284123
0.0290022
0.0295701
0.0301867
0.0307962
0.0313892
0.0320037
0.0326503
0.0333184
0.0339727
0.0346602
0.0353638
0.0360977
0.0368197
0.0375612
0.0383038
0.0390923
0.0399007
0.0407238
0.0415654
0.0423771
0.0432228
0.0440967
0.0449621
0.0458829
0.0467657
0.0476828
0.0486242
0.0495166
0.0504199
0.0513102
0.0521241
0.0527464
0.0107055
0.0108154
0.0102855
0.00989544
0.00977011
0.00918343
0.0083601
0.00811034
0.00830089
0.00832309
0.00824015
0.00834706
0.00863207
0.00897247
0.00922078
0.00933278
0.00945519
0.00970927
0.0100312
0.0102751
0.0103929
0.0105408
0.0108266
0.0111274
0.0113435
0.0115432
0.011815
0.012136
0.0124299
0.0126776
0.0129398
0.0132654
0.0136054
0.0139262
0.0142501
0.014592
0.0149344
0.0152679
0.0156227
0.0159828
0.0163082
0.016636
0.0169956
0.0173784
0.0177558
0.0181263
0.0185184
0.0189191
0.0193237
0.0197464
0.0201608
0.0205921
0.0210512
0.0215145
0.0219397
0.0223271
0.0227063
0.0231035
0.0235927
0.0241598
0.0247067
0.0252359
0.0257837
0.0262924
0.0268019
0.0273016
0.0278331
0.028415
0.0290036
0.0295722
0.030188
0.0307968
0.0313909
0.0320065
0.0326528
0.0333201
0.0339752
0.0346629
0.0353658
0.0360994
0.036821
0.0375632
0.0383065
0.0390949
0.0399022
0.0407241
0.0415656
0.0423779
0.043224
0.0440978
0.0449629
0.0458832
0.0467667
0.0476837
0.0486249
0.0495193
0.0504239
0.0513159
0.0521322
0.0527519
0.010485
0.0107118
0.0102835
0.00986164
0.00977675
0.00929861
0.00848795
0.00822469
0.00844722
0.00846021
0.00831131
0.0083866
0.00868562
0.00903021
0.00927053
0.0093798
0.00949586
0.00974486
0.0100701
0.01031
0.010416
0.010561
0.0108537
0.0111592
0.0113707
0.0115628
0.0118348
0.0121607
0.0124523
0.0126937
0.0129552
0.0132822
0.0136211
0.0139403
0.014262
0.0146006
0.0149405
0.015274
0.0156295
0.0159899
0.0163152
0.016641
0.0170002
0.0173859
0.0177638
0.0181307
0.0185208
0.0189242
0.0193301
0.0197496
0.0201627
0.0205945
0.0210523
0.0215124
0.0219362
0.0223279
0.0227143
0.0231171
0.0236039
0.0241637
0.0247074
0.0252358
0.0257817
0.0262908
0.0268024
0.027305
0.0278379
0.0284176
0.0290051
0.0295744
0.0301895
0.0307975
0.0313927
0.0320094
0.0326555
0.033322
0.0339778
0.0346657
0.0353677
0.0361012
0.0368224
0.0375653
0.0383094
0.0390976
0.0399038
0.0407244
0.0415658
0.0423788
0.0432252
0.0440989
0.0449638
0.0458835
0.0467678
0.0476848
0.0486256
0.0495222
0.0504282
0.0513218
0.0521406
0.0527576
0.0102728
0.0105855
0.0102856
0.00984364
0.00976954
0.00939859
0.00861151
0.0083312
0.00858907
0.00860367
0.00839202
0.00842991
0.00874112
0.00909089
0.009319
0.00942373
0.00953807
0.00978325
0.0101103
0.0103471
0.0104416
0.0105826
0.010882
0.0111922
0.0113988
0.0115828
0.011855
0.0121864
0.012476
0.0127107
0.0129713
0.0132996
0.0136374
0.0139549
0.0142745
0.0146098
0.0149473
0.0152805
0.0156364
0.0159973
0.0163224
0.0166464
0.0170052
0.0173938
0.0177723
0.0181354
0.0185231
0.0189292
0.0193366
0.0197529
0.0201645
0.0205971
0.0210536
0.0215104
0.0219331
0.022329
0.0227221
0.0231303
0.0236148
0.0241677
0.0247083
0.0252358
0.0257798
0.0262894
0.026803
0.0273083
0.0278427
0.0284204
0.0290067
0.0295767
0.030191
0.0307984
0.0313945
0.0320124
0.0326582
0.033324
0.0339804
0.0346685
0.0353698
0.0361031
0.036824
0.0375674
0.0383123
0.0391004
0.0399055
0.0407248
0.0415661
0.0423797
0.0432264
0.0441
0.0449648
0.0458839
0.0467689
0.0476859
0.0486264
0.0495252
0.0504327
0.0513278
0.0521492
0.0527638
0.0100825
0.010444
0.0102806
0.00983794
0.00975136
0.00948541
0.00873327
0.00842537
0.00872376
0.00875647
0.00848142
0.00847562
0.00879903
0.00915573
0.00936762
0.00946344
0.00958016
0.0098255
0.0101524
0.0103857
0.0104697
0.0106057
0.0109111
0.0112265
0.0114281
0.0116034
0.0118756
0.0122131
0.0125009
0.0127285
0.0129877
0.0133176
0.0136544
0.0139701
0.0142876
0.0146195
0.0149547
0.0152877
0.015644
0.0160052
0.01633
0.0166518
0.0170101
0.0174018
0.0177812
0.0181407
0.0185257
0.0189344
0.0193434
0.0197564
0.0201663
0.0205996
0.0210551
0.0215087
0.0219303
0.0223303
0.0227299
0.0231431
0.0236255
0.0241719
0.0247093
0.0252359
0.0257781
0.0262881
0.0268036
0.0273116
0.0278475
0.0284232
0.0290083
0.029579
0.0301926
0.0307993
0.0313965
0.0320154
0.032661
0.0333261
0.0339832
0.0346714
0.0353719
0.0361051
0.0368256
0.0375696
0.0383152
0.0391032
0.0399073
0.0407254
0.0415665
0.0423807
0.0432276
0.0441011
0.0449659
0.0458843
0.0467701
0.0476872
0.0486273
0.0495283
0.0504375
0.051334
0.0521582
0.0527704
0.00992287
0.0102985
0.0102611
0.00983956
0.00972216
0.00955897
0.00885994
0.00850719
0.00884263
0.0089199
0.00858265
0.00852053
0.00885795
0.00922737
0.00941921
0.00949856
0.00961927
0.00987136
0.0101975
0.010425
0.0105
0.0106311
0.0109412
0.0112621
0.0114585
0.0116244
0.0118966
0.0122409
0.0125274
0.0127473
0.0130047
0.0133361
0.0136719
0.0139859
0.0143013
0.0146298
0.0149626
0.0152953
0.0156519
0.0160137
0.0163383
0.0166577
0.0170153
0.0174099
0.0177903
0.018146
0.0185282
0.0189397
0.0193506
0.0197601
0.0201682
0.0206023
0.0210569
0.0215072
0.0219278
0.022332
0.0227376
0.0231554
0.023636
0.0241762
0.0247106
0.025236
0.0257766
0.026287
0.0268042
0.0273148
0.0278523
0.0284261
0.0290099
0.0295814
0.0301943
0.0308004
0.0313986
0.0320185
0.032664
0.0333284
0.0339861
0.0346743
0.0353741
0.0361071
0.0368273
0.0375718
0.0383183
0.0391061
0.0399091
0.040726
0.0415669
0.0423816
0.0432288
0.0441023
0.044967
0.0458847
0.0467713
0.0476887
0.0486284
0.0495316
0.0504426
0.0513404
0.0521674
0.0527773
0.00979894
0.0101613
0.0102243
0.00984187
0.00968048
0.00961329
0.00899756
0.00858517
0.00893698
0.0090909
0.00870323
0.00856203
0.00891252
0.00930714
0.00947758
0.00953039
0.00965332
0.00992002
0.0102474
0.0104645
0.010531
0.0106592
0.0109728
0.0112988
0.0114907
0.0116459
0.0119176
0.0122695
0.0125553
0.0127671
0.0130221
0.0133552
0.0136903
0.0140023
0.0143155
0.0146406
0.014971
0.0153035
0.0156602
0.0160224
0.0163469
0.0166639
0.0170207
0.0174184
0.0178001
0.018152
0.0185309
0.018945
0.0193579
0.0197639
0.0201699
0.0206051
0.0210589
0.021506
0.0219256
0.0223339
0.0227452
0.0231672
0.0236462
0.0241806
0.0247121
0.0252364
0.0257753
0.0262861
0.0268049
0.027318
0.0278571
0.028429
0.0290117
0.0295839
0.0301961
0.0308015
0.0314007
0.0320216
0.032667
0.0333307
0.033989
0.0346773
0.0353763
0.0361094
0.0368291
0.037574
0.0383214
0.039109
0.0399109
0.0407268
0.0415674
0.0423826
0.0432301
0.0441036
0.0449682
0.0458851
0.0467725
0.0476902
0.0486295
0.0495351
0.0504479
0.0513469
0.052177
0.0527848
0.00971181
0.0100459
0.0101708
0.00983915
0.0096267
0.00963979
0.00914575
0.0086721
0.00900256
0.00925867
0.00885046
0.00860519
0.00895609
0.00939248
0.00954654
0.00956116
0.00968001
0.00996883
0.010304
0.0105062
0.0105614
0.0106898
0.0110066
0.0113365
0.0115245
0.0116683
0.0119384
0.0122989
0.0125848
0.0127881
0.01304
0.0133748
0.0137094
0.0140194
0.0143305
0.0146521
0.01498
0.0153122
0.015669
0.0160318
0.0163562
0.0166704
0.0170261
0.0174268
0.01781
0.0181583
0.0185339
0.0189506
0.0193658
0.0197682
0.0201716
0.0206079
0.0210612
0.021505
0.0219239
0.0223363
0.0227528
0.0231787
0.0236562
0.0241852
0.0247138
0.0252368
0.0257742
0.0262854
0.0268057
0.0273211
0.0278619
0.0284319
0.0290135
0.0295865
0.030198
0.0308028
0.0314029
0.0320249
0.0326701
0.0333332
0.0339921
0.0346805
0.0353787
0.0361117
0.036831
0.0375764
0.0383247
0.0391119
0.0399128
0.0407276
0.0415679
0.0423837
0.0432314
0.0441049
0.0449695
0.0458857
0.0467738
0.0476919
0.0486307
0.0495387
0.0504536
0.0513536
0.0521867
0.0527927
0.00965658
0.00996389
0.0101023
0.00982458
0.00956302
0.00963184
0.00929663
0.0087818
0.00904361
0.00940797
0.00902499
0.00866147
0.00898498
0.00947713
0.00962921
0.00959624
0.00969917
0.0100133
0.0103669
0.0105527
0.01059
0.0107209
0.011044
0.011376
0.0115599
0.011692
0.0119589
0.0123287
0.012616
0.0128102
0.0130584
0.013395
0.0137293
0.014037
0.014346
0.0146643
0.0149898
0.0153217
0.0156783
0.0160416
0.016366
0.0166775
0.0170318
0.0174356
0.0178204
0.0181649
0.0185368
0.0189559
0.0193737
0.0197726
0.0201734
0.020611
0.0210639
0.0215044
0.0219225
0.0223388
0.0227603
0.0231897
0.023666
0.02419
0.0247157
0.0252375
0.0257734
0.026285
0.0268065
0.0273242
0.0278667
0.0284349
0.0290153
0.0295892
0.0302001
0.0308042
0.0314053
0.0320282
0.0326734
0.0333357
0.0339952
0.0346836
0.0353811
0.0361141
0.036833
0.0375788
0.038328
0.0391148
0.0399146
0.0407285
0.0415685
0.0423847
0.0432327
0.0441062
0.0449708
0.0458862
0.0467751
0.0476938
0.0486321
0.0495425
0.0504595
0.0513604
0.0521968
0.052801
0.00962693
0.00992294
0.0100232
0.00979049
0.00949365
0.00958617
0.00943567
0.00892446
0.00907385
0.00952229
0.00921509
0.00874289
0.00900301
0.00955218
0.00972327
0.00964205
0.00971431
0.0100497
0.0104335
0.0106079
0.0106179
0.0107491
0.0110846
0.0114188
0.0115963
0.011717
0.0119796
0.0123586
0.0126488
0.0128338
0.0130772
0.0134157
0.01375
0.0140556
0.0143622
0.0146771
0.015
0.0153317
0.0156881
0.0160518
0.0163764
0.0166848
0.0170376
0.0174446
0.0178313
0.0181723
0.0185402
0.0189616
0.0193822
0.0197773
0.020175
0.0206139
0.0210668
0.0215041
0.0219215
0.0223417
0.0227677
0.0232002
0.0236755
0.024195
0.0247177
0.0252382
0.0257729
0.0262847
0.0268074
0.0273272
0.0278715
0.028438
0.0290172
0.0295919
0.0302023
0.0308057
0.0314077
0.0320316
0.0326767
0.0333384
0.0339984
0.0346869
0.0353836
0.0361167
0.0368351
0.0375814
0.0383314
0.0391176
0.0399165
0.0407296
0.0415692
0.0423859
0.043234
0.0441076
0.0449723
0.0458869
0.0467764
0.0476959
0.0486337
0.0495465
0.0504659
0.0513675
0.052207
0.0528099
0.00962044
0.0099181
0.0099456
0.00973627
0.00942553
0.00950863
0.00954453
0.00910346
0.00911293
0.00959028
0.00940117
0.00885646
0.00902184
0.00961088
0.00982102
0.00970256
0.0097317
0.0100751
0.0104977
0.0106741
0.0106494
0.0107715
0.0111261
0.0114674
0.0116345
0.0117423
0.0120008
0.0123885
0.012683
0.0128591
0.0130966
0.0134368
0.0137715
0.0140749
0.0143789
0.0146907
0.0150112
0.0153426
0.0156984
0.0160624
0.0163875
0.0166929
0.0170436
0.0174536
0.0178425
0.0181798
0.0185436
0.0189672
0.019391
0.0197826
0.0201768
0.0206171
0.0210702
0.0215041
0.0219209
0.0223449
0.0227752
0.0232105
0.0236848
0.0242001
0.0247201
0.0252392
0.0257727
0.0262848
0.0268084
0.0273303
0.0278764
0.0284411
0.0290192
0.0295948
0.0302047
0.0308074
0.0314102
0.0320351
0.0326802
0.0333411
0.0340017
0.0346903
0.0353862
0.0361194
0.0368373
0.037584
0.0383349
0.0391206
0.0399185
0.0407307
0.04157
0.0423871
0.0432355
0.044109
0.0449738
0.0458877
0.0467779
0.0476981
0.0486354
0.0495506
0.0504725
0.0513747
0.0522175
0.0528192
0.0095435
0.00990741
0.00990577
0.00969856
0.00938933
0.00941982
0.00960743
0.00931171
0.00918492
0.00961646
0.00956099
0.0089984
0.00905411
0.00965556
0.00991368
0.00977608
0.00975895
0.010092
0.0105521
0.0107497
0.0106902
0.010787
0.0111633
0.0115228
0.0116771
0.0117669
0.0120222
0.012419
0.0127181
0.012886
0.0131167
0.0134581
0.0137939
0.0140952
0.0143964
0.0147046
0.0150228
0.0153541
0.0157094
0.0160735
0.0163992
0.0167015
0.0170497
0.0174629
0.0178543
0.0181881
0.0185473
0.0189726
0.0193998
0.019788
0.0201784
0.0206203
0.021074
0.0215046
0.0219206
0.0223484
0.0227825
0.0232202
0.0236938
0.0242054
0.0247226
0.0252403
0.0257727
0.0262851
0.0268095
0.0273333
0.0278812
0.0284443
0.0290212
0.0295978
0.0302072
0.0308092
0.0314128
0.0320386
0.0326838
0.033344
0.0340051
0.0346938
0.035389
0.0361223
0.0368396
0.0375867
0.0383384
0.0391235
0.0399204
0.040732
0.0415708
0.0423883
0.0432369
0.0441105
0.0449754
0.0458886
0.0467793
0.0477005
0.0486373
0.0495548
0.0504795
0.0513822
0.0522282
0.052829
0.00935156
0.00985366
0.00992489
0.00971271
0.00940784
0.0093566
0.00962366
0.00952874
0.00931469
0.00962055
0.00967951
0.00915725
0.00910965
0.00969499
0.009998
0.00985653
0.00980194
0.0101085
0.0105925
0.0108291
0.010747
0.0108006
0.0111913
0.0115834
0.0117281
0.011791
0.0120419
0.012451
0.0127547
0.0129141
0.0131376
0.01348
0.0138171
0.0141164
0.0144147
0.0147195
0.0150353
0.0153664
0.0157209
0.016085
0.0164115
0.0167108
0.0170561
0.0174721
0.0178663
0.0181968
0.0185514
0.0189783
0.0194093
0.0197943
0.0201803
0.0206234
0.0210781
0.0215054
0.0219206
0.0223522
0.0227898
0.0232297
0.0237026
0.0242108
0.0247254
0.0252416
0.0257731
0.0262857
0.0268107
0.0273363
0.0278861
0.0284476
0.0290233
0.0296009
0.0302099
0.030811
0.0314154
0.0320423
0.0326875
0.033347
0.0340086
0.0346974
0.0353919
0.0361252
0.0368419
0.0375895
0.0383421
0.0391264
0.0399224
0.0407333
0.0415717
0.0423897
0.0432385
0.0441121
0.044977
0.0458896
0.0467809
0.0477031
0.0486394
0.0495592
0.0504869
0.0513899
0.0522391
0.0528393
0.00904199
0.00973248
0.00997698
0.00977585
0.00946293
0.00932959
0.00959577
0.00971697
0.00949833
0.00962657
0.00974825
0.00931591
0.00918641
0.00973662
0.0100774
0.00993686
0.00985594
0.0101333
0.0106205
0.0109029
0.0108204
0.0108199
0.0112059
0.011643
0.0117914
0.011818
0.0120577
0.0124838
0.0127942
0.0129431
0.013159
0.0135024
0.0138411
0.0141387
0.0144339
0.0147348
0.0150484
0.0153797
0.0157333
0.0160969
0.0164245
0.0167209
0.0170627
0.0174815
0.0178791
0.0182063
0.0185556
0.0189838
0.0194187
0.0198009
0.0201822
0.0206268
0.021083
0.021507
0.0219212
0.0223563
0.0227971
0.0232388
0.0237112
0.0242164
0.0247285
0.0252432
0.0257737
0.0262866
0.026812
0.0273392
0.0278911
0.028451
0.0290255
0.0296042
0.0302128
0.0308136
0.0314183
0.032046
0.0326913
0.0333502
0.0340122
0.0347011
0.0353949
0.0361284
0.0368444
0.0375924
0.0383459
0.0391293
0.0399245
0.0407348
0.0415727
0.042391
0.04324
0.0441137
0.0449787
0.0458907
0.0467825
0.0477058
0.0486418
0.0495637
0.0504946
0.0513979
0.0522502
0.0528501
0.0089254
0.00961193
0.010022
0.00987824
0.00954191
0.00933981
0.00954522
0.00983746
0.00971042
0.00966091
0.00977494
0.00945517
0.00927688
0.00978162
0.0101589
0.0100148
0.00990893
0.0101684
0.0106445
0.0109619
0.0109031
0.0108529
0.0112091
0.0116924
0.0118663
0.0118529
0.0120672
0.0125144
0.0128384
0.0129737
0.0131795
0.0135255
0.013866
0.0141617
0.014454
0.0147509
0.0150621
0.0153937
0.0157462
0.0161092
0.0164381
0.0167318
0.0170696
0.0174906
0.017892
0.0182164
0.0185602
0.0189894
0.0194286
0.0198083
0.0201843
0.0206298
0.0210879
0.0215088
0.0219218
0.0223605
0.0228044
0.0232475
0.0237194
0.0242221
0.0247317
0.0252449
0.0257747
0.0262878
0.0268134
0.0273421
0.027896
0.0284544
0.0290275
0.0296075
0.0302159
0.0308156
0.0314212
0.0320499
0.0326953
0.0333534
0.0340158
0.0347049
0.035398
0.0361316
0.036847
0.0375955
0.0383497
0.0391322
0.0399266
0.0407364
0.0415737
0.0423925
0.0432417
0.0441154
0.0449805
0.0458919
0.0467842
0.0477087
0.0486445
0.0495683
0.0505027
0.0514061
0.0522614
0.0528614
0.00862111
0.00937064
0.0100322
0.010034
0.0096682
0.00939719
0.0095103
0.00989247
0.00992456
0.00976185
0.00978693
0.00956627
0.00937281
0.0098261
0.01025
0.0101026
0.00995469
0.0102093
0.0106791
0.0110089
0.0109845
0.0109062
0.0112111
0.0117253
0.0119477
0.0119036
0.0120736
0.0125385
0.0128876
0.0130088
0.0131983
0.0135479
0.0138927
0.0141862
0.014475
0.0147674
0.0150761
0.0154086
0.0157603
0.0161221
0.0164522
0.0167434
0.0170769
0.0174999
0.0179056
0.0182275
0.0185651
0.0189947
0.0194385
0.019816
0.0201865
0.020633
0.0210936
0.0215115
0.0219231
0.0223651
0.0228117
0.0232561
0.0237276
0.0242281
0.0247353
0.025247
0.025776
0.0262894
0.0268151
0.0273451
0.027901
0.0284581
0.0290298
0.0296109
0.0302192
0.0308181
0.0314242
0.0320538
0.0326994
0.0333569
0.0340196
0.0347088
0.0354013
0.036135
0.0368497
0.0375986
0.0383536
0.0391352
0.0399289
0.0407381
0.0415749
0.042394
0.0432434
0.0441173
0.0449823
0.0458934
0.0467861
0.0477118
0.0486475
0.0495731
0.0505111
0.0514147
0.0522727
0.0528731
0.00844666
0.0091613
0.0099803
0.0101923
0.00984147
0.00949432
0.00950167
0.00989014
0.0101014
0.00992153
0.00981542
0.00964654
0.0094657
0.00986474
0.0103451
0.0102133
0.00999448
0.0102408
0.0107287
0.0110562
0.0110543
0.0109734
0.0112234
0.0117406
0.0120252
0.0119723
0.0120829
0.0125521
0.0129386
0.0130519
0.0132167
0.0135678
0.013921
0.0142127
0.014497
0.0147847
0.0150906
0.0154243
0.015775
0.0161354
0.0164671
0.016756
0.0170846
0.017509
0.0179194
0.0182393
0.0185704
0.0190001
0.0194489
0.0198249
0.0201893
0.0206362
0.0210995
0.0215147
0.0219246
0.0223698
0.0228192
0.0232644
0.0237354
0.0242341
0.0247391
0.0252492
0.0257777
0.0262914
0.0268169
0.027348
0.027906
0.0284617
0.0290321
0.0296142
0.0302225
0.0308206
0.0314273
0.0320578
0.0327035
0.0333605
0.0340234
0.0347128
0.0354048
0.0361386
0.0368525
0.0376019
0.0383576
0.0391382
0.0399312
0.04074
0.0415761
0.0423957
0.0432452
0.0441192
0.0449841
0.0458949
0.0467881
0.047715
0.0486507
0.0495781
0.0505198
0.0514236
0.0522841
0.0528852
0.00834577
0.00898006
0.00985343
0.0102703
0.0100252
0.00962745
0.00952118
0.00985107
0.0102055
0.0101085
0.00988641
0.00970571
0.00954725
0.00989048
0.0104278
0.0103505
0.0100438
0.0102474
0.0107808
0.0111177
0.0111122
0.0110397
0.0112523
0.0117471
0.0120878
0.012055
0.0121041
0.0125552
0.0129851
0.0131044
0.0132381
0.0135828
0.0139489
0.0142425
0.0145208
0.0148021
0.015105
0.0154407
0.0157911
0.0161494
0.0164826
0.0167695
0.0170926
0.017518
0.0179336
0.0182523
0.0185764
0.0190052
0.0194592
0.019834
0.020192
0.020639
0.0211058
0.0215186
0.0219264
0.0223746
0.0228265
0.0232724
0.023743
0.0242403
0.0247432
0.0252516
0.0257796
0.0262936
0.0268189
0.0273509
0.0279111
0.0284656
0.0290347
0.0296179
0.0302262
0.0308234
0.0314306
0.0320619
0.0327079
0.0333643
0.0340273
0.0347168
0.0354084
0.0361422
0.0368554
0.0376052
0.0383616
0.0391411
0.0399336
0.0407421
0.0415775
0.0423974
0.0432471
0.0441213
0.044986
0.0458967
0.0467903
0.0477183
0.0486544
0.0495832
0.0505288
0.0514328
0.0522956
0.0528977
0.00828887
0.00882713
0.00968915
0.0102687
0.0101922
0.00979696
0.00957978
0.00980563
0.0102406
0.0102903
0.0100159
0.00976787
0.00961733
0.00990675
0.010485
0.010507
0.0101256
0.010232
0.010815
0.0112025
0.0111757
0.0110943
0.011294
0.0117594
0.012133
0.0121412
0.0121439
0.012554
0.0130212
0.0131642
0.0132672
0.0135943
0.0139739
0.0142753
0.0145473
0.0148202
0.0151196
0.0154578
0.0158081
0.0161637
0.0164988
0.0167844
0.0171013
0.0175267
0.0179479
0.018266
0.0185825
0.0190097
0.0194696
0.0198444
0.0201956
0.0206421
0.0211127
0.0215233
0.0219286
0.0223797
0.0228342
0.0232805
0.0237506
0.0242466
0.0247477
0.0252544
0.025782
0.0262963
0.0268212
0.027354
0.0279162
0.0284695
0.0290374
0.0296216
0.03023
0.0308264
0.031434
0.0320661
0.0327123
0.0333682
0.0340314
0.034721
0.0354122
0.036146
0.0368584
0.0376088
0.0383658
0.0391442
0.0399361
0.0407442
0.0415789
0.0423992
0.0432491
0.0441235
0.044988
0.0458985
0.0467928
0.0477218
0.0486584
0.0495885
0.0505381
0.0514425
0.0523072
0.0529106
0.00827419
0.0087138
0.00953312
0.010214
0.0103112
0.00997877
0.00968275
0.00978277
0.0102268
0.010432
0.0101861
0.00985749
0.00968073
0.00991723
0.010508
0.0106608
0.0102573
0.0102171
0.0108104
0.0112965
0.0112637
0.0111367
0.0113311
0.0117855
0.0121687
0.0122188
0.0122011
0.012558
0.0130441
0.0132251
0.0133075
0.0136052
0.013993
0.0143096
0.0145786
0.0148397
0.015133
0.0154746
0.0158263
0.0161788
0.0165152
0.0168003
0.0171104
0.0175346
0.0179623
0.0182813
0.0185901
0.0190148
0.0194806
0.0198556
0.0201992
0.0206447
0.0211197
0.0215288
0.0219314
0.0223848
0.0228419
0.0232884
0.0237579
0.024253
0.0247523
0.0252574
0.0257845
0.0262993
0.0268236
0.0273569
0.0279214
0.0284736
0.0290402
0.0296253
0.0302339
0.0308295
0.0314376
0.0320703
0.0327168
0.0333723
0.0340355
0.0347252
0.0354163
0.03615
0.0368616
0.0376124
0.0383699
0.0391472
0.0399387
0.0407467
0.0415804
0.0424011
0.0432512
0.0441258
0.0449901
0.0459006
0.0467954
0.0477253
0.0486627
0.0495941
0.0505476
0.0514525
0.0523189
0.0529238
0.00829843
0.00864212
0.00939763
0.0101322
0.0103771
0.0101439
0.00982128
0.00980271
0.010192
0.0105136
0.0103651
0.00998817
0.00975072
0.00992692
0.0104991
0.0107874
0.0104338
0.0102301
0.0107613
0.0113715
0.0113873
0.0111873
0.0113495
0.0118195
0.0122107
0.0122831
0.0122643
0.0125753
0.0130584
0.0132796
0.013358
0.013621
0.0140063
0.0143416
0.014614
0.014862
0.015146
0.0154911
0.0158459
0.0161948
0.0165321
0.0168179
0.0171213
0.0175428
0.017977
0.0182978
0.0185979
0.0190184
0.0194906
0.0198675
0.0202036
0.0206473
0.0211273
0.0215352
0.0219344
0.0223898
0.0228495
0.0232962
0.0237651
0.0242596
0.0247574
0.0252606
0.0257874
0.0263027
0.0268264
0.0273601
0.0279266
0.0284779
0.0290431
0.0296292
0.030238
0.0308328
0.0314413
0.0320748
0.0327215
0.0333767
0.0340397
0.0347295
0.0354205
0.0361541
0.0368649
0.0376162
0.0383741
0.0391503
0.0399415
0.0407492
0.0415819
0.0424031
0.0432533
0.0441283
0.0449922
0.0459027
0.0467984
0.0477289
0.0486674
0.0495999
0.0505572
0.051463
0.0523308
0.0529373
0.00835513
0.00861738
0.00928594
0.0100373
0.0104018
0.0102748
0.0099741
0.00986848
0.010164
0.0105418
0.010519
0.0101523
0.00984384
0.00994076
0.0104679
0.0108688
0.010631
0.0103002
0.0106914
0.0113994
0.0115331
0.0112711
0.0113493
0.0118409
0.012268
0.0123441
0.0123215
0.0126065
0.0130738
0.0133232
0.0134133
0.0136458
0.0140158
0.014369
0.0146534
0.0148895
0.0151591
0.0155062
0.0158664
0.0162123
0.0165494
0.0168364
0.0171329
0.0175498
0.01799
0.0183148
0.0186073
0.0190226
0.0195014
0.0198814
0.0202089
0.0206493
0.0211347
0.0215424
0.0219381
0.0223951
0.0228575
0.0233042
0.0237723
0.0242662
0.0247626
0.0252642
0.0257906
0.0263065
0.0268293
0.0273632
0.0279319
0.0284823
0.0290461
0.0296332
0.0302424
0.0308364
0.0314452
0.0320791
0.0327262
0.0333813
0.0340441
0.034734
0.0354248
0.0361582
0.0368684
0.0376202
0.0383783
0.0391535
0.0399444
0.040752
0.0415835
0.0424053
0.0432557
0.0441309
0.0449944
0.045905
0.0468018
0.0477326
0.0486724
0.0496061
0.0505669
0.0514738
0.0523428
0.052951
0.00841838
0.00863611
0.00920866
0.00993319
0.0103941
0.0103769
0.0101227
0.00996728
0.0101606
0.0105369
0.0106272
0.0103274
0.00997084
0.00997044
0.0104278
0.0109022
0.0108195
0.0104352
0.0106334
0.0113646
0.011669
0.0114056
0.0113539
0.0118309
0.0123327
0.0124197
0.0123668
0.0126397
0.0130999
0.0133589
0.0134656
0.0136812
0.014027
0.01439
0.0146932
0.014922
0.0151735
0.0155201
0.015887
0.0162303
0.0165664
0.0168553
0.0171459
0.0175577
0.018004
0.018334
0.0186186
0.0190261
0.0195105
0.0198954
0.0202149
0.0206511
0.0211426
0.0215509
0.0219425
0.0224004
0.0228653
0.0233119
0.0237794
0.0242729
0.0247682
0.0252681
0.025794
0.0263106
0.0268326
0.0273665
0.0279374
0.028487
0.0290494
0.0296372
0.0302469
0.0308402
0.0314493
0.0320838
0.0327311
0.0333859
0.0340483
0.0347385
0.0354295
0.0361625
0.036872
0.0376244
0.0383824
0.0391567
0.0399475
0.0407549
0.0415852
0.0424075
0.0432582
0.0441335
0.0449968
0.0459073
0.0468054
0.0477365
0.0486777
0.0496126
0.0505768
0.0514851
0.052355
0.0529649
0.00846218
0.00868337
0.00918163
0.00983709
0.0103574
0.0104551
0.0102578
0.0100797
0.0101853
0.0105221
0.0106935
0.0104902
0.0101268
0.0100283
0.0103904
0.0108932
0.0109706
0.0106156
0.0106233
0.0112859
0.0117601
0.0115794
0.0113947
0.0117875
0.0123788
0.0125217
0.0124134
0.0126608
0.0131374
0.0133972
0.0135095
0.0137228
0.0140434
0.0144045
0.0147318
0.0149603
0.0151897
0.0155319
0.0159077
0.0162502
0.0165847
0.0168761
0.0171613
0.0175656
0.0180162
0.0183522
0.0186301
0.0190292
0.0195195
0.0199116
0.0202229
0.0206526
0.0211501
0.0215598
0.021947
0.0224056
0.0228733
0.0233199
0.0237865
0.0242798
0.0247742
0.0252724
0.0257978
0.026315
0.0268363
0.0273697
0.0279428
0.0284919
0.0290529
0.0296413
0.0302516
0.0308443
0.0314534
0.0320883
0.0327362
0.033391
0.0340528
0.0347431
0.0354342
0.0361668
0.0368758
0.0376288
0.0383866
0.0391601
0.0399506
0.040758
0.041587
0.0424098
0.0432608
0.0441362
0.0449994
0.0459098
0.0468094
0.0477405
0.0486833
0.0496196
0.0505867
0.0514966
0.0523675
0.052979
0.00847642
0.00872645
0.00919436
0.0097719
0.0102993
0.0105018
0.0103787
0.0101975
0.0102346
0.0105147
0.0107297
0.0106227
0.010292
0.0101192
0.0103708
0.0108568
0.011072
0.0108132
0.0106797
0.011197
0.0117819
0.0117584
0.0114975
0.0117375
0.0123806
0.0126413
0.0124834
0.0126621
0.0131729
0.0134485
0.0135459
0.013763
0.0140694
0.0144163
0.0147657
0.0150039
0.0152091
0.0155425
0.0159294
0.0162717
0.0166027
0.0168965
0.0171763
0.0175726
0.0180282
0.0183726
0.0186449
0.0190336
0.0195276
0.0199279
0.0202316
0.0206533
0.0211573
0.0215702
0.0219527
0.0224112
0.0228815
0.0233278
0.0237937
0.0242867
0.0247803
0.025277
0.0258017
0.0263197
0.0268401
0.0273732
0.0279484
0.0284971
0.0290565
0.0296453
0.0302565
0.0308487
0.0314578
0.032093
0.0327414
0.0333962
0.0340574
0.0347479
0.0354393
0.0361712
0.0368796
0.0376333
0.0383907
0.0391635
0.039954
0.0407613
0.0415889
0.0424123
0.0432637
0.044139
0.0450021
0.0459124
0.0468137
0.0477447
0.048689
0.049627
0.0505967
0.0515085
0.0523803
0.0529932
0.0084719
0.00874207
0.00922081
0.00975333
0.0102474
0.0105165
0.0104809
0.0103168
0.0103002
0.010518
0.010745
0.0107237
0.0104511
0.0102378
0.0103835
0.01081
0.0111212
0.0109962
0.010794
0.0111365
0.0117443
0.0119024
0.0116582
0.0117177
0.0123285
0.012748
0.0125958
0.0126575
0.0131875
0.0135159
0.0135871
0.0137951
0.0141021
0.0144284
0.0147929
0.0150535
0.0152347
0.0155491
0.015949
0.0162944
0.0166201
0.0169178
0.0171946
0.0175819
0.0180407
0.0183934
0.0186601
0.0190363
0.0195337
0.0199453
0.0202428
0.0206546
0.0211644
0.0215816
0.0219588
0.0224164
0.0228897
0.0233358
0.0238008
0.0242937
0.0247866
0.025282
0.0258059
0.0263249
0.0268445
0.0273767
0.0279539
0.0285026
0.0290605
0.0296493
0.0302615
0.0308535
0.0314623
0.0320977
0.0327466
0.0334015
0.0340618
0.0347528
0.0354445
0.0361758
0.0368837
0.0376383
0.0383947
0.039167
0.0399575
0.0407647
0.0415909
0.0424149
0.0432668
0.0441417
0.0450051
0.0459151
0.0468183
0.0477492
0.0486949
0.0496349
0.0506067
0.0515206
0.0523933
0.0530076
0.00847084
0.00874466
0.00923705
0.00976337
0.0102226
0.0105104
0.0105547
0.0104308
0.0103769
0.0105351
0.0107496
0.0107965
0.0105956
0.0103693
0.0104295
0.0107712
0.0111265
0.0111453
0.010945
0.0111289
0.0116785
0.011981
0.0118416
0.0117614
0.012248
0.0128084
0.0127467
0.0126745
0.0131699
0.0135859
0.0136448
0.0138176
0.0141359
0.0144469
0.0148115
0.0151033
0.0152686
0.0155529
0.015966
0.0163225
0.0166405
0.0169395
0.017214
0.0175896
0.01805
0.018414
0.018678
0.0190406
0.0195397
0.019964
0.0202559
0.0206551
0.0211702
0.0215938
0.0219658
0.0224215
0.0228981
0.0233443
0.0238081
0.0243009
0.0247933
0.0252873
0.0258104
0.0263302
0.026849
0.0273803
0.0279595
0.0285084
0.0290647
0.0296532
0.0302668
0.0308587
0.0314668
0.0321022
0.0327522
0.0334074
0.0340665
0.0347577
0.0354498
0.0361803
0.036888
0.0376435
0.0383987
0.0391707
0.0399613
0.0407682
0.041593
0.0424174
0.0432702
0.0441445
0.0450083
0.0459181
0.0468231
0.047754
0.0487009
0.0496433
0.0506169
0.0515328
0.0524066
0.0530221
0.00847441
0.00875219
0.00923506
0.00977032
0.0102234
0.0105111
0.010605
0.0105323
0.01046
0.0105653
0.0107512
0.0108419
0.0107218
0.0105042
0.0105012
0.0107584
0.0111054
0.0112479
0.0111059
0.0111737
0.0116212
0.0119978
0.012006
0.011875
0.012179
0.0128008
0.0129041
0.0127396
0.0131291
0.013636
0.0137268
0.0138423
0.0141629
0.014472
0.0148235
0.0151496
0.0153156
0.0155585
0.0159752
0.0163526
0.0166631
0.0169578
0.0172332
0.0175992
0.01806
0.0184369
0.0186993
0.0190446
0.0195425
0.0199824
0.0202709
0.0206559
0.0211754
0.0216074
0.0219743
0.0224265
0.0229063
0.0233531
0.0238154
0.0243079
0.0248001
0.0252928
0.0258152
0.026336
0.0268542
0.027384
0.027965
0.0285146
0.0290694
0.0296569
0.030272
0.0308644
0.0314717
0.032107
0.0327578
0.0334131
0.034071
0.0347631
0.0354556
0.0361849
0.0368921
0.0376486
0.0384026
0.0391744
0.0399654
0.0407719
0.0415955
0.0424202
0.0432739
0.0441472
0.0450116
0.0459214
0.046828
0.0477591
0.0487071
0.0496521
0.0506272
0.0515451
0.0524203
0.0530368
0.00846465
0.00877088
0.00923452
0.00976616
0.0102339
0.0105309
0.0106428
0.0106149
0.0105416
0.0106041
0.0107599
0.0108675
0.0108256
0.0106392
0.0105869
0.0107736
0.0110769
0.0113025
0.0112558
0.0112576
0.0115972
0.0119805
0.0121173
0.0120286
0.0121616
0.0127402
0.0130297
0.0128603
0.0130943
0.0136481
0.0138207
0.0138807
0.0141794
0.0145025
0.0148366
0.015187
0.0153724
0.0155708
0.0159726
0.0163791
0.0166934
0.0169785
0.0172534
0.0176113
0.0180683
0.0184578
0.0187223
0.0190491
0.0195436
0.0200016
0.0202893
0.0206572
0.0211793
0.0216215
0.0219839
0.0224312
0.0229141
0.0233622
0.0238233
0.0243152
0.0248071
0.0252987
0.0258202
0.0263421
0.0268596
0.0273877
0.0279705
0.0285212
0.0290743
0.0296604
0.0302776
0.0308706
0.0314764
0.0321114
0.0327637
0.0334195
0.0340757
0.0347683
0.0354612
0.0361897
0.0368967
0.0376544
0.0384065
0.0391782
0.0399696
0.0407753
0.0415981
0.0424229
0.0432779
0.04415
0.0450152
0.0459251
0.0468331
0.0477645
0.0487133
0.0496612
0.0506377
0.0515574
0.0524342
0.0530516
0.00843589
0.00878951
0.00924794
0.00976104
0.0102327
0.0105545
0.0106809
0.0106852
0.0106213
0.0106475
0.0107795
0.0108832
0.0108986
0.0107664
0.010681
0.0108117
0.0110628
0.0113202
0.0113768
0.0113631
0.0116089
0.0119592
0.0121722
0.0121826
0.0122136
0.0126647
0.0130939
0.0130127
0.0130951
0.0136224
0.0139055
0.0139447
0.0141928
0.0145291
0.0148516
0.0152123
0.0154328
0.0155997
0.0159654
0.0163974
0.0167316
0.0170042
0.017269
0.0176207
0.0180758
0.0184785
0.0187492
0.0190565
0.0195427
0.0200202
0.0203101
0.0206589
0.0211814
0.021636
0.0219953
0.0224363
0.0229214
0.0233714
0.0238316
0.0243225
0.0248142
0.0253047
0.0258253
0.0263483
0.0268657
0.0273918
0.0279758
0.0285282
0.0290798
0.0296638
0.0302832
0.0308773
0.0314814
0.032116
0.0327697
0.0334258
0.0340802
0.0347739
0.0354672
0.0361946
0.0369012
0.03766
0.0384105
0.0391822
0.0399742
0.0407789
0.0416009
0.0424257
0.043282
0.0441529
0.0450187
0.0459291
0.0468382
0.0477703
0.0487198
0.0496707
0.0506485
0.0515697
0.0524483
0.0530665
0.00840448
0.00879411
0.00926474
0.00976298
0.0102221
0.0105716
0.0107264
0.0107505
0.0106977
0.010691
0.0108023
0.0108975
0.0109432
0.0108781
0.0107849
0.0108654
0.0110691
0.0113189
0.0114601
0.0114742
0.0116486
0.0119553
0.0121937
0.0123002
0.0123155
0.0126145
0.0130949
0.0131607
0.0131499
0.0135842
0.0139618
0.0140277
0.0142135
0.0145482
0.0148708
0.0152302
0.0154887
0.0156457
0.0159616
0.0163991
0.0167676
0.0170402
0.0172858
0.0176282
0.0180848
0.0184996
0.0187778
0.0190655
0.0195385
0.0200368
0.0203343
0.0206622
0.0211818
0.021651
0.0220084
0.0224417
0.0229284
0.0233806
0.0238402
0.0243303
0.0248215
0.0253109
0.0258306
0.0263549
0.0268722
0.0273958
0.027981
0.0285357
0.0290856
0.0296667
0.0302889
0.0308848
0.0314863
0.0321205
0.0327759
0.0334325
0.034085
0.0347796
0.035473
0.0361995
0.0369061
0.0376657
0.0384145
0.0391861
0.039979
0.0407824
0.0416042
0.0424288
0.0432864
0.0441559
0.0450223
0.0459336
0.0468433
0.0477764
0.0487264
0.0496803
0.0506595
0.0515821
0.0524626
0.0530815
0.00839204
0.00878815
0.00927558
0.00977419
0.0102194
0.0105784
0.0107661
0.0108065
0.0107714
0.010739
0.0108234
0.0109172
0.0109721
0.0109641
0.01089
0.0109295
0.0110928
0.0113176
0.0115092
0.0115753
0.0117075
0.0119712
0.0122063
0.0123731
0.0124341
0.0126157
0.0130586
0.0132715
0.0132482
0.0135575
0.0139815
0.0141141
0.0142543
0.0145653
0.0148907
0.0152449
0.0155337
0.0157009
0.0159698
0.0163882
0.0167934
0.0170884
0.0173116
0.0176297
0.0180896
0.0185215
0.0188084
0.0190776
0.0195332
0.0200512
0.0203617
0.0206679
0.0211798
0.0216651
0.0220232
0.0224475
0.0229351
0.0233897
0.0238492
0.0243384
0.0248293
0.0253173
0.0258361
0.0263617
0.0268793
0.0274002
0.0279859
0.0285434
0.0290919
0.0296695
0.030295
0.0308928
0.0314909
0.032125
0.0327825
0.0334395
0.0340896
0.0347855
0.0354791
0.0362046
0.0369112
0.0376714
0.0384188
0.0391902
0.0399841
0.0407857
0.0416074
0.0424319
0.0432907
0.0441593
0.0450261
0.0459387
0.0468487
0.0477827
0.0487334
0.0496901
0.0506708
0.0515944
0.0524768
0.0530966
0.0084091
0.00878866
0.00928167
0.00978499
0.0102246
0.0105758
0.0107918
0.0108566
0.0108443
0.0107976
0.010842
0.0109368
0.0109942
0.0110222
0.0109858
0.0110023
0.0111302
0.0113255
0.0115366
0.0116555
0.0117748
0.0120018
0.0122275
0.0124178
0.0125373
0.0126654
0.0130185
0.0133289
0.0133639
0.0135635
0.0139783
0.0141871
0.0143115
0.0145854
0.0149062
0.0152578
0.0155701
0.015759
0.0159974
0.0163782
0.0168
0.0171368
0.0173515
0.017629
0.0180857
0.0185443
0.0188438
0.0190924
0.0195262
0.0200623
0.0203917
0.0206768
0.021176
0.0216783
0.02204
0.0224543
0.0229414
0.0233987
0.023858
0.0243466
0.0248375
0.0253239
0.0258413
0.0263687
0.0268871
0.0274046
0.0279904
0.0285519
0.0290988
0.0296717
0.0303008
0.0309018
0.0314958
0.0321295
0.032789
0.0334463
0.0340944
0.0347917
0.0354854
0.0362097
0.0369166
0.0376769
0.0384231
0.0391945
0.0399895
0.0407892
0.0416112
0.0424356
0.043295
0.0441627
0.0450295
0.0459439
0.0468539
0.047789
0.0487407
0.0497
0.0506823
0.0516067
0.0524912
0.0531118
0.00844553
0.00880621
0.00928968
0.0097902
0.0102332
0.0105785
0.0108118
0.010901
0.0109054
0.0108591
0.010863
0.0109509
0.0110153
0.011061
0.0110638
0.0110771
0.0111796
0.0113447
0.0115536
0.011714
0.0118422
0.0120422
0.0122571
0.0124522
0.0126119
0.0127395
0.013004
0.0133441
0.013472
0.0136055
0.0139674
0.0142373
0.0143744
0.0146155
0.014921
0.0152675
0.0156011
0.0158134
0.0160369
0.0163789
0.0167912
0.0171739
0.0174093
0.0176384
0.0180695
0.0185617
0.0188858
0.0191112
0.0195161
0.020069
0.0204239
0.02069
0.0211706
0.0216893
0.0220585
0.0224624
0.0229475
0.023408
0.0238674
0.0243548
0.0248462
0.0253312
0.0258464
0.0263755
0.0268954
0.0274096
0.0279945
0.0285607
0.0291061
0.0296738
0.030307
0.0309113
0.0315001
0.0321336
0.0327961
0.0334537
0.0340993
0.0347976
0.0354914
0.0362147
0.0369223
0.0376823
0.0384277
0.0391988
0.0399948
0.0407925
0.0416149
0.0424396
0.0432992
0.0441668
0.0450336
0.0459497
0.0468595
0.0477955
0.0487483
0.0497098
0.0506938
0.0516191
0.0525053
0.0531268
0.00848197
0.00883807
0.00930721
0.0097983
0.0102442
0.0105888
0.0108249
0.0109317
0.0109498
0.0109198
0.010898
0.0109612
0.0110333
0.0110876
0.011121
0.0111456
0.011235
0.0113755
0.0115686
0.0117562
0.0119003
0.0120859
0.0122925
0.0124874
0.0126654
0.0128148
0.0130253
0.0133396
0.0135495
0.0136722
0.013965
0.014269
0.0144355
0.0146559
0.0149428
0.0152734
0.0156237
0.0158618
0.0160786
0.0163941
0.0167807
0.0171894
0.017472
0.0176699
0.0180471
0.0185643
0.0189344
0.0191402
0.0195033
0.0200696
0.0204584
0.0207082
0.0211637
0.0216971
0.0220778
0.0224718
0.0229532
0.0234169
0.0238767
0.0243627
0.0248551
0.0253394
0.0258516
0.0263823
0.0269046
0.0274148
0.0279979
0.0285701
0.0291142
0.0296757
0.0303127
0.0309214
0.0315051
0.0321383
0.0328033
0.0334607
0.0341045
0.0348039
0.0354981
0.0362199
0.0369282
0.0376873
0.0384324
0.0392036
0.0400001
0.0407959
0.0416186
0.0424438
0.043303
0.0441707
0.0450375
0.0459555
0.0468654
0.0478021
0.0487566
0.0497199
0.0507056
0.0516316
0.0525194
0.053142
0.00850759
0.0088753
0.00933676
0.009813
0.0102515
0.010596
0.0108327
0.0109549
0.0109873
0.0109731
0.0109412
0.0109704
0.0110439
0.0111072
0.0111612
0.0112035
0.0112885
0.0114162
0.0115861
0.0117847
0.011949
0.0121309
0.0123315
0.0125248
0.0127104
0.0128773
0.0130675
0.0133384
0.0135933
0.0137468
0.0139798
0.0142881
0.0144909
0.0147
0.0149716
0.0152797
0.0156368
0.0159078
0.0161223
0.0164188
0.016779
0.017185
0.0175209
0.0177253
0.0180328
0.0185442
0.0189801
0.0191856
0.0194912
0.02006
0.0204941
0.0207343
0.0211569
0.0217018
0.0220982
0.0224835
0.0229589
0.0234258
0.0238866
0.0243703
0.0248634
0.025348
0.0258566
0.0263885
0.0269132
0.0274208
0.0280011
0.0285799
0.0291224
0.0296773
0.0303187
0.030932
0.0315096
0.0321422
0.0328104
0.0334679
0.0341101
0.0348099
0.0355044
0.0362253
0.0369345
0.0376923
0.0384374
0.0392087
0.0400052
0.0407994
0.0416227
0.0424488
0.0433069
0.044175
0.0450418
0.0459612
0.0468711
0.0478083
0.0487647
0.0497295
0.0507169
0.0516441
0.0525331
0.0531567
0.00852393
0.00890579
0.00936776
0.00983048
0.0102576
0.0106017
0.0108411
0.010973
0.0110141
0.0110087
0.0109807
0.0109859
0.0110493
0.0111212
0.0111885
0.0112482
0.011333
0.0114585
0.0116105
0.0118054
0.0119909
0.0121741
0.0123703
0.0125617
0.0127508
0.012928
0.0131155
0.0133551
0.0136161
0.0138111
0.0140137
0.0143019
0.0145361
0.0147416
0.015004
0.0152961
0.0156437
0.0159463
0.0161675
0.0164449
0.0167905
0.017178
0.0175452
0.0177918
0.0180436
0.0185058
0.0190071
0.0192486
0.0194879
0.0200357
0.0205259
0.020769
0.0211501
0.0217012
0.0221188
0.0224974
0.0229651
0.0234349
0.0238971
0.0243781
0.0248721
0.0253585
0.0258629
0.0263949
0.0269287
0.0274278
0.0280038
0.0285896
0.0291316
0.0296794
0.0303245
0.0309421
0.0315152
0.0321473
0.0328181
0.0334751
0.0341161
0.0348161
0.0355111
0.0362309
0.0369408
0.037697
0.0384426
0.0392146
0.0400101
0.0408031
0.0416269
0.0424539
0.0433107
0.0441795
0.045047
0.0459675
0.0468776
0.0478154
0.0487736
0.0497398
0.0507284
0.0516568
0.052547
0.0531714
0.00854211
0.00893217
0.00939894
0.00985389
0.010268
0.0106061
0.0108428
0.0109788
0.011028
0.0110315
0.0110132
0.0110072
0.0110521
0.0111267
0.0112048
0.0112796
0.0113695
0.0114962
0.0116427
0.011826
0.0120243
0.0122113
0.0124031
0.0125968
0.0127889
0.0129733
0.0131596
0.0133826
0.0136341
0.0138576
0.0140575
0.0143165
0.0145708
0.0147852
0.0150387
0.0153213
0.0156489
0.0159709
0.0162137
0.0164731
0.0168068
0.0171797
0.0175493
0.0178497
0.0180881
0.0184684
0.019003
0.0193209
0.0195063
0.0199999
0.0205481
0.0208141
0.0211468
0.0216943
0.0221374
0.0225126
0.0229705
0.0234426
0.0239069
0.0243848
0.0248788
0.0253681
0.0258688
0.0264001
0.026938
0.0274348
0.028006
0.0285992
0.029141
0.0296816
0.0303299
0.0309523
0.031521
0.0321515
0.0328247
0.0334813
0.034122
0.034822
0.0355173
0.0362364
0.0369468
0.0377013
0.0384474
0.0392203
0.0400141
0.0408065
0.0416312
0.0424589
0.043314
0.0441833
0.0450517
0.0459726
0.0468831
0.0478215
0.0487819
0.0497493
0.0507392
0.0516691
0.0525603
0.0531854
0.00855951
0.00895634
0.0094307
0.00988377
0.0102822
0.0106095
0.0108399
0.0109789
0.0110354
0.011045
0.0110327
0.0110229
0.011053
0.0111245
0.0112134
0.011302
0.0114002
0.0115289
0.0116791
0.0118508
0.0120457
0.0122414
0.0124352
0.0126331
0.0128251
0.0130121
0.0131986
0.0134124
0.0136536
0.0138874
0.0140991
0.0143397
0.0145979
0.0148267
0.0150714
0.015348
0.0156608
0.0159859
0.0162572
0.0165084
0.0168229
0.0171902
0.0175488
0.0178853
0.0181525
0.0184543
0.0189672
0.0193854
0.0195559
0.0199614
0.0205536
0.0208697
0.0211532
0.0216832
0.022156
0.0225331
0.0229793
0.0234519
0.0239182
0.0243932
0.0248869
0.0253797
0.0258768
0.0264055
0.0269488
0.0274425
0.0280083
0.0286084
0.0291514
0.0296851
0.0303349
0.030961
0.0315281
0.0321574
0.0328317
0.0334886
0.0341294
0.0348288
0.0355241
0.036243
0.0369534
0.0377064
0.0384534
0.0392276
0.0400188
0.0408105
0.0416366
0.0424647
0.0433182
0.0441883
0.0450582
0.0459793
0.0468899
0.0478289
0.0487911
0.0497596
0.0507503
0.0516816
0.0525739
0.0531994
0.00857308
0.00896509
0.00942626
0.00987664
0.0102649
0.0105801
0.0108036
0.0109413
0.011005
0.0110206
0.0110175
0.0110123
0.0110377
0.011105
0.0112032
0.0113069
0.0114176
0.0115515
0.0117042
0.0118719
0.0120614
0.0122684
0.0124651
0.0126602
0.0128547
0.0130437
0.0132323
0.0134387
0.0136732
0.0139106
0.0141314
0.0143656
0.0146156
0.0148586
0.0151046
0.0153719
0.0156765
0.0159922
0.0162854
0.0165475
0.016837
0.0171992
0.0175519
0.0178963
0.018211
0.0184715
0.0189114
0.0194135
0.0196292
0.0199304
0.0205297
0.0209234
0.0211695
0.0216627
0.0221657
0.0225531
0.0229865
0.0234583
0.0239271
0.0243996
0.0248931
0.0253895
0.0258832
0.0264098
0.0269594
0.0274502
0.0280097
0.0286163
0.029162
0.0296897
0.030339
0.030969
0.0315365
0.0321634
0.0328369
0.0334942
0.0341361
0.0348348
0.0355296
0.0362486
0.0369587
0.0377101
0.038458
0.0392336
0.0400218
0.0408135
0.0416414
0.0424692
0.0433208
0.0441915
0.0450633
0.0459841
0.0468951
0.0478353
0.0487994
0.049769
0.0507605
0.0516933
0.0525864
0.0532126
0.00865
0.00904951
0.0095185
0.00995508
0.0103248
0.0106177
0.0108229
0.0109456
0.0110042
0.0110184
0.0110193
0.0110195
0.0110447
0.0111077
0.0112078
0.0113252
0.0114449
0.0115841
0.0117409
0.0119136
0.0120953
0.0122973
0.012499
0.012691
0.0128895
0.0130796
0.0132702
0.0134734
0.013699
0.0139382
0.014161
0.0143974
0.0146427
0.0148911
0.0151468
0.0154021
0.0156992
0.0160081
0.0163066
0.0165921
0.0168642
0.0172077
0.0175684
0.0179032
0.0182526
0.0185265
0.0188775
0.0194058
0.0197184
0.0199396
0.0204896
0.0209708
0.02121
0.0216461
0.0221706
0.0225789
0.0229987
0.0234668
0.0239379
0.0244067
0.0249011
0.0254018
0.0258911
0.026414
0.0269711
0.0274594
0.0280113
0.0286233
0.029174
0.0296967
0.0303419
0.0309746
0.0315461
0.0321706
0.0328415
0.0335007
0.0341443
0.034842
0.0355359
0.0362555
0.0369652
0.0377156
0.0384645
0.0392413
0.040026
0.0408176
0.041648
0.0424752
0.0433254
0.0441971
0.0450704
0.0459908
0.0469013
0.0478427
0.0488082
0.0497786
0.0507709
0.0517053
0.0525996
0.0532256
0.00860644
0.00898664
0.00944152
0.00987184
0.0102281
0.0105117
0.0107135
0.0108313
0.0108911
0.0109134
0.0109272
0.0109468
0.0109858
0.01106
0.0111687
0.011303
0.0114375
0.0115884
0.0117539
0.0119308
0.0121106
0.0123022
0.0125114
0.0127044
0.0129029
0.0130985
0.0132891
0.0134936
0.0137099
0.0139515
0.0141775
0.0144138
0.0146622
0.0149078
0.0151743
0.0154265
0.0157115
0.0160212
0.0163139
0.0166182
0.0168955
0.0172091
0.0175798
0.0179102
0.0182599
0.0185789
0.0188713
0.0193584
0.0197732
0.0199805
0.0204406
0.0209833
0.0212606
0.0216353
0.0221611
0.0226013
0.0230114
0.0234733
0.0239484
0.0244123
0.0249072
0.0254141
0.0258985
0.0264161
0.0269822
0.0274698
0.0280111
0.0286267
0.0291864
0.0297059
0.0303429
0.0309794
0.0315587
0.032179
0.0328447
0.0335071
0.0341531
0.0348489
0.0355414
0.0362613
0.0369703
0.0377196
0.0384697
0.0392473
0.0400287
0.0408204
0.0416536
0.0424791
0.0433277
0.0442005
0.0450757
0.0459959
0.0469065
0.0478496
0.0488167
0.0497878
0.0507805
0.0517162
0.0526106
0.0532378
0.00886452
0.00921924
0.00963338
0.0100104
0.0103151
0.0105303
0.0106675
0.0107485
0.0107921
0.0108175
0.0108451
0.0108866
0.0109443
0.0110339
0.0111533
0.0113008
0.0114515
0.0116093
0.0117803
0.0119576
0.0121399
0.012321
0.0125264
0.0127262
0.012921
0.0131231
0.0133137
0.0135203
0.0137327
0.01397
0.0142029
0.0144343
0.014689
0.0149334
0.0152003
0.0154602
0.0157296
0.01604
0.0163295
0.0166353
0.0169329
0.0172221
0.0175885
0.0179309
0.0182604
0.0186197
0.0189086
0.0193205
0.0197931
0.0200485
0.0204194
0.0209696
0.0213134
0.021646
0.0221463
0.022619
0.0230275
0.0234795
0.0239592
0.0244179
0.0249109
0.0254262
0.0259086
0.0264178
0.0269912
0.0274843
0.0280133
0.0286267
0.0292
0.0297193
0.0303413
0.0309816
0.031573
0.0321864
0.0328442
0.0335121
0.0341622
0.0348552
0.035546
0.0362672
0.0369762
0.0377247
0.0384761
0.039254
0.0400323
0.0408242
0.0416605
0.0424845
0.0433316
0.0442059
0.0450824
0.0460017
0.0469115
0.0478561
0.0488246
0.0497961
0.0507898
0.0517268
0.0526224
0.0532494
0.00863792
0.00894624
0.00933488
0.00970857
0.010038
0.0103077
0.0105083
0.0106243
0.0106942
0.0107521
0.0108096
0.0108751
0.010951
0.0110495
0.0111724
0.0113213
0.0114778
0.0116341
0.011802
0.0119761
0.0121575
0.0123364
0.012532
0.012738
0.012931
0.0131354
0.0133314
0.0135373
0.0137522
0.013981
0.0142229
0.014453
0.014708
0.0149587
0.0152164
0.0154889
0.0157497
0.0160542
0.0163493
0.0166447
0.0169616
0.0172444
0.0175926
0.0179502
0.0182624
0.0186348
0.018955
0.0193032
0.0197769
0.0201099
0.0204283
0.0209385
0.0213508
0.0216752
0.022133
0.0226284
0.0230478
0.0234887
0.0239717
0.0244283
0.0249147
0.0254366
0.0259222
0.0264197
0.0269954
0.0275004
0.0280181
0.0286214
0.0292122
0.0297371
0.0303432
0.030986
0.0315926
0.0321987
0.0328449
0.0335196
0.0341752
0.0348642
0.0355514
0.0362734
0.0369826
0.0377302
0.0384822
0.0392601
0.0400356
0.0408279
0.0416668
0.0424889
0.0433344
0.0442103
0.0450884
0.0460075
0.0469172
0.0478635
0.0488333
0.0498049
0.0507988
0.051737
0.0526331
0.0532608
0.0097774
0.00971642
0.00960436
0.00952675
0.00950753
0.00956904
0.0097133
0.00992083
0.0101394
0.0103383
0.0105153
0.0106809
0.0108356
0.010988
0.011143
0.0113089
0.0114761
0.0116361
0.0117983
0.0119696
0.012151
0.012335
0.0125237
0.0127288
0.0129257
0.0131275
0.0133319
0.0135376
0.0137586
0.0139851
0.0142312
0.0144681
0.0147147
0.0149747
0.0152245
0.0155027
0.0157679
0.0160584
0.0163635
0.0166479
0.0169722
0.0172683
0.017592
0.0179575
0.0182693
0.0186359
0.0189923
0.0193101
0.0197473
0.0201453
0.0204595
0.020907
0.0213603
0.0217119
0.0221251
0.0226214
0.0230634
0.0234948
0.0239764
0.024439
0.0249142
0.0254395
0.025939
0.0264228
0.0269943
0.0275188
0.0280266
0.0286126
0.0292226
0.0297581
0.0303363
0.030979
0.0316089
0.0322061
0.0328388
0.0335211
0.0341845
0.0348696
0.0355532
0.0362765
0.0369873
0.0377349
0.0384868
0.0392643
0.0400382
0.0408309
0.0416721
0.0424928
0.0433369
0.0442145
0.0450931
0.0460118
0.0469207
0.0478683
0.0488396
0.0498111
0.0508062
0.0517456
0.0526424
0.0532695
0.00875009
0.00900046
0.00932195
0.00962392
0.00988095
0.0100721
0.0101974
0.0102847
0.0103586
0.010445
0.0105514
0.010682
0.0108253
0.0109796
0.011143
0.0113171
0.0114938
0.0116608
0.0118225
0.011991
0.0121726
0.0123619
0.0125495
0.0127441
0.0129383
0.0131342
0.0133403
0.0135492
0.0137721
0.0140039
0.0142487
0.014494
0.014732
0.0149923
0.0152457
0.0155173
0.015795
0.0160723
0.0163803
0.0166673
0.0169793
0.0172982
0.0176037
0.0179594
0.0182882
0.0186356
0.0190169
0.0193364
0.0197268
0.0201595
0.0205006
0.0208995
0.0213555
0.021751
0.0221435
0.0226128
0.0230815
0.0235139
0.0239808
0.0244598
0.024923
0.0254362
0.0259612
0.0264318
0.0269857
0.0275393
0.0280408
0.0285994
0.029234
0.0297826
0.0303339
0.0309779
0.031633
0.0322226
0.0328387
0.0335288
0.0342008
0.0348817
0.0355598
0.0362829
0.036995
0.0377429
0.0384939
0.0392704
0.040043
0.0408362
0.041679
0.0424981
0.043341
0.04422
0.0450999
0.0460184
0.046927
0.0478758
0.0488482
0.0498195
0.0508142
0.0517553
0.0526523
0.0532804
0.00990319
0.00976021
0.00954829
0.00936932
0.00926281
0.00924876
0.00933205
0.00949854
0.00971867
0.00996373
0.0102118
0.0104575
0.010694
0.0109163
0.0111242
0.011317
0.0114986
0.011665
0.0118215
0.0119828
0.0121588
0.0123516
0.0125418
0.0127309
0.0129217
0.0131182
0.0133249
0.0135405
0.0137669
0.014005
0.0142527
0.0145004
0.014739
0.0149918
0.0152539
0.0155206
0.0158026
0.0160813
0.0163794
0.0166806
0.0169778
0.0173067
0.017619
0.017951
0.0183015
0.0186376
0.0190208
0.0193645
0.0197161
0.020155
0.0205273
0.0209023
0.0213414
0.021762
0.0221645
0.0225997
0.0230775
0.0235311
0.0239736
0.0244671
0.0249368
0.0254213
0.0259727
0.0264493
0.0269686
0.0275499
0.0280624
0.0285807
0.0292346
0.0298122
0.0303276
0.030962
0.0316482
0.032233
0.0328301
0.0335255
0.0342079
0.0348866
0.0355599
0.0362831
0.0369971
0.037746
0.0384966
0.0392724
0.0400439
0.0408375
0.041682
0.0425002
0.0433419
0.0442219
0.0451023
0.0460207
0.0469287
0.0478783
0.0488521
0.0498233
0.0508191
0.0517605
0.0526581
0.0532855
0.00954667
0.00936713
0.00913719
0.00895921
0.00887956
0.00890811
0.00904751
0.00927388
0.00955247
0.00985226
0.0101481
0.0104277
0.0106869
0.0109246
0.0111413
0.0113361
0.011513
0.0116758
0.0118276
0.0119849
0.0121569
0.0123484
0.0125393
0.0127266
0.0129153
0.0131118
0.0133188
0.0135366
0.0137662
0.014006
0.0142564
0.0145039
0.0147445
0.0149947
0.0152582
0.0155273
0.015806
0.0160904
0.0163822
0.0166872
0.0169845
0.0173068
0.0176318
0.0179512
0.018305
0.0186479
0.0190196
0.0193828
0.0197254
0.0201517
0.0205456
0.0209177
0.0213454
0.0217711
0.0221878
0.0226144
0.0230797
0.0235515
0.0239865
0.0244735
0.0249608
0.0254254
0.0259753
0.0264735
0.0269691
0.0275494
0.0280875
0.0285867
0.0292285
0.0298345
0.0303461
0.030958
0.0316602
0.032256
0.0328388
0.0335318
0.0342212
0.0349008
0.03557
0.0362914
0.0370054
0.0377544
0.0385047
0.0392797
0.0400505
0.0408433
0.0416888
0.0425068
0.0433475
0.0442279
0.045109
0.0460278
0.0469356
0.0478852
0.0488597
0.0498312
0.0508258
0.0517697
0.0526674
0.0532969
)
;

boundaryField
{
    zeroGradientPlanes
    {
        type            zeroGradient;
    }
    inlet
    {
        type            zeroGradient;
    }
    plate
    {
        type            zeroGradient;
    }
    frontAndBack
    {
        type            empty;
    }
}


// ************************************************************************* //
