/*--------------------------------*- C++ -*----------------------------------*\
| =========                 |                                                 |
| \\      /  F ield         | OpenFOAM: The Open Source CFD Toolbox           |
|  \\    /   O peration     | Version:  v1912                                 |
|   \\  /    A nd           | Website:  www.openfoam.com                      |
|    \\/     M anipulation  |                                                 |
\*---------------------------------------------------------------------------*/
FoamFile
{
    version     2.0;
    format      ascii;
    class       volScalarField;
    location    "8.5";
    object      p;
}
// * * * * * * * * * * * * * * * * * * * * * * * * * * * * * * * * * * * * * //

dimensions      [0 2 -2 0 0 0 0];


internalField   nonuniform List<scalar> 
9600
(
-1.31319e-10
-0.000963332
-0.00589076
-0.000960829
0.00312419
-0.000844946
0.00180942
0.00403875
0.00281813
0.00547054
0.00474376
0.00459657
0.00498423
0.00495839
0.00521623
0.00700409
0.00610191
0.0077649
0.00878406
0.0111788
-5.18027e-06
-0.000963651
-0.00585875
-0.000983028
0.00311003
-0.000814339
0.001811
0.00402722
0.00282857
0.00541993
0.00475193
0.00456921
0.00498603
0.00497453
0.00522354
0.00699299
0.00614043
0.00771288
0.00879845
0.0109145
-1.05404e-05
-0.000962816
-0.00583048
-0.00100596
0.0031054
-0.000784229
0.00180745
0.00400999
0.00283697
0.00536302
0.00475999
0.00456349
0.00500061
0.00498842
0.00523586
0.00697014
0.00618266
0.0076383
0.00879679
0.0106178
-1.76806e-05
-0.000962224
-0.00579586
-0.000998075
0.00310116
-0.000750185
0.00180737
0.00398758
0.00284282
0.00529695
0.00476509
0.004588
0.00501396
0.00499849
0.00525484
0.00693671
0.00622433
0.00755773
0.00877372
0.0103382
-2.75164e-05
-0.000960741
-0.00574754
-0.000962252
0.0030882
-0.000709281
0.00181259
0.0039602
0.00284934
0.00522177
0.00476949
0.004631
0.00502537
0.00500702
0.00527717
0.00689992
0.00627092
0.00747367
0.00873391
0.0100789
-3.99237e-05
-0.000957198
-0.00568274
-0.000910767
0.00306213
-0.00066099
0.0018237
0.00393108
0.00285763
0.00513986
0.0047751
0.00468364
0.00503525
0.00501365
0.0053025
0.00686554
0.0063181
0.00738832
0.00868088
0.00983381
-5.41309e-05
-0.000950853
-0.00560132
-0.000850858
0.00302258
-0.000606648
0.00183999
0.00390287
0.00286772
0.00505443
0.00478297
0.0047379
0.00504407
0.00501853
0.00533048
0.00683528
0.00637174
0.007306
0.0086148
0.00959905
-6.90887e-05
-0.000941451
-0.00550421
-0.00078632
0.00297123
-0.000548675
0.00186007
0.00387692
0.00287959
0.00496825
0.0047933
0.0047886
0.00505251
0.00502186
0.00535904
0.00680956
0.00641925
0.00722902
0.0085345
0.0093745
-8.38592e-05
-0.000929281
-0.00539287
-0.000719448
0.00291001
-0.000489633
0.00188274
0.00385359
0.0028932
0.00488329
0.00480641
0.00483314
0.00506072
0.0050238
0.00538602
0.00678884
0.00646261
0.00715742
0.00844173
0.00916057
-9.79123e-05
-0.000914945
-0.00526889
-0.000651725
0.00284032
-0.000431535
0.0019072
0.00383272
0.00290859
0.00480079
0.00482286
0.00487035
0.00506819
0.00502503
0.00540986
0.00677248
0.00650068
0.00709167
0.00833953
0.00895438
-0.000111163
-0.000899091
-0.00513382
-0.000584436
0.00276335
-0.000375539
0.00193313
0.00381421
0.00292587
0.00472144
0.00484305
0.00489965
0.00507435
0.00502681
0.00542903
0.00675955
0.0065324
0.00703168
0.00822868
0.00875198
-0.00012381
-0.000882205
-0.00498931
-0.00051873
0.00267996
-0.000321992
0.00196057
0.00379825
0.00294523
0.00464533
0.00486691
0.00492102
0.00507886
0.00503032
0.00544219
0.00674991
0.00655745
0.00697457
0.00810991
0.00855216
-0.000136129
-0.000864494
-0.00483703
-0.00045534
0.00259157
-0.000270606
0.00198978
0.00378521
0.00296679
0.00457206
0.00489402
0.00493502
0.00508132
0.00503674
0.00544857
0.00674335
0.00657522
0.00691689
0.00798634
0.00835512
-0.000148332
-0.000845988
-0.00467854
-0.000394245
0.00250054
-0.000220717
0.00202101
0.0037754
0.00299055
0.00450097
0.00492371
0.00494282
0.00508126
0.00504741
0.00544807
0.00673899
0.00658552
0.00685569
0.00786149
0.00816031
-0.000160519
-0.000826662
-0.00451529
-0.000334669
0.00240933
-0.000171536
0.00205436
0.00376892
0.00301636
0.00443125
0.00495529
0.0049462
0.0050782
0.00506343
0.00544089
0.00673583
0.00658086
0.00678756
0.00773751
0.00796797
-0.000172683
-0.000806436
-0.00434846
-0.000275557
0.00231993
-0.000122326
0.00208972
0.00376552
0.00304393
0.0043622
0.00498803
0.00494729
0.00507181
0.00508546
0.00542757
0.00673271
0.00657558
0.00670914
0.00761498
0.00778019
-0.00018471
-0.000785214
-0.00417888
-0.000215965
0.00223374
-7.25137e-05
0.00212678
0.0037648
0.00307282
0.00429327
0.00502112
0.00494829
0.00506171
0.00511373
0.00540939
0.00672748
0.00657404
0.0066185
0.00749271
0.00760079
-0.000196425
-0.000762911
-0.00400703
-0.000155254
0.00215194
-2.18395e-05
0.00216512
0.00376635
0.00310254
0.00422423
0.00505381
0.00495117
0.00504738
0.00514805
0.00538805
0.0067172
0.00657732
0.00651605
0.00736826
0.00743405
-0.000207614
-0.00073947
-0.00383301
-9.32161e-05
0.00207513
2.96583e-05
0.00220428
0.00376989
0.0031326
0.00415522
0.0050854
0.00495742
0.00502807
0.00518755
0.00536542
0.00669872
0.00658733
0.00640354
0.00723832
0.00728405
-0.000218043
-0.000714852
-0.00365673
-3.00675e-05
0.00200339
8.18339e-05
0.00224368
0.00377531
0.00316265
0.00408656
0.00511509
0.00496789
0.00500333
0.00523092
0.0053439
0.00666908
0.00660395
0.00628423
0.00709922
0.00715407
-0.000227461
-0.000689044
-0.00347804
3.3707e-05
0.00193662
0.000134524
0.00228273
0.00378257
0.00319246
0.00401869
0.00514204
0.0049831
0.00497293
0.00527634
0.00532632
0.00662576
0.00662555
0.00616301
0.00694733
0.00704499
-0.000235612
-0.000662061
-0.00329689
9.75555e-05
0.00187468
0.000187632
0.00232086
0.00379169
0.00322192
0.00395198
0.00516539
0.00500355
0.00493691
0.00532151
0.00531512
0.00656749
0.00664965
0.00604593
0.00677994
0.00695449
-0.000242249
-0.000633913
-0.00311332
0.000160959
0.00181745
0.000241178
0.0023575
0.00380272
0.00325115
0.00388663
0.00518427
0.00502956
0.0048958
0.00536384
0.00531228
0.00649402
0.00667295
0.00593919
0.00659566
0.00687738
-0.00024713
-0.000604614
-0.00292744
0.000223509
0.00176489
0.000295279
0.00239209
0.00381572
0.00328031
0.00382274
0.00519799
0.00506129
0.0048504
0.00540089
0.00531949
0.00640643
0.00669137
0.00584886
0.00639446
0.00680522
-0.000250004
-0.000574174
-0.00273949
0.000284962
0.00171694
0.000350225
0.00242418
0.00383055
0.00330967
0.00376033
0.00520584
0.00509878
0.00480202
0.00543023
0.00533786
0.00630667
0.0066999
0.00578072
0.00617913
0.00672659
-0.000250623
-0.000542567
-0.00254977
0.000345224
0.00167353
0.000406443
0.00245338
0.0038469
0.00333977
0.00369943
0.00520701
0.00514206
0.00475229
0.00544932
0.00536796
0.00619767
0.00669293
0.00573905
0.00595645
0.00662922
-0.000248724
-0.000509755
-0.00235861
0.000404369
0.0016345
0.0004644
0.00247939
0.00386429
0.00337119
0.00364001
0.00520084
0.00519099
0.00470285
0.0054559
0.00540974
0.00608371
0.00666524
0.00572518
0.0057367
0.00650188
-0.000244042
-0.000475662
-0.0021664
0.000462562
0.00159961
0.000524588
0.00250215
0.00388207
0.0034046
0.00358226
0.00518662
0.00524509
0.00465556
0.00544808
0.00546214
0.0059704
0.00661256
0.00573627
0.00553232
0.00633665
-0.000236334
-0.000440176
-0.00197354
0.000520045
0.00156863
0.000587421
0.00252175
0.00389947
0.00344058
0.00352671
0.00516355
0.00530369
0.00461259
0.00542395
0.00552313
0.00586252
0.00653172
0.00576467
0.00535721
0.00613388
-0.000225345
-0.000403196
-0.00178046
0.000577152
0.00154123
0.00065327
0.00253842
0.00391554
0.00347963
0.00347412
0.00513089
0.0053659
0.00457628
0.00538245
0.00559002
0.00575547
0.00642188
0.00579981
0.00522434
0.00590427
-0.00021085
-0.00036454
-0.00158767
0.000634176
0.00151723
0.000722433
0.00255278
0.0039293
0.00352191
0.00342535
0.00508806
0.0054304
0.00454916
0.00532318
0.00565927
0.00567591
0.00628586
0.00582957
0.00514225
0.00566656
-0.000192661
-0.000323989
-0.00139572
0.000691462
0.00149653
0.000794891
0.00256593
0.0039399
0.00356717
0.00338158
0.0050346
0.00549548
0.00453408
0.00524584
0.00572527
0.00562327
0.00613012
0.00584068
0.0051107
0.00544298
-0.000170542
-0.000281305
-0.00120528
0.000749467
0.00147912
0.000870226
0.00257911
0.00394692
0.00361483
0.00334407
0.00497043
0.005559
0.00453359
0.005151
0.00578126
0.0056024
0.00596484
0.00582139
0.00511866
0.00525734
-0.000144359
-0.00023625
-0.00101691
0.000808573
0.00146523
0.000947782
0.00259344
0.00395031
0.0036639
0.003314
0.00489593
0.00561822
0.00455005
0.00504156
0.00581983
0.00561421
0.00580115
0.00576563
0.00514978
0.0051273
-0.000113967
-0.000188597
-0.000831077
0.000869073
0.00145531
0.00102682
0.00260985
0.00395039
0.00371323
0.00329222
0.00481198
0.00567039
0.00458494
0.00492157
0.00583441
0.00565621
0.00565002
0.00567436
0.00518761
0.0050564
-7.91684e-05
-0.000138081
-0.000648254
0.000931235
0.00144978
0.00110661
0.00262883
0.00394793
0.00376186
0.00327912
0.0047199
0.00571277
0.00463899
0.00479568
0.00581928
0.00572379
0.00552234
0.00555143
0.00521756
0.00503806
-3.98686e-05
-8.45284e-05
-0.000468748
0.000995254
0.00144901
0.00118677
0.00265053
0.00394377
0.00380926
0.00327488
0.00462126
0.00574206
0.00471179
0.00467014
0.00576907
0.005809
0.00543037
0.00540322
0.00522596
0.00506047
4.09326e-06
-2.77629e-05
-0.000292709
0.00106103
0.00145352
0.00126731
0.00267451
0.00393863
0.00385514
0.0032794
0.0045182
0.00575539
0.00480112
0.00455223
0.00568042
0.00590004
0.00538732
0.00524268
0.00520048
0.00510985
5.2942e-05
3.22578e-05
-0.000120274
0.0011285
0.00146344
0.00134846
0.00270023
0.0039329
0.00389995
0.0032928
0.00441232
0.00575047
0.00490361
0.00444939
0.00555364
0.00598228
0.00540229
0.00508846
0.00513382
0.00516981
0.000106905
9.54999e-05
4.86135e-05
0.00119763
0.00147842
0.00143085
0.00272734
0.00392655
0.00394423
0.00331539
0.00430546
0.00572462
0.00501469
0.0043692
0.00539396
0.00603768
0.00546973
0.00496516
0.00503256
0.00522314
0.000166178
0.00016189
0.000213866
0.0012687
0.00149814
0.00151488
0.00275644
0.00391915
0.00398768
0.0033476
0.00419988
0.00567643
0.00512779
0.00431852
0.00521138
0.00605139
0.00557225
0.00489272
0.00491689
0.0052585
0.000230982
0.000231243
0.0003754
0.00134222
0.00152205
0.00160081
0.00278824
0.00391008
0.00403061
0.00338987
0.0040977
0.00560534
0.00523782
0.00429962
0.00501245
0.00601704
0.00568802
0.00487271
0.00480809
0.0052785
0.000301388
0.000303541
0.000532818
0.0014192
0.00154897
0.00168829
0.00282441
0.00389883
0.00407176
0.00344382
0.0040024
0.00550952
0.00533986
0.00431882
0.00480658
0.00592764
0.00579483
0.0049031
0.00471413
0.00529644
0.00037801
0.000378749
0.000685403
0.00150095
0.00157836
0.00177595
0.00286744
0.00388609
0.00410857
0.00350905
0.00391706
0.00539275
0.00542517
0.00438011
0.00463413
0.00579655
0.00589442
0.0049927
0.00463953
0.00522402
0.000460874
0.000457016
0.00083259
0.00158854
0.00160983
0.00186202
0.00291887
0.00387354
0.00413888
0.00358352
0.00384862
0.00525882
0.0054896
0.0044808
0.00450882
0.00564104
0.00596223
0.00511368
0.00457691
0.00505694
0.000549994
0.000538581
0.000973391
0.0016832
0.00164372
0.00194278
0.00298042
0.00386488
0.00415961
0.00366629
0.00380103
0.00511185
0.00552865
0.0046092
0.00443002
0.00548077
0.00600122
0.00525411
0.00454619
0.00482554
0.000646048
0.000623699
0.00110746
0.00178471
0.0016828
0.00201451
0.00305062
0.00386666
0.00416958
0.00375122
0.00377785
0.00496754
0.00553482
0.00473914
0.00438328
0.00527799
0.00593356
0.00535799
0.00455894
0.00469424
0.000747581
0.000712969
0.0012341
0.00189308
0.00172896
0.00207527
0.00312644
0.00388375
0.00417105
0.0038311
0.00377997
0.0048283
0.00550622
0.00487694
0.00440643
0.00511359
0.0058415
0.00545416
0.00461152
0.00450965
0.000855392
0.000806748
0.00135295
0.00200736
0.00178626
0.00212392
0.00320135
0.00392042
0.00416896
0.00390057
0.00380691
0.00470835
0.00544616
0.00498198
0.00444815
0.00496575
0.00569956
0.00550027
0.00469795
0.00442596
0.000969139
0.000905539
0.0014641
0.00212506
0.00185761
0.00216096
0.00326884
0.00397717
0.00417515
0.00395634
0.00385144
0.00461079
0.00535632
0.00505368
0.00450686
0.00484143
0.00554258
0.00551461
0.00480659
0.00443425
0.00108822
0.00101003
0.00156746
0.00224529
0.00194479
0.00218983
0.00332133
0.00405037
0.00419686
0.00399612
0.00389523
0.00453592
0.00526213
0.00509397
0.00456582
0.00474723
0.00538788
0.00550732
0.00493079
0.00449854
0.00121272
0.00112066
0.00166386
0.00236418
0.0020498
0.00221489
0.00335341
0.00413354
0.00423887
0.004023
0.00393125
0.00448376
0.00517484
0.00511062
0.00462455
0.00468728
0.0052426
0.00547799
0.00506096
0.00459101
0.0013416
0.001238
0.00175434
0.00247975
0.00217221
0.00224237
0.00336308
0.00421556
0.00430394
0.00404882
0.00395648
0.00444427
0.0050997
0.00512199
0.00468309
0.00465052
0.0051139
0.00542216
0.00518226
0.00472162
0.00147438
0.00136249
0.0018407
0.00258905
0.00231038
0.00227909
0.00335036
0.00428636
0.00439078
0.00408426
0.00397332
0.00441308
0.00503877
0.00512869
0.00473696
0.00463339
0.00501405
0.00534597
0.00526806
0.00488852
0.00161001
0.00149457
0.00192523
0.00268928
0.00246155
0.00233159
0.00331995
0.00433517
0.00449192
0.00414058
0.00398726
0.00438347
0.00498501
0.00513269
0.0047961
0.00463696
0.0049389
0.00526315
0.00529971
0.00506304
0.00174758
0.00163418
0.00201097
0.00277863
0.00262087
0.00240524
0.00327924
0.00435408
0.00459691
0.00422307
0.00400734
0.00435362
0.00493727
0.00513887
0.00486076
0.00465294
0.00487768
0.00519479
0.00529387
0.00520818
0.00188614
0.00178084
0.00210087
0.00285636
0.00278218
0.00250383
0.0032381
0.00433847
0.00469575
0.00433201
0.00404758
0.00432836
0.00489087
0.00514281
0.004927
0.00468558
0.00483099
0.00514666
0.0052793
0.00529427
0.0020251
0.00193357
0.00219744
0.00292302
0.00293821
0.0026286
0.00320712
0.00428861
0.0047734
0.00446257
0.00411493
0.00431297
0.00484386
0.00514181
0.00499545
0.00474256
0.00479961
0.0051006
0.00527459
0.00533986
0.002164
0.00209075
0.00230225
0.00298111
0.00308154
0.00277735
0.00319775
0.00421481
0.00481749
0.0046005
0.00421109
0.00431483
0.00479887
0.00513422
0.00506018
0.00482019
0.00479309
0.00504865
0.00527603
0.00537846
0.00230244
0.00225058
0.00241573
0.00303474
0.00320846
0.0029412
0.00321951
0.00413496
0.00482251
0.00472952
0.00433477
0.00434012
0.00475918
0.00512013
0.00511551
0.00490808
0.00482512
0.00500372
0.00526349
0.00542164
0.00244012
0.00241102
0.00253774
0.00308797
0.00331845
0.00310742
0.00327479
0.00406625
0.00478913
0.00483268
0.0044763
0.00439359
0.00472973
0.00510075
0.00516276
0.00499472
0.00488842
0.00498752
0.00523503
0.00545833
0.00257682
0.00257
0.00266765
0.00314447
0.0034122
0.00326833
0.00335962
0.00401943
0.00473526
0.00490389
0.00462159
0.00447539
0.00471717
0.0050757
0.0052033
0.00507757
0.00496439
0.00501299
0.00521177
0.00547258
0.00271241
0.0027257
0.00280389
0.00320736
0.00349306
0.00341923
0.00346518
0.00399967
0.00466096
0.00494517
0.00475592
0.00457854
0.00473017
0.00505
0.00523299
0.00516279
0.00504326
0.00506506
0.00521525
0.00547171
0.00284671
0.0028769
0.00294441
0.00327883
0.00356505
0.00355701
0.00358357
0.00401077
0.00461928
0.00496359
0.00487167
0.00469389
0.00477243
0.00503579
0.00524544
0.00524645
0.00513036
0.00512625
0.0052504
0.00547735
0.00297955
0.00302292
0.00308668
0.0033597
0.00363222
0.00368069
0.00370783
0.00404944
0.00459043
0.00496706
0.00496778
0.00481207
0.00483698
0.00504338
0.00524786
0.005314
0.00522969
0.00519558
0.005303
0.00550537
0.0031107
0.00316337
0.00322818
0.00344956
0.00369807
0.00379091
0.00383243
0.00411007
0.0045798
0.00496449
0.00504426
0.00492752
0.00491667
0.00507523
0.00525781
0.00535848
0.00532809
0.00527912
0.00536368
0.00555482
0.00323971
0.00329792
0.00336684
0.00354729
0.00376531
0.00388955
0.00395375
0.00418692
0.00458937
0.00496445
0.00510343
0.00503518
0.00500754
0.00512462
0.0052844
0.00539367
0.00541026
0.00537432
0.00543357
0.00561636
0.00336616
0.00342638
0.00350088
0.00365107
0.0038359
0.00397895
0.0040691
0.00427459
0.00461761
0.004975
0.00515189
0.00513109
0.00510619
0.00518819
0.00532384
0.00543317
0.00547739
0.00546876
0.00551318
0.00568392
0.00348924
0.00354885
0.00362887
0.00375839
0.00391073
0.00406196
0.00417769
0.00436937
0.00466012
0.00499832
0.00519732
0.00521659
0.00520737
0.00526816
0.00537426
0.00547905
0.00554001
0.00555497
0.0055986
0.00575391
0.00360809
0.0036647
0.00374972
0.00386706
0.00399011
0.00414044
0.00427852
0.00446973
0.00474474
0.00503661
0.00524314
0.00529604
0.00530537
0.00536164
0.00544088
0.00553016
0.00560399
0.00563682
0.00568636
0.00582749
0.00372162
0.00377448
0.00386244
0.00397364
0.00407305
0.00421721
0.00437144
0.00456692
0.00481834
0.00508621
0.00529111
0.00537466
0.00540041
0.00545948
0.00552726
0.00559199
0.0056701
0.00571871
0.0057755
0.00590729
0.0038283
0.00387674
0.00396681
0.00407665
0.00415792
0.00429322
0.00445802
0.00465969
0.0049005
0.00514896
0.00534392
0.00545413
0.00549869
0.00555814
0.00562956
0.00567382
0.00574143
0.00580183
0.00586584
0.0059932
0.00392667
0.0039715
0.00406161
0.00417349
0.00424366
0.00436862
0.00453814
0.00474864
0.00498438
0.00522182
0.00540581
0.00553486
0.00560397
0.00566351
0.00574307
0.00578312
0.00582884
0.00588765
0.00595458
0.00607937
0.00401459
0.00405776
0.00414684
0.00426119
0.00432788
0.0044457
0.00461234
0.00483074
0.00506923
0.00529769
0.00548014
0.00562579
0.00572212
0.00579105
0.00588146
0.00593883
0.00597352
0.00601929
0.00608212
0.00619183
0.00408935
0.00413244
0.00422254
0.00434033
0.00440748
0.00452378
0.00468212
0.00489892
0.00513001
0.00534348
0.00551159
0.00567022
0.00578926
0.00587054
0.00597039
0.00605693
0.00611812
0.00619435
0.00629669
0.00644142
0.0041502
0.00419602
0.00428608
0.0044094
0.00448378
0.00460694
0.00479333
0.00502078
0.00528092
0.0055183
0.00569759
0.00586738
0.00601282
0.00610318
0.00617236
0.00620437
0.00618949
0.00615563
0.0061492
0.0062036
0.00419248
0.00423662
0.00433055
0.00446199
0.004549
0.00465927
0.00477875
0.00495268
0.00513773
0.00533573
0.00556115
0.00581646
0.00606492
0.00626836
0.00646869
0.00668057
0.00691241
0.00716413
0.00742706
0.00765466
0.00421359
0.00428242
0.00439023
0.00452828
0.00463235
0.00478125
0.00497668
0.00523818
0.00552172
0.00575897
0.00593443
0.00609506
0.00624335
0.00633962
0.00640596
0.00643238
0.00640837
0.00635078
0.00630073
0.00630444
0.00417441
0.00422373
0.00438793
0.00459444
0.0047338
0.00488053
0.00502875
0.00523128
0.00544326
0.00564867
0.00582208
0.00597896
0.00618609
0.00639984
0.00662529
0.00688655
0.00716272
0.00742944
0.00765769
0.0078172
0.00417602
0.00424675
0.00443253
0.00464037
0.00479337
0.00495587
0.00515163
0.00542555
0.0057115
0.00593992
0.00612574
0.00626056
0.00640646
0.00655918
0.00669571
0.00683445
0.00697607
0.00710885
0.00721436
0.00727191
0.0131803
0.00931956
0.00259098
-0.00248279
-0.00338073
-0.00206079
-0.000636237
0.000503536
0.00150026
0.00248801
0.00339019
0.00407081
0.00451918
0.00487933
0.0052439
0.00563504
0.00621973
0.00692728
0.00743562
0.0078423
0.00837375
0.00892281
0.00934753
0.00966667
0.0100116
0.01042
0.0108792
0.0113784
0.0119019
0.0124598
0.0129895
0.0135398
0.0140922
0.0145875
0.0151072
0.0156599
0.016251
0.0168935
0.0175503
0.0180214
0.0178704
0.01753
0.0180011
0.0189582
0.0195487
0.0199923
0.0208366
0.0217304
0.0223191
0.0229478
0.0237018
0.0244401
0.0251557
0.0256098
0.0257314
0.0258476
0.0264429
0.0276088
0.0287566
0.029571
0.0302592
0.0309038
0.0315423
0.0323235
0.0330893
0.0337811
0.0344451
0.0351844
0.0361391
0.0371494
0.0380399
0.038915
0.0398745
0.0407868
0.0417166
0.0426621
0.0436466
0.0446424
0.0457284
0.0468174
0.047822
0.0488454
0.0499419
0.0510969
0.0522825
0.0535337
0.0546845
0.0558318
0.0570225
0.0583344
0.0596229
0.0608521
0.0621997
0.0635393
0.0648957
0.0662776
0.0675879
0.0690062
0.0702802
0.0714133
0.0126969
0.0092082
0.00268725
-0.00233311
-0.00329268
-0.00201885
-0.000612728
0.000518082
0.00151036
0.00249621
0.00339785
0.00407831
0.00452617
0.0048854
0.00524898
0.0056389
0.00622279
0.00693048
0.00743866
0.00784468
0.00837589
0.00892498
0.00934959
0.0096684
0.010013
0.0104214
0.0108805
0.0113797
0.0119032
0.0124611
0.0129908
0.0135411
0.0140935
0.0145887
0.0151083
0.015661
0.016252
0.0168944
0.0175513
0.018023
0.017872
0.0175305
0.0180013
0.0189592
0.0195496
0.0199928
0.0208371
0.0217313
0.0223197
0.0229482
0.0237024
0.0244406
0.0251562
0.0256105
0.0257321
0.025848
0.026443
0.027609
0.0287571
0.0295713
0.0302595
0.0309042
0.0315426
0.0323237
0.0330895
0.0337814
0.0344453
0.0351846
0.0361393
0.0371496
0.0380401
0.0389152
0.0398747
0.040787
0.0417168
0.0426623
0.0436467
0.0446426
0.0457285
0.0468176
0.0478222
0.0488456
0.049942
0.051097
0.0522826
0.0535338
0.0546847
0.0558319
0.0570226
0.0583345
0.0596231
0.0608522
0.0621998
0.0635394
0.0648958
0.0662777
0.067588
0.0690063
0.0702803
0.0714134
0.0122097
0.00907649
0.00286288
-0.00206737
-0.00314961
-0.00196515
-0.00058317
0.000539542
0.00152585
0.00250712
0.00340548
0.00408415
0.00453162
0.00489118
0.00525472
0.00564355
0.00622635
0.00693372
0.00744144
0.00784692
0.00837809
0.00892716
0.00935158
0.00966997
0.0100142
0.0104224
0.0108815
0.0113807
0.0119042
0.0124621
0.0129918
0.013542
0.0140946
0.0145897
0.0151093
0.0156619
0.0162528
0.0168951
0.0175522
0.0180246
0.0178734
0.0175302
0.0180011
0.0189602
0.0195506
0.0199929
0.0208375
0.0217322
0.0223203
0.0229484
0.0237028
0.0244411
0.0251568
0.0256113
0.0257326
0.025848
0.0264428
0.0276092
0.0287576
0.0295717
0.0302598
0.0309044
0.0315427
0.0323239
0.0330898
0.0337816
0.0344455
0.0351847
0.0361394
0.0371498
0.0380403
0.0389153
0.0398749
0.0407871
0.041717
0.0426624
0.0436469
0.0446427
0.0457286
0.0468178
0.0478223
0.0488457
0.0499421
0.0510971
0.0522827
0.053534
0.0546848
0.055832
0.0570226
0.0583346
0.0596232
0.0608523
0.0621999
0.0635395
0.0648958
0.0662778
0.0675881
0.0690064
0.0702804
0.0714135
0.0117465
0.00894508
0.00308222
-0.00173126
-0.00294812
-0.00188017
-0.000531595
0.000577602
0.00155306
0.00252554
0.00341652
0.00409032
0.00453659
0.00489772
0.00526319
0.00565186
0.00623255
0.00693797
0.0074448
0.00785014
0.00838137
0.00893025
0.00935438
0.00967228
0.010016
0.0104238
0.0108827
0.0113818
0.0119051
0.012463
0.0129926
0.0135428
0.0140956
0.0145907
0.0151102
0.0156628
0.0162537
0.016896
0.0175533
0.0180267
0.017875
0.0175296
0.0180006
0.0189614
0.0195515
0.0199928
0.0208379
0.0217335
0.0223208
0.0229486
0.0237034
0.0244417
0.0251574
0.0256121
0.0257332
0.0258479
0.0264424
0.0276094
0.0287583
0.0295722
0.0302601
0.0309047
0.0315429
0.0323242
0.0330901
0.0337819
0.0344457
0.0351847
0.0361395
0.0371501
0.0380405
0.0389154
0.0398751
0.0407873
0.0417171
0.0426626
0.043647
0.0446428
0.0457288
0.046818
0.0478225
0.0488458
0.0499422
0.0510972
0.0522828
0.0535341
0.054685
0.0558321
0.0570227
0.0583347
0.0596233
0.0608524
0.0621999
0.0635396
0.0648959
0.0662779
0.0675881
0.0690065
0.0702806
0.0714137
0.0112935
0.00880459
0.00331224
-0.00137221
-0.00272014
-0.00177824
-0.000466578
0.00062882
0.00159154
0.00255206
0.00343219
0.00409822
0.00454204
0.00490551
0.0052749
0.00566485
0.0062424
0.0069436
0.00744893
0.00785472
0.00838595
0.00893431
0.00935827
0.00967591
0.010019
0.0104262
0.0108845
0.0113834
0.0119063
0.0124639
0.0129932
0.0135433
0.0140961
0.0145915
0.0151111
0.0156638
0.0162547
0.0168969
0.0175545
0.0180292
0.0178769
0.0175289
0.0180002
0.0189628
0.0195526
0.0199926
0.0208385
0.021735
0.0223214
0.0229487
0.0237041
0.0244425
0.0251582
0.0256131
0.0257338
0.0258477
0.0264418
0.0276096
0.0287592
0.0295728
0.0302605
0.0309051
0.0315431
0.0323244
0.0330905
0.0337822
0.0344459
0.0351847
0.0361396
0.0371504
0.0380408
0.0389156
0.0398753
0.0407875
0.0417172
0.0426627
0.0436472
0.0446429
0.0457289
0.0468182
0.0478226
0.0488459
0.0499424
0.0510973
0.0522829
0.0535343
0.0546851
0.0558322
0.0570228
0.0583348
0.0596234
0.0608525
0.0622
0.0635397
0.064896
0.066278
0.0675882
0.0690066
0.0702809
0.071414
0.0108468
0.00865011
0.00353733
-0.00100646
-0.00247772
-0.00166855
-0.000397177
0.000685926
0.00163643
0.00258394
0.00345152
0.00410823
0.00454893
0.00491505
0.00528959
0.00568206
0.00625558
0.00695049
0.00745395
0.00786085
0.00839182
0.00893906
0.00936292
0.00968076
0.0100235
0.01043
0.0108876
0.011386
0.0119082
0.0124651
0.0129938
0.0135433
0.0140962
0.0145919
0.0151117
0.0156643
0.0162554
0.0168976
0.0175557
0.0180321
0.0178793
0.0175283
0.018
0.0189646
0.0195535
0.0199922
0.0208392
0.0217368
0.022322
0.0229487
0.023705
0.0244435
0.0251591
0.0256141
0.0257346
0.0258476
0.0264412
0.02761
0.0287602
0.0295735
0.0302609
0.0309054
0.0315434
0.0323247
0.0330908
0.0337826
0.0344461
0.0351847
0.0361398
0.0371508
0.038041
0.0389157
0.0398755
0.0407877
0.0417174
0.0426629
0.0436473
0.0446431
0.045729
0.0468184
0.0478228
0.048846
0.0499425
0.0510974
0.052283
0.0535344
0.0546853
0.0558323
0.0570228
0.0583349
0.0596236
0.0608525
0.0622001
0.0635398
0.0648961
0.0662781
0.0675883
0.0690068
0.0702813
0.0714144
0.0104117
0.00848151
0.00375075
-0.00063821
-0.0022218
-0.00155169
-0.000325616
0.000745943
0.00168516
0.00261927
0.00347341
0.00412012
0.00455755
0.00492646
0.00530655
0.00570193
0.00627074
0.00695808
0.00745968
0.00786836
0.00839879
0.00894418
0.00936778
0.00968616
0.010029
0.0104351
0.0108921
0.0113902
0.0119114
0.012467
0.0129949
0.0135434
0.0140958
0.014592
0.0151118
0.0156642
0.0162553
0.0168974
0.0175564
0.0180351
0.0178823
0.0175283
0.0180005
0.018967
0.0195547
0.0199918
0.0208401
0.0217388
0.0223225
0.0229486
0.023706
0.0244448
0.0251601
0.0256152
0.0257355
0.0258475
0.0264406
0.0276105
0.0287614
0.0295743
0.0302614
0.0309059
0.0315437
0.0323251
0.0330913
0.033783
0.0344463
0.0351847
0.03614
0.0371512
0.0380413
0.0389159
0.0398758
0.040788
0.0417176
0.0426631
0.0436475
0.0446432
0.0457292
0.0468187
0.047823
0.0488461
0.0499426
0.0510976
0.0522831
0.0535346
0.0546855
0.0558324
0.0570229
0.058335
0.0596237
0.0608526
0.0622002
0.06354
0.0648962
0.0662782
0.0675885
0.069007
0.0702819
0.071415
0.00999444
0.00829778
0.00394738
-0.000268496
-0.00195002
-0.00142549
-0.000252009
0.000807405
0.00173641
0.00265731
0.00349755
0.00413378
0.00456777
0.0049395
0.00532511
0.00572331
0.00628694
0.00696602
0.00746587
0.00787685
0.00840663
0.00894957
0.0093725
0.00969137
0.0100346
0.0104408
0.0108978
0.0113958
0.0119161
0.0124701
0.0129967
0.0135438
0.0140955
0.0145921
0.0151117
0.0156634
0.0162542
0.0168958
0.0175555
0.0180375
0.0178856
0.0175291
0.0180021
0.0189702
0.0195563
0.0199918
0.0208416
0.021741
0.0223226
0.022948
0.023707
0.0244462
0.025161
0.0256163
0.0257367
0.0258477
0.0264401
0.0276111
0.0287628
0.0295751
0.0302619
0.0309065
0.0315442
0.0323256
0.0330918
0.0337835
0.0344467
0.0351848
0.0361402
0.0371517
0.0380416
0.0389161
0.0398761
0.0407882
0.0417177
0.0426632
0.0436477
0.0446434
0.0457293
0.0468189
0.0478231
0.0488462
0.0499428
0.0510977
0.0522833
0.0535348
0.0546857
0.0558325
0.057023
0.0583352
0.0596239
0.0608527
0.0622003
0.0635401
0.0648963
0.0662784
0.0675887
0.0690073
0.0702826
0.0714157
0.0095982
0.00809961
0.00412557
0.000103415
-0.00166031
-0.00128865
-0.000177208
0.000868723
0.00178929
0.00269796
0.00352415
0.00414934
0.00457951
0.00495394
0.00534493
0.00574579
0.00630392
0.00697433
0.00747236
0.00788592
0.00841509
0.00895522
0.00937701
0.00969605
0.0100397
0.0104464
0.010904
0.0114026
0.0119221
0.0124743
0.0129994
0.0135447
0.0140957
0.0145927
0.0151117
0.0156623
0.0162525
0.0168928
0.0175524
0.018038
0.0178884
0.0175303
0.0180047
0.0189742
0.0195584
0.0199926
0.0208444
0.0217441
0.0223224
0.0229467
0.0237077
0.0244474
0.0251615
0.0256172
0.0257382
0.0258484
0.0264398
0.0276119
0.0287643
0.029576
0.0302625
0.0309071
0.0315449
0.0323262
0.0330924
0.0337842
0.0344472
0.0351849
0.0361406
0.0371523
0.038042
0.0389163
0.0398765
0.0407885
0.0417179
0.0426634
0.043648
0.0446436
0.0457295
0.0468192
0.0478233
0.0488464
0.049943
0.0510979
0.0522834
0.053535
0.054686
0.0558327
0.0570231
0.0583353
0.0596241
0.0608529
0.0622004
0.0635403
0.0648965
0.0662785
0.0675889
0.0690077
0.0702834
0.0714166
0.00922431
0.00789294
0.00428651
0.000475227
-0.00135481
-0.00114159
-0.000101811
0.0009292
0.00184365
0.00274158
0.00355362
0.00416699
0.00459279
0.00496972
0.00536599
0.00576942
0.00632182
0.00698311
0.00747909
0.00789531
0.00842394
0.00896103
0.00938133
0.00970019
0.010044
0.0104516
0.0109102
0.01141
0.0119291
0.0124794
0.0130028
0.0135461
0.0140962
0.0145939
0.015112
0.0156609
0.0162504
0.0168886
0.0175468
0.0180359
0.0178895
0.0175311
0.0180079
0.0189789
0.0195606
0.019994
0.0208488
0.0217488
0.0223224
0.0229446
0.0237078
0.0244479
0.025161
0.0256174
0.0257398
0.0258496
0.02644
0.0276129
0.028766
0.029577
0.030263
0.0309079
0.0315458
0.0323269
0.0330931
0.033785
0.0344478
0.0351852
0.0361412
0.0371531
0.0380425
0.0389168
0.039877
0.0407889
0.0417182
0.0426637
0.0436483
0.0446438
0.0457297
0.0468194
0.0478234
0.0488465
0.0499432
0.0510981
0.0522835
0.0535352
0.0546863
0.0558328
0.0570232
0.0583355
0.0596244
0.060853
0.0622006
0.0635405
0.0648967
0.0662787
0.0675892
0.0690082
0.0702845
0.0714177
0.00887619
0.00768617
0.00442928
0.000839574
-0.00103764
-0.000983003
-2.4222e-05
0.000989208
0.0018995
0.00278836
0.00358613
0.00418681
0.0046077
0.00498689
0.00538839
0.00579446
0.00634089
0.00699246
0.00748604
0.00790493
0.00843303
0.00896688
0.00938537
0.00970381
0.0100478
0.0104562
0.0109162
0.0114177
0.0119367
0.0124853
0.0130069
0.0135479
0.0140969
0.0145956
0.0151127
0.0156594
0.0162479
0.0168836
0.0175389
0.0180307
0.0178883
0.0175303
0.0180115
0.0189838
0.0195621
0.0199949
0.0208543
0.0217554
0.0223231
0.0229418
0.023707
0.0244475
0.0251591
0.0256165
0.025741
0.025851
0.0264408
0.0276146
0.0287681
0.0295779
0.0302635
0.0309087
0.0315468
0.0323276
0.0330937
0.033786
0.0344486
0.0351857
0.0361419
0.037154
0.0380432
0.0389173
0.0398776
0.0407894
0.0417185
0.042664
0.0436486
0.0446441
0.04573
0.0468198
0.0478236
0.0488467
0.0499434
0.0510982
0.0522837
0.0535355
0.0546866
0.055833
0.0570234
0.0583358
0.0596246
0.0608532
0.0622008
0.0635407
0.0648969
0.066279
0.0675896
0.0690088
0.0702857
0.071419
0.00855743
0.00748427
0.00454957
0.00118941
-0.000710548
-0.00080967
5.76163e-05
0.00104864
0.00195616
0.00283812
0.00362182
0.00420898
0.00462432
0.00500552
0.00541218
0.00582105
0.00636132
0.00700251
0.00749325
0.00791477
0.00844224
0.00897259
0.00938897
0.00970685
0.010051
0.0104605
0.0109219
0.0114255
0.0119447
0.0124917
0.0130115
0.0135499
0.0140978
0.0145976
0.0151137
0.0156578
0.0162452
0.0168776
0.0175289
0.0180222
0.0178843
0.0175272
0.0180147
0.0189891
0.0195622
0.0199938
0.0208594
0.0217634
0.0223246
0.0229382
0.0237051
0.0244457
0.0251556
0.0256138
0.0257411
0.025852
0.0264418
0.027617
0.0287708
0.029579
0.0302639
0.0309096
0.031548
0.0323283
0.0330942
0.0337869
0.0344495
0.0351864
0.0361428
0.037155
0.0380439
0.0389181
0.0398785
0.0407901
0.041719
0.0426644
0.043649
0.0446444
0.0457302
0.0468202
0.0478239
0.0488469
0.0499437
0.0510983
0.0522837
0.0535357
0.0546869
0.0558332
0.0570235
0.058336
0.0596248
0.0608534
0.062201
0.063541
0.0648972
0.0662792
0.0675901
0.0690096
0.0702872
0.0714206
0.00826655
0.0072884
0.00464566
0.00152206
-0.000374157
-0.000619509
0.000144689
0.0011069
0.0020129
0.00289073
0.00366095
0.00423373
0.00464271
0.0050255
0.00543724
0.00584915
0.00638322
0.00701342
0.00750083
0.00792485
0.0084515
0.00897805
0.00939197
0.00970927
0.0100538
0.0104644
0.0109274
0.0114334
0.0119533
0.0124985
0.0130166
0.0135522
0.0140986
0.0145996
0.015115
0.015656
0.0162423
0.0168705
0.0175164
0.0180098
0.0178772
0.0175215
0.018017
0.0189952
0.019561
0.0199892
0.0208618
0.0217708
0.0223261
0.0229338
0.0237018
0.0244424
0.0251503
0.0256094
0.0257395
0.0258519
0.0264424
0.0276201
0.0287744
0.0295804
0.0302641
0.0309103
0.0315492
0.0323289
0.0330944
0.0337877
0.0344503
0.0351871
0.0361439
0.0371562
0.0380447
0.038919
0.0398796
0.040791
0.0417198
0.0426651
0.0436496
0.0446447
0.0457305
0.0468206
0.0478243
0.0488473
0.049944
0.0510984
0.0522837
0.0535358
0.0546872
0.0558334
0.0570237
0.0583362
0.0596251
0.0608536
0.0622012
0.0635413
0.0648975
0.0662794
0.0675907
0.0690104
0.0702889
0.0714225
0.00799826
0.00710043
0.00472095
0.00183625
-3.16319e-05
-0.000412121
0.0002382
0.0011641
0.0020692
0.00294593
0.00370363
0.00426126
0.00466291
0.00504666
0.00546337
0.0058787
0.00640667
0.00702535
0.00750892
0.00793525
0.00846078
0.00898313
0.00939435
0.0097111
0.0100561
0.010468
0.0109326
0.0114416
0.0119623
0.0125059
0.0130221
0.0135548
0.0140994
0.0146017
0.0151165
0.0156544
0.0162392
0.0168624
0.017501
0.0179931
0.0178664
0.0175135
0.0180179
0.0190022
0.019559
0.0199811
0.0208595
0.0217756
0.022327
0.0229281
0.0236967
0.0244375
0.0251431
0.0256031
0.0257364
0.02585
0.0264417
0.0276232
0.0287788
0.0295824
0.0302644
0.030911
0.0315505
0.0323296
0.0330945
0.0337881
0.0344509
0.0351878
0.0361453
0.0371574
0.0380456
0.0389201
0.0398808
0.040792
0.0417207
0.0426661
0.0436504
0.044645
0.0457305
0.0468209
0.0478249
0.048848
0.0499446
0.0510985
0.0522836
0.0535358
0.0546876
0.0558337
0.0570239
0.0583364
0.0596253
0.0608539
0.0622014
0.0635415
0.0648978
0.0662797
0.0675915
0.0690115
0.0702908
0.0714247
0.00774742
0.00692318
0.00477973
0.00212912
0.00031252
-0.000186839
0.000340485
0.00122086
0.00212435
0.00300297
0.00374978
0.00429177
0.00468502
0.00506891
0.00549043
0.00590962
0.00643167
0.00703836
0.00751763
0.00794619
0.00847004
0.00898783
0.00939614
0.00971245
0.0100584
0.0104714
0.0109377
0.01145
0.0119718
0.0125137
0.013028
0.0135577
0.0141
0.0146037
0.0151181
0.0156529
0.0162357
0.0168529
0.0174828
0.0179717
0.0178517
0.017504
0.0180173
0.01901
0.0195566
0.0199699
0.0208519
0.0217763
0.0223266
0.0229216
0.0236899
0.0244307
0.0251342
0.025595
0.0257317
0.0258465
0.0264392
0.0276253
0.0287834
0.0295847
0.0302647
0.0309116
0.0315518
0.0323301
0.0330944
0.0337883
0.034451
0.0351883
0.0361467
0.0371588
0.0380464
0.0389213
0.0398822
0.0407931
0.0417217
0.0426673
0.0436516
0.0446455
0.0457304
0.046821
0.0478255
0.0488489
0.0499454
0.0510986
0.0522833
0.0535356
0.0546878
0.055834
0.0570241
0.0583366
0.0596254
0.0608541
0.0622016
0.0635418
0.0648982
0.0662799
0.0675923
0.0690126
0.070293
0.0714272
0.00750988
0.0067578
0.00482539
0.00239806
0.000654606
5.73898e-05
0.000454236
0.0012779
0.00217746
0.00306084
0.0037992
0.00432555
0.00470931
0.00509233
0.00551838
0.00594185
0.00645821
0.00705256
0.00752711
0.00795792
0.00847984
0.00899233
0.00939764
0.0097142
0.0100614
0.0104752
0.0109428
0.0114587
0.011982
0.0125218
0.0130341
0.0135608
0.0141006
0.0146057
0.0151198
0.0156517
0.016232
0.0168433
0.0174619
0.0179461
0.0178332
0.0174944
0.0180156
0.019018
0.0195546
0.0199569
0.0208394
0.0217727
0.0223251
0.0229152
0.0236817
0.0244224
0.0251236
0.0255855
0.0257259
0.0258421
0.026435
0.0276256
0.0287871
0.0295867
0.0302648
0.030912
0.031553
0.0323307
0.0330943
0.0337882
0.0344508
0.0351883
0.0361481
0.0371603
0.038047
0.0389224
0.0398838
0.0407942
0.0417227
0.0426687
0.0436531
0.0446462
0.04573
0.0468207
0.0478259
0.04885
0.0499465
0.051099
0.052283
0.0535352
0.0546879
0.0558343
0.0570245
0.0583369
0.0596256
0.0608544
0.0622018
0.063542
0.0648985
0.0662802
0.0675933
0.0690139
0.0702953
0.07143
0.00728216
0.00660329
0.00486207
0.00264234
0.000991118
0.000320545
0.000582083
0.00133633
0.00222787
0.00311842
0.00385144
0.00436288
0.00473615
0.00511714
0.00554731
0.00597534
0.00648629
0.00706799
0.00753749
0.00797059
0.0084903
0.00899691
0.00939929
0.00971689
0.010066
0.0104801
0.0109483
0.0114678
0.0119926
0.0125303
0.0130402
0.0135639
0.0141013
0.0146078
0.0151216
0.0156509
0.016228
0.0168336
0.0174389
0.0179172
0.0178121
0.0174862
0.0180143
0.0190257
0.0195536
0.0199441
0.020824
0.0217656
0.0223232
0.0229099
0.0236727
0.0244128
0.0251117
0.0255748
0.0257199
0.0258378
0.02643
0.0276236
0.0287888
0.0295878
0.0302644
0.0309122
0.0315541
0.0323312
0.0330942
0.0337881
0.0344503
0.0351879
0.0361493
0.0371618
0.0380476
0.0389233
0.0398854
0.0407954
0.0417236
0.04267
0.0436548
0.0446471
0.0457295
0.0468201
0.047826
0.0488511
0.0499479
0.0510995
0.0522825
0.0535344
0.0546877
0.0558344
0.0570249
0.0583372
0.0596257
0.0608546
0.062202
0.0635423
0.0648988
0.0662803
0.0675944
0.0690152
0.0702977
0.071433
0.00706209
0.00645753
0.00489464
0.00286281
0.00131779
0.000600863
0.000726695
0.00139791
0.0022754
0.00317475
0.00390593
0.00440389
0.00476595
0.00514364
0.00557738
0.00601012
0.00651582
0.00708459
0.00754886
0.0079843
0.0085016
0.00900183
0.00940152
0.00972122
0.010073
0.0104868
0.0109546
0.0114771
0.0120034
0.0125389
0.0130464
0.013567
0.0141022
0.0146101
0.0151236
0.0156505
0.0162238
0.0168239
0.0174148
0.0178867
0.0177906
0.0174826
0.0180153
0.0190326
0.0195543
0.0199342
0.0208083
0.0217564
0.0223217
0.0229067
0.0236637
0.0244023
0.0250988
0.0255633
0.0257143
0.025835
0.026426
0.0276197
0.028788
0.0295874
0.0302634
0.0309121
0.0315552
0.0323316
0.0330939
0.0337881
0.0344499
0.0351874
0.0361502
0.0371633
0.038048
0.038924
0.0398869
0.0407966
0.0417244
0.0426712
0.0436565
0.0446481
0.0457288
0.046819
0.0478257
0.048852
0.0499496
0.0511002
0.052282
0.0535334
0.0546872
0.0558344
0.0570253
0.0583376
0.0596257
0.0608547
0.0622022
0.0635426
0.0648991
0.0662803
0.0675956
0.0690166
0.0703002
0.0714363
0.00684978
0.0063174
0.00492695
0.00306153
0.00163007
0.000894977
0.000890648
0.00146502
0.00232032
0.00322895
0.00396197
0.00444865
0.00479913
0.00517218
0.00560867
0.0060461
0.00654669
0.00710235
0.00756125
0.00799913
0.00851395
0.00900731
0.00940458
0.00972762
0.010083
0.0104959
0.0109621
0.0114867
0.0120143
0.0125476
0.0130525
0.01357
0.0141033
0.0146125
0.0151257
0.0156503
0.0162194
0.0168142
0.0173908
0.0178562
0.0177716
0.0174863
0.0180204
0.0190382
0.0195572
0.0199293
0.020795
0.0217467
0.0223212
0.0229066
0.0236556
0.0243912
0.0250854
0.0255514
0.0257097
0.0258341
0.0264252
0.0276151
0.0287844
0.0295853
0.0302615
0.0309118
0.0315563
0.0323319
0.0330935
0.0337883
0.03445
0.0351873
0.0361509
0.0371646
0.0380483
0.0389244
0.0398882
0.0407978
0.0417252
0.0426723
0.0436581
0.0446492
0.0457281
0.0468175
0.0478252
0.0488526
0.0499513
0.0511011
0.0522816
0.0535322
0.0546864
0.0558341
0.0570257
0.0583382
0.0596258
0.0608549
0.0622024
0.0635429
0.0648995
0.0662803
0.0675969
0.0690183
0.0703027
0.0714396
0.006648
0.00617883
0.00496086
0.00324212
0.00192383
0.00119813
0.00107599
0.00154041
0.00236327
0.00328039
0.00401881
0.00449711
0.00483605
0.00520297
0.00564122
0.00608321
0.00657896
0.00712137
0.00757465
0.00801505
0.00852749
0.00901353
0.00940863
0.00973626
0.0100962
0.0105077
0.0109712
0.0114967
0.0120251
0.0125562
0.0130585
0.0135728
0.0141045
0.0146152
0.0151281
0.0156501
0.0162146
0.0168045
0.0173679
0.0178269
0.0177575
0.017499
0.0180318
0.0190423
0.019562
0.0199312
0.0207864
0.0217376
0.0223223
0.0229092
0.0236488
0.02438
0.0250715
0.0255392
0.0257069
0.0258401
0.02643
0.0276114
0.0287787
0.0295816
0.0302589
0.0309113
0.0315576
0.0323321
0.0330929
0.0337886
0.034451
0.0351883
0.0361515
0.0371656
0.0380485
0.0389247
0.0398891
0.0407988
0.041726
0.0426733
0.0436596
0.0446502
0.0457272
0.0468156
0.0478243
0.048853
0.0499529
0.0511021
0.0522812
0.0535307
0.0546852
0.0558337
0.057026
0.0583389
0.0596258
0.0608549
0.0622026
0.0635432
0.0648998
0.0662802
0.0675982
0.06902
0.0703054
0.071443
0.00646179
0.0060379
0.00499626
0.00340959
0.00219592
0.0015044
0.00128368
0.00162704
0.00240544
0.00332877
0.00407566
0.00454882
0.00487686
0.00523628
0.00567517
0.00612157
0.00661272
0.00714173
0.00758899
0.00803194
0.00854215
0.00902059
0.00941371
0.00974709
0.0101126
0.0105225
0.0109822
0.0115071
0.0120359
0.0125649
0.0130645
0.0135753
0.0141058
0.0146181
0.0151308
0.0156499
0.0162096
0.0167947
0.0173468
0.0177997
0.0177496
0.0175219
0.0180509
0.0190455
0.0195686
0.0199402
0.0207838
0.02173
0.0223247
0.0229148
0.0236436
0.0243689
0.0250572
0.0255269
0.0257065
0.0258526
0.026442
0.0276104
0.0287717
0.0295765
0.0302557
0.0309107
0.0315591
0.0323324
0.0330921
0.0337892
0.0344532
0.0351911
0.0361526
0.0371661
0.0380488
0.0389251
0.0398896
0.0407995
0.0417268
0.0426745
0.0436611
0.0446513
0.0457264
0.0468135
0.0478233
0.0488532
0.0499545
0.0511034
0.0522808
0.053529
0.0546836
0.055833
0.0570261
0.0583396
0.0596257
0.060855
0.0622028
0.0635435
0.0649002
0.06628
0.0675995
0.0690219
0.0703081
0.0714466
0.00629744
0.00589177
0.00503106
0.00356988
0.00244461
0.00180717
0.00151348
0.00172822
0.00244851
0.00337411
0.00413165
0.00460298
0.00492155
0.00527257
0.0057109
0.0061613
0.00664792
0.00716333
0.00760424
0.00804974
0.00855793
0.00902857
0.00941978
0.00975992
0.0101317
0.0105401
0.0109954
0.0115184
0.0120469
0.0125737
0.0130705
0.0135777
0.0141072
0.0146212
0.0151339
0.0156496
0.0162044
0.0167847
0.0173281
0.0177747
0.0177479
0.0175547
0.018078
0.0190487
0.0195765
0.0199559
0.0207872
0.0217239
0.0223278
0.0229219
0.02364
0.0243581
0.0250425
0.0255145
0.0257086
0.0258718
0.0264619
0.0276131
0.028764
0.0295704
0.030252
0.03091
0.0315608
0.0323327
0.0330912
0.0337899
0.0344568
0.035196
0.0361544
0.0371661
0.038049
0.0389255
0.0398898
0.0407999
0.0417278
0.0426757
0.0436626
0.0446525
0.0457258
0.0468113
0.0478222
0.0488535
0.0499561
0.0511048
0.0522806
0.0535273
0.0546819
0.0558322
0.057026
0.0583404
0.0596257
0.0608551
0.0622029
0.0635438
0.0649006
0.0662799
0.067601
0.0690239
0.070311
0.0714504
0.00616211
0.00573944
0.00506059
0.00372901
0.00267052
0.00209977
0.00176377
0.0018474
0.00249424
0.00341653
0.00418621
0.00465883
0.00496993
0.00531218
0.00574872
0.00620259
0.00668457
0.00718611
0.00762036
0.0080684
0.00857486
0.00903757
0.00942679
0.00977449
0.0101531
0.0105602
0.0110108
0.0115305
0.0120581
0.0125827
0.0130767
0.0135803
0.0141087
0.0146242
0.0151373
0.0156494
0.0161992
0.0167748
0.0173116
0.0177521
0.0177515
0.0175959
0.0181125
0.0190527
0.0195853
0.0199769
0.0207957
0.0217189
0.0223308
0.0229293
0.0236375
0.0243476
0.0250276
0.0255019
0.0257129
0.0258972
0.0264893
0.0276198
0.0287563
0.0295635
0.0302479
0.0309093
0.0315627
0.032333
0.0330902
0.0337908
0.0344617
0.0352031
0.0361572
0.0371655
0.0380492
0.0389263
0.0398899
0.0408002
0.0417289
0.0426771
0.0436642
0.044654
0.0457254
0.0468092
0.0478212
0.0488539
0.0499577
0.0511064
0.0522808
0.0535257
0.0546801
0.0558313
0.057026
0.058341
0.0596256
0.0608552
0.0622032
0.0635439
0.0649009
0.0662797
0.0676026
0.0690259
0.070314
0.0714544
0.00606327
0.00558408
0.00507819
0.00389102
0.00287729
0.00237604
0.00203082
0.00198775
0.00254453
0.00345639
0.00423918
0.00471584
0.00502161
0.00535516
0.00578882
0.00624562
0.00672288
0.0072102
0.0076373
0.00808784
0.0085929
0.00904766
0.00943478
0.00979053
0.0101762
0.0105824
0.0110282
0.0115437
0.0120697
0.0125921
0.013083
0.0135831
0.0141104
0.0146274
0.015141
0.0156492
0.0161939
0.0167648
0.0172966
0.0177315
0.0177591
0.0176432
0.0181525
0.0190583
0.019595
0.0200017
0.0208079
0.0217145
0.022333
0.0229362
0.0236355
0.0243374
0.0250126
0.0254895
0.0257191
0.0259273
0.0265225
0.0276299
0.0287486
0.029556
0.0302433
0.0309085
0.0315646
0.0323334
0.0330892
0.0337918
0.0344682
0.0352121
0.0361609
0.0371646
0.0380495
0.0389274
0.0398898
0.0408004
0.0417301
0.0426787
0.043666
0.0446558
0.0457253
0.0468073
0.0478205
0.0488546
0.0499592
0.0511082
0.0522811
0.053524
0.0546783
0.0558306
0.0570262
0.0583415
0.0596255
0.0608555
0.0622035
0.063544
0.064901
0.0662795
0.0676044
0.0690278
0.0703171
0.0714586
0.00600602
0.00543434
0.00507646
0.00405658
0.00307137
0.00263084
0.00230853
0.00215189
0.002602
0.00349434
0.00429075
0.00477352
0.00507573
0.00540142
0.00583156
0.00629052
0.00676298
0.00723576
0.00765507
0.0081081
0.00861209
0.00905891
0.00944379
0.0098078
0.0102005
0.010606
0.0110471
0.0115577
0.0120818
0.012602
0.0130895
0.0135861
0.0141121
0.0146308
0.0151449
0.0156489
0.0161884
0.0167549
0.0172822
0.0177123
0.0177689
0.017694
0.0181961
0.0190657
0.0196054
0.0200288
0.0208224
0.0217104
0.0223342
0.0229419
0.0236335
0.0243273
0.0249975
0.0254774
0.0257266
0.0259604
0.0265595
0.0276424
0.0287411
0.0295478
0.0302384
0.0309076
0.0315665
0.0323337
0.0330883
0.0337931
0.0344778
0.0352224
0.0361655
0.0371634
0.0380498
0.0389287
0.0398898
0.0408006
0.0417314
0.0426803
0.043668
0.0446578
0.0457254
0.0468057
0.0478201
0.0488559
0.0499609
0.0511101
0.0522817
0.0535225
0.0546766
0.0558302
0.0570268
0.0583417
0.0596254
0.060856
0.0622039
0.063544
0.064901
0.0662794
0.0676064
0.0690298
0.0703203
0.071463
0.0059899
0.00530221
0.00504924
0.00422252
0.00326126
0.00286106
0.00258906
0.0023416
0.00266995
0.00353091
0.00434125
0.0048318
0.00513134
0.00545045
0.00587724
0.0063377
0.00680505
0.00726285
0.00767372
0.00812927
0.00863269
0.00907135
0.00945384
0.00982605
0.0102256
0.0106307
0.0110669
0.0115726
0.0120945
0.0126123
0.0130965
0.0135895
0.0141141
0.0146343
0.0151489
0.0156488
0.0161826
0.0167451
0.0172683
0.0176941
0.0177794
0.0177459
0.0182413
0.0190748
0.0196167
0.0200569
0.020838
0.0217064
0.0223343
0.0229464
0.0236313
0.0243173
0.0249825
0.0254656
0.0257349
0.0259951
0.0265984
0.0276562
0.0287336
0.0295392
0.0302332
0.0309066
0.0315683
0.032334
0.0330874
0.0337947
0.0344852
0.0352337
0.0361708
0.0371622
0.0380502
0.0389302
0.0398898
0.0408009
0.0417328
0.0426821
0.04367
0.0446601
0.0457264
0.0468044
0.0478202
0.0488576
0.0499627
0.0511121
0.0522824
0.0535211
0.0546751
0.0558304
0.0570279
0.0583416
0.0596252
0.0608566
0.0622045
0.063544
0.0649009
0.0662794
0.0676087
0.0690318
0.0703237
0.0714677
0.00600695
0.00520219
0.00499433
0.00438053
0.00345596
0.0030674
0.00286348
0.00255714
0.0027522
0.00356629
0.00439102
0.00489125
0.00518799
0.00550137
0.0059257
0.00638762
0.00684945
0.00729164
0.00769329
0.00815126
0.00865418
0.0090851
0.00946498
0.00984516
0.0102514
0.010656
0.0110876
0.0115881
0.0121077
0.0126232
0.0131038
0.0135931
0.0141165
0.0146379
0.0151529
0.0156489
0.0161767
0.0167352
0.0172547
0.0176769
0.0177899
0.017797
0.0182866
0.0190856
0.0196288
0.0200851
0.0208538
0.0217026
0.0223337
0.0229497
0.0236288
0.0243073
0.0249677
0.0254543
0.0257436
0.0260302
0.0266378
0.0276707
0.0287263
0.0295302
0.0302279
0.0309055
0.03157
0.0323344
0.0330866
0.0337963
0.0344927
0.0352454
0.0361766
0.0371611
0.0380507
0.0389318
0.0398899
0.0408012
0.0417343
0.042684
0.0436722
0.0446625
0.045727
0.0468033
0.0478207
0.0488598
0.0499645
0.0511141
0.0522831
0.0535197
0.0546737
0.0558311
0.0570294
0.0583414
0.059625
0.0608574
0.0622051
0.0635441
0.0649007
0.0662796
0.0676111
0.069034
0.0703272
0.0714725
0.00604188
0.00514985
0.0049175
0.0045186
0.00366194
0.00325509
0.00312246
0.00279573
0.00285335
0.00360125
0.00444011
0.00495276
0.00524546
0.00555328
0.00597653
0.00644032
0.00689645
0.00732254
0.00771404
0.00817396
0.0086768
0.0091002
0.00947735
0.00986521
0.0102776
0.0106818
0.0111088
0.0116042
0.0121216
0.0126346
0.0131115
0.0135972
0.0141191
0.0146417
0.0151569
0.0156491
0.0161707
0.0167253
0.0172414
0.0176607
0.0178
0.0178464
0.0183311
0.0190979
0.0196418
0.0201128
0.0208695
0.0216992
0.0223326
0.0229519
0.0236258
0.0242975
0.0249531
0.0254434
0.0257526
0.0260649
0.0266768
0.0276853
0.0287193
0.0295211
0.0302224
0.0309044
0.0315718
0.0323347
0.033086
0.0337983
0.0345004
0.0352575
0.0361827
0.0371602
0.0380513
0.0389335
0.03989
0.0408016
0.0417359
0.042686
0.0436744
0.044665
0.0457277
0.0468024
0.0478216
0.0488625
0.0499665
0.0511161
0.0522838
0.0535184
0.0546724
0.0558325
0.0570315
0.0583409
0.0596247
0.0608583
0.0622059
0.0635442
0.0649005
0.0662799
0.0676136
0.0690364
0.070331
0.0714775
0.00607424
0.0051555
0.00483319
0.0046238
0.00387911
0.00343332
0.00335857
0.00305092
0.0029782
0.00363747
0.00448783
0.00501763
0.00530401
0.00560516
0.00602913
0.0064958
0.00694626
0.00735585
0.00773619
0.00819753
0.0087007
0.0091167
0.00949092
0.00988613
0.010304
0.0107079
0.0111306
0.0116209
0.012136
0.0126465
0.0131197
0.0136015
0.0141219
0.0146458
0.0151609
0.0156493
0.0161645
0.0167153
0.0172284
0.0176454
0.0178095
0.0178936
0.0183744
0.0191115
0.0196556
0.0201398
0.0208848
0.0216963
0.0223312
0.0229533
0.0236224
0.0242877
0.0249388
0.0254332
0.0257618
0.0260991
0.026715
0.0276999
0.0287125
0.029512
0.030217
0.0309032
0.0315735
0.0323351
0.0330855
0.0338004
0.0345083
0.0352696
0.036189
0.0371595
0.0380521
0.0389352
0.0398902
0.0408021
0.0417375
0.0426881
0.0436767
0.0446675
0.0457285
0.0468015
0.0478229
0.0488654
0.0499686
0.051118
0.0522846
0.0535171
0.0546712
0.0558344
0.057034
0.0583403
0.0596244
0.0608593
0.0622068
0.0635443
0.0649004
0.0662804
0.0676163
0.069039
0.0703349
0.0714827
0.00608048
0.00521701
0.00476154
0.00468675
0.00409876
0.00361397
0.00356873
0.00331288
0.00313065
0.00367822
0.00453253
0.00508703
0.00536488
0.00565604
0.00608258
0.00655394
0.00699924
0.00739203
0.0077598
0.00822183
0.00872592
0.00913486
0.00950575
0.0099078
0.0103308
0.0107342
0.0111528
0.0116381
0.012151
0.012659
0.0131284
0.0136062
0.014125
0.0146501
0.0151649
0.0156494
0.0161582
0.0167054
0.0172158
0.0176312
0.0178186
0.0179385
0.0184165
0.0191263
0.0196703
0.0201659
0.0208995
0.0216938
0.0223297
0.0229539
0.0236187
0.0242782
0.0249247
0.0254234
0.0257712
0.0261325
0.0267523
0.0277144
0.0287063
0.029503
0.0302117
0.030902
0.0315752
0.0323355
0.0330852
0.0338027
0.0345162
0.0352818
0.0361955
0.037159
0.0380529
0.038937
0.0398904
0.0408026
0.0417392
0.0426903
0.0436791
0.04467
0.0457294
0.0468008
0.0478244
0.0488685
0.0499707
0.0511198
0.0522853
0.0535158
0.05467
0.0558367
0.0570367
0.0583396
0.0596242
0.0608604
0.0622077
0.0635445
0.0649004
0.0662811
0.067619
0.0690418
0.070339
0.0714881
0.00603932
0.00531749
0.00472672
0.00470876
0.00430566
0.00380799
0.0037567
0.00356909
0.00331126
0.00372945
0.00457307
0.00516083
0.00543008
0.0057054
0.00613552
0.00661435
0.0070555
0.00743158
0.00778544
0.00824687
0.00875219
0.00915468
0.00952196
0.00993034
0.0103579
0.0107607
0.0111756
0.0116561
0.0121665
0.012672
0.0131376
0.0136113
0.0141282
0.0146547
0.0151691
0.0156495
0.016152
0.0166956
0.0172036
0.0176181
0.0178272
0.0179812
0.0184573
0.0191423
0.0196858
0.0201912
0.0209136
0.0216921
0.0223282
0.0229539
0.0236146
0.0242688
0.0249111
0.0254142
0.0257808
0.0261652
0.0267887
0.0277289
0.0287005
0.0294942
0.0302064
0.0309008
0.031577
0.0323359
0.033085
0.0338052
0.0345243
0.035294
0.036202
0.0371587
0.0380539
0.0389388
0.0398907
0.0408032
0.041741
0.0426926
0.0436814
0.0446724
0.0457303
0.0468001
0.047826
0.0488718
0.049973
0.0511215
0.052286
0.0535145
0.0546688
0.0558391
0.0570396
0.058339
0.0596239
0.0608615
0.0622087
0.0635448
0.0649004
0.0662819
0.0676218
0.0690448
0.0703432
0.0714936
0.00594235
0.00543038
0.00474718
0.00470524
0.00448286
0.00401822
0.00393162
0.00380786
0.00351564
0.00379815
0.00460937
0.00523732
0.00550253
0.00575387
0.00618604
0.00667631
0.007115
0.00747467
0.00781373
0.00827296
0.00877955
0.00917624
0.00953947
0.00995358
0.0103854
0.0107875
0.0111988
0.0116746
0.0121828
0.0126855
0.0131473
0.0136168
0.0141317
0.0146595
0.0151733
0.0156497
0.0161458
0.0166858
0.017192
0.0176061
0.0178355
0.0180216
0.0184968
0.0191595
0.019702
0.0202155
0.0209273
0.0216911
0.0223268
0.0229532
0.0236102
0.0242597
0.0248978
0.0254056
0.0257906
0.0261971
0.0268239
0.0277432
0.0286953
0.0294858
0.0302012
0.0308996
0.0315788
0.0323364
0.0330849
0.0338079
0.0345324
0.0353061
0.0362087
0.0371587
0.0380549
0.0389406
0.039891
0.0408039
0.0417428
0.0426949
0.0436838
0.0446749
0.0457312
0.0467994
0.0478278
0.0488751
0.0499753
0.0511233
0.0522867
0.0535133
0.0546676
0.0558417
0.0570425
0.0583384
0.0596236
0.0608627
0.0622098
0.063545
0.0649005
0.0662829
0.0676246
0.069048
0.0703477
0.0714993
0.00580068
0.0055221
0.0048234
0.00470019
0.0046178
0.00423513
0.00410583
0.0040233
0.0037347
0.003891
0.00464399
0.00531291
0.00558463
0.00580395
0.00623238
0.00673851
0.00717775
0.00752115
0.00784504
0.00830067
0.00880811
0.00919967
0.00955841
0.0099774
0.0104132
0.0108146
0.0112225
0.0116938
0.0121997
0.0126996
0.0131578
0.0136229
0.0141355
0.0146645
0.0151777
0.01565
0.0161397
0.0166762
0.0171811
0.0175955
0.0178436
0.0180596
0.018535
0.0191778
0.019719
0.020239
0.0209406
0.0216909
0.0223254
0.0229519
0.0236056
0.0242508
0.0248849
0.0253976
0.0258006
0.0262282
0.0268581
0.0277573
0.0286907
0.0294777
0.030196
0.0308983
0.0315807
0.0323369
0.033085
0.0338109
0.0345406
0.0353181
0.0362154
0.0371589
0.038056
0.0389426
0.0398914
0.0408046
0.0417446
0.0426973
0.0436863
0.0446774
0.0457322
0.0467988
0.0478295
0.0488785
0.0499776
0.0511251
0.0522874
0.0535121
0.0546664
0.0558442
0.0570454
0.0583379
0.0596234
0.0608638
0.0622109
0.0635452
0.0649007
0.0662839
0.0676275
0.0690514
0.0703524
0.0715052
0.00563773
0.00556512
0.0049367
0.00472203
0.00471222
0.00444133
0.00429075
0.0042194
0.00395501
0.00401091
0.00468332
0.0053839
0.00567658
0.00585939
0.00627344
0.00679919
0.00724435
0.00757119
0.00787901
0.00833027
0.0088382
0.0092249
0.0095788
0.010002
0.0104415
0.0108419
0.0112466
0.0117137
0.0122172
0.0127144
0.0131687
0.0136295
0.0141397
0.0146697
0.0151824
0.0156504
0.0161337
0.0166668
0.0171709
0.0175863
0.0178515
0.0180954
0.0185718
0.019197
0.0197366
0.0202617
0.0209534
0.0216914
0.0223243
0.0229501
0.0236009
0.0242423
0.0248725
0.0253902
0.0258108
0.0262584
0.0268911
0.0277714
0.0286867
0.02947
0.0301909
0.030897
0.0315826
0.0323375
0.0330852
0.033814
0.0345489
0.03533
0.0362221
0.0371594
0.0380573
0.0389446
0.0398918
0.0408053
0.0417465
0.0426998
0.0436888
0.0446798
0.0457332
0.0467983
0.0478313
0.0488819
0.04998
0.0511269
0.0522881
0.0535109
0.0546652
0.0558467
0.0570482
0.0583374
0.0596233
0.060865
0.062212
0.0635455
0.064901
0.0662851
0.0676305
0.069055
0.0703572
0.0715113
0.00548025
0.00555342
0.00505924
0.00478833
0.00478318
0.00461853
0.00448654
0.00440639
0.00416507
0.00415474
0.00473536
0.00544787
0.00577532
0.00592474
0.00630987
0.0068551
0.00731472
0.00762613
0.00791582
0.00836165
0.0088698
0.00925199
0.00960065
0.0100274
0.0104705
0.0108697
0.0112714
0.0117343
0.0122352
0.0127299
0.0131804
0.0136367
0.0141443
0.0146751
0.0151873
0.0156511
0.0161278
0.0166577
0.0171616
0.0175785
0.0178594
0.0181288
0.0186072
0.0192173
0.0197548
0.0202835
0.0209659
0.0216927
0.0223234
0.022948
0.023596
0.0242342
0.0248606
0.0253835
0.0258211
0.0262877
0.026923
0.0277852
0.0286833
0.0294628
0.0301859
0.0308958
0.0315846
0.0323383
0.0330856
0.0338173
0.0345572
0.0353417
0.0362289
0.0371601
0.0380587
0.0389467
0.0398924
0.0408062
0.0417484
0.0427023
0.0436914
0.0446824
0.0457343
0.0467978
0.0478332
0.0488853
0.0499825
0.0511289
0.0522889
0.0535097
0.054664
0.0558492
0.057051
0.058337
0.0596231
0.0608661
0.0622131
0.0635458
0.0649013
0.0662863
0.0676335
0.0690588
0.0703623
0.0715176
0.00535411
0.00550281
0.00515859
0.00489218
0.00485577
0.00475762
0.00467836
0.00459525
0.00436194
0.00431464
0.00480784
0.005507
0.00587569
0.00600351
0.00634497
0.006903
0.00738675
0.00768618
0.00795552
0.00839544
0.00890394
0.00928144
0.00962395
0.010053
0.0104997
0.0108979
0.0112969
0.011756
0.012254
0.0127458
0.0131928
0.0136448
0.0141494
0.0146806
0.0151925
0.0156521
0.0161222
0.016649
0.0171532
0.0175721
0.0178674
0.0181599
0.0186411
0.0192383
0.0197736
0.0203045
0.0209782
0.0216947
0.0223228
0.0229454
0.023591
0.0242264
0.0248494
0.0253774
0.0258316
0.026316
0.0269537
0.0277989
0.0286805
0.029456
0.0301809
0.0308944
0.0315866
0.0323391
0.0330862
0.0338209
0.0345656
0.0353532
0.0362357
0.0371612
0.0380603
0.0389488
0.0398931
0.0408071
0.0417504
0.0427049
0.043694
0.0446849
0.0457355
0.0467975
0.0478351
0.0488887
0.0499851
0.0511309
0.0522898
0.0535086
0.0546629
0.0558515
0.0570537
0.0583367
0.0596231
0.0608673
0.0622143
0.0635461
0.0649017
0.0662877
0.0676366
0.0690628
0.0703676
0.0715241
0.00527572
0.00543674
0.00521475
0.00501036
0.00495504
0.00487061
0.00484824
0.00479002
0.0045527
0.00447944
0.00490205
0.00556775
0.00597338
0.00609637
0.00638357
0.0069415
0.00745846
0.00775236
0.0079975
0.00843014
0.00894089
0.00931447
0.00964973
0.0100795
0.0105293
0.0109263
0.0113226
0.0117785
0.0122737
0.0127626
0.013206
0.0136537
0.0141551
0.0146864
0.0151981
0.0156536
0.0161168
0.0166406
0.0171456
0.0175671
0.0178756
0.018189
0.0186737
0.0192601
0.0197927
0.0203248
0.0209901
0.0216975
0.0223226
0.0229426
0.023586
0.0242191
0.0248388
0.0253719
0.0258421
0.0263434
0.0269831
0.0278123
0.0286782
0.0294497
0.0301761
0.0308931
0.0315886
0.03234
0.0330869
0.0338246
0.034574
0.0353646
0.0362425
0.0371625
0.038062
0.038951
0.0398939
0.0408081
0.0417524
0.0427076
0.0436967
0.0446875
0.0457367
0.0467972
0.047837
0.0488922
0.0499878
0.051133
0.0522907
0.0535076
0.0546618
0.0558538
0.0570563
0.0583364
0.0596231
0.0608684
0.0622156
0.0635464
0.0649022
0.0662892
0.0676397
0.0690669
0.0703731
0.0715308
0.00525027
0.00538109
0.00523044
0.00511237
0.00508357
0.00498014
0.00498511
0.00498097
0.00474757
0.00464282
0.00501196
0.00563633
0.00606599
0.00620033
0.00643164
0.00697104
0.00752596
0.00782579
0.00804377
0.00846528
0.00897975
0.00935018
0.00967766
0.0101074
0.0105598
0.0109556
0.0113495
0.0118021
0.0122939
0.0127795
0.0132198
0.0136635
0.0141614
0.0146922
0.0152041
0.0156558
0.016112
0.0166329
0.0171392
0.0175635
0.0178838
0.0182159
0.0187047
0.0192826
0.0198124
0.0203443
0.0210017
0.021701
0.0223227
0.0229395
0.023581
0.0242123
0.0248289
0.0253672
0.0258528
0.0263698
0.0270113
0.0278255
0.0286766
0.029444
0.0301714
0.0308917
0.0315907
0.0323411
0.0330878
0.0338286
0.0345825
0.0353759
0.0362494
0.0371642
0.0380639
0.0389533
0.0398948
0.0408093
0.0417546
0.0427103
0.0436994
0.0446902
0.045738
0.0467971
0.047839
0.0488956
0.0499905
0.0511352
0.0522916
0.0535066
0.0546607
0.055856
0.0570588
0.0583362
0.0596231
0.0608695
0.0622169
0.0635468
0.0649027
0.0662909
0.067643
0.0690713
0.0703789
0.0715377
0.00527646
0.00535575
0.00522153
0.00517134
0.00521956
0.00511142
0.00509739
0.00515242
0.00495465
0.00481058
0.00512834
0.00571566
0.00615531
0.00630971
0.00649345
0.00699556
0.00758498
0.00790505
0.00809579
0.00850053
0.00902116
0.00939019
0.00970769
0.0101358
0.0105903
0.0109846
0.0113769
0.0118274
0.0123157
0.0127976
0.0132345
0.013674
0.0141683
0.0146982
0.0152102
0.0156585
0.0161076
0.0166256
0.0171339
0.0175615
0.0178926
0.0182412
0.0187344
0.0193056
0.0198324
0.0203632
0.0210131
0.0217053
0.0223233
0.0229362
0.0235762
0.024206
0.0248198
0.025363
0.0258634
0.0263952
0.0270382
0.0278384
0.0286756
0.0294388
0.030167
0.0308904
0.0315928
0.0323423
0.0330889
0.0338328
0.034591
0.035387
0.0362563
0.0371661
0.038066
0.0389557
0.0398959
0.0408105
0.0417568
0.0427131
0.0437022
0.0446929
0.0457394
0.046797
0.047841
0.0488991
0.0499932
0.0511375
0.0522926
0.0535057
0.0546597
0.0558581
0.0570613
0.0583361
0.0596232
0.0608707
0.0622182
0.0635472
0.0649032
0.0662926
0.0676463
0.0690758
0.0703849
0.0715448
0.00535054
0.00537186
0.00520391
0.00517823
0.00533374
0.00527057
0.00520479
0.00529226
0.00516958
0.00499576
0.00524636
0.00580188
0.00624557
0.00642045
0.00656976
0.00702013
0.0076321
0.00798774
0.00815659
0.00853521
0.0090624
0.00943514
0.00974175
0.0101662
0.010622
0.0110136
0.011404
0.011853
0.0123379
0.0128162
0.0132501
0.0136859
0.0141762
0.0147047
0.0152168
0.0156622
0.016104
0.0166187
0.0171295
0.0175606
0.0179016
0.0182648
0.0187626
0.0193291
0.0198529
0.0203813
0.0210243
0.0217102
0.0223243
0.0229329
0.0235714
0.0242004
0.0248115
0.0253596
0.0258742
0.0264196
0.0270639
0.0278511
0.0286752
0.0294342
0.0301627
0.030889
0.0315949
0.0323436
0.0330902
0.0338371
0.0345996
0.0353979
0.0362633
0.0371684
0.0380682
0.0389581
0.0398971
0.040812
0.041759
0.042716
0.0437051
0.0446957
0.0457409
0.0467971
0.047843
0.0489026
0.0499959
0.0511398
0.0522937
0.0535049
0.0546588
0.0558602
0.0570637
0.058336
0.0596233
0.0608718
0.0622196
0.0635476
0.0649038
0.0662946
0.0676497
0.0690805
0.0703912
0.0715521
0.00546608
0.00543827
0.00519156
0.00514047
0.00539785
0.00544117
0.0053304
0.00540001
0.00537322
0.00520627
0.00537327
0.00589045
0.00633943
0.00653224
0.00666028
0.00705185
0.00766641
0.00806813
0.00822823
0.00857206
0.00910163
0.00948387
0.00977967
0.0101975
0.0106552
0.011044
0.011432
0.0118806
0.0123621
0.0128353
0.0132658
0.013698
0.0141847
0.0147113
0.0152236
0.0156668
0.0161013
0.0166127
0.0171267
0.0175615
0.017911
0.0182868
0.0187893
0.0193526
0.0198737
0.0203989
0.0210353
0.0217159
0.0223259
0.0229296
0.0235668
0.0241953
0.0248041
0.0253567
0.0258848
0.0264429
0.0270883
0.0278635
0.0286754
0.0294303
0.0301587
0.0308878
0.0315972
0.0323452
0.0330918
0.0338417
0.0346082
0.0354087
0.0362703
0.037171
0.0380707
0.0389607
0.0398984
0.0408135
0.0417614
0.0427189
0.0437081
0.0446985
0.0457425
0.0467972
0.0478451
0.048906
0.0499987
0.0511422
0.0522947
0.0535041
0.0546579
0.0558623
0.0570661
0.058336
0.0596236
0.060873
0.0622211
0.0635482
0.0649045
0.0662967
0.0676532
0.0690853
0.0703977
0.0715597
0.00561299
0.00555928
0.0051946
0.00506658
0.00540281
0.00560185
0.00548926
0.00549453
0.00554229
0.00543022
0.00551828
0.00597526
0.00643219
0.00664484
0.00676274
0.00709674
0.00769192
0.00814166
0.00831104
0.00861442
0.00913647
0.00953528
0.00982452
0.0102306
0.010688
0.0110747
0.0114595
0.0119084
0.0123879
0.0128565
0.0132832
0.0137115
0.0141943
0.0147185
0.0152306
0.0156721
0.0160991
0.0166069
0.0171247
0.0175637
0.0179209
0.0183078
0.0188149
0.0193764
0.0198948
0.0204159
0.0210459
0.0217222
0.022328
0.0229264
0.0235624
0.024191
0.0247976
0.0253546
0.0258955
0.0264653
0.0271115
0.0278755
0.0286762
0.029427
0.0301549
0.0308866
0.0315995
0.0323469
0.0330935
0.0338465
0.0346168
0.0354193
0.0362774
0.037174
0.0380734
0.0389633
0.0399
0.0408152
0.0417638
0.0427218
0.0437111
0.0447014
0.0457442
0.0467975
0.0478472
0.0489095
0.0500014
0.0511446
0.0522958
0.0535035
0.0546571
0.0558643
0.0570685
0.058336
0.0596239
0.0608741
0.0622226
0.0635488
0.0649052
0.066299
0.0676568
0.0690903
0.0704045
0.0715674
0.00578864
0.00572942
0.00523611
0.00498271
0.00535367
0.00573221
0.00568448
0.0056025
0.00566641
0.00564503
0.00569253
0.0060649
0.00651538
0.00675497
0.00687444
0.00715728
0.00771291
0.00820116
0.00840132
0.00866838
0.00916721
0.00958457
0.00987645
0.0102679
0.0107214
0.0111072
0.011488
0.0119359
0.0124141
0.0128782
0.0133007
0.0137257
0.0142051
0.0147265
0.0152382
0.0156788
0.0160985
0.0166023
0.0171236
0.0175672
0.0179311
0.0183275
0.018839
0.0194002
0.0199164
0.0204326
0.0210564
0.0217291
0.0223307
0.0229234
0.0235584
0.0241873
0.024792
0.0253532
0.0259061
0.0264866
0.0271336
0.0278873
0.0286775
0.0294244
0.0301515
0.0308855
0.0316019
0.0323487
0.0330955
0.0338514
0.0346254
0.0354298
0.0362846
0.0371773
0.0380763
0.038966
0.0399017
0.0408171
0.0417664
0.0427249
0.0437142
0.0447043
0.045746
0.0467979
0.0478493
0.048913
0.0500042
0.051147
0.052297
0.0535029
0.0546565
0.0558662
0.0570708
0.0583361
0.0596243
0.0608753
0.0622242
0.0635496
0.0649059
0.0663015
0.0676606
0.0690955
0.0704115
0.0715753
0.00583812
0.00587045
0.0053496
0.00496069
0.0052936
0.00582904
0.00590958
0.00575856
0.00576214
0.00582201
0.0058919
0.00617702
0.00659032
0.00685921
0.0069941
0.00723677
0.00773809
0.00824405
0.00849051
0.00873619
0.00919728
0.00962783
0.00993441
0.010311
0.0107534
0.0111397
0.0115187
0.0119641
0.0124417
0.0129026
0.0133196
0.01374
0.014216
0.0147346
0.015246
0.0156861
0.0160989
0.0165982
0.0171239
0.0175723
0.0179423
0.0183465
0.018862
0.0194238
0.019938
0.0204486
0.0210666
0.0217368
0.0223342
0.0229206
0.0235547
0.0241844
0.0247874
0.0253522
0.0259165
0.0265069
0.0271545
0.0278987
0.0286793
0.0294226
0.0301486
0.0308846
0.0316045
0.0323508
0.0330976
0.0338566
0.034634
0.0354402
0.0362918
0.0371809
0.0380794
0.0389689
0.0399035
0.0408192
0.0417691
0.042728
0.0437173
0.0447073
0.0457479
0.0467984
0.0478515
0.0489164
0.050007
0.0511495
0.0522982
0.0535024
0.0546559
0.0558681
0.0570731
0.0583363
0.0596248
0.0608766
0.0622258
0.0635504
0.0649068
0.0663042
0.0676645
0.0691007
0.0704188
0.0715835
0.00576717
0.00596807
0.00553139
0.00503265
0.00525451
0.00589911
0.00614837
0.00597427
0.00585866
0.00594307
0.00609259
0.00632594
0.00666462
0.00694936
0.00711691
0.00733715
0.00777829
0.00827475
0.00857252
0.00882115
0.00923474
0.00966149
0.00999363
0.0103648
0.0107878
0.0111707
0.0115511
0.0119926
0.0124683
0.0129282
0.0133409
0.0137562
0.0142288
0.0147441
0.0152544
0.0156944
0.0161005
0.0165949
0.0171249
0.0175785
0.0179536
0.0183645
0.0188838
0.0194473
0.0199602
0.0204645
0.0210765
0.0217449
0.0223383
0.0229182
0.0235513
0.0241822
0.0247837
0.025352
0.0259269
0.0265265
0.0271739
0.0279099
0.0286816
0.0294213
0.0301459
0.0308835
0.0316072
0.0323531
0.0330999
0.0338619
0.0346427
0.0354503
0.036299
0.0371849
0.0380827
0.0389719
0.0399056
0.0408214
0.0417718
0.0427311
0.0437205
0.0447103
0.0457498
0.046799
0.0478537
0.0489199
0.0500097
0.0511521
0.0522995
0.053502
0.0546554
0.05587
0.0570753
0.0583365
0.0596253
0.0608778
0.0622274
0.0635514
0.0649077
0.0663071
0.0676686
0.0691061
0.0704264
0.071592
0.00557881
0.00601402
0.00574483
0.0051894
0.00525321
0.00593663
0.00636543
0.00622823
0.00598317
0.0060163
0.0062607
0.00650977
0.00675845
0.00702109
0.00723142
0.00745319
0.00783959
0.0083003
0.00863661
0.00891444
0.00928799
0.00968906
0.0100478
0.0104281
0.0108275
0.011199
0.0115849
0.012025
0.0124953
0.0129544
0.0133638
0.0137723
0.0142409
0.0147537
0.0152636
0.0157043
0.0161043
0.0165932
0.0171276
0.0175867
0.0179659
0.018382
0.0189045
0.0194702
0.0199825
0.0204802
0.0210861
0.0217538
0.0223435
0.0229163
0.0235484
0.0241808
0.0247811
0.0253525
0.0259371
0.0265449
0.0271927
0.0279208
0.0286845
0.0294209
0.0301439
0.030883
0.0316101
0.0323558
0.0331025
0.0338675
0.0346515
0.0354603
0.0363063
0.0371892
0.0380862
0.038975
0.0399079
0.0408238
0.0417747
0.0427343
0.0437238
0.0447135
0.0457519
0.0467998
0.047856
0.0489233
0.0500125
0.0511546
0.0523008
0.0535017
0.054655
0.0558718
0.0570776
0.0583368
0.059626
0.0608792
0.0622291
0.0635526
0.0649087
0.0663102
0.0676729
0.0691116
0.0704342
0.0716006
0.00548464
0.00606213
0.00596101
0.00540738
0.00530532
0.00594874
0.0065366
0.00649632
0.00615583
0.0060703
0.00636738
0.00669992
0.00688825
0.00708573
0.00732571
0.00757586
0.00792537
0.00833122
0.00868
0.00900479
0.00935966
0.0097152
0.0100877
0.0104968
0.0108792
0.0112255
0.0116149
0.0120603
0.0125229
0.0129791
0.0133892
0.0137925
0.0142548
0.0147638
0.0152729
0.0157147
0.0161089
0.0165915
0.01713
0.0175949
0.0179782
0.0183986
0.0189242
0.0194928
0.0200051
0.0204958
0.0210952
0.0217628
0.0223494
0.0229147
0.0235459
0.0241803
0.0247794
0.0253535
0.0259473
0.0265625
0.0272103
0.0279315
0.0286877
0.029421
0.0301421
0.0308822
0.0316132
0.0323586
0.0331051
0.0338732
0.0346603
0.0354702
0.0363136
0.0371939
0.0380901
0.0389782
0.0399104
0.0408264
0.0417778
0.0427376
0.0437271
0.0447168
0.0457541
0.0468007
0.0478583
0.0489268
0.0500152
0.0511573
0.0523023
0.0535015
0.0546547
0.0558736
0.0570798
0.0583372
0.0596267
0.0608806
0.0622308
0.063554
0.0649097
0.0663135
0.0676771
0.0691172
0.0704422
0.0716095
0.00523065
0.00600638
0.00614785
0.00567957
0.00543287
0.00595931
0.00665856
0.00675713
0.00638515
0.00615365
0.00642185
0.00686568
0.00706437
0.00716767
0.00739476
0.00769075
0.0080359
0.0083848
0.00870918
0.00908098
0.00945151
0.009756
0.0101149
0.0105625
0.0109452
0.0112556
0.0116394
0.0120988
0.0125563
0.0130029
0.013414
0.0138148
0.0142691
0.0147732
0.015283
0.0157273
0.0161164
0.0165919
0.0171341
0.0176058
0.0179921
0.0184151
0.018943
0.0195148
0.0200276
0.0205114
0.0211041
0.0217723
0.0223566
0.0229139
0.0235438
0.0241808
0.0247789
0.0253552
0.0259572
0.0265791
0.027227
0.027942
0.0286915
0.029422
0.0301412
0.0308826
0.0316165
0.032362
0.033108
0.033879
0.0346693
0.0354798
0.0363208
0.0371989
0.0380941
0.0389815
0.0399132
0.0408292
0.041781
0.0427409
0.0437306
0.0447201
0.0457565
0.0468017
0.0478608
0.0489302
0.050018
0.0511599
0.0523038
0.0535014
0.0546546
0.0558753
0.057082
0.0583377
0.0596276
0.0608821
0.0622325
0.0635555
0.0649109
0.0663169
0.0676819
0.0691229
0.0704504
0.0716187
0.00503211
0.00591098
0.00629375
0.00597294
0.0056273
0.00598599
0.00672703
0.00698929
0.00665468
0.00629599
0.00645342
0.0069743
0.00726223
0.00729293
0.00745155
0.00778213
0.00815965
0.00846973
0.00873814
0.00913307
0.00955046
0.00981726
0.0101332
0.0106159
0.0110234
0.0112971
0.0116582
0.0121344
0.0125948
0.0130266
0.0134369
0.0138413
0.0142882
0.014783
0.0152924
0.0157411
0.0161258
0.016593
0.0171382
0.0176173
0.0180063
0.0184309
0.0189609
0.0195365
0.0200506
0.0205275
0.0211128
0.021782
0.0223646
0.0229138
0.0235421
0.024182
0.0247793
0.0253574
0.0259672
0.026595
0.0272429
0.0279523
0.0286956
0.0294235
0.0301406
0.0308822
0.0316198
0.0323656
0.033111
0.0338849
0.0346784
0.0354894
0.036328
0.0372043
0.0380985
0.038985
0.0399161
0.0408323
0.0417843
0.0427443
0.0437341
0.0447236
0.0457589
0.0468028
0.0478633
0.0489337
0.0500208
0.0511626
0.0523054
0.0535013
0.0546546
0.055877
0.0570842
0.0583383
0.0596284
0.0608837
0.0622342
0.0635572
0.0649122
0.0663204
0.067687
0.0691287
0.0704587
0.0716281
0.00490182
0.00578653
0.00636988
0.00624559
0.00587047
0.00604259
0.00674428
0.00716478
0.00693822
0.00649921
0.0064951
0.00701987
0.00744164
0.00746721
0.00751657
0.00783648
0.00827416
0.00858588
0.00878116
0.0091587
0.0096407
0.00990536
0.0101557
0.0106501
0.0111035
0.0113533
0.0116759
0.0121639
0.012639
0.0130561
0.0134574
0.0138673
0.0143105
0.0147931
0.0152999
0.0157555
0.0161378
0.0165957
0.0171428
0.0176298
0.0180221
0.0184469
0.0189778
0.0195573
0.0200734
0.0205434
0.0211211
0.0217917
0.0223736
0.0229145
0.0235408
0.0241842
0.0247809
0.0253601
0.0259769
0.02661
0.0272579
0.0279623
0.0287
0.0294256
0.0301408
0.0308823
0.0316236
0.0323696
0.0331143
0.0338908
0.0346876
0.0354989
0.0363351
0.03721
0.0381032
0.0389887
0.0399193
0.0408355
0.0417878
0.0427478
0.0437376
0.0447272
0.0457615
0.0468041
0.0478659
0.0489371
0.0500236
0.0511654
0.0523071
0.0535014
0.0546547
0.0558788
0.0570864
0.058339
0.0596293
0.0608854
0.062236
0.0635591
0.0649137
0.0663241
0.0676924
0.0691347
0.0704673
0.0716377
0.00483353
0.00566314
0.00637313
0.00646987
0.00614402
0.00614715
0.00673911
0.00727711
0.00720935
0.00675365
0.00658089
0.00702725
0.00756587
0.00767004
0.00762528
0.00786952
0.00835925
0.0087224
0.00886029
0.00917425
0.00970947
0.0100123
0.0101953
0.0106686
0.0111781
0.0114258
0.0117004
0.0121867
0.0126826
0.0130907
0.0134757
0.0138909
0.0143381
0.014808
0.0153069
0.0157701
0.0161532
0.0166013
0.0171483
0.0176432
0.0180388
0.0184628
0.0189936
0.0195775
0.0200968
0.0205602
0.0211295
0.0218015
0.0223839
0.0229164
0.02354
0.0241871
0.0247835
0.0253634
0.0259865
0.0266245
0.0272722
0.0279723
0.0287051
0.0294286
0.0301415
0.0308826
0.0316274
0.0323741
0.0331177
0.0338968
0.0346969
0.0355083
0.0363422
0.0372159
0.0381082
0.0389925
0.0399227
0.0408389
0.0417914
0.0427513
0.0437412
0.044731
0.0457642
0.0468054
0.0478686
0.0489406
0.0500264
0.0511681
0.0523089
0.0535017
0.054655
0.0558805
0.0570886
0.0583399
0.0596303
0.0608873
0.0622378
0.0635611
0.064915
0.0663278
0.067698
0.0691408
0.0704759
0.0716476
0.00480194
0.00556635
0.00633415
0.00662982
0.00642313
0.00630713
0.00674409
0.00732838
0.00743558
0.00703654
0.00672809
0.00703565
0.0076292
0.00787106
0.00779486
0.00790959
0.00840083
0.00885837
0.00898057
0.00919397
0.00974508
0.0101239
0.0102625
0.0106797
0.0112371
0.0115076
0.0117334
0.0122034
0.0127244
0.0131343
0.0134994
0.0139115
0.0143675
0.0148284
0.0153131
0.0157819
0.0161702
0.0166089
0.0171536
0.0176563
0.0180564
0.0184798
0.0190093
0.0195969
0.0201201
0.0205774
0.0211375
0.0218112
0.0223951
0.0229191
0.0235394
0.0241909
0.0247875
0.0253673
0.025996
0.0266385
0.0272857
0.027982
0.0287103
0.029432
0.0301427
0.0308832
0.0316315
0.0323791
0.0331214
0.0339027
0.0347063
0.0355177
0.0363491
0.0372221
0.0381135
0.0389965
0.0399263
0.0408426
0.0417953
0.0427548
0.0437449
0.0447348
0.0457671
0.046807
0.0478714
0.0489441
0.0500293
0.0511709
0.0523107
0.053502
0.0546553
0.0558822
0.0570906
0.0583409
0.0596313
0.0608894
0.0622397
0.0635633
0.064917
0.0663316
0.067704
0.0691472
0.0704846
0.0716576
0.00479969
0.00549673
0.00628337
0.00672101
0.00667349
0.00650983
0.00679035
0.00734633
0.00760162
0.00732719
0.00693632
0.00707589
0.007649
0.00802531
0.00800244
0.00798823
0.00840608
0.00896118
0.00913192
0.00924191
0.00975634
0.0102225
0.0103561
0.0106955
0.0112801
0.0115956
0.0117801
0.0122199
0.0127636
0.0131809
0.0135242
0.0139271
0.0143943
0.0148544
0.0153226
0.0157913
0.0161883
0.0166209
0.0171615
0.0176707
0.0180751
0.0184971
0.0190241
0.0196148
0.0201431
0.0205954
0.0211456
0.0218206
0.0224074
0.0229232
0.0235392
0.0241956
0.0247926
0.0253715
0.0260052
0.0266519
0.0272988
0.0279916
0.0287162
0.0294362
0.0301446
0.0308842
0.0316358
0.0323845
0.0331254
0.0339086
0.0347158
0.0355272
0.0363562
0.0372285
0.0381191
0.0390008
0.0399301
0.0408465
0.0417993
0.0427585
0.0437487
0.0447389
0.0457701
0.0468086
0.0478743
0.0489475
0.0500322
0.0511738
0.0523127
0.0535025
0.0546558
0.0558841
0.0570927
0.0583421
0.0596324
0.0608916
0.0622416
0.0635657
0.0649194
0.0663354
0.0677102
0.0691538
0.0704933
0.0716679
0.00483446
0.00543755
0.00623685
0.00676136
0.00687976
0.00674172
0.00689196
0.00736736
0.00770441
0.0075855
0.00718491
0.00716019
0.00765154
0.00811799
0.00821367
0.00813133
0.00840729
0.00901393
0.00929532
0.00933312
0.0097582
0.0102949
0.0104679
0.0107288
0.0113091
0.0116823
0.0118372
0.0122312
0.0127961
0.0132319
0.0135561
0.013944
0.0144201
0.0148854
0.0153387
0.0158004
0.0162048
0.0166354
0.0171709
0.0176841
0.018093
0.0185148
0.0190394
0.0196326
0.0201663
0.0206143
0.021154
0.0218297
0.0224208
0.0229288
0.0235391
0.0242006
0.0247991
0.0253766
0.0260143
0.0266649
0.0273113
0.0280009
0.0287222
0.0294408
0.030147
0.0308855
0.0316403
0.0323904
0.0331296
0.0339146
0.0347253
0.0355366
0.0363631
0.0372351
0.0381251
0.0390052
0.0399341
0.0408506
0.0418036
0.0427621
0.0437526
0.044743
0.0457733
0.0468105
0.0478773
0.048951
0.0500353
0.0511767
0.0523147
0.0535032
0.0546564
0.055886
0.0570947
0.0583435
0.0596335
0.0608939
0.0622437
0.063568
0.0649221
0.0663394
0.0677166
0.0691605
0.0705021
0.0716783
0.00493076
0.00539773
0.00619854
0.00677968
0.00703632
0.00697982
0.00703421
0.00740854
0.00776178
0.00778582
0.0074498
0.00729618
0.00767163
0.00816663
0.008391
0.00832712
0.00844254
0.00901611
0.00943716
0.00946814
0.00977228
0.0103367
0.0105808
0.0107825
0.0113273
0.0117613
0.0119101
0.0122461
0.0128248
0.013291
0.0135942
0.0139584
0.0144416
0.014917
0.0153599
0.0158103
0.0162178
0.01665
0.017184
0.0177002
0.0181122
0.0185336
0.0190548
0.0196493
0.020189
0.0206335
0.0211625
0.0218384
0.0224348
0.0229359
0.0235397
0.0242061
0.0248067
0.0253824
0.0260231
0.0266773
0.0273235
0.02801
0.0287288
0.0294464
0.0301501
0.0308873
0.0316451
0.0323968
0.0331343
0.0339205
0.034735
0.0355461
0.0363701
0.0372418
0.0381312
0.0390101
0.0399384
0.0408549
0.041808
0.0427658
0.0437565
0.0447474
0.0457767
0.0468125
0.0478805
0.0489544
0.0500383
0.0511797
0.0523167
0.0535041
0.0546571
0.055888
0.0570966
0.058345
0.0596348
0.0608963
0.0622459
0.0635705
0.0649252
0.0663434
0.0677232
0.0691677
0.0705109
0.0716888
0.00508726
0.00540188
0.00616342
0.00678925
0.00714111
0.00719849
0.00720437
0.007479
0.00780677
0.00792833
0.00770622
0.0074778
0.00772331
0.00819487
0.00851258
0.00853866
0.00853915
0.00899624
0.00953144
0.00962866
0.00981544
0.0103561
0.0106842
0.0108587
0.0113472
0.0118325
0.0119992
0.0122648
0.0128366
0.0133508
0.0136428
0.0139709
0.0144583
0.0149499
0.0153867
0.0158254
0.0162311
0.016664
0.0172
0.0177186
0.0181305
0.018551
0.0190699
0.0196656
0.0202118
0.0206538
0.0211713
0.021847
0.0224499
0.0229447
0.0235407
0.0242116
0.0248153
0.0253891
0.0260319
0.0266895
0.0273356
0.028019
0.0287357
0.0294525
0.0301536
0.0308894
0.0316501
0.0324035
0.0331392
0.0339264
0.0347445
0.0355555
0.0363773
0.0372488
0.0381376
0.0390151
0.0399427
0.0408594
0.0418128
0.0427697
0.0437606
0.0447518
0.04578
0.0468145
0.0478837
0.0489579
0.0500415
0.0511828
0.0523187
0.0535051
0.0546579
0.0558901
0.0570984
0.0583468
0.0596363
0.0608988
0.0622484
0.063573
0.0649287
0.0663475
0.0677299
0.0691752
0.0705197
0.0716994
0.00526344
0.00547122
0.00613994
0.00679628
0.0072078
0.00738188
0.00739196
0.0075767
0.00786405
0.00802963
0.00792682
0.00768637
0.00780799
0.00822673
0.00858828
0.00872829
0.00869754
0.00899236
0.00956879
0.0097879
0.00989981
0.0103712
0.0107704
0.0109505
0.0113712
0.0118857
0.0120952
0.0122975
0.0128352
0.0134077
0.0137099
0.0139866
0.0144669
0.0149837
0.0154197
0.0158452
0.0162446
0.0166742
0.0172148
0.0177403
0.0181508
0.0185685
0.0190855
0.0196819
0.0202347
0.020675
0.0211801
0.0218547
0.0224656
0.022955
0.0235424
0.0242175
0.0248249
0.0253966
0.0260405
0.0267013
0.0273472
0.0280276
0.0287428
0.0294593
0.0301577
0.0308919
0.0316555
0.032411
0.0331445
0.0339325
0.0347542
0.035565
0.0363845
0.0372557
0.0381442
0.0390206
0.0399475
0.0408641
0.0418176
0.0427733
0.0437646
0.0447564
0.0457837
0.0468169
0.0478871
0.0489613
0.0500447
0.0511861
0.0523207
0.0535064
0.0546589
0.0558924
0.0571002
0.0583486
0.0596379
0.0609013
0.062251
0.0635756
0.0649326
0.0663519
0.0677366
0.069183
0.0705286
0.07171
0.00541679
0.00559706
0.00614712
0.00680582
0.00725388
0.00751774
0.00758338
0.00770158
0.0079389
0.0081077
0.00810134
0.0079037
0.0079224
0.00827533
0.00864211
0.00887068
0.00888695
0.00903906
0.00957071
0.00991837
0.0100172
0.0103942
0.0108335
0.0110465
0.0114054
0.0119265
0.0121971
0.0123555
0.0128253
0.0134458
0.0137931
0.0140159
0.0144637
0.0150113
0.0154583
0.0158697
0.0162605
0.0166833
0.0172287
0.017766
0.0181748
0.0185852
0.0190992
0.0196977
0.0202578
0.0206974
0.0211891
0.0218615
0.0224821
0.0229675
0.0235446
0.0242234
0.0248355
0.0254046
0.0260491
0.026713
0.027359
0.0280362
0.0287503
0.0294668
0.0301623
0.0308947
0.0316612
0.0324185
0.03315
0.0339386
0.0347639
0.0355743
0.0363918
0.0372629
0.038151
0.0390262
0.0399522
0.0408689
0.0418229
0.0427773
0.043769
0.0447613
0.0457874
0.0468193
0.0478906
0.0489648
0.0500481
0.0511895
0.0523227
0.0535079
0.0546599
0.0558948
0.057102
0.0583505
0.0596399
0.0609038
0.062254
0.0635782
0.0649368
0.0663566
0.0677433
0.0691912
0.0705376
0.0717206
0.00552895
0.00574695
0.00619895
0.00682346
0.00729583
0.00761206
0.00775857
0.00784597
0.00802884
0.00818277
0.0082354
0.00811074
0.0080611
0.00834087
0.00869516
0.00896849
0.00907305
0.00914592
0.00956675
0.0100021
0.0101467
0.0104372
0.0108811
0.0111449
0.0114585
0.0119574
0.0122893
0.0124358
0.0128195
0.0134576
0.0138811
0.0140701
0.0144542
0.0150243
0.0155024
0.0159045
0.0162809
0.0166916
0.0172381
0.017792
0.0182028
0.0186024
0.0191113
0.0197128
0.0202819
0.0207216
0.0211988
0.0218671
0.0224989
0.022982
0.0235476
0.0242292
0.024847
0.0254137
0.0260574
0.0267245
0.0273708
0.0280444
0.0287579
0.029475
0.0301675
0.0308978
0.0316671
0.0324268
0.0331558
0.0339447
0.0347735
0.0355838
0.0363995
0.0372702
0.0381578
0.0390322
0.0399573
0.040874
0.0418285
0.0427812
0.0437733
0.0447662
0.0457913
0.0468221
0.0478942
0.0489682
0.0500514
0.0511931
0.0523246
0.0535097
0.0546612
0.0558974
0.0571039
0.0583524
0.0596421
0.0609063
0.0622571
0.0635808
0.0649413
0.0663615
0.06775
0.0691996
0.0705468
0.0717312
0.00561591
0.00589033
0.00629004
0.00685761
0.00734438
0.00768005
0.00789726
0.00799728
0.00813419
0.00826659
0.00834108
0.00829595
0.00822228
0.00842087
0.00875589
0.00903888
0.00922498
0.00929244
0.00958853
0.0100479
0.0102708
0.0105075
0.0109236
0.0112335
0.0115241
0.0119827
0.0123653
0.0125353
0.0128331
0.0134445
0.0139566
0.0141547
0.0144546
0.0150168
0.0155428
0.0159506
0.0163072
0.0166985
0.0172424
0.017818
0.0182367
0.0186222
0.0191214
0.0197259
0.0203066
0.0207479
0.0212089
0.0218713
0.0225157
0.0229986
0.0235516
0.0242348
0.0248593
0.0254238
0.0260654
0.0267357
0.0273831
0.0280528
0.0287655
0.0294838
0.0301733
0.0309013
0.0316731
0.0324357
0.0331621
0.0339509
0.0347832
0.035593
0.0364071
0.0372774
0.038165
0.039039
0.0399627
0.040879
0.0418341
0.042785
0.0437777
0.0447715
0.0457953
0.046825
0.0478979
0.0489718
0.0500548
0.051197
0.0523265
0.0535116
0.0546626
0.0559
0.0571058
0.0583543
0.0596448
0.0609088
0.0622605
0.0635837
0.064946
0.0663669
0.0677566
0.0692083
0.0705561
0.0717417
0.00569327
0.00601585
0.00640609
0.00691106
0.00739986
0.0077433
0.00799915
0.00813788
0.0082512
0.00836507
0.00843652
0.00845183
0.00839422
0.00851127
0.00881903
0.00910097
0.00933766
0.0094524
0.00965473
0.0100795
0.0103743
0.010593
0.0109645
0.0113063
0.0116013
0.0120162
0.0124233
0.01264
0.0128747
0.0134211
0.0140045
0.0142578
0.0144815
0.0149939
0.0155649
0.0160057
0.0163476
0.0167079
0.0172405
0.0178411
0.018276
0.0186455
0.0191293
0.0197363
0.0203313
0.0207772
0.0212203
0.0218738
0.0225326
0.0230173
0.0235566
0.0242403
0.0248722
0.0254349
0.0260733
0.0267464
0.0273956
0.0280613
0.0287731
0.029493
0.0301799
0.0309052
0.0316792
0.032445
0.033169
0.0339568
0.0347927
0.0356026
0.0364154
0.0372849
0.0381718
0.0390456
0.039968
0.0408843
0.0418406
0.0427892
0.0437822
0.0447768
0.0457993
0.046828
0.0479016
0.0489754
0.0500582
0.051201
0.0523283
0.0535138
0.0546644
0.0559026
0.0571079
0.0583562
0.0596479
0.0609113
0.0622639
0.0635868
0.0649508
0.0663726
0.0677631
0.0692171
0.0705656
0.0717522
0.00576192
0.00612662
0.00653081
0.00698519
0.00746319
0.00781399
0.0080774
0.00825757
0.00837215
0.00847324
0.008532
0.00857496
0.00855819
0.00861822
0.00888738
0.00917031
0.00942327
0.00959831
0.00975723
0.0101135
0.0104511
0.010682
0.0110163
0.0113688
0.0116801
0.0120621
0.0124672
0.0127386
0.0129457
0.0134031
0.014018
0.014359
0.014545
0.0149742
0.0155596
0.0160581
0.016407
0.0167259
0.01723
0.0178565
0.0183207
0.0186755
0.0191356
0.0197431
0.0203557
0.0208096
0.0212338
0.021874
0.0225487
0.0230386
0.0235623
0.0242455
0.0248859
0.025447
0.0260811
0.0267566
0.0274082
0.0280702
0.0287811
0.0295025
0.0301869
0.0309095
0.0316855
0.0324549
0.0331765
0.0339628
0.034802
0.0356122
0.0364237
0.0372921
0.0381789
0.0390531
0.0399737
0.0408895
0.0418469
0.0427932
0.0437867
0.0447827
0.0458037
0.0468314
0.0479053
0.0489791
0.0500616
0.0512051
0.0523302
0.053516
0.0546664
0.0559052
0.0571103
0.058358
0.0596513
0.0609139
0.0622675
0.0635902
0.0649557
0.0663787
0.0677698
0.0692261
0.0705754
0.0717626
0.00581091
0.00622072
0.00665713
0.00708188
0.00753013
0.00789236
0.00815383
0.00835552
0.00848177
0.00858084
0.00863364
0.00867713
0.00870524
0.00874562
0.00896257
0.00924063
0.00949311
0.00971512
0.0098772
0.0101672
0.0105164
0.01077
0.0110773
0.0114239
0.0117505
0.0121204
0.0125075
0.0128196
0.013035
0.0134053
0.0140074
0.0144408
0.0146367
0.0149789
0.0155337
0.0160884
0.0164798
0.0167636
0.0172151
0.0178584
0.0183681
0.0187161
0.0191418
0.0197442
0.0203787
0.0208454
0.0212506
0.0218723
0.0225631
0.0230625
0.0235694
0.0242496
0.0249005
0.0254605
0.0260886
0.0267665
0.0274212
0.0280794
0.0287891
0.0295123
0.0301948
0.0309141
0.0316915
0.0324652
0.0331851
0.033969
0.0348108
0.0356217
0.0364327
0.0372996
0.0381862
0.0390608
0.0399793
0.0408947
0.0418537
0.0427975
0.0437911
0.0447883
0.0458079
0.0468349
0.0479091
0.0489832
0.0500653
0.0512095
0.0523321
0.0535184
0.0546687
0.0559077
0.0571129
0.0583598
0.0596549
0.0609167
0.0622711
0.0635941
0.0649606
0.0663851
0.0677765
0.069235
0.0705853
0.0717731
0.00583948
0.00629491
0.00677332
0.00719399
0.00760517
0.00797327
0.00823472
0.00843822
0.00857662
0.00868067
0.00874163
0.00877845
0.00883298
0.00887775
0.00904154
0.00930465
0.00955736
0.00980772
0.0100001
0.010244
0.010578
0.0108507
0.0111433
0.0114811
0.0118118
0.0121812
0.0125522
0.012883
0.0131307
0.0134358
0.0139863
0.0144917
0.0147373
0.0150194
0.0155072
0.0160862
0.0165504
0.0168301
0.0172069
0.0178409
0.0184102
0.0187705
0.0191526
0.0197373
0.0203982
0.0208854
0.0212713
0.021869
0.0225748
0.0230888
0.0235789
0.0242523
0.0249153
0.0254758
0.0260958
0.0267757
0.0274344
0.0280892
0.0287973
0.0295224
0.0302037
0.0309189
0.0316972
0.032476
0.0331942
0.0339747
0.034819
0.0356318
0.0364424
0.0373064
0.0381931
0.0390689
0.0399853
0.0409003
0.041861
0.0428021
0.0437955
0.0447944
0.0458123
0.0468387
0.0479126
0.048987
0.0500689
0.0512138
0.0523341
0.0535209
0.0546716
0.0559101
0.0571158
0.0583617
0.0596587
0.0609198
0.0622745
0.0635983
0.0649657
0.0663916
0.0677834
0.069244
0.0705954
0.0717834
0.00586225
0.00634753
0.00686787
0.00731283
0.00769482
0.00804989
0.00831749
0.00851704
0.0086598
0.00876754
0.00884792
0.00888514
0.0089434
0.00900036
0.00912977
0.0093722
0.00962314
0.00988201
0.0101062
0.010331
0.0106414
0.0109277
0.0112113
0.0115395
0.011867
0.012238
0.0126073
0.012939
0.0132195
0.0134918
0.0139689
0.014513
0.014829
0.0150883
0.0155018
0.0160593
0.016596
0.0169184
0.0172225
0.0178079
0.0184355
0.0188379
0.0191763
0.0197221
0.0204095
0.0209305
0.0212973
0.021864
0.0225835
0.0231166
0.0235912
0.0242539
0.0249305
0.0254936
0.0261035
0.0267837
0.0274476
0.0280997
0.0288054
0.0295322
0.0302138
0.0309243
0.0317021
0.0324875
0.0332056
0.033981
0.0348265
0.0356416
0.0364522
0.0373132
0.0382006
0.039078
0.0399912
0.0409056
0.041868
0.0428068
0.0438001
0.0448007
0.045817
0.0468429
0.0479164
0.0489911
0.0500729
0.051218
0.0523362
0.0535233
0.0546746
0.0559123
0.0571188
0.0583639
0.0596626
0.0609232
0.062278
0.0636029
0.0649709
0.0663983
0.0677905
0.069253
0.0706057
0.071794
0.00589333
0.00638793
0.00693974
0.00742169
0.00779813
0.0081286
0.00839771
0.00859479
0.00873791
0.00884268
0.00893815
0.00898695
0.00904174
0.00911374
0.00922865
0.00944604
0.0096862
0.00994303
0.0101973
0.0104241
0.0107097
0.0109993
0.0112781
0.0115987
0.0119227
0.0122875
0.0126625
0.0129926
0.0132949
0.0135657
0.0139703
0.0145139
0.014901
0.0151707
0.0155288
0.016029
0.0166028
0.0170077
0.0172745
0.0177743
0.0184321
0.0189074
0.019222
0.0197039
0.0204061
0.0209791
0.0213327
0.0218575
0.0225885
0.023146
0.0236065
0.0242548
0.0249431
0.0255128
0.0261124
0.026791
0.0274603
0.028111
0.0288138
0.0295418
0.0302253
0.0309302
0.0317062
0.032499
0.0332152
0.0339865
0.0348327
0.0356522
0.0364635
0.0373197
0.0382073
0.0390869
0.0399968
0.0409112
0.0418757
0.0428121
0.0438044
0.0448066
0.0458215
0.0468471
0.0479201
0.0489954
0.0500772
0.0512223
0.0523388
0.0535261
0.0546782
0.0559145
0.0571219
0.0583663
0.0596664
0.0609268
0.0622812
0.0636079
0.0649763
0.0664049
0.0677979
0.0692619
0.0706159
0.0718044
0.00594038
0.00642751
0.00699399
0.00750928
0.00790565
0.00821616
0.00847587
0.00867134
0.00881332
0.00891026
0.00900713
0.00907715
0.00913602
0.00921861
0.00932411
0.00951747
0.00975241
0.0100023
0.0102741
0.010511
0.0107799
0.0110714
0.0113497
0.0116606
0.0119775
0.0123303
0.0127114
0.0130483
0.0133596
0.013643
0.0139943
0.0145048
0.0149491
0.0152524
0.0155809
0.0160194
0.0165826
0.0170725
0.0173578
0.0177627
0.0184002
0.0189615
0.0192932
0.0196949
0.0203817
0.0210237
0.0213815
0.0218507
0.0225867
0.0231773
0.0236253
0.0242546
0.0249544
0.0255333
0.0261232
0.0267982
0.027472
0.0281228
0.0288224
0.029551
0.0302379
0.0309368
0.0317094
0.0325107
0.03323
0.0339932
0.0348384
0.0356631
0.0364751
0.0373257
0.0382143
0.0390971
0.0400031
0.0409169
0.0418829
0.0428172
0.0438091
0.044813
0.0458266
0.0468516
0.0479237
0.0489992
0.0500814
0.0512261
0.0523414
0.0535286
0.0546819
0.0559167
0.0571253
0.0583694
0.0596702
0.0609309
0.0622848
0.0636131
0.064982
0.0664116
0.0678054
0.0692709
0.0706262
0.0718151
0.00600207
0.00647663
0.0070429
0.00757586
0.00800111
0.00831013
0.00855358
0.00874239
0.00888267
0.0089762
0.00906535
0.00915448
0.00922311
0.00930853
0.0094128
0.00958867
0.00982195
0.0100567
0.0103315
0.0105904
0.0108544
0.0111442
0.0114199
0.0117222
0.0120335
0.0123737
0.0127555
0.0131031
0.0134186
0.0137147
0.0140373
0.0144996
0.0149741
0.0153225
0.0156445
0.0160371
0.0165567
0.0170974
0.0174487
0.0177922
0.0183592
0.0189825
0.0193792
0.019712
0.0203403
0.0210528
0.0214471
0.0218506
0.022574
0.0232091
0.0236498
0.024252
0.0249638
0.0255546
0.0261351
0.026806
0.027483
0.0281345
0.0288312
0.0295601
0.030252
0.0309441
0.0317113
0.0325224
0.0332446
0.0339997
0.0348419
0.0356736
0.0364875
0.0373318
0.0382212
0.0391073
0.040009
0.0409226
0.0418905
0.0428231
0.043814
0.0448188
0.0458317
0.0468562
0.0479277
0.0490036
0.0500864
0.05123
0.0523443
0.0535316
0.0546856
0.0559188
0.0571282
0.0583725
0.0596736
0.0609348
0.0622882
0.0636182
0.0649879
0.0664182
0.0678131
0.0692799
0.0706364
0.0718252
0.00607047
0.00653905
0.00709696
0.00763143
0.00807645
0.00839944
0.00863052
0.00880762
0.00894363
0.00903919
0.00911923
0.00921292
0.00929541
0.00938686
0.00949849
0.00965626
0.00988398
0.0101143
0.0103827
0.010661
0.010923
0.0112096
0.0114878
0.0117852
0.0120937
0.0124182
0.0127943
0.0131526
0.0134743
0.0137813
0.0140903
0.0145082
0.0149847
0.0153753
0.0157103
0.016076
0.0165458
0.0170927
0.0175173
0.0178558
0.0183341
0.0189642
0.019457
0.0197672
0.0202974
0.0210522
0.0215228
0.0218677
0.0225498
0.0232379
0.0236845
0.0242481
0.0249696
0.025578
0.0261481
0.0268141
0.027494
0.028146
0.0288398
0.029569
0.0302677
0.0309525
0.0317121
0.0325339
0.0332614
0.0340067
0.0348453
0.0356856
0.036501
0.0373376
0.0382276
0.0391173
0.0400156
0.0409287
0.0418978
0.042829
0.0438193
0.0448247
0.0458372
0.046861
0.0479314
0.0490078
0.0500913
0.0512337
0.0523476
0.0535352
0.0546897
0.0559216
0.057132
0.0583768
0.0596775
0.0609392
0.0622922
0.0636236
0.0649943
0.0664248
0.0678208
0.0692891
0.0706464
0.071836
0.0061379
0.00660609
0.00715736
0.00768657
0.00813591
0.00847486
0.00870526
0.00886951
0.0089958
0.00909077
0.00916491
0.00925393
0.00935201
0.00945169
0.00957087
0.0097197
0.00994143
0.010178
0.0104297
0.0107146
0.0109856
0.0112722
0.0115565
0.0118454
0.012152
0.0124639
0.0128291
0.0131964
0.0135246
0.0138436
0.0141474
0.0145319
0.0149931
0.0154099
0.0157711
0.0161264
0.016556
0.0170801
0.0175524
0.0179306
0.0183468
0.0189257
0.0194994
0.0198506
0.0202731
0.0210147
0.0215906
0.0219104
0.0225171
0.0232524
0.0237289
0.0242445
0.0249679
0.0256028
0.026163
0.0268211
0.0275056
0.0281578
0.0288466
0.0295773
0.0302851
0.0309623
0.0317113
0.0325442
0.0332797
0.0340146
0.0348464
0.0356965
0.036514
0.0373428
0.0382342
0.0391274
0.0400224
0.0409346
0.0419042
0.0428348
0.0438246
0.0448295
0.0458426
0.0468658
0.047935
0.049012
0.0500962
0.0512368
0.0523502
0.0535383
0.0546928
0.0559236
0.0571347
0.0583804
0.0596807
0.0609431
0.0622961
0.0636286
0.0650005
0.0664313
0.0678285
0.0692982
0.0706566
0.0718458
0.00620426
0.00667029
0.00721806
0.00774112
0.00818635
0.00853386
0.00877089
0.00892666
0.00904045
0.00912857
0.00920116
0.00928376
0.00938984
0.00949852
0.00962685
0.00977879
0.00998867
0.0102315
0.0104754
0.0107586
0.0110447
0.0113299
0.0116193
0.0119031
0.0122075
0.0125134
0.0128609
0.013234
0.0135679
0.0138985
0.0142062
0.0145638
0.0150056
0.0154322
0.0158229
0.016185
0.0165818
0.017076
0.0175658
0.0179949
0.0183964
0.0189002
0.0195027
0.0199442
0.0202967
0.0209602
0.0216344
0.0219848
0.0224946
0.0232482
0.0237836
0.0242516
0.0249571
0.0256281
0.026183
0.0268264
0.027517
0.0281718
0.0288522
0.0295845
0.0303046
0.0309746
0.0317091
0.032553
0.0333001
0.0340237
0.0348473
0.0357085
0.0365289
0.0373495
0.0382414
0.0391371
0.0400303
0.0409417
0.0419113
0.042842
0.0438314
0.044835
0.0458489
0.0468713
0.0479389
0.0490173
0.0501021
0.0512408
0.0523545
0.0535433
0.054697
0.0559269
0.0571389
0.0583854
0.0596846
0.0609475
0.0623008
0.0636341
0.065007
0.0664382
0.0678362
0.0693073
0.0706662
0.0718564
0.00627336
0.00672965
0.00727296
0.00779006
0.00822842
0.00857459
0.00881826
0.00897222
0.00907642
0.00915586
0.00922783
0.00930526
0.00941166
0.00953063
0.00966658
0.00982586
0.0100273
0.0102743
0.0105212
0.0107932
0.0110898
0.0113772
0.0116702
0.0119555
0.0122553
0.0125612
0.0128889
0.0132611
0.0136024
0.0139395
0.0142612
0.0145984
0.0150177
0.0154434
0.0158537
0.0162384
0.0166145
0.0170781
0.0175661
0.0180275
0.0184532
0.0188976
0.0194703
0.0200021
0.0203541
0.0209048
0.0216285
0.0220667
0.022493
0.0232176
0.023831
0.0242738
0.0249366
0.0256472
0.02621
0.02683
0.027526
0.0281885
0.0288562
0.0295878
0.0303248
0.0309904
0.0317069
0.0325586
0.0333208
0.0340344
0.034847
0.0357185
0.0365422
0.0373552
0.0382473
0.039145
0.0400379
0.0409475
0.0419158
0.042848
0.0438369
0.0448385
0.0458542
0.0468762
0.0479416
0.0490214
0.0501062
0.0512427
0.052357
0.0535469
0.0546994
0.0559288
0.0571421
0.0583894
0.0596878
0.0609512
0.0623053
0.0636389
0.0650131
0.0664447
0.0678437
0.0693163
0.0706763
0.0718661
0.00634311
0.00678105
0.00731323
0.00782067
0.00825072
0.00858961
0.00883777
0.0089975
0.00910085
0.00917474
0.00924532
0.00932385
0.00943095
0.00956158
0.00970773
0.00987881
0.0100809
0.0103268
0.0105828
0.0108449
0.0111406
0.0114326
0.0117239
0.0120127
0.0123083
0.0126162
0.0129278
0.0132882
0.0136397
0.0139784
0.0143189
0.0146496
0.015043
0.0154646
0.0158791
0.01629
0.0166628
0.0170955
0.0175767
0.0180473
0.0185067
0.0189362
0.0194489
0.0200282
0.0204392
0.0208944
0.0215933
0.0221404
0.0225323
0.0231822
0.0238611
0.024318
0.0249196
0.025653
0.0262451
0.0268372
0.0275293
0.0282093
0.0288632
0.0295869
0.0303443
0.0310114
0.0317048
0.0325597
0.0333428
0.0340485
0.0348469
0.0357277
0.0365566
0.0373637
0.0382548
0.0391531
0.0400477
0.0409556
0.0419218
0.0428566
0.0438447
0.0448431
0.0458608
0.0468825
0.0479456
0.0490278
0.0501126
0.0512468
0.052362
0.0535526
0.0547033
0.0559322
0.0571468
0.0583944
0.0596917
0.0609553
0.0623103
0.0636446
0.0650194
0.0664518
0.0678512
0.0693251
0.0706855
0.0718759
0.00642656
0.00682355
0.00731907
0.00779397
0.00819659
0.00850997
0.00874527
0.00890545
0.00901215
0.0090908
0.00916846
0.00926199
0.00938201
0.00953202
0.00969761
0.00988506
0.0100994
0.0103482
0.0106167
0.0108787
0.0111662
0.0114638
0.0117564
0.0120482
0.0123436
0.0126538
0.0129594
0.0133005
0.0136591
0.0140008
0.0143522
0.0146917
0.0150619
0.0154783
0.0158906
0.0163166
0.0167052
0.0171142
0.017587
0.0180566
0.0185297
0.018978
0.0194437
0.0200159
0.0205009
0.020918
0.0215427
0.0221718
0.0225918
0.0231554
0.0238605
0.0243683
0.0249162
0.0256383
0.0262802
0.0268547
0.0275244
0.0282286
0.0288768
0.0295802
0.0303581
0.0310388
0.0317072
0.0325545
0.0333623
0.0340677
0.0348483
0.0357334
0.0365701
0.0373738
0.0382609
0.0391586
0.0400564
0.0409617
0.0419251
0.042864
0.0438506
0.0448456
0.0458665
0.0468879
0.0479479
0.049032
0.0501163
0.0512479
0.0523654
0.0535569
0.0547055
0.0559346
0.0571511
0.058399
0.0596952
0.060959
0.0623152
0.0636495
0.065025
0.0664583
0.0678587
0.0693339
0.0706954
0.0718859
0.00669565
0.00708782
0.00755758
0.00799359
0.00834882
0.00860966
0.00879181
0.00891546
0.00899966
0.00906813
0.00913982
0.00923717
0.00936613
0.00953034
0.00971442
0.00991352
0.0101384
0.010386
0.010656
0.0109186
0.0111945
0.0114921
0.0117899
0.0120825
0.0123765
0.0126884
0.0129965
0.0133229
0.0136796
0.0140306
0.0143853
0.0147367
0.0150952
0.015501
0.0159116
0.016335
0.0167429
0.0171432
0.0176026
0.0180742
0.0185404
0.0190123
0.0194674
0.0200003
0.0205344
0.0209668
0.0215147
0.02217
0.022655
0.0231591
0.0238416
0.0244118
0.0249356
0.025617
0.0263035
0.0268857
0.0275195
0.0282399
0.0289002
0.0295747
0.0303614
0.031071
0.0317175
0.0325431
0.0333757
0.0340903
0.0348522
0.0357337
0.03658
0.0373867
0.0382673
0.0391628
0.040067
0.0409691
0.0419294
0.0428742
0.0438573
0.044848
0.045873
0.0468943
0.0479516
0.0490386
0.0501223
0.0512511
0.0523707
0.0535625
0.0547081
0.0559372
0.0571554
0.0584033
0.0596984
0.0609625
0.0623202
0.063655
0.0650307
0.0664649
0.0678659
0.0693418
0.0707043
0.0718943
0.0063897
0.00672829
0.00716432
0.00759517
0.00796864
0.00826663
0.00849262
0.0086703
0.00881448
0.00894177
0.00906272
0.00919761
0.00935641
0.00953952
0.00974259
0.00995104
0.0101816
0.0104264
0.0106909
0.0109546
0.0112216
0.0115155
0.0118181
0.0121139
0.0124041
0.0127159
0.0130299
0.0133491
0.013696
0.0140531
0.014411
0.0147684
0.0151297
0.0155235
0.0159321
0.016349
0.0167707
0.0171816
0.0176224
0.0180947
0.0185512
0.0190343
0.0195055
0.0199983
0.0205459
0.0210197
0.0215189
0.0221523
0.0226965
0.0231866
0.0238187
0.0244343
0.0249715
0.0256006
0.0263061
0.0269205
0.0275241
0.0282391
0.0289261
0.0295777
0.0303522
0.0311054
0.0317414
0.0325288
0.0333835
0.0341198
0.0348644
0.0357336
0.0365893
0.0374047
0.0382763
0.0391661
0.0400775
0.0409757
0.0419323
0.0428852
0.0438644
0.0448492
0.0458798
0.0469009
0.0479545
0.0490434
0.0501262
0.0512525
0.0523754
0.053568
0.0547109
0.055941
0.057161
0.0584085
0.0597026
0.0609666
0.0623253
0.0636601
0.065036
0.0664713
0.0678734
0.0693503
0.0707135
0.0719051
0.00776187
0.007736
0.00766159
0.00762748
0.00766049
0.00776214
0.00791809
0.00811726
0.00834331
0.00857978
0.00881399
0.00903889
0.0092656
0.00949247
0.00972751
0.00995526
0.0101909
0.0104371
0.0106985
0.0109662
0.0112279
0.0115134
0.0118125
0.0121129
0.0124051
0.0127153
0.0130387
0.0133611
0.0137025
0.0140592
0.0144252
0.0147868
0.0151532
0.0155397
0.0159408
0.0163554
0.0167789
0.0172092
0.0176366
0.0181006
0.0185582
0.0190361
0.0195308
0.020003
0.0205356
0.0210515
0.0215366
0.0221311
0.0227097
0.02322
0.0238102
0.0244372
0.0250096
0.0256008
0.026293
0.0269487
0.027544
0.0282318
0.0289461
0.0295939
0.0303355
0.0311249
0.0317747
0.0325111
0.033373
0.034148
0.0348772
0.0357243
0.0365915
0.0374205
0.0382822
0.0391668
0.0400864
0.0409806
0.0419343
0.0428957
0.04387
0.0448483
0.0458848
0.0469069
0.0479575
0.0490483
0.0501308
0.0512546
0.0523798
0.0535723
0.0547121
0.0559428
0.0571643
0.0584117
0.0597049
0.0609693
0.0623293
0.0636652
0.0650402
0.0664768
0.0678803
0.069354
0.0707208
0.0719111
0.00643234
0.00670246
0.00704977
0.00739013
0.00768999
0.00793869
0.00813759
0.0083068
0.00847295
0.00864736
0.00883522
0.00902492
0.0092326
0.00946019
0.00970873
0.00995939
0.0102077
0.010465
0.010732
0.0110084
0.0112735
0.0115475
0.0118339
0.012131
0.012429
0.0127312
0.0130559
0.0133844
0.0137252
0.014077
0.0144434
0.0148127
0.0151793
0.0155643
0.0159576
0.016373
0.0167972
0.0172375
0.017667
0.018111
0.018576
0.0190496
0.0195513
0.0200307
0.0205337
0.0210752
0.0215717
0.0221244
0.0227144
0.0232476
0.0238175
0.0244338
0.0250333
0.0256197
0.0262665
0.0269582
0.0275793
0.0282245
0.0289534
0.0296238
0.0303191
0.0311313
0.0318289
0.0325138
0.0333548
0.0341811
0.0349097
0.0357187
0.036596
0.0374451
0.0382925
0.0391711
0.0400994
0.0409864
0.0419379
0.0429093
0.0438783
0.0448498
0.0458921
0.0469146
0.0479622
0.0490538
0.0501354
0.0512576
0.0523857
0.0535788
0.0547162
0.0559479
0.0571708
0.0584174
0.0597098
0.0609739
0.0623344
0.0636706
0.0650464
0.066483
0.0678873
0.0693648
0.0707308
0.0719225
0.00783691
0.00770692
0.00750826
0.00734876
0.00727824
0.00730548
0.00742956
0.00763156
0.00789673
0.00819671
0.00851497
0.00882459
0.00912261
0.00940879
0.00968659
0.00995875
0.010216
0.0104747
0.0107385
0.0110113
0.0112782
0.0115413
0.0118167
0.0121108
0.0124184
0.0127217
0.0130465
0.0133859
0.013731
0.014084
0.0144456
0.0148213
0.01519
0.0155719
0.0159636
0.0163758
0.0168047
0.0172453
0.0176828
0.0181142
0.0185757
0.0190589
0.0195507
0.0200456
0.0205323
0.0210722
0.0216
0.0221224
0.0227093
0.0232649
0.0238248
0.0244349
0.0250398
0.0256433
0.0262649
0.0269417
0.0276158
0.028231
0.0289446
0.0296587
0.0303169
0.0311128
0.0318684
0.0325267
0.0333214
0.0341892
0.0349401
0.0357096
0.0365835
0.0374613
0.0382987
0.039167
0.0401079
0.0409893
0.0419353
0.0429181
0.0438839
0.044847
0.0458946
0.0469189
0.0479639
0.0490571
0.0501382
0.0512582
0.0523883
0.0535817
0.0547164
0.0559488
0.0571729
0.0584191
0.0597112
0.0609755
0.0623366
0.0636738
0.0650494
0.0664865
0.0678936
0.0693679
0.0707286
0.0719251
0.00722245
0.00705327
0.00685158
0.00671665
0.0066907
0.00677925
0.00698052
0.00726818
0.00761632
0.00799024
0.00836839
0.00873198
0.0090725
0.00938883
0.00968353
0.00996398
0.0102257
0.0104847
0.0107489
0.0110178
0.0112845
0.0115431
0.0118113
0.0121034
0.0124133
0.0127188
0.0130409
0.0133852
0.0137323
0.0140858
0.0144464
0.0148219
0.015194
0.0155734
0.0159669
0.016378
0.0168091
0.0172516
0.0176916
0.0181258
0.0185801
0.0190715
0.0195601
0.0200561
0.0205477
0.021074
0.021618
0.0221351
0.0227068
0.0232766
0.0238322
0.0244404
0.025046
0.0256575
0.0262832
0.0269348
0.0276287
0.0282569
0.0289264
0.0296742
0.0303474
0.031106
0.0318888
0.0325649
0.0333217
0.0341929
0.0349717
0.0357277
0.0365843
0.037477
0.0383175
0.039173
0.0401185
0.0410017
0.0419399
0.0429273
0.0438959
0.0448523
0.0459008
0.0469271
0.0479698
0.0490627
0.0501447
0.0512633
0.0523941
0.053589
0.0547227
0.0559546
0.0571796
0.0584255
0.0597169
0.0609804
0.0623415
0.0636795
0.0650554
0.0664927
0.0679001
0.0693769
0.070745
0.0719383
)
;

boundaryField
{
    zeroGradientPlanes
    {
        type            zeroGradient;
    }
    inlet
    {
        type            zeroGradient;
    }
    plate
    {
        type            zeroGradient;
    }
    frontAndBack
    {
        type            empty;
    }
}


// ************************************************************************* //
