/*--------------------------------*- C++ -*----------------------------------*\
| =========                 |                                                 |
| \\      /  F ield         | OpenFOAM: The Open Source CFD Toolbox           |
|  \\    /   O peration     | Version:  v1912                                 |
|   \\  /    A nd           | Website:  www.openfoam.com                      |
|    \\/     M anipulation  |                                                 |
\*---------------------------------------------------------------------------*/
FoamFile
{
    version     2.0;
    format      ascii;
    class       volScalarField;
    location    "7.2";
    object      p;
}
// * * * * * * * * * * * * * * * * * * * * * * * * * * * * * * * * * * * * * //

dimensions      [0 2 -2 0 0 0 0];


internalField   nonuniform List<scalar> 
9600
(
-2.48899e-11
0.00514764
0.00442053
0.00317914
0.00501211
0.00619739
0.00152626
0.00597584
0.00664707
0.00757948
0.0107652
0.0138425
0.0119229
0.00819846
0.00486697
0.00707789
0.00810849
0.0110613
0.0114817
0.0127704
-1.78773e-06
0.00517514
0.00441459
0.00317477
0.00502474
0.00620245
0.0015358
0.00597883
0.00664396
0.00759983
0.0107626
0.0138328
0.0119416
0.00820699
0.00488794
0.00701011
0.00811079
0.0109436
0.0114875
0.0125801
2.60414e-06
0.00520448
0.00439719
0.00320205
0.00506229
0.00619711
0.0015717
0.00598593
0.00664071
0.00763932
0.0107568
0.0138329
0.0119618
0.00820484
0.00493124
0.00691111
0.00811902
0.0108199
0.0114951
0.0123492
1.71399e-05
0.00522275
0.00437409
0.00326282
0.00511647
0.00618905
0.00165048
0.00599756
0.00663393
0.00768621
0.010749
0.0138294
0.0119855
0.00820817
0.00501346
0.00679561
0.00812999
0.0107042
0.0114771
0.0121374
4.31902e-05
0.00522909
0.00434795
0.00334703
0.00517664
0.0061798
0.0017731
0.00601198
0.00662123
0.00773389
0.0107416
0.0138226
0.0120136
0.00822182
0.00512758
0.0066798
0.0081526
0.0105906
0.0114338
0.0119638
7.98336e-05
0.00522416
0.00432159
0.00344504
0.00523038
0.0061728
0.00193002
0.00602927
0.00660261
0.00778005
0.0107362
0.0138099
0.0120468
0.0082506
0.00527052
0.00658187
0.00818672
0.010476
0.0113776
0.0118161
0.000124135
0.0052101
0.0042984
0.00355146
0.00526974
0.00616578
0.00210473
0.0060478
0.00657771
0.00782266
0.0107324
0.0137895
0.0120825
0.0082936
0.00543998
0.00651115
0.00823075
0.0103681
0.0113099
0.0116829
0.000172971
0.00519109
0.00428055
0.00366494
0.00529486
0.00615559
0.00228177
0.00606212
0.00654537
0.00785986
0.0107291
0.0137582
0.0121151
0.00834844
0.00563382
0.00647244
0.0082876
0.0102719
0.0112261
0.0115622
0.000224449
0.005171
0.00426866
0.00378728
0.00530971
0.00614043
0.0024513
0.00606555
0.00650531
0.00789016
0.0107191
0.0137132
0.0121383
0.00841122
0.00584792
0.00646722
0.00835864
0.0101889
0.0111244
0.0114544
0.000277849
0.00515179
0.00426279
0.00392056
0.00531834
0.00612151
0.0026109
0.00605292
0.00645923
0.00791383
0.0107027
0.0136537
0.0121462
0.0084772
0.00607714
0.00649311
0.00843895
0.0101195
0.0110052
0.0113551
0.000333005
0.00513474
0.00426299
0.00406484
0.0053228
0.00610043
0.00276383
0.00603128
0.0064136
0.00793386
0.0106789
0.013569
0.0121352
0.00854215
0.00631479
0.00654399
0.00851888
0.0100627
0.0108685
0.0112572
0.000389955
0.00512013
0.00426927
0.00421766
0.00532332
0.00607844
0.00291646
0.00600491
0.00637543
0.00795569
0.0106485
0.0134636
0.0121045
0.0086047
0.00655439
0.00661357
0.00858877
0.0100158
0.0107157
0.0111543
0.000448801
0.0051077
0.00428151
0.00437509
0.00531906
0.00605582
0.00307452
0.00597978
0.00635163
0.00798566
0.0106139
0.0133385
0.0120552
0.00866559
0.00679159
0.00669885
0.00864369
0.00997607
0.0105517
0.0110424
0.000509639
0.00509703
0.00429945
0.0045331
0.00530975
0.00603226
0.0032407
0.00596036
0.0063471
0.00802833
0.010578
0.0131958
0.0119895
0.00872545
0.00702342
0.0067998
0.00868279
0.00994313
0.0103848
0.0109216
0.0005725
0.00508781
0.00432261
0.00468875
0.00529631
0.00600758
0.00341469
0.00594866
0.00636339
0.00808461
0.0105431
0.0130382
0.0119107
0.0087851
0.00724759
0.00691674
0.00870904
0.00991772
0.010224
0.0107944
0.000637414
0.00507992
0.00435038
0.00484052
0.00528066
0.00598192
0.00359466
0.00594465
0.00639854
0.00815202
0.0105101
0.0128687
0.0118223
0.00884567
0.00746262
0.00704848
0.00871498
0.00989971
0.0100767
0.0106645
0.000704451
0.00507337
0.00438213
0.00498784
0.00526514
0.00595565
0.00377841
0.00594723
0.00644831
0.00822655
0.0104792
0.0126909
0.0117275
0.00890812
0.00766798
0.00719276
0.00873394
0.00988703
0.00994706
0.0105347
0.000773701
0.00506816
0.00441735
0.00513061
0.00525199
0.00592907
0.00396396
0.00595516
0.00650834
0.00830435
0.01045
0.012508
0.0116291
0.00897306
0.00786378
0.0073465
0.00874961
0.00987659
0.00983728
0.0104058
0.000845271
0.00506431
0.00445576
0.00526878
0.00524298
0.00590244
0.0041497
0.0059675
0.00657515
0.00838252
0.0104216
0.0123229
0.0115292
0.00904079
0.00805012
0.00750658
0.00876222
0.0098657
0.00974756
0.0102782
0.000919283
0.00506184
0.00449726
0.00540217
0.00523946
0.00587602
0.00433438
0.00598367
0.0066464
0.0084594
0.0103936
0.012138
0.011429
0.00911118
0.00822699
0.00767042
0.00877264
0.0098522
0.00967691
0.0101525
0.000995888
0.00506071
0.00454186
0.00553053
0.00524236
0.00585009
0.00451712
0.00600335
0.00672054
0.00853436
0.0103655
0.0119549
0.0113289
0.00918377
0.00839459
0.0078358
0.00878178
0.00983483
0.00962438
0.0100305
0.00107526
0.00506085
0.00458966
0.00565358
0.00525233
0.00582489
0.00469727
0.00602647
0.00679642
0.00860752
0.0103368
0.0117747
0.0112293
0.00925777
0.00855306
0.00800081
0.00879044
0.00981315
0.0095896
0.00991494
0.00115759
0.00506216
0.00464081
0.00577108
0.0052698
0.00580063
0.0048741
0.00605315
0.00687314
0.00867936
0.0103073
0.0115984
0.0111307
0.00933217
0.00870252
0.00816411
0.00879958
0.00978674
0.00957213
0.00980891
0.00124309
0.00506451
0.00469554
0.00588271
0.005295
0.00577774
0.0050469
0.00608359
0.00694994
0.00875039
0.0102768
0.0114266
0.0110332
0.00940587
0.00884307
0.00832467
0.00881057
0.00975511
0.00957089
0.00971658
0.00133198
0.00506779
0.00475408
0.00598811
0.00532787
0.00575669
0.00521508
0.00611813
0.00702603
0.0088211
0.0102453
0.0112597
0.0109378
0.00947803
0.00897463
0.00848148
0.00882485
0.00971795
0.00958402
0.00964357
0.00142453
0.0050718
0.00481668
0.00608706
0.00536821
0.00573787
0.00537794
0.00615722
0.00710077
0.00889183
0.0102131
0.0110984
0.0108453
0.00954825
0.00909695
0.00863348
0.00884424
0.00967538
0.00960811
0.0095958
0.00152103
0.00507635
0.00488352
0.00617945
0.00541584
0.00572183
0.00553468
0.00620134
0.00717362
0.00896279
0.0101808
0.0109485
0.0107562
0.00961642
0.00920989
0.00877948
0.00887106
0.0096285
0.00963716
0.00957686
0.00162179
0.00508123
0.00495472
0.00626529
0.00547049
0.0057094
0.00568469
0.0062509
0.00724403
0.00903412
0.0101493
0.0107959
0.0106708
0.0096826
0.00931333
0.00891806
0.00890696
0.00958069
0.0096635
0.00958492
0.00172715
0.00508622
0.00503028
0.00634478
0.00553172
0.00570144
0.00582747
0.00630628
0.00731166
0.00910551
0.0101197
0.0106465
0.010589
0.00974761
0.00940747
0.00904751
0.00895234
0.00948436
0.00968178
0.00961459
0.00183743
0.00509111
0.00511023
0.00641838
0.00559899
0.00569874
0.00596255
0.00636782
0.00737631
0.00917628
0.0100934
0.0105004
0.0105097
0.00981266
0.00949362
0.00916635
0.00900795
0.00944476
0.00969305
0.00965842
0.00195297
0.0050957
0.00519441
0.00648677
0.00567159
0.00570218
0.00608963
0.00643569
0.00743798
0.00924573
0.0100719
0.0103577
0.0104309
0.00987835
0.00957375
0.00927383
0.00907245
0.00941476
0.00969865
0.00971033
0.00207409
0.00509992
0.00528238
0.00655068
0.00574867
0.00571257
0.00620869
0.00650967
0.00749696
0.00931352
0.0100564
0.0102196
0.0103512
0.00994499
0.00964998
0.00936913
0.00914425
0.00939578
0.00969942
0.00976704
0.00220112
0.00510371
0.00537368
0.00661104
0.00582927
0.00573054
0.00632001
0.00658949
0.00755355
0.0093761
0.0100477
0.0100872
0.0102691
0.0100124
0.00972522
0.00945178
0.00922045
0.00939105
0.00969639
0.00982514
0.00233436
0.00510708
0.0054677
0.00666901
0.00591261
0.0057564
0.006424
0.00667504
0.00760805
0.00943337
0.0100458
0.0099623
0.0101832
0.0100791
0.00980293
0.00952309
0.00929737
0.00940378
0.00969246
0.00987866
0.00247414
0.00511027
0.00556339
0.0067257
0.00599821
0.00579041
0.00652109
0.00676575
0.00766105
0.00948428
0.0100517
0.00984741
0.0100926
0.0101425
0.00988599
0.00958558
0.00937068
0.00943539
0.00969442
0.009923
0.00262074
0.00511374
0.00565941
0.00678213
0.00608586
0.00583258
0.00661189
0.00686099
0.00771334
0.00952776
0.0100646
0.00974522
0.00999685
0.0101998
0.0099768
0.009643
0.0094355
0.0094818
0.00971073
0.0099635
0.00277441
0.00511827
0.00575418
0.00683908
0.00617604
0.00588256
0.00669662
0.00696051
0.00776631
0.0095629
0.0100836
0.00965801
0.00989649
0.0102478
0.0100763
0.00970002
0.00948969
0.00953669
0.0097494
0.0100094
0.00293525
0.00512496
0.00584595
0.00689678
0.00626939
0.00594074
0.00677544
0.00706299
0.00782152
0.00959025
0.010107
0.0095871
0.00979265
0.0102833
0.0101841
0.00976082
0.00953303
0.00959464
0.0098085
0.0100701
0.00310336
0.00513489
0.00593325
0.00695585
0.00636645
0.00600684
0.00684967
0.00716724
0.00787919
0.00961026
0.0101342
0.00953402
0.00968632
0.0103023
0.0102997
0.00983124
0.00956541
0.00965092
0.00988372
0.010151
0.00327879
0.00514927
0.00601395
0.00701645
0.0064688
0.00608084
0.00691921
0.00727306
0.00794026
0.00962262
0.0101638
0.00950088
0.00958093
0.0102999
0.0104174
0.00991956
0.00959112
0.0096993
0.00997149
0.0102544
0.0034614
0.0051692
0.0060873
0.00707827
0.00657679
0.00616383
0.00698458
0.00737828
0.00800634
0.00962912
0.0101936
0.00948746
0.00948112
0.010276
0.0105272
0.0100237
0.00962274
0.00974356
0.0100404
0.0103737
0.00365096
0.00519564
0.00615284
0.00714176
0.00669067
0.00625551
0.0070474
0.00748184
0.00807673
0.0096317
0.0102237
0.00949295
0.00938973
0.0102311
0.0106255
0.0101383
0.0096547
0.00978298
0.0102506
0.0105466
0.003847
0.00522994
0.00621008
0.00721012
0.00681118
0.00635611
0.00710802
0.00758353
0.0081521
0.00963079
0.0102522
0.00951835
0.00931195
0.0101681
0.0107107
0.0102602
0.00967786
0.00979729
0.0103991
0.0108285
0.00404865
0.00527345
0.00625948
0.00727555
0.00693754
0.00646627
0.00716828
0.00768136
0.00823277
0.00962915
0.0102779
0.00955999
0.00925288
0.0100965
0.0107782
0.0104123
0.00974932
0.00979188
0.0104601
0.0109954
0.00425504
0.00532748
0.00630195
0.00733871
0.00707031
0.00658634
0.00722855
0.00777566
0.00831748
0.00962881
0.0103008
0.00961709
0.00921622
0.0100176
0.0108326
0.0105994
0.00986982
0.00974551
0.0104
0.0110784
0.00446507
0.00539325
0.0063398
0.00739835
0.0072084
0.00671627
0.00729034
0.00786626
0.00840601
0.0096321
0.010319
0.00968721
0.00920688
0.00994113
0.0108684
0.0107848
0.0100307
0.0097566
0.0103296
0.0109186
0.00467697
0.00547219
0.00637516
0.00745309
0.00735066
0.00685743
0.00735492
0.00795174
0.00849857
0.00964139
0.0103339
0.00976518
0.00922484
0.00987375
0.0108744
0.0109281
0.0101565
0.00974157
0.0102753
0.0112274
0.00488943
0.00556547
0.00641124
0.00749994
0.00749654
0.00701017
0.00742184
0.00803333
0.00859499
0.0096566
0.0103467
0.00985194
0.00926727
0.00981856
0.0108597
0.0110644
0.0103585
0.00982502
0.010151
0.0108381
0.00510119
0.00567374
0.00645092
0.00753843
0.00764322
0.00717437
0.00749495
0.00810965
0.00869196
0.00968288
0.0103598
0.00993945
0.00933179
0.00977633
0.0108213
0.0111692
0.0105439
0.00989432
0.0100732
0.0109879
0.00531117
0.00579717
0.00649728
0.00756781
0.0077879
0.00735182
0.00757529
0.00817899
0.00879068
0.00972058
0.0103718
0.010026
0.00941988
0.00974715
0.0107583
0.0112301
0.0107041
0.0100263
0.0100883
0.0108586
0.00551879
0.00593499
0.00655306
0.00758902
0.00792852
0.00754035
0.00766434
0.00824371
0.0088879
0.00976943
0.0103883
0.010108
0.0095206
0.00973401
0.0106804
0.0112588
0.010873
0.0101974
0.0101281
0.0107531
0.00572357
0.0060858
0.00662083
0.00760459
0.00806029
0.00773773
0.00776742
0.00830341
0.00897848
0.00983064
0.0104129
0.0101806
0.00962761
0.00974555
0.0106055
0.0112668
0.0110315
0.0103708
0.0101957
0.0107036
0.00592528
0.00624785
0.00670297
0.00761702
0.0081798
0.00794223
0.0078862
0.00835912
0.00906054
0.00989993
0.0104501
0.0102514
0.00973512
0.00977761
0.0105427
0.0112542
0.0111681
0.0105603
0.0103004
0.0106948
0.00612396
0.00641887
0.00680091
0.00763115
0.00828482
0.00814798
0.00802326
0.0084161
0.00912958
0.00997317
0.010504
0.0103235
0.00983887
0.00982808
0.0104983
0.0112315
0.0112848
0.0107555
0.0104311
0.0107172
0.00631983
0.00659651
0.00691599
0.0076513
0.00837293
0.00835005
0.00818047
0.00847832
0.00918368
0.0100442
0.010573
0.0104063
0.00994579
0.00989286
0.0104688
0.0112009
0.0113813
0.0109502
0.0105901
0.010773
0.00651339
0.00677869
0.00704808
0.00768157
0.00844464
0.00854329
0.00835566
0.00855186
0.00922452
0.0101048
0.0106565
0.0105067
0.0100546
0.00996528
0.0104567
0.0111707
0.0114626
0.0111401
0.0107687
0.0108613
0.00670503
0.00696344
0.00719665
0.0077261
0.00850151
0.00872127
0.00854547
0.008644
0.00925633
0.0101481
0.010747
0.0106269
0.010172
0.0100485
0.0104659
0.0111428
0.0115229
0.0113196
0.0109605
0.0109837
0.00689556
0.007149
0.00735982
0.0077881
0.00854694
0.00887931
0.00874496
0.00875974
0.00928582
0.0101699
0.0108329
0.010768
0.0103096
0.0101427
0.0104903
0.0111188
0.0115633
0.0114878
0.0111645
0.0111338
0.00708581
0.00733404
0.00753439
0.00786987
0.0085863
0.00901391
0.00894679
0.00890228
0.00932434
0.0101716
0.0109013
0.0109238
0.0104732
0.0102522
0.0105294
0.0111052
0.0115888
0.0116371
0.0113733
0.0113037
0.00727625
0.00751787
0.00771625
0.00797204
0.00862588
0.00912484
0.00914313
0.00906942
0.00938528
0.0101595
0.0109397
0.0110799
0.010664
0.0103876
0.0105871
0.0111024
0.0116006
0.0117621
0.0115825
0.0114906
0.00746732
0.00769977
0.00790106
0.00809428
0.00867206
0.00921483
0.00932641
0.00925451
0.00947784
0.0101487
0.010945
0.0112178
0.0108775
0.0105535
0.010668
0.0111153
0.0116042
0.01186
0.0117857
0.0116925
0.00765918
0.0078795
0.00808495
0.00823453
0.00873018
0.00928828
0.00949242
0.00944896
0.00960128
0.0101589
0.0109249
0.0113185
0.0110994
0.0107518
0.0107755
0.0111514
0.0116101
0.0119284
0.0119708
0.011907
0.00785149
0.00805727
0.0082647
0.00838892
0.00880517
0.00935234
0.00963952
0.00964202
0.00974893
0.0102027
0.0108998
0.0113767
0.0113069
0.0109804
0.010912
0.0112117
0.0116321
0.0119746
0.0121245
0.0121262
0.00804353
0.00823329
0.00843901
0.00855258
0.00889937
0.00941488
0.00976788
0.00982712
0.00991274
0.0102809
0.0108932
0.0114032
0.0114758
0.0112244
0.0110836
0.0112938
0.0116777
0.0120161
0.0122409
0.0123312
0.00823423
0.00840778
0.00860794
0.00872068
0.00901217
0.00948261
0.00987922
0.00999997
0.0100847
0.0103879
0.0109154
0.0114175
0.0116008
0.011458
0.0112909
0.0114021
0.0117425
0.0120711
0.0123301
0.0125054
0.00842253
0.00858098
0.00877178
0.00888871
0.00914098
0.00956082
0.00997754
0.0101574
0.010259
0.0105177
0.0109684
0.0114398
0.0116934
0.0116588
0.0115186
0.0115456
0.0118232
0.0121442
0.0124111
0.0126461
0.0086072
0.00875272
0.00893152
0.00905328
0.0092815
0.00965227
0.0100696
0.0102997
0.0104303
0.0106625
0.011049
0.0114796
0.0117692
0.0118245
0.0117419
0.011724
0.0119253
0.0122308
0.0124994
0.0127636
0.00878718
0.0089221
0.00908757
0.0092131
0.00942949
0.00975702
0.0101601
0.0104279
0.010596
0.0108163
0.0111528
0.0115413
0.0118423
0.0119641
0.0119441
0.0119227
0.0120563
0.0123298
0.0126001
0.0128716
0.00896139
0.00908846
0.00924011
0.00936657
0.00958028
0.00987481
0.0102536
0.010544
0.0107525
0.0109746
0.011275
0.0116271
0.0119221
0.0120861
0.012123
0.012122
0.0122133
0.0124431
0.012712
0.012986
0.00912847
0.00925019
0.00938983
0.00951389
0.00972865
0.0100013
0.0103543
0.0106536
0.0108976
0.0111314
0.011409
0.0117332
0.012017
0.0122036
0.012287
0.0123148
0.0123865
0.0125713
0.0128267
0.0131035
0.00928733
0.00940619
0.0095351
0.0096549
0.00987338
0.0101325
0.0104602
0.0107615
0.0110355
0.0112842
0.0115489
0.0118522
0.0121242
0.0123223
0.012441
0.012504
0.0125766
0.0127272
0.0129574
0.0132287
0.00943657
0.00955472
0.00967547
0.00978849
0.0100117
0.0102668
0.0105711
0.0108654
0.0111649
0.0114344
0.0116971
0.0119874
0.0122444
0.0124426
0.0125841
0.0126791
0.0127643
0.012897
0.0131081
0.0133791
0.0095744
0.00969401
0.00981017
0.00991532
0.0101403
0.0103977
0.0106889
0.01097
0.0112806
0.0115733
0.0118472
0.0121376
0.0123896
0.012584
0.0127375
0.0128541
0.0129487
0.0130609
0.0132403
0.0135009
0.00969937
0.00982193
0.00993646
0.0100356
0.0102612
0.0105194
0.0108052
0.011081
0.0113899
0.0116944
0.0119855
0.0122841
0.0125479
0.0127556
0.0129255
0.0130691
0.0131913
0.0133025
0.0134455
0.0136587
0.00980883
0.00993526
0.0100525
0.0101472
0.0103742
0.0106349
0.010915
0.0111891
0.0115008
0.0118058
0.0121038
0.0124019
0.0126651
0.0128907
0.0130802
0.013239
0.0133858
0.0135343
0.0137105
0.0139429
0.00990165
0.0100318
0.0101555
0.0102494
0.0104781
0.0107422
0.0110208
0.0112891
0.0116148
0.0119562
0.0122991
0.0126414
0.012924
0.0131541
0.0133579
0.0135183
0.0136275
0.0137043
0.0137972
0.0139427
0.0099749
0.0101023
0.0102292
0.0103359
0.010574
0.0108381
0.0111038
0.0113241
0.0115659
0.0118557
0.0122023
0.0126297
0.0130273
0.0133457
0.0136342
0.0139281
0.0142405
0.0145649
0.0148942
0.015201
0.0100249
0.0101705
0.0103168
0.0104296
0.0106764
0.0109523
0.011246
0.0115234
0.0118387
0.0122039
0.0125741
0.0129357
0.0132613
0.0135102
0.0137353
0.0139115
0.0140201
0.0140841
0.0141422
0.0142431
0.0100042
0.0101312
0.010331
0.010516
0.0107891
0.0110575
0.011337
0.011589
0.0118466
0.0121788
0.0125361
0.0128743
0.0132395
0.0135685
0.0138761
0.0142172
0.0145899
0.0149651
0.0152853
0.0155345
0.0100341
0.0101856
0.0104012
0.0105884
0.0108748
0.011151
0.0114366
0.0117181
0.0120062
0.0123602
0.0127632
0.013112
0.0134547
0.0137827
0.0140869
0.0143972
0.0146896
0.0149528
0.0151655
0.0153249
0.0142946
0.0122686
0.00717107
0.00287438
0.002263
0.00445633
0.00669792
0.00793025
0.00865863
0.00920255
0.00955226
0.0100741
0.0109388
0.0118866
0.0127669
0.013546
0.0142244
0.0148539
0.015474
0.0161126
0.0166786
0.0171336
0.017699
0.0184037
0.0190619
0.0196748
0.0203517
0.0211291
0.0218746
0.0224765
0.0230665
0.0237518
0.0244159
0.0250445
0.025754
0.026482
0.0271632
0.0278678
0.0286108
0.0293238
0.0299911
0.0306847
0.0314492
0.0322676
0.0330817
0.0338837
0.0347324
0.035626
0.0364424
0.0371726
0.0379313
0.0387603
0.0396151
0.0404748
0.0414067
0.0424302
0.0434143
0.044391
0.0454614
0.0466203
0.0476893
0.0483865
0.0490317
0.0501086
0.0514753
0.0527695
0.0539729
0.0550947
0.0562717
0.0574863
0.058663
0.0598654
0.0611309
0.0624186
0.0636986
0.0649991
0.066311
0.0677184
0.0691552
0.0706207
0.072079
0.0736047
0.0751608
0.0767032
0.0782821
0.0798857
0.0815459
0.0832367
0.0849511
0.0867371
0.0884633
0.090247
0.0920565
0.0939159
0.0958049
0.097675
0.0995904
0.101341
0.103083
0.104804
0.0139426
0.0121819
0.00725734
0.00301596
0.00236547
0.00451576
0.00673946
0.00795781
0.00867676
0.00921608
0.00956252
0.010082
0.0109458
0.011893
0.0127727
0.0135512
0.014229
0.014858
0.0154776
0.0161159
0.0166817
0.0171362
0.0177011
0.0184058
0.019064
0.0196766
0.0203532
0.0211305
0.0218761
0.0224779
0.0230675
0.0237528
0.0244169
0.0250454
0.0257548
0.0264829
0.027164
0.0278685
0.0286116
0.0293246
0.0299919
0.0306854
0.0314499
0.0322682
0.0330824
0.0338843
0.034733
0.0356266
0.036443
0.0371732
0.0379318
0.0387608
0.0396156
0.0404752
0.0414071
0.0424306
0.0434147
0.0443914
0.0454617
0.0466206
0.0476898
0.048387
0.049032
0.0501088
0.0514755
0.0527698
0.0539732
0.055095
0.0562719
0.0574865
0.0586632
0.0598656
0.0611311
0.0624187
0.0636988
0.0649993
0.0663111
0.0677186
0.0691553
0.0706209
0.0720792
0.0736049
0.075161
0.0767034
0.0782822
0.0798858
0.081546
0.0832368
0.0849512
0.0867372
0.0884635
0.0902471
0.0920566
0.093916
0.095805
0.0976751
0.0995905
0.101341
0.103083
0.104804
0.0135428
0.0120933
0.00744297
0.00329648
0.0025461
0.00457794
0.00676087
0.00797873
0.00869787
0.00923326
0.00957543
0.010092
0.0109541
0.0118999
0.0127784
0.0135562
0.0142334
0.0148619
0.0154811
0.0161191
0.0166845
0.0171383
0.0177029
0.0184077
0.0190657
0.019678
0.0203546
0.0211319
0.0218775
0.022479
0.0230685
0.0237537
0.0244179
0.0250461
0.0257554
0.0264836
0.0271646
0.0278691
0.0286122
0.0293252
0.0299925
0.0306859
0.0314504
0.0322687
0.0330829
0.0338848
0.0347334
0.0356271
0.0364435
0.0371737
0.0379322
0.0387612
0.039616
0.0404756
0.0414074
0.042431
0.043415
0.0443916
0.0454619
0.046621
0.0476904
0.0483875
0.049032
0.0501088
0.0514757
0.05277
0.0539734
0.0550952
0.0562721
0.0574867
0.0586634
0.0598657
0.0611312
0.0624189
0.0636989
0.0649994
0.0663112
0.0677187
0.0691555
0.070621
0.0720793
0.073605
0.0751611
0.0767035
0.0782823
0.0798859
0.0815461
0.0832369
0.0849513
0.0867373
0.0884636
0.0902471
0.0920567
0.0939161
0.0958051
0.0976751
0.0995906
0.101341
0.103083
0.104804
0.0131785
0.0120245
0.00767107
0.00363069
0.00277216
0.00465056
0.00678314
0.00800627
0.00872781
0.00925665
0.00959391
0.0101082
0.010968
0.0119111
0.012787
0.0135627
0.0142387
0.014867
0.0154859
0.0161236
0.0166886
0.0171415
0.0177054
0.0184099
0.0190676
0.01968
0.0203565
0.0211337
0.0218792
0.0224804
0.0230697
0.0237549
0.0244189
0.0250469
0.0257562
0.0264845
0.0271654
0.0278697
0.0286129
0.0293259
0.0299931
0.0306864
0.0314509
0.0322693
0.0330834
0.0338853
0.0347339
0.0356277
0.0364441
0.0371741
0.0379326
0.0387616
0.0396164
0.0404759
0.0414077
0.0424313
0.0434154
0.0443919
0.0454621
0.0466213
0.047691
0.048388
0.0490319
0.0501087
0.051476
0.0527704
0.0539737
0.0550954
0.0562722
0.0574869
0.0586636
0.0598658
0.0611314
0.0624191
0.0636991
0.0649995
0.0663113
0.0677188
0.0691556
0.0706211
0.0720794
0.0736051
0.0751612
0.0767036
0.0782825
0.079886
0.0815462
0.083237
0.0849514
0.0867374
0.0884637
0.0902472
0.0920567
0.0939161
0.0958052
0.0976752
0.0995907
0.101341
0.103084
0.104804
0.0128314
0.0119382
0.0078983
0.00397801
0.00301604
0.00472909
0.0068025
0.00803483
0.00876304
0.00928506
0.00961823
0.0101317
0.0109889
0.0119285
0.0128006
0.0135724
0.014246
0.0148736
0.015492
0.0161294
0.0166944
0.0171471
0.0177099
0.0184131
0.0190701
0.0196827
0.0203595
0.0211362
0.0218813
0.0224824
0.0230715
0.0237566
0.0244203
0.0250479
0.0257572
0.0264856
0.0271663
0.0278705
0.0286135
0.0293265
0.0299937
0.030687
0.0314515
0.0322698
0.033084
0.0338859
0.0347346
0.0356284
0.0364448
0.0371746
0.0379331
0.038762
0.0396168
0.0404763
0.0414081
0.0424318
0.0434159
0.0443922
0.0454623
0.0466218
0.0476919
0.0483885
0.0490317
0.0501086
0.0514764
0.0527708
0.0539741
0.0550956
0.0562724
0.0574872
0.0586638
0.059866
0.0611315
0.0624192
0.0636993
0.0649997
0.0663115
0.0677189
0.0691557
0.0706212
0.0720795
0.0736052
0.0751614
0.0767037
0.0782826
0.0798862
0.0815463
0.0832371
0.0849515
0.0867375
0.0884638
0.0902473
0.0920568
0.0939162
0.0958053
0.0976753
0.0995909
0.101341
0.103084
0.104805
0.0124823
0.0118205
0.00812081
0.00433591
0.00327551
0.00481494
0.0068194
0.008061
0.00879871
0.00931454
0.00964513
0.0101599
0.0110154
0.0119519
0.0128197
0.0135863
0.0142564
0.0148825
0.0154997
0.0161359
0.0167013
0.017155
0.017717
0.0184177
0.0190736
0.0196869
0.0203639
0.0211396
0.0218838
0.022485
0.0230744
0.0237591
0.0244222
0.0250493
0.0257586
0.026487
0.0271676
0.0278715
0.0286143
0.029327
0.0299943
0.0306878
0.031452
0.0322702
0.0330845
0.0338865
0.0347354
0.0356293
0.0364455
0.0371752
0.0379336
0.0387625
0.0396171
0.0404767
0.0414085
0.0424322
0.0434163
0.0443925
0.0454626
0.0466223
0.0476929
0.0483891
0.0490314
0.0501084
0.0514768
0.0527712
0.0539744
0.0550959
0.0562726
0.0574874
0.058664
0.0598662
0.0611317
0.0624194
0.0636995
0.0649999
0.0663116
0.067719
0.0691559
0.0706214
0.0720796
0.0736053
0.0751615
0.0767039
0.0782827
0.0798863
0.0815464
0.0832372
0.0849516
0.0867377
0.0884639
0.0902474
0.092057
0.0939163
0.0958055
0.0976754
0.0995911
0.101342
0.103084
0.104806
0.0121361
0.0116804
0.00834292
0.00470507
0.00355111
0.00491027
0.00683552
0.00808505
0.00883452
0.00934454
0.00967262
0.0101896
0.0110445
0.0119788
0.012843
0.0136042
0.0142703
0.0148943
0.0155088
0.0161425
0.0167083
0.0171643
0.0177263
0.018424
0.0190785
0.0196932
0.0203703
0.0211439
0.0218864
0.0224881
0.0230782
0.0237624
0.0244247
0.0250514
0.0257603
0.0264886
0.0271693
0.027873
0.0286152
0.0293277
0.0299951
0.0306887
0.0314525
0.0322703
0.0330847
0.0338872
0.0347365
0.0356303
0.0364463
0.037176
0.0379344
0.0387631
0.0396176
0.0404772
0.0414089
0.0424326
0.0434168
0.0443929
0.0454629
0.0466229
0.047694
0.0483898
0.0490311
0.0501083
0.0514773
0.0527718
0.0539749
0.0550963
0.0562729
0.0574878
0.0586643
0.0598664
0.0611319
0.0624197
0.0636997
0.0650001
0.0663117
0.0677192
0.0691561
0.0706216
0.0720798
0.0736054
0.0751617
0.076704
0.0782828
0.0798864
0.0815466
0.0832374
0.0849517
0.0867378
0.0884641
0.0902475
0.0920571
0.0939164
0.0958056
0.0976756
0.0995913
0.101342
0.103085
0.104807
0.0118059
0.0115222
0.00855966
0.00508219
0.00384328
0.00501787
0.00685309
0.0081079
0.00887153
0.00937629
0.00970083
0.0102197
0.0110743
0.0120074
0.0128687
0.0136247
0.0142871
0.0149089
0.0155198
0.0161492
0.0167147
0.0171738
0.0177363
0.0184312
0.0190849
0.0197018
0.0203791
0.0211494
0.0218894
0.0224916
0.0230827
0.0237664
0.024428
0.0250541
0.0257624
0.0264905
0.0271713
0.0278749
0.0286165
0.0293286
0.0299964
0.0306901
0.0314532
0.0322702
0.0330846
0.0338878
0.0347376
0.0356313
0.0364471
0.037177
0.0379356
0.0387639
0.0396181
0.0404779
0.0414095
0.0424329
0.0434172
0.0443933
0.0454632
0.0466236
0.0476953
0.0483906
0.0490309
0.0501082
0.0514779
0.0527724
0.0539753
0.0550967
0.0562733
0.0574882
0.0586647
0.0598667
0.0611322
0.06242
0.0637
0.0650003
0.0663119
0.0677194
0.0691563
0.0706217
0.0720799
0.0736056
0.0751618
0.0767041
0.078283
0.0798865
0.0815467
0.0832375
0.0849518
0.086738
0.0884642
0.0902476
0.0920572
0.0939166
0.0958059
0.0976758
0.0995916
0.101343
0.103085
0.104808
0.0114997
0.0113451
0.00876342
0.00546432
0.0041525
0.00514007
0.00687424
0.00813056
0.00891077
0.00941128
0.00973086
0.0102502
0.0111042
0.0120364
0.0128954
0.0136469
0.014306
0.0149259
0.0155326
0.0161563
0.0167204
0.0171827
0.0177461
0.0184384
0.019092
0.0197122
0.0203901
0.0211564
0.021893
0.0224956
0.0230877
0.0237707
0.0244316
0.0250576
0.025765
0.0264926
0.0271736
0.027877
0.028618
0.0293298
0.0299983
0.0306923
0.0314544
0.0322701
0.0330843
0.0338882
0.0347386
0.0356321
0.0364478
0.0371782
0.0379371
0.038765
0.0396189
0.040479
0.0414103
0.0424333
0.0434174
0.0443935
0.0454634
0.0466243
0.0476967
0.0483916
0.0490307
0.0501082
0.0514786
0.0527729
0.0539758
0.0550972
0.0562737
0.0574886
0.0586652
0.0598671
0.0611325
0.0624204
0.0637004
0.0650006
0.0663121
0.0677196
0.0691565
0.070622
0.0720801
0.0736058
0.075162
0.0767043
0.0782831
0.0798867
0.0815468
0.0832376
0.0849519
0.0867382
0.0884644
0.0902478
0.0920574
0.0939167
0.0958061
0.097676
0.0995919
0.101343
0.103086
0.104809
0.0112217
0.0111512
0.00894839
0.00584774
0.00447671
0.0052772
0.00690022
0.00815364
0.00895299
0.00945108
0.00976443
0.0102821
0.0111343
0.0120654
0.0129226
0.01367
0.0143264
0.0149449
0.0155469
0.016164
0.0167258
0.017191
0.0177556
0.0184452
0.019099
0.0197235
0.0204026
0.0211647
0.0218973
0.0225
0.023093
0.023775
0.0244354
0.0250616
0.0257682
0.0264949
0.0271758
0.0278791
0.0286194
0.0293312
0.0300008
0.0306954
0.0314562
0.0322702
0.0330839
0.0338883
0.0347393
0.0356326
0.036448
0.0371793
0.037939
0.0387664
0.0396201
0.0404806
0.0414118
0.0424338
0.0434176
0.0443935
0.0454631
0.0466247
0.0476982
0.0483928
0.0490308
0.0501085
0.0514794
0.0527734
0.0539762
0.0550977
0.0562741
0.0574891
0.0586658
0.0598676
0.0611329
0.0624208
0.0637009
0.0650011
0.0663124
0.0677199
0.0691568
0.0706222
0.0720804
0.073606
0.0751622
0.0767045
0.0782833
0.0798868
0.081547
0.0832377
0.084952
0.0867384
0.0884646
0.0902479
0.0920576
0.0939169
0.0958064
0.0976763
0.0995923
0.101345
0.103088
0.104811
0.0109762
0.010946
0.00910931
0.00622637
0.00481152
0.00542827
0.0069311
0.00817669
0.00899803
0.00949698
0.0098036
0.0103172
0.0111656
0.0120947
0.0129499
0.0136934
0.0143477
0.0149653
0.0155628
0.0161724
0.0167311
0.0171992
0.017765
0.0184517
0.0191056
0.0197349
0.0204158
0.0211738
0.0219023
0.0225049
0.0230988
0.0237794
0.0244393
0.0250658
0.0257719
0.0264975
0.0271781
0.027881
0.0286205
0.0293325
0.0300036
0.0306992
0.0314588
0.0322709
0.0330837
0.0338883
0.0347397
0.0356325
0.0364478
0.0371802
0.0379408
0.0387678
0.0396215
0.0404828
0.0414139
0.042435
0.0434181
0.0443933
0.0454621
0.0466244
0.0476993
0.048394
0.0490312
0.0501092
0.0514805
0.052774
0.0539765
0.0550981
0.0562745
0.0574896
0.0586664
0.0598682
0.0611334
0.0624213
0.0637015
0.0650016
0.0663128
0.0677203
0.0691572
0.0706226
0.0720807
0.0736062
0.0751625
0.0767047
0.0782835
0.079887
0.0815472
0.0832379
0.0849521
0.0867386
0.0884648
0.0902481
0.0920578
0.0939171
0.0958068
0.0976767
0.0995928
0.101346
0.10309
0.104813
0.0107662
0.0107373
0.00924218
0.00659417
0.00515235
0.0055914
0.00696591
0.0081979
0.00904424
0.00954925
0.00985039
0.0103581
0.0112
0.0121249
0.0129772
0.0137168
0.0143695
0.0149869
0.0155798
0.0161815
0.0167369
0.0172079
0.0177751
0.0184585
0.0191119
0.019746
0.020429
0.0211831
0.0219074
0.0225101
0.0231048
0.0237841
0.0244432
0.0250703
0.0257758
0.0265003
0.0271804
0.0278829
0.0286215
0.0293335
0.0300065
0.0307035
0.031462
0.032272
0.0330838
0.0338884
0.0347397
0.0356318
0.0364469
0.0371806
0.0379423
0.0387692
0.0396228
0.0404854
0.0414166
0.0424367
0.0434192
0.0443932
0.0454605
0.0466229
0.0476995
0.0483949
0.0490318
0.0501105
0.0514822
0.0527747
0.0539767
0.0550984
0.0562747
0.0574899
0.058667
0.0598689
0.0611338
0.0624219
0.0637021
0.0650022
0.0663134
0.0677209
0.0691578
0.0706231
0.0720811
0.0736066
0.0751628
0.076705
0.0782838
0.0798873
0.0815473
0.083238
0.0849522
0.0867388
0.088465
0.0902482
0.092058
0.0939172
0.0958072
0.0976771
0.0995933
0.101348
0.103092
0.104815
0.0105921
0.0105335
0.00934668
0.00694689
0.00549518
0.00576448
0.00700373
0.00821551
0.0090893
0.00960696
0.00990597
0.0104071
0.0112395
0.0121569
0.0130041
0.0137396
0.0143911
0.0150089
0.0155975
0.0161915
0.0167438
0.0172181
0.0177865
0.0184661
0.0191182
0.0197566
0.0204417
0.0211919
0.0219123
0.0225152
0.023111
0.023789
0.0244473
0.0250749
0.0257799
0.0265033
0.0271828
0.0278848
0.0286225
0.0293343
0.0300092
0.030708
0.0314656
0.0322735
0.0330841
0.0338884
0.0347395
0.0356307
0.0364455
0.0371806
0.0379436
0.0387701
0.0396239
0.040488
0.0414196
0.042439
0.0434209
0.0443934
0.0454582
0.0466202
0.0476984
0.0483948
0.0490319
0.0501122
0.0514847
0.0527759
0.053977
0.0550985
0.0562748
0.0574899
0.0586676
0.0598696
0.0611343
0.0624224
0.0637028
0.0650029
0.066314
0.0677216
0.0691586
0.0706237
0.0720816
0.073607
0.0751631
0.0767053
0.0782842
0.0798876
0.0815475
0.0832381
0.0849523
0.0867391
0.0884653
0.0902484
0.0920583
0.0939174
0.0958076
0.0976777
0.0995939
0.10135
0.103095
0.104818
0.010453
0.010344
0.0094256
0.00728112
0.00583665
0.0059466
0.00704532
0.00822937
0.00913128
0.00966821
0.00997
0.0104654
0.0112854
0.0121909
0.0130305
0.0137611
0.0144116
0.0150301
0.0156149
0.0162021
0.0167524
0.0172303
0.0177997
0.0184751
0.0191253
0.0197671
0.0204537
0.0211998
0.0219163
0.02252
0.0231172
0.0237941
0.0244517
0.0250798
0.0257842
0.0265064
0.0271853
0.0278868
0.0286236
0.0293352
0.0300119
0.0307126
0.0314695
0.0322753
0.0330847
0.0338886
0.034739
0.035629
0.0364436
0.0371801
0.0379446
0.0387708
0.0396247
0.0404905
0.0414227
0.0424415
0.043423
0.044394
0.0454554
0.046616
0.0476957
0.0483933
0.0490311
0.0501139
0.0514878
0.0527777
0.0539775
0.0550987
0.0562746
0.0574897
0.058668
0.0598702
0.0611348
0.062423
0.0637034
0.0650035
0.0663147
0.0677224
0.0691595
0.0706246
0.0720823
0.0736075
0.0751635
0.0767058
0.0782847
0.079888
0.0815478
0.0832382
0.0849524
0.0867393
0.0884657
0.0902487
0.0920586
0.0939176
0.0958081
0.0976782
0.0995946
0.101353
0.103098
0.104821
0.0103476
0.0101771
0.00948205
0.00759361
0.00617442
0.00613864
0.00709331
0.008241
0.00916928
0.00973066
0.0100406
0.0105319
0.0113372
0.0122268
0.0130558
0.0137806
0.0144301
0.0150497
0.0156314
0.0162131
0.0167628
0.017245
0.017815
0.0184857
0.0191337
0.0197779
0.020465
0.0212065
0.0219193
0.0225244
0.0231234
0.0237994
0.0244564
0.025085
0.0257886
0.0265096
0.027188
0.027889
0.0286249
0.0293362
0.0300147
0.0307173
0.0314738
0.0322774
0.0330856
0.0338889
0.0347382
0.0356268
0.0364412
0.0371794
0.0379455
0.0387713
0.0396252
0.0404927
0.0414256
0.0424439
0.0434252
0.0443946
0.0454518
0.0466103
0.0476912
0.0483902
0.049029
0.050115
0.0514913
0.0527801
0.0539782
0.0550988
0.0562743
0.0574893
0.0586682
0.0598707
0.0611353
0.0624236
0.063704
0.0650039
0.0663154
0.0677233
0.0691605
0.0706256
0.0720833
0.0736082
0.0751639
0.0767063
0.0782853
0.0798886
0.0815482
0.0832383
0.0849524
0.0867395
0.0884661
0.0902491
0.0920589
0.0939178
0.0958086
0.0976788
0.0995953
0.101356
0.103102
0.104824
0.010273
0.0100377
0.00951796
0.00788208
0.00650814
0.00634263
0.00715071
0.00825242
0.0092034
0.00979263
0.0101157
0.0106046
0.0113936
0.0122641
0.0130799
0.013798
0.0144467
0.0150676
0.0156471
0.0162244
0.0167748
0.0172618
0.0178322
0.0184983
0.0191438
0.0197897
0.0204761
0.0212122
0.0219214
0.0225284
0.0231297
0.0238049
0.0244613
0.0250904
0.025793
0.0265129
0.027191
0.0278915
0.0286263
0.0293372
0.0300176
0.0307222
0.0314784
0.0322799
0.0330868
0.0338896
0.0347374
0.0356241
0.0364383
0.0371784
0.0379463
0.0387716
0.0396256
0.0404948
0.0414282
0.0424459
0.0434271
0.0443952
0.0454476
0.0466028
0.0476846
0.0483855
0.0490256
0.0501151
0.0514947
0.0527828
0.0539793
0.0550989
0.0562739
0.0574889
0.0586683
0.0598711
0.0611357
0.0624242
0.0637046
0.0650043
0.0663159
0.0677241
0.0691615
0.0706268
0.0720845
0.0736091
0.0751644
0.0767068
0.078286
0.0798893
0.0815488
0.0832385
0.0849524
0.0867396
0.0884665
0.0902495
0.0920594
0.093918
0.0958091
0.0976795
0.099596
0.101359
0.103107
0.104828
0.0102239
0.00992682
0.00953549
0.00814589
0.00683823
0.00655972
0.00721968
0.00826585
0.00923454
0.00985335
0.0101932
0.0106815
0.0114536
0.0123029
0.0131031
0.0138138
0.0144619
0.0150846
0.0156625
0.0162362
0.0167879
0.0172803
0.0178511
0.0185125
0.019156
0.0198027
0.0204873
0.0212173
0.0219227
0.0225321
0.0231363
0.0238108
0.0244665
0.025096
0.0257975
0.0265164
0.0271945
0.0278943
0.0286277
0.0293384
0.0300206
0.0307273
0.0314835
0.0322827
0.0330882
0.0338906
0.0347366
0.0356211
0.0364351
0.0371772
0.0379471
0.0387722
0.039626
0.0404967
0.0414306
0.0424475
0.0434287
0.0443956
0.0454428
0.0465937
0.0476757
0.048379
0.0490212
0.0501142
0.0514977
0.0527857
0.0539805
0.055099
0.0562734
0.0574884
0.0586684
0.0598715
0.0611362
0.0624248
0.0637051
0.0650045
0.0663162
0.0677248
0.0691624
0.0706279
0.0720859
0.0736102
0.0751648
0.0767072
0.0782868
0.0798902
0.0815495
0.0832389
0.0849523
0.0867395
0.0884669
0.0902501
0.0920601
0.0939183
0.0958097
0.0976801
0.0995966
0.101363
0.103112
0.104832
0.0101928
0.00984392
0.00953833
0.0083848
0.0071637
0.0067895
0.00730204
0.00828411
0.00926427
0.00991236
0.0102716
0.0107613
0.0115168
0.0123437
0.0131264
0.0138288
0.0144765
0.0151012
0.0156782
0.0162486
0.0168021
0.0173002
0.0178715
0.0185282
0.0191699
0.019817
0.0204989
0.0212223
0.0219236
0.0225358
0.0231432
0.0238171
0.0244719
0.0251018
0.0258021
0.0265201
0.0271984
0.0278976
0.0286293
0.0293396
0.0300238
0.0307327
0.031489
0.0322857
0.0330899
0.033892
0.034736
0.0356179
0.0364316
0.0371759
0.0379481
0.038773
0.0396267
0.0404988
0.0414329
0.0424488
0.0434299
0.0443959
0.0454378
0.0465834
0.0476646
0.0483713
0.0490165
0.0501126
0.0515001
0.0527884
0.0539818
0.0550992
0.056273
0.0574879
0.0586686
0.0598721
0.0611367
0.0624255
0.0637057
0.0650047
0.0663165
0.0677254
0.0691633
0.0706289
0.0720872
0.0736114
0.0751654
0.0767077
0.0782876
0.0798911
0.0815504
0.0832394
0.0849522
0.0867392
0.0884671
0.0902507
0.0920608
0.0939187
0.0958103
0.0976809
0.0995971
0.101366
0.103117
0.104836
0.0101729
0.00978867
0.00953087
0.00859762
0.00748218
0.00703123
0.0074001
0.00830994
0.00929406
0.00996925
0.0103499
0.0108434
0.0115832
0.012387
0.0131508
0.0138441
0.0144914
0.0151184
0.0156948
0.0162621
0.0168171
0.0173212
0.017893
0.0185452
0.0191851
0.0198322
0.0205108
0.0212274
0.0219246
0.0225396
0.0231506
0.0238238
0.0244776
0.0251077
0.0258068
0.026524
0.0272027
0.0279014
0.028631
0.0293408
0.030027
0.0307383
0.0314949
0.032289
0.0330917
0.0338938
0.0347357
0.0356147
0.0364279
0.0371747
0.0379493
0.0387743
0.039628
0.0405011
0.0414352
0.0424498
0.0434309
0.0443962
0.0454329
0.0465725
0.0476519
0.0483628
0.0490125
0.0501111
0.0515018
0.0527907
0.0539831
0.0550994
0.0562726
0.0574874
0.0586688
0.0598728
0.0611373
0.0624262
0.0637062
0.0650049
0.0663169
0.0677261
0.0691642
0.0706299
0.0720884
0.0736127
0.075166
0.0767081
0.0782883
0.0798921
0.0815513
0.08324
0.0849521
0.0867387
0.0884672
0.0902512
0.0920618
0.0939192
0.0958109
0.0976818
0.0995976
0.10137
0.103123
0.10484
0.0101588
0.00976034
0.00951722
0.00878319
0.00779147
0.00728426
0.0075155
0.00834528
0.00932525
0.0100241
0.0104272
0.010927
0.0116528
0.0124332
0.013177
0.0138603
0.014507
0.0151363
0.0157125
0.0162768
0.0168329
0.0173431
0.0179156
0.018563
0.0192011
0.0198482
0.0205235
0.0212329
0.0219259
0.0225438
0.0231583
0.0238309
0.0244836
0.0251138
0.0258117
0.0265281
0.0272074
0.0279055
0.028633
0.0293421
0.0300301
0.0307441
0.0315012
0.0322924
0.0330937
0.0338959
0.0347358
0.0356116
0.0364242
0.0371736
0.0379509
0.0387762
0.0396299
0.040504
0.0414378
0.0424507
0.0434318
0.0443968
0.045427
0.0465616
0.0476385
0.0483544
0.0490105
0.0501109
0.0515032
0.0527923
0.0539842
0.0550995
0.0562722
0.0574869
0.0586691
0.0598736
0.0611381
0.0624267
0.0637067
0.0650053
0.0663174
0.0677268
0.0691651
0.0706308
0.0720894
0.0736139
0.0751666
0.0767085
0.078289
0.0798931
0.0815523
0.0832407
0.0849521
0.0867381
0.088467
0.0902516
0.0920627
0.0939197
0.0958116
0.0976827
0.0995982
0.101374
0.103129
0.104845
0.0101461
0.00975727
0.00950185
0.00894153
0.0080896
0.00754717
0.00764835
0.00839147
0.00935962
0.0100775
0.0105027
0.0110113
0.0117254
0.0124829
0.0132056
0.0138782
0.0145238
0.0151552
0.0157315
0.0162927
0.0168496
0.0173659
0.0179391
0.0185816
0.0192175
0.0198648
0.0205369
0.0212392
0.0219277
0.0225485
0.0231666
0.0238384
0.0244898
0.0251201
0.0258168
0.0265324
0.0272124
0.0279099
0.0286353
0.0293437
0.0300333
0.0307501
0.0315077
0.032296
0.0330957
0.0338984
0.0347363
0.0356088
0.0364205
0.0371728
0.0379529
0.0387786
0.0396326
0.0405075
0.0414408
0.0424516
0.0434326
0.0443976
0.0454249
0.0465514
0.0476251
0.0483472
0.0490116
0.0501131
0.0515046
0.0527932
0.0539848
0.0550996
0.0562718
0.0574862
0.0586693
0.0598746
0.0611389
0.0624272
0.0637071
0.065006
0.0663183
0.0677277
0.069166
0.0706317
0.0720904
0.0736149
0.0751671
0.0767088
0.0782898
0.0798941
0.0815533
0.0832414
0.0849522
0.0867372
0.0884667
0.0902519
0.0920637
0.0939203
0.0958124
0.0976836
0.0995989
0.101378
0.103135
0.10485
0.0101308
0.00977712
0.00949027
0.00907338
0.00837377
0.0078178
0.00779811
0.00844983
0.00939909
0.0101304
0.0105758
0.0110952
0.0118007
0.0125361
0.0132371
0.013898
0.0145419
0.0151752
0.0157517
0.0163098
0.0168672
0.0173894
0.0179635
0.0186008
0.0192342
0.019882
0.0205513
0.0212464
0.0219303
0.0225537
0.0231753
0.0238463
0.0244963
0.0251266
0.0258222
0.026537
0.0272176
0.0279146
0.0286378
0.0293454
0.0300365
0.0307563
0.0315144
0.0322998
0.0330979
0.0339012
0.0347371
0.0356062
0.0364169
0.0371723
0.0379552
0.0387816
0.0396359
0.0405116
0.0414443
0.0424528
0.0434335
0.0443989
0.0454242
0.0465422
0.0476122
0.0483421
0.0490173
0.0501186
0.0515062
0.0527932
0.0539849
0.0550996
0.0562716
0.0574855
0.0586693
0.0598757
0.0611398
0.0624276
0.0637075
0.0650069
0.0663197
0.0677289
0.069167
0.0706327
0.0720915
0.0736157
0.0751677
0.0767092
0.0782906
0.0798952
0.0815544
0.0832421
0.0849523
0.0867364
0.0884662
0.0902521
0.0920646
0.0939209
0.0958131
0.0976846
0.0995997
0.101382
0.103141
0.104855
0.0101092
0.0098168
0.00948877
0.0091799
0.00864041
0.00809416
0.00796412
0.00852127
0.0094452
0.010184
0.0106462
0.0111779
0.0118784
0.0125933
0.0132719
0.0139202
0.0145616
0.0151963
0.0157734
0.0163283
0.0168858
0.0174139
0.017989
0.0186208
0.0192513
0.0198999
0.0205669
0.0212546
0.0219336
0.0225596
0.0231847
0.0238546
0.0245031
0.0251333
0.0258279
0.0265419
0.0272232
0.0279195
0.0286406
0.0293474
0.0300401
0.0307629
0.0315212
0.0323036
0.0331001
0.0339043
0.0347384
0.0356038
0.0364136
0.0371723
0.037958
0.0387852
0.0396399
0.0405163
0.0414482
0.0424542
0.0434344
0.0444007
0.0454246
0.0465341
0.0476
0.0483394
0.0490278
0.0501279
0.0515082
0.0527924
0.0539841
0.0550994
0.0562714
0.0574846
0.0586694
0.0598769
0.0611407
0.0624278
0.0637078
0.0650082
0.0663216
0.0677306
0.069168
0.0706338
0.0720926
0.0736163
0.0751682
0.0767095
0.0782914
0.0798963
0.0815554
0.0832429
0.0849524
0.0867354
0.0884656
0.0902523
0.0920654
0.0939216
0.0958138
0.0976855
0.0996007
0.101386
0.103148
0.104861
0.0100782
0.00987128
0.00950321
0.00926385
0.00888617
0.00837427
0.00814536
0.00860577
0.00949932
0.01024
0.0107141
0.0112585
0.0119576
0.0126543
0.0133103
0.0139451
0.014583
0.0152188
0.0157965
0.0163482
0.0169054
0.0174395
0.0180157
0.0186416
0.0192688
0.0199186
0.0205835
0.0212637
0.0219376
0.022566
0.0231945
0.0238634
0.0245102
0.0251403
0.0258339
0.0265471
0.0272291
0.0279247
0.0286435
0.0293495
0.0300441
0.0307699
0.0315281
0.0323075
0.0331024
0.0339076
0.0347401
0.0356018
0.0364106
0.0371726
0.0379613
0.0387894
0.0396445
0.0405214
0.0414526
0.0424559
0.0434354
0.0444028
0.0454259
0.0465269
0.0475887
0.0483393
0.0490427
0.0501409
0.0515107
0.0527907
0.0539826
0.055099
0.0562712
0.0574838
0.0586693
0.0598781
0.0611416
0.0624281
0.0637082
0.0650099
0.066324
0.0677326
0.069169
0.0706349
0.0720939
0.0736168
0.0751688
0.0767098
0.0782923
0.0798974
0.0815565
0.0832437
0.0849527
0.0867346
0.0884649
0.0902525
0.092066
0.0939223
0.0958144
0.0976864
0.0996018
0.10139
0.103155
0.104867
0.0100364
0.00993263
0.00953782
0.00933072
0.00910801
0.00865553
0.00834097
0.00870271
0.00956235
0.0103006
0.0107805
0.0113361
0.0120374
0.0127188
0.0133528
0.013973
0.0146064
0.0152427
0.015821
0.0163695
0.0169261
0.0174661
0.0180436
0.0186633
0.0192869
0.019938
0.0206012
0.0212737
0.0219423
0.0225731
0.023205
0.0238727
0.0245176
0.0251476
0.0258403
0.0265526
0.0272354
0.0279303
0.0286466
0.0293518
0.0300486
0.0307773
0.0315352
0.0323114
0.0331048
0.033911
0.0347422
0.0355999
0.0364079
0.0371734
0.037965
0.0387942
0.0396496
0.040527
0.0414574
0.0424579
0.0434365
0.0444051
0.0454276
0.0465204
0.0475779
0.0483412
0.0490612
0.050157
0.0515138
0.0527883
0.0539803
0.0550984
0.0562711
0.0574829
0.0586693
0.0598793
0.0611425
0.0624283
0.0637086
0.0650117
0.0663267
0.0677349
0.0691701
0.070636
0.0720953
0.0736174
0.0751694
0.0767102
0.0782932
0.0798986
0.0815575
0.0832445
0.084953
0.0867338
0.0884643
0.090253
0.0920667
0.093923
0.095815
0.0976874
0.099603
0.101394
0.103163
0.104873
0.00998592
0.00999087
0.00959372
0.00938863
0.00930344
0.00893435
0.00855092
0.00881154
0.00963457
0.0103676
0.0108466
0.0114105
0.0121167
0.0127866
0.0133995
0.0140044
0.014632
0.0152684
0.0158471
0.0163921
0.0169478
0.017494
0.0180729
0.0186859
0.0193055
0.0199582
0.0206199
0.0212846
0.0219477
0.0225807
0.0232161
0.0238825
0.0245253
0.0251553
0.0258471
0.0265584
0.027242
0.0279361
0.0286499
0.0293544
0.0300535
0.0307851
0.0315425
0.0323154
0.0331073
0.0339146
0.0347446
0.0355983
0.0364056
0.0371745
0.0379692
0.0387995
0.0396551
0.0405328
0.0414626
0.0424601
0.0434377
0.0444074
0.0454295
0.0465146
0.0475677
0.0483445
0.0490824
0.0501754
0.0515174
0.0527855
0.0539775
0.0550977
0.056271
0.0574821
0.0586694
0.0598805
0.0611434
0.0624285
0.0637091
0.0650138
0.0663298
0.0677374
0.0691713
0.0706372
0.0720967
0.0736181
0.0751701
0.0767106
0.0782942
0.0798998
0.0815586
0.0832455
0.0849534
0.0867331
0.0884639
0.0902537
0.0920674
0.0939238
0.0958156
0.0976885
0.0996044
0.101399
0.103171
0.104879
0.00993435
0.010037
0.00966725
0.00944696
0.00947201
0.00920602
0.00877524
0.00893201
0.00971535
0.0104428
0.0109145
0.0114816
0.0121946
0.0128568
0.0134505
0.0140396
0.0146604
0.015296
0.015875
0.0164161
0.0169705
0.017523
0.0181035
0.0187096
0.0193247
0.0199792
0.0206397
0.0212964
0.0219536
0.022589
0.0232278
0.0238928
0.0245334
0.0251634
0.0258543
0.0265645
0.0272489
0.0279424
0.0286534
0.0293572
0.0300589
0.0307933
0.03155
0.0323195
0.0331098
0.0339183
0.0347473
0.0355968
0.0364034
0.0371759
0.0379737
0.0388052
0.039661
0.0405389
0.041468
0.0424626
0.0434389
0.0444097
0.0454313
0.0465092
0.0475578
0.0483486
0.049105
0.0501951
0.0515214
0.0527825
0.0539744
0.0550968
0.056271
0.0574813
0.0586694
0.0598817
0.0611444
0.0624287
0.0637097
0.065016
0.0663331
0.0677402
0.0691726
0.0706385
0.0720982
0.0736189
0.0751709
0.0767111
0.0782952
0.079901
0.0815597
0.0832465
0.0849539
0.0867326
0.0884638
0.0902546
0.0920682
0.0939247
0.0958164
0.0976897
0.0996058
0.101404
0.10318
0.104886
0.00989118
0.0100673
0.0097514
0.00951373
0.00961687
0.00946496
0.00901262
0.00906503
0.00980318
0.0105267
0.0109868
0.01155
0.0122702
0.0129286
0.0135053
0.0140787
0.0146917
0.0153259
0.0159047
0.0164414
0.0169942
0.0175531
0.0181355
0.0187342
0.0193447
0.020001
0.0206605
0.0213091
0.0219602
0.0225977
0.0232402
0.0239037
0.024542
0.0251718
0.0258619
0.026571
0.0272561
0.0279489
0.0286571
0.0293602
0.0300646
0.0308018
0.0315577
0.0323237
0.0331123
0.0339221
0.0347503
0.0355956
0.0364014
0.0371775
0.0379785
0.0388112
0.0396672
0.0405452
0.0414737
0.0424653
0.0434402
0.0444118
0.0454328
0.0465041
0.0475482
0.0483532
0.0491282
0.0502155
0.0515257
0.0527795
0.0539711
0.0550958
0.056271
0.0574805
0.0586696
0.059883
0.0611453
0.0624289
0.0637104
0.0650184
0.0663366
0.067743
0.069174
0.0706398
0.0720997
0.0736199
0.0751716
0.0767118
0.0782964
0.0799022
0.0815609
0.0832476
0.0849545
0.0867323
0.0884639
0.0902557
0.0920693
0.0939258
0.0958172
0.0976913
0.0996073
0.101409
0.103189
0.104893
0.00986375
0.0100853
0.00983802
0.00959238
0.00974478
0.00970637
0.00925913
0.00921277
0.00989689
0.0106187
0.0110666
0.0116172
0.0123425
0.0130013
0.0135638
0.0141217
0.0147263
0.0153584
0.0159366
0.0164682
0.0170188
0.0175844
0.0181689
0.0187599
0.0193655
0.0200236
0.0206824
0.0213227
0.0219674
0.0226072
0.0232533
0.0239151
0.0245509
0.0251807
0.0258699
0.0265778
0.0272637
0.0279558
0.0286612
0.0293635
0.0300706
0.0308105
0.0315657
0.0323281
0.0331148
0.033926
0.0347534
0.0355945
0.0363994
0.0371793
0.0379835
0.0388175
0.0396736
0.0405517
0.0414795
0.0424683
0.0434416
0.044414
0.045434
0.0464991
0.0475388
0.0483578
0.0491514
0.050236
0.0515303
0.0527765
0.0539678
0.0550948
0.0562709
0.0574797
0.0586698
0.0598843
0.0611462
0.0624293
0.0637113
0.0650208
0.0663401
0.0677459
0.0691755
0.0706413
0.0721013
0.073621
0.0751724
0.0767126
0.0782977
0.0799034
0.0815623
0.0832488
0.0849552
0.086732
0.0884643
0.0902571
0.0920705
0.0939269
0.0958183
0.0976931
0.0996091
0.101414
0.103198
0.104901
0.00985433
0.0100979
0.00992123
0.00968088
0.00986416
0.00992875
0.00950834
0.00937637
0.00999707
0.0107173
0.0111559
0.0116857
0.0124109
0.0130739
0.0136255
0.0141685
0.0147644
0.0153941
0.0159708
0.0164965
0.0170444
0.0176168
0.0182036
0.0187866
0.019387
0.0200471
0.0207053
0.0213374
0.0219753
0.0226173
0.0232672
0.0239272
0.0245604
0.02519
0.0258784
0.0265851
0.0272715
0.0279631
0.0286658
0.0293671
0.0300769
0.0308196
0.0315739
0.0323325
0.0331174
0.0339299
0.0347569
0.0355936
0.0363975
0.0371811
0.0379888
0.0388241
0.0396802
0.0405582
0.0414856
0.0424714
0.043443
0.044416
0.045435
0.0464942
0.0475296
0.0483623
0.0491742
0.0502562
0.0515351
0.0527737
0.0539646
0.0550938
0.0562708
0.057479
0.0586701
0.0598856
0.0611472
0.0624296
0.0637121
0.0650232
0.0663437
0.067749
0.0691772
0.0706427
0.0721029
0.0736222
0.0751732
0.0767136
0.078299
0.0799047
0.0815637
0.0832501
0.0849559
0.0867318
0.0884649
0.0902586
0.092072
0.0939281
0.0958197
0.0976951
0.099611
0.10142
0.103208
0.104909
0.00986167
0.0101106
0.0100001
0.0097747
0.0099811
0.0101351
0.00975392
0.00955357
0.0101059
0.0108206
0.0112552
0.0117593
0.0124759
0.013145
0.01369
0.0142187
0.0148063
0.0154332
0.0160075
0.0165265
0.0170712
0.0176504
0.0182396
0.0188145
0.0194095
0.0200716
0.0207295
0.0213531
0.0219838
0.0226281
0.0232818
0.0239401
0.0245704
0.0251998
0.0258874
0.026593
0.0272797
0.0279707
0.0286707
0.029371
0.0300835
0.0308288
0.0315823
0.0323372
0.03312
0.0339339
0.0347606
0.0355929
0.0363958
0.0371832
0.0379942
0.0388308
0.0396867
0.0405649
0.0414918
0.0424747
0.0434445
0.044418
0.0454357
0.0464893
0.0475208
0.0483668
0.0491964
0.050276
0.0515401
0.0527712
0.0539614
0.0550928
0.0562708
0.0574782
0.0586704
0.0598869
0.0611482
0.06243
0.0637131
0.0650258
0.0663475
0.0677521
0.069179
0.0706443
0.0721047
0.0736234
0.075174
0.0767147
0.0783004
0.079906
0.0815653
0.0832514
0.0849567
0.0867316
0.0884656
0.0902602
0.0920736
0.0939294
0.0958212
0.0976975
0.0996132
0.101426
0.103218
0.104917
0.00988409
0.0101259
0.010077
0.00987027
0.0100954
0.0103316
0.009994
0.00973903
0.010225
0.0109285
0.0113629
0.0118409
0.0125393
0.0132133
0.0137564
0.0142724
0.0148517
0.0154759
0.016047
0.0165586
0.0170995
0.0176853
0.0182769
0.0188434
0.0194327
0.0200971
0.020755
0.0213701
0.0219932
0.0226396
0.0232972
0.0239534
0.0245809
0.02521
0.0258969
0.0266014
0.0272884
0.0279788
0.0286761
0.0293752
0.0300904
0.0308384
0.031591
0.032342
0.0331226
0.033938
0.0347644
0.0355925
0.036394
0.0371853
0.0379999
0.0388376
0.0396934
0.0405716
0.0414981
0.0424782
0.0434462
0.0444199
0.0454362
0.0464845
0.0475123
0.0483712
0.049218
0.0502953
0.0515453
0.0527689
0.0539585
0.0550919
0.0562707
0.0574774
0.0586707
0.0598883
0.0611492
0.0624306
0.0637141
0.0650284
0.0663512
0.0677553
0.0691809
0.0706459
0.0721066
0.0736248
0.0751748
0.076716
0.0783019
0.0799074
0.0815669
0.0832528
0.0849575
0.0867315
0.0884665
0.0902618
0.0920754
0.0939309
0.0958229
0.0977
0.0996157
0.101432
0.103229
0.104926
0.00992167
0.0101455
0.0101542
0.00996725
0.0102024
0.0105219
0.0102314
0.00992666
0.0103528
0.0110433
0.0114776
0.0119318
0.0126045
0.0132782
0.0138233
0.0143293
0.014901
0.0155227
0.0160891
0.0165926
0.0171297
0.0177216
0.0183155
0.0188736
0.0194569
0.0201235
0.0207818
0.0213883
0.0220034
0.0226518
0.0233136
0.0239677
0.0245919
0.0252206
0.0259069
0.0266104
0.0272974
0.0279873
0.0286821
0.0293798
0.0300974
0.0308481
0.0315999
0.032347
0.0331253
0.0339422
0.0347686
0.0355925
0.0363924
0.0371874
0.0380057
0.0388446
0.0397001
0.0405785
0.0415047
0.0424818
0.0434479
0.0444217
0.0454365
0.0464799
0.0475041
0.0483755
0.0492389
0.0503141
0.0515507
0.0527669
0.0539556
0.055091
0.0562706
0.0574766
0.0586711
0.0598897
0.0611502
0.0624311
0.0637153
0.0650311
0.0663551
0.0677586
0.069183
0.0706476
0.0721085
0.0736263
0.0751757
0.0767173
0.0783035
0.0799088
0.0815686
0.0832542
0.0849584
0.0867315
0.0884674
0.0902636
0.0920772
0.0939324
0.0958248
0.0977027
0.0996184
0.101439
0.10324
0.104935
0.00997292
0.0101721
0.0102329
0.0100695
0.0102994
0.0107026
0.010471
0.0101142
0.0104834
0.0111675
0.0115996
0.0120306
0.0126755
0.0133412
0.0138884
0.0143885
0.0149541
0.0155737
0.0161341
0.0166286
0.0171623
0.0177597
0.0183553
0.0189048
0.019482
0.0201509
0.0208099
0.021408
0.0220144
0.0226646
0.0233309
0.0239827
0.0246035
0.0252318
0.0259173
0.0266199
0.0273069
0.0279963
0.0286887
0.0293846
0.0301047
0.0308582
0.0316091
0.0323523
0.0331281
0.0339463
0.0347731
0.0355928
0.0363908
0.0371897
0.0380118
0.0388518
0.0397067
0.0405853
0.0415113
0.0424856
0.0434498
0.0444235
0.0454366
0.0464753
0.0474965
0.0483797
0.049259
0.0503324
0.0515562
0.0527652
0.053953
0.0550901
0.0562705
0.0574758
0.0586715
0.0598912
0.0611513
0.0624318
0.0637166
0.0650338
0.0663589
0.067762
0.0691851
0.0706494
0.0721105
0.0736278
0.0751766
0.0767188
0.0783051
0.0799103
0.0815704
0.0832557
0.0849593
0.0867315
0.0884683
0.0902654
0.0920791
0.0939341
0.0958268
0.0977057
0.0996214
0.101445
0.103251
0.104945
0.0100315
0.0102071
0.0103131
0.0101807
0.0103885
0.0108658
0.0107161
0.0103069
0.0106099
0.0112992
0.0117318
0.0121356
0.0127538
0.0134056
0.0139509
0.0144486
0.0150112
0.0156289
0.0161821
0.0166663
0.0171973
0.0178002
0.0183965
0.0189373
0.0195081
0.0201792
0.0208394
0.0214293
0.0220265
0.0226781
0.0233491
0.0239986
0.0246156
0.0252435
0.0259285
0.0266301
0.0273169
0.0280057
0.0286958
0.02939
0.0301121
0.0308685
0.0316186
0.0323579
0.0331311
0.0339506
0.0347779
0.0355935
0.0363893
0.0371919
0.038018
0.0388591
0.0397133
0.0405922
0.0415181
0.0424895
0.0434517
0.0444253
0.0454368
0.0464709
0.0474893
0.0483839
0.0492784
0.0503501
0.051562
0.0527639
0.0539506
0.0550894
0.0562703
0.057475
0.058672
0.0598927
0.0611523
0.0624326
0.063718
0.0650367
0.0663629
0.0677655
0.0691874
0.0706513
0.0721126
0.0736293
0.0751775
0.0767203
0.0783068
0.0799119
0.0815722
0.0832572
0.0849603
0.0867316
0.0884693
0.0902672
0.0920811
0.0939359
0.0958289
0.0977087
0.0996248
0.101452
0.103262
0.104955
0.01009
0.0102493
0.0103942
0.0103023
0.0104755
0.0110049
0.0109619
0.010513
0.0107307
0.0114322
0.0118781
0.0122468
0.0128373
0.0134747
0.0140115
0.0145081
0.015072
0.0156886
0.0162334
0.0167058
0.0172344
0.0178435
0.0184395
0.0189708
0.0195353
0.0202084
0.0208702
0.0214522
0.0220399
0.0226923
0.0233684
0.0240156
0.0246284
0.0252558
0.02594
0.0266409
0.0273276
0.0280156
0.0287036
0.0293958
0.0301198
0.0308791
0.0316284
0.0323636
0.0331342
0.033955
0.034783
0.0355946
0.0363881
0.0371943
0.0380244
0.0388664
0.0397199
0.0405991
0.041525
0.0424936
0.0434538
0.0444271
0.0454369
0.0464667
0.0474826
0.0483881
0.049297
0.0503673
0.0515678
0.0527628
0.0539483
0.0550887
0.0562702
0.0574742
0.0586725
0.0598942
0.0611534
0.0624334
0.0637195
0.0650396
0.0663669
0.0677691
0.0691897
0.0706533
0.0721148
0.073631
0.0751785
0.0767219
0.0783085
0.0799136
0.081574
0.0832587
0.0849613
0.0867317
0.0884704
0.0902691
0.0920831
0.0939378
0.0958311
0.097712
0.0996285
0.101459
0.103274
0.104966
0.0101465
0.0102948
0.0104744
0.0104333
0.0105684
0.0111179
0.0111958
0.010739
0.0108532
0.011558
0.0120374
0.0123692
0.0129238
0.0135493
0.0140724
0.0145658
0.0151356
0.0157524
0.0162883
0.016748
0.0172734
0.0178895
0.018485
0.0190054
0.0195633
0.0202388
0.0209023
0.0214769
0.0220546
0.0227073
0.0233887
0.0240336
0.0246419
0.0252688
0.0259523
0.0266523
0.0273388
0.0280259
0.0287119
0.0294021
0.0301277
0.0308901
0.0316387
0.0323696
0.0331374
0.0339595
0.0347883
0.0355962
0.036387
0.0371967
0.0380311
0.038874
0.0397264
0.040606
0.0415321
0.0424978
0.043456
0.0444289
0.045437
0.0464627
0.0474764
0.0483923
0.0493148
0.0503839
0.0515738
0.0527621
0.0539462
0.0550881
0.0562701
0.0574735
0.0586731
0.0598958
0.0611545
0.0624343
0.0637212
0.0650425
0.0663709
0.0677728
0.0691922
0.0706554
0.0721171
0.0736327
0.0751796
0.0767236
0.0783103
0.0799153
0.0815759
0.0832603
0.0849623
0.0867319
0.0884715
0.0902711
0.0920851
0.0939399
0.0958334
0.0977154
0.0996325
0.101466
0.103287
0.104977
0.0102077
0.0103407
0.0105497
0.010569
0.0106729
0.0112111
0.011406
0.0109818
0.0109888
0.0116721
0.0122021
0.0125082
0.0130143
0.013627
0.0141366
0.0146225
0.0152007
0.0158197
0.016346
0.0167934
0.0173146
0.0179376
0.0185336
0.0190419
0.0195918
0.0202701
0.0209359
0.021503
0.0220707
0.0227233
0.02341
0.0240529
0.0246562
0.0252823
0.0259652
0.0266646
0.0273509
0.0280368
0.0287208
0.029409
0.0301357
0.0309014
0.0316494
0.0323759
0.033141
0.0339643
0.0347941
0.0355983
0.0363862
0.0371991
0.038038
0.0388817
0.039733
0.0406129
0.0415393
0.0425022
0.0434582
0.0444307
0.0454371
0.046459
0.0474708
0.0483965
0.049332
0.0503999
0.0515799
0.0527616
0.0539444
0.0550876
0.0562701
0.0574728
0.0586737
0.0598974
0.0611557
0.0624354
0.0637229
0.0650456
0.066375
0.0677766
0.0691948
0.0706576
0.0721194
0.0736344
0.0751807
0.0767252
0.0783122
0.0799171
0.0815779
0.0832619
0.0849635
0.0867322
0.0884726
0.0902731
0.0920871
0.0939421
0.0958358
0.0977189
0.099637
0.101474
0.103299
0.104989
0.0102819
0.0103886
0.010615
0.0107031
0.0107911
0.0112939
0.0115858
0.0112288
0.0111491
0.0117815
0.0123612
0.0126639
0.0131143
0.0137048
0.0142044
0.0146804
0.0152671
0.01589
0.0164059
0.0168421
0.0173587
0.0179873
0.0185853
0.0190812
0.0196209
0.0203022
0.0209714
0.0215308
0.022088
0.0227403
0.0234326
0.0240734
0.0246711
0.0252965
0.0259788
0.0266773
0.0273637
0.0280483
0.0287304
0.0294166
0.0301441
0.0309129
0.0316606
0.0323824
0.0331445
0.0339692
0.0348003
0.035601
0.0363858
0.0372017
0.0380451
0.0388897
0.0397394
0.0406198
0.0415467
0.0425067
0.0434606
0.0444326
0.0454373
0.0464556
0.0474657
0.0484008
0.0493483
0.0504153
0.0515862
0.0527616
0.0539428
0.0550871
0.05627
0.0574721
0.0586744
0.059899
0.0611568
0.0624365
0.0637248
0.0650487
0.0663792
0.0677805
0.0691975
0.0706599
0.0721219
0.0736363
0.075182
0.076727
0.0783142
0.079919
0.0815799
0.0832635
0.0849647
0.0867326
0.0884737
0.0902751
0.0920892
0.0939445
0.0958383
0.0977227
0.0996418
0.101481
0.103312
0.105002
0.010378
0.0104446
0.0106639
0.0108264
0.010922
0.0113775
0.0117394
0.0114678
0.0113355
0.011898
0.0125078
0.0128291
0.0132295
0.0137841
0.0142734
0.0147411
0.0153354
0.0159636
0.0164674
0.0168928
0.0174066
0.0180388
0.0186392
0.0191242
0.019651
0.0203344
0.0210088
0.0215606
0.0221063
0.0227583
0.0234565
0.0240953
0.0246868
0.0253114
0.0259934
0.0266909
0.0273771
0.0280602
0.0287404
0.0294248
0.0301527
0.0309248
0.0316725
0.0323894
0.0331483
0.0339744
0.0348068
0.0356042
0.0363855
0.0372042
0.0380523
0.038898
0.039746
0.0406267
0.0415542
0.0425115
0.0434631
0.0444344
0.0454376
0.0464525
0.0474612
0.0484051
0.0493638
0.0504301
0.0515925
0.0527618
0.0539414
0.0550869
0.05627
0.0574715
0.0586752
0.0599007
0.061158
0.0624377
0.0637268
0.065052
0.0663833
0.0677844
0.0692003
0.0706623
0.0721244
0.0736382
0.0751833
0.0767288
0.0783162
0.0799209
0.081582
0.0832652
0.0849659
0.086733
0.088475
0.0902773
0.0920913
0.093947
0.095841
0.0977265
0.0996471
0.101489
0.103326
0.105015
0.0104997
0.0105163
0.0106863
0.010921
0.0110576
0.0114684
0.0118758
0.0116916
0.0115377
0.0120343
0.0126486
0.0129932
0.0133597
0.0138706
0.0143429
0.0148038
0.0154058
0.0160417
0.0165317
0.016944
0.017458
0.0180936
0.0186948
0.0191707
0.0196834
0.0203663
0.0210479
0.0215931
0.0221258
0.022777
0.0234819
0.0241189
0.0247034
0.0253268
0.0260088
0.0267051
0.0273914
0.0280731
0.0287511
0.0294338
0.0301617
0.0309368
0.0316848
0.0323967
0.0331522
0.0339798
0.0348138
0.0356081
0.0363857
0.0372068
0.0380597
0.0389063
0.0397525
0.0406335
0.0415619
0.0425166
0.0434658
0.0444363
0.0454381
0.0464497
0.0474573
0.0484095
0.0493787
0.0504443
0.051599
0.0527623
0.0539402
0.0550867
0.0562701
0.057471
0.058676
0.0599024
0.0611592
0.062439
0.063729
0.0650553
0.0663876
0.0677885
0.0692032
0.0706648
0.072127
0.0736403
0.0751847
0.0767306
0.0783183
0.0799229
0.0815841
0.083267
0.0849672
0.0867336
0.0884763
0.0902795
0.0920934
0.0939498
0.0958438
0.0977306
0.0996529
0.101497
0.103339
0.105028
0.0106636
0.0106104
0.0106831
0.0109683
0.0111863
0.0115678
0.0120018
0.0118994
0.0117411
0.0121891
0.0127962
0.0131487
0.0134957
0.0139701
0.0144175
0.0148666
0.0154762
0.016125
0.0166018
0.0169943
0.0175103
0.0181534
0.0187527
0.0192195
0.0197192
0.0203986
0.0210875
0.0216286
0.0221469
0.0227958
0.0235087
0.0241448
0.024721
0.0253425
0.0260253
0.0267204
0.0274063
0.0280865
0.0287625
0.0294436
0.0301712
0.0309491
0.0316979
0.0324045
0.0331562
0.0339853
0.0348212
0.0356125
0.0363864
0.0372095
0.0380674
0.0389151
0.0397592
0.0406404
0.0415696
0.0425217
0.0434685
0.0444383
0.0454387
0.0464474
0.047454
0.0484139
0.0493927
0.0504578
0.0516055
0.0527632
0.0539393
0.0550867
0.0562702
0.0574706
0.058677
0.0599041
0.0611604
0.0624405
0.0637313
0.0650586
0.0663918
0.0677926
0.0692062
0.0706675
0.0721297
0.0736424
0.0751861
0.0767325
0.0783204
0.079925
0.0815864
0.0832688
0.0849686
0.0867343
0.0884776
0.0902818
0.0920956
0.0939527
0.0958469
0.0977348
0.0996591
0.101505
0.103353
0.105042
0.0109338
0.0107475
0.0106653
0.0109652
0.0113008
0.0116829
0.0121241
0.0120946
0.0119307
0.0123478
0.0129616
0.0133026
0.0136238
0.0140803
0.0145054
0.0149304
0.0155416
0.0162119
0.0166817
0.0170453
0.0175592
0.018218
0.0188156
0.0192691
0.0197575
0.0204328
0.0211274
0.0216667
0.0221705
0.0228147
0.0235361
0.0241731
0.0247403
0.0253585
0.0260425
0.0267368
0.0274221
0.0281009
0.0287745
0.029454
0.030181
0.0309615
0.0317114
0.0324129
0.0331604
0.0339912
0.0348293
0.0356176
0.0363873
0.0372123
0.0380751
0.0389241
0.0397659
0.0406472
0.0415775
0.0425273
0.0434715
0.0444403
0.0454395
0.0464454
0.0474513
0.0484184
0.049406
0.0504708
0.051612
0.0527644
0.0539386
0.0550868
0.0562704
0.0574702
0.058678
0.0599059
0.0611623
0.0624421
0.0637337
0.0650621
0.0663962
0.0677968
0.0692093
0.0706702
0.0721324
0.0736446
0.0751877
0.0767345
0.0783226
0.0799272
0.0815887
0.0832706
0.0849701
0.0867351
0.088479
0.0902842
0.0920979
0.0939558
0.0958501
0.0977392
0.0996659
0.101514
0.103368
0.105057
0.0111153
0.0108992
0.0107019
0.0109617
0.0114226
0.0118466
0.0122638
0.0122835
0.0121072
0.0124935
0.0131449
0.0134702
0.0137375
0.0141898
0.0146141
0.0150031
0.0155983
0.0162962
0.0167746
0.0171024
0.0176013
0.0182837
0.0188869
0.0193208
0.0197964
0.02047
0.0211684
0.0217062
0.0221969
0.0228343
0.0235638
0.0242036
0.0247615
0.0253747
0.0260603
0.0267545
0.0274386
0.0281158
0.0287873
0.0294653
0.0301915
0.0309741
0.0317255
0.0324221
0.0331648
0.0339971
0.0348377
0.0356234
0.0363888
0.0372152
0.0380831
0.0389334
0.0397726
0.0406539
0.0415854
0.0425329
0.0434746
0.0444424
0.0454406
0.046444
0.0474491
0.048423
0.0494186
0.0504832
0.0516187
0.052766
0.0539382
0.055087
0.0562707
0.05747
0.0586791
0.0599078
0.0611636
0.0624438
0.0637363
0.0650656
0.0664005
0.0678011
0.0692125
0.0706731
0.0721353
0.073647
0.0751894
0.0767365
0.0783249
0.0799294
0.0815911
0.0832725
0.0849716
0.086736
0.0884805
0.0902867
0.0921002
0.0939591
0.0958536
0.0977437
0.0996731
0.101523
0.103382
0.105072
0.0112659
0.0110747
0.0108139
0.0109862
0.0115525
0.0120639
0.0124421
0.0124759
0.0122798
0.0126183
0.013332
0.0136709
0.0138491
0.0142857
0.0147416
0.0150976
0.0156497
0.0163704
0.0168791
0.0171735
0.0176373
0.0183441
0.0189679
0.0193782
0.0198336
0.0205094
0.0212127
0.021747
0.0222254
0.0228556
0.0235915
0.0242359
0.0247856
0.0253918
0.0260782
0.0267733
0.0274565
0.0281317
0.0288008
0.0294772
0.0302026
0.0309869
0.0317401
0.0324321
0.0331696
0.0340032
0.0348468
0.03563
0.0363907
0.0372182
0.0380913
0.038943
0.0397794
0.0406607
0.0415935
0.0425389
0.0434779
0.0444446
0.0454418
0.0464429
0.0474476
0.0484278
0.0494306
0.0504949
0.0516253
0.0527679
0.053938
0.0550875
0.0562712
0.0574698
0.0586803
0.0599096
0.0611649
0.0624456
0.063739
0.0650693
0.0664049
0.0678055
0.0692157
0.0706761
0.0721383
0.0736494
0.0751912
0.0767386
0.0783273
0.0799317
0.0815936
0.0832744
0.0849733
0.0867371
0.088482
0.0902894
0.0921026
0.0939626
0.0958574
0.0977484
0.0996809
0.101533
0.103397
0.105088
0.0112518
0.0112124
0.0109638
0.0110316
0.0116497
0.0122999
0.0126593
0.0126721
0.0124526
0.0127176
0.013497
0.0139042
0.0139791
0.0143556
0.0148709
0.015223
0.0157075
0.0164275
0.0169855
0.0172652
0.0176744
0.0183923
0.0190548
0.0194472
0.0198693
0.0205474
0.0212622
0.0217909
0.0222547
0.0228786
0.0236205
0.0242692
0.0248122
0.0254104
0.0260964
0.0267932
0.0274753
0.0281483
0.0288153
0.0294902
0.0302144
0.031
0.0317552
0.032443
0.0331747
0.0340093
0.0348563
0.0356376
0.0363933
0.0372212
0.0380997
0.038953
0.0397863
0.0406673
0.0416016
0.0425451
0.0434815
0.0444471
0.0454435
0.0464425
0.0474466
0.0484326
0.049442
0.0505062
0.051632
0.0527701
0.0539382
0.0550881
0.0562717
0.0574698
0.0586816
0.0599116
0.0611664
0.0624475
0.0637419
0.065073
0.0664093
0.0678099
0.0692192
0.0706792
0.0721413
0.073652
0.0751932
0.0767408
0.0783298
0.0799342
0.0815962
0.0832765
0.084975
0.0867383
0.0884836
0.0902922
0.0921051
0.0939662
0.0958615
0.0977533
0.0996891
0.101542
0.103412
0.105105
0.0115947
0.011474
0.0111398
0.0111051
0.0117131
0.0125062
0.0129084
0.0128776
0.0126273
0.0128011
0.0136114
0.0141483
0.0141494
0.0144071
0.014976
0.0153747
0.0157872
0.0164695
0.0170792
0.0173758
0.0177237
0.0184257
0.0191387
0.0195318
0.0199081
0.0205796
0.0213157
0.0218409
0.022284
0.0229016
0.0236511
0.0243036
0.0248404
0.0254308
0.0261149
0.0268135
0.0274955
0.0281662
0.0288306
0.0295037
0.0302267
0.0310135
0.0317708
0.0324546
0.0331802
0.0340155
0.0348663
0.0356459
0.0363963
0.0372242
0.0381082
0.0389633
0.0397933
0.0406739
0.0416099
0.0425515
0.0434852
0.0444495
0.0454452
0.0464425
0.0474463
0.0484376
0.0494525
0.0505168
0.0516387
0.0527726
0.0539386
0.0550889
0.0562724
0.0574699
0.058683
0.0599136
0.0611679
0.0624495
0.0637447
0.0650768
0.0664138
0.0678145
0.0692227
0.0706825
0.0721445
0.0736547
0.0751953
0.076743
0.0783323
0.0799367
0.0815989
0.0832785
0.0849767
0.0867397
0.0884852
0.0902951
0.0921077
0.0939701
0.0958659
0.0977584
0.0996978
0.101553
0.103427
0.105122
0.0115177
0.0115893
0.0113397
0.0112555
0.0117848
0.0126765
0.0131797
0.0131232
0.0128306
0.0128961
0.0136781
0.0143803
0.0143868
0.0144717
0.015041
0.0155346
0.015908
0.0165142
0.0171507
0.0174945
0.0177983
0.0184528
0.0192086
0.01963
0.019958
0.0206038
0.0213682
0.0219008
0.0223159
0.022922
0.0236841
0.024341
0.0248696
0.025453
0.0261352
0.0268345
0.0275163
0.028185
0.0288472
0.0295182
0.0302395
0.0310271
0.031787
0.0324673
0.0331864
0.0340217
0.0348768
0.0356555
0.0364002
0.0372274
0.0381169
0.0389742
0.0398005
0.0406804
0.0416182
0.0425583
0.0434893
0.0444522
0.0454475
0.0464431
0.0474465
0.0484428
0.049463
0.050527
0.0516453
0.0527755
0.0539393
0.0550899
0.0562732
0.0574701
0.0586846
0.0599157
0.0611695
0.0624518
0.063748
0.0650807
0.0664184
0.0678191
0.0692263
0.0706859
0.0721478
0.0736575
0.0751975
0.0767454
0.078335
0.0799393
0.0816017
0.0832807
0.0849786
0.0867413
0.0884869
0.0902982
0.0921105
0.093974
0.0958707
0.0977636
0.099707
0.101563
0.103442
0.105139
0.0116747
0.0118244
0.0115863
0.0114619
0.0118806
0.0127946
0.0134393
0.0134052
0.0130676
0.0130155
0.0137062
0.0145638
0.0146729
0.0145815
0.0150642
0.0156718
0.0160671
0.0165819
0.0172003
0.0176025
0.0178994
0.0184883
0.0192576
0.0197315
0.0200275
0.0206249
0.0214134
0.0219708
0.0223556
0.0229384
0.0237162
0.0243834
0.0249009
0.0254754
0.0261567
0.0268567
0.027538
0.0282049
0.0288649
0.0295338
0.030253
0.0310413
0.0318039
0.0324809
0.0331931
0.0340281
0.0348877
0.0356659
0.0364048
0.0372304
0.0381257
0.0389856
0.0398079
0.0406869
0.0416268
0.0425654
0.0434936
0.0444551
0.0454499
0.0464442
0.0474473
0.048448
0.0494728
0.0505366
0.051652
0.0527787
0.0539403
0.0550909
0.0562742
0.0574705
0.0586862
0.0599178
0.0611712
0.062454
0.0637512
0.0650847
0.0664229
0.0678237
0.0692301
0.0706894
0.0721512
0.0736604
0.0751999
0.0767478
0.0783378
0.079942
0.0816045
0.0832829
0.0849805
0.0867432
0.0884887
0.0903014
0.0921136
0.0939781
0.0958758
0.097769
0.0997167
0.101574
0.103457
0.105157
0.0116851
0.0120295
0.0118449
0.0116762
0.011987
0.0128566
0.0136371
0.0137014
0.0133383
0.013168
0.0137169
0.0146713
0.0149718
0.0147671
0.0150726
0.0157543
0.0162419
0.0166925
0.0172467
0.0176841
0.0180125
0.018548
0.0192926
0.0198216
0.0201175
0.0206519
0.0214453
0.0220451
0.0224082
0.0229523
0.0237434
0.0244308
0.0249363
0.0254969
0.0261792
0.0268814
0.0275603
0.0282248
0.0288839
0.0295511
0.0302673
0.0310554
0.0318211
0.0324957
0.0332006
0.0340342
0.0348987
0.0356775
0.0364103
0.0372335
0.0381344
0.0389976
0.0398156
0.0406932
0.041635
0.0425727
0.0434981
0.0444581
0.0454528
0.0464459
0.0474484
0.0484534
0.0494822
0.0505458
0.0516586
0.0527821
0.0539416
0.0550922
0.0562756
0.0574711
0.058688
0.0599201
0.0611731
0.0624565
0.0637545
0.0650889
0.0664276
0.0678284
0.069234
0.070693
0.0721547
0.0736634
0.0752025
0.0767502
0.0783406
0.0799449
0.0816074
0.0832853
0.0849825
0.0867452
0.0884905
0.0903047
0.0921168
0.0939824
0.0958814
0.0977747
0.0997267
0.101586
0.103473
0.105175
0.011625
0.0121808
0.0121224
0.0119178
0.0121168
0.0128937
0.0137744
0.0139944
0.0136457
0.0133732
0.0137459
0.0147087
0.015245
0.0150366
0.0151103
0.0157786
0.0164019
0.0168481
0.0173163
0.017742
0.018116
0.0186379
0.019332
0.0198894
0.0202176
0.0206973
0.0214661
0.0221153
0.0224773
0.02297
0.0237619
0.0244806
0.0249797
0.0255187
0.0262001
0.0269086
0.0275853
0.028245
0.0289031
0.0295697
0.0302825
0.0310697
0.0318388
0.0325117
0.0332088
0.0340405
0.0349103
0.0356902
0.0364169
0.0372367
0.038143
0.0390098
0.0398236
0.0406995
0.0416435
0.0425806
0.0435032
0.0444614
0.045456
0.0464482
0.0474503
0.0484589
0.0494912
0.0505546
0.0516652
0.052786
0.0539432
0.0550938
0.0562771
0.0574717
0.0586899
0.0599225
0.0611751
0.0624591
0.063758
0.0650931
0.0664323
0.0678331
0.069238
0.0706968
0.0721583
0.0736666
0.0752052
0.0767528
0.0783435
0.0799479
0.0816104
0.0832877
0.0849846
0.0867475
0.0884924
0.0903082
0.0921203
0.0939867
0.0958874
0.0977807
0.0997371
0.101598
0.103488
0.105194
0.0115552
0.0122694
0.0124036
0.0122042
0.0122882
0.0129397
0.0138578
0.0142553
0.0139765
0.0136287
0.0138187
0.0147
0.0154463
0.0153562
0.0152202
0.0157678
0.0165086
0.0170244
0.0174306
0.0177978
0.0181898
0.0187398
0.0193969
0.0199406
0.0203108
0.0207657
0.0214862
0.0221729
0.0225589
0.0229987
0.0237722
0.024528
0.0250318
0.0255432
0.026218
0.0269372
0.027614
0.0282653
0.0289217
0.0295903
0.0302998
0.0310841
0.0318568
0.032529
0.0332181
0.0340467
0.0349218
0.035704
0.0364245
0.0372399
0.0381515
0.0390231
0.0398326
0.0407059
0.0416519
0.0425886
0.0435084
0.0444647
0.0454595
0.046451
0.0474527
0.0484643
0.0494999
0.050563
0.0516716
0.0527901
0.0539451
0.0550955
0.0562788
0.0574727
0.0586919
0.059925
0.0611772
0.0624618
0.0637616
0.0650975
0.0664371
0.0678379
0.0692422
0.0707008
0.072162
0.0736699
0.075208
0.0767555
0.0783466
0.0799511
0.0816134
0.0832903
0.0849868
0.08675
0.0884945
0.0903117
0.0921241
0.0939912
0.0958937
0.097787
0.0997478
0.101611
0.103504
0.105213
0.0114939
0.0123007
0.0126375
0.0125139
0.0125043
0.0130101
0.0138995
0.0144599
0.0143083
0.0139248
0.0139507
0.014679
0.0155565
0.0156803
0.0154254
0.0157627
0.01655
0.0171894
0.0175899
0.0178801
0.0182368
0.0188273
0.0194946
0.0199959
0.0203813
0.0208484
0.0215198
0.0222155
0.0226436
0.0230441
0.0237781
0.024567
0.0250917
0.0255752
0.0262326
0.0269637
0.0276475
0.0282892
0.0289391
0.0296108
0.0303191
0.0310993
0.0318748
0.0325474
0.0332284
0.0340529
0.0349334
0.0357192
0.0364338
0.0372435
0.0381598
0.0390364
0.0398416
0.0407117
0.04166
0.0425971
0.0435142
0.0444685
0.0454634
0.0464545
0.0474558
0.0484701
0.0495084
0.0505712
0.0516782
0.0527945
0.0539473
0.0550975
0.0562809
0.0574738
0.0586939
0.0599276
0.0611796
0.0624646
0.0637652
0.0651021
0.0664421
0.0678427
0.0692466
0.070705
0.0721658
0.0736733
0.0752111
0.0767583
0.0783497
0.0799545
0.0816165
0.083293
0.0849891
0.0867527
0.0884967
0.0903152
0.0921284
0.0939957
0.0959005
0.0977937
0.0997588
0.101625
0.10352
0.105232
0.0114586
0.0123037
0.0128115
0.0128251
0.0127667
0.0131211
0.0139206
0.0145989
0.0146177
0.0142504
0.0141437
0.0146858
0.0155906
0.0159565
0.0157077
0.0158116
0.0165455
0.0173073
0.0177704
0.0180119
0.018283
0.0188761
0.0196047
0.0200819
0.0204334
0.020925
0.0215758
0.0222527
0.0227207
0.0231065
0.0237883
0.0245952
0.0251543
0.0256172
0.0262473
0.0269868
0.0276843
0.0283171
0.0289549
0.0296301
0.030341
0.0311162
0.0318927
0.032567
0.0332404
0.0340593
0.0349449
0.0357353
0.0364441
0.0372467
0.0381672
0.0390502
0.0398518
0.0407182
0.0416683
0.0426061
0.0435204
0.0444724
0.0454676
0.0464586
0.0474594
0.0484759
0.0495166
0.050579
0.0516846
0.0527992
0.0539499
0.0550996
0.0562832
0.0574751
0.0586961
0.0599304
0.0611822
0.0624676
0.0637689
0.0651067
0.0664471
0.0678475
0.069251
0.0707093
0.0721697
0.0736769
0.0752142
0.0767612
0.0783528
0.0799581
0.0816196
0.0832957
0.0849916
0.0867556
0.0884992
0.0903188
0.092133
0.0940005
0.0959076
0.0978008
0.09977
0.101639
0.103536
0.105251
0.0114433
0.0122992
0.0129382
0.0131023
0.0130554
0.0132819
0.0139512
0.0146807
0.0148827
0.014591
0.0143899
0.0147469
0.0155814
0.0161484
0.0160264
0.0159459
0.0165297
0.0173643
0.0179404
0.0181897
0.0183603
0.0188901
0.0196952
0.0202087
0.0204912
0.0209769
0.0216465
0.0222999
0.0227851
0.0231787
0.0238101
0.0246135
0.0252145
0.0256702
0.0262642
0.0270035
0.0277215
0.0283527
0.0289735
0.0296465
0.0303634
0.0311357
0.031911
0.0325869
0.0332534
0.0340656
0.0349558
0.0357523
0.0364564
0.037251
0.038175
0.0390648
0.0398628
0.0407241
0.041676
0.0426156
0.0435272
0.0444766
0.0454721
0.0464631
0.0474636
0.0484818
0.0495247
0.0505866
0.0516909
0.0528042
0.0539526
0.0551019
0.0562858
0.0574767
0.0586984
0.0599332
0.0611851
0.0624708
0.0637727
0.0651116
0.0664523
0.0678522
0.0692556
0.0707138
0.0721737
0.0736807
0.0752175
0.0767642
0.0783561
0.0799619
0.0816228
0.0832986
0.0849942
0.0867587
0.0885019
0.0903224
0.0921379
0.0940054
0.0959149
0.0978085
0.0997813
0.101653
0.103552
0.105271
0.0114479
0.0123012
0.0130365
0.0133385
0.0133507
0.0134912
0.0140199
0.014727
0.0150839
0.0149214
0.0146762
0.0148682
0.0155697
0.0162547
0.0163296
0.0161629
0.016547
0.0173749
0.0180673
0.0183883
0.0184944
0.0188989
0.0197366
0.0203547
0.0205862
0.021005
0.0217094
0.0223691
0.0228436
0.0232484
0.023847
0.0246281
0.0252669
0.0257323
0.0262884
0.0270164
0.0277572
0.0283937
0.0289953
0.02966
0.0303844
0.0311582
0.0319309
0.0326072
0.0332678
0.0340726
0.034967
0.0357709
0.0364706
0.0372552
0.0381813
0.0390791
0.0398746
0.0407306
0.0416837
0.0426256
0.0435345
0.0444807
0.0454769
0.0464684
0.0474684
0.0484879
0.0495327
0.050594
0.0516972
0.0528095
0.0539558
0.0551044
0.0562887
0.0574784
0.0587008
0.0599362
0.0611882
0.062474
0.0637764
0.0651165
0.0664577
0.0678571
0.0692602
0.0707185
0.0721778
0.0736847
0.075221
0.0767675
0.0783595
0.0799659
0.081626
0.0833015
0.084997
0.0867618
0.0885049
0.0903261
0.0921433
0.0940106
0.0959225
0.0978167
0.0997929
0.101668
0.103569
0.105291
0.011483
0.0123034
0.0131134
0.0135426
0.0136307
0.01373
0.0141338
0.0147658
0.0152216
0.0152158
0.014987
0.0150481
0.0155929
0.0163002
0.0165729
0.0164328
0.0166288
0.0173679
0.0181398
0.0185745
0.018681
0.0189393
0.0197293
0.0204822
0.0207337
0.0210368
0.0217415
0.0224535
0.0229134
0.0233093
0.0238941
0.0246462
0.0253089
0.0258012
0.0263236
0.0270245
0.0277871
0.0284398
0.0290239
0.0296728
0.030402
0.0311824
0.0319544
0.0326288
0.0332831
0.0340801
0.0349771
0.0357892
0.0364859
0.0372599
0.0381877
0.0390946
0.039888
0.0407371
0.0416906
0.0426358
0.0435426
0.0444854
0.0454819
0.0464742
0.0474737
0.048494
0.0495406
0.0506013
0.0517035
0.052815
0.0539591
0.0551071
0.056292
0.0574805
0.0587033
0.0599394
0.0611916
0.0624775
0.0637802
0.0651216
0.0664631
0.067862
0.069265
0.0707235
0.072182
0.0736888
0.0752244
0.0767707
0.078363
0.0799699
0.0816294
0.0833046
0.0850003
0.0867652
0.0885082
0.0903298
0.0921489
0.0940161
0.0959303
0.0978255
0.0998047
0.101683
0.103586
0.10531
0.0115529
0.0123137
0.0131657
0.0137179
0.0138957
0.0139841
0.0142901
0.0148277
0.0153167
0.015455
0.0152975
0.0152741
0.0156678
0.0163181
0.0167411
0.0167148
0.0167816
0.0173785
0.0181699
0.0187199
0.0188929
0.0190397
0.0197044
0.0205556
0.0209132
0.021108
0.0217404
0.0225292
0.0230085
0.0233656
0.0239409
0.0246754
0.0253415
0.0258671
0.0263718
0.027033
0.0278108
0.0284902
0.0290602
0.0296867
0.030416
0.0312054
0.0319806
0.0326521
0.033298
0.0340873
0.0349873
0.0358091
0.0365046
0.0372658
0.038193
0.0391097
0.0399019
0.0407437
0.0416975
0.0426466
0.0435516
0.0444904
0.0454869
0.0464804
0.0474797
0.0485002
0.0495484
0.0506085
0.0517098
0.0528208
0.0539629
0.0551102
0.0562955
0.0574827
0.0587059
0.0599428
0.0611953
0.0624811
0.0637839
0.0651269
0.0664687
0.067867
0.0692697
0.0707285
0.0721863
0.0736933
0.0752282
0.0767742
0.0783667
0.0799742
0.0816329
0.0833076
0.0850037
0.0867685
0.0885118
0.0903337
0.0921548
0.0940219
0.0959381
0.0978348
0.0998167
0.101698
0.103603
0.10533
0.011657
0.0123493
0.0132003
0.0138609
0.0141454
0.0142439
0.0144761
0.0149207
0.0153911
0.0156368
0.0155816
0.0155293
0.0157978
0.0163464
0.0168466
0.0169675
0.0169874
0.017433
0.018181
0.0188154
0.0190976
0.0192009
0.019702
0.0205668
0.0210834
0.0212421
0.021734
0.0225677
0.0231247
0.023436
0.0239784
0.0247133
0.0253727
0.0259266
0.0264348
0.0270466
0.0278217
0.0285399
0.0291062
0.0297035
0.0304266
0.031226
0.0320092
0.0326799
0.0333144
0.0340943
0.0349977
0.0358295
0.0365245
0.0372716
0.0381968
0.0391254
0.039918
0.0407509
0.0417039
0.0426573
0.043561
0.0444958
0.0454921
0.0464871
0.0474863
0.0485067
0.0495562
0.0506155
0.0517161
0.052827
0.0539668
0.0551133
0.0562994
0.0574854
0.0587086
0.0599463
0.0611993
0.0624849
0.0637877
0.0651322
0.0664743
0.067872
0.0692748
0.0707339
0.0721906
0.0736979
0.0752319
0.0767778
0.0783707
0.0799786
0.0816364
0.0833106
0.0850075
0.086772
0.0885156
0.0903378
0.092161
0.0940282
0.0959461
0.0978447
0.0998289
0.101714
0.103621
0.10535
0.011789
0.0124197
0.0132366
0.0139632
0.0143665
0.0145053
0.0146838
0.0150448
0.0154689
0.0157763
0.0158265
0.0157898
0.0159711
0.0164099
0.0169146
0.0171674
0.0172182
0.0175394
0.0181988
0.0188716
0.0192684
0.0193968
0.0197533
0.0205451
0.0212047
0.0214236
0.0217614
0.0225607
0.0232367
0.0235361
0.0240085
0.0247507
0.0254108
0.0259746
0.0265046
0.0270748
0.0278235
0.0285832
0.0291624
0.0297253
0.0304339
0.0312439
0.0320391
0.032713
0.0333336
0.0340991
0.035006
0.0358505
0.0365469
0.0372793
0.0382001
0.0391412
0.0399354
0.040758
0.0417097
0.0426686
0.0435712
0.0445019
0.0454976
0.0464941
0.0474935
0.0485134
0.0495639
0.0506225
0.0517225
0.0528333
0.053971
0.0551168
0.0563037
0.0574882
0.0587114
0.0599501
0.0612035
0.0624888
0.0637914
0.0651379
0.0664802
0.0678771
0.0692797
0.0707394
0.0721951
0.0737027
0.0752358
0.0767813
0.0783748
0.0799829
0.0816403
0.0833138
0.0850117
0.0867756
0.0885196
0.0903422
0.0921673
0.094035
0.0959541
0.0978551
0.0998415
0.10173
0.103638
0.10537
0.0119404
0.0125208
0.013292
0.014038
0.014548
0.0147633
0.0149105
0.0151966
0.0155619
0.0158872
0.0160295
0.0160347
0.0161691
0.0165164
0.0169764
0.0173164
0.0174418
0.0176893
0.0182437
0.0189066
0.0193964
0.0195976
0.0198643
0.0205294
0.0212609
0.0216115
0.021853
0.022533
0.0233134
0.0236682
0.0240492
0.0247758
0.0254565
0.026016
0.0265725
0.0271226
0.0278217
0.0286115
0.0292285
0.0297602
0.0304383
0.0312561
0.0320672
0.0327482
0.0333566
0.0341036
0.035013
0.035874
0.0365728
0.0372876
0.0382012
0.0391559
0.0399549
0.0407662
0.0417149
0.0426801
0.0435822
0.0445083
0.0455032
0.0465016
0.0475012
0.0485201
0.0495718
0.0506294
0.0517288
0.05284
0.0539756
0.0551204
0.056308
0.0574912
0.0587145
0.0599542
0.061208
0.0624928
0.0637952
0.0651437
0.066486
0.0678822
0.0692848
0.0707451
0.0721996
0.0737077
0.0752399
0.0767851
0.0783795
0.0799874
0.0816441
0.0833168
0.085016
0.0867794
0.0885238
0.0903469
0.0921736
0.0940422
0.0959624
0.0978659
0.0998545
0.101746
0.103656
0.105389
0.0121087
0.0126431
0.0133731
0.0141095
0.0146906
0.0149948
0.0151459
0.0153714
0.0156764
0.0159843
0.0161962
0.0162573
0.0163735
0.0166577
0.0170556
0.0174317
0.0176362
0.017863
0.0183242
0.0189397
0.019489
0.0197777
0.0200136
0.0205523
0.0212738
0.0217634
0.0220019
0.0225253
0.0233391
0.0238084
0.0241196
0.0247893
0.0255046
0.0260595
0.026628
0.0271856
0.0278299
0.0286213
0.0292936
0.029812
0.0304433
0.0312603
0.0320953
0.0327884
0.0333853
0.0341087
0.0350149
0.0358962
0.0366021
0.0372974
0.0382011
0.0391706
0.0399767
0.0407757
0.0417189
0.0426913
0.0435941
0.0445153
0.0455087
0.0465095
0.0475096
0.0485269
0.0495797
0.0506364
0.0517352
0.0528468
0.0539804
0.0551245
0.0563126
0.0574945
0.0587177
0.0599586
0.0612128
0.0624969
0.0637989
0.0651496
0.0664919
0.0678875
0.06929
0.0707509
0.0722044
0.0737128
0.0752441
0.0767887
0.0783843
0.0799918
0.0816483
0.0833201
0.0850208
0.0867834
0.088528
0.0903521
0.0921801
0.0940498
0.0959708
0.0978769
0.0998679
0.101762
0.103674
0.105409
0.0122958
0.0127802
0.0134739
0.0141879
0.0147804
0.0151803
0.0153761
0.0155644
0.0158175
0.0160847
0.0163321
0.0164556
0.0165704
0.0168168
0.0171595
0.0175337
0.0177984
0.0180382
0.018438
0.0189864
0.0195564
0.0199282
0.0201783
0.0206245
0.0212781
0.0218592
0.0221731
0.0225684
0.0233285
0.0239257
0.024228
0.0248035
0.0255417
0.0261119
0.026675
0.0272548
0.0278574
0.0286159
0.0293434
0.0298807
0.0304591
0.0312551
0.032119
0.0328333
0.033419
0.0341156
0.035013
0.0359168
0.0366366
0.0373103
0.0381979
0.039183
0.0400005
0.0407869
0.0417223
0.0427021
0.0436073
0.0445231
0.0455141
0.0465178
0.0475186
0.0485337
0.0495876
0.0506434
0.0517414
0.0528538
0.0539858
0.0551288
0.0563172
0.0574979
0.0587213
0.0599634
0.0612177
0.0625009
0.0638027
0.0651561
0.066498
0.0678928
0.0692951
0.0707568
0.0722094
0.0737179
0.0752485
0.0767924
0.0783895
0.0799962
0.0816525
0.0833235
0.0850256
0.0867878
0.0885323
0.0903578
0.0921867
0.0940577
0.0959796
0.0978882
0.0998816
0.101778
0.103693
0.105429
0.0124994
0.0129362
0.0135897
0.0142865
0.0148909
0.0153388
0.0155876
0.0157644
0.0159788
0.0162016
0.0164461
0.0166266
0.0167567
0.0169811
0.017285
0.0176386
0.0179391
0.0181997
0.0185707
0.0190567
0.0196129
0.0200517
0.0203371
0.0207311
0.021303
0.0219092
0.0223274
0.0226674
0.0233171
0.0239991
0.0243578
0.0248386
0.0255642
0.0261691
0.0267183
0.0273154
0.0279067
0.0286135
0.0293717
0.0299575
0.0304953
0.0312429
0.0321284
0.0328803
0.0334603
0.0341256
0.0350088
0.0359341
0.0366753
0.0373285
0.0381921
0.0391922
0.040027
0.0408005
0.0417248
0.0427118
0.043621
0.0445319
0.0455193
0.0465262
0.0475286
0.0485409
0.0495952
0.0506505
0.0517479
0.0528608
0.0539913
0.0551335
0.0563221
0.0575016
0.0587247
0.0599685
0.061223
0.0625051
0.0638063
0.0651624
0.0665039
0.0678981
0.0693006
0.0707628
0.0722148
0.073723
0.0752532
0.0767963
0.0783952
0.0800006
0.0816567
0.0833273
0.0850305
0.0867924
0.0885365
0.0903638
0.0921934
0.0940658
0.0959887
0.0978996
0.0998957
0.101794
0.103711
0.105449
0.0127063
0.0131126
0.0137207
0.0143949
0.0149986
0.0154608
0.0157668
0.0159555
0.0161495
0.0163418
0.0165558
0.0167712
0.01693
0.0171412
0.017421
0.0177496
0.0180678
0.0183467
0.0187078
0.0191516
0.0196695
0.0201512
0.0204818
0.0208537
0.0213622
0.0219424
0.0224433
0.0227979
0.0233331
0.0240335
0.024484
0.0249053
0.0255774
0.0262194
0.0267678
0.0273665
0.0279678
0.0286262
0.0293783
0.0300241
0.030556
0.0312383
0.0321217
0.032926
0.0335134
0.0341386
0.0349989
0.0359453
0.0367156
0.0373542
0.0381858
0.0391966
0.0400556
0.0408179
0.041727
0.0427203
0.0436356
0.0445419
0.0455244
0.0465343
0.047539
0.0485483
0.0496029
0.0506577
0.0517544
0.0528681
0.0539973
0.0551386
0.0563268
0.0575055
0.0587286
0.0599741
0.0612285
0.0625089
0.0638101
0.0651697
0.0665102
0.0679035
0.069306
0.0707687
0.0722206
0.0737282
0.0752579
0.0768002
0.078401
0.0800051
0.0816611
0.0833316
0.0850354
0.0867974
0.0885409
0.0903702
0.0922004
0.094074
0.0959981
0.0979111
0.09991
0.10181
0.103729
0.105468
0.0128994
0.0133022
0.0138715
0.0145123
0.0151137
0.0155899
0.015927
0.0161355
0.0163196
0.0164973
0.0166754
0.0168941
0.0170838
0.0172935
0.0175591
0.0178664
0.0181921
0.0184859
0.0188373
0.0192601
0.0197375
0.0202346
0.0206119
0.0209781
0.0214486
0.0219828
0.0225199
0.02293
0.0233885
0.0240501
0.0245835
0.0249971
0.025601
0.0262594
0.0268232
0.027411
0.0280257
0.0286594
0.0293797
0.0300687
0.0306301
0.0312541
0.0321008
0.0329573
0.0335791
0.0341628
0.0349848
0.0359509
0.0367575
0.0373868
0.0381798
0.0391939
0.0400836
0.0408396
0.0417293
0.0427271
0.0436509
0.0445535
0.0455298
0.0465424
0.0475498
0.0485564
0.0496107
0.0506645
0.0517609
0.0528756
0.0540035
0.0551439
0.0563316
0.0575098
0.0587325
0.0599798
0.0612344
0.0625132
0.0638136
0.0651762
0.0665163
0.0679089
0.0693116
0.0707746
0.0722266
0.0737331
0.0752626
0.0768044
0.0784071
0.0800097
0.0816652
0.0833362
0.0850403
0.0868027
0.0885454
0.0903769
0.0922078
0.0940823
0.096008
0.0979228
0.0999243
0.101826
0.103746
0.105488
0.0130686
0.0134898
0.0140398
0.0146418
0.01523
0.0157133
0.0160707
0.0163018
0.0164792
0.016653
0.0168092
0.0170093
0.0172185
0.0174362
0.0176955
0.0179869
0.0183115
0.0186187
0.0189604
0.0193726
0.0198209
0.0203089
0.0207264
0.0210974
0.021546
0.0220432
0.0225762
0.0230441
0.0234732
0.0240711
0.0246551
0.0250987
0.0256433
0.0262881
0.0268748
0.0274567
0.0280767
0.028706
0.0293909
0.0300922
0.0307003
0.0312964
0.0320802
0.0329638
0.0336476
0.0342055
0.034968
0.0359451
0.0368004
0.037429
0.0381775
0.0391862
0.0401097
0.0408656
0.0417328
0.0427313
0.0436662
0.0445661
0.0455346
0.0465502
0.0475608
0.0485649
0.0496191
0.0506715
0.0517673
0.0528834
0.0540104
0.0551494
0.0563362
0.0575142
0.0587368
0.059986
0.0612405
0.0625173
0.0638173
0.0651837
0.0665229
0.0679145
0.0693175
0.0707804
0.0722331
0.0737382
0.0752674
0.076809
0.0784132
0.0800143
0.0816693
0.0833413
0.085045
0.086808
0.0885502
0.0903836
0.0922153
0.0940905
0.0960182
0.0979347
0.0999387
0.101842
0.103764
0.105507
0.0132138
0.0136635
0.014214
0.0147863
0.0153486
0.0158326
0.0162009
0.0164544
0.0166295
0.016801
0.0169515
0.0171277
0.017339
0.0175653
0.017825
0.0181071
0.0184253
0.018744
0.0190799
0.0194816
0.0199143
0.0203833
0.020826
0.0212112
0.0216463
0.0221226
0.0226298
0.0231318
0.0235711
0.0241105
0.0247063
0.0251907
0.0257029
0.026319
0.0269216
0.027506
0.0281219
0.0287531
0.0294155
0.0301071
0.0307529
0.0313556
0.0320785
0.032949
0.0337037
0.0342711
0.0349585
0.0359215
0.0368383
0.0374818
0.0381789
0.0391724
0.040133
0.040896
0.0417392
0.0427339
0.043682
0.0445812
0.0455397
0.0465575
0.0475715
0.0485736
0.0496278
0.050678
0.0517729
0.0528915
0.0540177
0.0551548
0.0563407
0.0575192
0.0587415
0.0599922
0.0612466
0.0625218
0.0638197
0.0651906
0.0665293
0.0679201
0.0693234
0.0707863
0.0722398
0.0737433
0.0752722
0.0768139
0.0784194
0.0800192
0.0816734
0.0833468
0.08505
0.0868135
0.0885554
0.0903904
0.0922231
0.0940987
0.0960285
0.0979464
0.0999527
0.101858
0.103781
0.105525
0.0133469
0.0138221
0.0143823
0.0149408
0.0154722
0.0159472
0.0163194
0.0165917
0.0167725
0.0169365
0.0170883
0.0172485
0.0174523
0.0176815
0.0179447
0.0182241
0.0185324
0.0188606
0.0191989
0.0195892
0.02001
0.0204605
0.0209139
0.0213182
0.0217439
0.0222077
0.022692
0.0232022
0.0236661
0.0241669
0.0247476
0.025269
0.025774
0.0263592
0.0269624
0.0275534
0.0281662
0.0287982
0.0294498
0.030126
0.0307888
0.0314135
0.0321011
0.0329283
0.0337323
0.0343502
0.0349725
0.0358825
0.036862
0.0375482
0.0381888
0.0391508
0.0401505
0.0409291
0.0417475
0.0427337
0.043697
0.0445986
0.045545
0.0465643
0.047583
0.0485835
0.0496377
0.0506855
0.0517782
0.0528993
0.054026
0.0551606
0.0563451
0.0575244
0.0587464
0.0599984
0.0612531
0.0625272
0.0638375
0.065199
0.0665358
0.0679262
0.0693298
0.0707922
0.0722467
0.0737484
0.0752771
0.0768196
0.0784255
0.0800242
0.0816777
0.0833528
0.085055
0.0868191
0.0885613
0.0903975
0.0922313
0.0941074
0.0960393
0.0979587
0.099967
0.101875
0.103798
0.105544
0.0134732
0.0139683
0.0145418
0.0150999
0.0156065
0.0160613
0.0164298
0.0167091
0.0169018
0.0170575
0.0172112
0.0173667
0.0175608
0.0177872
0.0180498
0.018334
0.0186382
0.0189723
0.0193131
0.019691
0.0201029
0.0205408
0.0209957
0.0214152
0.0218372
0.0222928
0.0227632
0.023264
0.0237473
0.0242344
0.0247908
0.0253338
0.0258452
0.0264067
0.0270016
0.0275977
0.0282103
0.0288412
0.0294866
0.0301522
0.0308197
0.0314613
0.0321395
0.0329208
0.0337341
0.0344218
0.0350188
0.0358405
0.0368583
0.0376236
0.0382166
0.0391236
0.0401612
0.0409663
0.0417591
0.0427308
0.0437104
0.0446178
0.0455499
0.0465681
0.047593
0.0485929
0.049647
0.0506927
0.0517824
0.0529068
0.0540352
0.0551663
0.0563491
0.0575299
0.0587517
0.0600046
0.0612594
0.062532
0.0638397
0.0652051
0.0665418
0.0679322
0.0693357
0.0707979
0.0722532
0.0737533
0.0752816
0.0768252
0.078431
0.0800287
0.0816819
0.0833585
0.0850597
0.0868241
0.088567
0.0904039
0.092239
0.0941153
0.0960494
0.0979705
0.0999803
0.10189
0.103815
0.105561
0.0135946
0.0140944
0.0146765
0.0152419
0.0157405
0.0161759
0.0165364
0.0168189
0.0170254
0.0171777
0.0173262
0.01748
0.0176635
0.0178868
0.0181482
0.0184407
0.0187429
0.0190739
0.0194198
0.0197929
0.020198
0.0206239
0.0210761
0.0215064
0.0219267
0.0223742
0.0228361
0.0233249
0.0238172
0.0243047
0.0248387
0.0253873
0.0259108
0.026459
0.0270426
0.0276399
0.0282527
0.0288825
0.0295236
0.0301812
0.0308502
0.0315004
0.0321795
0.0329331
0.0337276
0.034471
0.0350916
0.0358189
0.0368226
0.0376937
0.0382704
0.0390947
0.0401592
0.0410081
0.0417775
0.0427272
0.0437239
0.0446419
0.0455582
0.0465714
0.047604
0.0486048
0.0496579
0.0507014
0.0517872
0.0529133
0.0540447
0.0551723
0.0563534
0.057536
0.0587571
0.0600105
0.0612658
0.0625367
0.0638456
0.065212
0.066548
0.0679392
0.0693425
0.0708044
0.0722603
0.0737588
0.0752871
0.0768322
0.0784371
0.080034
0.0816871
0.0833652
0.0850653
0.0868299
0.0885742
0.0904115
0.0922476
0.0941245
0.0960604
0.0979831
0.0999941
0.101906
0.103832
0.105579
0.0137457
0.0142411
0.0148153
0.0153712
0.0158574
0.0162699
0.0166153
0.0168923
0.0170977
0.0172541
0.017399
0.0175563
0.0177383
0.0179616
0.0182202
0.0185163
0.0188267
0.0191606
0.019515
0.0198854
0.0202853
0.0207026
0.021147
0.0215838
0.0220048
0.0224501
0.0229082
0.0233851
0.0238774
0.0243674
0.0248874
0.0254326
0.025968
0.0265124
0.0270844
0.0276791
0.0282898
0.0289185
0.0295582
0.0302095
0.0308787
0.0315337
0.0322099
0.0329523
0.0337231
0.0344872
0.0351638
0.0358292
0.0367626
0.0377331
0.0383488
0.039073
0.0401344
0.0410465
0.0418013
0.0427175
0.0437302
0.044666
0.0455675
0.0465706
0.0476107
0.0486155
0.0496683
0.0507099
0.051791
0.0529187
0.0540545
0.0551786
0.0563576
0.0575422
0.0587622
0.0600159
0.0612721
0.0625423
0.063851
0.0652172
0.0665536
0.0679459
0.0693484
0.0708101
0.0722661
0.0737633
0.0752918
0.0768382
0.0784418
0.080038
0.0816917
0.0833707
0.0850696
0.0868342
0.0885802
0.0904178
0.0922548
0.0941324
0.09607
0.0979945
0.100007
0.10192
0.103847
0.105595
0.0138744
0.014379
0.0149583
0.0155167
0.0160031
0.0164032
0.0167226
0.016976
0.0171823
0.0173408
0.0174831
0.0176412
0.0178263
0.01805
0.0183092
0.0186064
0.0189266
0.0192611
0.0196184
0.019989
0.0203832
0.0207925
0.0212237
0.0216658
0.022089
0.0225299
0.0229842
0.0234501
0.0239392
0.0244308
0.0249443
0.0254834
0.0260247
0.0265707
0.0271341
0.0277233
0.0283308
0.0289563
0.0295968
0.0302448
0.0309103
0.031573
0.032242
0.0329774
0.0337398
0.0344921
0.0352227
0.0358837
0.036715
0.0377337
0.038447
0.0390878
0.0400946
0.0410796
0.0418438
0.042712
0.0437324
0.0446939
0.0455843
0.0465715
0.0476162
0.0486272
0.0496809
0.0507207
0.0517956
0.0529231
0.054064
0.0551847
0.0563624
0.0575494
0.0587675
0.0600208
0.0612787
0.0625482
0.0638567
0.0652223
0.0665595
0.0679537
0.0693552
0.0708167
0.0722729
0.0737689
0.0752981
0.0768457
0.0784475
0.0800432
0.0816981
0.0833777
0.0850755
0.0868401
0.088588
0.0904255
0.092263
0.0941416
0.0960806
0.0980066
0.10002
0.101935
0.103863
0.105611
0.0139939
0.0144662
0.0150155
0.0155468
0.0160143
0.0164037
0.0167179
0.0169717
0.0171772
0.0173474
0.0175
0.0176665
0.0178642
0.0180978
0.0183663
0.0186668
0.018995
0.0193363
0.0196958
0.0200688
0.0204572
0.0208633
0.0212829
0.0217235
0.0221499
0.0225852
0.0230407
0.023502
0.0239863
0.0244776
0.0249872
0.0255219
0.0260644
0.0266152
0.0271768
0.0277588
0.0283629
0.0289834
0.0296237
0.0302744
0.0309317
0.0316031
0.0322695
0.0329888
0.0337576
0.0344917
0.0352451
0.0359495
0.0366939
0.0376855
0.0385171
0.0391375
0.040045
0.0410809
0.0418938
0.0427118
0.0437213
0.0447164
0.0456058
0.0465735
0.0476172
0.0486347
0.0496923
0.0507331
0.0518003
0.0529257
0.0540731
0.0551914
0.0563671
0.0575569
0.0587718
0.0600242
0.0612854
0.0625561
0.0638626
0.0652267
0.0665661
0.0679618
0.0693615
0.0708227
0.0722785
0.0737735
0.0753039
0.076852
0.0784517
0.0800471
0.0817033
0.083383
0.0850795
0.0868444
0.0885944
0.0904321
0.0922698
0.0941498
0.09609
0.0980175
0.100032
0.101948
0.103877
0.105626
0.014284
0.0147517
0.0152809
0.0157759
0.0161989
0.0165378
0.0167855
0.0169701
0.0171304
0.0173026
0.0174753
0.0176597
0.017876
0.0181267
0.0184101
0.018721
0.0190571
0.0194099
0.0197729
0.0201494
0.0205346
0.0209367
0.021349
0.021781
0.0222133
0.0226455
0.0231005
0.0235619
0.0240391
0.024529
0.0250355
0.0255675
0.0261085
0.0266617
0.0272257
0.0277999
0.0283991
0.0290161
0.0296525
0.0303082
0.0309596
0.0316338
0.0323066
0.0330044
0.0337756
0.0345078
0.0352524
0.0360095
0.0367217
0.0376318
0.0385497
0.039222
0.0400238
0.0410561
0.0419437
0.0427326
0.043705
0.04473
0.0456324
0.0465805
0.0476183
0.0486395
0.0497023
0.0507486
0.0518073
0.0529266
0.0540805
0.0551985
0.0563724
0.0575651
0.0587766
0.0600267
0.0612922
0.0625655
0.0638668
0.0652285
0.0665723
0.0679699
0.069367
0.0708282
0.072284
0.0737784
0.0753106
0.0768589
0.0784563
0.0800519
0.0817102
0.0833897
0.0850847
0.0868499
0.0886017
0.0904391
0.0922767
0.094158
0.0960995
0.098028
0.100043
0.101961
0.103891
0.10564
0.0142025
0.0145971
0.0150692
0.0155365
0.0159589
0.016341
0.0166843
0.016965
0.0171776
0.0173429
0.0175302
0.0177427
0.0179734
0.0182299
0.0185143
0.0188229
0.0191525
0.0195001
0.0198584
0.0202278
0.0206064
0.0209989
0.0214067
0.02183
0.0222637
0.0226959
0.0231448
0.0236103
0.0240831
0.024573
0.0250777
0.0256071
0.0261474
0.0266985
0.0272683
0.0278367
0.0284307
0.0290465
0.0296767
0.0303345
0.030985
0.0316572
0.0323387
0.0330232
0.0337836
0.0345285
0.0352613
0.0360442
0.0367719
0.0375949
0.0385345
0.0393038
0.0400393
0.0410149
0.0419734
0.0427732
0.0436937
0.04473
0.0456611
0.0465941
0.0476203
0.0486419
0.0497069
0.0507653
0.0518184
0.0529255
0.0540854
0.0552065
0.0563785
0.0575728
0.0587807
0.0600279
0.0612988
0.0625761
0.0638731
0.0652311
0.0665812
0.0679812
0.0693741
0.0708348
0.0722906
0.0737844
0.0753182
0.0768658
0.0784608
0.0800565
0.0817163
0.0833953
0.0850889
0.0868548
0.0886089
0.0904465
0.0922837
0.0941666
0.0961088
0.0980381
0.100054
0.101973
0.103904
0.105653
0.0153977
0.0154689
0.0154873
0.015533
0.0156322
0.0157826
0.0159946
0.0162879
0.0166304
0.0169947
0.0173218
0.0176197
0.0179133
0.0182181
0.0185356
0.0188584
0.0191916
0.0195359
0.0198961
0.0202657
0.0206437
0.021033
0.0214367
0.0218571
0.0222878
0.0227245
0.0231675
0.0236376
0.0241135
0.0246036
0.02511
0.0256336
0.0261771
0.0267234
0.0272967
0.0278659
0.0284528
0.0290712
0.0296947
0.0303518
0.0310059
0.0316748
0.0323626
0.0330422
0.0337833
0.0345385
0.0352728
0.0360573
0.0368147
0.0375882
0.038494
0.0393528
0.0400871
0.0409767
0.0419705
0.0428197
0.0436922
0.044714
0.0456828
0.0466123
0.0476242
0.0486432
0.0497052
0.0507802
0.051835
0.052923
0.0540854
0.0552145
0.0563855
0.0575804
0.0587841
0.060028
0.0613047
0.0625886
0.0638764
0.0652283
0.0665859
0.0679894
0.0693778
0.0708376
0.0722941
0.0737886
0.075324
0.0768705
0.0784637
0.0800606
0.0817221
0.0834006
0.0850927
0.0868591
0.0886146
0.0904518
0.0922887
0.0941729
0.0961165
0.0980462
0.100063
0.101983
0.103915
0.105665
0.0144428
0.0147647
0.0151551
0.015546
0.0159113
0.016255
0.0165468
0.0167712
0.0169537
0.0171529
0.017396
0.0176693
0.0179631
0.0182712
0.0185966
0.0189306
0.019272
0.0196176
0.0199734
0.0203416
0.0207142
0.0210999
0.0214932
0.0219062
0.0223297
0.0227627
0.0232018
0.0236658
0.0241497
0.0246413
0.0251508
0.0256678
0.0262114
0.0267581
0.0273224
0.0279009
0.0284801
0.0290983
0.0297215
0.0303676
0.0310308
0.0316936
0.0323843
0.0330681
0.0337892
0.0345499
0.035293
0.0360715
0.0368465
0.0376093
0.0384685
0.0393655
0.0401535
0.0409733
0.0419461
0.042868
0.0437149
0.0446943
0.0456993
0.0466355
0.0476335
0.0486488
0.049699
0.0507923
0.0518587
0.0529242
0.0540847
0.0552233
0.0563944
0.0575881
0.0587882
0.0600278
0.0613156
0.0626025
0.0638841
0.0652312
0.0665961
0.0680036
0.0693872
0.070845
0.0723015
0.0737969
0.0753334
0.076878
0.0784689
0.0800667
0.0817293
0.0834067
0.0850978
0.086865
0.0886224
0.0904597
0.0922958
0.0941814
0.0961252
0.0980552
0.100073
0.101993
0.103926
0.105676
0.0156509
0.0156265
0.0155332
0.0154636
0.0154641
0.015537
0.0156989
0.0159626
0.0163213
0.0167089
0.0171043
0.0174948
0.0178754
0.0182438
0.0186035
0.0189576
0.019304
0.0196493
0.0199966
0.0203586
0.0207289
0.0211131
0.0215054
0.0219123
0.0223363
0.0227665
0.0232082
0.0236685
0.0241576
0.0246586
0.0251681
0.025686
0.0262237
0.0267778
0.0273323
0.027914
0.0284995
0.0291073
0.0297406
0.030374
0.0310425
0.0317084
0.0323895
0.0330876
0.0337922
0.0345523
0.0353054
0.0360769
0.0368631
0.0376272
0.0384612
0.0393494
0.0401873
0.040996
0.0419082
0.0428841
0.0437491
0.0446712
0.045701
0.0466546
0.0476376
0.0486587
0.0496902
0.0507902
0.0518815
0.0529285
0.0540759
0.0552279
0.0564028
0.0575944
0.0587909
0.0600259
0.0613148
0.0626099
0.0638863
0.0652248
0.0665977
0.0680103
0.0693897
0.0708461
0.0723026
0.073799
0.0753378
0.0768809
0.07847
0.080069
0.0817331
0.0834101
0.0850999
0.0868674
0.0886259
0.0904631
0.0922986
0.0941852
0.0961303
0.0980603
0.100079
0.102
0.103933
0.105683
0.0153702
0.0152883
0.0151623
0.0150791
0.0151007
0.0152486
0.015522
0.0158768
0.016278
0.0166994
0.0171245
0.0175393
0.0179365
0.0183155
0.018676
0.0190264
0.0193662
0.0197026
0.0200403
0.0203903
0.0207543
0.0211324
0.0215217
0.021924
0.0223454
0.0227741
0.0232146
0.0236762
0.0241637
0.0246701
0.0251787
0.0256972
0.0262327
0.0267873
0.0273434
0.0279196
0.0285127
0.0291151
0.0297504
0.0303844
0.0310474
0.0317221
0.0323945
0.0330992
0.0338034
0.0345545
0.0353173
0.0360833
0.0368737
0.0376432
0.0384693
0.0393487
0.0401989
0.0410302
0.0419098
0.0428862
0.0437867
0.0446755
0.0456989
0.0466731
0.0476431
0.0486717
0.0496991
0.0507869
0.051899
0.0529463
0.0540735
0.0552296
0.0564108
0.057602
0.058799
0.0600268
0.0613187
0.0626253
0.063902
0.0652326
0.066606
0.0680245
0.0694019
0.0708559
0.0723123
0.0738078
0.0753474
0.0768901
0.0784772
0.0800755
0.0817402
0.0834169
0.0851062
0.0868737
0.088633
0.0904711
0.0923057
0.0941928
0.0961375
0.0980677
0.100086
0.102008
0.103942
0.105693
)
;

boundaryField
{
    zeroGradientPlanes
    {
        type            zeroGradient;
    }
    inlet
    {
        type            zeroGradient;
    }
    plate
    {
        type            zeroGradient;
    }
    frontAndBack
    {
        type            empty;
    }
}


// ************************************************************************* //
