/*--------------------------------*- C++ -*----------------------------------*\
| =========                 |                                                 |
| \\      /  F ield         | OpenFOAM: The Open Source CFD Toolbox           |
|  \\    /   O peration     | Version:  v1912                                 |
|   \\  /    A nd           | Website:  www.openfoam.com                      |
|    \\/     M anipulation  |                                                 |
\*---------------------------------------------------------------------------*/
FoamFile
{
    version     2.0;
    format      ascii;
    class       volScalarField;
    location    "7.15";
    object      p;
}
// * * * * * * * * * * * * * * * * * * * * * * * * * * * * * * * * * * * * * //

dimensions      [0 2 -2 0 0 0 0];


internalField   nonuniform List<scalar> 
9600
(
-8.21619e-11
0.00968971
0.00776509
0.00760594
0.00485781
0.0132502
0.0138618
0.0125393
0.0121626
0.0136316
0.0140727
0.0170318
0.0144692
0.0158343
0.0158653
0.0152262
0.016381
0.0176406
0.0192494
0.022357
-2.94253e-07
0.0097192
0.00775847
0.00747498
0.00487487
0.0133152
0.0138154
0.0125338
0.0121811
0.0136756
0.0140663
0.0169707
0.0144777
0.0158353
0.0158678
0.0152408
0.0163791
0.0176364
0.0192712
0.0220287
2.82824e-06
0.00974709
0.00773248
0.00739579
0.00491477
0.0133352
0.0137491
0.012541
0.0121971
0.0137
0.0140501
0.0168816
0.0145029
0.0158236
0.0158807
0.0152681
0.0163746
0.0176304
0.0192579
0.0216715
1.21979e-05
0.00976322
0.00769968
0.00734349
0.00498527
0.0133273
0.013676
0.0125566
0.0122075
0.0137315
0.014029
0.016768
0.0145326
0.0157949
0.0158957
0.0153017
0.016361
0.0176148
0.0192169
0.0213334
3.13356e-05
0.00976708
0.00766119
0.00732642
0.00509688
0.0132792
0.0135964
0.0125804
0.0122168
0.0137654
0.0140053
0.0166295
0.0145624
0.0157514
0.0159095
0.0153366
0.0163418
0.0175921
0.0191629
0.0210069
6.38282e-05
0.00975654
0.00761762
0.00735245
0.00525312
0.0131841
0.0135143
0.0126172
0.0122304
0.0137973
0.013981
0.0164732
0.0145904
0.0156977
0.0159234
0.0153712
0.0163232
0.0175676
0.019095
0.0206841
0.000111303
0.00973033
0.00757229
0.00741726
0.00544451
0.0130485
0.0134407
0.0126692
0.0122537
0.0138257
0.0139596
0.0163121
0.0146152
0.0156388
0.0159387
0.0154061
0.0163078
0.0175411
0.0190088
0.0203677
0.000172952
0.0096901
0.00752956
0.00750805
0.0056523
0.012886
0.0133849
0.012733
0.0122872
0.0138514
0.0139467
0.0161574
0.014637
0.0155788
0.0159553
0.0154419
0.0162937
0.0175109
0.0189059
0.020063
0.000245978
0.00963964
0.00749362
0.00761125
0.00585679
0.0127118
0.013348
0.0128012
0.0123269
0.0138743
0.0139469
0.0160166
0.0146578
0.0155199
0.0159722
0.0154785
0.0162784
0.017478
0.0187892
0.0197679
0.000327013
0.00958361
0.00746799
0.00771858
0.00604487
0.0125376
0.0133252
0.0128659
0.0123643
0.013893
0.0139621
0.015893
0.0146792
0.0154626
0.015988
0.0155149
0.0162603
0.0174433
0.0186587
0.0194784
0.000413418
0.00952657
0.00745505
0.00782773
0.0062116
0.0123704
0.0133113
0.0129222
0.0123908
0.0139059
0.0139911
0.0157851
0.0147011
0.0154068
0.0160009
0.0155492
0.0162365
0.0174051
0.0185146
0.0191942
0.000503647
0.00947166
0.00745552
0.00793933
0.00635772
0.0122132
0.0133037
0.0129685
0.0124017
0.0139122
0.0140298
0.0156878
0.0147218
0.0153531
0.0160094
0.0155789
0.0162041
0.0173617
0.0183603
0.0189163
0.000597024
0.00942012
0.00746847
0.0080537
0.00648686
0.0120665
0.0133017
0.0130063
0.0123975
0.0139122
0.0140738
0.0155958
0.0147401
0.0153027
0.0160132
0.0156026
0.0161618
0.0173123
0.0181998
0.0186431
0.000693351
0.00937165
0.00749186
0.00816947
0.00660372
0.0119291
0.0133046
0.0130379
0.0123818
0.0139067
0.0141198
0.0155059
0.0147554
0.0152569
0.0160125
0.0156212
0.0161102
0.0172563
0.0180366
0.0183726
0.000792656
0.00932517
0.00752333
0.00828417
0.00671298
0.0117987
0.0133107
0.0130654
0.0123589
0.0138969
0.0141661
0.015417
0.0147676
0.0152162
0.0160076
0.0156365
0.0160507
0.0171925
0.0178732
0.0181036
0.000895092
0.00927973
0.00756092
0.0083956
0.00681869
0.0116737
0.0133178
0.0130898
0.0123325
0.0138833
0.0142122
0.0153289
0.0147762
0.0151801
0.0159981
0.0156495
0.0159852
0.0171198
0.0177119
0.0178357
0.00100082
0.00923475
0.00760334
0.00850259
0.00692392
0.0115528
0.0133245
0.013112
0.0123054
0.0138664
0.0142575
0.0152419
0.0147807
0.0151481
0.0159834
0.0156605
0.015915
0.0170371
0.0175541
0.0175698
0.00110999
0.00918995
0.00764987
0.00860472
0.00703079
0.0114356
0.0133296
0.0131324
0.012279
0.0138464
0.0143018
0.0151563
0.0147804
0.0151196
0.0159632
0.0156694
0.0158412
0.0169434
0.0174007
0.0173074
0.00122272
0.00914517
0.00770018
0.00870196
0.00714061
0.011322
0.0133329
0.0131511
0.0122543
0.0138238
0.0143446
0.0150722
0.0147746
0.015094
0.0159378
0.0156757
0.0157644
0.0168381
0.017252
0.0170508
0.00133913
0.0091004
0.00775421
0.00879426
0.007254
0.0112124
0.0133338
0.0131683
0.0122313
0.0137986
0.0143852
0.0149899
0.0147631
0.0150709
0.0159073
0.015679
0.0156854
0.0167209
0.0171081
0.016803
0.00145935
0.00905564
0.00781204
0.00888148
0.0073711
0.0111069
0.0133322
0.013184
0.0122099
0.0137711
0.014424
0.0149097
0.0147455
0.0150499
0.0158718
0.0156786
0.015605
0.0165919
0.0169681
0.0165675
0.0015835
0.00901094
0.00787387
0.00896343
0.0074917
0.0110062
0.0133276
0.0131981
0.0121899
0.0137412
0.0144605
0.014832
0.0147217
0.0150305
0.0158314
0.0156738
0.0155244
0.0164512
0.0168311
0.0163485
0.00171166
0.0089663
0.00793993
0.00903987
0.00761529
0.0109105
0.0133197
0.0132106
0.0121711
0.0137089
0.0144948
0.014757
0.0146914
0.0150127
0.015786
0.0156638
0.0154452
0.0162991
0.0166952
0.0161501
0.00184396
0.00892172
0.00801039
0.00911049
0.00774124
0.0108203
0.0133079
0.0132218
0.0121535
0.0136741
0.0145269
0.0146851
0.0146543
0.0149964
0.0157358
0.0156471
0.0153695
0.0161368
0.0165571
0.0159754
0.00198054
0.00887719
0.00808536
0.00917503
0.00786873
0.010736
0.0132918
0.0132319
0.0121368
0.0136365
0.014557
0.0146167
0.0146097
0.0149817
0.0156816
0.015622
0.0152991
0.0159669
0.0164119
0.0158254
0.0021215
0.00883266
0.00816493
0.00923337
0.00799682
0.0106582
0.013271
0.013241
0.0121212
0.0135959
0.0145853
0.0145524
0.0145571
0.0149681
0.0156248
0.0155865
0.0152346
0.0157941
0.0162549
0.0156973
0.00226698
0.00878807
0.00824912
0.00928555
0.00812456
0.0105872
0.0132449
0.0132495
0.0121068
0.0135517
0.0146118
0.0144932
0.0144959
0.0149547
0.0155679
0.015539
0.0151745
0.0156238
0.0160829
0.0155836
0.00241716
0.00874344
0.0083378
0.00933181
0.00825094
0.0105236
0.0132133
0.0132574
0.0120938
0.0135033
0.0146362
0.0144401
0.0144257
0.0149395
0.0155133
0.0154792
0.0151156
0.0154616
0.0158971
0.0154733
0.00257218
0.00869872
0.00843085
0.00937275
0.0083748
0.0104679
0.0131762
0.0132645
0.0120825
0.0134504
0.014658
0.0143941
0.0143466
0.0149201
0.0154631
0.0154083
0.0150542
0.0153116
0.0157033
0.0153545
0.00273222
0.00865393
0.008528
0.00940917
0.00849502
0.0104203
0.0131338
0.0132708
0.0120731
0.0133927
0.0146762
0.014356
0.0142594
0.0148941
0.0154188
0.0153286
0.0149866
0.0151756
0.0155101
0.0152192
0.00289751
0.00860913
0.00862875
0.00944206
0.00861042
0.010381
0.0130864
0.013276
0.0120658
0.01333
0.0146903
0.0143263
0.0141647
0.014859
0.0153816
0.0152432
0.014909
0.015052
0.0153262
0.0150683
0.00306823
0.00856442
0.00873247
0.00947266
0.00871996
0.0103501
0.0130346
0.0132801
0.0120609
0.0132619
0.0146992
0.0143058
0.0140633
0.0148119
0.0153524
0.0151571
0.0148187
0.0149355
0.0151582
0.0149122
0.00324458
0.00851996
0.00883829
0.00950234
0.00882288
0.010327
0.0129792
0.013283
0.0120586
0.013188
0.0147019
0.0142952
0.0139566
0.0147497
0.0153303
0.0150755
0.0147155
0.0148206
0.0150075
0.0147627
0.00342677
0.00847596
0.00894525
0.00953251
0.00891869
0.0103111
0.0129212
0.0132847
0.0120595
0.0131083
0.0146969
0.014295
0.0138467
0.0146701
0.0153129
0.015002
0.0146012
0.014704
0.0148718
0.0146275
0.00361495
0.00843267
0.00905239
0.00956461
0.00900716
0.0103017
0.0128615
0.0132854
0.0120639
0.0130228
0.0146826
0.0143051
0.0137357
0.0145711
0.0152984
0.0149409
0.0144767
0.0145831
0.01475
0.01451
0.00380925
0.00839048
0.00915858
0.0095999
0.00908831
0.0102977
0.0128005
0.013285
0.0120725
0.0129319
0.014657
0.0143263
0.0136269
0.014449
0.0152837
0.0148988
0.0143431
0.0144517
0.0146418
0.0144118
0.00400976
0.00834996
0.00926267
0.00963934
0.00916278
0.0102981
0.0127389
0.0132839
0.0120861
0.0128359
0.014617
0.0143583
0.0135263
0.0143008
0.0152603
0.0148827
0.0142076
0.0143012
0.0145444
0.0143364
0.00421649
0.00831166
0.00936358
0.00968357
0.00923153
0.0103022
0.012677
0.0132819
0.0121055
0.0127362
0.0145597
0.0143982
0.0134403
0.0141279
0.0152178
0.0148935
0.0140827
0.0141254
0.0144495
0.0142897
0.00442946
0.00827623
0.00946026
0.00973306
0.00929553
0.0103091
0.0126151
0.0132787
0.012131
0.0126348
0.0144835
0.0144424
0.0133732
0.0139344
0.0151477
0.0149276
0.0139821
0.0139241
0.0143434
0.0142736
0.00464853
0.00824456
0.00955162
0.00978783
0.00935614
0.0103181
0.0125544
0.0132744
0.0121632
0.0125329
0.0143871
0.0144874
0.0133302
0.0137252
0.0150398
0.0149756
0.0139198
0.0137084
0.0142129
0.0142809
0.00487356
0.00821737
0.00963665
0.00984798
0.00941432
0.0103288
0.0124995
0.0132679
0.0122034
0.0124334
0.0142682
0.0145277
0.0133159
0.0135109
0.0148858
0.0150207
0.0139015
0.0134949
0.0140526
0.0143022
0.00510435
0.00819555
0.00971437
0.00991354
0.00947109
0.0103404
0.0124347
0.0132585
0.0122498
0.0123395
0.0141284
0.0145564
0.0133304
0.0133015
0.0146874
0.0150482
0.0139228
0.0132967
0.0138596
0.0143284
0.00534053
0.00818
0.00978394
0.00998462
0.00952771
0.0103522
0.0123702
0.0132469
0.0123013
0.0122529
0.0139719
0.0145684
0.0133709
0.0131083
0.0144496
0.0150442
0.0139791
0.0131248
0.0136224
0.0143476
0.00558175
0.00817166
0.00984436
0.0100631
0.00958473
0.0103633
0.012307
0.0132313
0.0123575
0.0121754
0.013801
0.0145616
0.0134284
0.0129477
0.014188
0.0149979
0.0140815
0.0130328
0.0133535
0.0142431
0.00582743
0.00817154
0.00989489
0.0101453
0.0096438
0.0103732
0.0122455
0.013212
0.0124166
0.0121104
0.0136208
0.0145296
0.0134996
0.0128231
0.0139178
0.0149182
0.0142067
0.0130074
0.0130698
0.0140141
0.00607697
0.0081804
0.00993517
0.0102314
0.00970661
0.0103806
0.0121864
0.0131901
0.0124746
0.0120598
0.0134363
0.0144702
0.0135796
0.0127346
0.0136508
0.0148058
0.0143268
0.0130309
0.0128095
0.0136741
0.00632963
0.00819938
0.00996482
0.0103215
0.00977449
0.0103852
0.0121289
0.0131655
0.0125318
0.0120222
0.013252
0.0143884
0.0136549
0.0126832
0.0133988
0.0146377
0.0143887
0.0130708
0.0125684
0.0133458
0.00658438
0.00822926
0.00998395
0.0104144
0.00985005
0.0103866
0.0120704
0.0131409
0.0125898
0.0119949
0.0130718
0.0142848
0.0137257
0.0126657
0.0131675
0.0144288
0.0144246
0.0131601
0.0124088
0.0129408
0.00684021
0.00827098
0.00999313
0.0105082
0.00993536
0.0103842
0.0120103
0.0131176
0.012646
0.0119794
0.0129006
0.0141572
0.0137823
0.0126813
0.012959
0.0141681
0.0143941
0.0132716
0.0123189
0.0125969
0.00709594
0.00832537
0.00999358
0.0106001
0.010032
0.0103802
0.0119447
0.0130944
0.0127044
0.0119774
0.0127331
0.0140031
0.013826
0.0127297
0.0127653
0.0138681
0.0143051
0.0133803
0.0123179
0.0123516
0.00735014
0.00839305
0.00998712
0.0106872
0.0101412
0.0103767
0.0118698
0.013071
0.0127692
0.0119848
0.0125686
0.0138317
0.0138531
0.0127926
0.0125998
0.0135625
0.0141557
0.013466
0.0123881
0.0122044
0.00760167
0.00847468
0.00997591
0.0107666
0.0102625
0.0103769
0.0117848
0.0130439
0.0128387
0.0120063
0.0124111
0.0136386
0.0138475
0.0128748
0.0124868
0.0132603
0.0139452
0.0135198
0.0125073
0.0121383
0.00784921
0.00857047
0.0099629
0.0108353
0.010394
0.0103858
0.0116893
0.0130064
0.0129129
0.0120473
0.0122617
0.0134227
0.0138116
0.012973
0.0124229
0.0129745
0.0136938
0.0135286
0.0126475
0.0121358
0.00809152
0.00868044
0.00995103
0.010891
0.0105333
0.010408
0.0115847
0.0129525
0.0129881
0.0121095
0.0121278
0.0131933
0.0137384
0.0130675
0.0124114
0.0127351
0.0134201
0.0134708
0.0127808
0.0121898
0.00832755
0.00880399
0.00994396
0.0109321
0.0106755
0.0104483
0.0114753
0.0128739
0.0130578
0.0121967
0.0120203
0.0129558
0.0136242
0.0131501
0.012447
0.0125526
0.0131401
0.0133437
0.0128874
0.012297
0.00855638
0.00894027
0.00994506
0.0109576
0.0108155
0.01051
0.0113665
0.0127671
0.0131131
0.0123059
0.0119493
0.0127201
0.0134712
0.0132072
0.0125111
0.0124299
0.012887
0.0131665
0.0129355
0.0124351
0.00877722
0.0090878
0.00995738
0.0109682
0.0109474
0.0105942
0.0112662
0.0126315
0.0131423
0.0124303
0.0119252
0.0125018
0.0132824
0.0132251
0.0125939
0.0123643
0.012681
0.0129683
0.0129034
0.0125656
0.00898932
0.00924465
0.00998371
0.0109656
0.0110655
0.0107002
0.0111826
0.0124705
0.0131364
0.0125609
0.0119483
0.012318
0.0130706
0.0131947
0.0126817
0.0123444
0.0125197
0.0127813
0.0128116
0.0126488
0.00919241
0.00940798
0.0100256
0.0109536
0.0111647
0.0108236
0.0111243
0.0122895
0.0130879
0.0126838
0.0120123
0.0121806
0.0128547
0.0131145
0.0127536
0.0123637
0.0123998
0.0126251
0.0127019
0.0126595
0.00938664
0.00957456
0.0100835
0.0109379
0.0112411
0.0109562
0.0111
0.0121052
0.0129918
0.012784
0.0121124
0.0120944
0.0126524
0.012995
0.0127905
0.012414
0.0123244
0.0124898
0.0125976
0.0126196
0.00957199
0.0097416
0.0101567
0.0109237
0.0112943
0.0110864
0.0111139
0.0119389
0.0128523
0.012844
0.0122356
0.0120604
0.012476
0.0128511
0.0127845
0.0124734
0.0122977
0.0123729
0.0125024
0.0125698
0.00974861
0.00990614
0.0102437
0.0109157
0.0113268
0.0112042
0.0111626
0.0118028
0.012683
0.0128534
0.0123596
0.0120736
0.0123382
0.0127004
0.0127405
0.0125156
0.012312
0.0122903
0.0124073
0.0125225
0.00991707
0.0100655
0.0103419
0.0109176
0.0113431
0.0113048
0.0112338
0.0117072
0.0125112
0.0128156
0.0124636
0.0121237
0.012247
0.0125584
0.0126701
0.0125275
0.0123423
0.0122557
0.0123191
0.0124675
0.0100777
0.0102179
0.0104479
0.010932
0.011349
0.0113859
0.0113167
0.0116799
0.0123563
0.0127409
0.0125352
0.0121916
0.0121979
0.012437
0.0125861
0.0125148
0.0123663
0.0122615
0.0122623
0.0124061
0.0102309
0.0103622
0.0105576
0.0109596
0.0113502
0.0114472
0.0113989
0.0116589
0.0122256
0.0126436
0.0125711
0.0122624
0.0121839
0.0123437
0.0125002
0.0124853
0.0123735
0.0122819
0.012247
0.0123533
0.0103768
0.0104979
0.0106677
0.0109998
0.0113515
0.0114909
0.0114744
0.0116633
0.0121247
0.0125387
0.0125723
0.0123266
0.0121989
0.0122809
0.0124205
0.012446
0.0123659
0.0122946
0.0122581
0.0123272
0.0105154
0.0106248
0.0107755
0.0110511
0.011356
0.0115201
0.0115399
0.0116844
0.0120543
0.0124402
0.0125467
0.0123731
0.0122324
0.0122487
0.0123531
0.0124031
0.0123513
0.012295
0.0122758
0.0123296
0.0106465
0.0107427
0.0108785
0.0111106
0.0113668
0.0115388
0.011593
0.0117148
0.0120109
0.0123579
0.012506
0.0123991
0.0122725
0.0122451
0.0123036
0.0123609
0.0123368
0.0122894
0.0122859
0.0123436
0.0107698
0.0108523
0.010975
0.0111746
0.0113844
0.0115519
0.0116346
0.0117475
0.01199
0.0122944
0.0124618
0.0124094
0.0123087
0.0122625
0.0122782
0.0123252
0.0123259
0.012287
0.0122893
0.0123569
0.0108849
0.010953
0.0110637
0.0112409
0.0114087
0.0115618
0.0116657
0.0117807
0.011986
0.0122483
0.0124199
0.0124113
0.0123386
0.0122911
0.0122783
0.0123028
0.012319
0.0122923
0.0122947
0.0123684
0.010991
0.0110458
0.0111436
0.0113055
0.0114393
0.0115721
0.0116869
0.0118117
0.0119961
0.0122195
0.0123833
0.0124099
0.0123647
0.0123243
0.0122993
0.0122999
0.0123189
0.0123069
0.0123087
0.0123811
0.011087
0.0111296
0.0112151
0.0113657
0.0114734
0.0115854
0.0117021
0.0118347
0.0120134
0.0122075
0.0123566
0.0124093
0.01239
0.01236
0.0123365
0.0123208
0.0123323
0.0123305
0.0123342
0.0124017
0.0111719
0.0112049
0.0112772
0.0114199
0.0115084
0.0116004
0.0117154
0.0118542
0.0120294
0.0122064
0.0123446
0.0124133
0.0124181
0.012401
0.0123866
0.012367
0.012368
0.0123691
0.0123764
0.0124381
0.011244
0.0112708
0.0113304
0.0114655
0.0115428
0.0116184
0.0117256
0.0118714
0.0120463
0.0122074
0.0123427
0.0124253
0.0124499
0.0124503
0.01245
0.01244
0.0124373
0.0124393
0.0124515
0.0125092
0.011301
0.0113252
0.0113762
0.0115027
0.0115721
0.0116385
0.0117361
0.0118819
0.0120627
0.0122121
0.0123384
0.0124345
0.0124738
0.0124938
0.0125082
0.0125055
0.0125068
0.0125141
0.0125456
0.0126232
0.0113428
0.0113698
0.0114122
0.0115339
0.0115997
0.0116573
0.0117482
0.011897
0.0120923
0.0122587
0.0124011
0.0125328
0.012613
0.0126665
0.0127031
0.0126888
0.0126436
0.0125762
0.0125196
0.0125069
0.0113669
0.0113849
0.0114238
0.0115487
0.0116269
0.0116753
0.0117289
0.0118281
0.0119528
0.01207
0.0122203
0.0124161
0.0125928
0.0127396
0.0128877
0.0130221
0.0131847
0.0133785
0.0135873
0.0137632
0.0113804
0.0114016
0.0114533
0.0115767
0.0116598
0.0117213
0.0118037
0.011954
0.0121551
0.0123338
0.012486
0.0126355
0.0127497
0.012819
0.012886
0.0128892
0.0128294
0.0127327
0.0126313
0.0125694
0.0113105
0.0113311
0.0114285
0.0116094
0.0117184
0.0117737
0.0118394
0.0119597
0.0121076
0.0122595
0.0123894
0.0125091
0.0126597
0.0127913
0.0129655
0.0131818
0.0134012
0.0136138
0.013797
0.0139213
0.011317
0.0113403
0.0114482
0.0116322
0.011744
0.0118016
0.0118601
0.0119879
0.0121566
0.0123395
0.0125198
0.0126571
0.0128115
0.0129528
0.0130907
0.0132432
0.0133797
0.0134863
0.0135531
0.0135635
0.0255809
0.0202503
0.0123353
0.00637664
0.00489314
0.00600586
0.00756418
0.00891846
0.00990545
0.0104772
0.0107795
0.0110055
0.0112209
0.0114345
0.0115697
0.0116889
0.0120312
0.0124827
0.01275
0.0128899
0.0130772
0.0133897
0.0137802
0.0140937
0.014303
0.0145431
0.0148251
0.0150372
0.0152769
0.0156471
0.016006
0.016337
0.0167234
0.0171345
0.0174907
0.017748
0.0179614
0.0181783
0.018373
0.0185521
0.0188163
0.0191826
0.0195161
0.0198314
0.02018
0.0205214
0.020873
0.0212804
0.021757
0.0222376
0.0226154
0.0227944
0.0226985
0.0226055
0.0230181
0.0238475
0.0245717
0.0250805
0.0254993
0.0258941
0.026265
0.0266105
0.0270316
0.0275288
0.0279412
0.0283646
0.0288531
0.0293062
0.0298005
0.0303259
0.030816
0.0313228
0.0319351
0.0325041
0.0330708
0.0336408
0.0342457
0.0348478
0.0354645
0.0360938
0.036716
0.0373653
0.0380261
0.0387603
0.0394473
0.0401678
0.0408474
0.0415453
0.0422933
0.0430479
0.0438602
0.0446313
0.0454005
0.0462328
0.046987
0.0477997
0.0485974
0.0493942
0.0501501
0.0506678
0.0249051
0.0201011
0.0124221
0.00653933
0.00498904
0.0060476
0.00758871
0.0089368
0.00992053
0.0104897
0.0107897
0.0110138
0.0112278
0.0114404
0.0115747
0.0116927
0.0120345
0.0124862
0.0127534
0.0128927
0.0130796
0.0133917
0.0137823
0.0140957
0.0143047
0.0145446
0.0148267
0.0150386
0.0152781
0.0156483
0.0160072
0.0163381
0.0167244
0.0171355
0.0174917
0.0177491
0.0179623
0.0181793
0.018374
0.018553
0.0188171
0.0191835
0.019517
0.0198322
0.0201808
0.0205221
0.0208736
0.0212809
0.0217575
0.0222381
0.022616
0.0227952
0.0226992
0.0226058
0.0230183
0.0238478
0.0245721
0.0250809
0.0254996
0.0258944
0.0262654
0.0266108
0.0270318
0.0275291
0.0279415
0.0283649
0.0288534
0.0293064
0.0298007
0.0303261
0.0308162
0.031323
0.0319352
0.0325042
0.0330709
0.033641
0.0342459
0.034848
0.0354647
0.036094
0.0367162
0.0373655
0.0380262
0.0387604
0.0394475
0.0401679
0.0408476
0.0415454
0.0422934
0.043048
0.0438603
0.0446314
0.0454006
0.0462329
0.0469871
0.0477998
0.0485975
0.0493943
0.0501502
0.0506679
0.024283
0.0199149
0.0125718
0.00682822
0.00515742
0.00610873
0.00761516
0.00895385
0.00993408
0.0105016
0.0108005
0.0110234
0.0112359
0.0114472
0.0115803
0.0116968
0.0120377
0.0124893
0.0127562
0.0128953
0.0130819
0.0133937
0.0137842
0.0140975
0.0143062
0.0145459
0.0148281
0.0150398
0.015279
0.0156492
0.0160082
0.0163389
0.0167252
0.0171363
0.0174927
0.01775
0.017963
0.0181801
0.0183748
0.0185536
0.0188176
0.0191842
0.0195177
0.0198328
0.0201813
0.0205227
0.0208741
0.0212814
0.021758
0.0222387
0.0226167
0.0227959
0.0226997
0.0226058
0.0230182
0.0238481
0.0245726
0.0250812
0.0255
0.0258947
0.0262657
0.026611
0.027032
0.0275293
0.0279417
0.028365
0.0288535
0.0293066
0.0298009
0.0303263
0.0308164
0.0313231
0.0319354
0.0325044
0.0330711
0.0336411
0.034246
0.0348481
0.0354648
0.0360941
0.0367163
0.0373656
0.0380264
0.0387605
0.0394476
0.040168
0.0408477
0.0415455
0.0422935
0.0430481
0.0438604
0.0446315
0.0454006
0.046233
0.0469872
0.0477999
0.0485976
0.0493944
0.0501503
0.0506679
0.0236806
0.0197109
0.0127591
0.00719865
0.00540115
0.00620639
0.00766027
0.00898185
0.00995357
0.0105166
0.0108137
0.0110355
0.0112467
0.0114572
0.0115896
0.0117047
0.0120433
0.0124931
0.0127593
0.0128986
0.0130855
0.0133968
0.0137868
0.0140998
0.0143082
0.0145477
0.0148297
0.0150412
0.01528
0.0156503
0.0160092
0.0163399
0.0167262
0.0171373
0.0174937
0.0177509
0.0179638
0.0181809
0.0183756
0.0185541
0.018818
0.0191849
0.0195185
0.0198334
0.020182
0.0205233
0.0208746
0.0212818
0.0217584
0.0222393
0.0226175
0.0227968
0.0227003
0.0226056
0.0230179
0.0238486
0.0245732
0.0250817
0.0255003
0.0258951
0.026266
0.0266112
0.0270322
0.0275296
0.0279419
0.0283652
0.0288538
0.0293067
0.029801
0.0303265
0.0308166
0.0313232
0.0319355
0.0325046
0.0330712
0.0336413
0.0342462
0.0348483
0.0354649
0.0360942
0.0367164
0.0373657
0.0380265
0.0387606
0.0394477
0.0401681
0.0408478
0.0415456
0.0422936
0.0430482
0.0438605
0.0446316
0.0454007
0.0462331
0.0469873
0.0478
0.0485977
0.0493945
0.0501504
0.0506681
0.0230751
0.0194895
0.0129619
0.00759696
0.00567676
0.00632361
0.0077169
0.00901875
0.00997916
0.0105351
0.0108296
0.0110505
0.0112604
0.0114701
0.0116033
0.0117179
0.0120529
0.0124981
0.0127628
0.0129034
0.0130912
0.0134017
0.0137903
0.0141029
0.0143113
0.0145505
0.0148321
0.0150431
0.0152815
0.0156514
0.0160102
0.016341
0.0167274
0.0171385
0.0174949
0.0177519
0.0179646
0.0181818
0.0183766
0.0185546
0.0188183
0.0191856
0.0195193
0.0198341
0.0201826
0.020524
0.0208753
0.0212824
0.021759
0.02224
0.0226184
0.0227979
0.0227008
0.0226052
0.0230176
0.0238491
0.024574
0.0250822
0.0255007
0.0258955
0.0262663
0.0266114
0.0270324
0.0275299
0.0279422
0.0283654
0.028854
0.0293069
0.0298012
0.0303267
0.0308167
0.0313233
0.0319357
0.0325048
0.0330714
0.0336414
0.0342463
0.0348484
0.0354651
0.0360944
0.0367165
0.0373658
0.0380266
0.0387608
0.0394478
0.0401683
0.0408479
0.0415456
0.0422937
0.0430483
0.0438606
0.0446317
0.0454008
0.0462332
0.0469874
0.0478001
0.0485978
0.0493946
0.0501507
0.0506682
0.022473
0.0192552
0.0131604
0.00799927
0.00596704
0.00644997
0.00777767
0.00906023
0.0100093
0.0105566
0.0108476
0.0110672
0.0112754
0.0114845
0.01162
0.0117361
0.0120666
0.012505
0.0127672
0.0129101
0.0130996
0.0134086
0.0137947
0.0141067
0.0143157
0.0145548
0.0148356
0.0150461
0.0152837
0.0156527
0.0160111
0.016342
0.0167286
0.0171397
0.0174961
0.0177528
0.0179655
0.0181831
0.0183778
0.0185552
0.0188186
0.0191864
0.0195203
0.0198347
0.0201831
0.0205247
0.020876
0.0212831
0.0217597
0.0222408
0.0226196
0.0227992
0.0227014
0.0226048
0.0230173
0.0238498
0.0245749
0.0250827
0.0255012
0.025896
0.0262668
0.0266117
0.0270326
0.0275303
0.0279426
0.0283656
0.0288543
0.0293071
0.0298014
0.0303269
0.0308169
0.0313234
0.0319359
0.032505
0.0330715
0.0336416
0.0342465
0.0348486
0.0354652
0.0360945
0.0367167
0.0373659
0.0380267
0.0387609
0.039448
0.0401684
0.0408481
0.0415457
0.0422938
0.0430484
0.0438607
0.0446318
0.0454009
0.0462333
0.0469875
0.0478001
0.048598
0.0493948
0.050151
0.0506683
0.0218882
0.0190051
0.0133393
0.0083974
0.00627073
0.00658568
0.00784142
0.00910476
0.0100434
0.0105812
0.0108674
0.011085
0.0112911
0.0114993
0.0116379
0.011757
0.0120833
0.0125135
0.0127727
0.0129186
0.0131107
0.0134175
0.0137999
0.0141109
0.0143212
0.0145605
0.0148406
0.0150506
0.0152873
0.0156545
0.0160118
0.0163429
0.0167296
0.0171408
0.0174971
0.0177536
0.0179664
0.0181846
0.0183794
0.018556
0.018819
0.0191874
0.0195217
0.0198355
0.0201836
0.0205253
0.0208768
0.0212837
0.0217604
0.0222418
0.0226211
0.0228008
0.0227021
0.0226043
0.0230169
0.0238506
0.0245759
0.0250834
0.0255017
0.0258966
0.0262673
0.0266121
0.027033
0.0275307
0.027943
0.0283659
0.0288546
0.0293074
0.0298017
0.0303272
0.0308171
0.0313236
0.0319362
0.0325052
0.0330717
0.0336418
0.0342466
0.0348488
0.0354654
0.0360947
0.0367168
0.0373661
0.0380268
0.0387611
0.0394482
0.0401686
0.0408482
0.0415458
0.0422939
0.0430485
0.0438609
0.0446319
0.045401
0.0462334
0.0469876
0.0478002
0.0485982
0.049395
0.0501514
0.0506685
0.0213257
0.0187333
0.0134933
0.00879264
0.00659148
0.00673357
0.00790861
0.00915173
0.0100812
0.0106091
0.0108893
0.011104
0.0113074
0.0115144
0.0116562
0.0117789
0.0121015
0.0125234
0.0127794
0.0129288
0.013124
0.0134283
0.0138058
0.0141152
0.014327
0.0145671
0.0148469
0.0150569
0.0152926
0.0156571
0.0160129
0.0163438
0.0167304
0.0171413
0.0174976
0.0177539
0.017967
0.0181863
0.0183814
0.0185572
0.0188197
0.0191888
0.0195236
0.0198367
0.020184
0.0205259
0.0208774
0.0212842
0.0217608
0.0222427
0.0226228
0.0228027
0.0227031
0.022604
0.0230168
0.0238516
0.0245769
0.0250839
0.0255023
0.0258973
0.026268
0.0266126
0.0270335
0.0275313
0.0279435
0.0283664
0.028855
0.0293078
0.0298021
0.0303276
0.0308173
0.0313237
0.0319365
0.0325055
0.0330719
0.0336419
0.0342468
0.034849
0.0354656
0.0360949
0.0367169
0.0373662
0.0380269
0.0387612
0.0394483
0.0401687
0.0408484
0.0415459
0.0422941
0.0430486
0.043861
0.0446321
0.045401
0.0462336
0.0469877
0.0478003
0.0485984
0.0493953
0.050152
0.0506687
0.0207868
0.0184466
0.0136278
0.00918644
0.00692864
0.00689403
0.00797918
0.0092004
0.0101223
0.0106403
0.0109133
0.0111243
0.0113247
0.0115302
0.011675
0.0118016
0.0121205
0.0125342
0.0127871
0.0129401
0.0131387
0.0134405
0.0138124
0.0141196
0.0143327
0.0145738
0.0148538
0.0150645
0.0152994
0.0156609
0.0160145
0.016345
0.0167309
0.0171411
0.0174974
0.0177535
0.0179671
0.0181878
0.0183835
0.0185585
0.0188207
0.0191909
0.0195262
0.0198386
0.0201849
0.0205267
0.0208782
0.0212843
0.0217607
0.0222431
0.0226244
0.0228048
0.0227045
0.0226042
0.0230171
0.0238528
0.0245779
0.0250844
0.0255028
0.025898
0.0262687
0.0266132
0.0270342
0.027532
0.0279441
0.0283669
0.0288555
0.0293082
0.0298026
0.0303281
0.0308176
0.031324
0.0319369
0.0325058
0.0330721
0.0336422
0.034247
0.0348492
0.0354658
0.036095
0.0367171
0.0373664
0.0380271
0.0387614
0.0394485
0.0401689
0.0408485
0.041546
0.0422942
0.0430487
0.0438612
0.0446323
0.0454012
0.0462337
0.0469879
0.0478004
0.0485988
0.0493957
0.0501526
0.050669
0.0202791
0.01816
0.0137466
0.00957279
0.00727704
0.00706693
0.00805345
0.00924991
0.0101655
0.0106744
0.0109397
0.011146
0.0113428
0.0115467
0.0116946
0.0118251
0.0121406
0.0125458
0.0127954
0.0129522
0.0131543
0.0134537
0.0138197
0.0141242
0.0143383
0.0145804
0.0148608
0.0150728
0.0153073
0.0156655
0.0160166
0.0163464
0.0167313
0.0171405
0.0174964
0.0177523
0.0179666
0.018189
0.0183853
0.0185597
0.0188219
0.0191934
0.0195296
0.0198412
0.0201865
0.0205281
0.0208792
0.0212843
0.0217599
0.0222426
0.0226252
0.0228067
0.022706
0.0226049
0.0230181
0.0238546
0.0245791
0.0250846
0.0255031
0.0258986
0.0262693
0.026614
0.027035
0.0275328
0.0279449
0.0283677
0.0288561
0.0293087
0.0298032
0.0303287
0.030818
0.0313244
0.0319374
0.0325062
0.0330724
0.0336424
0.0342473
0.0348494
0.035466
0.0360952
0.0367172
0.0373665
0.0380273
0.0387616
0.0394487
0.040169
0.0408487
0.0415461
0.0422944
0.0430489
0.0438614
0.0446325
0.0454013
0.0462339
0.0469881
0.0478005
0.0485991
0.0493963
0.0501534
0.0506693
0.0198121
0.0178831
0.0138476
0.00994419
0.00763241
0.00725288
0.00813182
0.00929878
0.0102088
0.0107102
0.0109679
0.0111691
0.0113618
0.0115641
0.0117151
0.0118497
0.0121617
0.0125581
0.0128042
0.0129648
0.0131707
0.0134677
0.0138276
0.0141291
0.0143441
0.0145869
0.0148676
0.0150812
0.0153159
0.0156709
0.0160193
0.0163482
0.0167318
0.0171394
0.0174946
0.0177504
0.0179655
0.0181898
0.0183866
0.0185604
0.018823
0.0191963
0.0195335
0.0198444
0.0201887
0.0205302
0.0208807
0.0212842
0.0217584
0.0222409
0.0226249
0.0228076
0.022707
0.0226058
0.02302
0.0238574
0.0245808
0.0250848
0.0255032
0.0258988
0.0262698
0.0266147
0.0270359
0.0275336
0.0279459
0.0283686
0.0288568
0.0293094
0.029804
0.0303294
0.0308186
0.031325
0.031938
0.0325066
0.0330728
0.0336428
0.0342476
0.0348498
0.0354663
0.0360954
0.0367173
0.0373667
0.0380274
0.0387619
0.0394489
0.0401692
0.0408489
0.0415462
0.0422946
0.043049
0.0438617
0.0446327
0.0454014
0.046234
0.0469883
0.0478006
0.0485996
0.049397
0.0501542
0.0506697
0.0193875
0.0176186
0.0139285
0.0102967
0.00799126
0.0074512
0.00821381
0.00934527
0.01025
0.0107465
0.0109977
0.0111933
0.0113817
0.0115822
0.0117367
0.0118755
0.0121838
0.0125712
0.0128134
0.0129778
0.0131876
0.0134822
0.0138358
0.0141344
0.0143502
0.0145937
0.0148745
0.0150896
0.0153248
0.0156769
0.0160223
0.0163501
0.0167322
0.0171379
0.017492
0.0177476
0.0179638
0.0181903
0.0183875
0.0185604
0.0188238
0.0191995
0.0195378
0.0198478
0.0201913
0.020533
0.0208828
0.0212843
0.0217564
0.0222381
0.0226231
0.022807
0.0227068
0.0226061
0.0230224
0.0238614
0.0245834
0.0250854
0.025503
0.0258987
0.0262698
0.0266152
0.0270367
0.0275344
0.0279469
0.0283698
0.0288575
0.0293101
0.0298049
0.0303302
0.0308193
0.0313258
0.0319389
0.0325073
0.0330732
0.0336432
0.0342479
0.0348502
0.0354668
0.0360957
0.0367175
0.0373669
0.0380276
0.0387621
0.0394491
0.0401695
0.0408491
0.0415463
0.0422947
0.0430492
0.0438619
0.0446329
0.0454016
0.0462342
0.0469886
0.0478007
0.0486002
0.0493979
0.0501552
0.0506702
0.0190003
0.017367
0.0139903
0.010628
0.00834928
0.00765986
0.0082988
0.00938839
0.0102879
0.0107824
0.0110289
0.0112191
0.0114026
0.0116013
0.0117591
0.0119024
0.0122072
0.012585
0.012823
0.0129912
0.0132051
0.0134973
0.0138445
0.01414
0.0143568
0.014601
0.0148815
0.0150982
0.0153342
0.0156835
0.0160259
0.0163525
0.0167328
0.017136
0.0174886
0.0177441
0.0179617
0.0181906
0.0183881
0.0185598
0.0188241
0.0192028
0.0195422
0.0198511
0.020194
0.0205363
0.0208854
0.0212844
0.0217538
0.0222341
0.0226198
0.0228046
0.0227048
0.022605
0.0230244
0.0238663
0.0245872
0.0250865
0.0255028
0.0258981
0.0262693
0.0266153
0.0270375
0.0275351
0.0279479
0.028371
0.0288583
0.0293109
0.0298059
0.0303309
0.03082
0.0313269
0.0319401
0.0325081
0.0330739
0.0336437
0.0342484
0.0348507
0.0354673
0.0360961
0.0367177
0.0373671
0.0380278
0.0387623
0.0394493
0.0401697
0.0408493
0.0415464
0.0422949
0.0430493
0.0438621
0.0446332
0.0454018
0.0462344
0.046989
0.0478007
0.0486008
0.0493991
0.0501564
0.0506707
0.0186439
0.0171293
0.0140343
0.0109353
0.00870229
0.00787756
0.00838761
0.00942867
0.010322
0.0108179
0.0110618
0.011247
0.011425
0.0116213
0.0117824
0.0119303
0.0122318
0.0125998
0.0128331
0.013005
0.013223
0.0135128
0.0138535
0.0141458
0.0143638
0.0146088
0.014889
0.0151072
0.0153444
0.0156909
0.0160301
0.0163553
0.0167337
0.017134
0.0174845
0.0177398
0.017959
0.0181907
0.0183885
0.0185588
0.0188238
0.0192061
0.0195469
0.0198543
0.0201963
0.0205396
0.0208883
0.0212845
0.0217507
0.0222287
0.0226147
0.0228005
0.0227009
0.0226019
0.0230252
0.0238712
0.0245917
0.0250882
0.0255027
0.0258972
0.0262683
0.026615
0.027038
0.0275357
0.027949
0.0283724
0.0288592
0.0293117
0.0298068
0.0303316
0.0308206
0.0313281
0.0319415
0.0325092
0.0330747
0.0336444
0.0342489
0.0348512
0.0354679
0.0360967
0.0367181
0.0373674
0.038028
0.0387624
0.0394495
0.04017
0.0408497
0.0415466
0.042295
0.0430493
0.0438623
0.0446334
0.045402
0.0462346
0.0469894
0.0478009
0.0486015
0.0494004
0.0501577
0.0506713
0.0183124
0.0169062
0.0140618
0.0112158
0.0090476
0.00810495
0.00848275
0.00946769
0.0103528
0.0108526
0.0110969
0.0112775
0.0114494
0.0116423
0.0118063
0.0119592
0.0122577
0.0126155
0.0128438
0.0130193
0.0132415
0.0135288
0.0138629
0.014152
0.0143713
0.014617
0.0148968
0.0151168
0.0153554
0.0156992
0.016035
0.0163587
0.016735
0.0171321
0.0174799
0.0177347
0.017956
0.0181908
0.0183889
0.0185574
0.0188231
0.0192094
0.0195517
0.0198573
0.0201981
0.0205426
0.0208913
0.0212846
0.0217469
0.0222219
0.0226078
0.0227945
0.0226953
0.0225968
0.0230241
0.0238754
0.0245963
0.0250902
0.0255025
0.0258959
0.0262668
0.0266144
0.0270385
0.0275363
0.02795
0.0283737
0.0288601
0.0293126
0.0298079
0.030332
0.0308211
0.0313293
0.0319431
0.0325105
0.0330758
0.0336453
0.0342496
0.0348517
0.0354685
0.0360973
0.0367187
0.0373678
0.0380281
0.0387625
0.0394496
0.0401703
0.0408501
0.041547
0.0422952
0.0430493
0.0438624
0.0446335
0.0454021
0.0462347
0.0469899
0.047801
0.0486023
0.0494018
0.050159
0.0506719
0.0180001
0.0166982
0.0140742
0.0114682
0.00938421
0.00834393
0.00858721
0.00950727
0.0103805
0.0108866
0.0111342
0.0113112
0.0114761
0.0116646
0.0118309
0.0119891
0.0122848
0.0126323
0.0128551
0.0130341
0.0132605
0.0135453
0.0138727
0.0141586
0.0143791
0.0146258
0.0149051
0.0151271
0.0153674
0.0157083
0.0160405
0.0163626
0.0167368
0.0171304
0.017475
0.0177289
0.0179526
0.0181908
0.0183894
0.0185559
0.018822
0.0192125
0.0195568
0.0198602
0.0201995
0.0205452
0.0208943
0.0212848
0.0217426
0.0222138
0.0225987
0.0227867
0.0226883
0.0225903
0.023021
0.023878
0.0246003
0.0250924
0.0255023
0.0258942
0.026265
0.0266137
0.027039
0.0275369
0.0279511
0.0283751
0.0288611
0.0293136
0.029809
0.0303324
0.0308212
0.0313304
0.0319448
0.0325119
0.0330769
0.0336464
0.0342504
0.0348523
0.035469
0.036098
0.0367195
0.0373685
0.0380284
0.0387624
0.0394497
0.0401704
0.0408505
0.0415474
0.0422956
0.0430493
0.0438624
0.0446336
0.0454023
0.0462348
0.0469905
0.0478013
0.0486032
0.0494034
0.0501605
0.0506726
0.0177022
0.0165053
0.0140745
0.0116922
0.00971151
0.0085959
0.00870367
0.00954933
0.0104058
0.0109194
0.0111736
0.011348
0.0115054
0.0116882
0.0118563
0.0120199
0.0123131
0.01265
0.012867
0.0130495
0.0132802
0.0135624
0.0138831
0.0141658
0.0143875
0.0146349
0.0149138
0.015138
0.0153801
0.0157181
0.0160466
0.0163671
0.0167391
0.017129
0.0174701
0.0177227
0.0179491
0.0181908
0.0183903
0.0185547
0.0188208
0.0192153
0.019562
0.0198632
0.0202006
0.0205475
0.0208974
0.0212853
0.0217379
0.0222044
0.0225877
0.0227772
0.0226808
0.0225835
0.0230165
0.0238787
0.0246031
0.0250943
0.0255019
0.0258923
0.0262602
0.026613
0.0270396
0.0275377
0.0279523
0.0283766
0.028862
0.0293146
0.0298101
0.0303327
0.0308211
0.0313313
0.0319465
0.0325134
0.0330782
0.0336475
0.0342513
0.0348529
0.0354695
0.0360986
0.0367204
0.0373694
0.0380287
0.0387624
0.0394496
0.0401704
0.0408508
0.041548
0.0422961
0.0430493
0.0438623
0.0446335
0.0454023
0.0462348
0.046991
0.0478017
0.0486044
0.0494051
0.0501619
0.0506733
0.0174148
0.0163274
0.0140666
0.0118887
0.0100281
0.00886066
0.00883442
0.009596
0.0104294
0.0109508
0.0112147
0.0113882
0.0115376
0.0117135
0.0118826
0.0120518
0.0123425
0.0126686
0.0128796
0.0130655
0.0133006
0.0135801
0.013894
0.0141734
0.0143964
0.0146445
0.0149229
0.0151494
0.0153936
0.0157284
0.016053
0.0163719
0.0167419
0.0171281
0.0174653
0.0177164
0.0179457
0.018191
0.0183916
0.0185543
0.0188202
0.0192176
0.0195671
0.0198665
0.0202017
0.0205496
0.0209007
0.0212862
0.0217332
0.0221941
0.022575
0.0227662
0.0226736
0.0225779
0.0230121
0.0238778
0.0246045
0.0250958
0.0255013
0.0258902
0.0262583
0.0266127
0.0270405
0.0275385
0.0279536
0.0283782
0.028863
0.0293156
0.0298114
0.0303331
0.030821
0.0313319
0.0319481
0.0325149
0.0330794
0.0336488
0.0342523
0.0348536
0.0354699
0.0360991
0.0367213
0.0373704
0.0380292
0.0387622
0.0394494
0.0401702
0.0408511
0.0415486
0.0422968
0.0430493
0.0438621
0.0446333
0.0454023
0.0462347
0.0469915
0.0478021
0.0486057
0.049407
0.0501634
0.0506741
0.0171345
0.0161638
0.014055
0.0120586
0.0103312
0.00913641
0.00898139
0.00964959
0.0104526
0.0109803
0.0112566
0.0114315
0.0115729
0.0117406
0.0119098
0.0120847
0.0123731
0.0126882
0.012893
0.0130823
0.0133218
0.0135985
0.0139055
0.0141816
0.0144059
0.0146546
0.0149323
0.0151615
0.0154076
0.0157391
0.0160597
0.016377
0.016745
0.0171275
0.0174609
0.0177102
0.0179426
0.0181913
0.0183934
0.0185553
0.0188206
0.0192197
0.019572
0.0198701
0.0202031
0.0205516
0.0209042
0.0212876
0.0217288
0.0221836
0.0225611
0.0227545
0.0226677
0.0225753
0.0230094
0.023876
0.0246043
0.0250968
0.0255007
0.0258881
0.0262567
0.026613
0.0270416
0.0275392
0.0279547
0.0283799
0.0288642
0.0293167
0.0298126
0.0303337
0.0308211
0.0313326
0.0319495
0.0325162
0.0330806
0.03365
0.0342534
0.0348543
0.0354703
0.0360995
0.0367222
0.0373715
0.0380298
0.0387621
0.0394492
0.04017
0.0408511
0.0415491
0.0422976
0.0430494
0.0438617
0.044633
0.0454023
0.0462345
0.046992
0.0478025
0.0486071
0.0494091
0.0501649
0.0506748
0.0168592
0.0160131
0.0140441
0.0122035
0.0106172
0.00942039
0.00914599
0.00971223
0.0104765
0.0110079
0.0112986
0.0114775
0.0116113
0.0117696
0.0119381
0.0121186
0.012405
0.0127087
0.0129071
0.0130999
0.0133438
0.0136178
0.0139177
0.0141902
0.0144159
0.0146652
0.0149421
0.015174
0.015422
0.0157502
0.0160668
0.0163823
0.0167485
0.0171274
0.0174569
0.0177044
0.0179398
0.018192
0.0183961
0.018558
0.0188225
0.0192217
0.0195765
0.0198741
0.0202051
0.0205537
0.0209078
0.0212896
0.0217248
0.0221732
0.0225467
0.0227429
0.0226644
0.0225776
0.0230106
0.0238742
0.0246028
0.025097
0.0254998
0.0258859
0.0262555
0.0266141
0.027043
0.0275396
0.0279556
0.0283816
0.0288654
0.0293179
0.0298139
0.0303344
0.0308215
0.0313335
0.0319507
0.0325173
0.0330818
0.0336512
0.0342545
0.0348551
0.0354708
0.0360999
0.036723
0.0373726
0.0380305
0.0387619
0.0394489
0.0401697
0.040851
0.0415495
0.0422983
0.0430496
0.0438613
0.0446326
0.0454022
0.0462344
0.0469923
0.0478029
0.0486085
0.0494114
0.0501664
0.0506755
0.0165876
0.0158729
0.0140375
0.0123254
0.0108825
0.00970915
0.00932857
0.00978567
0.0105026
0.0110336
0.0113401
0.0115256
0.0116528
0.011801
0.0119679
0.0121539
0.012438
0.0127302
0.0129219
0.0131183
0.0133667
0.0136379
0.0139305
0.0141992
0.0144265
0.0146763
0.0149523
0.0151869
0.0154369
0.0157617
0.016074
0.0163879
0.0167524
0.0171278
0.0174533
0.0176991
0.0179373
0.0181929
0.0183995
0.0185623
0.0188261
0.0192238
0.0195806
0.0198787
0.0202077
0.0205561
0.0209115
0.021292
0.0217216
0.0221634
0.0225323
0.0227319
0.0226645
0.0225866
0.0230174
0.0238736
0.0246002
0.0250963
0.0254987
0.0258838
0.0262549
0.026616
0.0270447
0.0275397
0.0279563
0.0283834
0.0288668
0.0293195
0.0298153
0.0303352
0.0308225
0.0313348
0.0319517
0.0325182
0.0330829
0.0336524
0.0342556
0.0348559
0.0354713
0.0361004
0.0367239
0.0373737
0.0380314
0.0387617
0.0394486
0.0401694
0.0408508
0.0415498
0.0422987
0.0430498
0.0438606
0.044632
0.0454021
0.0462343
0.0469926
0.0478032
0.0486099
0.0494138
0.050168
0.0506763
0.0163192
0.0157388
0.0140385
0.012428
0.0111239
0.00999858
0.00952842
0.00987145
0.0105324
0.011058
0.01138
0.0115749
0.0116972
0.0118349
0.0119994
0.0121906
0.0124724
0.0127526
0.0129376
0.0131375
0.0133906
0.013659
0.0139441
0.0142088
0.0144377
0.0146881
0.0149632
0.0152002
0.015452
0.0157734
0.0160815
0.0163936
0.0167567
0.0171285
0.0174501
0.0176943
0.0179353
0.0181943
0.0184035
0.0185683
0.0188314
0.0192263
0.0195844
0.0198836
0.0202109
0.0205586
0.0209153
0.0212948
0.0217198
0.0221543
0.0225182
0.0227218
0.0226685
0.0226033
0.0230309
0.0238749
0.0245967
0.0250943
0.025497
0.0258816
0.0262547
0.0266185
0.0270467
0.0275397
0.0279569
0.0283852
0.0288683
0.0293213
0.0298167
0.0303362
0.030824
0.0313366
0.0319528
0.0325189
0.0330839
0.0336537
0.0342567
0.0348567
0.0354718
0.0361009
0.0367248
0.0373748
0.0380324
0.0387615
0.0394483
0.0401691
0.0408505
0.04155
0.0422989
0.04305
0.0438598
0.0446314
0.045402
0.0462341
0.0469929
0.0478036
0.048611
0.0494162
0.0501696
0.0506772
0.0160542
0.015605
0.0140489
0.0125162
0.0113387
0.0102843
0.00974447
0.00997088
0.0105674
0.0110817
0.011418
0.0116246
0.011744
0.0118715
0.0120331
0.0122291
0.0125081
0.012776
0.012954
0.0131576
0.0134154
0.013681
0.0139585
0.014219
0.0144496
0.0147007
0.0149747
0.015214
0.0154675
0.0157854
0.0160893
0.0163997
0.0167613
0.0171298
0.0174473
0.0176901
0.0179337
0.018196
0.0184082
0.018576
0.0188386
0.0192294
0.0195879
0.0198889
0.0202145
0.0205613
0.020919
0.0212977
0.0217177
0.0221457
0.0225048
0.0227126
0.0226763
0.022627
0.0230512
0.0238784
0.0245925
0.025091
0.0254948
0.0258794
0.0262548
0.0266213
0.0270489
0.0275395
0.0279575
0.0283872
0.02887
0.0293234
0.0298183
0.0303373
0.0308262
0.031339
0.0319538
0.0325195
0.0330849
0.0336549
0.0342579
0.0348576
0.0354724
0.0361015
0.0367258
0.037376
0.0380336
0.0387612
0.039448
0.0401688
0.0408503
0.0415503
0.0422989
0.0430503
0.0438589
0.0446307
0.0454018
0.0462339
0.0469932
0.0478042
0.0486121
0.0494187
0.0501712
0.0506782
0.0157959
0.0154655
0.0140687
0.0125957
0.011525
0.0105619
0.00997523
0.0100846
0.0106084
0.0111058
0.011454
0.0116741
0.0117928
0.0119105
0.012069
0.0122696
0.0125452
0.0128003
0.0129713
0.0131785
0.0134412
0.0137041
0.0139737
0.01423
0.0144621
0.0147141
0.014987
0.0152282
0.0154831
0.0157977
0.0160975
0.016406
0.0167663
0.0171316
0.0174449
0.0176864
0.0179325
0.0181982
0.0184136
0.0185853
0.0188474
0.0192333
0.0195912
0.0198943
0.0202186
0.020564
0.0209226
0.0213008
0.0217158
0.0221375
0.0224921
0.0227045
0.0226871
0.0226566
0.0230773
0.023884
0.0245877
0.0250865
0.025492
0.0258771
0.0262551
0.0266244
0.0270515
0.0275394
0.0279581
0.0283891
0.0288717
0.0293258
0.0298201
0.0303386
0.0308288
0.0313418
0.0319549
0.0325201
0.0330859
0.0336562
0.0342591
0.0348585
0.0354731
0.0361022
0.0367268
0.0373772
0.0380348
0.038761
0.0394476
0.0401685
0.04085
0.0415507
0.0422988
0.0430507
0.043858
0.04463
0.0454017
0.0462335
0.0469935
0.047805
0.0486131
0.0494212
0.050173
0.0506793
0.0155512
0.0153146
0.0140938
0.0126738
0.0116841
0.010826
0.0102183
0.0102129
0.0106564
0.0111319
0.0114885
0.0117227
0.0118428
0.0119516
0.0121074
0.0123127
0.0125842
0.0128256
0.0129893
0.0132002
0.013468
0.0137281
0.0139896
0.0142415
0.0144754
0.0147283
0.0150002
0.0152429
0.0154991
0.0158103
0.0161059
0.0164125
0.0167717
0.0171349
0.017443
0.0176832
0.0179316
0.0182007
0.0184196
0.0185959
0.0188576
0.0192378
0.0195945
0.0199
0.0202228
0.0205667
0.0209262
0.0213039
0.021714
0.0221295
0.0224798
0.0226972
0.0226999
0.0226907
0.0231079
0.0238914
0.0245825
0.0250809
0.0254886
0.0258747
0.0262553
0.0266276
0.0270541
0.0275393
0.0279589
0.0283912
0.0288736
0.0293283
0.0298221
0.03034
0.0308318
0.031345
0.031956
0.0325206
0.033087
0.0336576
0.0342603
0.0348595
0.0354739
0.036103
0.0367279
0.0373786
0.0380361
0.0387608
0.0394473
0.0401682
0.04085
0.0415513
0.0422989
0.0430511
0.0438571
0.0446294
0.0454016
0.046233
0.0469939
0.047806
0.0486142
0.0494238
0.0501749
0.0506804
0.015329
0.0151495
0.0141165
0.0127571
0.0118195
0.0110708
0.0104702
0.0103567
0.0107121
0.011161
0.0115227
0.0117699
0.011893
0.0119945
0.0121482
0.0123585
0.0126253
0.0128521
0.013008
0.0132227
0.0134958
0.0137534
0.0140065
0.0142538
0.0144894
0.0147434
0.0150142
0.0152581
0.0155153
0.0158233
0.0161147
0.0164193
0.0167775
0.0171377
0.0174414
0.0176805
0.0179309
0.0182036
0.0184264
0.0186073
0.0188687
0.0192428
0.0195978
0.0199058
0.0202273
0.0205693
0.0209297
0.0213069
0.0217123
0.0221215
0.0224681
0.0226905
0.022714
0.0227274
0.0231412
0.0239
0.0245771
0.0250747
0.0254848
0.0258722
0.0262556
0.0266308
0.0270568
0.0275393
0.0279598
0.0283933
0.0288755
0.0293311
0.0298242
0.0303416
0.0308351
0.0313483
0.0319573
0.0325212
0.0330881
0.033659
0.0342617
0.0348605
0.0354747
0.0361039
0.036729
0.0373801
0.0380375
0.0387607
0.039447
0.0401679
0.0408501
0.0415521
0.0422992
0.0430516
0.0438565
0.0446289
0.0454015
0.0462323
0.0469943
0.0478072
0.0486155
0.0494265
0.0501771
0.0506817
0.0151374
0.0149752
0.0141281
0.0128486
0.0119376
0.0112911
0.0107266
0.0105174
0.0107761
0.0111939
0.0115581
0.0118158
0.0119427
0.0120384
0.0121913
0.0124072
0.012669
0.0128799
0.0130274
0.0132458
0.0135245
0.0137797
0.0140243
0.0142669
0.0145041
0.0147594
0.015029
0.0152738
0.0155319
0.0158367
0.0161239
0.0164264
0.0167837
0.0171408
0.0174401
0.017678
0.0179303
0.0182067
0.0184338
0.0186194
0.0188803
0.0192484
0.0196015
0.0199117
0.0202319
0.020572
0.0209331
0.0213098
0.0217105
0.0221137
0.0224568
0.0226845
0.0227287
0.0227652
0.0231757
0.0239094
0.0245717
0.0250682
0.0254806
0.0258697
0.0262558
0.0266339
0.0270594
0.0275395
0.027961
0.0283956
0.0288775
0.029334
0.0298265
0.0303432
0.0308385
0.0313519
0.0319586
0.0325218
0.0330893
0.0336605
0.034263
0.0348616
0.0354756
0.0361048
0.0367302
0.0373818
0.0380388
0.0387607
0.0394467
0.0401675
0.0408503
0.0415531
0.0422997
0.0430523
0.043856
0.0446286
0.0454016
0.0462315
0.0469948
0.0478086
0.0486171
0.0494294
0.0501796
0.050683
0.0149807
0.014803
0.0141201
0.0129452
0.0120476
0.0114845
0.0109808
0.0106961
0.0108492
0.0112301
0.0115964
0.0118613
0.0119913
0.0120828
0.0122361
0.0124587
0.0127156
0.0129097
0.0130477
0.0132696
0.0135542
0.0138074
0.0140432
0.0142806
0.0145195
0.0147765
0.0150447
0.01529
0.0155488
0.0158504
0.0161335
0.0164338
0.0167903
0.0171444
0.0174392
0.0176758
0.0179299
0.0182101
0.0184418
0.0186317
0.018892
0.0192544
0.0196055
0.0199178
0.0202366
0.0205747
0.0209364
0.0213127
0.0217087
0.0221058
0.0224459
0.022679
0.0227435
0.0228031
0.0232104
0.0239193
0.0245665
0.0250616
0.0254763
0.0258672
0.0262559
0.0266369
0.0270621
0.0275397
0.0279623
0.0283979
0.0288796
0.029337
0.0298289
0.0303451
0.0308421
0.0313556
0.03196
0.0325225
0.0330905
0.033662
0.0342644
0.0348627
0.0354765
0.0361057
0.0367315
0.0373836
0.03804
0.0387608
0.0394464
0.0401671
0.0408508
0.0415542
0.0423006
0.043053
0.0438557
0.0446284
0.0454019
0.0462308
0.0469955
0.0478102
0.048619
0.0494325
0.0501825
0.0506844
0.0148544
0.014647
0.0140902
0.0130381
0.0121587
0.0116534
0.0112242
0.0108918
0.0109339
0.011269
0.0116388
0.0119081
0.0120382
0.0121269
0.0122823
0.0125124
0.0127652
0.012942
0.013069
0.0132938
0.0135848
0.0138364
0.0140633
0.014295
0.0145356
0.0147946
0.0150614
0.0153067
0.0155661
0.0158645
0.0161435
0.0164416
0.0167972
0.0171484
0.0174387
0.0176738
0.0179296
0.0182138
0.0184503
0.0186441
0.0189035
0.0192608
0.0196099
0.019924
0.0202414
0.0205774
0.0209397
0.0213154
0.0217069
0.022098
0.0224355
0.022674
0.0227584
0.0228405
0.0232447
0.0239296
0.0245615
0.025055
0.0254719
0.0258647
0.026256
0.0266398
0.0270647
0.02754
0.0279638
0.0284003
0.0288818
0.0293401
0.0298315
0.030347
0.0308457
0.0313594
0.0319615
0.0325233
0.0330918
0.0336635
0.0342659
0.0348639
0.0354775
0.0361067
0.0367329
0.0373854
0.0380413
0.038761
0.0394462
0.0401668
0.0408513
0.0415555
0.0423018
0.0430537
0.0438556
0.0446282
0.0454023
0.0462302
0.0469962
0.0478119
0.0486212
0.0494358
0.0501857
0.050686
0.0147464
0.0145192
0.014046
0.0131171
0.0122748
0.0118043
0.0114491
0.0111004
0.0110337
0.0113101
0.0116849
0.0119584
0.0120837
0.0121698
0.0123294
0.0125681
0.0128178
0.0129771
0.0130916
0.0133185
0.0136162
0.0138669
0.0140847
0.0143104
0.0145526
0.0148137
0.0150788
0.0153239
0.0155839
0.015879
0.0161539
0.0164497
0.0168043
0.0171528
0.0174386
0.0176721
0.0179294
0.0182178
0.0184594
0.0186566
0.0189147
0.0192673
0.0196149
0.0199304
0.0202462
0.0205801
0.0209431
0.0213181
0.021705
0.0220901
0.0224255
0.0226696
0.0227733
0.022877
0.0232783
0.02394
0.024557
0.0250486
0.0254674
0.0258622
0.0262561
0.0266427
0.0270672
0.0275405
0.0279655
0.0284029
0.028884
0.0293433
0.0298343
0.0303491
0.0308495
0.0313632
0.0319631
0.0325242
0.0330932
0.0336651
0.0342674
0.034865
0.0354785
0.0361078
0.0367344
0.0373874
0.0380425
0.0387613
0.039446
0.0401666
0.040852
0.0415569
0.0423032
0.0430545
0.0438557
0.0446281
0.0454028
0.0462297
0.0469971
0.0478139
0.0486236
0.0494393
0.0501893
0.0506876
0.0146408
0.0144209
0.014002
0.0131754
0.0123905
0.0119469
0.0116524
0.0113139
0.0111521
0.011355
0.011733
0.0120144
0.0121288
0.0122103
0.0123768
0.0126254
0.0128733
0.0130155
0.013116
0.0133436
0.0136485
0.0138989
0.0141073
0.0143265
0.0145704
0.014834
0.0150973
0.0153416
0.0156018
0.0158937
0.0161648
0.0164583
0.0168117
0.0171577
0.017439
0.0176706
0.0179294
0.018222
0.0184688
0.0186691
0.0189256
0.019274
0.0196204
0.0199371
0.0202511
0.0205829
0.0209464
0.0213208
0.021703
0.0220823
0.0224159
0.0226658
0.022788
0.0229125
0.023311
0.0239507
0.0245528
0.0250424
0.025463
0.0258598
0.0262561
0.0266455
0.0270698
0.027541
0.0279673
0.0284055
0.0288863
0.0293465
0.0298372
0.0303513
0.0308533
0.0313672
0.0319648
0.0325251
0.0330946
0.0336667
0.034269
0.0348663
0.0354796
0.0361089
0.0367361
0.0373893
0.0380438
0.0387617
0.0394459
0.0401664
0.0408527
0.0415584
0.0423048
0.0430553
0.0438559
0.0446281
0.0454033
0.0462293
0.0469981
0.047816
0.0486261
0.0494431
0.0501932
0.0506894
0.0145234
0.0143399
0.0139746
0.0132164
0.0124945
0.0120891
0.0118376
0.0115217
0.0112887
0.0114077
0.0117812
0.0120768
0.0121765
0.012248
0.0124232
0.0126838
0.0129312
0.0130575
0.0131427
0.0133694
0.0136817
0.0139324
0.0141312
0.0143433
0.0145889
0.0148555
0.0151168
0.0153601
0.0156204
0.0159088
0.016176
0.0164672
0.0168194
0.017163
0.0174398
0.0176693
0.0179296
0.0182267
0.0184787
0.0186815
0.0189361
0.0192808
0.0196265
0.0199441
0.020256
0.0205858
0.0209497
0.0213235
0.021701
0.0220746
0.0224068
0.0226626
0.0228025
0.0229469
0.0233428
0.0239614
0.0245492
0.0250364
0.0254586
0.0258575
0.0262561
0.0266483
0.0270723
0.0275417
0.0279691
0.0284082
0.0288887
0.0293498
0.0298402
0.0303536
0.0308572
0.0313712
0.0319667
0.0325262
0.0330961
0.0336684
0.0342707
0.0348675
0.0354808
0.0361101
0.0367377
0.0373914
0.0380452
0.0387622
0.0394458
0.0401662
0.0408535
0.0415599
0.0423065
0.0430561
0.0438561
0.0446282
0.045404
0.046229
0.0469991
0.0478182
0.0486287
0.049447
0.0501974
0.0506912
0.0143916
0.0142589
0.0139711
0.0132542
0.0125758
0.0122299
0.012014
0.0117155
0.0114384
0.0114741
0.0118284
0.0121435
0.0122303
0.0122838
0.0124672
0.0127427
0.012991
0.0131029
0.0131721
0.0133961
0.0137158
0.0139676
0.0141565
0.0143607
0.0146082
0.0148781
0.0151371
0.015379
0.0156393
0.0159245
0.0161878
0.0164765
0.0168273
0.0171687
0.0174412
0.0176684
0.01793
0.0182316
0.018489
0.0186939
0.0189462
0.0192877
0.0196332
0.0199513
0.0202609
0.0205887
0.0209531
0.0213261
0.0216989
0.0220671
0.0223983
0.0226599
0.022817
0.0229801
0.0233736
0.0239723
0.024546
0.0250307
0.0254543
0.0258552
0.0262561
0.0266509
0.0270749
0.0275424
0.0279711
0.0284111
0.0288911
0.0293532
0.0298434
0.0303561
0.0308611
0.0313753
0.0319687
0.0325274
0.0330977
0.0336701
0.0342723
0.0348689
0.035482
0.0361114
0.0367395
0.0373934
0.0380466
0.0387628
0.0394458
0.0401662
0.0408542
0.0415615
0.0423082
0.043057
0.0438564
0.0446282
0.0454046
0.0462288
0.0470001
0.0478207
0.0486314
0.0494511
0.0502019
0.0506933
0.0142541
0.0141613
0.0139835
0.0133077
0.0126314
0.0123562
0.0121918
0.0118953
0.0115907
0.0115584
0.0118777
0.0122111
0.0122927
0.01232
0.0125069
0.0128013
0.0130529
0.0131513
0.0132043
0.0134239
0.013751
0.0140047
0.0141834
0.0143788
0.0146281
0.0149021
0.0151588
0.0153984
0.0156585
0.0159403
0.0162001
0.0164865
0.0168357
0.0171749
0.0174432
0.0176678
0.0179306
0.0182369
0.0184996
0.0187062
0.0189559
0.0192947
0.0196406
0.0199589
0.0202659
0.0205916
0.0209565
0.0213289
0.0216969
0.0220598
0.0223903
0.0226579
0.0228312
0.0230121
0.0234035
0.0239832
0.0245434
0.0250254
0.0254502
0.0258531
0.0262561
0.0266536
0.0270774
0.0275432
0.0279731
0.028414
0.0288936
0.0293567
0.0298467
0.0303588
0.0308651
0.0313796
0.0319708
0.0325287
0.0330993
0.033672
0.0342741
0.0348702
0.0354833
0.0361127
0.0367413
0.0373955
0.0380481
0.0387634
0.0394457
0.0401662
0.040855
0.0415631
0.04231
0.0430578
0.0438567
0.0446282
0.0454054
0.0462286
0.0470012
0.0478233
0.0486341
0.0494554
0.0502068
0.0506955
0.0141231
0.0140397
0.0139925
0.0133925
0.0126747
0.0124515
0.0123744
0.0120708
0.0117342
0.0116584
0.0119357
0.0122764
0.0123633
0.0123608
0.0125411
0.0128581
0.0131176
0.0132025
0.013239
0.0134532
0.013787
0.0140437
0.014212
0.0143975
0.0146486
0.0149273
0.0151817
0.0154186
0.0156784
0.0159568
0.0162128
0.0164969
0.0168444
0.0171817
0.0174459
0.0176676
0.0179315
0.0182426
0.0185106
0.0187184
0.0189652
0.0193016
0.0196485
0.0199669
0.020271
0.0205946
0.02096
0.0213317
0.0216949
0.0220527
0.0223829
0.0226565
0.0228453
0.0230429
0.0234323
0.0239942
0.0245414
0.0250204
0.0254463
0.0258511
0.0262561
0.0266562
0.0270801
0.0275441
0.0279752
0.0284171
0.0288962
0.0293602
0.0298501
0.0303615
0.0308692
0.0313839
0.0319731
0.03253
0.0331011
0.0336739
0.0342759
0.0348717
0.0354846
0.0361141
0.0367431
0.0373977
0.0380497
0.0387641
0.0394458
0.0401662
0.0408557
0.0415648
0.0423117
0.0430587
0.043857
0.0446282
0.0454061
0.0462286
0.0470023
0.047826
0.0486369
0.0494598
0.0502119
0.0506979
0.0140088
0.013901
0.013976
0.0135074
0.0127287
0.0125037
0.0125485
0.0122561
0.0118652
0.0117651
0.012009
0.0123397
0.0124383
0.0124102
0.0125708
0.0129099
0.013185
0.0132569
0.013276
0.0134844
0.0138246
0.0140846
0.0142424
0.0144167
0.0146692
0.0149537
0.0152061
0.0154394
0.0156986
0.0159738
0.0162263
0.0165081
0.0168534
0.0171886
0.0174494
0.0176679
0.0179327
0.0182488
0.0185219
0.0187307
0.0189742
0.0193085
0.0196568
0.0199752
0.0202761
0.0205976
0.0209637
0.0213348
0.021693
0.022046
0.0223762
0.0226557
0.0228592
0.0230725
0.0234601
0.0240053
0.0245399
0.0250158
0.0254425
0.0258491
0.0262561
0.0266587
0.0270827
0.027545
0.0279774
0.0284203
0.0288988
0.0293638
0.0298537
0.0303645
0.0308733
0.0313883
0.0319755
0.0325315
0.0331029
0.0336758
0.0342778
0.0348732
0.0354861
0.0361155
0.036745
0.0373999
0.0380514
0.0387649
0.0394458
0.0401664
0.0408564
0.0415664
0.0423134
0.0430596
0.0438573
0.0446282
0.0454068
0.0462285
0.0470033
0.0478289
0.0486398
0.0494644
0.0502174
0.0507005
0.013918
0.0137603
0.013917
0.0136312
0.0128194
0.0125192
0.0126907
0.0124607
0.0119948
0.011865
0.0120982
0.0124077
0.0125139
0.0124699
0.0125989
0.0129544
0.0132547
0.013315
0.0133138
0.0135172
0.0138643
0.0141279
0.0142753
0.0144368
0.0146896
0.0149807
0.0152319
0.015461
0.0157193
0.0159913
0.0162401
0.0165201
0.0168633
0.0171962
0.0174535
0.0176687
0.0179339
0.0182552
0.0185336
0.018743
0.018983
0.0193155
0.0196657
0.0199841
0.0202813
0.0206006
0.0209674
0.021338
0.0216913
0.0220395
0.0223702
0.0226556
0.0228728
0.0231008
0.0234868
0.0240164
0.0245389
0.0250115
0.025439
0.0258473
0.026256
0.0266612
0.0270854
0.0275461
0.0279796
0.0284236
0.0289015
0.0293675
0.0298575
0.0303676
0.0308775
0.0313928
0.031978
0.0325331
0.0331048
0.0336779
0.0342797
0.0348747
0.0354876
0.036117
0.0367469
0.0374022
0.0380532
0.0387657
0.0394459
0.0401665
0.0408572
0.0415681
0.0423151
0.0430605
0.0438576
0.0446282
0.0454076
0.0462286
0.0470044
0.0478319
0.0486427
0.049469
0.0502231
0.0507034
0.0138566
0.0136325
0.0138114
0.0137334
0.012961
0.0125249
0.0127772
0.012677
0.012142
0.0119492
0.0121935
0.0124879
0.0125891
0.012538
0.0126299
0.01299
0.0133245
0.0133791
0.0133522
0.0135502
0.0139061
0.0141735
0.0143105
0.0144584
0.0147105
0.0150088
0.0152592
0.0154835
0.0157404
0.0160094
0.0162547
0.0165327
0.0168733
0.0172043
0.017459
0.0176704
0.0179355
0.0182621
0.0185457
0.0187552
0.0189916
0.0193224
0.0196749
0.0199935
0.0202868
0.0206036
0.0209712
0.0213414
0.0216896
0.0220334
0.0223649
0.0226561
0.0228863
0.0231279
0.0235126
0.0240276
0.0245386
0.0250077
0.0254357
0.0258457
0.0262561
0.0266636
0.0270882
0.0275473
0.027982
0.028427
0.0289043
0.0293712
0.0298614
0.0303708
0.0308818
0.0313974
0.0319807
0.0325349
0.0331069
0.0336801
0.0342817
0.0348764
0.0354892
0.0361186
0.0367488
0.0374045
0.038055
0.0387666
0.039446
0.0401668
0.0408579
0.0415698
0.0423168
0.0430615
0.0438579
0.0446281
0.0454083
0.0462287
0.0470054
0.0478351
0.0486458
0.0494738
0.0502293
0.0507066
0.0138319
0.0135317
0.0136699
0.0137812
0.0131407
0.0125551
0.0127992
0.0128794
0.0123269
0.012026
0.0122795
0.0125834
0.0126684
0.0126104
0.0126672
0.013018
0.0133907
0.01345
0.0133927
0.0135817
0.0139502
0.0142223
0.0143479
0.0144813
0.0147311
0.0150371
0.0152884
0.0155074
0.0157621
0.0160278
0.0162699
0.0165463
0.016884
0.0172125
0.0174651
0.0176726
0.0179373
0.0182695
0.0185584
0.0187676
0.0190001
0.0193294
0.0196845
0.0200032
0.0202924
0.0206065
0.0209751
0.0213451
0.0216884
0.0220277
0.0223604
0.0226573
0.0228995
0.0231537
0.0235373
0.0240388
0.0245388
0.0250043
0.0254327
0.0258441
0.0262561
0.026666
0.027091
0.0275485
0.0279845
0.0284305
0.0289072
0.0293751
0.0298656
0.0303742
0.0308861
0.031402
0.0319836
0.0325367
0.033109
0.0336823
0.0342838
0.0348781
0.0354908
0.0361203
0.0367508
0.0374069
0.0380569
0.0387675
0.0394462
0.040167
0.0408587
0.0415714
0.0423185
0.0430625
0.0438582
0.044628
0.0454091
0.046229
0.0470065
0.0478384
0.048649
0.0494787
0.0502357
0.05071
0.0138512
0.0134709
0.013511
0.0137505
0.0133252
0.0126417
0.0127776
0.0130375
0.0125532
0.0121166
0.0123423
0.0126864
0.0127592
0.012685
0.012712
0.0130415
0.0134493
0.0135279
0.0134382
0.0136099
0.0139949
0.0142759
0.0143884
0.0145056
0.0147522
0.0150653
0.0153183
0.0155323
0.0157843
0.0160471
0.0162859
0.0165607
0.0168954
0.0172215
0.0174723
0.0176755
0.0179391
0.0182768
0.0185714
0.0187802
0.0190085
0.0193364
0.0196945
0.0200136
0.0202984
0.0206095
0.020979
0.0213489
0.0216873
0.0220225
0.0223566
0.0226593
0.0229125
0.0231783
0.023561
0.02405
0.0245395
0.0250014
0.02543
0.0258428
0.0262562
0.0266684
0.0270939
0.0275499
0.0279871
0.0284342
0.0289102
0.029379
0.0298698
0.0303778
0.0308904
0.0314067
0.0319866
0.0325387
0.0331113
0.0336847
0.034286
0.0348799
0.0354926
0.0361221
0.0367528
0.0374093
0.0380588
0.0387685
0.0394464
0.0401674
0.0408595
0.0415731
0.0423202
0.0430635
0.0438586
0.044628
0.0454099
0.0462293
0.0470075
0.0478419
0.0486523
0.0494836
0.0502425
0.0507138
0.013922
0.0134603
0.0133532
0.0136345
0.0134721
0.0127919
0.0127484
0.0131273
0.0127989
0.0122478
0.0123859
0.0127819
0.0128642
0.012764
0.012764
0.0130651
0.0134973
0.0136095
0.0134932
0.0136351
0.0140368
0.0143348
0.0144332
0.0145307
0.0147739
0.0150944
0.0153497
0.0155586
0.0158069
0.0160665
0.0163024
0.0165761
0.0169076
0.0172308
0.0174802
0.0176802
0.0179419
0.0182847
0.0185849
0.0187928
0.0190167
0.0193433
0.0197046
0.0200242
0.0203045
0.0206126
0.020983
0.0213533
0.0216867
0.0220176
0.0223536
0.0226618
0.0229253
0.0232017
0.0235837
0.0240612
0.0245409
0.0249989
0.0254276
0.0258418
0.0262563
0.0266708
0.0270969
0.0275514
0.0279899
0.028438
0.0289132
0.0293831
0.0298743
0.0303815
0.0308948
0.0314115
0.0319897
0.0325409
0.0331136
0.0336871
0.0342883
0.0348817
0.0354945
0.0361239
0.0367549
0.0374117
0.0380607
0.0387694
0.0394467
0.0401678
0.0408603
0.0415748
0.042322
0.0430645
0.043859
0.0446279
0.0454106
0.0462298
0.0470086
0.0478455
0.0486557
0.0494887
0.0502496
0.0507179
0.014053
0.0135089
0.013214
0.0134508
0.013545
0.0129865
0.0127503
0.0131452
0.0130257
0.0124321
0.0124313
0.0128544
0.012977
0.0128521
0.0128234
0.0130929
0.0135339
0.0136895
0.0135605
0.0136603
0.0140717
0.014398
0.0144852
0.0145566
0.0147951
0.0151242
0.015382
0.0155858
0.0158307
0.0160872
0.0163198
0.016592
0.0169207
0.0172407
0.0174889
0.0176855
0.0179447
0.0182926
0.0185992
0.0188061
0.019025
0.0193504
0.0197152
0.0200355
0.0203111
0.0206155
0.0209869
0.0213578
0.0216865
0.0220133
0.0223514
0.0226652
0.0229378
0.0232238
0.0236053
0.0240723
0.0245427
0.024997
0.0254255
0.0258409
0.0262565
0.0266732
0.0270999
0.027553
0.0279927
0.0284419
0.0289163
0.0293872
0.0298789
0.0303854
0.0308992
0.0314164
0.0319931
0.0325432
0.0331161
0.0336896
0.0342906
0.0348837
0.0354964
0.0361259
0.036757
0.0374143
0.0380627
0.0387705
0.0394471
0.0401683
0.0408612
0.0415765
0.0423237
0.0430655
0.0438594
0.0446279
0.0454114
0.0462304
0.0470097
0.0478492
0.0486594
0.0494939
0.050257
0.0507224
0.0142437
0.0136174
0.0131182
0.0132327
0.0135334
0.0132003
0.0128229
0.0131192
0.0131893
0.0126511
0.0125057
0.0129039
0.0130825
0.01295
0.0128929
0.013129
0.0135609
0.0137609
0.0136404
0.0136908
0.0140962
0.014461
0.0145472
0.0145849
0.014814
0.0151552
0.0154162
0.0156134
0.0158543
0.0161084
0.0163382
0.0166091
0.0169347
0.0172513
0.0174985
0.0176923
0.0179483
0.0183004
0.0186135
0.0188194
0.0190332
0.0193575
0.019726
0.0200472
0.0203181
0.0206186
0.0209911
0.0213628
0.0216868
0.0220094
0.0223498
0.0226692
0.0229503
0.0232448
0.0236259
0.0240835
0.0245451
0.0249955
0.0254238
0.0258404
0.0262568
0.0266755
0.027103
0.0275547
0.0279957
0.028446
0.0289196
0.0293914
0.0298838
0.0303895
0.0309037
0.0314213
0.0319965
0.0325456
0.0331187
0.0336922
0.034293
0.0348857
0.0354985
0.0361279
0.0367592
0.0374168
0.0380647
0.0387716
0.0394475
0.0401689
0.0408621
0.0415782
0.0423255
0.0430666
0.0438599
0.0446279
0.0454123
0.0462312
0.0470108
0.0478531
0.0486632
0.0494991
0.0502647
0.0507272
0.0143522
0.0137437
0.0130954
0.0130401
0.0134498
0.0134075
0.0129964
0.0130953
0.013268
0.0128692
0.0126301
0.0129493
0.0131667
0.0130505
0.0129746
0.0131782
0.0135835
0.0138181
0.0137289
0.0137338
0.0141111
0.0145177
0.01462
0.0146195
0.0148292
0.0151859
0.0154538
0.0156425
0.0158783
0.0161305
0.0163574
0.0166265
0.0169494
0.0172627
0.0175088
0.0176999
0.0179526
0.0183086
0.0186287
0.0188335
0.0190414
0.0193643
0.0197368
0.0200593
0.0203254
0.0206217
0.0209951
0.0213682
0.0216878
0.0220063
0.0223489
0.0226739
0.0229624
0.0232646
0.0236456
0.0240946
0.0245481
0.0249946
0.0254226
0.0258401
0.0262572
0.0266779
0.0271062
0.0275566
0.0279988
0.0284502
0.0289229
0.0293957
0.0298888
0.0303937
0.0309082
0.0314263
0.0320001
0.0325482
0.0331214
0.0336949
0.0342956
0.0348879
0.0355006
0.0361301
0.0367614
0.0374194
0.0380668
0.0387727
0.039448
0.0401695
0.040863
0.0415799
0.0423273
0.0430677
0.0438605
0.0446279
0.0454131
0.0462322
0.0470119
0.0478571
0.0486673
0.0495044
0.0502727
0.0507325
0.0143634
0.0138735
0.0131512
0.0129112
0.0133229
0.0135828
0.0132574
0.0131262
0.0132757
0.0130447
0.0127974
0.0130171
0.0132309
0.0131418
0.0130656
0.0132457
0.0136105
0.0138593
0.0138186
0.0137953
0.0141228
0.0145619
0.0147013
0.0146658
0.0148411
0.015213
0.0154956
0.0156739
0.015901
0.0161529
0.0163786
0.0166455
0.0169649
0.0172745
0.01752
0.0177092
0.0179577
0.0183166
0.0186439
0.0188482
0.0190499
0.0193714
0.0197481
0.020072
0.0203333
0.020625
0.0209991
0.0213739
0.0216893
0.0220035
0.0223487
0.0226793
0.0229746
0.0232833
0.0236643
0.0241056
0.0245515
0.0249942
0.0254217
0.0258401
0.0262578
0.0266803
0.0271095
0.0275586
0.0280021
0.0284545
0.0289264
0.0294001
0.0298939
0.0303981
0.0309128
0.0314314
0.0320039
0.032551
0.0331243
0.0336977
0.0342982
0.0348901
0.0355028
0.0361323
0.0367637
0.0374221
0.0380689
0.0387739
0.0394486
0.0401702
0.040864
0.0415816
0.0423291
0.0430688
0.0438611
0.0446281
0.0454139
0.0462333
0.0470131
0.0478612
0.0486717
0.0495098
0.050281
0.0507382
0.0142662
0.0139973
0.01327
0.0128568
0.0131846
0.0136883
0.01356
0.0132432
0.0132478
0.0131446
0.0129765
0.0131255
0.0132936
0.0132138
0.0131546
0.0133312
0.0136522
0.0138863
0.013898
0.013875
0.0141403
0.0145889
0.0147831
0.0147281
0.0148536
0.0152332
0.0155402
0.0157109
0.0159235
0.0161742
0.0164007
0.0166658
0.0169816
0.0172873
0.0175319
0.0177195
0.0179638
0.018325
0.0186598
0.0188637
0.0190584
0.019378
0.0197593
0.0200852
0.0203418
0.0206285
0.0210032
0.0213802
0.0216918
0.0220016
0.0223492
0.0226852
0.0229865
0.023301
0.0236821
0.0241167
0.0245555
0.0249944
0.0254212
0.0258405
0.0262585
0.0266828
0.0271128
0.0275608
0.0280054
0.0284589
0.0289305
0.0294046
0.0298993
0.0304028
0.0309174
0.0314365
0.0320078
0.032554
0.0331273
0.0337005
0.0343009
0.0348925
0.0355052
0.0361346
0.0367661
0.0374248
0.038071
0.0387752
0.0394493
0.040171
0.040865
0.0415833
0.042331
0.0430699
0.0438618
0.0446283
0.0454147
0.0462346
0.0470144
0.0478654
0.0486763
0.0495152
0.0502896
0.0507444
0.0141672
0.0141402
0.0134391
0.0128789
0.0130678
0.0137064
0.01384
0.0134484
0.0132346
0.0131731
0.0131233
0.0132646
0.0133769
0.0132719
0.013224
0.0134244
0.0137179
0.0139099
0.0139567
0.0139651
0.0141729
0.0146005
0.0148558
0.0148068
0.0148733
0.0152439
0.0155838
0.015755
0.0159468
0.0161927
0.0164241
0.0166887
0.0169991
0.0172997
0.017544
0.0177312
0.017971
0.018333
0.0186753
0.0188799
0.0190674
0.0193847
0.0197707
0.0200989
0.0203508
0.020632
0.0210071
0.0213865
0.0216947
0.0220001
0.0223502
0.0226918
0.0229985
0.0233177
0.0236989
0.0241276
0.02456
0.0249951
0.0254212
0.0258411
0.0262594
0.0266853
0.0271162
0.0275631
0.028009
0.0284635
0.0289342
0.0294093
0.0299048
0.0304076
0.0309221
0.0314417
0.0320119
0.0325571
0.0331304
0.0337035
0.0343038
0.034895
0.0355077
0.036137
0.0367685
0.0374276
0.0380732
0.0387766
0.0394501
0.0401718
0.0408661
0.041585
0.0423329
0.0430711
0.0438624
0.0446287
0.0454155
0.0462361
0.0470158
0.0478697
0.0486813
0.0495208
0.0502983
0.050751
0.0138993
0.0142118
0.0136459
0.0129811
0.0129994
0.0136593
0.0140503
0.0137157
0.013297
0.013165
0.013211
0.0134077
0.0135028
0.013341
0.013267
0.0135089
0.0138132
0.0139478
0.0139926
0.0140531
0.0142307
0.0146076
0.0149103
0.0148968
0.0149084
0.0152473
0.0156206
0.015807
0.0159759
0.0162081
0.0164454
0.0167144
0.0170193
0.0173131
0.0175567
0.0177441
0.0179796
0.0183416
0.0186915
0.0188973
0.0190769
0.0193908
0.0197818
0.0201132
0.0203605
0.0206358
0.0210112
0.0213937
0.0216989
0.0219997
0.0223519
0.0226988
0.0230104
0.0233335
0.023715
0.0241385
0.024565
0.0249964
0.0254216
0.0258422
0.0262605
0.0266879
0.0271198
0.0275659
0.0280127
0.0284683
0.0289381
0.029414
0.0299104
0.0304126
0.0309269
0.031447
0.0320161
0.0325604
0.0331337
0.0337065
0.0343067
0.0348976
0.0355102
0.0361395
0.0367711
0.0374304
0.0380754
0.038778
0.039451
0.0401726
0.0408672
0.0415867
0.0423348
0.0430723
0.0438632
0.0446292
0.0454163
0.0462377
0.0470173
0.047874
0.0486866
0.0495265
0.0503072
0.0507582
0.013591
0.0142022
0.0138671
0.0131593
0.0129913
0.0135774
0.0141635
0.0140011
0.0134553
0.0131661
0.0132387
0.0135204
0.013658
0.0134469
0.0132934
0.0135609
0.0139248
0.0140178
0.0140144
0.0141217
0.0143098
0.0146239
0.0149422
0.0149871
0.0149641
0.0152501
0.0156463
0.0158628
0.0160138
0.0162223
0.0164634
0.016743
0.0170431
0.0173262
0.0175686
0.0177583
0.0179899
0.0183504
0.0187073
0.0189152
0.0190874
0.0193971
0.0197929
0.0201283
0.0203713
0.0206401
0.0210152
0.0214011
0.0217036
0.0219998
0.0223541
0.0227065
0.0230223
0.0233486
0.0237302
0.0241492
0.0245704
0.0249983
0.0254226
0.0258436
0.0262618
0.0266906
0.0271234
0.0275685
0.0280164
0.028473
0.0289422
0.0294188
0.0299162
0.0304177
0.0309318
0.0314524
0.0320205
0.0325639
0.0331372
0.0337096
0.0343098
0.0349004
0.0355129
0.0361421
0.0367737
0.0374332
0.0380777
0.0387795
0.0394521
0.0401736
0.0408683
0.0415884
0.0423367
0.0430736
0.0438639
0.0446299
0.0454171
0.0462395
0.047019
0.0478784
0.0486923
0.0495323
0.0503162
0.0507657
0.0132717
0.0140907
0.0140581
0.0134007
0.013045
0.0134833
0.0141764
0.0142451
0.01369
0.0132172
0.013229
0.0135758
0.013811
0.0136027
0.0133296
0.0135665
0.0140269
0.0141284
0.0140418
0.0141592
0.0143959
0.0146634
0.014958
0.0150639
0.0150396
0.0152613
0.0156586
0.0159164
0.0160632
0.0162396
0.0164744
0.0167698
0.017072
0.0173419
0.01758
0.0177727
0.0180012
0.0183597
0.0187234
0.0189342
0.0190988
0.0194031
0.0198034
0.0201436
0.0203827
0.0206441
0.0210187
0.0214087
0.0217094
0.0220008
0.0223568
0.0227146
0.023034
0.023363
0.0237447
0.0241599
0.0245762
0.0250006
0.0254239
0.0258453
0.0262633
0.0266936
0.0271273
0.0275715
0.0280204
0.028478
0.0289464
0.0294238
0.0299221
0.0304231
0.0309369
0.0314578
0.032025
0.0325677
0.0331409
0.0337128
0.0343129
0.0349033
0.0355157
0.0361448
0.0367764
0.0374361
0.03808
0.0387811
0.0394533
0.0401746
0.0408695
0.0415902
0.0423387
0.043075
0.0438646
0.0446307
0.045418
0.0462414
0.0470209
0.0478827
0.0486983
0.0495383
0.0503254
0.0507738
0.012979
0.0138934
0.0141663
0.0136716
0.0131702
0.0134048
0.0141145
0.0144117
0.0139638
0.0133471
0.0132192
0.013578
0.0139283
0.0137937
0.0134114
0.0135402
0.0140905
0.0142719
0.0141024
0.0141699
0.0144676
0.0147326
0.0149747
0.0151174
0.0151253
0.0152907
0.0156619
0.0159606
0.0161209
0.0162645
0.0164811
0.0167939
0.0171063
0.0173617
0.0175902
0.0177867
0.0180144
0.0183703
0.0187394
0.0189535
0.0191109
0.0194089
0.0198133
0.0201592
0.0203954
0.0206493
0.0210227
0.0214173
0.0217164
0.0220024
0.0223601
0.0227233
0.0230462
0.0233768
0.0237586
0.0241704
0.0245826
0.0250037
0.0254259
0.0258476
0.0262651
0.0266966
0.0271312
0.0275746
0.0280245
0.0284831
0.0289509
0.0294289
0.0299281
0.0304286
0.0309421
0.0314633
0.0320297
0.0325716
0.0331448
0.0337161
0.0343162
0.0349064
0.0355186
0.0361476
0.0367793
0.037439
0.0380824
0.0387827
0.0394546
0.0401757
0.0408707
0.0415921
0.0423407
0.0430764
0.0438654
0.0446318
0.0454189
0.0462434
0.0470232
0.0478871
0.0487046
0.0495445
0.0503346
0.0507823
0.0127418
0.0136615
0.0141655
0.0139166
0.0133683
0.0133789
0.0140147
0.0144875
0.0142299
0.0135545
0.0132471
0.0135486
0.013988
0.013987
0.0135602
0.0135164
0.0140923
0.0144181
0.014214
0.0141747
0.0145046
0.0148178
0.0150105
0.0151478
0.0152066
0.0153428
0.015664
0.0159911
0.0161849
0.0163024
0.0164859
0.0168093
0.0171421
0.0173882
0.0176017
0.0177989
0.0180275
0.0183815
0.0187559
0.0189741
0.0191246
0.0194153
0.0198233
0.020176
0.0204093
0.0206545
0.0210259
0.0214258
0.0217244
0.0220049
0.0223637
0.0227323
0.0230578
0.0233899
0.0237717
0.0241807
0.0245892
0.0250071
0.0254282
0.0258501
0.0262672
0.0266997
0.0271353
0.027578
0.0280287
0.0284883
0.0289555
0.0294341
0.0299342
0.0304343
0.0309474
0.0314689
0.0320344
0.0325757
0.0331489
0.0337194
0.0343196
0.0349096
0.0355217
0.0361505
0.0367822
0.0374419
0.0380848
0.0387845
0.0394561
0.0401769
0.0408719
0.0415941
0.0423426
0.043078
0.0438662
0.044633
0.04542
0.0462454
0.0470257
0.0478915
0.0487111
0.049551
0.0503439
0.0507912
0.0125659
0.0134394
0.0140767
0.0140836
0.0136103
0.0134328
0.0139189
0.0144824
0.0144414
0.0138113
0.0133382
0.013516
0.013991
0.0141438
0.0137617
0.0135337
0.0140389
0.0145301
0.0143753
0.0142034
0.0145019
0.0148955
0.0150802
0.0151723
0.0152681
0.0154135
0.0156774
0.016006
0.0162454
0.0163517
0.0164929
0.0168176
0.0171774
0.0174215
0.0176163
0.0178096
0.0180405
0.0183946
0.0187738
0.0189956
0.0191392
0.0194212
0.0198319
0.020192
0.0204237
0.0206604
0.0210294
0.0214351
0.0217338
0.0220079
0.0223674
0.0227418
0.0230699
0.0234027
0.0237845
0.024191
0.0245964
0.0250111
0.0254311
0.0258533
0.0262696
0.026703
0.0271397
0.0275818
0.0280331
0.0284937
0.0289605
0.0294395
0.0299405
0.0304401
0.0309528
0.0314747
0.0320393
0.0325799
0.0331533
0.0337229
0.0343231
0.034913
0.0355249
0.0361534
0.0367853
0.0374449
0.0380873
0.0387865
0.0394576
0.0401781
0.0408731
0.0415962
0.0423445
0.0430796
0.043867
0.0446344
0.0454213
0.0462475
0.0470285
0.0478959
0.048718
0.0495578
0.0503532
0.0508005
0.0124457
0.0132507
0.0139468
0.0141575
0.0138489
0.0135645
0.013864
0.0144244
0.0145705
0.0140764
0.0134988
0.0135087
0.0139563
0.0142412
0.013981
0.013624
0.013967
0.0145751
0.0145571
0.0142853
0.0144804
0.0149393
0.0151746
0.0152117
0.0153035
0.0154872
0.0157105
0.0160091
0.0162974
0.0164162
0.0165078
0.0168177
0.0172076
0.017461
0.0176374
0.0178203
0.0180509
0.0184064
0.0187921
0.0190181
0.0191545
0.0194272
0.0198403
0.0202094
0.0204407
0.0206673
0.0210322
0.0214441
0.0217443
0.0220121
0.0223716
0.0227518
0.0230822
0.0234151
0.0237966
0.0242011
0.0246039
0.0250156
0.0254343
0.0258568
0.0262722
0.0267065
0.0271441
0.0275857
0.0280376
0.028499
0.0289656
0.0294449
0.0299469
0.0304461
0.0309584
0.0314806
0.0320444
0.0325844
0.0331578
0.0337265
0.0343267
0.0349165
0.0355282
0.0361565
0.0367885
0.0374479
0.0380898
0.0387885
0.0394593
0.0401796
0.0408744
0.0415984
0.0423464
0.0430814
0.043868
0.0446359
0.0454228
0.0462496
0.0470317
0.0479004
0.048725
0.0495649
0.0503625
0.05081
0.0123765
0.0130931
0.0138153
0.014159
0.0140376
0.0137426
0.0138696
0.0143525
0.0146211
0.0143064
0.0137127
0.0135515
0.0139099
0.0142778
0.0141796
0.0137838
0.0139186
0.0145482
0.0147204
0.0144284
0.0144701
0.0149351
0.0152692
0.0152855
0.0153252
0.0155472
0.0157688
0.0160141
0.0163319
0.0164889
0.0165339
0.0168111
0.0172317
0.017504
0.0176638
0.0178321
0.0180595
0.0184173
0.0188124
0.0190437
0.0191719
0.0194338
0.019848
0.0202263
0.0204581
0.0206744
0.0210346
0.0214538
0.0217566
0.0220174
0.0223757
0.0227619
0.0230945
0.0234273
0.0238084
0.024211
0.0246118
0.0250206
0.025438
0.0258608
0.0262754
0.0267101
0.0271487
0.0275901
0.0280423
0.0285045
0.028971
0.0294505
0.0299534
0.0304523
0.0309641
0.0314865
0.0320495
0.032589
0.0331626
0.0337301
0.0343304
0.0349203
0.0355317
0.0361597
0.0367918
0.0374509
0.0380924
0.0387908
0.0394611
0.0401811
0.0408756
0.0416007
0.0423483
0.0430832
0.0438691
0.0446375
0.0454245
0.0462517
0.0470353
0.0479051
0.0487321
0.0495724
0.0503719
0.0508199
0.0123646
0.0129612
0.0136973
0.0141231
0.0141615
0.01393
0.0139327
0.0143014
0.0146188
0.0144743
0.0139459
0.0136521
0.0138778
0.0142677
0.0143284
0.013984
0.013932
0.014479
0.0148243
0.0146083
0.0145061
0.014899
0.0153354
0.0153933
0.0153566
0.0155805
0.0158379
0.0160309
0.0163459
0.0165642
0.0165795
0.0167996
0.0172446
0.0175502
0.0176981
0.0178489
0.0180684
0.0184249
0.0188319
0.0190722
0.0191902
0.0194385
0.0198542
0.0202435
0.020478
0.0206835
0.0210367
0.021463
0.0217699
0.0220235
0.0223799
0.0227722
0.0231073
0.0234394
0.0238199
0.0242208
0.0246199
0.0250263
0.0254422
0.0258651
0.0262789
0.026714
0.0271535
0.0275946
0.0280469
0.0285103
0.0289768
0.0294561
0.0299598
0.0304587
0.03097
0.0314925
0.0320549
0.0325938
0.0331676
0.0337339
0.0343344
0.0349242
0.0355352
0.036163
0.0367953
0.0374539
0.0380949
0.0387933
0.0394628
0.0401827
0.0408769
0.0416032
0.0423503
0.043085
0.0438704
0.0446391
0.0454265
0.0462538
0.0470392
0.04791
0.0487392
0.0495802
0.0503813
0.05083
0.0124202
0.01287
0.0135897
0.0140688
0.0142289
0.014098
0.0140333
0.0142863
0.0145945
0.0145784
0.0141623
0.0138013
0.0138848
0.0142348
0.0144177
0.0141868
0.0140138
0.0144087
0.014857
0.0147879
0.0146037
0.0148602
0.0153523
0.015512
0.0154185
0.0155922
0.0159023
0.0160731
0.0163471
0.016627
0.0166463
0.0167919
0.0172445
0.0175988
0.0177398
0.0178673
0.0180768
0.0184288
0.0188484
0.0191038
0.0192127
0.0194437
0.0198599
0.0202615
0.0204991
0.0206931
0.0210378
0.0214717
0.021785
0.0220315
0.0223842
0.0227826
0.0231203
0.0234513
0.0238312
0.0242304
0.0246282
0.0250323
0.025447
0.0258698
0.0262828
0.0267181
0.0271586
0.0275997
0.0280519
0.028516
0.0289827
0.0294618
0.0299665
0.0304653
0.0309761
0.0314986
0.0320603
0.0325989
0.0331728
0.0337377
0.0343383
0.0349281
0.0355388
0.0361664
0.0367988
0.037457
0.0380975
0.0387961
0.0394648
0.0401845
0.0408782
0.0416058
0.0423522
0.0430869
0.0438719
0.0446408
0.0454288
0.0462559
0.0470433
0.0479151
0.0487464
0.0495884
0.0503909
0.0508403
0.0125241
0.0128338
0.0134936
0.0140075
0.0142541
0.0142334
0.0141543
0.0143075
0.0145722
0.0146367
0.0143394
0.0139709
0.0139375
0.0142042
0.0144523
0.0143604
0.0141485
0.0143777
0.0148376
0.0149266
0.0147495
0.0148548
0.0153243
0.0156116
0.0155198
0.0156039
0.0159445
0.0161344
0.016349
0.0166694
0.0167328
0.0167992
0.0172238
0.0176389
0.0177912
0.0178903
0.018087
0.0184326
0.0188619
0.019138
0.0192408
0.0194481
0.0198613
0.0202789
0.0205227
0.0207048
0.021039
0.0214798
0.0218015
0.022041
0.0223881
0.0227926
0.0231338
0.0234632
0.023842
0.0242402
0.0246367
0.0250389
0.0254524
0.0258749
0.026287
0.0267226
0.0271639
0.0276049
0.0280567
0.0285219
0.0289892
0.0294677
0.029973
0.030472
0.0309824
0.0315048
0.0320658
0.032604
0.0331781
0.0337417
0.0343426
0.0349325
0.0355426
0.03617
0.0368025
0.0374602
0.0381001
0.038799
0.0394666
0.0401864
0.0408796
0.0416085
0.0423543
0.0430886
0.0438737
0.0446425
0.0454314
0.0462581
0.0470476
0.0479205
0.0487535
0.0495969
0.0504006
0.0508507
0.0126244
0.0128535
0.0134278
0.013952
0.0142507
0.0143302
0.0142792
0.014357
0.0145612
0.0146642
0.0144732
0.0141359
0.0140281
0.0142026
0.0144553
0.0144887
0.0143059
0.0143981
0.0147988
0.0150052
0.0149089
0.0149043
0.0152792
0.0156687
0.0156439
0.0156357
0.0159621
0.0162031
0.0163673
0.0166868
0.01682
0.0168328
0.0171916
0.0176644
0.017856
0.0179228
0.0180961
0.0184355
0.0188712
0.0191701
0.0192739
0.0194548
0.0198595
0.0202958
0.0205501
0.0207184
0.0210389
0.0214865
0.021819
0.0220526
0.0223922
0.0228023
0.023148
0.0234754
0.0238524
0.0242499
0.0246455
0.0250456
0.0254584
0.0258806
0.0262915
0.026727
0.0271694
0.0276108
0.0280618
0.0285279
0.0289958
0.0294736
0.0299797
0.0304788
0.0309888
0.031511
0.0320715
0.0326096
0.0331838
0.0337457
0.0343468
0.0349368
0.0355465
0.0361738
0.0368062
0.0374634
0.0381026
0.0388023
0.0394686
0.0401884
0.0408811
0.0416112
0.0423564
0.0430903
0.0438759
0.0446443
0.0454342
0.0462605
0.047052
0.0479263
0.0487606
0.0496056
0.0504105
0.0508613
0.0126848
0.0129088
0.0134034
0.0139146
0.0142341
0.0143864
0.0143916
0.0144253
0.0145663
0.0146758
0.0145742
0.0142883
0.0141386
0.0142349
0.0144469
0.0145657
0.0144579
0.0144639
0.0147734
0.0150339
0.015046
0.0150049
0.0152496
0.0156778
0.0157675
0.0157045
0.0159683
0.0162585
0.016403
0.0166895
0.0168959
0.0169004
0.0171651
0.0176621
0.0179226
0.0179702
0.0181042
0.0184347
0.0188785
0.0192014
0.0193126
0.0194668
0.019854
0.0203087
0.0205804
0.0207353
0.021038
0.0214918
0.0218379
0.0220664
0.0223965
0.0228112
0.0231626
0.0234881
0.0238622
0.0242595
0.0246549
0.0250527
0.0254646
0.0258867
0.0262966
0.0267317
0.0271752
0.027617
0.0280668
0.028534
0.0290028
0.0294794
0.0299865
0.030486
0.0309956
0.0315173
0.0320773
0.0326152
0.0331895
0.0337499
0.0343514
0.0349415
0.0355503
0.0361775
0.03681
0.0374667
0.0381053
0.0388058
0.0394706
0.0401904
0.0408828
0.0416141
0.0423588
0.0430918
0.0438784
0.0446461
0.0454372
0.0462631
0.0470565
0.0479325
0.0487677
0.0496146
0.0504206
0.0508719
0.0127024
0.0129651
0.0134082
0.0138977
0.0142246
0.014413
0.0144784
0.0145023
0.0145909
0.0146806
0.0146451
0.0144241
0.0142498
0.0142887
0.0144499
0.0146066
0.0145875
0.0145586
0.0147796
0.0150417
0.0151396
0.0151279
0.0152589
0.015654
0.0158619
0.0157997
0.0159799
0.0162992
0.0164584
0.0166955
0.0169455
0.0169842
0.0171585
0.0176325
0.0179768
0.0180385
0.0181207
0.0184285
0.0188837
0.0192321
0.0193536
0.0194829
0.0198464
0.0203167
0.0206133
0.0207579
0.0210364
0.0214943
0.0218579
0.0220824
0.0224009
0.0228195
0.0231774
0.0235015
0.0238719
0.0242686
0.0246647
0.0250604
0.025471
0.0258931
0.0263022
0.0267365
0.0271809
0.0276236
0.0280722
0.0285405
0.02901
0.0294852
0.0299935
0.0304934
0.0310023
0.0315234
0.032083
0.0326212
0.0331954
0.0337541
0.0343559
0.0349463
0.0355545
0.0361817
0.0368138
0.0374701
0.0381078
0.0388095
0.0394726
0.0401925
0.0408847
0.0416168
0.0423614
0.0430933
0.0438812
0.0446481
0.0454402
0.0462661
0.047061
0.047939
0.0487747
0.0496237
0.050431
0.0508827
0.0126957
0.0129994
0.0134244
0.0138963
0.0142342
0.0144282
0.0145354
0.0145744
0.0146319
0.0146918
0.0146917
0.0145402
0.0143576
0.0143542
0.0144731
0.0146277
0.0146844
0.0146634
0.0148136
0.0150501
0.0151948
0.015245
0.0153136
0.0156228
0.0159152
0.0159097
0.0160143
0.0163252
0.0165131
0.0167098
0.0169729
0.0170703
0.0171883
0.0175955
0.0180029
0.0181187
0.0181548
0.0184153
0.0188794
0.0192625
0.0193994
0.0195043
0.0198387
0.0203196
0.020646
0.0207866
0.0210357
0.0214927
0.0218786
0.0221013
0.0224054
0.0228271
0.0231925
0.0235154
0.0238815
0.0242773
0.0246745
0.0250691
0.0254781
0.0258997
0.0263083
0.0267416
0.027187
0.0276307
0.0280777
0.0285471
0.0290175
0.0294909
0.0300003
0.0305011
0.0310094
0.0315296
0.032089
0.0326276
0.0332015
0.0337584
0.0343605
0.0349513
0.0355586
0.036186
0.0368176
0.0374736
0.0381107
0.0388135
0.0394748
0.0401945
0.0408869
0.0416194
0.0423641
0.0430948
0.0438843
0.0446503
0.0454433
0.0462694
0.0470655
0.0479459
0.048782
0.0496327
0.0504416
0.0508936
0.012681
0.0130176
0.0134442
0.0138988
0.0142545
0.0144495
0.0145722
0.0146343
0.0146821
0.0147168
0.0147192
0.0146298
0.0144633
0.0144251
0.0145122
0.0146441
0.0147481
0.0147595
0.0148646
0.0150724
0.0152308
0.0153352
0.0153987
0.015615
0.0159359
0.016013
0.0160678
0.0163416
0.0165607
0.0167379
0.0169907
0.0171413
0.0172447
0.0175705
0.017997
0.018194
0.0182156
0.0184064
0.0188612
0.0192895
0.019452
0.019531
0.0198296
0.0203171
0.0206773
0.0208214
0.0210385
0.0214869
0.0218983
0.0221239
0.0224104
0.0228336
0.0232079
0.0235298
0.0238914
0.0242858
0.0246839
0.0250784
0.0254861
0.0259063
0.0263146
0.0267471
0.0271933
0.0276378
0.0280833
0.0285544
0.0290252
0.0294962
0.0300072
0.0305094
0.0310171
0.0315357
0.0320947
0.032634
0.0332077
0.0337631
0.0343654
0.0349564
0.0355628
0.0361905
0.0368213
0.0374771
0.0381136
0.0388175
0.0394771
0.0401966
0.0408896
0.041622
0.0423671
0.0430961
0.0438875
0.0446528
0.0454462
0.0462732
0.0470701
0.0479529
0.0487894
0.0496417
0.0504522
0.0509046
0.0126591
0.0130245
0.0134623
0.0139015
0.0142725
0.0144836
0.0146052
0.0146777
0.0147223
0.0147479
0.0147399
0.0146938
0.0145664
0.0145016
0.0145605
0.0146647
0.0147892
0.0148427
0.0149251
0.0151066
0.0152625
0.0153963
0.0154893
0.0156378
0.0159332
0.0160916
0.0161406
0.0163679
0.016605
0.0167747
0.0170059
0.0171908
0.0173094
0.0175712
0.0179727
0.0182453
0.0182974
0.018417
0.0188295
0.0193036
0.0195126
0.0195683
0.0198188
0.0203078
0.0207068
0.0208611
0.0210458
0.0214779
0.0219147
0.0221498
0.0224172
0.0228382
0.0232236
0.0235453
0.0239012
0.0242944
0.0246929
0.0250878
0.0254949
0.0259137
0.026321
0.0267523
0.0272001
0.0276456
0.0280889
0.0285616
0.0290333
0.0295018
0.0300141
0.0305174
0.0310245
0.0315416
0.0321005
0.0326411
0.0332142
0.0337677
0.0343701
0.0349617
0.0355673
0.0361955
0.036825
0.0374806
0.0381167
0.0388216
0.0394795
0.0401984
0.0408925
0.0416245
0.0423702
0.0430978
0.0438908
0.0446557
0.0454492
0.0462773
0.0470748
0.04796
0.048797
0.0496506
0.050463
0.0509156
0.0126246
0.0130201
0.0134784
0.0139101
0.0142848
0.0145211
0.014638
0.0147073
0.0147511
0.0147817
0.014769
0.014739
0.0146534
0.0145742
0.0146105
0.0146959
0.0148186
0.0149097
0.0149872
0.0151486
0.0153009
0.0154404
0.015565
0.015684
0.0159303
0.0161432
0.0162191
0.0164012
0.0166414
0.0168157
0.0170266
0.0172301
0.0173717
0.0175971
0.0179505
0.0182631
0.0183791
0.0184562
0.0187951
0.0192946
0.019574
0.019624
0.0198108
0.0202878
0.0207338
0.0209071
0.0210577
0.0214672
0.0219276
0.0221777
0.0224269
0.0228409
0.0232384
0.0235621
0.0239113
0.0243026
0.0247018
0.0250972
0.0255041
0.0259218
0.0263279
0.0267572
0.027207
0.0276537
0.0280946
0.0285696
0.0290417
0.0295068
0.0300207
0.030526
0.0310328
0.0315478
0.0321061
0.032648
0.0332205
0.0337729
0.0343752
0.034967
0.0355717
0.0362005
0.0368287
0.0374842
0.0381204
0.0388257
0.0394822
0.0402004
0.0408958
0.041627
0.0423732
0.0430995
0.0438939
0.0446589
0.045452
0.0462816
0.0470797
0.0479671
0.0488051
0.0496594
0.0504737
0.0509267
0.0125902
0.0130067
0.0134886
0.0139248
0.0142922
0.014548
0.0146746
0.0147401
0.0147775
0.0148076
0.0147978
0.0147663
0.0147148
0.0146442
0.0146627
0.0147359
0.0148429
0.0149614
0.0150472
0.0151895
0.0153423
0.0154794
0.0156269
0.0157452
0.0159421
0.0161727
0.0162892
0.016443
0.0166721
0.0168565
0.0170497
0.0172612
0.0174248
0.0176355
0.0179483
0.0182635
0.0184442
0.0185225
0.0187765
0.0192607
0.0196203
0.0196985
0.0198146
0.0202531
0.0207522
0.0209616
0.0210755
0.0214542
0.0219374
0.0222071
0.0224396
0.0228429
0.0232519
0.0235801
0.0239221
0.0243106
0.0247107
0.025107
0.025513
0.0259306
0.026336
0.0267615
0.0272139
0.0276629
0.0281006
0.028577
0.0290498
0.0295123
0.0300279
0.0305347
0.0310408
0.0315537
0.0321118
0.0326555
0.0332269
0.033778
0.03438
0.0349722
0.0355765
0.0362056
0.0368323
0.0374876
0.0381242
0.0388296
0.039485
0.0402025
0.0408994
0.0416295
0.0423763
0.0431019
0.0438972
0.0446624
0.0454548
0.0462862
0.0470848
0.0479741
0.0488129
0.0496681
0.0504843
0.0509378
0.0125693
0.0129892
0.0134893
0.0139387
0.0143014
0.0145681
0.0147121
0.0147748
0.0147984
0.0148177
0.0148177
0.01479
0.01476
0.0147082
0.014711
0.0147797
0.0148716
0.0149967
0.015097
0.0152256
0.0153852
0.0155217
0.015677
0.0158065
0.015968
0.0161924
0.0163464
0.0164931
0.0167033
0.0168966
0.0170785
0.0172875
0.0174679
0.0176723
0.0179596
0.0182604
0.0184828
0.018598
0.0187903
0.0192186
0.0196397
0.0197843
0.0198442
0.0202087
0.0207511
0.021024
0.021104
0.0214365
0.0219428
0.0222385
0.0224537
0.0228438
0.0232643
0.0235987
0.0239346
0.0243187
0.0247189
0.0251175
0.0255219
0.0259397
0.0263456
0.0267656
0.0272201
0.0276725
0.0281068
0.0285849
0.0290585
0.0295178
0.0300347
0.0305437
0.031049
0.0315599
0.0321179
0.0326631
0.0332331
0.0337835
0.0343853
0.0349774
0.0355815
0.0362108
0.036836
0.037491
0.0381285
0.0388334
0.0394878
0.0402045
0.0409029
0.041632
0.0423791
0.0431044
0.0439003
0.0446663
0.0454579
0.046291
0.0470902
0.047981
0.0488214
0.0496771
0.0504947
0.0509489
0.0125654
0.0129748
0.0134817
0.013948
0.0143155
0.0145829
0.0147388
0.0148051
0.0148201
0.0148265
0.0148324
0.0148119
0.0147884
0.0147578
0.0147554
0.0148184
0.0149001
0.0150179
0.0151406
0.0152663
0.0154265
0.0155643
0.0157159
0.015861
0.0160039
0.0162116
0.0163895
0.0165429
0.0167382
0.0169334
0.0171121
0.0173139
0.0175063
0.0177087
0.0179785
0.0182647
0.018502
0.0186594
0.018829
0.0191857
0.0196265
0.0198615
0.0199088
0.0201716
0.020722
0.0210868
0.0211529
0.0214159
0.0219392
0.022275
0.0224714
0.0228416
0.0232756
0.0236174
0.023948
0.0243255
0.0247258
0.0251284
0.0255306
0.0259484
0.0263567
0.0267698
0.0272253
0.0276828
0.0281142
0.0285925
0.0290664
0.0295231
0.0300415
0.0305531
0.0310574
0.0315655
0.0321238
0.0326709
0.0332392
0.0337892
0.0343908
0.0349826
0.0355869
0.0362161
0.0368397
0.0374946
0.0381331
0.0388372
0.0394908
0.0402071
0.0409066
0.0416346
0.0423819
0.0431073
0.0439033
0.04467
0.0454608
0.0462957
0.0470958
0.0479877
0.0488295
0.0496857
0.0505049
0.0509598
0.0125725
0.0129681
0.0134714
0.0139493
0.0143255
0.0145931
0.0147557
0.0148299
0.0148444
0.0148373
0.0148353
0.0148228
0.0148075
0.0147938
0.0147907
0.0148449
0.0149302
0.0150419
0.0151767
0.0153032
0.0154564
0.0156031
0.0157514
0.0159093
0.0160479
0.0162349
0.0164241
0.0165857
0.0167738
0.0169665
0.0171451
0.0173416
0.0175388
0.0177437
0.018
0.0182782
0.0185198
0.0187044
0.0188792
0.0191766
0.019594
0.0199073
0.0199952
0.0201598
0.0206627
0.0211317
0.0212274
0.0214011
0.0219195
0.0223153
0.0224978
0.0228356
0.0232849
0.0236379
0.0239632
0.0243351
0.0247317
0.025139
0.0255397
0.0259571
0.0263686
0.0267748
0.0272299
0.0276934
0.0281221
0.0285998
0.0290745
0.0295295
0.0300483
0.0305626
0.0310658
0.031571
0.0321303
0.0326792
0.0332453
0.033795
0.0343965
0.0349877
0.0355926
0.0362212
0.0368435
0.0374984
0.0381379
0.0388409
0.039494
0.0402101
0.0409105
0.0416376
0.0423849
0.043111
0.0439067
0.0446742
0.0454645
0.0463006
0.0471018
0.0479944
0.048838
0.0496949
0.0505148
0.0509706
0.0125839
0.0129703
0.0134629
0.0139408
0.014326
0.0145989
0.0147646
0.014844
0.0148612
0.014845
0.014832
0.0148252
0.014817
0.0148123
0.0148172
0.0148686
0.0149589
0.0150647
0.0151975
0.0153324
0.0154826
0.0156391
0.0157872
0.015948
0.0160918
0.0162598
0.0164516
0.0166218
0.0168077
0.0170012
0.0171772
0.0173718
0.0175686
0.0177745
0.0180213
0.0182918
0.018539
0.0187385
0.0189267
0.0191929
0.0195661
0.0199207
0.0200836
0.0201916
0.0205942
0.0211367
0.0213191
0.0214058
0.0218768
0.0223486
0.0225382
0.0228255
0.023285
0.0236587
0.0239799
0.0243427
0.0247369
0.0251481
0.0255486
0.025966
0.0263815
0.0267805
0.0272336
0.0277033
0.0281308
0.0286073
0.0290828
0.0295357
0.0300543
0.0305717
0.0310746
0.0315762
0.0321362
0.0326869
0.033251
0.0338005
0.034402
0.0349926
0.0355982
0.0362258
0.0368468
0.0375022
0.0381425
0.038844
0.0394966
0.040213
0.0409136
0.0416398
0.0423873
0.0431141
0.0439095
0.0446776
0.0454677
0.0463051
0.0471076
0.0480008
0.0488458
0.0497034
0.0505244
0.0509811
0.0125967
0.0129777
0.0134579
0.0139271
0.0143159
0.0145941
0.0147627
0.0148442
0.0148646
0.0148466
0.0148243
0.0148156
0.0148142
0.0148214
0.0148373
0.0148855
0.0149755
0.0150842
0.0152146
0.0153578
0.0155094
0.0156683
0.0158197
0.0159775
0.0161299
0.0162871
0.0164742
0.0166534
0.0168348
0.0170316
0.0172064
0.0173993
0.0175989
0.0178028
0.0180441
0.0183069
0.0185585
0.0187693
0.0189653
0.0192178
0.0195526
0.0199117
0.0201523
0.0202619
0.0205492
0.0210981
0.0214107
0.0214568
0.0218268
0.0223635
0.0225989
0.0228247
0.023275
0.0236803
0.024002
0.0243581
0.0247434
0.0251558
0.0255565
0.0259758
0.0263949
0.0267869
0.0272373
0.0277136
0.0281401
0.0286141
0.0290904
0.0295434
0.0300609
0.0305811
0.0310842
0.031582
0.0321433
0.0326954
0.0332576
0.033807
0.0344084
0.0349984
0.0356048
0.0362309
0.036851
0.0375073
0.0381479
0.0388478
0.0395003
0.0402174
0.0409179
0.0416432
0.0423908
0.0431186
0.0439133
0.0446818
0.045472
0.0463101
0.0471138
0.0480074
0.048854
0.0497125
0.0505338
0.0509912
0.0126136
0.0129883
0.0134571
0.0139126
0.0142945
0.014573
0.0147439
0.0148261
0.0148484
0.014833
0.0148061
0.0147953
0.014801
0.0148189
0.0148452
0.0148974
0.01499
0.0151044
0.015233
0.0153774
0.0155329
0.0156917
0.0158472
0.0160042
0.0161629
0.0163167
0.0164925
0.0166787
0.0168564
0.0170541
0.0172346
0.0174222
0.0176258
0.0178265
0.0180609
0.0183209
0.0185734
0.0187976
0.0189985
0.0192411
0.0195522
0.0198927
0.0201827
0.0203399
0.0205395
0.0210225
0.0214552
0.0215412
0.0217839
0.0223365
0.0226614
0.0228409
0.0232507
0.0236923
0.0240278
0.0243704
0.0247504
0.0251627
0.0255618
0.0259852
0.0264095
0.026794
0.0272402
0.027723
0.0281498
0.0286206
0.0290993
0.0295512
0.0300657
0.0305889
0.0310936
0.0315873
0.032149
0.0327021
0.0332629
0.0338124
0.0344134
0.0350031
0.0356101
0.0362344
0.0368538
0.0375115
0.0381517
0.03885
0.0395026
0.0402207
0.0409204
0.041645
0.0423932
0.0431218
0.0439161
0.0446848
0.0454757
0.0463144
0.0471193
0.0480135
0.0488612
0.0497207
0.0505427
0.051001
0.0126398
0.0130032
0.0134581
0.0138945
0.0142597
0.0145301
0.0146976
0.0147781
0.0147997
0.0147888
0.0147666
0.0147585
0.0147719
0.0148029
0.0148453
0.0149073
0.0150033
0.0151237
0.0152568
0.0154007
0.0155589
0.0157203
0.0158775
0.0160354
0.0161948
0.016351
0.0165164
0.0167045
0.0168842
0.0170767
0.0172685
0.0174525
0.0176573
0.017859
0.0180817
0.018341
0.0185915
0.0188254
0.0190353
0.019268
0.0195663
0.019889
0.020194
0.0204142
0.0205857
0.020964
0.021453
0.0216466
0.0217931
0.0222869
0.0227095
0.0228894
0.0232294
0.02369
0.0240579
0.0243868
0.0247582
0.0251711
0.0255646
0.025993
0.026426
0.0268034
0.0272422
0.027732
0.0281607
0.0286258
0.0291072
0.0295609
0.0300704
0.0305962
0.0311043
0.0315943
0.0321558
0.0327095
0.03327
0.0338198
0.0344198
0.0350097
0.0356169
0.0362391
0.0368586
0.037518
0.038157
0.0388538
0.039507
0.040226
0.0409246
0.0416481
0.0423971
0.0431265
0.04392
0.0446888
0.0454802
0.0463194
0.0471252
0.0480201
0.048869
0.0497292
0.0505513
0.0510104
0.0126979
0.013042
0.0134711
0.013876
0.0142098
0.0144546
0.0146055
0.0146748
0.0146894
0.0146797
0.0146663
0.0146675
0.014693
0.0147412
0.0148032
0.0148823
0.0149891
0.0151182
0.0152595
0.0154049
0.0155625
0.0157282
0.0158874
0.0160466
0.0162065
0.0163674
0.0165293
0.016711
0.0168957
0.0170839
0.0172838
0.0174726
0.0176744
0.017882
0.0180957
0.0183515
0.0186029
0.0188404
0.0190634
0.0192895
0.0195739
0.0198871
0.020184
0.0204473
0.0206466
0.0209324
0.0214032
0.0217174
0.0218442
0.0222325
0.0227132
0.0229518
0.0232255
0.0236683
0.0240816
0.0244088
0.0247654
0.0251823
0.0255675
0.0259947
0.0264423
0.0268167
0.0272429
0.0277384
0.0281723
0.0286308
0.0291156
0.0295726
0.0300746
0.0306016
0.0311152
0.0316026
0.0321611
0.0327144
0.0332761
0.0338264
0.0344244
0.035015
0.0356221
0.0362416
0.0368622
0.0375231
0.0381598
0.0388554
0.03951
0.0402299
0.0409273
0.04165
0.0424002
0.0431302
0.0439228
0.0446917
0.0454842
0.0463237
0.0471303
0.0480257
0.0488749
0.0497367
0.0505593
0.0510195
0.0128217
0.0131646
0.0135808
0.013961
0.0142612
0.0144702
0.0145908
0.0146383
0.0146386
0.0146227
0.0146113
0.0146202
0.0146537
0.0147137
0.0147916
0.014886
0.0150013
0.0151349
0.0152795
0.0154245
0.0155769
0.0157417
0.0159044
0.0160648
0.0162251
0.0163893
0.0165534
0.0167262
0.0169128
0.0171038
0.0173032
0.0175002
0.0176977
0.0179079
0.0181188
0.0183635
0.0186183
0.0188564
0.0190909
0.0193224
0.0195898
0.0198965
0.0201837
0.0204623
0.0207081
0.0209467
0.0213481
0.0217423
0.0219203
0.0222126
0.0226845
0.0230073
0.0232524
0.0236421
0.0240901
0.0244366
0.0247744
0.0251934
0.0255749
0.0259911
0.0264552
0.026837
0.0272448
0.0277415
0.0281847
0.0286321
0.0291212
0.0295847
0.0300774
0.0306038
0.0311251
0.0316125
0.0321664
0.0327175
0.0332829
0.0338349
0.0344295
0.035021
0.0356281
0.0362448
0.0368673
0.0375301
0.038164
0.0388583
0.0395146
0.0402349
0.0409305
0.0416521
0.0424037
0.0431344
0.043926
0.0446951
0.0454884
0.0463284
0.0471354
0.0480318
0.048882
0.0497439
0.0505669
0.0510278
0.0126195
0.0128828
0.0132343
0.0135754
0.0138587
0.0140765
0.0142304
0.0143335
0.014397
0.0144393
0.0144763
0.0145266
0.0145941
0.0146805
0.0147802
0.0148871
0.01501
0.0151457
0.0152913
0.0154354
0.0155825
0.0157427
0.0159079
0.0160702
0.0162301
0.0163983
0.0165663
0.016737
0.0169199
0.017118
0.0173178
0.0175184
0.01772
0.017929
0.0181442
0.0183763
0.018631
0.0188722
0.0191087
0.0193533
0.0196041
0.0198994
0.0201853
0.0204675
0.0207538
0.0209865
0.0213182
0.0217324
0.0219895
0.0222335
0.0226449
0.0230327
0.0232992
0.0236289
0.0240804
0.0244617
0.024789
0.0252012
0.0255882
0.0259864
0.0264575
0.026862
0.027251
0.0277394
0.0281963
0.0286393
0.0291303
0.0296002
0.0300826
0.030607
0.0311369
0.0316263
0.0321737
0.0327199
0.0332899
0.0338448
0.0344352
0.0350267
0.0356336
0.0362474
0.0368725
0.0375361
0.0381664
0.0388604
0.039519
0.0402401
0.040934
0.0416549
0.0424079
0.0431391
0.0439293
0.0446982
0.0454927
0.0463326
0.0471399
0.048037
0.0488877
0.0497505
0.0505733
0.0510366
0.0138267
0.0137675
0.0136635
0.0135949
0.0135788
0.0136157
0.0136999
0.0138197
0.0139551
0.0140918
0.014223
0.014352
0.0144832
0.0146132
0.0147433
0.0148659
0.0149971
0.0151364
0.0152842
0.0154316
0.015575
0.0157299
0.0158921
0.0160577
0.0162182
0.0163912
0.0165633
0.0167383
0.0169212
0.0171203
0.0173256
0.0175237
0.0177314
0.0179394
0.0181575
0.0183829
0.0186302
0.0188829
0.0191179
0.0193761
0.0196213
0.019896
0.0201882
0.0204678
0.0207732
0.0210224
0.0213065
0.0217009
0.0220205
0.0222717
0.0226187
0.0230261
0.0233466
0.0236393
0.0240595
0.0244767
0.0248093
0.0252058
0.0256039
0.025986
0.0264497
0.0268862
0.0272657
0.0277332
0.0282052
0.0286456
0.029134
0.0296123
0.0300836
0.0306036
0.0311443
0.0316378
0.0321778
0.0327182
0.0332939
0.0338531
0.0344397
0.0350305
0.035637
0.0362492
0.0368778
0.0375419
0.0381683
0.0388623
0.039523
0.0402435
0.0409356
0.0416559
0.0424104
0.0431424
0.0439314
0.0447005
0.0454962
0.0463365
0.0471439
0.0480419
0.0488935
0.0497561
0.0505789
0.0510333
0.0126173
0.0128002
0.0130571
0.0133088
0.0135206
0.0136844
0.0138026
0.0138982
0.0139925
0.0140923
0.0141984
0.0143082
0.0144345
0.0145709
0.0147161
0.0148557
0.0149955
0.0151417
0.015294
0.0154515
0.015596
0.0157457
0.0158992
0.0160612
0.0162218
0.0163922
0.0165675
0.0167471
0.0169378
0.0171313
0.01734
0.0175406
0.0177472
0.0179609
0.0181767
0.0184031
0.018639
0.0188982
0.0191364
0.0193916
0.0196461
0.019897
0.0201933
0.0204816
0.0207828
0.0210611
0.0213235
0.0216842
0.0220347
0.022311
0.0226246
0.0230052
0.0233747
0.0236745
0.0240377
0.0244784
0.024836
0.0252095
0.0256232
0.025995
0.0264343
0.0269062
0.0272888
0.0277282
0.0282082
0.0286567
0.0291432
0.029629
0.0300926
0.0306048
0.031156
0.0316567
0.0321876
0.0327202
0.0333016
0.0338646
0.034448
0.0350375
0.0356421
0.0362525
0.0368853
0.0375489
0.0381707
0.0388656
0.039529
0.0402497
0.0409402
0.04166
0.0424156
0.0431476
0.0439353
0.0447037
0.0455004
0.0463405
0.0471476
0.0480465
0.0488984
0.0497618
0.0505837
0.0510434
0.0139061
0.0137386
0.0134973
0.0132878
0.0131579
0.0131159
0.0131603
0.0132765
0.0134507
0.013658
0.0138825
0.0140986
0.0143058
0.0144985
0.0146781
0.0148418
0.014988
0.0151363
0.0152879
0.0154474
0.015593
0.0157366
0.0158824
0.0160393
0.0162049
0.0163728
0.0165525
0.0167406
0.01694
0.0171336
0.017337
0.017546
0.0177485
0.0179653
0.0181816
0.0184085
0.0186438
0.0188984
0.0191497
0.0193969
0.0196591
0.0199036
0.0201857
0.0204942
0.0207789
0.0210733
0.0213454
0.0216699
0.0220346
0.0223289
0.0226401
0.0229945
0.0233725
0.0237176
0.024032
0.0244589
0.0248617
0.0252081
0.025631
0.0260146
0.0264137
0.026911
0.0273156
0.0277209
0.0282034
0.0286615
0.0291455
0.0296379
0.0300957
0.0305985
0.031156
0.0316671
0.032193
0.0327154
0.033302
0.0338703
0.0344508
0.0350403
0.0356436
0.0362515
0.0368888
0.0375535
0.0381707
0.0388657
0.0395313
0.0402517
0.0409407
0.0416598
0.0424166
0.0431494
0.0439363
0.0447049
0.0455025
0.0463429
0.0471501
0.0480495
0.0489024
0.0497654
0.050588
0.0510464
0.0134527
0.0132073
0.0129137
0.0126803
0.0125583
0.0125572
0.0126718
0.0128728
0.0131323
0.0134184
0.0137106
0.0139845
0.0142338
0.0144567
0.0146546
0.0148309
0.0149817
0.0151294
0.0152801
0.0154365
0.0155831
0.0157239
0.0158665
0.0160209
0.01619
0.0163598
0.0165402
0.0167349
0.0169377
0.0171349
0.017335
0.0175469
0.0177513
0.0179656
0.0181848
0.0184096
0.0186472
0.0188971
0.0191525
0.0194019
0.0196611
0.0199142
0.0201856
0.0205031
0.0207895
0.0210788
0.0213686
0.021674
0.0220354
0.0223407
0.0226503
0.0230038
0.0233675
0.0237399
0.0240581
0.0244471
0.0248755
0.0252248
0.0256303
0.0260362
0.0264161
0.0269039
0.0273371
0.0277328
0.0282035
0.0286715
0.0291546
0.0296515
0.030111
0.0306066
0.0311641
0.0316814
0.0322085
0.0327237
0.0333089
0.0338812
0.0344602
0.0350482
0.0356516
0.0362567
0.0368947
0.0375614
0.0381761
0.0388701
0.0395374
0.0402585
0.0409469
0.0416653
0.0424221
0.0431546
0.0439409
0.0447083
0.0455061
0.0463464
0.047153
0.0480531
0.0489062
0.049771
0.0505919
0.0510538
)
;

boundaryField
{
    zeroGradientPlanes
    {
        type            zeroGradient;
    }
    inlet
    {
        type            zeroGradient;
    }
    plate
    {
        type            zeroGradient;
    }
    frontAndBack
    {
        type            empty;
    }
}


// ************************************************************************* //
