/*--------------------------------*- C++ -*----------------------------------*\
| =========                 |                                                 |
| \\      /  F ield         | OpenFOAM: The Open Source CFD Toolbox           |
|  \\    /   O peration     | Version:  v1912                                 |
|   \\  /    A nd           | Website:  www.openfoam.com                      |
|    \\/     M anipulation  |                                                 |
\*---------------------------------------------------------------------------*/
FoamFile
{
    version     2.0;
    format      ascii;
    class       volScalarField;
    location    "4.2";
    object      p;
}
// * * * * * * * * * * * * * * * * * * * * * * * * * * * * * * * * * * * * * //

dimensions      [0 2 -2 0 0 0 0];


internalField   nonuniform List<scalar> 
9600
(
-8.95196e-11
0.00482071
0.00794602
0.0044208
-0.00132315
0.00389546
0.00409929
0.00554634
0.00977543
0.0124576
0.0119113
0.0119053
0.0102875
0.0116018
0.0113215
0.0126492
0.0114575
0.0114552
0.0111221
0.0163569
1.68262e-06
0.00482509
0.00793893
0.00443056
-0.00130687
0.00387905
0.0040931
0.00556799
0.00976876
0.0124519
0.0119244
0.0119037
0.0102879
0.011593
0.0113234
0.0126499
0.0115008
0.0114564
0.0111485
0.0158574
5.35956e-06
0.00483761
0.00793004
0.00444151
-0.00128775
0.0038589
0.00409016
0.00560777
0.00975565
0.0124711
0.0119448
0.0118971
0.0103027
0.011581
0.0113342
0.0126466
0.011535
0.0114405
0.011154
0.0152276
1.3574e-05
0.00485925
0.0079107
0.00445311
-0.00125041
0.00384638
0.004092
0.00565693
0.00973785
0.012499
0.0119697
0.0118893
0.0103286
0.0115614
0.0113449
0.0126275
0.0115618
0.0114188
0.0111481
0.0146254
2.85984e-05
0.00488483
0.00787685
0.00446473
-0.00118919
0.00384413
0.0040971
0.0057084
0.00971783
0.0125302
0.0119984
0.0118791
0.0103607
0.0115344
0.0113546
0.0125947
0.0115837
0.0113957
0.011131
0.0140515
5.1225e-05
0.00490957
0.00782889
0.00447589
-0.00110384
0.00385149
0.0041033
0.00575953
0.00969927
0.0125597
0.0120295
0.0118661
0.010397
0.0115022
0.0113644
0.0125476
0.0116006
0.0113713
0.0111157
0.0135137
8.10479e-05
0.00493143
0.00777017
0.00448657
-0.0009994
0.00386468
0.00410779
0.00580874
0.00968252
0.0125835
0.012061
0.0118502
0.010436
0.0114667
0.0113745
0.0124881
0.0116117
0.0113483
0.0111044
0.0130234
0.000116896
0.00495044
0.00770516
0.00449743
-0.000880603
0.00387819
0.00410769
0.0058537
0.00966592
0.0125986
0.0120891
0.0118307
0.0104779
0.0114291
0.0113844
0.0124199
0.0116158
0.0113291
0.0111005
0.0125947
0.000157296
0.00496753
0.00763783
0.00450958
-0.000750152
0.00388601
0.00410225
0.00589295
0.00964728
0.0126023
0.0121093
0.0118073
0.0105229
0.0113899
0.0113926
0.0123472
0.0116123
0.0113158
0.0111096
0.0122391
0.000200906
0.00498372
0.00757061
0.00452427
-0.000609253
0.0038887
0.00409351
0.005927
0.00962517
0.0125922
0.0121173
0.0117795
0.0105706
0.0113496
0.0113983
0.0122729
0.0116002
0.0113089
0.0111355
0.0119606
0.000246792
0.00499963
0.00750421
0.00454236
-0.000458357
0.00388749
0.00408578
0.00595863
0.00959942
0.0125671
0.0121102
0.0117465
0.0106204
0.0113086
0.011401
0.0121994
0.0115793
0.0113061
0.0111759
0.0117531
0.000294481
0.00501542
0.00743884
0.00456396
-0.000298114
0.00388497
0.00404724
0.00599182
0.00957089
0.0125263
0.0120865
0.0117081
0.0106716
0.0112668
0.0113999
0.0121295
0.0115511
0.0113039
0.011224
0.0116056
0.000343861
0.00503094
0.00737413
0.00458865
-0.000129838
0.0038841
0.00405993
0.00603012
0.00954097
0.0124699
0.0120471
0.0116645
0.0107232
0.0112246
0.0113943
0.0120644
0.0115164
0.0112988
0.0112721
0.0115033
0.00039502
0.00504603
0.00730963
0.00461588
4.47176e-05
0.00388683
0.00408724
0.00607559
0.00951096
0.0123986
0.0119944
0.0116163
0.0107738
0.0111828
0.0113833
0.0120048
0.0114764
0.0112874
0.0113153
0.0114259
0.000448088
0.00506063
0.00724512
0.00464502
0.000223885
0.00389365
0.00412894
0.00612839
0.00948192
0.0123141
0.0119314
0.0115646
0.0108225
0.0111421
0.0113666
0.0119503
0.0114333
0.0112669
0.0113511
0.0113571
0.000503173
0.0050748
0.00718077
0.0046755
0.000406433
0.0039043
0.00418254
0.00618677
0.00945469
0.0122183
0.0118612
0.0115104
0.0108682
0.0111031
0.0113441
0.011899
0.0113884
0.0112365
0.0113777
0.011291
0.000560349
0.00508858
0.00711695
0.00470683
0.000591669
0.00391822
0.00424469
0.00624805
0.00942981
0.0121129
0.011786
0.0114552
0.0109095
0.0110657
0.0113159
0.0118491
0.0113425
0.0111955
0.0113925
0.011227
0.000619681
0.00510196
0.0070541
0.00473864
0.000779305
0.00393493
0.0043126
0.00630984
0.00940752
0.0120001
0.0117073
0.0114
0.0109457
0.0110299
0.0112821
0.0117989
0.0112964
0.0111443
0.0113936
0.0111654
0.000681249
0.00511488
0.00699264
0.0047706
0.000969202
0.00395418
0.00438436
0.0063705
0.00938792
0.0118816
0.0116255
0.0113456
0.0109764
0.0109953
0.0112434
0.0117471
0.0112501
0.0110837
0.0113803
0.0111065
0.000745148
0.00512716
0.00693296
0.00480245
0.00116122
0.00397593
0.0044588
0.00642919
0.00937094
0.011759
0.0115407
0.0112924
0.0110016
0.0109613
0.0112003
0.0116931
0.0112037
0.0110155
0.0113522
0.0110504
0.000811492
0.00513862
0.00687547
0.0048341
0.00135518
0.00400018
0.00453529
0.0064855
0.00935625
0.0116336
0.0114523
0.0112409
0.0110216
0.0109267
0.0111528
0.0116368
0.0111575
0.0109413
0.0113097
0.0109972
0.000880418
0.00514902
0.00682056
0.00486548
0.00155083
0.00402696
0.00461344
0.0065393
0.00934325
0.0115069
0.0113597
0.0111908
0.0110371
0.0108906
0.0111008
0.0115787
0.0111114
0.0108625
0.0112533
0.0109465
0.000952085
0.00515813
0.00676861
0.00489661
0.00174778
0.00405616
0.00469289
0.00659072
0.00933118
0.0113802
0.0112627
0.0111415
0.0110491
0.0108526
0.0110433
0.0115186
0.0110655
0.0107804
0.0111831
0.0108975
0.00102669
0.00516565
0.00671999
0.00492757
0.00194559
0.0040878
0.00477312
0.00664004
0.00931917
0.0112547
0.0111612
0.0110916
0.0110585
0.0108129
0.0109797
0.011456
0.0110202
0.0106963
0.0110999
0.010848
0.00110444
0.00517131
0.00667504
0.00495843
0.00214372
0.00412203
0.00485358
0.00668762
0.00930649
0.0111314
0.0110556
0.0110397
0.0110658
0.010772
0.0109091
0.0113902
0.0109756
0.0106113
0.0110058
0.0107966
0.00118558
0.00517481
0.00663407
0.00498929
0.00234152
0.00415917
0.0049337
0.00673388
0.0092925
0.011011
0.0109467
0.0109845
0.0110712
0.0107307
0.0108311
0.0113204
0.0109321
0.0105267
0.0109026
0.0107424
0.00127036
0.00517587
0.00659729
0.00502033
0.0025383
0.00419982
0.00501283
0.00677915
0.00927676
0.0108944
0.0108352
0.0109246
0.0110742
0.0106901
0.0107456
0.0112456
0.0108899
0.010443
0.0107912
0.0106854
0.00135905
0.0051742
0.00656491
0.00505174
0.00273324
0.00424466
0.0050903
0.00682374
0.00925897
0.0108096
0.0107226
0.010859
0.0110736
0.0106521
0.0106534
0.0111647
0.0108497
0.0103614
0.0106711
0.0106255
0.00145193
0.0051695
0.00653715
0.00508391
0.00292543
0.00429435
0.00516555
0.00686764
0.00923868
0.0107003
0.0106103
0.0107869
0.0110681
0.0106176
0.0105551
0.0110757
0.0108121
0.0102842
0.0105417
0.0105606
0.00154929
0.00516149
0.0065142
0.00511734
0.00311388
0.00434974
0.00523824
0.0069105
0.00921598
0.0105936
0.0104992
0.0107082
0.0110567
0.0105878
0.0104521
0.010977
0.0107761
0.0102153
0.0104038
0.0104863
0.00165145
0.00514993
0.0064961
0.00515259
0.0032975
0.00441161
0.00530829
0.00695182
0.00919122
0.01049
0.01039
0.0106231
0.0110375
0.0105629
0.0103469
0.0108674
0.0107397
0.0101576
0.010261
0.0103973
0.00175871
0.00513464
0.00648278
0.00519039
0.00347523
0.00448042
0.00537603
0.0069911
0.00916449
0.0103892
0.0102836
0.0105324
0.0110086
0.0105421
0.0102427
0.0107476
0.0106997
0.010112
0.0101189
0.0102896
0.00187138
0.0051155
0.00647403
0.00523158
0.00364611
0.00455636
0.00544202
0.00702773
0.00913591
0.0102907
0.01018
0.0104375
0.010969
0.0105234
0.0101423
0.0106197
0.0106535
0.0100777
0.00998267
0.0101618
0.00198974
0.00509242
0.00646946
0.00527719
0.00380936
0.00463922
0.005507
0.00706195
0.00910603
0.0101943
0.0100791
0.0103397
0.0109183
0.0105048
0.0100468
0.0104858
0.0106001
0.010053
0.0098573
0.0100159
0.00211409
0.00506553
0.00646828
0.00532838
0.00396463
0.00472817
0.00557208
0.00709148
0.00907516
0.0100997
0.00998008
0.0102401
0.0108565
0.0104843
0.00995761
0.0103477
0.0105384
0.0100349
0.00974757
0.00985839
0.00224465
0.00503525
0.00646901
0.00538645
0.0041124
0.00482159
0.00563818
0.00711694
0.00904353
0.0100074
0.00988199
0.0101397
0.0107846
0.0104586
0.00987466
0.0102092
0.0104691
0.0100199
0.00965547
0.00969653
0.00238156
0.00500234
0.00646946
0.00545243
0.00425423
0.00491736
0.00570584
0.00713854
0.00901129
0.00991824
0.00978357
0.0100383
0.0107055
0.0104264
0.00979444
0.0100713
0.010396
0.0100078
0.00958142
0.00953771
0.00252503
0.00496764
0.00646682
0.00552702
0.00439264
0.00501295
0.00577501
0.00715703
0.00897808
0.00983345
0.00968428
0.00993359
0.0106209
0.0103902
0.00971544
0.00993101
0.0103193
0.00999936
0.00952578
0.0093914
0.00267523
0.00493245
0.00645829
0.00561014
0.00453072
0.0051069
0.00584494
0.00717295
0.00894319
0.00975408
0.00958594
0.00982427
0.0105297
0.0103504
0.00963929
0.00978728
0.0102377
0.00999494
0.00948697
0.00926617
0.0028321
0.0048983
0.00644179
0.0057011
0.00467094
0.00519871
0.00591508
0.00718657
0.00890649
0.00967996
0.00948925
0.00971031
0.010432
0.0103068
0.00956457
0.00963808
0.0101503
0.00999915
0.00946538
0.00916424
0.00299538
0.00486727
0.00641546
0.00579842
0.00481615
0.00528834
0.00598411
0.00719808
0.00886775
0.00961248
0.00939525
0.00958945
0.0103271
0.0102624
0.00949303
0.00947963
0.0100512
0.010014
0.00946707
0.00908808
0.00316468
0.00484131
0.00637806
0.00589982
0.00496832
0.00537708
0.00605097
0.00720685
0.00882638
0.00955219
0.00930659
0.00946271
0.0102125
0.0102162
0.0094298
0.00931225
0.00992483
0.0100343
0.00950486
0.00904973
0.00333946
0.00482204
0.00632873
0.0060029
0.00512888
0.0054662
0.00611522
0.00721255
0.00878209
0.00949858
0.00922522
0.00933179
0.0100877
0.010167
0.00937825
0.00914491
0.00975964
0.0100258
0.00957034
0.00907682
0.0035189
0.0048111
0.0062679
0.0061043
0.00529865
0.0055582
0.00617581
0.00721529
0.00873379
0.00945056
0.00915488
0.00919821
0.00995
0.0101141
0.00934213
0.00899401
0.0095751
0.0099865
0.00963147
0.00913153
0.00370193
0.00480992
0.006198
0.00620022
0.00547606
0.00565688
0.00623332
0.00721395
0.00868183
0.00940704
0.00909605
0.00906656
0.00979893
0.0100548
0.00932705
0.00886872
0.0093912
0.00993987
0.00968092
0.00910672
0.00388701
0.00482026
0.00612261
0.00628633
0.00565956
0.00576494
0.00628858
0.00720772
0.00862578
0.00936831
0.00904903
0.00893934
0.00963662
0.00998576
0.00933281
0.00877565
0.00920687
0.00985955
0.00971094
0.00904898
0.0040721
0.00484392
0.00604697
0.00635808
0.00584568
0.00588532
0.00634239
0.00719697
0.00856531
0.00933247
0.00901662
0.00881878
0.00946458
0.00990312
0.00934776
0.00870745
0.00898939
0.00967203
0.00969208
0.00910739
0.00425526
0.00488295
0.00597549
0.00641147
0.0060305
0.00602015
0.00639671
0.00718112
0.0085007
0.00929933
0.00899814
0.00870875
0.00928424
0.00980087
0.00936303
0.0086775
0.00879375
0.0094699
0.00966753
0.00911524
0.00443486
0.00493875
0.00591266
0.00644475
0.00620857
0.00616939
0.00645558
0.00716001
0.00843189
0.00926629
0.00899421
0.00861648
0.0090957
0.00967402
0.00936744
0.00867344
0.0086379
0.00923436
0.00954269
0.00911007
0.00460982
0.00501155
0.00586239
0.00645779
0.00637391
0.00633182
0.00652317
0.00713423
0.00835681
0.00923224
0.00900397
0.0085428
0.00890467
0.00951791
0.0093559
0.00869664
0.00851447
0.00896491
0.00935305
0.00913311
0.00477933
0.00510035
0.0058278
0.00645292
0.00652162
0.00650317
0.0066044
0.0071061
0.00827271
0.00919581
0.00902407
0.00849053
0.00871609
0.0093352
0.00932703
0.00873153
0.00841597
0.00871863
0.00915941
0.00912956
0.00494288
0.00520338
0.00581139
0.0064348
0.0066469
0.00667825
0.00670338
0.0070782
0.008177
0.00915281
0.00905385
0.00846099
0.00853475
0.00913413
0.0092717
0.00876512
0.00836605
0.00852219
0.00894246
0.00905659
0.00510051
0.00531761
0.00581501
0.00641026
0.00674674
0.00684998
0.00682044
0.00705598
0.00806882
0.00909856
0.00909041
0.00845577
0.00837338
0.00892064
0.00918499
0.00879853
0.00835879
0.00836416
0.0087114
0.00894117
0.00525248
0.0054395
0.00584024
0.00638633
0.00681923
0.00701043
0.00695418
0.00704737
0.00795
0.00902563
0.0091301
0.00847963
0.00823925
0.00869721
0.00906676
0.00882265
0.00837825
0.00825656
0.00849832
0.00879201
0.00539934
0.00556598
0.00588713
0.00636911
0.0068656
0.00715285
0.00709976
0.00705898
0.00782465
0.00892914
0.0091673
0.0085311
0.00813974
0.00847594
0.00891654
0.00882666
0.00841473
0.00819879
0.00832043
0.0086174
0.00554171
0.00569458
0.00595485
0.00636347
0.00688897
0.00727132
0.00725062
0.00709644
0.00769985
0.00880537
0.00919193
0.00860687
0.00808287
0.00827056
0.00873611
0.00879981
0.00845998
0.00818379
0.00819115
0.00843998
0.00568034
0.00582361
0.00604087
0.00637245
0.00689538
0.00736254
0.00739893
0.00716162
0.00758499
0.0086538
0.00919368
0.00870199
0.00807106
0.0080955
0.00853573
0.00873352
0.00850252
0.00820239
0.00811311
0.00828129
0.00581612
0.00595164
0.00614129
0.00639871
0.00689194
0.00742434
0.00753639
0.0072531
0.00749289
0.00847957
0.00915986
0.00880638
0.00810399
0.00796221
0.00833281
0.0086265
0.00852415
0.00824256
0.00808468
0.00816163
0.00594991
0.00607789
0.0062512
0.00644348
0.00688585
0.00745761
0.00765532
0.0073655
0.00743566
0.00829208
0.00907826
0.00890477
0.00818144
0.00787768
0.00814407
0.00848744
0.00851179
0.00828823
0.00809727
0.00809322
0.00608244
0.00620196
0.00636553
0.00650632
0.00688407
0.007466
0.00774877
0.00749058
0.00742185
0.00810845
0.00894556
0.00897466
0.00829745
0.0078502
0.00798232
0.00833004
0.00846333
0.00832121
0.00813298
0.00807571
0.00621403
0.00632373
0.00648038
0.00658533
0.00689166
0.00745539
0.0078141
0.00761695
0.00745142
0.00795103
0.00877065
0.00899246
0.00843286
0.00788401
0.0078625
0.00816822
0.00838291
0.00833144
0.00817289
0.00809587
0.00634475
0.00644356
0.00659272
0.00667671
0.00691321
0.0074335
0.00785174
0.00773232
0.00751561
0.00783812
0.00857323
0.00894732
0.0085574
0.00797082
0.00780047
0.00801837
0.00827719
0.00831689
0.00820447
0.00813408
0.0064744
0.00656168
0.0067011
0.00677531
0.00695139
0.00740849
0.00786397
0.00782924
0.0076019
0.00777645
0.00838543
0.00884647
0.00864364
0.00808961
0.00779966
0.00790178
0.00815782
0.00827772
0.00822209
0.00817265
0.00660237
0.00667817
0.00680516
0.00687613
0.00700573
0.00738889
0.00785493
0.00790371
0.00769553
0.00775947
0.00823182
0.00870769
0.00867568
0.00821214
0.00785006
0.00783523
0.00804264
0.00821687
0.00822587
0.00820299
0.00672796
0.00679323
0.00690505
0.00697509
0.0070735
0.00738135
0.00783132
0.00795401
0.00778639
0.00777609
0.00812274
0.00856215
0.00865445
0.00831485
0.00793489
0.00782047
0.00795151
0.00814218
0.00821514
0.00822539
0.00685047
0.00690691
0.00700141
0.00706965
0.00715136
0.00738905
0.00780095
0.00798111
0.00786908
0.00781504
0.00805529
0.00843525
0.0085944
0.0083792
0.00803356
0.00785124
0.00789759
0.00806671
0.00818965
0.00824289
0.00696918
0.00701898
0.00709513
0.00715836
0.00723471
0.00741295
0.00777165
0.00798818
0.0079382
0.00786758
0.0080232
0.00833667
0.00852062
0.00840426
0.00812365
0.00791595
0.00788628
0.00800641
0.00815155
0.00825172
0.00708351
0.00712883
0.00718701
0.00724091
0.00731848
0.00745109
0.00775019
0.00798135
0.00799021
0.00792507
0.00802091
0.00826736
0.00845163
0.00840449
0.00819012
0.00799538
0.00791569
0.00797551
0.00811275
0.00824956
0.00719295
0.00723573
0.00727736
0.00731797
0.00739907
0.00749999
0.00773976
0.0079669
0.00802588
0.00798136
0.00804202
0.00822894
0.00839337
0.0083935
0.00823698
0.0080685
0.00797186
0.00798105
0.00808949
0.00824271
0.00729717
0.00733887
0.00736609
0.00739017
0.00747425
0.00755663
0.00774228
0.00794965
0.00804625
0.00803205
0.00807677
0.00821997
0.00835546
0.00838267
0.00827844
0.00813277
0.00803433
0.00801395
0.00808755
0.00823829
0.00739577
0.0074376
0.00745292
0.00745833
0.00754237
0.00761558
0.00775765
0.0079371
0.00805523
0.00807486
0.00811694
0.00822904
0.00833937
0.00837629
0.00832213
0.0082054
0.00810602
0.0080742
0.00811827
0.00825184
0.00748837
0.00753133
0.00753768
0.00752314
0.00760287
0.00767166
0.00778047
0.00793162
0.00805837
0.00811182
0.00816651
0.00825541
0.0083454
0.00837772
0.00835415
0.00827802
0.00818201
0.00814629
0.00817868
0.00830092
0.0075746
0.00761914
0.00761949
0.00758535
0.00765687
0.00772307
0.00780698
0.00792776
0.00805456
0.00813833
0.00821954
0.00830276
0.00838456
0.0084141
0.00839817
0.00835948
0.00827103
0.00821573
0.00823152
0.00833878
0.00765438
0.00770026
0.0076963
0.0076447
0.00770528
0.0077693
0.00783743
0.00792835
0.00804534
0.00815029
0.00825761
0.00835034
0.0084416
0.00849348
0.00848717
0.00848116
0.00843444
0.00837323
0.00836238
0.0084314
0.00772699
0.00777386
0.00776769
0.00769922
0.00774702
0.00780806
0.00786669
0.00793591
0.00803798
0.00815504
0.00828345
0.00837539
0.00846696
0.00855011
0.00856201
0.00856146
0.00855996
0.00853875
0.0085501
0.00863086
0.00779519
0.00783939
0.00783161
0.00774772
0.00777934
0.0078356
0.00788756
0.00794271
0.00804744
0.00819073
0.00837859
0.00852556
0.00863755
0.00875344
0.00879359
0.00877756
0.00874139
0.0086699
0.00860111
0.0085902
0.00785891
0.00790135
0.00788631
0.00778742
0.00779593
0.00783923
0.00786999
0.00787066
0.00791562
0.00800658
0.00817315
0.00840315
0.00863636
0.0088816
0.00905344
0.00917727
0.00932795
0.00950097
0.0096721
0.00981418
0.0079053
0.00794952
0.00795411
0.00786236
0.00786436
0.00789625
0.00793204
0.00795712
0.00806288
0.00823147
0.00844723
0.00867897
0.0088506
0.00900842
0.00912715
0.00912965
0.00906707
0.00899299
0.00891883
0.00886068
0.00795173
0.00796916
0.00793634
0.00781736
0.00780747
0.00786278
0.0079175
0.00793877
0.00804328
0.00821465
0.0083993
0.00863061
0.00885074
0.00904779
0.00926037
0.00944514
0.00962356
0.00982129
0.0100052
0.0101209
0.00802774
0.00807596
0.00806403
0.00794333
0.00790821
0.00790078
0.00790637
0.00787511
0.0079273
0.00812033
0.00839332
0.00875699
0.0091365
0.00940711
0.00959097
0.00972796
0.00983892
0.00993075
0.00999576
0.0100049
0.0247207
0.0173402
0.00779643
0.0007499
-0.000359033
0.00155842
0.00306853
0.00404991
0.00506189
0.00586991
0.00637158
0.00687674
0.00746799
0.00798361
0.00824538
0.00821241
0.00809596
0.00816431
0.00824798
0.0079308
0.00744951
0.00753586
0.00835538
0.00929843
0.00982538
0.0100368
0.0102222
0.0103644
0.0103511
0.010348
0.0105129
0.0107272
0.0109413
0.0112307
0.0115397
0.0117727
0.0120022
0.012267
0.0124882
0.0126943
0.012934
0.0131897
0.0134546
0.0137208
0.0139391
0.0141091
0.0142777
0.0144963
0.0147451
0.0150368
0.0153464
0.0156168
0.0158875
0.0162686
0.0166788
0.0170116
0.017419
0.0178378
0.0178977
0.0177022
0.0177388
0.0181577
0.0188698
0.0194738
0.0199257
0.0203443
0.020651
0.0208505
0.0211465
0.0215193
0.0219424
0.0224243
0.0228703
0.0232721
0.0235976
0.0239824
0.0244278
0.0248999
0.0253172
0.0258044
0.0263267
0.026825
0.02731
0.0277772
0.0283347
0.0288808
0.0294392
0.0300189
0.030545
0.0311363
0.031675
0.0322948
0.0329301
0.0334907
0.0341051
0.0346875
0.035211
0.0356715
0.0360303
0.036315
0.0233853
0.0170599
0.00785446
0.000923653
-0.00025126
0.00160539
0.00309243
0.00406445
0.00507422
0.00588162
0.00638168
0.00688547
0.00747596
0.00799097
0.00825201
0.00821798
0.00810045
0.00816849
0.00825265
0.00793513
0.00745217
0.0075374
0.00835731
0.00930122
0.00982813
0.0100388
0.0102239
0.0103662
0.0103528
0.0103493
0.0105141
0.0107284
0.0109424
0.0112316
0.0115407
0.0117736
0.012003
0.0122678
0.012489
0.012695
0.0129347
0.0131904
0.0134553
0.0137215
0.0139398
0.0141098
0.0142783
0.0144969
0.0147457
0.0150373
0.0153469
0.0156173
0.015888
0.016269
0.0166792
0.017012
0.0174193
0.0178382
0.0178983
0.0177026
0.017739
0.0181578
0.0188701
0.0194741
0.0199259
0.0203446
0.0206513
0.0208507
0.0211467
0.0215195
0.0219426
0.0224245
0.0228705
0.0232722
0.0235978
0.0239825
0.024428
0.0249
0.0253174
0.0258045
0.0263269
0.0268251
0.0273102
0.0277774
0.0283349
0.0288809
0.0294394
0.030019
0.0305451
0.0311365
0.0316751
0.0322949
0.0329302
0.0334908
0.0341052
0.0346876
0.035211
0.0356716
0.0360302
0.0363149
0.0222246
0.0167386
0.00797498
0.00124697
-5.37269e-05
0.00167989
0.00312562
0.00408337
0.00508637
0.00589112
0.00638984
0.00689298
0.00748345
0.00799849
0.00825893
0.00822357
0.00810468
0.00817236
0.00825686
0.0079387
0.00745384
0.00753809
0.00835894
0.00930418
0.00983104
0.0100409
0.0102256
0.0103679
0.0103543
0.0103504
0.010515
0.0107293
0.0109432
0.0112325
0.0115416
0.0117744
0.0120037
0.0122686
0.0124897
0.0126956
0.0129352
0.0131909
0.0134558
0.0137221
0.0139404
0.0141103
0.0142788
0.0144973
0.0147462
0.0150377
0.0153474
0.0156178
0.0158883
0.0162693
0.0166796
0.0170123
0.0174196
0.0178388
0.0178989
0.0177029
0.017739
0.0181579
0.0188703
0.0194744
0.0199262
0.0203449
0.0206516
0.0208509
0.0211469
0.0215197
0.0219427
0.0224246
0.0228706
0.0232724
0.0235979
0.0239826
0.0244281
0.0249002
0.0253175
0.0258046
0.026327
0.0268252
0.0273103
0.0277775
0.028335
0.028881
0.0294395
0.0300191
0.0305452
0.0311365
0.0316752
0.032295
0.0329302
0.0334909
0.0341053
0.0346877
0.0352111
0.0356716
0.0360303
0.0363148
0.0210977
0.0163644
0.00812797
0.00166374
0.000232919
0.00179959
0.00318479
0.00411826
0.00510667
0.00590476
0.0064003
0.00690121
0.00749072
0.00800545
0.00826572
0.0082304
0.00811126
0.00817821
0.00826204
0.00794283
0.007456
0.00753897
0.00836076
0.00930789
0.00983511
0.0100439
0.0102277
0.0103697
0.010356
0.0103518
0.0105162
0.0107304
0.0109442
0.0112336
0.0115426
0.0117752
0.0120044
0.0122694
0.0124904
0.0126962
0.0129358
0.0131915
0.0134564
0.0137227
0.0139411
0.0141109
0.0142792
0.0144977
0.0147467
0.0150382
0.0153478
0.0156182
0.0158887
0.0162697
0.0166801
0.0170126
0.0174199
0.0178395
0.0178997
0.017703
0.0177389
0.0181578
0.0188706
0.0194749
0.0199265
0.0203452
0.0206519
0.0208511
0.021147
0.0215198
0.0219428
0.0224248
0.0228708
0.0232726
0.0235981
0.0239827
0.0244282
0.0249003
0.0253176
0.0258047
0.0263271
0.0268254
0.0273104
0.0277776
0.028335
0.0288812
0.0294395
0.0300192
0.0305453
0.0311366
0.0316753
0.0322951
0.0329304
0.033491
0.0341053
0.0346878
0.0352112
0.0356717
0.0360304
0.0363146
0.0199779
0.0159554
0.00829393
0.00211098
0.000556912
0.00194285
0.00325936
0.00416551
0.00513556
0.00592424
0.00641449
0.00691091
0.00749802
0.00801142
0.00827104
0.00823718
0.00811995
0.00818642
0.00826864
0.00794861
0.00746032
0.00754111
0.0083627
0.00931205
0.00984067
0.0100485
0.0102306
0.010372
0.0103585
0.0103541
0.0105179
0.0107317
0.0109456
0.0112352
0.011544
0.0117762
0.0120053
0.0122702
0.0124912
0.012697
0.0129365
0.0131921
0.013457
0.0137234
0.0139418
0.0141115
0.0142796
0.0144982
0.0147472
0.0150387
0.0153483
0.0156187
0.0158891
0.0162701
0.0166805
0.0170129
0.0174202
0.0178404
0.0179005
0.0177031
0.0177387
0.0181576
0.018871
0.0194754
0.0199268
0.0203455
0.0206523
0.0208513
0.0211471
0.02152
0.021943
0.022425
0.0228711
0.0232728
0.0235982
0.0239828
0.0244283
0.0249005
0.0253177
0.0258048
0.0263273
0.0268255
0.0273105
0.0277776
0.0283351
0.0288813
0.0294397
0.0300193
0.0305454
0.0311367
0.0316754
0.0322951
0.0329305
0.0334911
0.0341054
0.0346879
0.0352114
0.0356719
0.0360306
0.0363144
0.0188823
0.0155228
0.00845334
0.00256149
0.00089792
0.00209734
0.00333904
0.00421779
0.00516988
0.00594882
0.00643226
0.00692204
0.00750519
0.00801561
0.00827329
0.00824212
0.00812944
0.00819608
0.00827596
0.00795618
0.007468
0.00754579
0.00836508
0.00931634
0.00984762
0.0100549
0.0102343
0.0103747
0.0103621
0.0103578
0.0105203
0.0107333
0.0109477
0.0112376
0.0115458
0.0117775
0.0120065
0.0122713
0.0124921
0.0126979
0.0129373
0.0131929
0.0134577
0.0137242
0.0139427
0.0141122
0.01428
0.0144986
0.0147478
0.0150393
0.0153487
0.0156192
0.0158896
0.0162706
0.016681
0.0170133
0.0174207
0.0178414
0.0179014
0.0177033
0.0177384
0.0181575
0.0188715
0.0194761
0.0199272
0.020346
0.0206528
0.0208515
0.0211472
0.0215202
0.0219432
0.0224252
0.0228713
0.0232731
0.0235984
0.0239829
0.0244285
0.0249007
0.0253178
0.0258049
0.0263274
0.0268256
0.0273107
0.0277777
0.0283353
0.0288814
0.0294398
0.0300194
0.0305455
0.0311368
0.0316755
0.0322952
0.0329306
0.0334912
0.0341055
0.0346881
0.0352115
0.0356722
0.0360309
0.0363142
0.0178339
0.0150718
0.00859508
0.0030074
0.00125289
0.00226175
0.00342146
0.00427257
0.00520832
0.00597788
0.00645309
0.00693428
0.00751212
0.00801811
0.0082724
0.00824425
0.00813804
0.00820555
0.00828272
0.00796457
0.00747868
0.00755349
0.00836876
0.00932119
0.00985591
0.0100629
0.0102388
0.0103777
0.0103671
0.0103632
0.0105235
0.0107354
0.0109504
0.0112408
0.0115483
0.0117794
0.0120081
0.0122725
0.0124932
0.0126989
0.0129383
0.0131936
0.0134584
0.0137251
0.013944
0.0141132
0.0142804
0.0144993
0.0147487
0.0150398
0.0153491
0.0156197
0.0158902
0.0162711
0.0166815
0.0170137
0.0174213
0.0178426
0.0179025
0.0177034
0.0177381
0.0181572
0.018872
0.0194768
0.0199276
0.0203464
0.0206533
0.0208517
0.0211474
0.0215204
0.0219434
0.0224255
0.0228716
0.0232734
0.0235986
0.023983
0.0244286
0.0249009
0.025318
0.025805
0.0263276
0.0268258
0.0273108
0.0277778
0.0283354
0.0288815
0.0294399
0.0300196
0.0305456
0.031137
0.0316756
0.0322953
0.0329308
0.0334913
0.0341057
0.0346882
0.0352117
0.0356726
0.0360316
0.036314
0.0168543
0.0146093
0.00871345
0.00344634
0.00162395
0.00243964
0.00350842
0.00433062
0.00525141
0.00601169
0.0064769
0.00694751
0.00751895
0.00801953
0.00826921
0.00824391
0.00814525
0.0082143
0.00828841
0.00797244
0.00749043
0.00756313
0.00837423
0.00932763
0.00986584
0.0100722
0.0102435
0.0103808
0.0103733
0.0103702
0.0105276
0.0107378
0.0109539
0.0112447
0.0115513
0.0117818
0.0120103
0.0122741
0.0124945
0.0127003
0.0129394
0.0131943
0.0134591
0.0137261
0.0139455
0.0141145
0.0142811
0.0145002
0.0147499
0.0150406
0.0153494
0.0156202
0.0158909
0.0162715
0.0166818
0.0170142
0.0174221
0.0178439
0.0179037
0.0177037
0.0177378
0.018157
0.0188725
0.0194777
0.0199281
0.020347
0.020654
0.0208521
0.0211476
0.0215208
0.0219437
0.0224259
0.022872
0.0232738
0.0235989
0.0239832
0.0244288
0.0249011
0.0253181
0.0258052
0.0263278
0.026826
0.0273109
0.027778
0.0283355
0.0288817
0.02944
0.0300198
0.0305457
0.0311371
0.0316757
0.0322954
0.032931
0.0334914
0.0341059
0.0346885
0.035212
0.0356732
0.0360324
0.0363138
0.0159611
0.0141433
0.00880679
0.00387766
0.00201313
0.0026351
0.00360319
0.00439442
0.00530111
0.00605133
0.00650416
0.00696223
0.00752664
0.00802113
0.00826488
0.00824187
0.00815151
0.00822295
0.00829378
0.00797942
0.00750129
0.0075726
0.00838076
0.00933617
0.00987787
0.0100827
0.0102484
0.0103838
0.0103801
0.0103784
0.0105324
0.0107406
0.0109578
0.0112491
0.0115547
0.0117848
0.0120131
0.0122762
0.0124963
0.0127021
0.0129407
0.0131951
0.0134596
0.0137269
0.0139471
0.0141161
0.014282
0.0145016
0.0147518
0.0150418
0.0153498
0.0156209
0.0158918
0.0162718
0.0166818
0.0170144
0.0174229
0.0178454
0.0179052
0.0177044
0.0177378
0.0181568
0.0188731
0.0194785
0.0199286
0.0203476
0.0206546
0.0208525
0.0211479
0.0215212
0.0219441
0.0224263
0.0228724
0.0232742
0.0235993
0.0239834
0.0244291
0.0249014
0.0253183
0.0258054
0.0263281
0.0268262
0.0273111
0.0277781
0.0283357
0.0288818
0.0294402
0.0300199
0.0305458
0.0311372
0.0316759
0.0322955
0.0329312
0.0334916
0.0341061
0.0346888
0.0352124
0.035674
0.0360337
0.0363136
0.0151658
0.0136882
0.00888048
0.00430056
0.00241882
0.00285007
0.00370944
0.00446784
0.00536065
0.00609846
0.00653514
0.00697859
0.00753602
0.00802426
0.00826083
0.0082394
0.0081578
0.00823248
0.00829993
0.007986
0.00751034
0.00757995
0.0083866
0.00934606
0.00989186
0.0100946
0.0102538
0.010387
0.0103873
0.0103872
0.0105375
0.0107437
0.0109622
0.0112538
0.011558
0.011788
0.0120165
0.0122787
0.0124985
0.0127044
0.0129425
0.013196
0.01346
0.0137275
0.0139485
0.0141177
0.0142832
0.0145035
0.0147544
0.0150436
0.0153506
0.0156219
0.015893
0.0162721
0.0166813
0.0170142
0.0174232
0.0178465
0.0179068
0.0177055
0.0177383
0.0181569
0.0188738
0.0194793
0.0199289
0.020348
0.0206553
0.020853
0.0211483
0.0215217
0.0219445
0.0224267
0.0228729
0.0232748
0.0235997
0.0239837
0.0244294
0.0249018
0.0253186
0.0258056
0.0263284
0.0268264
0.0273112
0.0277782
0.0283358
0.028882
0.0294403
0.0300201
0.0305459
0.0311373
0.031676
0.0322956
0.0329314
0.0334917
0.0341064
0.0346891
0.0352128
0.0356752
0.0360353
0.0363135
0.0144753
0.0132651
0.00894361
0.00471074
0.00283508
0.00308537
0.00383085
0.0045544
0.0054323
0.00615385
0.00656939
0.0069958
0.00754663
0.00802934
0.00825836
0.00823822
0.00816548
0.00824363
0.00830752
0.00799276
0.00751745
0.00758379
0.0083895
0.00935528
0.00990664
0.0101071
0.0102596
0.0103903
0.0103948
0.0103962
0.0105426
0.0107467
0.0109669
0.0112586
0.0115611
0.0117911
0.0120201
0.0122815
0.0125011
0.0127073
0.0129446
0.0131971
0.0134604
0.0137277
0.0139495
0.0141189
0.0142843
0.0145058
0.0147577
0.0150459
0.0153518
0.0156235
0.0158947
0.0162725
0.0166806
0.0170134
0.0174228
0.017847
0.017908
0.0177069
0.0177394
0.0181576
0.0188749
0.0194801
0.019929
0.0203482
0.0206559
0.0208535
0.0211488
0.0215224
0.0219451
0.0224272
0.0228734
0.0232754
0.0236004
0.0239842
0.0244299
0.0249022
0.025319
0.025806
0.0263288
0.0268267
0.0273115
0.0277784
0.028336
0.0288822
0.0294406
0.0300203
0.030546
0.0311375
0.0316762
0.0322958
0.0329316
0.0334919
0.0341067
0.0346896
0.0352133
0.0356767
0.0360375
0.0363134
0.0138961
0.0128875
0.00900165
0.00510137
0.00325489
0.00334077
0.00396894
0.0046537
0.00551428
0.00621598
0.00660602
0.00701292
0.00755707
0.00803531
0.00825782
0.00823963
0.00817544
0.00825642
0.00831654
0.00800025
0.00752331
0.00758381
0.00838746
0.00936106
0.00992001
0.0101192
0.010265
0.0103932
0.0104021
0.0104052
0.0105475
0.0107495
0.0109716
0.0112636
0.011564
0.0117939
0.0120237
0.0122843
0.0125038
0.0127104
0.012947
0.0131984
0.0134609
0.0137279
0.0139502
0.0141197
0.014285
0.0145084
0.0147615
0.0150487
0.0153534
0.0156256
0.015897
0.0162732
0.0166799
0.0170122
0.0174213
0.0178461
0.0179083
0.017708
0.0177409
0.0181591
0.0188768
0.0194813
0.0199288
0.020348
0.0206562
0.0208539
0.0211493
0.0215231
0.0219458
0.0224277
0.022874
0.0232761
0.0236011
0.0239848
0.0244305
0.0249028
0.0253195
0.0258065
0.0263294
0.026827
0.0273117
0.0277787
0.0283363
0.0288824
0.0294408
0.0300206
0.0305462
0.0311376
0.0316763
0.0322959
0.0329319
0.0334921
0.034107
0.0346901
0.0352139
0.0356786
0.0360402
0.0363135
0.0134462
0.0125554
0.00905629
0.00546909
0.00367182
0.00361235
0.00412027
0.00476004
0.00560059
0.00628171
0.00664497
0.00703022
0.00756596
0.00804009
0.00825815
0.00824358
0.00818742
0.00826968
0.00832591
0.0080088
0.00752989
0.00758197
0.0083803
0.00936101
0.00992942
0.010129
0.010269
0.0103952
0.0104088
0.0104141
0.0105525
0.0107521
0.0109762
0.0112689
0.011567
0.0117964
0.012027
0.0122871
0.0125063
0.0127134
0.0129495
0.0131998
0.0134613
0.0137279
0.0139505
0.0141199
0.0142853
0.0145109
0.0147656
0.0150517
0.0153552
0.0156282
0.0158999
0.0162742
0.0166792
0.0170106
0.0174188
0.0178439
0.0179073
0.017708
0.017742
0.018161
0.0188798
0.0194832
0.0199285
0.0203471
0.020656
0.020854
0.0211498
0.021524
0.0219466
0.0224283
0.0228744
0.0232767
0.0236019
0.0239856
0.0244312
0.0249035
0.0253202
0.0258072
0.02633
0.0268276
0.0273122
0.0277791
0.0283365
0.0288826
0.0294411
0.0300209
0.0305463
0.0311378
0.0316765
0.0322961
0.0329321
0.0334923
0.0341075
0.0346907
0.0352146
0.0356809
0.0360435
0.0363137
0.0130251
0.0122619
0.00910907
0.0058138
0.00407883
0.00389236
0.00427793
0.00486531
0.00568347
0.00634716
0.00668695
0.00704955
0.00757305
0.00804166
0.00825757
0.00824903
0.00820045
0.00828193
0.00833421
0.00801877
0.00754053
0.00758281
0.00837055
0.00935446
0.00993296
0.0101354
0.010271
0.0103957
0.0104145
0.0104229
0.0105578
0.0107548
0.0109807
0.0112742
0.0115701
0.0117988
0.0120299
0.0122895
0.0125087
0.0127162
0.0129519
0.013201
0.0134617
0.0137277
0.0139506
0.0141198
0.0142851
0.0145132
0.01477
0.0150548
0.015357
0.015631
0.0159032
0.0162756
0.0166786
0.0170086
0.0174152
0.01784
0.0179047
0.0177065
0.0177421
0.0181627
0.0188836
0.0194861
0.0199284
0.0203457
0.0206552
0.0208536
0.02115
0.0215249
0.0219476
0.022429
0.0228749
0.0232771
0.0236026
0.0239864
0.0244319
0.0249043
0.025321
0.025808
0.0263308
0.0268282
0.0273128
0.0277797
0.0283369
0.0288828
0.0294415
0.0300212
0.0305466
0.031138
0.0316768
0.0322962
0.0329324
0.0334926
0.0341079
0.0346914
0.0352153
0.0356836
0.0360474
0.0363141
0.0126534
0.0120006
0.00915989
0.00613406
0.00446896
0.00417239
0.00443506
0.00496267
0.00575629
0.00640856
0.00673276
0.00707343
0.00757941
0.0080393
0.00825496
0.00825502
0.00821378
0.0082924
0.00834072
0.00803042
0.00755954
0.00759281
0.00836325
0.0093429
0.00993012
0.0101378
0.010271
0.0103948
0.0104193
0.0104319
0.0105642
0.0107584
0.0109853
0.0112795
0.0115736
0.0118012
0.0120323
0.0122916
0.0125109
0.0127188
0.0129541
0.0132021
0.0134619
0.0137274
0.0139506
0.0141197
0.0142849
0.0145154
0.0147746
0.0150581
0.0153587
0.0156338
0.0159068
0.0162773
0.0166781
0.0170062
0.0174104
0.0178344
0.0179004
0.0177034
0.0177405
0.0181632
0.0188874
0.0194898
0.0199284
0.0203437
0.0206535
0.0208526
0.0211499
0.0215257
0.0219486
0.0224299
0.0228754
0.0232775
0.0236031
0.0239871
0.0244327
0.0249051
0.0253218
0.025809
0.0263317
0.0268288
0.0273135
0.0277805
0.0283374
0.0288831
0.0294418
0.0300216
0.030547
0.0311383
0.031677
0.0322963
0.0329327
0.0334929
0.0341084
0.0346922
0.0352162
0.0356868
0.0360518
0.0363147
0.0123178
0.0117636
0.00920654
0.00642727
0.0048375
0.00444637
0.0045875
0.0050491
0.0058157
0.00646314
0.00678249
0.00710401
0.00758696
0.00803386
0.0082503
0.0082611
0.00822705
0.0083012
0.00834563
0.00804706
0.00759083
0.00761824
0.00836429
0.00932944
0.00992186
0.0101369
0.0102696
0.0103932
0.0104236
0.0104413
0.0105722
0.0107636
0.0109905
0.0112847
0.0115773
0.0118038
0.0120344
0.0122935
0.0125132
0.0127213
0.0129563
0.0132031
0.013462
0.0137269
0.0139507
0.0141197
0.014285
0.0145174
0.0147792
0.0150614
0.0153603
0.0156365
0.0159106
0.0162792
0.0166776
0.0170033
0.0174043
0.0178266
0.0178945
0.0176988
0.0177374
0.0181619
0.0188904
0.0194938
0.0199287
0.0203412
0.020651
0.020851
0.0211495
0.0215264
0.0219497
0.022431
0.0228761
0.0232777
0.0236035
0.0239877
0.0244335
0.0249059
0.0253228
0.0258102
0.0263328
0.0268295
0.0273143
0.0277816
0.028338
0.0288833
0.0294421
0.030022
0.0305474
0.0311387
0.0316774
0.0322964
0.032933
0.0334932
0.0341089
0.034693
0.0352172
0.0356903
0.0360568
0.0363154
0.0120103
0.0115446
0.00924866
0.00669426
0.00518274
0.00471182
0.00473511
0.00512582
0.00586201
0.00650993
0.00683564
0.0071419
0.00759729
0.00802696
0.00824428
0.00826719
0.00824043
0.00830889
0.00834953
0.0080674
0.00763559
0.00766251
0.00837799
0.00931731
0.00990981
0.0101336
0.0102675
0.0103913
0.010428
0.0104517
0.0105822
0.010771
0.010997
0.01129
0.0115813
0.0118068
0.0120362
0.0122951
0.0125155
0.012724
0.0129587
0.0132044
0.0134622
0.0137264
0.0139507
0.01412
0.0142855
0.0145194
0.014784
0.0150648
0.0153617
0.0156389
0.0159146
0.0162814
0.0166771
0.0169996
0.0173968
0.0178166
0.0178867
0.0176932
0.017733
0.0181589
0.0188921
0.0194977
0.0199292
0.0203383
0.0206477
0.020849
0.0211488
0.0215269
0.0219507
0.022432
0.0228768
0.0232779
0.0236038
0.0239883
0.0244343
0.0249066
0.0253236
0.0258115
0.026334
0.0268301
0.027315
0.0277828
0.0283389
0.0288837
0.0294424
0.0300223
0.0305479
0.0311392
0.0316779
0.0322965
0.0329332
0.0334935
0.0341094
0.0346939
0.0352183
0.0356941
0.0360622
0.0363162
0.011727
0.01134
0.00928818
0.006939
0.00550604
0.00496925
0.00488114
0.00519711
0.00589842
0.00654965
0.00689101
0.00718611
0.00761093
0.00802008
0.00823778
0.00827337
0.00825414
0.00831625
0.00835316
0.00809144
0.00769379
0.0077253
0.00840561
0.00930855
0.00989538
0.0101286
0.0102652
0.0103897
0.0104328
0.0104631
0.0105941
0.0107807
0.011005
0.0112956
0.0115855
0.0118101
0.0120381
0.0122967
0.0125178
0.0127269
0.0129617
0.0132061
0.0134624
0.0137258
0.0139507
0.0141206
0.0142865
0.0145216
0.0147887
0.0150684
0.0153631
0.0156412
0.0159185
0.0162837
0.0166766
0.0169959
0.0173881
0.0178044
0.0178769
0.0176869
0.0177283
0.0181545
0.0188922
0.0195011
0.0199298
0.0203352
0.0206437
0.0208467
0.0211482
0.0215275
0.0219517
0.0224328
0.0228774
0.023278
0.023604
0.0239888
0.0244352
0.0249073
0.0253243
0.0258127
0.0263353
0.0268307
0.0273157
0.0277842
0.0283401
0.0288841
0.0294426
0.0300225
0.0305484
0.0311399
0.0316786
0.0322966
0.0329333
0.0334939
0.03411
0.0346948
0.0352194
0.0356982
0.0360682
0.0363173
0.0114648
0.0111471
0.0093263
0.00716543
0.0058093
0.00522051
0.00503044
0.00526861
0.00592925
0.00658351
0.00694663
0.00723467
0.00762779
0.00801425
0.00823163
0.00827947
0.00826793
0.00832396
0.00836135
0.00811873
0.00776275
0.0078033
0.00844546
0.00930369
0.0098795
0.0101221
0.0102628
0.0103883
0.0104381
0.0104753
0.0106074
0.0107923
0.0110143
0.0113016
0.0115898
0.0118138
0.0120402
0.0122984
0.01252
0.01273
0.0129653
0.0132083
0.0134627
0.0137253
0.0139508
0.0141214
0.0142879
0.0145239
0.0147936
0.0150723
0.0153644
0.0156434
0.0159225
0.0162861
0.0166761
0.0169922
0.0173785
0.0177904
0.0178654
0.017681
0.0177242
0.0181496
0.0188907
0.0195038
0.0199307
0.0203321
0.0206394
0.0208447
0.0211481
0.0215284
0.0219526
0.0224333
0.0228776
0.0232778
0.0236042
0.0239895
0.024436
0.024908
0.025325
0.0258138
0.0263367
0.0268312
0.0273163
0.0277854
0.0283414
0.0288846
0.0294429
0.0300227
0.0305489
0.0311406
0.0316794
0.0322969
0.0329333
0.0334943
0.0341107
0.0346958
0.0352205
0.0357026
0.0360745
0.0363185
0.0112213
0.0109625
0.00936263
0.00737566
0.0060933
0.0054672
0.00518768
0.00534553
0.00595829
0.00661247
0.00700067
0.00728576
0.00764767
0.00801016
0.00822639
0.00828544
0.00828142
0.00833216
0.00836549
0.00814857
0.00783793
0.00789144
0.00849394
0.00930209
0.00986274
0.0101143
0.0102598
0.0103869
0.0104438
0.0104891
0.0106218
0.010805
0.0110248
0.0113081
0.0115942
0.0118175
0.0120425
0.0123003
0.0125223
0.0127333
0.0129693
0.0132109
0.0134632
0.0137248
0.013951
0.0141224
0.0142895
0.0145264
0.0147985
0.0150764
0.0153659
0.0156455
0.0159266
0.0162885
0.0166756
0.0169886
0.0173686
0.0177751
0.0178529
0.0176767
0.0177219
0.0181453
0.0188882
0.0195058
0.0199317
0.0203292
0.0206351
0.0208433
0.0211487
0.0215296
0.0219537
0.0224335
0.0228771
0.0232773
0.0236045
0.0239904
0.024437
0.0249089
0.0253258
0.0258147
0.0263379
0.0268317
0.0273168
0.0277865
0.0283427
0.0288851
0.0294432
0.0300227
0.0305493
0.0311413
0.0316802
0.0322972
0.0329332
0.0334946
0.0341115
0.0346968
0.0352216
0.035707
0.0360812
0.0363199
0.0109951
0.0107839
0.00939569
0.00757074
0.00635811
0.00570985
0.00535553
0.00543157
0.00598867
0.00663758
0.00705198
0.00733799
0.00767034
0.0080084
0.00822245
0.0082917
0.00829462
0.00834055
0.00837046
0.00818043
0.00791605
0.00798438
0.00854694
0.0093027
0.00984573
0.0101055
0.0102561
0.0103853
0.0104495
0.0105025
0.0106365
0.0108182
0.0110358
0.0113152
0.0115989
0.0118215
0.0120451
0.0123024
0.0125248
0.0127369
0.0129735
0.0132138
0.0134638
0.0137245
0.0139513
0.0141238
0.0142913
0.0145292
0.0148036
0.015081
0.0153677
0.0156478
0.0159307
0.016291
0.0166751
0.0169854
0.0173589
0.0177595
0.0178404
0.0176748
0.0177228
0.0181431
0.0188852
0.0195069
0.0199326
0.0203265
0.0206312
0.0208429
0.0211504
0.0215313
0.021955
0.0224335
0.022876
0.0232764
0.0236048
0.0239918
0.0244381
0.0249098
0.0253267
0.0258156
0.0263388
0.0268322
0.0273173
0.0277875
0.0283442
0.0288856
0.0294435
0.0300228
0.0305498
0.031142
0.0316811
0.0322976
0.0329329
0.0334949
0.0341123
0.034698
0.0352226
0.0357116
0.0360882
0.0363215
0.0107866
0.010612
0.00942304
0.00775197
0.00660394
0.00594725
0.00553423
0.00552937
0.00602342
0.00666033
0.00709983
0.00739008
0.00769547
0.00800933
0.00822031
0.00829877
0.00830793
0.00834915
0.00837633
0.00821382
0.00799472
0.00807768
0.00860096
0.00930466
0.00982933
0.0100964
0.0102519
0.0103832
0.0104554
0.0105163
0.0106514
0.0108314
0.0110471
0.0113229
0.011604
0.0118255
0.012048
0.0123049
0.0125275
0.0127406
0.0129779
0.0132168
0.0134644
0.0137242
0.0139517
0.0141256
0.0142937
0.0145324
0.0148087
0.0150857
0.01537
0.0156505
0.0159348
0.0162933
0.0166745
0.0169826
0.0173499
0.0177442
0.0178287
0.0176762
0.0177278
0.0181441
0.0188825
0.0195072
0.0199332
0.0203238
0.0206277
0.0208435
0.0211534
0.0215337
0.0219566
0.0224333
0.0228745
0.0232752
0.0236053
0.0239937
0.0244393
0.0249109
0.025328
0.0258167
0.0263393
0.0268325
0.0273179
0.0277884
0.0283456
0.0288862
0.0294438
0.0300229
0.0305502
0.0311427
0.0316821
0.0322981
0.0329326
0.0334952
0.034113
0.0346992
0.0352237
0.0357163
0.0360955
0.0363233
0.0105977
0.0104662
0.0094422
0.00792098
0.00683139
0.0061771
0.00572233
0.00564099
0.00606549
0.00668243
0.00714364
0.00744071
0.00772257
0.00801328
0.00822062
0.00830714
0.0083217
0.00835831
0.00838346
0.00824761
0.00807219
0.00816844
0.00865369
0.00930758
0.00981448
0.010088
0.0102475
0.0103809
0.0104613
0.0105306
0.0106664
0.0108446
0.0110587
0.0113311
0.0116096
0.0118297
0.012051
0.0123075
0.0125304
0.0127446
0.0129824
0.0132199
0.013465
0.0137241
0.0139522
0.014128
0.0142969
0.0145364
0.0148139
0.0150905
0.0153728
0.0156537
0.0159389
0.0162956
0.0166738
0.0169804
0.0173418
0.0177296
0.0178188
0.0176815
0.0177378
0.0181495
0.0188808
0.0195064
0.019933
0.0203207
0.0206245
0.020845
0.0211574
0.0215368
0.0219587
0.0224332
0.0228726
0.0232738
0.023606
0.0239962
0.0244407
0.0249121
0.0253297
0.025818
0.0263395
0.0268329
0.0273186
0.0277893
0.0283471
0.0288868
0.0294442
0.0300231
0.0305507
0.0311435
0.0316831
0.0322986
0.0329321
0.0334955
0.0341137
0.0347005
0.0352249
0.0357212
0.0361029
0.0363253
0.0104282
0.0102824
0.00945119
0.00807903
0.0070419
0.00639711
0.00591709
0.00576742
0.00611732
0.00670562
0.00718324
0.00748874
0.00775094
0.00802046
0.00822392
0.00831732
0.00833619
0.00836827
0.00839212
0.00828203
0.00814768
0.00825544
0.00870416
0.00931144
0.00980188
0.0100809
0.0102432
0.0103784
0.0104674
0.0105454
0.0106818
0.0108578
0.0110704
0.01134
0.0116156
0.0118342
0.0120543
0.0123104
0.0125338
0.012749
0.012987
0.0132231
0.0134658
0.0137241
0.0139529
0.014131
0.0143014
0.0145413
0.0148191
0.0150953
0.0153761
0.0156573
0.015943
0.0162978
0.0166731
0.0169785
0.0173347
0.0177159
0.0178107
0.0176907
0.0177533
0.0181601
0.0188809
0.0195045
0.0199316
0.0203171
0.0206213
0.0208472
0.0211622
0.0215403
0.021961
0.0224332
0.0228706
0.0232723
0.023607
0.0239991
0.0244422
0.0249133
0.0253317
0.0258196
0.0263395
0.0268332
0.0273194
0.0277903
0.0283487
0.0288874
0.0294445
0.0300233
0.0305512
0.0311442
0.0316842
0.0322991
0.0329317
0.0334958
0.0341142
0.0347019
0.0352261
0.0357264
0.0361105
0.0363275
0.010278
0.0101029
0.00944951
0.00822644
0.00723747
0.00660557
0.00611481
0.00590825
0.00618068
0.00673166
0.00721923
0.00753345
0.00777977
0.00803087
0.00823062
0.00832974
0.0083517
0.00837914
0.0084024
0.00831726
0.00822128
0.00833854
0.0087523
0.00931642
0.00979187
0.0100754
0.0102394
0.0103758
0.0104738
0.0105608
0.0106975
0.0108711
0.0110825
0.0113494
0.011622
0.0118389
0.0120577
0.0123133
0.0125375
0.0127537
0.0129917
0.0132263
0.0134666
0.0137242
0.0139539
0.0141345
0.0143079
0.0145473
0.0148245
0.0151
0.0153799
0.0156614
0.0159472
0.0162999
0.0166724
0.0169769
0.0173286
0.017703
0.0178044
0.0177032
0.0177742
0.0181759
0.0188828
0.0195013
0.019929
0.0203128
0.020618
0.0208499
0.0211676
0.0215443
0.0219638
0.0224334
0.0228686
0.0232708
0.0236083
0.0240024
0.024444
0.0249146
0.025334
0.0258214
0.0263395
0.0268336
0.0273203
0.0277916
0.0283504
0.028888
0.0294449
0.0300235
0.0305517
0.0311449
0.0316855
0.0322997
0.0329315
0.0334961
0.0341148
0.0347033
0.0352276
0.0357318
0.0361182
0.0363299
0.0101462
0.00993159
0.00943771
0.00836302
0.00741996
0.00680167
0.00631138
0.00606161
0.00625706
0.0067626
0.00725284
0.00757438
0.00780793
0.00804415
0.00824108
0.0083448
0.00836862
0.00839109
0.00841428
0.00835348
0.00829343
0.00841824
0.00879843
0.00932269
0.0097845
0.0100717
0.0102363
0.0103733
0.0104804
0.0105769
0.0107137
0.0108845
0.0110949
0.0113594
0.0116288
0.0118439
0.0120614
0.0123164
0.0125414
0.0127586
0.0129966
0.0132296
0.0134674
0.0137245
0.013955
0.0141385
0.0143146
0.0145543
0.0148301
0.0151047
0.015384
0.0156657
0.0159516
0.016302
0.0166716
0.0169755
0.017323
0.0176907
0.0177997
0.0177185
0.0177997
0.0181963
0.0188867
0.0194971
0.0199252
0.0203076
0.0206146
0.0208527
0.0211732
0.0215486
0.0219667
0.0224336
0.0228667
0.0232694
0.0236098
0.0240059
0.0244459
0.0249159
0.0253366
0.0258235
0.0263396
0.026834
0.0273213
0.0277931
0.0283521
0.0288888
0.0294453
0.0300238
0.0305523
0.0311457
0.0316868
0.0323004
0.0329314
0.0334964
0.0341155
0.0347047
0.0352293
0.0357375
0.0361263
0.0363324
0.0100319
0.00976967
0.00941751
0.00848928
0.00759055
0.00698568
0.00650339
0.00622423
0.0063476
0.00680078
0.00728544
0.00761143
0.00783439
0.00805957
0.00825551
0.00836289
0.00838729
0.00840443
0.00842781
0.00839071
0.00836446
0.00849507
0.00884305
0.00933038
0.00977965
0.0100695
0.0102338
0.0103711
0.0104875
0.0105936
0.0107304
0.0108981
0.0111076
0.0113699
0.0116361
0.0118493
0.0120653
0.0123197
0.0125457
0.0127637
0.0130016
0.0132329
0.0134684
0.0137249
0.0139566
0.0141428
0.0143218
0.0145618
0.0148359
0.0151094
0.0153884
0.0156703
0.0159559
0.0163041
0.0166708
0.0169742
0.0173178
0.0176789
0.0177962
0.0177356
0.0178287
0.0182201
0.0188921
0.0194919
0.0199204
0.0203019
0.020611
0.0208556
0.021179
0.0215531
0.0219699
0.022434
0.0228648
0.0232681
0.0236115
0.0240096
0.024448
0.0249174
0.0253394
0.0258257
0.02634
0.0268345
0.0273224
0.0277948
0.0283539
0.0288896
0.0294458
0.0300241
0.0305529
0.0311466
0.0316882
0.0323011
0.0329316
0.0334969
0.0341164
0.0347062
0.0352314
0.0357435
0.0361346
0.0363353
0.00993539
0.00961661
0.00938959
0.00860711
0.00774965
0.0071585
0.00668976
0.00639203
0.00645209
0.00684835
0.00731841
0.007645
0.00785866
0.00807616
0.00827376
0.00838436
0.00840799
0.00841946
0.00844318
0.00842899
0.00843448
0.00856943
0.00888647
0.00933957
0.00977728
0.0100688
0.0102319
0.010369
0.0104949
0.0106109
0.0107475
0.0109118
0.0111207
0.0113811
0.0116437
0.0118549
0.0120694
0.0123232
0.0125502
0.0127691
0.0130068
0.0132362
0.0134694
0.0137256
0.0139584
0.0141474
0.0143294
0.0145697
0.014842
0.0151143
0.0153929
0.0156751
0.0159604
0.0163063
0.01667
0.0169729
0.0173129
0.0176674
0.0177934
0.0177539
0.0178596
0.018246
0.0188986
0.0194862
0.0199149
0.0202958
0.0206073
0.0208585
0.0211846
0.0215577
0.0219731
0.0224345
0.0228631
0.0232669
0.0236134
0.0240133
0.0244502
0.0249189
0.0253423
0.025828
0.0263405
0.026835
0.0273237
0.0277968
0.0283556
0.0288905
0.0294463
0.0300245
0.0305536
0.0311475
0.0316896
0.0323019
0.0329319
0.0334975
0.0341174
0.0347078
0.0352339
0.0357498
0.0361433
0.0363384
0.0098581
0.00947213
0.00935322
0.00871967
0.00789782
0.00731954
0.00687075
0.00656159
0.00656857
0.0069073
0.00735377
0.00767586
0.00788037
0.00809278
0.00829537
0.00840964
0.00843101
0.00843638
0.00846058
0.00846828
0.00850345
0.00864161
0.008929
0.00935019
0.00977719
0.0100698
0.0102308
0.0103672
0.0105027
0.0106288
0.0107651
0.0109257
0.0111341
0.0113929
0.0116519
0.011861
0.0120739
0.0123269
0.012555
0.0127747
0.0130122
0.0132396
0.0134705
0.0137264
0.0139605
0.0141522
0.014337
0.0145776
0.0148482
0.0151196
0.0153977
0.0156798
0.015965
0.0163087
0.0166691
0.0169715
0.0173081
0.0176562
0.0177912
0.0177726
0.0178914
0.018273
0.0189058
0.0194803
0.019909
0.0202894
0.0206035
0.0208614
0.0211902
0.0215623
0.0219765
0.022435
0.0228614
0.0232658
0.0236153
0.0240171
0.0244524
0.0249205
0.0253453
0.0258304
0.0263412
0.0268356
0.0273251
0.0277989
0.0283574
0.0288915
0.0294469
0.0300249
0.0305543
0.0311485
0.0316911
0.0323029
0.0329324
0.0334982
0.0341187
0.0347095
0.0352367
0.0357563
0.0361523
0.0363418
0.0098005
0.00933843
0.00930635
0.00883029
0.008038
0.0074655
0.00704642
0.00673181
0.00669326
0.00697852
0.00739474
0.00770508
0.0078993
0.00810857
0.00831939
0.0084389
0.00845678
0.00845534
0.00848029
0.00850875
0.0085712
0.00871155
0.00897086
0.0093623
0.00977927
0.0100723
0.0102306
0.0103659
0.0105108
0.0106471
0.010783
0.0109396
0.0111478
0.0114053
0.0116607
0.0118675
0.0120786
0.0123309
0.0125601
0.0127806
0.0130177
0.0132432
0.0134717
0.0137275
0.013963
0.0141571
0.0143447
0.0145856
0.0148547
0.0151252
0.0154025
0.0156846
0.0159698
0.0163111
0.0166682
0.0169701
0.0173034
0.0176453
0.0177893
0.0177914
0.0179232
0.0183002
0.0189133
0.0194744
0.0199028
0.0202828
0.0205998
0.0208642
0.0211958
0.0215671
0.02198
0.0224355
0.0228598
0.0232648
0.0236173
0.0240209
0.0244547
0.0249222
0.0253484
0.0258328
0.0263421
0.0268362
0.0273267
0.0278012
0.0283592
0.0288927
0.0294476
0.0300253
0.0305551
0.0311496
0.0316927
0.032304
0.0329329
0.0334991
0.0341201
0.0347114
0.03524
0.0357631
0.0361616
0.0363455
0.00976075
0.00922064
0.00924584
0.0089393
0.0081768
0.0075932
0.0072147
0.00690473
0.00682201
0.0070607
0.00744469
0.00773434
0.00791536
0.0081233
0.00834499
0.00847187
0.00848545
0.00847626
0.00850251
0.00855075
0.00863784
0.00877922
0.00901207
0.00937587
0.0097834
0.0100765
0.0102313
0.0103649
0.0105192
0.0106658
0.0108013
0.0109536
0.0111617
0.0114183
0.0116699
0.0118743
0.0120837
0.0123351
0.0125655
0.0127867
0.0130234
0.0132468
0.0134729
0.0137287
0.0139659
0.0141622
0.0143523
0.0145934
0.0148613
0.0151312
0.0154075
0.0156895
0.0159747
0.0163138
0.0166673
0.0169685
0.0172987
0.0176347
0.0177877
0.0178101
0.0179548
0.0183272
0.0189211
0.0194687
0.0198967
0.0202762
0.0205961
0.020867
0.0212012
0.0215718
0.0219835
0.0224361
0.0228583
0.0232638
0.0236194
0.0240247
0.024457
0.024924
0.0253515
0.0258353
0.026343
0.0268368
0.0273285
0.0278035
0.028361
0.0288939
0.0294484
0.0300258
0.0305559
0.0311507
0.0316944
0.0323052
0.0329336
0.0335002
0.0341218
0.0347134
0.0352436
0.0357701
0.0361713
0.0363496
0.00973431
0.0091262
0.00916912
0.00904074
0.00832301
0.00770322
0.00736879
0.00708265
0.00695411
0.00715012
0.00750573
0.00776667
0.00792843
0.00813647
0.00837168
0.00850805
0.00851719
0.00849916
0.00852718
0.00859446
0.00870343
0.00884463
0.0090528
0.00939108
0.0097895
0.0100823
0.0102333
0.0103646
0.0105279
0.0106849
0.0108199
0.0109676
0.0111759
0.0114321
0.0116798
0.0118815
0.0120892
0.0123396
0.0125712
0.0127931
0.0130293
0.0132506
0.0134743
0.0137301
0.0139693
0.0141675
0.0143598
0.0146011
0.0148682
0.0151375
0.0154127
0.0156943
0.0159797
0.0163166
0.0166663
0.0169668
0.0172941
0.0176245
0.0177863
0.0178284
0.0179859
0.0183537
0.018929
0.0194632
0.0198906
0.0202696
0.0205924
0.0208697
0.0212065
0.0215765
0.021987
0.0224367
0.0228569
0.0232629
0.0236214
0.0240286
0.0244595
0.0249259
0.0253547
0.0258379
0.0263441
0.0268375
0.0273303
0.027806
0.0283628
0.0288952
0.0294492
0.0300263
0.0305568
0.0311518
0.0316961
0.0323065
0.0329343
0.0335014
0.0341235
0.0347155
0.0352475
0.0357772
0.0361813
0.0363541
0.00971351
0.009062
0.0090786
0.00912505
0.00848387
0.00780209
0.00749944
0.00726476
0.00709388
0.00724178
0.00757697
0.00780667
0.00793926
0.00814715
0.0083993
0.00854673
0.00855192
0.00852431
0.0085543
0.00864007
0.00876812
0.00890769
0.00909292
0.00940801
0.00979778
0.0100897
0.0102364
0.0103651
0.010537
0.0107043
0.0108388
0.0109817
0.0111902
0.0114464
0.0116903
0.0118892
0.0120951
0.0123445
0.0125772
0.0127998
0.0130353
0.0132546
0.0134759
0.0137318
0.0139731
0.0141731
0.014367
0.0146086
0.0148754
0.0151442
0.0154179
0.0156992
0.015985
0.0163195
0.0166654
0.016965
0.0172896
0.0176147
0.0177853
0.0178465
0.0180162
0.0183796
0.0189369
0.0194582
0.0198845
0.0202631
0.0205888
0.0208724
0.0212117
0.0215812
0.0219906
0.0224374
0.0228555
0.0232621
0.0236235
0.0240324
0.024462
0.0249279
0.0253579
0.0258405
0.0263452
0.0268383
0.0273323
0.0278086
0.0283648
0.0288966
0.0294501
0.0300269
0.0305577
0.031153
0.0316978
0.0323079
0.0329351
0.0335027
0.0341254
0.0347179
0.0352517
0.0357845
0.0361915
0.036359
0.00968887
0.00903117
0.00898212
0.00918198
0.00865984
0.00790179
0.00759986
0.00744319
0.00724644
0.00733347
0.00765471
0.00785841
0.00795054
0.00815415
0.00842765
0.00858763
0.00858897
0.00855169
0.00858376
0.00868769
0.00883236
0.00896868
0.00913245
0.0094265
0.00980813
0.0100987
0.0102408
0.0103665
0.0105468
0.0107241
0.0108579
0.0109958
0.0112047
0.0114614
0.0117014
0.0118973
0.0121014
0.0123497
0.0125835
0.012807
0.0130415
0.0132587
0.0134776
0.0137336
0.0139775
0.014179
0.0143741
0.0146159
0.0148828
0.0151513
0.0154233
0.015704
0.0159903
0.0163226
0.0166646
0.0169631
0.0172853
0.0176054
0.0177844
0.0178642
0.0180458
0.0184049
0.0189449
0.0194535
0.0198786
0.0202567
0.0205853
0.020875
0.0212168
0.0215858
0.0219942
0.022438
0.0228542
0.0232614
0.0236256
0.0240363
0.0244646
0.02493
0.0253612
0.0258432
0.0263464
0.0268392
0.0273343
0.0278113
0.0283668
0.0288981
0.0294511
0.0300275
0.0305586
0.0311542
0.0316996
0.0323093
0.0329358
0.0335042
0.0341274
0.0347205
0.0352562
0.0357919
0.036202
0.0363644
0.00965153
0.00903226
0.00889146
0.00920205
0.00884057
0.00801706
0.00767204
0.00760628
0.00741483
0.00742977
0.00773325
0.00792201
0.00796685
0.00815714
0.00845577
0.0086309
0.00862778
0.0085813
0.0086155
0.00873708
0.00889657
0.00902792
0.00917134
0.00944657
0.00982067
0.0101095
0.0102463
0.0103688
0.0105573
0.0107444
0.0108773
0.0110101
0.0112194
0.011477
0.0117131
0.0119059
0.0121083
0.0123552
0.0125902
0.0128143
0.0130479
0.0132631
0.0134796
0.0137357
0.0139822
0.0141852
0.014381
0.0146231
0.0148904
0.0151587
0.0154289
0.0157088
0.0159957
0.0163259
0.0166637
0.0169612
0.0172811
0.0175967
0.0177838
0.0178816
0.0180746
0.0184296
0.018953
0.0194493
0.0198728
0.0202503
0.0205819
0.0208776
0.0212218
0.0215904
0.0219978
0.0224388
0.022853
0.0232608
0.0236278
0.0240403
0.0244672
0.0249323
0.0253646
0.025846
0.0263477
0.0268401
0.0273364
0.0278141
0.028369
0.0288997
0.0294522
0.0300282
0.0305596
0.0311555
0.0317015
0.0323109
0.0329367
0.0335057
0.0341295
0.0347233
0.035261
0.0357995
0.0362128
0.0363702
0.00959421
0.00905887
0.00882176
0.00918298
0.00901127
0.00815828
0.00772614
0.0077416
0.00759459
0.0075381
0.00780902
0.00799389
0.00799291
0.0081579
0.00848228
0.00867636
0.0086675
0.00861285
0.0086498
0.00878786
0.00896112
0.00908616
0.00920955
0.00946802
0.00983544
0.010122
0.0102532
0.0103719
0.0105685
0.0107654
0.0108969
0.0110244
0.0112343
0.0114933
0.0117256
0.0119149
0.0121156
0.0123612
0.0125972
0.0128221
0.0130545
0.0132678
0.0134819
0.013738
0.0139875
0.0141919
0.0143878
0.01463
0.0148983
0.0151665
0.0154344
0.0157135
0.0160012
0.0163293
0.016663
0.0169593
0.0172772
0.0175886
0.0177835
0.0178986
0.0181025
0.0184535
0.0189612
0.0194455
0.0198673
0.0202442
0.0205786
0.0208801
0.0212267
0.0215949
0.0220014
0.0224396
0.0228519
0.0232603
0.02363
0.0240442
0.02447
0.0249346
0.025368
0.0258488
0.026349
0.0268411
0.0273386
0.027817
0.0283712
0.0289013
0.0294533
0.0300289
0.0305606
0.0311568
0.0317035
0.0323125
0.0329375
0.0335074
0.0341317
0.0347262
0.0352661
0.0358072
0.0362238
0.0363765
0.00951257
0.00909963
0.00878508
0.00913155
0.00915532
0.00832575
0.00777702
0.00784312
0.00777508
0.00766425
0.00788493
0.0080686
0.00802988
0.00816026
0.00850666
0.00872369
0.00870787
0.0086457
0.00868695
0.0088394
0.00902552
0.00914422
0.00924737
0.0094907
0.00985267
0.0101365
0.0102615
0.0103759
0.0105804
0.0107872
0.0109169
0.0110388
0.0112493
0.0115101
0.0117388
0.0119245
0.0121235
0.0123676
0.0126044
0.0128303
0.0130615
0.0132727
0.0134844
0.0137403
0.0139931
0.0141991
0.0143945
0.0146369
0.0149066
0.0151748
0.0154402
0.0157182
0.0160069
0.0163329
0.0166623
0.0169573
0.0172734
0.0175811
0.0177835
0.0179151
0.0181295
0.0184768
0.0189694
0.0194422
0.019862
0.0202382
0.0205755
0.0208826
0.0212314
0.0215994
0.022005
0.0224404
0.022851
0.0232599
0.0236322
0.0240483
0.0244728
0.0249371
0.0253714
0.0258517
0.0263505
0.0268422
0.0273408
0.02782
0.0283736
0.028903
0.0294545
0.0300297
0.0305617
0.0311582
0.0317055
0.0323142
0.0329384
0.0335092
0.034134
0.0347294
0.0352715
0.0358151
0.0362351
0.0363832
0.00940801
0.00914057
0.00878854
0.00906079
0.00925499
0.008509
0.00784128
0.00791554
0.00794433
0.00780782
0.00796772
0.00814215
0.00807489
0.00816773
0.00852982
0.00877224
0.0087488
0.00867924
0.00872757
0.00889186
0.00908886
0.00920262
0.00928519
0.00951379
0.00987231
0.0101534
0.0102714
0.0103809
0.010593
0.01081
0.0109375
0.0110531
0.0112644
0.0115276
0.0117528
0.0119344
0.0121318
0.0123744
0.012612
0.0128389
0.0130689
0.013278
0.0134873
0.0137431
0.0139992
0.0142067
0.0144011
0.0146435
0.014915
0.0151833
0.015446
0.0157229
0.0160127
0.0163367
0.0166616
0.0169553
0.0172699
0.0175742
0.0177837
0.0179312
0.0181556
0.0184993
0.0189777
0.0194394
0.0198569
0.0202324
0.0205724
0.020885
0.021236
0.0216038
0.0220086
0.0224413
0.0228501
0.0232596
0.0236345
0.0240523
0.0244758
0.0249396
0.0253749
0.0258547
0.0263521
0.0268435
0.027343
0.027823
0.028376
0.0289047
0.0294558
0.0300305
0.0305629
0.0311597
0.0317076
0.032316
0.0329393
0.0335112
0.0341365
0.0347327
0.0352773
0.0358232
0.0362466
0.0363905
0.009287
0.00916657
0.00883226
0.00898079
0.00929825
0.00869276
0.00793077
0.0079681
0.0080942
0.00796219
0.00806144
0.00821671
0.00812485
0.00818075
0.0085536
0.00882223
0.00879046
0.00871181
0.00877107
0.00894658
0.0091507
0.00926135
0.00932443
0.0095371
0.0098937
0.0101728
0.0102825
0.0103866
0.0106061
0.0108337
0.010959
0.0110677
0.0112796
0.0115456
0.0117677
0.0119451
0.0121406
0.0123817
0.01262
0.012848
0.0130766
0.0132836
0.0134906
0.013746
0.0140056
0.0142149
0.0144078
0.0146501
0.0149236
0.0151923
0.015452
0.0157275
0.0160185
0.0163408
0.0166611
0.0169535
0.0172668
0.0175681
0.0177843
0.0179468
0.0181807
0.0185211
0.0189861
0.0194372
0.0198522
0.020227
0.0205696
0.0208873
0.0212404
0.0216081
0.0220122
0.0224422
0.0228494
0.0232595
0.0236369
0.0240564
0.0244788
0.0249423
0.0253785
0.0258578
0.0263538
0.0268448
0.0273453
0.0278261
0.0283785
0.0289064
0.0294572
0.0300315
0.0305641
0.0311612
0.0317098
0.0323179
0.0329403
0.0335133
0.034139
0.0347362
0.0352834
0.0358314
0.0362583
0.0363983
0.00915889
0.00916699
0.00890784
0.00892541
0.00928451
0.00885765
0.00804892
0.00801326
0.00822483
0.00812042
0.00816467
0.00829657
0.00817907
0.00819704
0.00857832
0.008875
0.00883447
0.00874226
0.00881533
0.00900464
0.00921139
0.00931907
0.00936591
0.00956141
0.00991627
0.0101953
0.0102958
0.0103928
0.0106196
0.0108582
0.0109815
0.0110826
0.0112947
0.0115641
0.0117834
0.0119563
0.01215
0.0123896
0.0126284
0.0128574
0.0130849
0.0132897
0.0134942
0.0137491
0.0140123
0.0142236
0.0144146
0.0146565
0.0149326
0.0152018
0.0154582
0.0157322
0.0160245
0.016345
0.0166607
0.0169516
0.0172639
0.0175626
0.0177851
0.017962
0.0182049
0.0185422
0.0189944
0.0194355
0.0198479
0.0202218
0.0205669
0.0208897
0.0212447
0.0216123
0.0220158
0.0224432
0.0228488
0.0232595
0.0236393
0.0240605
0.0244818
0.0249452
0.0253821
0.0258609
0.0263556
0.0268463
0.0273477
0.0278293
0.0283811
0.0289081
0.0294587
0.0300325
0.0305654
0.0311627
0.031712
0.0323198
0.0329413
0.0335155
0.0341418
0.0347399
0.0352898
0.0358399
0.0362703
0.0364067
0.00903292
0.00913608
0.00899851
0.00890521
0.00922584
0.00898325
0.00819054
0.00806265
0.0083391
0.00827808
0.00827213
0.00838324
0.00824371
0.00821584
0.00860075
0.00893146
0.0088838
0.00877061
0.00885705
0.00906636
0.00927324
0.00937438
0.00940898
0.00958806
0.0099391
0.0102202
0.0103121
0.0103998
0.0106332
0.0108837
0.0110051
0.011098
0.0113098
0.0115829
0.0118001
0.0119683
0.0121598
0.0123979
0.0126371
0.0128672
0.0130936
0.0132962
0.0134983
0.0137527
0.0140195
0.0142329
0.0144217
0.0146626
0.0149416
0.0152115
0.0154645
0.0157367
0.0160307
0.0163495
0.0166605
0.0169499
0.0172613
0.0175579
0.0177863
0.0179766
0.0182281
0.0185625
0.0190028
0.0194343
0.0198439
0.0202169
0.0205644
0.0208919
0.0212489
0.0216165
0.0220194
0.0224442
0.0228484
0.0232597
0.0236418
0.0240646
0.024485
0.0249481
0.0253858
0.0258641
0.0263575
0.0268479
0.0273501
0.0278325
0.0283838
0.0289099
0.0294602
0.0300336
0.0305667
0.0311644
0.0317143
0.0323219
0.0329424
0.0335179
0.0341447
0.0347438
0.0352967
0.0358486
0.0362824
0.0364156
0.00892144
0.00906965
0.00907668
0.00892068
0.00913737
0.00905832
0.00834479
0.00812408
0.0084408
0.00843408
0.00837549
0.00846958
0.0083247
0.0082418
0.00861656
0.00898908
0.00894333
0.00880031
0.00889224
0.00912927
0.00933954
0.00942749
0.00945137
0.00961853
0.00996328
0.0102463
0.0103317
0.0104082
0.0106464
0.0109099
0.0110301
0.0111141
0.0113252
0.0116021
0.0118175
0.0119812
0.0121703
0.0124067
0.0126463
0.0128774
0.0131028
0.0133031
0.0135027
0.0137564
0.0140269
0.0142428
0.014429
0.0146688
0.0149508
0.0152218
0.015471
0.0157412
0.0160369
0.0163542
0.0166603
0.0169483
0.0172592
0.0175539
0.0177877
0.0179908
0.0182503
0.018582
0.0190112
0.0194336
0.0198403
0.0202124
0.0205621
0.0208942
0.0212529
0.0216206
0.022023
0.0224453
0.0228481
0.0232601
0.0236443
0.0240688
0.0244882
0.0249513
0.0253895
0.0258673
0.0263596
0.0268497
0.0273526
0.0278358
0.0283865
0.0289117
0.0294619
0.0300348
0.0305681
0.0311661
0.0317166
0.0323241
0.0329435
0.0335204
0.0341478
0.0347479
0.0353039
0.0358575
0.0362947
0.0364251
0.00886867
0.0089727
0.00909723
0.00896033
0.00903209
0.0090868
0.00849744
0.00820251
0.00853472
0.00859135
0.00847131
0.00854493
0.00842259
0.00828403
0.00862271
0.00904032
0.00901551
0.00883732
0.00891912
0.00918851
0.00941259
0.00948173
0.0094903
0.00965184
0.00999095
0.0102728
0.0103542
0.0104192
0.010659
0.0109362
0.0110566
0.011131
0.0113408
0.0116216
0.0118355
0.011995
0.0121815
0.0124161
0.012656
0.0128882
0.0131125
0.0133107
0.0135077
0.0137606
0.0140346
0.0142532
0.0144366
0.0146747
0.01496
0.0152325
0.0154778
0.0157456
0.0160433
0.0163593
0.0166604
0.0169469
0.0172575
0.0175507
0.0177896
0.0180044
0.0182716
0.0186007
0.0190197
0.0194335
0.0198372
0.0202082
0.0205601
0.0208964
0.0212567
0.0216247
0.0220266
0.0224465
0.022848
0.0232607
0.023647
0.0240729
0.0244915
0.0249545
0.0253933
0.0258707
0.0263618
0.0268516
0.0273551
0.0278391
0.0283893
0.0289135
0.0294637
0.0300361
0.0305696
0.0311679
0.0317191
0.0323265
0.0329448
0.0335231
0.0341511
0.0347522
0.0353115
0.0358666
0.0363071
0.0364351
0.00885205
0.00886025
0.00906613
0.00903862
0.00901323
0.00907438
0.00862755
0.00829542
0.00862274
0.00875135
0.0085675
0.00859876
0.0085282
0.00835299
0.00862563
0.00907609
0.00909584
0.0088884
0.00894038
0.00923721
0.00949091
0.0095421
0.00952461
0.00968441
0.0100242
0.0103009
0.0103774
0.0104333
0.010672
0.0109618
0.0110845
0.0111489
0.0113566
0.0116416
0.0118541
0.0120094
0.0121935
0.0124259
0.0126659
0.0128992
0.0131229
0.0133189
0.0135131
0.013765
0.0140426
0.0142642
0.0144447
0.0146807
0.0149693
0.0152436
0.0154848
0.0157499
0.0160497
0.0163646
0.0166607
0.0169458
0.0172562
0.0175483
0.0177918
0.0180176
0.0182919
0.0186187
0.019028
0.019434
0.0198345
0.0202044
0.0205584
0.0208986
0.0212603
0.0216287
0.0220303
0.0224477
0.022848
0.0232614
0.0236497
0.0240771
0.0244949
0.0249579
0.0253971
0.0258741
0.0263641
0.0268536
0.0273577
0.0278425
0.0283922
0.0289154
0.0294656
0.0300374
0.0305712
0.0311698
0.0317215
0.032329
0.0329461
0.033526
0.0341547
0.0347566
0.0353195
0.0358761
0.0363197
0.0364457
0.00874311
0.00872315
0.00905276
0.00918729
0.009078
0.00904913
0.00872244
0.0083987
0.00870542
0.00891497
0.00867811
0.00863245
0.00862918
0.00845658
0.00863901
0.0090924
0.00917493
0.00895938
0.00896448
0.00927127
0.00956806
0.00961361
0.00955803
0.00971129
0.0100625
0.0103346
0.0104006
0.0104492
0.010687
0.0109869
0.0111131
0.011168
0.0113728
0.0116625
0.0118735
0.0120243
0.0122064
0.0124366
0.0126764
0.0129107
0.0131337
0.0133278
0.013519
0.0137698
0.014051
0.0142757
0.0144532
0.0146865
0.0149785
0.0152552
0.0154923
0.0157542
0.0160563
0.0163703
0.0166612
0.0169448
0.0172554
0.0175466
0.0177943
0.0180296
0.0183113
0.0186358
0.0190364
0.019435
0.0198324
0.020201
0.020557
0.0209009
0.0212638
0.0216326
0.0220339
0.022449
0.0228483
0.0232623
0.0236524
0.0240813
0.0244984
0.0249614
0.0254011
0.0258777
0.0263666
0.0268557
0.0273604
0.027846
0.0283951
0.0289173
0.0294676
0.0300389
0.0305728
0.0311718
0.031724
0.0323316
0.0329476
0.033529
0.0341586
0.0347612
0.0353279
0.0358858
0.0363324
0.0364569
0.00856483
0.00855401
0.00900947
0.00935381
0.00922934
0.00905206
0.00878845
0.00850227
0.00877807
0.00906918
0.00881268
0.00865672
0.00870438
0.0085837
0.00867987
0.00909631
0.00924058
0.0090443
0.00900174
0.00929359
0.00963563
0.00969688
0.00959818
0.00972964
0.0101009
0.0103775
0.0104254
0.010464
0.0107045
0.0110132
0.0111417
0.0111881
0.0113896
0.0116842
0.0118942
0.0120395
0.0122197
0.0124483
0.0126875
0.0129225
0.0131451
0.0133376
0.0135255
0.0137748
0.0140595
0.0142878
0.0144624
0.0146923
0.0149876
0.0152672
0.0155001
0.0157583
0.0160629
0.0163764
0.0166621
0.0169442
0.0172553
0.0175457
0.0177972
0.0180418
0.0183298
0.0186523
0.0190447
0.0194365
0.0198308
0.020198
0.020556
0.0209031
0.0212672
0.0216365
0.0220377
0.0224504
0.0228487
0.0232635
0.0236553
0.0240855
0.0245019
0.024965
0.025405
0.0258813
0.0263693
0.026858
0.0273632
0.0278495
0.0283981
0.0289193
0.0294698
0.0300405
0.0305745
0.0311739
0.0317266
0.0323344
0.0329491
0.0335322
0.0341628
0.034766
0.0353367
0.0358958
0.0363452
0.0364686
0.00859569
0.0084865
0.0089125
0.00941763
0.00940644
0.00912532
0.00883523
0.00858782
0.00882781
0.00919743
0.00897382
0.00868596
0.0087362
0.00871143
0.00875881
0.00910239
0.00928303
0.00912992
0.00905877
0.00931426
0.00968481
0.00978431
0.00965242
0.00974111
0.0101314
0.0104303
0.0104574
0.0104751
0.0107218
0.0110428
0.0111707
0.0112075
0.0114065
0.0117071
0.0119166
0.0120551
0.0122327
0.0124608
0.0126997
0.0129349
0.0131568
0.0133482
0.0135328
0.01378
0.0140683
0.0143004
0.0144721
0.0146982
0.0149964
0.0152796
0.0155087
0.0157625
0.0160694
0.0163829
0.0166632
0.0169436
0.0172556
0.0175455
0.0178004
0.0180537
0.0183474
0.018668
0.0190529
0.0194385
0.0198297
0.0201955
0.0205552
0.0209055
0.0212704
0.0216404
0.0220414
0.0224518
0.0228493
0.0232648
0.0236583
0.0240898
0.0245056
0.0249688
0.0254091
0.025885
0.0263721
0.0268604
0.027366
0.027853
0.0284013
0.0289214
0.029472
0.0300422
0.0305763
0.0311762
0.0317292
0.0323374
0.0329509
0.0335355
0.0341674
0.0347709
0.0353458
0.0359061
0.0363581
0.0364808
0.00849141
0.00835301
0.00881176
0.00946183
0.0096123
0.00927625
0.00890204
0.00866167
0.00885955
0.00929361
0.00916089
0.0087577
0.0087381
0.00881384
0.00887084
0.00913456
0.00931132
0.00920143
0.00913018
0.00934745
0.0097181
0.00986468
0.00972509
0.00975522
0.0101478
0.0104877
0.0105029
0.0104842
0.0107344
0.0110769
0.0112032
0.0112255
0.0114224
0.0117313
0.0119414
0.0120718
0.0122454
0.0124735
0.0127131
0.0129479
0.0131687
0.0133595
0.013541
0.0137855
0.0140773
0.0143136
0.0144826
0.0147043
0.015005
0.0152922
0.0155177
0.0157665
0.0160758
0.0163898
0.0166648
0.0169435
0.0172565
0.0175463
0.017804
0.018065
0.0183642
0.0186831
0.0190611
0.0194409
0.0198291
0.0201934
0.0205549
0.020908
0.0212734
0.0216442
0.0220453
0.0224534
0.0228501
0.0232663
0.0236614
0.0240941
0.0245093
0.0249728
0.0254132
0.0258888
0.0263752
0.0268629
0.0273689
0.0278566
0.0284045
0.0289235
0.0294744
0.0300441
0.0305782
0.0311786
0.0317318
0.0323405
0.0329528
0.033539
0.0341722
0.0347761
0.0353553
0.0359169
0.0363711
0.0364936
0.00848465
0.00831053
0.00874419
0.00945087
0.00976976
0.0094744
0.00901208
0.00872688
0.00887636
0.00934937
0.00935597
0.00888929
0.00872938
0.00886349
0.00899559
0.00920673
0.00934117
0.00925006
0.00920171
0.0094019
0.00974828
0.00992745
0.00980904
0.00978273
0.0101497
0.0105402
0.0105658
0.0104985
0.0107379
0.011112
0.0112431
0.0112431
0.0114349
0.0117564
0.0119694
0.0120905
0.0122575
0.0124856
0.0127277
0.0129625
0.0131809
0.0133712
0.0135501
0.0137915
0.0140863
0.0143273
0.0144937
0.0147105
0.0150134
0.0153051
0.0155275
0.0157709
0.0160823
0.0163973
0.0166668
0.0169435
0.017258
0.0175477
0.0178079
0.0180759
0.0183802
0.0186975
0.0190692
0.0194439
0.0198292
0.0201918
0.0205549
0.0209105
0.0212764
0.0216479
0.0220492
0.0224551
0.0228511
0.0232681
0.0236645
0.0240984
0.024513
0.0249769
0.0254174
0.0258926
0.0263784
0.0268656
0.027372
0.0278603
0.0284079
0.0289257
0.0294769
0.0300461
0.0305801
0.0311812
0.0317345
0.0323437
0.032955
0.0335426
0.0341775
0.0347814
0.035365
0.035928
0.0363841
0.0365067
0.0085895
0.00833036
0.00865094
0.00935872
0.00985206
0.0096893
0.00917771
0.00880809
0.00888041
0.00936218
0.0095248
0.00907227
0.00874278
0.00886399
0.00909786
0.00931099
0.00939353
0.00928554
0.0092542
0.00946784
0.00979139
0.00997325
0.00989022
0.00983099
0.0101467
0.0105769
0.0106413
0.0105264
0.010732
0.0111415
0.0112925
0.0112646
0.0114421
0.0117801
0.0120013
0.012112
0.0122698
0.0124966
0.0127425
0.0129787
0.0131941
0.0133833
0.0135602
0.0137979
0.0140953
0.0143416
0.0145058
0.0147171
0.0150215
0.0153182
0.0155379
0.015775
0.0160884
0.0164051
0.0166693
0.0169438
0.01726
0.0175501
0.017812
0.0180863
0.0183955
0.0187113
0.0190772
0.0194472
0.0198298
0.0201906
0.0205552
0.0209132
0.0212793
0.0216516
0.0220531
0.0224569
0.0228523
0.02327
0.0236679
0.0241028
0.0245169
0.0249811
0.0254216
0.0258966
0.0263818
0.0268685
0.0273751
0.027864
0.0284113
0.0289281
0.0294795
0.0300482
0.0305822
0.031184
0.0317373
0.0323471
0.0329574
0.0335463
0.0341832
0.034787
0.035375
0.0359395
0.0363973
0.0365203
0.00868622
0.0083725
0.00858439
0.0092581
0.00986965
0.009879
0.00939337
0.00892736
0.00889637
0.0093445
0.00964686
0.00929066
0.00881918
0.00883784
0.00915069
0.00942887
0.00948419
0.00932781
0.00928194
0.00952717
0.00985857
0.0100187
0.00995511
0.00989381
0.0101522
0.0105939
0.010719
0.010576
0.0107236
0.0111584
0.0113488
0.0112954
0.0114446
0.0117992
0.0120368
0.012138
0.0122827
0.0125062
0.012757
0.0129967
0.0132089
0.0133958
0.0135707
0.0138049
0.0141045
0.0143564
0.0145187
0.0147238
0.015029
0.0153314
0.0155489
0.0157794
0.0160945
0.0164135
0.0166725
0.0169445
0.0172626
0.0175532
0.0178166
0.0180963
0.0184101
0.0187247
0.0190852
0.019451
0.019831
0.0201899
0.020556
0.020916
0.0212822
0.0216553
0.0220571
0.0224589
0.0228537
0.0232722
0.0236713
0.0241073
0.0245208
0.0249855
0.025426
0.0259007
0.0263853
0.0268715
0.0273784
0.0278678
0.0284148
0.0289306
0.0294822
0.0300505
0.0305842
0.031187
0.0317401
0.0323505
0.0329602
0.0335502
0.0341892
0.0347929
0.0353853
0.0359515
0.0364105
0.0365343
0.008759
0.0084719
0.00858398
0.00916452
0.0098249
0.0100041
0.00961773
0.00909339
0.00893738
0.00930594
0.0097094
0.00950646
0.00896387
0.00881992
0.00914967
0.00952706
0.00960464
0.00939961
0.00929776
0.00955699
0.00993672
0.010084
0.0100041
0.0099555
0.010177
0.0106001
0.0107853
0.0106459
0.0107233
0.0111595
0.0114045
0.0113398
0.0114469
0.0118102
0.0120736
0.0121699
0.0122977
0.0125148
0.0127699
0.0130152
0.0132258
0.0134093
0.0135817
0.0138121
0.0141135
0.0143716
0.0145325
0.0147309
0.0150366
0.0153451
0.0155611
0.015784
0.0161002
0.0164223
0.0166764
0.0169453
0.0172655
0.0175572
0.0178215
0.018106
0.0184241
0.0187375
0.0190931
0.0194552
0.0198328
0.0201898
0.020557
0.020919
0.0212851
0.021659
0.0220612
0.022461
0.0228554
0.0232746
0.0236748
0.0241118
0.0245248
0.0249899
0.0254305
0.0259048
0.0263891
0.0268746
0.0273817
0.0278717
0.0284184
0.0289332
0.0294849
0.0300529
0.0305864
0.0311902
0.031743
0.0323541
0.0329633
0.0335542
0.0341956
0.0347991
0.0353957
0.0359639
0.0364238
0.0365486
0.00881092
0.00859271
0.00863213
0.00909145
0.00974664
0.0100641
0.00981724
0.00930147
0.00902138
0.00927503
0.00972185
0.00968233
0.00916055
0.0088518
0.00911284
0.00957676
0.00973634
0.00951432
0.00932395
0.00955101
0.0100024
0.0101821
0.0100568
0.00999874
0.0102151
0.0106102
0.0108331
0.0107254
0.0107414
0.01115
0.0114512
0.0113971
0.0114551
0.0118126
0.0121081
0.0122081
0.0123162
0.0125225
0.0127814
0.0130339
0.0132446
0.0134245
0.0135931
0.0138195
0.0141227
0.0143876
0.0145478
0.0147386
0.0150434
0.0153585
0.0155739
0.0157887
0.0161054
0.0164316
0.0166814
0.0169465
0.0172689
0.0175621
0.0178268
0.0181153
0.0184374
0.0187499
0.0191009
0.0194596
0.0198352
0.0201901
0.0205585
0.0209221
0.0212879
0.0216627
0.0220653
0.0224634
0.0228573
0.0232771
0.0236785
0.0241164
0.0245289
0.0249945
0.025435
0.0259091
0.0263931
0.026878
0.0273852
0.0278756
0.028422
0.0289361
0.0294878
0.0300555
0.0305887
0.0311936
0.0317461
0.0323576
0.0329667
0.0335583
0.0342024
0.0348056
0.0354062
0.0359767
0.0364373
0.0365632
0.00882011
0.00870034
0.00872036
0.00906438
0.00966234
0.0100702
0.00996738
0.0095211
0.00915529
0.00926957
0.00969569
0.00980026
0.00937967
0.00895229
0.00907082
0.00957196
0.00985183
0.00966244
0.00938521
0.00952623
0.010028
0.0102969
0.0101383
0.0100241
0.0102483
0.0106372
0.0108701
0.0108002
0.0107802
0.0111403
0.0114827
0.0114609
0.011475
0.0118095
0.012136
0.0122508
0.0123403
0.0125307
0.0127915
0.0130518
0.0132644
0.013442
0.0136062
0.0138269
0.0141312
0.0144037
0.0145638
0.0147465
0.0150495
0.015372
0.0155882
0.0157941
0.0161103
0.0164412
0.0166872
0.016948
0.0172725
0.0175676
0.0178325
0.0181243
0.0184503
0.018762
0.0191086
0.0194644
0.0198382
0.020191
0.0205605
0.0209254
0.0212909
0.0216664
0.0220695
0.0224659
0.0228595
0.0232798
0.0236823
0.024121
0.0245332
0.0249992
0.0254397
0.0259135
0.0263972
0.0268814
0.0273888
0.0278797
0.0284257
0.0289391
0.0294908
0.0300582
0.0305911
0.0311971
0.0317494
0.0323612
0.0329706
0.0335626
0.0342094
0.0348126
0.0354168
0.0359899
0.036451
0.0365781
0.00878544
0.00878444
0.00882922
0.00908805
0.00959169
0.0100391
0.0100636
0.00972159
0.00933035
0.00930182
0.00965577
0.00986492
0.00957693
0.00910914
0.00906235
0.00952663
0.00992356
0.00982415
0.00949471
0.00950874
0.0100048
0.0104008
0.0102655
0.0100549
0.0102555
0.0106739
0.0109129
0.0108619
0.0108301
0.0111415
0.0115016
0.0115231
0.0115077
0.0118059
0.0121561
0.0122957
0.0123706
0.0125398
0.0128001
0.0130694
0.0132847
0.013461
0.0136211
0.0138342
0.0141386
0.0144204
0.014582
0.0147558
0.0150553
0.0153854
0.0156034
0.0157998
0.0161143
0.0164509
0.0166941
0.0169501
0.0172766
0.017574
0.0178386
0.018133
0.0184627
0.0187738
0.0191163
0.0194693
0.0198416
0.0201923
0.0205628
0.0209289
0.0212939
0.0216702
0.0220737
0.0224686
0.0228619
0.0232828
0.0236863
0.0241258
0.0245374
0.025004
0.0254443
0.025918
0.0264016
0.0268851
0.0273924
0.0278838
0.0284295
0.0289423
0.0294939
0.030061
0.0305937
0.0312008
0.0317529
0.0323648
0.0329749
0.0335671
0.0342167
0.03482
0.0354275
0.0360034
0.0364649
0.0365932
0.00871038
0.00883591
0.00893221
0.00915239
0.00955623
0.00999125
0.010114
0.00988323
0.00952153
0.00937936
0.00963409
0.00988862
0.00972977
0.00929944
0.00911239
0.00946763
0.00994282
0.0099729
0.00964415
0.00952753
0.00995091
0.0104585
0.010421
0.0101222
0.0102369
0.010698
0.0109752
0.0109191
0.0108773
0.011157
0.0115162
0.0115772
0.0115504
0.0118069
0.0121681
0.0123398
0.0124076
0.0125513
0.0128074
0.0130864
0.0133046
0.0134806
0.0136393
0.0138436
0.0141451
0.0144367
0.0146016
0.0147657
0.0150597
0.0153977
0.01562
0.0158067
0.0161181
0.0164609
0.0167023
0.0169527
0.0172808
0.0175809
0.017845
0.0181413
0.0184746
0.0187855
0.019124
0.0194745
0.0198456
0.0201943
0.0205655
0.0209326
0.021297
0.021674
0.022078
0.0224716
0.0228646
0.0232858
0.0236903
0.0241306
0.0245419
0.025009
0.025449
0.0259226
0.026406
0.026889
0.0273962
0.0278881
0.0284334
0.0289457
0.0294972
0.030064
0.0305964
0.0312046
0.0317566
0.0323685
0.0329795
0.0335719
0.0342242
0.034828
0.0354383
0.0360172
0.0364791
0.0366085
0.00860339
0.00885268
0.00901676
0.00923582
0.00956402
0.00994879
0.0101308
0.00999946
0.00970177
0.00949706
0.00963541
0.0098891
0.00983876
0.00948494
0.00921614
0.00942962
0.00991785
0.0100824
0.00981386
0.00959823
0.00989436
0.0104556
0.0105737
0.0102493
0.010219
0.0106842
0.0110484
0.010991
0.0109133
0.0111775
0.0115369
0.0116238
0.0115969
0.0118148
0.0121739
0.0123807
0.0124516
0.0125658
0.0128122
0.0131039
0.0133262
0.0135001
0.0136589
0.0138548
0.0141499
0.0144512
0.0146228
0.0147778
0.0150639
0.0154098
0.0156382
0.0158147
0.0161208
0.0164706
0.0167114
0.0169558
0.0172854
0.0175885
0.017852
0.0181494
0.018486
0.018797
0.0191317
0.0194798
0.0198501
0.0201966
0.0205686
0.0209365
0.0213003
0.0216778
0.0220821
0.0224749
0.0228676
0.023289
0.0236946
0.0241355
0.0245463
0.0250142
0.0254539
0.0259275
0.0264107
0.026893
0.0274
0.0278924
0.0284374
0.0289492
0.0295006
0.030067
0.0305994
0.0312084
0.0317606
0.0323722
0.0329844
0.0335771
0.0342318
0.0348365
0.0354493
0.0360312
0.0364934
0.0366239
0.00848067
0.00883448
0.00908047
0.00931527
0.00960531
0.0099315
0.01013
0.0100745
0.00985291
0.00963876
0.00967015
0.00988669
0.00991289
0.0096437
0.00935558
0.00943705
0.00987005
0.0101427
0.00998108
0.00971653
0.00986623
0.010407
0.0106832
0.0104212
0.0102388
0.010629
0.0111051
0.0110933
0.0109493
0.0111885
0.0115665
0.0116699
0.0116423
0.0118302
0.0121763
0.0124148
0.0125017
0.0125867
0.0128142
0.0131205
0.0133501
0.0135183
0.0136783
0.0138693
0.0141558
0.0144644
0.0146455
0.0147927
0.0150674
0.0154198
0.0156572
0.0158239
0.0161228
0.0164804
0.016722
0.0169595
0.0172902
0.0175968
0.0178593
0.0181573
0.018497
0.0188085
0.0191395
0.0194852
0.019855
0.0201995
0.0205721
0.0209407
0.0213039
0.0216817
0.0220864
0.0224786
0.0228708
0.0232923
0.0236991
0.0241405
0.0245509
0.0250194
0.0254586
0.0259324
0.0264156
0.0268973
0.027404
0.0278969
0.0284415
0.0289528
0.0295041
0.0300702
0.0306026
0.0312124
0.0317648
0.0323761
0.0329897
0.0335826
0.0342394
0.0348454
0.0354604
0.0360453
0.0365081
0.0366396
0.00836278
0.00878169
0.00912134
0.00938437
0.00966103
0.00994324
0.0101308
0.0101222
0.00996875
0.00977965
0.00973768
0.00989027
0.00996058
0.00977587
0.00950703
0.00948979
0.00982672
0.0101572
0.0101212
0.00986433
0.00988413
0.010342
0.0107294
0.0106035
0.0103276
0.010562
0.0111127
0.0112174
0.0110081
0.0111812
0.0115949
0.011725
0.0116862
0.0118496
0.0121787
0.0124407
0.0125561
0.0126167
0.0128119
0.0131322
0.0133787
0.0135389
0.0136968
0.0138864
0.0141636
0.0144754
0.0146671
0.0148097
0.0150708
0.015428
0.0156775
0.0158357
0.0161244
0.0164897
0.016734
0.0169635
0.0172949
0.0176059
0.0178672
0.0181649
0.0185076
0.0188199
0.0191475
0.0194908
0.0198604
0.0202029
0.0205759
0.0209451
0.0213078
0.0216855
0.0220904
0.0224827
0.0228744
0.0232957
0.0237036
0.0241459
0.0245555
0.0250249
0.0254635
0.0259375
0.0264205
0.0269016
0.027408
0.0279015
0.0284459
0.0289567
0.0295079
0.0300734
0.0306061
0.0312163
0.0317692
0.0323802
0.0329952
0.0335885
0.0342471
0.0348549
0.0354718
0.0360595
0.036523
0.0366554
0.00827535
0.00870674
0.00913495
0.00944529
0.00971748
0.00997342
0.0101449
0.0101585
0.0100534
0.00990153
0.00982597
0.00991064
0.00998895
0.00988221
0.00965141
0.00957231
0.00981003
0.0101432
0.0102216
0.0100229
0.00994861
0.0102917
0.010722
0.0107525
0.0104776
0.0105252
0.0110595
0.0113313
0.0111121
0.0111682
0.0116049
0.0117909
0.0117342
0.0118699
0.0121841
0.0124573
0.0126086
0.01266
0.0128108
0.013136
0.0134109
0.0135644
0.0137119
0.0139023
0.0141736
0.0144858
0.0146882
0.0148297
0.015076
0.0154345
0.0156981
0.0158494
0.0161252
0.0164978
0.0167476
0.0169686
0.0172994
0.0176157
0.0178758
0.0181723
0.0185178
0.0188313
0.0191555
0.0194966
0.0198662
0.0202068
0.0205799
0.0209498
0.0213121
0.0216895
0.0220945
0.0224871
0.0228782
0.0232993
0.0237084
0.0241513
0.0245602
0.0250304
0.0254684
0.0259429
0.0264258
0.0269062
0.0274121
0.0279059
0.0284503
0.0289605
0.0295119
0.0300767
0.03061
0.0312205
0.0317736
0.0323845
0.0330008
0.0335949
0.0342548
0.0348647
0.0354835
0.0360738
0.0365382
0.0366713
0.00823563
0.0086329
0.00911741
0.00949174
0.00977224
0.010011
0.0101731
0.0101966
0.0101187
0.0100003
0.00991645
0.00995082
0.0100144
0.00996414
0.00978553
0.00967269
0.00982516
0.0101225
0.0102795
0.010169
0.0100469
0.010275
0.0106877
0.0108432
0.0106538
0.0105569
0.0109745
0.0113959
0.0112567
0.0111761
0.0115844
0.0118575
0.0117963
0.0118893
0.0121915
0.0124675
0.012654
0.0127175
0.0128179
0.0131272
0.0134396
0.0135992
0.0137277
0.0139151
0.0141862
0.0144978
0.0147083
0.0148509
0.0150821
0.015439
0.0157182
0.0158657
0.0161262
0.016505
0.0167627
0.0169748
0.0173032
0.0176255
0.0178854
0.0181796
0.0185274
0.0188428
0.0191637
0.0195024
0.0198724
0.0202113
0.0205842
0.0209545
0.0213168
0.0216935
0.0220984
0.0224922
0.0228823
0.0233027
0.0237132
0.0241569
0.024565
0.0250361
0.0254733
0.0259482
0.0264311
0.0269109
0.0274166
0.0279105
0.0284551
0.0289645
0.0295159
0.0300799
0.030614
0.0312247
0.0317782
0.0323893
0.0330067
0.0336016
0.0342627
0.0348748
0.0354955
0.036088
0.0365534
0.0366874
0.00823976
0.00858578
0.00908009
0.00951444
0.00982401
0.010054
0.0102095
0.0102393
0.0101752
0.0100801
0.00999721
0.0100035
0.0100483
0.0100257
0.00990241
0.00978074
0.00986424
0.0101118
0.0103046
0.0102884
0.0101667
0.0102942
0.0106533
0.0108808
0.0108131
0.0106592
0.0109013
0.0113894
0.0114091
0.0112339
0.011544
0.0119052
0.011876
0.0119131
0.0121995
0.0124766
0.0126862
0.0127801
0.012841
0.0131102
0.0134581
0.0136442
0.0137508
0.0139228
0.0141973
0.014512
0.0147282
0.0148724
0.0150892
0.0154424
0.0157382
0.0158846
0.0161275
0.0165107
0.0167788
0.0169826
0.0173068
0.0176353
0.017896
0.0181871
0.0185364
0.0188542
0.0191721
0.0195083
0.0198788
0.0202164
0.0205889
0.0209596
0.021322
0.0216975
0.0221022
0.0224978
0.0228867
0.0233063
0.0237183
0.0241626
0.0245699
0.0250418
0.0254783
0.0259538
0.0264366
0.0269156
0.0274211
0.027915
0.0284601
0.0289687
0.0295203
0.0300834
0.0306183
0.0312292
0.0317826
0.0323943
0.0330127
0.0336087
0.0342707
0.0348852
0.0355079
0.0361021
0.0365688
0.0367036
0.00827191
0.00857834
0.00904628
0.00951282
0.00986477
0.0100999
0.0102486
0.0102844
0.0102294
0.0101493
0.0100693
0.010057
0.0100899
0.0100741
0.00999573
0.00989184
0.00992264
0.0101199
0.0103146
0.0103741
0.0102919
0.0103426
0.010636
0.0108892
0.0109253
0.0108003
0.0108826
0.0113307
0.0115273
0.0113464
0.0115101
0.011918
0.0119659
0.0119511
0.0122051
0.0124863
0.012707
0.0128399
0.012885
0.0130957
0.0134574
0.0136907
0.0137878
0.0139282
0.0142019
0.0145281
0.0147509
0.0148951
0.0150973
0.0154447
0.0157577
0.0159055
0.0161289
0.0165147
0.0167959
0.0169921
0.0173104
0.0176449
0.0179074
0.0181951
0.0185449
0.0188656
0.0191809
0.0195142
0.0198854
0.020222
0.0205938
0.0209647
0.0213276
0.0217015
0.0221059
0.022504
0.0228912
0.0233098
0.0237236
0.0241687
0.0245749
0.0250477
0.0254833
0.0259595
0.0264424
0.0269203
0.027426
0.0279194
0.0284652
0.0289728
0.0295246
0.030087
0.0306229
0.0312341
0.0317871
0.0323998
0.0330191
0.033616
0.0342788
0.0348957
0.0355206
0.0361163
0.0365842
0.03672
0.00831232
0.00860266
0.00903672
0.00949936
0.00988611
0.0101421
0.01029
0.0103327
0.0102839
0.0102113
0.0101355
0.0101063
0.0101316
0.0101229
0.0100699
0.00999777
0.00999601
0.0101426
0.010323
0.0104285
0.0104077
0.0104151
0.0106388
0.0108908
0.0109915
0.0109416
0.0109316
0.0112598
0.0115812
0.0114868
0.0115137
0.0118986
0.0120463
0.0120087
0.0122114
0.0124969
0.0127234
0.0128887
0.0129436
0.0130951
0.0134385
0.0137265
0.0138418
0.013941
0.0141964
0.0145417
0.0147784
0.0149196
0.0151047
0.015445
0.0157768
0.0159295
0.0161315
0.0165172
0.0168136
0.0170032
0.0173136
0.0176539
0.0179194
0.0182034
0.0185531
0.0188769
0.01919
0.0195204
0.0198921
0.0202281
0.0205991
0.0209702
0.0213337
0.0217053
0.0221095
0.0225111
0.0228961
0.0233132
0.0237289
0.0241748
0.0245801
0.0250537
0.0254885
0.0259653
0.0264484
0.026925
0.0274311
0.027924
0.0284706
0.0289772
0.0295289
0.0300908
0.0306273
0.0312391
0.0317915
0.0324055
0.0330256
0.0336236
0.0342873
0.0349065
0.0355336
0.0361305
0.0365996
0.0367363
0.00834878
0.00864127
0.00905462
0.00949399
0.00989168
0.0101744
0.0103318
0.0103821
0.0103368
0.0102672
0.0101984
0.0101542
0.010168
0.0101722
0.0101335
0.0100859
0.010075
0.0101786
0.0103406
0.010465
0.0105001
0.0105018
0.0106594
0.0108982
0.011032
0.0110523
0.011027
0.0112188
0.0115762
0.0116182
0.011567
0.0118678
0.0121003
0.0120835
0.0122269
0.0125034
0.0127371
0.0129251
0.0130065
0.0131181
0.0134146
0.0137394
0.013904
0.0139726
0.0141837
0.0145445
0.0148109
0.0149496
0.0151116
0.0154425
0.0157951
0.0159566
0.0161349
0.0165174
0.0168319
0.0170165
0.0173171
0.0176628
0.0179323
0.0182118
0.0185608
0.0188882
0.0191994
0.0195264
0.0198989
0.0202347
0.0206046
0.0209761
0.0213402
0.021709
0.022113
0.0225188
0.0229011
0.0233165
0.0237345
0.0241813
0.0245853
0.0250595
0.0254937
0.0259713
0.0264547
0.0269297
0.0274364
0.0279284
0.0284761
0.0289819
0.0295334
0.0300951
0.030632
0.0312445
0.0317959
0.0324114
0.0330324
0.0336311
0.0342959
0.0349172
0.0355467
0.0361447
0.0366149
0.0367528
0.00838126
0.00868032
0.00908877
0.00950781
0.00989377
0.0101945
0.0103668
0.0104278
0.0103907
0.0103211
0.010257
0.0102022
0.0101998
0.0102154
0.0101933
0.0101589
0.0101531
0.0102279
0.0103669
0.0104942
0.0105668
0.0105921
0.0106986
0.0109111
0.0110641
0.0111264
0.0111359
0.0112308
0.0115408
0.0117085
0.0116568
0.0118525
0.0121258
0.0121604
0.0122578
0.0125081
0.0127483
0.0129538
0.0130631
0.01316
0.0134011
0.0137279
0.0139584
0.0140294
0.0141758
0.0145298
0.0148424
0.0149897
0.0151199
0.0154351
0.0158115
0.0159877
0.0161401
0.0165146
0.0168498
0.017032
0.0173202
0.0176708
0.017946
0.0182208
0.0185682
0.0188998
0.0192094
0.0195326
0.0199056
0.0202418
0.0206101
0.0209823
0.0213473
0.0217124
0.0221163
0.0225273
0.0229065
0.0233198
0.0237401
0.0241876
0.024591
0.0250653
0.0254991
0.0259771
0.026461
0.0269343
0.0274419
0.027933
0.0284817
0.0289868
0.0295375
0.0300996
0.0306365
0.0312501
0.0318007
0.0324178
0.0330397
0.0336389
0.0343049
0.034928
0.0355599
0.0361589
0.03663
0.0367689
0.00841285
0.00871805
0.00912694
0.00953695
0.00990428
0.0102067
0.0103945
0.0104693
0.0104449
0.0103707
0.0103065
0.0102506
0.0102332
0.0102498
0.0102477
0.0102246
0.0102219
0.0102833
0.0104008
0.0105255
0.0106167
0.0106724
0.0107549
0.0109292
0.0110962
0.0111796
0.0112294
0.0112872
0.0115091
0.0117506
0.0117586
0.011865
0.0121322
0.0122261
0.0123046
0.0125198
0.0127551
0.012977
0.0131114
0.0132091
0.0134081
0.013705
0.0139873
0.0141017
0.0141892
0.0144997
0.0148619
0.0150416
0.0151355
0.015421
0.0158233
0.0160239
0.0161491
0.0165085
0.0168668
0.0170507
0.0173236
0.0176775
0.0179605
0.0182298
0.0185741
0.0189112
0.0192202
0.0195388
0.0199122
0.0202496
0.0206159
0.0209889
0.0213549
0.0217156
0.0221197
0.0225362
0.022912
0.0233231
0.0237462
0.0241947
0.0245969
0.0250709
0.0255049
0.0259834
0.0264676
0.026939
0.0274475
0.0279377
0.0284872
0.028992
0.0295417
0.0301044
0.0306412
0.0312555
0.0318053
0.0324238
0.033047
0.0336465
0.0343142
0.0349391
0.0355733
0.0361733
0.0366451
0.0367853
0.00844031
0.00875572
0.0091651
0.00957204
0.00992535
0.0102189
0.0104173
0.0105034
0.0104918
0.0104171
0.0103508
0.0102986
0.0102691
0.0102772
0.0102866
0.010283
0.0102836
0.0103389
0.01044
0.0105585
0.0106593
0.0107357
0.0108198
0.0109571
0.0111257
0.0112268
0.0112981
0.0113641
0.0115075
0.0117569
0.0118468
0.0119046
0.0121357
0.0122765
0.0123567
0.0125423
0.0127605
0.0129933
0.0131546
0.0132571
0.0134323
0.0136893
0.0139875
0.014169
0.0142341
0.0144686
0.0148566
0.015098
0.0151674
0.0154023
0.0158255
0.0160645
0.016164
0.0164987
0.0168809
0.017073
0.0173285
0.017683
0.0179762
0.0182402
0.0185794
0.0189225
0.0192318
0.0195447
0.0199181
0.0202576
0.0206214
0.0209958
0.0213632
0.0217187
0.0221231
0.0225456
0.0229178
0.0233264
0.0237519
0.0242006
0.0246028
0.0250763
0.0255108
0.0259895
0.0264739
0.0269439
0.0274533
0.0279427
0.0284927
0.0289975
0.0295456
0.0301096
0.0306461
0.0312611
0.0318106
0.0324302
0.0330547
0.0336541
0.0343233
0.03495
0.0355861
0.0361873
0.0366598
0.036801
0.00846332
0.00879616
0.00920667
0.00961032
0.00995486
0.0102339
0.0104321
0.0105254
0.010527
0.0104608
0.0103898
0.0103387
0.0103045
0.0103056
0.0103335
0.0103371
0.0103429
0.0103898
0.0104819
0.0105944
0.0107006
0.0107865
0.010882
0.0109973
0.0111511
0.0112725
0.0113516
0.0114366
0.0115392
0.0117508
0.0119091
0.0119623
0.0121451
0.0123146
0.0124067
0.0125742
0.0127721
0.0130013
0.0131916
0.0133033
0.0134624
0.013692
0.0139748
0.0142112
0.0143025
0.0144582
0.0148244
0.015143
0.0152211
0.0153868
0.0158122
0.0161064
0.0161887
0.0164861
0.0168892
0.0170978
0.0173352
0.0176863
0.0179916
0.0182518
0.0185836
0.0189336
0.0192455
0.0195518
0.0199242
0.0202664
0.0206275
0.0210029
0.0213721
0.0217217
0.0221266
0.0225552
0.022924
0.0233299
0.0237584
0.0242091
0.0246093
0.0250817
0.0255172
0.0259961
0.0264802
0.0269489
0.0274591
0.027948
0.0284982
0.0290033
0.0295498
0.030115
0.0306512
0.0312665
0.0318161
0.0324368
0.0330627
0.0336622
0.034333
0.0349616
0.0355993
0.0362017
0.0366749
0.0368172
0.00847844
0.00883197
0.00924995
0.00965223
0.00999151
0.0102567
0.0104481
0.0105453
0.0105562
0.0104978
0.0104209
0.0103657
0.0103286
0.0103158
0.010311
0.0103555
0.0103861
0.0104338
0.0105216
0.010629
0.0107388
0.0108311
0.0109341
0.0110451
0.0111786
0.0113123
0.0113987
0.0114932
0.011591
0.0117539
0.0119429
0.0120229
0.0121645
0.0123452
0.0124531
0.012608
0.0127936
0.0130078
0.0132195
0.0133502
0.0134929
0.0137069
0.0139668
0.0142231
0.0143712
0.0144853
0.014782
0.0151588
0.0152928
0.0153878
0.0157822
0.0161425
0.016226
0.0164741
0.0168905
0.0171248
0.0173455
0.0176875
0.0180058
0.0182643
0.0185862
0.0189422
0.0192591
0.0195581
0.0199286
0.0202748
0.0206331
0.0210098
0.0213814
0.0217249
0.0221301
0.0225642
0.0229303
0.0233339
0.0237639
0.0242101
0.0246154
0.0250866
0.0255233
0.0260026
0.0264857
0.0269539
0.0274648
0.027953
0.0285031
0.0290087
0.0295534
0.0301202
0.0306564
0.0312714
0.0318216
0.0324428
0.03307
0.0336694
0.0343418
0.0349723
0.0356114
0.0362151
0.036689
0.036832
0.00849395
0.0088579
0.00928258
0.00968335
0.01002
0.0102752
0.0104577
0.0105553
0.010574
0.0105265
0.0104517
0.0103947
0.010359
0.0103478
0.0103615
0.0103959
0.0104392
0.0104888
0.0105684
0.0106699
0.0107815
0.0108796
0.010982
0.0110934
0.0112113
0.0113467
0.0114461
0.0115401
0.0116439
0.0117741
0.0119606
0.0120767
0.0121941
0.0123695
0.012497
0.0126418
0.0128209
0.0130191
0.013236
0.0133951
0.0135272
0.0137258
0.013973
0.0142215
0.0144197
0.014544
0.0147545
0.0151372
0.0153659
0.0154186
0.015742
0.0161648
0.0162766
0.0164675
0.0168834
0.0171527
0.017362
0.0176891
0.01802
0.01828
0.0185905
0.0189511
0.0192758
0.0195675
0.0199341
0.0202838
0.0206395
0.0210168
0.0213913
0.0217291
0.022134
0.0225728
0.0229374
0.0233386
0.0237709
0.024224
0.0246228
0.0250923
0.0255307
0.0260099
0.0264913
0.0269598
0.0274714
0.027959
0.028509
0.029015
0.0295581
0.0301261
0.0306622
0.0312768
0.0318281
0.0324501
0.0330784
0.0336779
0.0343517
0.0349842
0.0356243
0.0362289
0.0367038
0.0368477
0.00854118
0.00890493
0.00933146
0.00972644
0.0100551
0.0102947
0.0104576
0.0105437
0.010562
0.010524
0.0104552
0.0103978
0.0103628
0.0103567
0.0103613
0.0103997
0.0104582
0.0105193
0.0105987
0.0106981
0.0108119
0.0109143
0.0110161
0.0111329
0.011245
0.0113727
0.0114829
0.0115783
0.0116872
0.0118036
0.0119708
0.012113
0.0122285
0.01239
0.012535
0.0126738
0.0128448
0.013035
0.0132429
0.0134273
0.0135647
0.0137416
0.0139821
0.0142172
0.0144363
0.0146081
0.0147577
0.015086
0.0154128
0.0154786
0.0157005
0.0161604
0.0163337
0.0164691
0.0168641
0.0171753
0.0173814
0.0176876
0.0180292
0.0182943
0.0185927
0.0189558
0.0192902
0.0195757
0.0199379
0.0202916
0.0206454
0.0210233
0.0214009
0.0217342
0.0221375
0.0225796
0.0229446
0.0233443
0.0237737
0.0242282
0.0246292
0.0250971
0.0255374
0.0260166
0.0264956
0.026965
0.0274771
0.0279635
0.0285135
0.0290198
0.0295617
0.0301309
0.0306673
0.0312809
0.0318334
0.0324558
0.0330849
0.0336848
0.03436
0.0349949
0.0356358
0.0362417
0.0367174
0.0368617
0.00857601
0.00894009
0.0093716
0.00977002
0.0101001
0.010336
0.0104846
0.0105597
0.0105707
0.0105359
0.0104675
0.0104076
0.0103699
0.0103695
0.0103906
0.0104319
0.0104996
0.0105725
0.0106568
0.0107498
0.0108605
0.0109677
0.0110681
0.0111828
0.0112898
0.0114084
0.0115246
0.0116245
0.0117326
0.0118451
0.0119946
0.0121449
0.0122711
0.0124193
0.0125725
0.0127148
0.0128746
0.0130615
0.0132578
0.0134513
0.0136108
0.0137686
0.0139949
0.0142298
0.0144406
0.0146616
0.0148049
0.0150418
0.0154253
0.0155656
0.0156878
0.0161331
0.0163941
0.0164931
0.016841
0.0171946
0.0174106
0.0176908
0.018039
0.0183124
0.0185983
0.0189612
0.0193069
0.0195873
0.0199439
0.0203002
0.0206511
0.0210295
0.0214111
0.0217411
0.0221418
0.0225853
0.0229528
0.0233514
0.0237801
0.024235
0.0246362
0.0251024
0.0255452
0.026024
0.0265
0.0269715
0.0274844
0.0279695
0.0285195
0.0290261
0.0295669
0.030137
0.0306734
0.0312863
0.0318405
0.0324636
0.0330931
0.0336934
0.0343697
0.0350062
0.0356478
0.0362543
0.0367313
0.0368765
0.00863608
0.00896907
0.00936787
0.00973792
0.010044
0.0102679
0.0104015
0.0104674
0.0104806
0.0104708
0.0104307
0.010389
0.0103615
0.0103731
0.0104076
0.0104514
0.0105218
0.0106016
0.010692
0.0107835
0.0108887
0.0109997
0.0110952
0.0112066
0.0113145
0.0114284
0.0115457
0.0116512
0.0117615
0.0118728
0.0120122
0.0121603
0.0122964
0.0124431
0.0125952
0.0127455
0.0128982
0.013077
0.0132707
0.0134577
0.0136407
0.0138003
0.0139978
0.0142424
0.0144403
0.0146768
0.0148622
0.0150198
0.01539
0.0156349
0.0157061
0.0160831
0.0164295
0.0165342
0.0168144
0.0171972
0.0174405
0.0176936
0.0180425
0.0183289
0.0186031
0.0189621
0.0193208
0.0195989
0.0199489
0.020308
0.0206562
0.0210344
0.0214211
0.0217501
0.0221447
0.0225879
0.0229617
0.0233603
0.0237839
0.0242413
0.0246439
0.0251079
0.025553
0.026031
0.0265037
0.0269775
0.0274909
0.0279736
0.0285239
0.0290309
0.0295709
0.0301418
0.0306781
0.0312901
0.0318456
0.0324692
0.0330989
0.0337002
0.0343778
0.0350167
0.0356591
0.0362663
0.0367443
0.0368897
0.00884158
0.00917793
0.00956086
0.00990026
0.0101635
0.0103473
0.0104356
0.0104411
0.0103987
0.0103556
0.0103252
0.0103126
0.0103138
0.0103339
0.0103911
0.0104543
0.0105369
0.0106276
0.0107246
0.0108249
0.0109244
0.0110361
0.0111314
0.0112388
0.0113494
0.0114583
0.0115753
0.0116838
0.011798
0.0119076
0.0120392
0.0121857
0.0123241
0.0124759
0.0126243
0.0127771
0.0129325
0.0130976
0.0132922
0.0134718
0.0136617
0.0138424
0.0140099
0.0142536
0.0144583
0.0146764
0.0149123
0.0150475
0.0153487
0.0156749
0.0157633
0.0160457
0.0164377
0.0165908
0.0168054
0.0171874
0.0174709
0.0177049
0.0180443
0.0183471
0.0186123
0.0189609
0.0193329
0.0196137
0.0199555
0.0203156
0.0206618
0.0210373
0.0214311
0.0217632
0.0221484
0.0225881
0.0229722
0.0233711
0.023785
0.0242454
0.024651
0.0251125
0.02556
0.0260367
0.0265065
0.026984
0.0274983
0.0279783
0.0285292
0.0290365
0.0295757
0.0301475
0.0306836
0.0312952
0.0318524
0.0324764
0.0331061
0.0337078
0.0343862
0.0350262
0.0356693
0.0362771
0.0367564
0.0369028
0.00870987
0.00897027
0.00929529
0.00959871
0.00985307
0.0100739
0.0102446
0.0103614
0.0104108
0.0103977
0.0103607
0.0103542
0.0103773
0.0104075
0.010462
0.0105305
0.0106073
0.0106937
0.0107808
0.0108771
0.0109672
0.0110708
0.0111677
0.0112658
0.0113785
0.0114838
0.0116001
0.011709
0.0118254
0.0119396
0.0120628
0.0122112
0.0123473
0.0125026
0.0126514
0.0127997
0.012964
0.0131174
0.0133092
0.0134896
0.013673
0.0138766
0.0140319
0.0142574
0.0144809
0.0146764
0.0149313
0.015096
0.0153219
0.0156707
0.0158273
0.0160327
0.0164175
0.0166411
0.0168168
0.0171691
0.0174911
0.0177226
0.0180441
0.0183633
0.0186275
0.0189582
0.0193407
0.019631
0.0199637
0.0203226
0.0206689
0.0210386
0.0214387
0.0217793
0.0221523
0.0225846
0.0229837
0.0233836
0.0237872
0.0242516
0.0246617
0.0251204
0.0255694
0.026044
0.0265105
0.0269919
0.027506
0.0279823
0.0285341
0.0290422
0.0295804
0.0301527
0.0306885
0.0312993
0.0318579
0.0324822
0.0331118
0.0337149
0.0343945
0.0350366
0.0356801
0.0362884
0.0367685
0.0369151
0.00986409
0.00980432
0.0096879
0.00958497
0.00952311
0.00950695
0.00954862
0.00964448
0.00978609
0.00995951
0.0101209
0.0102262
0.0103019
0.0103701
0.010447
0.0105344
0.0106166
0.0107033
0.0107872
0.01088
0.0109731
0.0110707
0.0111756
0.0112707
0.0113852
0.0114915
0.011604
0.0117182
0.011834
0.0119598
0.0120772
0.012227
0.012366
0.0125163
0.0126716
0.0128123
0.0129852
0.0131357
0.0133164
0.0135052
0.0136777
0.0138933
0.0140564
0.0142562
0.0144931
0.0146808
0.0149285
0.0151391
0.0153223
0.0156419
0.0158736
0.0160482
0.0163844
0.0166703
0.0168461
0.0171505
0.0174967
0.0177437
0.0180415
0.0183729
0.0186459
0.0189519
0.0193408
0.0196488
0.0199717
0.0203272
0.0206757
0.0210368
0.021444
0.0217976
0.0221567
0.0225778
0.0229944
0.0233991
0.0237851
0.0242514
0.0246685
0.0251246
0.0255741
0.0260467
0.0265111
0.0269979
0.0275124
0.0279847
0.0285374
0.0290467
0.0295837
0.0301567
0.0306925
0.0313028
0.031863
0.0324875
0.0331169
0.0337205
0.0344008
0.0350436
0.035688
0.0362968
0.0367782
0.0369255
0.00889682
0.00906719
0.00931409
0.00955579
0.00975693
0.00993043
0.0100714
0.0101588
0.0101857
0.0101648
0.0101823
0.0102402
0.0103235
0.0104132
0.0105014
0.0105972
0.0106942
0.0107874
0.0108727
0.0109523
0.0110368
0.0111226
0.011223
0.0113166
0.0114182
0.0115223
0.0116245
0.0117411
0.0118549
0.0119868
0.0121095
0.0122515
0.0124007
0.0125377
0.0126955
0.0128361
0.0130053
0.0131666
0.0133282
0.0135268
0.0136962
0.0139034
0.0140899
0.0142652
0.0145031
0.0147005
0.0149242
0.0151711
0.0153483
0.0156182
0.0158956
0.0160857
0.0163644
0.0166763
0.0168902
0.017147
0.0174904
0.0177719
0.0180451
0.0183804
0.0186772
0.0189517
0.0193373
0.0196721
0.0199844
0.0203345
0.0206874
0.0210384
0.0214508
0.0218203
0.0221619
0.0225692
0.02301
0.023416
0.0237887
0.024256
0.0246808
0.0251366
0.0255853
0.0260542
0.0265165
0.0270081
0.0275219
0.0279895
0.0285431
0.0290536
0.0295895
0.0301625
0.0306981
0.0313077
0.0318688
0.0324937
0.0331227
0.0337277
0.0344089
0.0350532
0.0356979
0.0363069
0.036789
0.0369369
0.010091
0.0099142
0.00966899
0.00945229
0.00930092
0.00921641
0.00920657
0.00928043
0.00944289
0.00966294
0.00987151
0.0100563
0.0102231
0.0103742
0.0105044
0.010616
0.0107144
0.0108008
0.0108808
0.0109543
0.0110331
0.0111186
0.0112165
0.0113183
0.0114157
0.0115191
0.0116208
0.0117364
0.0118572
0.0119885
0.0121243
0.0122603
0.0124151
0.012551
0.0126979
0.0128516
0.0130093
0.0131825
0.0133368
0.013529
0.0137141
0.0138986
0.0141056
0.0142755
0.0144975
0.0147187
0.0149177
0.0151795
0.0153767
0.0156053
0.0158942
0.0161142
0.0163615
0.0166603
0.0169174
0.0171587
0.0174687
0.0177878
0.0180518
0.0183691
0.018702
0.0189544
0.0193184
0.019687
0.0199949
0.0203329
0.0206979
0.0210332
0.0214452
0.0218431
0.0221698
0.0225554
0.0230167
0.023434
0.0237856
0.0242525
0.0246845
0.0251396
0.025589
0.0260546
0.0265138
0.0270116
0.0275265
0.0279896
0.0285438
0.029056
0.0295909
0.0301642
0.0307
0.0313091
0.0318713
0.0324965
0.0331253
0.0337305
0.0344124
0.0350571
0.0357027
0.0363121
0.0367952
0.0369433
0.00988773
0.00963545
0.00933542
0.00909765
0.00897425
0.00896448
0.00905648
0.00923676
0.0094626
0.00970823
0.00994439
0.0101555
0.0103404
0.0104998
0.0106307
0.0107351
0.0108195
0.01089
0.0109526
0.011012
0.0110762
0.0111526
0.0112422
0.0113401
0.0114349
0.0115315
0.0116328
0.0117441
0.0118674
0.0119977
0.0121363
0.0122747
0.0124248
0.0125667
0.0127049
0.0128635
0.0130209
0.0131914
0.0133532
0.0135336
0.0137293
0.0139076
0.0141119
0.0142939
0.0144985
0.0147307
0.0149258
0.0151792
0.0153971
0.01561
0.0158912
0.0161296
0.0163734
0.0166572
0.016928
0.0171836
0.0174678
0.0177949
0.0180749
0.0183706
0.0187208
0.0189811
0.019316
0.0196969
0.0200147
0.0203365
0.0207118
0.0210483
0.0214434
0.0218567
0.0221929
0.022551
0.0230179
0.0234572
0.0237984
0.0242576
0.0246962
0.0251518
0.0256012
0.0260664
0.0265214
0.0270203
0.0275373
0.027997
0.0285502
0.0290633
0.0295976
0.0301704
0.0307063
0.0313145
0.0318768
0.0325027
0.033131
0.0337374
0.0344196
0.0350655
0.0357114
0.036321
0.036805
0.0369546
)
;

boundaryField
{
    zeroGradientPlanes
    {
        type            zeroGradient;
    }
    inlet
    {
        type            zeroGradient;
    }
    plate
    {
        type            zeroGradient;
    }
    frontAndBack
    {
        type            empty;
    }
}


// ************************************************************************* //
