/*--------------------------------*- C++ -*----------------------------------*\
| =========                 |                                                 |
| \\      /  F ield         | OpenFOAM: The Open Source CFD Toolbox           |
|  \\    /   O peration     | Version:  v1912                                 |
|   \\  /    A nd           | Website:  www.openfoam.com                      |
|    \\/     M anipulation  |                                                 |
\*---------------------------------------------------------------------------*/
FoamFile
{
    version     2.0;
    format      ascii;
    class       volScalarField;
    location    "7.45";
    object      p;
}
// * * * * * * * * * * * * * * * * * * * * * * * * * * * * * * * * * * * * * //

dimensions      [0 2 -2 0 0 0 0];


internalField   nonuniform List<scalar> 
9600
(
6.85407e-11
-0.00244102
-0.00790539
-0.00136593
0.00387594
0.000723365
0.00126473
0.00389268
0.00134047
0.00396901
0.00333555
0.00467294
0.00663748
0.00783179
0.00785536
0.00979959
0.00942038
0.0107904
0.0115437
0.0170245
-2.44184e-05
-0.00243794
-0.00788813
-0.00135445
0.00385055
0.000731461
0.001276
0.00388309
0.00134835
0.0039491
0.00337402
0.00469236
0.00661631
0.00782427
0.00786381
0.00978074
0.00944401
0.0107591
0.0116956
0.0165041
-4.24135e-05
-0.00243381
-0.00786326
-0.00134535
0.00381494
0.000769122
0.00129382
0.00386557
0.00136244
0.00392369
0.00340751
0.00471611
0.00659403
0.00782049
0.00787219
0.0097642
0.00947572
0.0107047
0.0117619
0.0159912
-6.57769e-05
-0.00242819
-0.00782303
-0.00132527
0.00377948
0.00083455
0.00132563
0.0038423
0.00138612
0.0038934
0.00344689
0.00474478
0.00656527
0.00781328
0.00788137
0.00974527
0.00951112
0.0106357
0.0118068
0.0155242
-9.55298e-05
-0.00241921
-0.0077615
-0.00129254
0.00374011
0.000922673
0.00137137
0.00381624
0.00141974
0.00385887
0.00349086
0.00477106
0.00653036
0.0078034
0.00789287
0.0097222
0.00954855
0.0105569
0.0118352
0.0150987
-0.000131158
-0.00240498
-0.00767839
-0.00125786
0.00369648
0.00102585
0.00142946
0.00378966
0.00146134
0.00382177
0.00353717
0.00479344
0.00649334
0.00779044
0.00790718
0.00969494
0.00958647
0.0104745
0.0118458
0.0146991
-0.000170753
-0.00238444
-0.00757834
-0.00122559
0.0036507
0.00113772
0.00149624
0.0037627
0.00150808
0.00378295
0.00358514
0.00481307
0.00645579
0.00777388
0.00792338
0.00966323
0.0096238
0.0103913
0.0118352
0.0143233
-0.000211742
-0.00235766
-0.00746596
-0.0011937
0.00360352
0.00125199
0.00156825
0.00373515
0.00155818
0.0037433
0.00363523
0.0048309
0.00641845
0.00775365
0.00793975
0.00962732
0.00965878
0.0103088
0.0118015
0.0139723
-0.000251899
-0.00232567
-0.00734258
-0.00115911
0.00355305
0.00136292
0.00164235
0.00370708
0.00161114
0.0037041
0.0036885
0.00484789
0.00638201
0.00772969
0.00795462
0.00958762
0.00968938
0.0102281
0.0117456
0.0136472
-0.000290031
-0.00228995
-0.00720638
-0.00111988
0.00349644
0.00146526
0.00171603
0.00367918
0.00166738
0.00366691
0.00374643
0.00486539
0.006347
0.00770211
0.00796668
0.00954468
0.00971375
0.0101497
0.0116693
0.0133468
-0.000325939
-0.00225163
-0.00705453
-0.00107526
0.00343183
0.00155498
0.00178738
0.00365219
0.0017273
0.00363304
0.00381036
0.00488467
0.00631367
0.00767145
0.00797487
0.00949903
0.00973051
0.0100737
0.0115725
0.0130669
-0.000360046
-0.00221119
-0.00688537
-0.00102558
0.00335881
0.00163003
0.00185547
0.00362657
0.00179085
0.00360316
0.00388082
0.00490642
0.00628202
0.00763845
0.00797819
0.00945123
0.009739
0.00999935
0.0114606
0.0128027
-0.000392967
-0.00216852
-0.00669953
-0.000971991
0.00327829
0.0016906
0.00192038
0.00360254
0.00185745
0.00357713
0.00395725
0.00493061
0.00625168
0.00760391
0.00797615
0.00940176
0.00973895
0.00992501
0.0113372
0.0125502
-0.000425194
-0.00212337
-0.00649966
-0.000915878
0.00319208
0.00173833
0.00198281
0.00358019
0.00192639
0.00355428
0.00403831
0.00495682
0.00622181
0.00756867
0.00796891
0.00935073
0.00973049
0.00984916
0.0112011
0.012306
-0.000456988
-0.00207556
-0.00628909
-0.000858346
0.00310207
0.00177544
0.00204367
0.00355966
0.00199708
0.00353389
0.00412233
0.00498469
0.0061914
0.00753356
0.0079568
0.00929796
0.00971423
0.00977001
0.0110545
0.0120684
-0.000488424
-0.00202505
-0.00607076
-0.000800073
0.00301002
0.00180402
0.00210368
0.00354105
0.00206917
0.00351557
0.0042078
0.00501404
0.00615952
0.00749932
0.00794035
0.00924285
0.0096913
0.00968601
0.0108993
0.0118372
-0.000519454
-0.001972
-0.00584676
-0.000741124
0.00291751
0.00182565
0.00216332
0.00352453
0.00214242
0.00349926
0.00429346
0.005045
0.00612544
0.00746644
0.00792057
0.00918436
0.00966324
0.00959641
0.010736
0.0116129
-0.000549943
-0.0019166
-0.00561848
-0.000681128
0.00282587
0.00184138
0.00222284
0.00351028
0.00221658
0.00348512
0.0043783
0.00507792
0.0060885
0.00743492
0.00789902
0.0091212
0.00963106
0.00950132
0.0105643
0.0113963
-0.000579695
-0.00185903
-0.00538675
-0.000619762
0.00273606
0.00185208
0.00228231
0.00349852
0.00229134
0.00347341
0.00446134
0.00511325
0.00604838
0.00740444
0.00787728
0.00905214
0.00959491
0.00940162
0.0103834
0.0111883
-0.000608482
-0.00179948
-0.00515215
-0.000556883
0.00264898
0.00185847
0.00234162
0.00348945
0.00236635
0.00346448
0.00454168
0.00515138
0.00600512
0.00737421
0.00785676
0.00897623
0.00955441
0.00929902
0.0101922
0.0109888
-0.000636044
-0.00173817
-0.00491519
-0.000492455
0.00256545
0.00186109
0.00240039
0.00348326
0.00244116
0.00345869
0.00461855
0.00519265
0.00595893
0.00734292
0.00783872
0.00889293
0.00950854
0.0091962
0.00999001
0.0107965
-0.000662068
-0.00167527
-0.00467637
-0.00042652
0.00248615
0.00186024
0.00245807
0.0034802
0.00251535
0.00345637
0.0046913
0.00523712
0.00591035
0.00730917
0.00782396
0.00880213
0.00945553
0.00909614
0.00977747
0.0106086
-0.000686209
-0.00161095
-0.00443611
-0.000359175
0.00241147
0.00185612
0.00251397
0.00348051
0.00258862
0.00345775
0.00475947
0.00528468
0.0058602
0.00727151
0.00781283
0.00870453
0.00939324
0.00900133
0.00955597
0.0104209
-0.000708109
-0.00154541
-0.00419472
-0.000290634
0.00234159
0.00184898
0.00256737
0.00348434
0.00266079
0.00346295
0.00482265
0.00533512
0.00580947
0.00722857
0.00780527
0.00860147
0.0093193
0.00891405
0.00932821
0.0102283
-0.0007274
-0.00147879
-0.00395254
-0.000221132
0.00227662
0.00183919
0.00261755
0.00349185
0.0027317
0.00347202
0.00488068
0.00538794
0.00575924
0.00717933
0.0078008
0.00849468
0.00923133
0.0088358
0.00909858
0.0100249
-0.000743711
-0.00141128
-0.00370989
-0.00015083
0.00221663
0.0018273
0.00266391
0.00350313
0.00280137
0.0034848
0.00493351
0.00544249
0.00571034
0.00712281
0.00779879
0.00838663
0.00912734
0.00876636
0.00887306
0.00980514
-0.000756663
-0.00134309
-0.00346716
-7.9815e-05
0.00216163
0.00181402
0.00270585
0.0035181
0.00287004
0.00350105
0.00498111
0.00549817
0.00566375
0.00705812
0.00779854
0.00828038
0.00900599
0.00870352
0.00865893
0.00956471
-0.000765873
-0.00127435
-0.00322474
-8.08255e-06
0.00211162
0.00180011
0.00274293
0.00353659
0.00293794
0.00352045
0.00502353
0.00555423
0.00562059
0.00698481
0.00779889
0.00817915
0.00886706
0.00864305
0.00846387
0.00930383
-0.000770975
-0.00120522
-0.00298304
6.44598e-05
0.00206662
0.00178639
0.00277484
0.00355821
0.00300534
0.00354266
0.00506085
0.00560985
0.0055817
0.0069027
0.00779804
0.00808623
0.0087118
0.00857943
0.00829454
0.00902799
-0.000771533
-0.00113584
-0.0027426
0.000137986
0.00202656
0.00177373
0.00280156
0.00358234
0.0030725
0.00356744
0.00509316
0.0056643
0.00554745
0.00681169
0.00779402
0.00800502
0.00854316
0.00850602
0.00815494
0.00874847
-0.000767076
-0.00106633
-0.00250404
0.000212772
0.00199141
0.00176297
0.00282333
0.00360831
0.00313962
0.00359444
0.00512046
0.00571716
0.00551839
0.00671181
0.00778458
0.00793849
0.00836557
0.00841606
0.00804422
0.00847798
-0.00075719
-0.000996685
-0.00226804
0.000289089
0.00196117
0.00175482
0.00284052
0.00363549
0.00320703
0.00362319
0.00514252
0.00576803
0.00549516
0.00660358
0.00776652
0.00788831
0.00818506
0.00830492
0.00796013
0.00823118
-0.000741498
-0.000926839
-0.00203535
0.000367174
0.0019359
0.00174979
0.00285377
0.00366333
0.00327487
0.00365336
0.00515918
0.00581632
0.00547816
0.00648799
0.00773664
0.00785448
0.00800832
0.00817107
0.00788854
0.00801923
-0.00071963
-0.000856678
-0.00180674
0.00044725
0.00191583
0.00174814
0.00286372
0.00369165
0.00334314
0.00368438
0.00517011
0.00586171
0.00546791
0.00636608
0.00769243
0.00783588
0.00784179
0.00801655
0.00782059
0.00784649
-0.000691218
-0.000786052
-0.001583
0.000529563
0.00190133
0.00174982
0.00287065
0.00372054
0.00341206
0.0037158
0.00517489
0.00590374
0.00546489
0.00623882
0.00763169
0.00783061
0.00769196
0.00784375
0.00774785
0.00771261
-0.000655974
-0.000714708
-0.00136493
0.000614292
0.00189275
0.00175492
0.00287488
0.00374988
0.00348183
0.00374739
0.00517285
0.00594182
0.00547005
0.00610766
0.00755072
0.00783538
0.00756603
0.00765453
0.00766214
0.00761373
-0.000613661
-0.000642302
-0.00115321
0.000701261
0.0018906
0.00176392
0.00287644
0.00377944
0.00355302
0.00377912
0.00516297
0.00597482
0.00548471
0.00597532
0.0074455
0.0078449
0.00747052
0.00745541
0.00755552
0.00754346
-0.000564049
-0.000568509
-0.000948359
0.000790254
0.0018953
0.00177754
0.00287517
0.00380856
0.00362629
0.0038114
0.00514479
0.00600111
0.00550928
0.00584516
0.0073159
0.00785174
0.00740859
0.00725819
0.00742117
0.00749218
-0.000506984
-0.000492989
-0.000750812
0.000881152
0.00190717
0.00179628
0.00287107
0.00383674
0.00370202
0.0038447
0.00511823
0.00601879
0.00554376
0.00572098
0.00716159
0.00784867
0.00738142
0.00707387
0.00725639
0.00744704
-0.00044238
-0.00041536
-0.000560817
0.000973577
0.00192609
0.00182138
0.00286446
0.00386246
0.00378103
0.00388004
0.00508348
0.00602471
0.00558657
0.00560847
0.00698337
0.00782611
0.00738598
0.00691747
0.00706726
0.00739089
-0.000370153
-0.000335233
-0.000378621
0.00106729
0.00195173
0.00185381
0.00285674
0.00388379
0.00386254
0.00391968
0.00504153
0.00601659
0.00563445
0.00551177
0.00678637
0.0077763
0.00741681
0.0067955
0.00686182
0.00731182
-0.000290384
-0.000252102
-0.000204459
0.00116177
0.00198367
0.00189423
0.00284929
0.0038994
0.00394584
0.00396477
0.00499383
0.00599336
0.00568469
0.00543415
0.0065712
0.00769714
0.00748351
0.00674222
0.00667672
0.0072238
-0.000203177
-0.00016552
-3.8587e-05
0.00125781
0.00202123
0.00194306
0.00284438
0.00390783
0.00402932
0.00401689
0.0049431
0.00595325
0.00573417
0.00538144
0.00634701
0.00754448
0.00747941
0.00665903
0.00651193
0.00715536
-0.000108646
-7.47928e-05
0.000118686
0.0013555
0.00206396
0.0019988
0.00284501
0.00391014
0.00410937
0.00407689
0.00489183
0.00589769
0.00577633
0.00535634
0.00614485
0.00738959
0.00753617
0.00677022
0.00638159
0.00697121
-4.98331e-06
2.08053e-05
0.000267758
0.00145406
0.00211215
0.00206044
0.00285168
0.00390776
0.00418502
0.00414324
0.0048441
0.00582836
0.00580863
0.00535788
0.00597695
0.00721352
0.00751117
0.00675105
0.00620759
0.00668142
0.000102887
0.000121841
0.000408943
0.00155261
0.00216744
0.00212582
0.00286392
0.00390474
0.00425473
0.00421483
0.00480305
0.00574556
0.00583091
0.00538166
0.00584485
0.00704416
0.00752815
0.00685635
0.00611142
0.00629833
0.000216724
0.000229195
0.000542816
0.00164983
0.00223095
0.00219435
0.00288046
0.00390414
0.00431893
0.00428998
0.00476875
0.00565445
0.00584444
0.00542246
0.00569909
0.00678606
0.00737281
0.00685203
0.00609792
0.00620427
0.000335275
0.000343241
0.00067072
0.00174384
0.00230347
0.00226732
0.00289811
0.0039052
0.00438266
0.00436802
0.00474052
0.00555765
0.00584075
0.00547625
0.00562384
0.00659971
0.00731345
0.00689779
0.00607084
0.00588979
0.000458346
0.000464444
0.000794052
0.00183293
0.00238453
0.00234584
0.00291481
0.00390794
0.00444779
0.00444888
0.00471913
0.00545603
0.00581962
0.00553416
0.00556274
0.0063691
0.00708851
0.00686904
0.00607336
0.00574582
0.000585536
0.000592925
0.000914363
0.0019159
0.00247211
0.00243291
0.00293109
0.00390727
0.00451308
0.00453717
0.00470747
0.00534882
0.00577543
0.00558672
0.00551907
0.00614322
0.00687832
0.00684573
0.00615673
0.0057277
0.000716128
0.00072845
0.00103353
0.0019921
0.00256431
0.00253111
0.00294738
0.00389822
0.00457876
0.00463449
0.00470422
0.00523725
0.00571046
0.00562856
0.00550178
0.00595448
0.00665202
0.00676909
0.00622506
0.00575535
0.000849708
0.000870847
0.00115318
0.00206195
0.00265785
0.00264095
0.00296677
0.00387802
0.00463799
0.0047402
0.00471539
0.00512655
0.00562449
0.0056569
0.00551192
0.00580234
0.00640777
0.00665124
0.00626974
0.00582238
0.000985815
0.00101942
0.00127533
0.00212628
0.00274903
0.00276172
0.00299466
0.00384508
0.00468235
0.00485385
0.00474782
0.00502269
0.00551909
0.00566691
0.00554405
0.00569337
0.00619048
0.00650301
0.00628077
0.00590044
0.00112374
0.00117344
0.00140192
0.00218637
0.00283484
0.00289075
0.00303605
0.0038015
0.00470463
0.00497016
0.00480583
0.00493585
0.00539894
0.0056504
0.00558333
0.00562816
0.00600085
0.0063351
0.00625132
0.00597137
0.00126308
0.00133188
0.00153452
0.00224434
0.00291213
0.00302434
0.00309605
0.00375192
0.00469796
0.00508028
0.00489169
0.00487535
0.00527053
0.00560485
0.00561945
0.00560317
0.00585028
0.00615706
0.00617886
0.00602043
0.00140362
0.00149345
0.00167423
0.0023026
0.00297927
0.0031582
0.00317661
0.0037048
0.00466048
0.00517119
0.00500232
0.00485125
0.00514622
0.00553164
0.00564108
0.00560506
0.0057418
0.00599783
0.00608002
0.00602753
0.00154536
0.00165625
0.00182154
0.00236467
0.00303517
0.00328657
0.00327803
0.00367075
0.00459385
0.00522867
0.00512934
0.00487117
0.0050403
0.00543444
0.00563923
0.00562337
0.00567315
0.00587365
0.00597483
0.00598648
0.00168874
0.00181853
0.00197556
0.00243436
0.00308052
0.0034031
0.00339761
0.0036603
0.00450388
0.00524151
0.0052581
0.00493568
0.00496829
0.00532401
0.00560688
0.00564775
0.00563733
0.00577681
0.00589013
0.00592314
0.00183397
0.00197915
0.00213442
0.00251419
0.00311809
0.00350182
0.00352908
0.00368311
0.00440628
0.00520485
0.00536862
0.00503973
0.00494142
0.00521921
0.00554357
0.00566262
0.00563221
0.00570105
0.00582669
0.00587053
0.00198097
0.0021373
0.00229599
0.00260448
0.00315198
0.00358232
0.0036622
0.00374041
0.00432359
0.00512333
0.00543925
0.00516802
0.00496196
0.00513877
0.00545886
0.00565076
0.00565032
0.00565121
0.00577231
0.00584881
0.00212977
0.00229238
0.00245708
0.00270549
0.00318659
0.00364665
0.00378659
0.00382612
0.00427304
0.0050172
0.00545823
0.00529632
0.00502647
0.00509324
0.0053741
0.0056084
0.00567052
0.00563521
0.00571909
0.00584155
0.00228017
0.00244403
0.00261448
0.00281671
0.00322665
0.0036969
0.0038976
0.00392941
0.00425951
0.00491394
0.00542928
0.00539892
0.00512275
0.00508618
0.00530593
0.00554568
0.00566938
0.00565004
0.00567982
0.00582933
0.00243166
0.00259218
0.00276578
0.00293613
0.00327652
0.00373678
0.00399318
0.00403859
0.00427929
0.00483114
0.0053675
0.00546107
0.00523068
0.00511764
0.00526309
0.00548139
0.00564156
0.00567478
0.00566824
0.00580368
0.00258331
0.00273691
0.00290991
0.00306113
0.00333874
0.00377114
0.0040723
0.00414665
0.00432578
0.00477685
0.00529533
0.00548414
0.00532841
0.0051794
0.00525069
0.00543076
0.00559568
0.00568429
0.00569167
0.00578781
0.00273399
0.00287846
0.00304683
0.00318842
0.00341355
0.00380525
0.00413615
0.00424834
0.00439043
0.00475205
0.00522839
0.00547663
0.00540394
0.00525481
0.00526733
0.00540338
0.00555016
0.00567137
0.00572845
0.00579783
0.00288257
0.00301719
0.00317702
0.00331467
0.00349918
0.00384356
0.00418808
0.00433954
0.00446531
0.00475463
0.00517607
0.00545146
0.00545642
0.0053318
0.00530405
0.00539907
0.00552091
0.00564401
0.00575156
0.00584331
0.00302794
0.00315298
0.00330102
0.00343729
0.00359317
0.00388857
0.00423196
0.00441923
0.00454409
0.00477992
0.00514427
0.00541987
0.00548693
0.00540544
0.00535233
0.00541087
0.00551396
0.00561954
0.0057486
0.00587459
0.00316899
0.00328541
0.00341942
0.00355435
0.00369272
0.0039421
0.00427163
0.0044873
0.00462235
0.00482197
0.00513368
0.00539365
0.00549991
0.00547022
0.00541284
0.00543106
0.00552306
0.00561425
0.00573932
0.00589525
0.00330456
0.00341399
0.00353285
0.0036648
0.00379379
0.00400412
0.00431179
0.0045452
0.00469713
0.00487545
0.00514071
0.00538055
0.00550525
0.005519
0.00548335
0.00546653
0.00553764
0.0056263
0.00573847
0.00590588
0.00343367
0.00353716
0.00364169
0.00376909
0.00389337
0.00407239
0.00435441
0.00459559
0.00476678
0.00493727
0.00516339
0.00538208
0.00551467
0.00555187
0.00554937
0.00552039
0.00556072
0.00565183
0.00575626
0.00592048
0.00355512
0.00365458
0.00374527
0.00386639
0.00398961
0.00414625
0.0044009
0.0046404
0.00482933
0.00500218
0.00519851
0.00539764
0.00554079
0.00558483
0.00560497
0.005588
0.00559503
0.00567458
0.00578117
0.00594094
0.0036676
0.00376471
0.00384393
0.00395657
0.00407932
0.00422232
0.00445306
0.00468448
0.00488711
0.00506731
0.00523998
0.00541762
0.0055745
0.00563076
0.0056609
0.00567267
0.00567029
0.00572215
0.00581953
0.00596651
0.00376972
0.00386658
0.00393628
0.00404022
0.00416306
0.00429655
0.00450592
0.00472739
0.00494141
0.00513535
0.00529875
0.00544901
0.00560499
0.00567484
0.00569947
0.00573011
0.00574698
0.00578945
0.00589151
0.00604793
0.00385993
0.00395868
0.00402165
0.00411598
0.00423931
0.00437047
0.00456163
0.00476732
0.00498378
0.00518995
0.00537162
0.00552442
0.00568082
0.00577737
0.00580375
0.0058227
0.00583473
0.00583739
0.00589446
0.00602139
0.00393599
0.00403805
0.00409897
0.00418583
0.00430732
0.00443906
0.00462132
0.00481278
0.00501923
0.00520826
0.00537532
0.00553585
0.00569782
0.00582758
0.00590477
0.00597046
0.00604818
0.00609679
0.00616061
0.0062839
0.0039969
0.00410452
0.00416411
0.00424799
0.00437152
0.0045021
0.00467683
0.00486809
0.00509902
0.00533041
0.00552475
0.00569463
0.00585065
0.00595196
0.00600148
0.00600301
0.00601614
0.00602512
0.00603978
0.00610328
0.00404
0.0041443
0.00420858
0.00429688
0.00442974
0.00456212
0.00470174
0.0048274
0.00496786
0.00513541
0.00535679
0.0056348
0.00593001
0.00615287
0.00635412
0.00653124
0.00672237
0.00694069
0.0071571
0.0073468
0.00406476
0.00417824
0.00426267
0.00435956
0.00450142
0.00464772
0.0048197
0.00500957
0.00523198
0.00545377
0.00566439
0.00584028
0.00601123
0.00611954
0.00616978
0.0061901
0.00619148
0.00619419
0.00619514
0.00622716
0.00402098
0.00412395
0.00426077
0.0044205
0.00458897
0.0047291
0.00486646
0.00501634
0.00518331
0.00535776
0.00556594
0.00575358
0.0059655
0.00618394
0.00639966
0.00664486
0.00689897
0.00714836
0.00736442
0.00751418
0.00403222
0.0041479
0.00430816
0.00447733
0.00465748
0.00481231
0.00496095
0.005136
0.00534422
0.00552594
0.0057393
0.00592246
0.00608239
0.0062447
0.00639517
0.00653312
0.00667944
0.00684456
0.00701401
0.00713016
0.0206597
0.0153794
0.00766279
0.0015602
-0.000263714
0.000679754
0.00182619
0.00261159
0.00323924
0.0038429
0.00444782
0.00500992
0.00546187
0.00579355
0.00611658
0.00643759
0.00666906
0.00696869
0.00742027
0.00775729
0.00789448
0.00803682
0.00829248
0.00863928
0.00899835
0.009319
0.00964777
0.0100312
0.0103764
0.0106692
0.0110315
0.0114631
0.0118984
0.012328
0.0127464
0.0131571
0.0135885
0.0140507
0.014477
0.0148461
0.015183
0.015506
0.0158577
0.0162732
0.0167409
0.0171783
0.0175825
0.01801
0.0184911
0.019036
0.0195924
0.02016
0.0207722
0.0212614
0.021296
0.0211529
0.0216122
0.0226439
0.0235156
0.024122
0.0247476
0.0253537
0.0258158
0.0262793
0.0267974
0.0273356
0.0280485
0.0287398
0.0293101
0.0299449
0.0306993
0.0313758
0.0319953
0.0326429
0.0333445
0.0340595
0.0347741
0.0356142
0.0364569
0.0372592
0.0380339
0.0388422
0.0396715
0.0405629
0.041503
0.0424609
0.0433676
0.0442107
0.0451619
0.046152
0.04713
0.0481837
0.0491754
0.0502213
0.0511998
0.0521524
0.0532185
0.0542086
0.0550843
0.0558627
0.0198685
0.0152247
0.00773954
0.00171335
-0.00015774
0.000735836
0.0018587
0.0026301
0.00325116
0.00385231
0.00445638
0.005018
0.0054694
0.00580018
0.00612231
0.00644269
0.00667328
0.00697204
0.00742351
0.00776056
0.00789728
0.0080391
0.00829441
0.008641
0.00899999
0.00932052
0.0096491
0.0100325
0.0103776
0.0106703
0.0110324
0.011464
0.0118993
0.0123289
0.0127472
0.0131578
0.0135892
0.0140514
0.0144778
0.0148469
0.0151838
0.0155068
0.0158584
0.0162738
0.0167416
0.0171789
0.0175831
0.0180106
0.0184916
0.0190365
0.0195929
0.0201604
0.0207727
0.0212621
0.0212968
0.0211532
0.0216123
0.0226442
0.0235161
0.0241223
0.0247479
0.0253541
0.0258161
0.0262796
0.0267976
0.0273359
0.0280487
0.0287401
0.0293104
0.0299451
0.0306995
0.031376
0.0319955
0.032643
0.0333447
0.0340597
0.0347743
0.0356143
0.0364571
0.0372593
0.038034
0.0388423
0.0396717
0.040563
0.0415031
0.042461
0.0433677
0.0442109
0.045162
0.0461521
0.0471301
0.0481838
0.0491755
0.0502214
0.0511999
0.0521525
0.0532186
0.0542086
0.0550843
0.0558627
0.0191684
0.0150786
0.00790719
0.00200063
1.10611e-05
0.000794631
0.0018904
0.0026569
0.00327061
0.00386501
0.00446519
0.00502509
0.00547579
0.00580613
0.00612794
0.00644798
0.00667768
0.00697555
0.00742678
0.00776358
0.00789974
0.00804117
0.00829626
0.00864263
0.00900145
0.00932182
0.00965025
0.0100337
0.0103788
0.0106711
0.0110332
0.0114648
0.0119001
0.0123297
0.0127479
0.0131584
0.0135898
0.0140521
0.0144785
0.0148475
0.0151844
0.0155073
0.0158589
0.0162743
0.0167422
0.0171795
0.0175836
0.018011
0.018492
0.0190369
0.0195933
0.0201608
0.0207731
0.0212628
0.0212975
0.0211532
0.021612
0.0226446
0.0235166
0.0241226
0.0247482
0.0253545
0.0258164
0.0262798
0.0267979
0.027336
0.0280489
0.0287403
0.0293106
0.0299452
0.0306997
0.0313763
0.0319956
0.0326432
0.0333448
0.0340598
0.0347744
0.0356144
0.0364572
0.0372595
0.0380342
0.0388424
0.0396718
0.0405631
0.0415032
0.0424612
0.0433679
0.044211
0.0451621
0.0461522
0.0471302
0.0481839
0.0491756
0.0502215
0.0512
0.0521525
0.0532186
0.0542087
0.0550844
0.0558628
0.0185094
0.0149217
0.008108
0.0023476
0.000231677
0.000874341
0.00194004
0.00270266
0.00330458
0.00388687
0.00447904
0.00503458
0.00548328
0.00581287
0.00613443
0.00645462
0.00668423
0.00698121
0.00743126
0.00776723
0.00790314
0.00804456
0.00829928
0.008645
0.00900335
0.00932354
0.00965184
0.0100352
0.0103801
0.0106721
0.011034
0.0114657
0.011901
0.0123306
0.0127487
0.013159
0.0135904
0.0140529
0.0144793
0.0148481
0.0151849
0.0155078
0.0158593
0.0162749
0.0167427
0.0171801
0.0175841
0.0180115
0.0184925
0.0190373
0.0195937
0.0201612
0.0207736
0.0212638
0.0212983
0.021153
0.0216115
0.022645
0.0235173
0.0241229
0.0247485
0.025355
0.0258168
0.02628
0.0267981
0.0273362
0.0280491
0.0287406
0.0293108
0.0299453
0.0306999
0.0313765
0.0319958
0.0326433
0.0333449
0.03406
0.0347745
0.0356146
0.0364574
0.0372596
0.0380343
0.0388425
0.0396719
0.0405632
0.0415033
0.0424613
0.043368
0.044211
0.0451622
0.0461523
0.0471303
0.0481839
0.0491757
0.0502216
0.0512001
0.0521526
0.0532187
0.0542088
0.0550845
0.0558629
0.0178503
0.0147318
0.00830709
0.00271088
0.000474334
0.000964454
0.00199737
0.00276076
0.00335166
0.00391914
0.00450003
0.00504827
0.00549339
0.00582177
0.00614263
0.00646287
0.00669326
0.00698951
0.00743702
0.00777139
0.00790793
0.00805032
0.00830457
0.00864884
0.0090062
0.00932624
0.00965443
0.0100374
0.0103819
0.0106735
0.0110351
0.0114668
0.0119022
0.0123318
0.0127496
0.0131596
0.0135911
0.0140539
0.0144802
0.0148488
0.0151855
0.0155083
0.0158598
0.0162754
0.0167433
0.0171807
0.0175846
0.0180121
0.018493
0.0190377
0.0195943
0.0201617
0.0207742
0.0212648
0.0212992
0.0211526
0.0216109
0.0226455
0.0235181
0.0241232
0.0247488
0.0253555
0.0258172
0.0262803
0.0267983
0.0273363
0.0280493
0.028741
0.029311
0.0299454
0.0307001
0.0313768
0.031996
0.0326434
0.0333451
0.0340601
0.0347746
0.0356147
0.0364576
0.0372598
0.0380344
0.0388426
0.039672
0.0405633
0.0415034
0.0424614
0.0433682
0.0442111
0.0451623
0.0461525
0.0471304
0.048184
0.0491758
0.0502217
0.0512002
0.0521527
0.0532189
0.054209
0.0550847
0.055863
0.0171872
0.0145074
0.00849904
0.0030807
0.000731699
0.00106096
0.00205494
0.00282174
0.00340463
0.00395799
0.00452678
0.00506619
0.00550669
0.00583366
0.00615317
0.00647283
0.00670457
0.00700015
0.00744357
0.00777557
0.00791392
0.00805876
0.0083127
0.0086546
0.0090103
0.00933034
0.00965856
0.0100409
0.0103846
0.0106755
0.0110367
0.0114681
0.0119035
0.0123331
0.0127505
0.0131601
0.0135917
0.0140551
0.0144814
0.0148496
0.0151861
0.0155088
0.0158604
0.016276
0.0167439
0.0171812
0.0175851
0.0180127
0.0184935
0.0190382
0.019595
0.0201623
0.0207748
0.021266
0.0213002
0.0211521
0.0216101
0.0226462
0.023519
0.0241236
0.0247491
0.0253561
0.0258177
0.0262805
0.0267986
0.0273365
0.0280496
0.0287415
0.0293112
0.0299456
0.0307004
0.0313771
0.0319962
0.0326436
0.0333452
0.0340603
0.0347747
0.0356148
0.0364578
0.0372599
0.0380345
0.0388428
0.0396721
0.0405634
0.0415035
0.0424616
0.0433683
0.0442112
0.0451623
0.0461526
0.0471305
0.0481842
0.0491759
0.0502218
0.0512003
0.0521527
0.053219
0.0542092
0.055085
0.0558632
0.0165309
0.014258
0.00868332
0.00345263
0.00100133
0.00116384
0.00211155
0.0028826
0.00346008
0.00400043
0.00455733
0.00508736
0.00552262
0.00584817
0.00616614
0.00648466
0.00671764
0.00701214
0.00745021
0.00777928
0.00792062
0.00806945
0.00832351
0.00866228
0.00901569
0.00933592
0.00966441
0.0100459
0.0103886
0.0106788
0.0110391
0.0114699
0.0119053
0.0123348
0.0127515
0.0131603
0.0135922
0.0140565
0.0144829
0.0148506
0.0151867
0.0155094
0.0158612
0.0162769
0.0167445
0.0171816
0.0175855
0.0180133
0.018494
0.0190387
0.0195957
0.0201631
0.0207755
0.0212673
0.0213014
0.0211516
0.0216093
0.0226469
0.02352
0.0241239
0.0247495
0.0253568
0.0258182
0.0262808
0.0267989
0.0273367
0.02805
0.028742
0.0293115
0.0299458
0.0307008
0.0313775
0.0319965
0.0326438
0.0333454
0.0340605
0.0347748
0.035615
0.036458
0.0372601
0.0380347
0.0388429
0.0396723
0.0405635
0.0415037
0.0424618
0.0433685
0.0442113
0.0451624
0.0461527
0.0471306
0.0481843
0.0491761
0.050222
0.0512005
0.0521528
0.0532192
0.0542096
0.0550856
0.0558635
0.015894
0.0139896
0.00885426
0.00382006
0.00128059
0.00127425
0.00216826
0.00294322
0.00351736
0.00404556
0.00459073
0.00511095
0.00554026
0.0058643
0.00618098
0.00649825
0.00673209
0.0070249
0.00745669
0.00778247
0.00792755
0.00808149
0.00833614
0.00867141
0.00902213
0.00934272
0.00967167
0.0100523
0.0103941
0.0106835
0.0110426
0.0114722
0.0119076
0.012337
0.0127526
0.0131602
0.0135924
0.0140577
0.0144843
0.0148517
0.0151876
0.0155102
0.0158624
0.0162782
0.0167454
0.017182
0.0175859
0.0180138
0.0184944
0.0190389
0.0195964
0.020164
0.0207763
0.0212687
0.0213029
0.0211513
0.0216086
0.0226477
0.0235209
0.0241241
0.0247498
0.0253575
0.0258188
0.0262812
0.0267992
0.0273369
0.0280504
0.0287425
0.0293118
0.029946
0.0307012
0.0313779
0.0319968
0.0326441
0.0333457
0.0340607
0.0347749
0.0356153
0.0364583
0.0372603
0.0380348
0.038843
0.0396724
0.0405636
0.0415038
0.042462
0.0433687
0.0442114
0.0451625
0.0461529
0.0471307
0.0481845
0.0491762
0.0502221
0.0512007
0.0521529
0.0532195
0.0542101
0.0550863
0.0558639
0.0152857
0.013704
0.00900474
0.00417804
0.00156884
0.0013948
0.00222702
0.00300372
0.00357599
0.00409291
0.00462649
0.00513645
0.00555897
0.00588125
0.00619691
0.00651303
0.00674752
0.00703826
0.00746331
0.00778552
0.00793457
0.00809418
0.00834977
0.00868139
0.00902925
0.00935034
0.00967979
0.0100594
0.0104006
0.0106897
0.0110474
0.0114753
0.0119103
0.0123396
0.012754
0.0131599
0.013592
0.0140585
0.0144855
0.0148527
0.0151885
0.0155114
0.015864
0.01628
0.0167466
0.0171827
0.0175866
0.0180146
0.0184946
0.0190387
0.0195969
0.0201646
0.0207768
0.0212701
0.0213047
0.0211516
0.0216082
0.0226487
0.0235217
0.0241241
0.02475
0.0253583
0.0258195
0.0262816
0.0267996
0.0273373
0.028051
0.0287431
0.0293123
0.0299464
0.0307018
0.0313785
0.0319973
0.0326444
0.033346
0.034061
0.0347751
0.0356156
0.0364586
0.0372605
0.038035
0.0388432
0.0396726
0.0405637
0.0415039
0.0424623
0.043369
0.0442114
0.0451626
0.0461531
0.0471308
0.0481846
0.0491764
0.0502223
0.0512009
0.0521531
0.0532198
0.0542108
0.0550872
0.0558644
0.0147108
0.013402
0.00913189
0.00452582
0.00186614
0.00152701
0.00228848
0.00306343
0.0036352
0.00414212
0.00466438
0.00516365
0.00557847
0.00589847
0.00621315
0.00652831
0.00676357
0.00705221
0.00747035
0.00778878
0.0079418
0.00810727
0.00836398
0.00869185
0.00903674
0.00935847
0.00968838
0.0100669
0.0104077
0.0106969
0.0110533
0.0114792
0.0119134
0.0123428
0.012756
0.0131598
0.0135913
0.0140587
0.0144861
0.0148532
0.0151892
0.0155127
0.0158662
0.0162823
0.0167481
0.0171838
0.0175879
0.0180158
0.0184947
0.019038
0.0195968
0.0201648
0.0207765
0.021271
0.0213067
0.0211524
0.0216085
0.0226503
0.0235227
0.0241237
0.0247499
0.0253589
0.0258202
0.026282
0.0268001
0.0273378
0.0280515
0.0287437
0.0293127
0.0299469
0.0307024
0.0313792
0.0319979
0.0326449
0.0333464
0.0340614
0.0347754
0.035616
0.036459
0.0372607
0.0380352
0.0388433
0.0396728
0.0405638
0.0415041
0.0424625
0.0433692
0.0442115
0.0451626
0.0461532
0.047131
0.0481848
0.0491766
0.0502225
0.0512012
0.0521533
0.0532202
0.0542117
0.0550885
0.0558651
0.0141708
0.0130878
0.0092372
0.00486289
0.00216949
0.00167022
0.00235285
0.00312223
0.0036947
0.00419301
0.00470423
0.00519237
0.00559866
0.00591569
0.00622918
0.00654358
0.00678004
0.00706683
0.00747793
0.00779235
0.00794931
0.00812078
0.00837871
0.00870269
0.00904445
0.00936691
0.00969729
0.0100745
0.0104149
0.0107046
0.0110601
0.0114838
0.0119169
0.0123462
0.0127583
0.0131599
0.0135903
0.0140584
0.0144861
0.0148531
0.0151894
0.0155139
0.0158688
0.0162851
0.0167499
0.0171852
0.0175897
0.0180178
0.0184951
0.0190369
0.0195963
0.0201642
0.0207751
0.0212707
0.0213082
0.0211535
0.0216097
0.022653
0.0235241
0.0241232
0.0247493
0.0253591
0.0258208
0.0262824
0.0268005
0.0273383
0.0280521
0.0287443
0.0293132
0.0299474
0.030703
0.0313799
0.0319987
0.0326456
0.033347
0.0340619
0.0347758
0.0356166
0.0364595
0.037261
0.0380354
0.0388436
0.039673
0.0405639
0.0415042
0.0424628
0.0433695
0.0442116
0.0451627
0.0461534
0.0471312
0.048185
0.0491768
0.0502227
0.0512015
0.0521536
0.0532207
0.0542129
0.0550901
0.0558659
0.0136669
0.0127671
0.0093209
0.00518563
0.00247536
0.00182492
0.00242198
0.00318085
0.00375407
0.00424505
0.00474564
0.0052225
0.00561963
0.00593296
0.00624484
0.00655864
0.00679691
0.00708223
0.0074861
0.00779625
0.00795719
0.00813478
0.00839399
0.00871393
0.00905235
0.00937557
0.00970648
0.0100822
0.010422
0.0107127
0.0110675
0.011489
0.0119206
0.0123498
0.012761
0.0131602
0.0135891
0.0140576
0.0144854
0.0148524
0.0151892
0.0155149
0.0158716
0.0162885
0.0167519
0.0171865
0.0175918
0.0180206
0.0184961
0.0190357
0.0195953
0.0201631
0.0207725
0.0212687
0.0213084
0.0211538
0.0216113
0.0226571
0.0235266
0.0241228
0.0247482
0.0253588
0.025821
0.0262826
0.026801
0.0273391
0.0280528
0.0287448
0.0293137
0.0299479
0.0307035
0.0313806
0.0319996
0.0326464
0.0333477
0.0340626
0.0347764
0.0356173
0.0364602
0.0372615
0.0380358
0.0388439
0.0396733
0.0405639
0.0415044
0.0424632
0.0433699
0.0442117
0.0451628
0.0461536
0.0471313
0.0481852
0.049177
0.050223
0.0512018
0.0521539
0.0532213
0.0542144
0.0550922
0.0558669
0.0131996
0.0124438
0.00937981
0.00549019
0.00278308
0.00199365
0.00249796
0.0032393
0.00381231
0.00429756
0.00478855
0.00525428
0.00564182
0.0059506
0.00626026
0.00657347
0.00681422
0.00709858
0.00749501
0.00780055
0.00796548
0.00814936
0.00840985
0.00872562
0.00906052
0.00938438
0.00971592
0.01009
0.0104293
0.0107209
0.0110755
0.011495
0.0119248
0.0123536
0.0127639
0.0131607
0.0135877
0.0140562
0.0144843
0.0148513
0.0151886
0.0155156
0.0158744
0.0162922
0.016754
0.0171876
0.0175938
0.0180238
0.0184975
0.0190342
0.0195938
0.0201612
0.0207687
0.021265
0.0213066
0.0211524
0.0216123
0.0226622
0.0235302
0.0241227
0.0247467
0.0253577
0.0258205
0.0262824
0.0268014
0.0273399
0.0280536
0.0287453
0.0293142
0.0299484
0.030704
0.0313811
0.0320004
0.0326473
0.0333485
0.0340634
0.0347773
0.0356183
0.036461
0.0372621
0.0380364
0.0388444
0.0396736
0.0405639
0.0415044
0.0424636
0.0433703
0.0442119
0.0451628
0.0461537
0.0471315
0.0481853
0.0491772
0.0502232
0.0512022
0.0521542
0.053222
0.0542162
0.0550946
0.0558681
0.0127668
0.0121193
0.0094122
0.00577594
0.00309328
0.00217806
0.0025817
0.00329722
0.00386875
0.0043505
0.0048335
0.00528837
0.00566583
0.00596899
0.00627556
0.00658812
0.00683203
0.00711609
0.00750487
0.00780537
0.00797423
0.00816455
0.00842634
0.0087379
0.00906918
0.00939343
0.00972563
0.0100981
0.0104366
0.0107295
0.0110843
0.0115017
0.0119294
0.0123574
0.0127669
0.0131614
0.0135858
0.0140542
0.0144828
0.0148499
0.0151878
0.0155161
0.0158772
0.0162962
0.0167564
0.0171884
0.0175955
0.018027
0.0184993
0.0190321
0.0195919
0.0201588
0.0207638
0.0212595
0.0213026
0.0211484
0.0216113
0.0226672
0.0235348
0.0241231
0.0247447
0.0253557
0.0258192
0.0262816
0.0268015
0.0273409
0.0280545
0.0287457
0.0293146
0.029949
0.0307045
0.0313815
0.0320011
0.0326481
0.0333493
0.0340643
0.0347784
0.0356196
0.0364619
0.0372628
0.0380372
0.0388453
0.0396742
0.0405638
0.0415043
0.0424639
0.0433708
0.0442122
0.045163
0.0461539
0.0471317
0.0481854
0.0491774
0.0502234
0.0512027
0.0521547
0.0532228
0.0542183
0.0550975
0.0558696
0.0123646
0.0117956
0.0094201
0.00604273
0.0034041
0.00237774
0.00267433
0.00335538
0.00392353
0.00440412
0.00488107
0.00532532
0.00569209
0.00598832
0.00629075
0.00660263
0.0068504
0.00713483
0.0075158
0.00781082
0.00798346
0.00818031
0.00844348
0.00875098
0.00907867
0.00940289
0.00973566
0.0101065
0.0104443
0.0107386
0.0110939
0.0115093
0.0119344
0.0123613
0.01277
0.0131625
0.0135842
0.0140518
0.0144808
0.0148483
0.0151869
0.0155165
0.0158799
0.0163004
0.0167589
0.017189
0.0175967
0.0180299
0.0185013
0.0190304
0.0195894
0.0201557
0.0207579
0.0212524
0.0212965
0.0211416
0.0216072
0.0226709
0.0235396
0.0241238
0.0247423
0.0253528
0.025817
0.0262801
0.0268014
0.0273418
0.0280556
0.0287462
0.0293149
0.0299495
0.030705
0.0313819
0.0320016
0.0326488
0.03335
0.0340652
0.0347796
0.0356211
0.0364629
0.0372634
0.038038
0.0388464
0.0396751
0.0405638
0.041504
0.042464
0.0433713
0.0442126
0.0451633
0.0461542
0.0471318
0.0481854
0.0491775
0.0502235
0.0512031
0.0521552
0.0532236
0.0542207
0.0551007
0.0558712
0.0119902
0.0114758
0.00940644
0.00628862
0.00371163
0.00259204
0.00277818
0.00341541
0.00397676
0.00445803
0.00493128
0.00536544
0.00572093
0.00600873
0.00630585
0.00661704
0.00686932
0.00715472
0.00752777
0.00781689
0.00799316
0.00819661
0.0084613
0.00876511
0.00908938
0.00941303
0.00974608
0.0101155
0.0104524
0.0107482
0.0111042
0.0115177
0.0119398
0.012365
0.0127731
0.013164
0.013583
0.014049
0.0144785
0.0148467
0.0151861
0.0155169
0.0158826
0.0163047
0.0167617
0.0171893
0.0175974
0.0180322
0.0185033
0.0190288
0.0195865
0.020152
0.0207507
0.0212433
0.0212881
0.0211325
0.0215997
0.022672
0.0235439
0.0241248
0.0247395
0.0253489
0.0258139
0.026278
0.0268009
0.0273427
0.0280569
0.0287468
0.0293152
0.0299501
0.0307056
0.0313822
0.032002
0.0326493
0.0333506
0.0340659
0.0347808
0.0356229
0.0364642
0.0372639
0.0380388
0.0388478
0.0396765
0.040564
0.0415036
0.0424638
0.0433716
0.0442131
0.0451638
0.0461546
0.047132
0.0481853
0.0491775
0.0502235
0.0512035
0.0521558
0.0532246
0.0542233
0.0551043
0.055873
0.0116415
0.0111631
0.00937364
0.00651145
0.0040122
0.00282037
0.0028956
0.00347884
0.00402812
0.00451118
0.00498368
0.00540887
0.00575259
0.00603046
0.00632102
0.00663143
0.00688879
0.00717564
0.00754066
0.00782352
0.00800335
0.00821344
0.00847978
0.00878043
0.00910154
0.00942407
0.00975698
0.0101249
0.010461
0.0107585
0.0111152
0.0115265
0.0119455
0.0123686
0.0127764
0.0131661
0.0135824
0.0140462
0.0144762
0.0148452
0.0151854
0.0155174
0.0158852
0.016309
0.0167646
0.0171895
0.0175976
0.0180341
0.0185052
0.0190274
0.0195833
0.020148
0.0207424
0.0212324
0.0212778
0.0211219
0.0215894
0.0226702
0.0235472
0.024126
0.0247366
0.0253441
0.0258101
0.0262756
0.0268003
0.0273435
0.0280581
0.0287474
0.0293155
0.0299505
0.0307062
0.0313827
0.0320025
0.0326497
0.0333511
0.0340663
0.0347818
0.0356248
0.0364656
0.0372644
0.0380394
0.0388491
0.0396781
0.0405645
0.041503
0.0424633
0.0433717
0.0442136
0.0451644
0.0461552
0.0471323
0.0481852
0.0491775
0.0502233
0.0512039
0.0521565
0.0532257
0.0542263
0.0551081
0.0558749
0.0113175
0.010859
0.00932411
0.00671071
0.00430276
0.00306083
0.00302821
0.0035472
0.00407748
0.00456247
0.00503748
0.00545555
0.00578733
0.0060539
0.00633662
0.00664601
0.00690884
0.00719748
0.0075544
0.00783074
0.00801407
0.00823083
0.00849889
0.00879685
0.00911506
0.00943606
0.00976837
0.0101349
0.0104702
0.0107694
0.0111267
0.0115358
0.0119514
0.0123722
0.0127798
0.013169
0.0135825
0.0140436
0.0144739
0.0148438
0.0151849
0.0155178
0.0158879
0.0163134
0.0167676
0.0171898
0.0175977
0.0180356
0.018507
0.0190264
0.01958
0.0201435
0.020733
0.0212197
0.021266
0.0211112
0.0215778
0.0226654
0.0235495
0.0241276
0.024734
0.0253387
0.0258057
0.026273
0.0268
0.0273443
0.0280593
0.0287481
0.0293157
0.029951
0.0307067
0.0313831
0.032003
0.0326503
0.0333517
0.0340668
0.0347826
0.0356266
0.0364672
0.0372649
0.0380398
0.0388502
0.0396798
0.0405652
0.0415023
0.0424624
0.0433715
0.0442139
0.0451652
0.046156
0.0471326
0.048185
0.0491775
0.050223
0.0512041
0.0521572
0.0532269
0.0542294
0.0551122
0.055877
0.0110181
0.0105642
0.00926031
0.00688761
0.00458044
0.00330953
0.00317696
0.0036226
0.00412539
0.00461098
0.00509165
0.00550527
0.00582539
0.00607951
0.00635315
0.00666107
0.00692956
0.00722025
0.00756903
0.00783859
0.00802535
0.00824882
0.0085186
0.00881414
0.00912959
0.00944886
0.00978032
0.0101453
0.01048
0.0107809
0.0111387
0.0115453
0.0119575
0.012376
0.0127834
0.0131726
0.0135835
0.0140415
0.0144719
0.0148427
0.0151845
0.0155184
0.0158906
0.0163179
0.0167709
0.0171903
0.0175979
0.0180372
0.0185091
0.0190264
0.0195769
0.0201389
0.0207227
0.0212056
0.0212536
0.0211019
0.0215671
0.0226587
0.0235507
0.0241298
0.0247317
0.025333
0.0258011
0.026271
0.0268001
0.0273454
0.0280603
0.0287488
0.0293162
0.0299515
0.030707
0.0313833
0.0320035
0.0326511
0.0333525
0.0340673
0.0347833
0.0356279
0.0364687
0.0372654
0.03804
0.0388511
0.0396813
0.0405661
0.0415014
0.0424612
0.043371
0.044214
0.045166
0.046157
0.0471331
0.0481849
0.0491773
0.0502225
0.0512042
0.0521579
0.0532283
0.0542329
0.0551166
0.0558791
0.0107438
0.0102787
0.0091842
0.00704428
0.00484261
0.00356163
0.00334247
0.00370767
0.004173
0.00465593
0.005145
0.00555772
0.00586709
0.0061078
0.00637109
0.00667689
0.00695108
0.00724403
0.00758466
0.00784719
0.00803724
0.00826748
0.00853896
0.00883207
0.00914469
0.00946232
0.00979293
0.0101562
0.0104902
0.010793
0.0111511
0.0115551
0.0119639
0.01238
0.0127874
0.0131769
0.0135853
0.0140399
0.0144702
0.0148419
0.0151843
0.015519
0.0158935
0.0163225
0.0167744
0.0171913
0.0175986
0.0180392
0.0185115
0.0190274
0.0195741
0.0201341
0.0207119
0.0211907
0.0212418
0.0210768
0.0215604
0.0226516
0.023551
0.0241324
0.02473
0.0253274
0.0257967
0.0262697
0.026801
0.027347
0.0280611
0.0287493
0.029317
0.0299523
0.0307068
0.0313831
0.032004
0.0326522
0.0333535
0.0340682
0.0347843
0.0356289
0.0364698
0.0372658
0.0380403
0.0388519
0.0396825
0.0405672
0.0415006
0.0424597
0.0433701
0.044214
0.0451666
0.0461581
0.0471336
0.0481847
0.0491772
0.0502219
0.0512041
0.0521585
0.0532298
0.0542365
0.0551211
0.0558814
0.0104956
0.0100031
0.00909679
0.00718308
0.00508731
0.0038124
0.00352458
0.0038049
0.0042218
0.00469692
0.00519644
0.00561247
0.00591265
0.00613916
0.00639084
0.00669373
0.00697357
0.00726893
0.0076014
0.0078566
0.00804973
0.00828684
0.00856006
0.00885051
0.00916005
0.00947631
0.00980632
0.0101676
0.0105008
0.0108054
0.011164
0.0115653
0.0119707
0.0123845
0.0127918
0.0131817
0.0135876
0.0140389
0.0144688
0.0148414
0.0151842
0.0155199
0.0158966
0.0163271
0.0167778
0.0171928
0.0176001
0.0180419
0.0185145
0.0190291
0.0195719
0.0201293
0.0207008
0.0211752
0.0212324
0.0210795
0.0215601
0.0226455
0.0235504
0.0241351
0.0247287
0.025322
0.0257928
0.0262693
0.0268028
0.0273493
0.0280616
0.0287495
0.0293182
0.0299535
0.0307064
0.0313824
0.0320046
0.0326536
0.033355
0.0340696
0.0347857
0.0356295
0.0364704
0.0372661
0.0380407
0.0388527
0.0396834
0.0405684
0.0414997
0.0424581
0.043369
0.0442138
0.0451671
0.0461593
0.0471343
0.0481845
0.0491769
0.0502212
0.051204
0.0521591
0.0532314
0.0542402
0.0551259
0.0558838
0.0102744
0.00973794
0.00899806
0.00730636
0.00531397
0.00405751
0.00372178
0.00391641
0.00427376
0.00473421
0.00524504
0.00566879
0.00596207
0.00617388
0.00641272
0.00671185
0.00699716
0.00729499
0.00761927
0.00786688
0.00806288
0.00830698
0.008582
0.00886947
0.00917561
0.00949083
0.00982058
0.0101797
0.0105118
0.0108182
0.0111773
0.0115759
0.0119778
0.0123896
0.0127967
0.0131869
0.0135905
0.0140383
0.0144678
0.0148411
0.0151844
0.0155213
0.0159002
0.0163318
0.0167811
0.0171947
0.0176026
0.0180453
0.0185181
0.0190316
0.0195702
0.0201243
0.0206895
0.0211593
0.0212261
0.0210909
0.0215684
0.0226421
0.0235487
0.0241375
0.0247274
0.0253168
0.0257896
0.02627
0.0268055
0.0273526
0.028062
0.0287492
0.0293197
0.0299552
0.0307058
0.0313813
0.0320051
0.0326554
0.0333567
0.0340715
0.0347879
0.03563
0.0364705
0.0372661
0.0380412
0.0388536
0.0396843
0.0405699
0.0414989
0.0424564
0.0433678
0.0442137
0.0451675
0.0461605
0.0471349
0.0481843
0.0491767
0.0502204
0.0512038
0.0521597
0.053233
0.0542439
0.0551308
0.0558864
0.0100814
0.00948484
0.00888681
0.00741646
0.00552368
0.0042929
0.00393105
0.00404406
0.00433136
0.00476859
0.00528994
0.00572562
0.00601508
0.00621217
0.00643693
0.00673138
0.00702194
0.00732222
0.00763829
0.00787806
0.00807678
0.00832798
0.00860487
0.00888901
0.00919142
0.00950593
0.00983581
0.0101926
0.0105232
0.0108312
0.0111909
0.0115868
0.0119854
0.0123951
0.012802
0.0131925
0.0135937
0.0140382
0.014467
0.0148411
0.015185
0.0155235
0.0159045
0.0163367
0.0167841
0.0171968
0.0176059
0.0180497
0.0185224
0.0190345
0.0195688
0.0201193
0.0206782
0.0211433
0.0212234
0.0211113
0.0215862
0.0226421
0.0235457
0.024139
0.024726
0.0253119
0.0257871
0.0262714
0.0268091
0.0273568
0.0280625
0.0287485
0.0293215
0.0299575
0.0307051
0.0313798
0.0320057
0.0326575
0.0333586
0.0340738
0.0347908
0.0356306
0.0364701
0.037266
0.038042
0.0388547
0.0396853
0.0405716
0.0414984
0.0424547
0.0433666
0.0442137
0.0451678
0.0461616
0.0471357
0.0481841
0.0491764
0.0502197
0.0512035
0.0521605
0.0532346
0.0542477
0.0551359
0.0558892
0.00991701
0.00924665
0.00876121
0.00751464
0.00571903
0.0045152
0.00414815
0.0041893
0.00439713
0.00480105
0.00533048
0.00578193
0.0060713
0.00625408
0.00646353
0.00675241
0.00704799
0.00735065
0.00765844
0.00789011
0.00809144
0.00834991
0.00862875
0.00890918
0.00920751
0.0095216
0.00985201
0.0102062
0.010535
0.0108446
0.0112048
0.0115981
0.0119934
0.0124012
0.0128078
0.0131983
0.0135972
0.0140385
0.0144667
0.0148414
0.0151859
0.0155264
0.0159096
0.0163417
0.0167868
0.017199
0.0176101
0.0180548
0.018527
0.0190375
0.0195679
0.0201143
0.0206671
0.0211275
0.0212238
0.0211401
0.0216129
0.0226458
0.0235415
0.0241391
0.024724
0.0253069
0.0257852
0.0262735
0.0268131
0.0273618
0.0280633
0.0287473
0.0293236
0.0299602
0.0307045
0.0313782
0.0320063
0.0326597
0.0333607
0.0340766
0.0347944
0.0356315
0.0364695
0.0372658
0.038043
0.0388559
0.0396866
0.0405735
0.0414981
0.0424531
0.0433655
0.0442138
0.0451682
0.0461627
0.0471365
0.048184
0.049176
0.0502189
0.0512035
0.0521617
0.0532363
0.0542514
0.0551411
0.0558921
0.00978016
0.00902918
0.0086199
0.00760018
0.0059037
0.00472221
0.00436783
0.00435257
0.00447341
0.00483292
0.00536657
0.00583685
0.00613004
0.00629938
0.00649255
0.00677518
0.00707547
0.00738033
0.00767973
0.00790301
0.00810682
0.00837281
0.00865374
0.0089301
0.00922399
0.00953784
0.00986914
0.0102207
0.0105473
0.0108583
0.0112191
0.0116098
0.0120019
0.0124078
0.0128139
0.0132044
0.0136009
0.0140392
0.0144667
0.014842
0.015187
0.01553
0.0159155
0.016347
0.0167894
0.0172012
0.0176148
0.0180604
0.0185319
0.0190405
0.0195671
0.0201093
0.0206561
0.021112
0.0212265
0.0211754
0.0216471
0.0226527
0.023536
0.0241376
0.0247212
0.0253019
0.0257836
0.0262759
0.0268175
0.0273675
0.0280643
0.0287459
0.0293258
0.0299632
0.0307039
0.0313766
0.0320071
0.0326622
0.0333629
0.0340796
0.0347985
0.0356327
0.0364688
0.0372656
0.0380442
0.0388573
0.0396883
0.0405757
0.0414983
0.0424516
0.0433646
0.0442143
0.0451688
0.0461638
0.0471373
0.0481839
0.0491756
0.0502181
0.0512037
0.0521632
0.0532382
0.0542552
0.0551465
0.0558953
0.00966626
0.00884079
0.00846282
0.00766971
0.00608224
0.00491333
0.0045838
0.00453307
0.00456276
0.004866
0.00539866
0.00588961
0.0061904
0.00634767
0.00652395
0.00679994
0.00710468
0.00741138
0.00770216
0.00791673
0.00812286
0.00839664
0.00867984
0.00895186
0.00924098
0.00955469
0.00988721
0.010236
0.0105601
0.0108725
0.0112338
0.011622
0.0120108
0.0124149
0.0128205
0.0132105
0.0136047
0.0140401
0.014467
0.0148428
0.0151885
0.0155342
0.0159219
0.0163525
0.0167918
0.0172034
0.0176198
0.0180663
0.0185369
0.0190433
0.0195664
0.0201044
0.0206454
0.0210969
0.0212308
0.021215
0.0216865
0.0226621
0.0235296
0.0241346
0.0247176
0.0252966
0.0257821
0.0262784
0.026822
0.0273737
0.0280657
0.0287443
0.029328
0.0299664
0.0307034
0.0313749
0.0320079
0.0326648
0.0333654
0.0340828
0.0348028
0.0356342
0.0364681
0.0372655
0.0380456
0.0388588
0.0396904
0.0405782
0.0414987
0.0424502
0.0433639
0.044215
0.0451697
0.0461647
0.0471382
0.0481838
0.0491752
0.0502173
0.0512043
0.0521653
0.0532403
0.054259
0.055152
0.0558986
0.00956635
0.00868983
0.00829326
0.007717
0.00625914
0.00509047
0.00478936
0.00472858
0.00466806
0.00490208
0.00542741
0.00593977
0.00625161
0.0063985
0.00655762
0.00682671
0.00713582
0.00744403
0.00772582
0.0079313
0.0081395
0.00842135
0.00870709
0.0089745
0.00925846
0.00957216
0.00990632
0.0102522
0.0105733
0.010887
0.0112488
0.0116345
0.0120201
0.0124225
0.0128275
0.0132168
0.0136086
0.0140412
0.0144676
0.0148439
0.0151903
0.0155387
0.0159287
0.0163582
0.0167943
0.0172057
0.0176249
0.0180725
0.0185419
0.0190459
0.0195657
0.0200995
0.0206347
0.0210824
0.021236
0.0212567
0.0217288
0.022673
0.0235227
0.0241304
0.0247134
0.0252911
0.0257806
0.0262808
0.0268266
0.02738
0.0280674
0.0287427
0.0293304
0.0299696
0.030703
0.0313733
0.0320088
0.0326675
0.0333679
0.0340861
0.0348074
0.035636
0.0364675
0.0372656
0.0380471
0.0388606
0.0396928
0.0405807
0.0414994
0.0424488
0.0433633
0.0442161
0.0451709
0.0461657
0.047139
0.0481837
0.0491748
0.0502165
0.0512052
0.0521678
0.0532426
0.0542629
0.0551576
0.0559021
0.00946749
0.00858273
0.00812047
0.00773463
0.00643565
0.00525852
0.00497883
0.00493484
0.00479214
0.00494287
0.00545338
0.00598748
0.00631318
0.00645132
0.00659338
0.00685548
0.00716903
0.00747851
0.00775086
0.00794677
0.00815674
0.00844686
0.00873553
0.00899817
0.00927645
0.00959019
0.00992639
0.0102693
0.0105871
0.010902
0.0112643
0.0116475
0.01203
0.0124307
0.0128348
0.0132232
0.0136126
0.0140426
0.0144685
0.0148454
0.0151923
0.0155433
0.0159357
0.0163642
0.016797
0.0172081
0.0176301
0.0180788
0.0185469
0.0190482
0.0195649
0.0200947
0.0206241
0.0210683
0.0212417
0.0212988
0.0217722
0.0226846
0.0235156
0.0241254
0.0247087
0.0252853
0.025779
0.0262833
0.0268311
0.0273865
0.0280693
0.0287412
0.0293328
0.0299729
0.0307026
0.0313718
0.0320098
0.0326704
0.0333707
0.0340895
0.034812
0.035638
0.036467
0.0372659
0.0380486
0.0388627
0.0396955
0.0405833
0.0415003
0.0424475
0.0433629
0.0442175
0.0451724
0.0461666
0.0471399
0.0481836
0.0491744
0.0502157
0.0512065
0.0521708
0.0532451
0.0542669
0.0551635
0.0559059
0.00935375
0.00851926
0.00795842
0.00771694
0.00660717
0.00542477
0.00514898
0.00514496
0.00493726
0.00499093
0.00547692
0.00603321
0.00637472
0.0065054
0.00663103
0.00688624
0.00720441
0.00751518
0.00777744
0.00796312
0.0081746
0.00847319
0.00876518
0.0090229
0.00929507
0.00960881
0.00994737
0.0102873
0.0106015
0.0109174
0.0112804
0.0116609
0.0120402
0.0124393
0.0128427
0.0132298
0.0136167
0.0140442
0.0144699
0.0148471
0.0151944
0.015548
0.0159428
0.0163704
0.0167999
0.0172105
0.0176353
0.0180851
0.018552
0.0190503
0.0195641
0.0200899
0.0206138
0.0210548
0.0212475
0.0213402
0.0218152
0.0226964
0.0235086
0.0241199
0.0247037
0.0252794
0.0257774
0.0262857
0.0268357
0.0273929
0.0280715
0.0287398
0.0293352
0.0299762
0.0307023
0.0313704
0.0320108
0.0326733
0.0333736
0.034093
0.0348167
0.0356402
0.0364666
0.0372663
0.0380502
0.038865
0.0396984
0.0405859
0.0415014
0.0424462
0.0433626
0.0442192
0.0451742
0.0461676
0.0471407
0.0481835
0.0491739
0.0502149
0.051208
0.0521742
0.0532479
0.054271
0.0551696
0.0559099
0.00920988
0.00848879
0.00782371
0.00766446
0.00676384
0.00559704
0.00530111
0.00534947
0.00510356
0.00505015
0.00549826
0.00607757
0.00643648
0.00655992
0.0066701
0.00691878
0.00724186
0.00755449
0.00780604
0.00798037
0.00819288
0.0085003
0.00879604
0.00904868
0.00931435
0.00962814
0.00996947
0.0103062
0.0106164
0.0109333
0.0112969
0.011675
0.0120511
0.0124485
0.0128509
0.0132364
0.0136208
0.0140461
0.0144716
0.0148492
0.0151967
0.0155526
0.01595
0.0163767
0.0168031
0.0172131
0.0176405
0.0180916
0.018557
0.0190522
0.0195631
0.0200852
0.0206037
0.021042
0.0212534
0.0213804
0.0218571
0.0227082
0.023502
0.0241141
0.0246985
0.0252735
0.0257757
0.026288
0.0268403
0.0273993
0.0280737
0.0287385
0.0293376
0.0299794
0.030702
0.031369
0.0320118
0.0326764
0.0333767
0.0340966
0.0348215
0.0356426
0.0364663
0.0372668
0.0380518
0.0388676
0.0397015
0.0405886
0.0415025
0.0424449
0.0433624
0.0442212
0.0451763
0.0461685
0.0471415
0.0481834
0.0491735
0.0502142
0.0512097
0.0521779
0.0532509
0.0542753
0.0551759
0.0559142
0.00902923
0.00847449
0.00772997
0.0075866
0.00689412
0.00577888
0.00544139
0.00553926
0.00528765
0.00512541
0.0055181
0.00612036
0.00649938
0.0066146
0.00670984
0.00695275
0.00728113
0.00759661
0.00783726
0.00799879
0.00821157
0.0085282
0.00882816
0.00907549
0.00933422
0.00964813
0.00999263
0.0103263
0.010632
0.0109497
0.011314
0.0116894
0.0120623
0.0124583
0.0128597
0.0132432
0.0136249
0.0140482
0.0144737
0.0148516
0.0151992
0.0155572
0.0159572
0.0163833
0.0168065
0.0172158
0.0176456
0.0180981
0.018562
0.0190539
0.019562
0.0200807
0.0205939
0.0210298
0.0212593
0.021419
0.0218976
0.0227198
0.0234959
0.0241083
0.0246933
0.0252675
0.025774
0.0262903
0.0268448
0.0274056
0.0280761
0.0287374
0.0293399
0.0299826
0.0307017
0.0313677
0.0320129
0.0326795
0.0333798
0.0341003
0.0348264
0.0356451
0.0364661
0.0372674
0.0380534
0.0388704
0.0397047
0.0405912
0.0415037
0.0424437
0.0433622
0.0442235
0.0451785
0.0461694
0.0471423
0.0481833
0.0491731
0.0502135
0.0512115
0.0521817
0.0532541
0.0542797
0.0551824
0.0559187
0.00881737
0.00845472
0.00768055
0.00749943
0.00698861
0.00596448
0.00557879
0.00570964
0.00548193
0.00522114
0.00553922
0.0061604
0.00656427
0.00666977
0.00674949
0.0069878
0.00732191
0.00764151
0.00787156
0.00801864
0.00823067
0.008557
0.00886166
0.00910328
0.00935465
0.00966883
0.0100169
0.0103474
0.0106482
0.0109667
0.0113317
0.0117044
0.012074
0.0124685
0.0128689
0.0132502
0.0136292
0.0140506
0.0144763
0.0148544
0.0152018
0.0155617
0.0159644
0.0163901
0.0168103
0.0172187
0.0176507
0.0181046
0.018567
0.0190554
0.0195608
0.0200762
0.0205843
0.0210183
0.0212654
0.021456
0.0219367
0.0227313
0.0234903
0.0241025
0.024688
0.0252617
0.0257723
0.0262925
0.0268493
0.0274119
0.0280786
0.0287365
0.0293423
0.0299858
0.0307014
0.0313665
0.0320141
0.0326828
0.0333831
0.0341041
0.0348314
0.0356478
0.036466
0.0372681
0.0380551
0.0388734
0.0397079
0.0405939
0.0415049
0.0424426
0.043362
0.0442258
0.0451808
0.0461704
0.0471431
0.0481832
0.0491727
0.0502128
0.0512134
0.0521858
0.0532574
0.0542843
0.0551893
0.0559236
0.00858707
0.00840989
0.00766568
0.00742377
0.00704716
0.00614071
0.00572173
0.00586305
0.00567537
0.00533835
0.00556695
0.00619656
0.00663137
0.00672668
0.00678828
0.0070232
0.00736392
0.00768891
0.00790928
0.00804047
0.00825022
0.00858657
0.00889666
0.00913224
0.00937554
0.0096901
0.0100423
0.0103698
0.0106651
0.010984
0.0113501
0.0117201
0.0120865
0.0124794
0.0128785
0.0132575
0.0136336
0.0140533
0.0144794
0.0148576
0.0152046
0.0155661
0.0159716
0.0163972
0.0168144
0.0172216
0.0176558
0.0181112
0.0185721
0.0190567
0.0195595
0.020072
0.0205752
0.0210076
0.0212716
0.0214915
0.0219742
0.0227428
0.0234852
0.0240969
0.0246828
0.0252559
0.0257707
0.0262947
0.0268537
0.0274182
0.0280812
0.0287358
0.0293447
0.0299889
0.0307013
0.0313655
0.0320153
0.0326861
0.0333865
0.034108
0.0348366
0.0356505
0.0364659
0.0372688
0.0380569
0.0388765
0.0397112
0.0405966
0.0415061
0.0424415
0.0433619
0.0442282
0.0451832
0.0461714
0.0471439
0.048183
0.0491723
0.0502122
0.0512153
0.05219
0.053261
0.0542891
0.0551964
0.0559287
0.00835315
0.00833054
0.0076689
0.0073747
0.00708054
0.00629493
0.00587125
0.00600732
0.00585851
0.00547286
0.00560761
0.00622915
0.00669885
0.00678754
0.00682659
0.00705764
0.00740692
0.00773873
0.00795048
0.00806464
0.00827028
0.00861679
0.00893318
0.00916253
0.00939705
0.00971195
0.0100689
0.0103934
0.0106829
0.011002
0.0113689
0.0117362
0.0120994
0.0124909
0.0128888
0.0132651
0.0136381
0.0140562
0.0144829
0.0148613
0.0152076
0.0155705
0.0159788
0.0164046
0.0168189
0.0172248
0.0176608
0.0181178
0.0185772
0.0190579
0.0195581
0.0200679
0.0205664
0.0209975
0.0212781
0.0215255
0.0220102
0.0227542
0.0234808
0.0240914
0.0246776
0.0252502
0.0257691
0.0262967
0.026858
0.0274244
0.0280839
0.0287352
0.0293471
0.029992
0.0307011
0.0313645
0.0320166
0.0326896
0.03339
0.0341119
0.0348418
0.0356534
0.036466
0.0372696
0.0380587
0.0388796
0.0397145
0.0405993
0.0415073
0.0424404
0.0433618
0.0442307
0.0451856
0.0461724
0.0471447
0.0481829
0.049172
0.0502117
0.0512173
0.0521943
0.0532647
0.054294
0.0552037
0.0559342
0.00813172
0.00822037
0.00766979
0.00735174
0.00710483
0.00642065
0.00601676
0.00615096
0.00603042
0.00561639
0.00566563
0.0062621
0.00676374
0.00685321
0.0068656
0.00708965
0.00745033
0.00779109
0.00799539
0.00809169
0.00829107
0.00864758
0.00897119
0.00919409
0.00941901
0.00973427
0.0100967
0.0104186
0.0107014
0.0110203
0.0113885
0.011753
0.0121129
0.0125027
0.0128994
0.013273
0.0136429
0.0140596
0.0144869
0.0148654
0.0152108
0.0155748
0.015986
0.0164122
0.0168237
0.0172281
0.0176658
0.0181245
0.0185823
0.019059
0.0195565
0.020064
0.0205582
0.0209883
0.0212848
0.0215581
0.0220446
0.0227656
0.023477
0.0240862
0.0246725
0.0252447
0.0257676
0.0262987
0.0268623
0.0274305
0.0280867
0.0287349
0.0293495
0.0299951
0.0307011
0.0313636
0.032018
0.032693
0.0333936
0.034116
0.0348471
0.0356562
0.0364661
0.0372706
0.0380606
0.0388828
0.0397179
0.0406021
0.0415086
0.0424395
0.0433617
0.0442332
0.045188
0.0461735
0.0471456
0.0481827
0.0491718
0.0502114
0.0512194
0.0521988
0.0532687
0.0542991
0.0552114
0.05594
0.00793667
0.0080907
0.00765301
0.0073426
0.00713638
0.00652486
0.00614507
0.00629653
0.00619815
0.00575971
0.00573927
0.00630163
0.00682503
0.00692309
0.00690746
0.00711807
0.00749282
0.00784601
0.0080436
0.00812179
0.00831329
0.00867913
0.00901083
0.00922729
0.00944157
0.00975667
0.0101254
0.0104453
0.0107211
0.0110392
0.0114088
0.0117705
0.0121271
0.0125155
0.0129105
0.0132812
0.0136478
0.0140631
0.0144915
0.0148702
0.0152143
0.0155791
0.0159932
0.0164201
0.0168289
0.0172315
0.0176707
0.0181312
0.0185876
0.01906
0.0195549
0.0200603
0.0205504
0.0209799
0.0212917
0.0215893
0.0220776
0.022777
0.0234738
0.0240813
0.0246675
0.0252394
0.0257661
0.0263006
0.0268664
0.0274365
0.0280896
0.0287347
0.029352
0.0299982
0.0307011
0.0313629
0.0320195
0.0326966
0.0333973
0.0341202
0.0348524
0.0356591
0.0364663
0.0372716
0.0380626
0.038886
0.0397212
0.0406049
0.04151
0.0424387
0.0433617
0.0442356
0.0451904
0.0461746
0.0471465
0.0481826
0.0491716
0.0502111
0.0512214
0.0522034
0.0532729
0.0543043
0.0552193
0.0559461
0.00777814
0.00795441
0.00761386
0.00733132
0.00717894
0.00662226
0.00624786
0.00643403
0.0063703
0.00590104
0.00582145
0.00635182
0.00688483
0.00699481
0.00695455
0.0071437
0.00753267
0.00790361
0.00809506
0.00815449
0.00833699
0.0087113
0.00905208
0.00926251
0.00946508
0.00977942
0.0101548
0.0104733
0.0107417
0.0110585
0.0114297
0.0117887
0.0121417
0.0125288
0.0129223
0.01329
0.0136533
0.014067
0.0144964
0.0148753
0.015218
0.0155834
0.0160004
0.0164284
0.0168346
0.0172351
0.0176756
0.018138
0.0185929
0.0190609
0.0195533
0.020057
0.0205433
0.0209723
0.0212987
0.021619
0.0221091
0.0227885
0.0234712
0.0240766
0.0246626
0.0252343
0.0257647
0.0263024
0.0268705
0.0274425
0.0280926
0.0287346
0.0293544
0.0300013
0.0307012
0.0313623
0.0320211
0.0327002
0.0334011
0.0341244
0.0348578
0.0356621
0.0364667
0.0372727
0.0380647
0.0388893
0.0397247
0.0406077
0.0415113
0.0424379
0.0433618
0.0442379
0.0451927
0.0461758
0.0471475
0.0481824
0.0491714
0.050211
0.0512235
0.0522081
0.0532773
0.0543098
0.0552275
0.0559527
0.00766411
0.00782657
0.0075576
0.00730133
0.00721971
0.00673003
0.00633164
0.00654783
0.00655086
0.00604977
0.00590341
0.00641056
0.00694834
0.00706685
0.00700692
0.00716811
0.00756827
0.00796343
0.00815031
0.00818963
0.00836254
0.00874427
0.00909471
0.00929983
0.00948939
0.0098021
0.0101851
0.0105031
0.0107637
0.0110783
0.0114511
0.0118077
0.012157
0.0125427
0.0129346
0.0132991
0.0136592
0.0140715
0.0145021
0.0148813
0.0152221
0.0155876
0.0160075
0.0164367
0.0168406
0.0172389
0.0176805
0.0181449
0.0185983
0.0190619
0.0195515
0.0200538
0.0205367
0.0209654
0.021306
0.0216475
0.0221391
0.0227999
0.0234693
0.0240723
0.0246578
0.0252294
0.0257634
0.0263041
0.0268745
0.0274484
0.0280956
0.0287347
0.0293569
0.0300044
0.0307014
0.0313618
0.0320228
0.0327039
0.033405
0.0341288
0.0348633
0.0356651
0.0364671
0.0372739
0.0380668
0.0388925
0.0397281
0.0406106
0.0415127
0.0424373
0.0433619
0.0442403
0.0451951
0.0461771
0.0471485
0.0481823
0.0491713
0.050211
0.0512257
0.0522129
0.053282
0.0543154
0.0552359
0.0559595
0.00759655
0.00772268
0.00749465
0.00724428
0.00724016
0.00685583
0.00641467
0.00662611
0.00672999
0.00621734
0.00598239
0.00646972
0.00701971
0.00714114
0.00706366
0.00719339
0.00759845
0.00802408
0.00821039
0.00822666
0.00838939
0.00877864
0.00913886
0.00933954
0.00951495
0.00982459
0.0102158
0.0105342
0.0107869
0.0110989
0.0114733
0.0118275
0.0121729
0.0125573
0.0129476
0.0133087
0.0136654
0.0140761
0.0145081
0.0148878
0.0152267
0.015592
0.0160147
0.0164456
0.0168471
0.0172429
0.0176853
0.0181517
0.0186038
0.0190628
0.0195499
0.0200511
0.0205308
0.0209595
0.0213133
0.0216745
0.0221676
0.0228113
0.0234679
0.0240683
0.0246531
0.0252248
0.0257622
0.0263057
0.0268783
0.0274542
0.0280987
0.028735
0.0293593
0.0300075
0.0307018
0.0313615
0.0320246
0.0327076
0.033409
0.0341332
0.0348688
0.0356682
0.0364678
0.0372753
0.038069
0.0388959
0.0397316
0.0406135
0.0415142
0.0424368
0.0433621
0.0442425
0.0451974
0.0461785
0.0471496
0.0481822
0.0491713
0.0502112
0.0512279
0.0522179
0.053287
0.0543211
0.0552447
0.0559668
0.00756929
0.00765258
0.00743537
0.00716245
0.00722041
0.00698807
0.00651885
0.00667204
0.00689038
0.00641278
0.00606899
0.00651919
0.00709676
0.00722134
0.00712358
0.00722132
0.00762352
0.00808309
0.00827645
0.00826653
0.00841638
0.00881431
0.00918475
0.00938162
0.00954222
0.00984701
0.0102468
0.010567
0.0108112
0.0111197
0.0114959
0.0118483
0.0121897
0.0125724
0.012961
0.013319
0.0136724
0.0140814
0.0145146
0.0148948
0.0152314
0.0155963
0.0160219
0.0164546
0.0168541
0.0172472
0.0176902
0.0181587
0.0186095
0.0190636
0.0195482
0.0200486
0.0205257
0.0209544
0.0213207
0.0217002
0.0221947
0.0228226
0.0234672
0.0240648
0.0246487
0.0252205
0.0257612
0.0263073
0.026882
0.0274599
0.0281019
0.0287354
0.0293618
0.0300106
0.0307022
0.0313614
0.0320266
0.0327114
0.033413
0.0341377
0.0348743
0.0356714
0.0364686
0.0372768
0.0380713
0.0388992
0.0397352
0.0406164
0.0415157
0.0424364
0.0433624
0.0442448
0.0451998
0.0461799
0.0471507
0.0481822
0.0491714
0.0502116
0.0512301
0.052223
0.0532922
0.0543271
0.0552537
0.0559745
0.00757139
0.00761804
0.0073839
0.00706357
0.00714831
0.00710604
0.00665904
0.00670402
0.00701353
0.00662752
0.00617865
0.00655712
0.00717233
0.00731061
0.00718855
0.00725333
0.00764441
0.00813728
0.00834846
0.00831126
0.00844227
0.00885074
0.00923339
0.00942605
0.00957139
0.00986961
0.0102778
0.0106013
0.0108372
0.0111413
0.0115193
0.0118698
0.0122071
0.0125881
0.0129752
0.0133298
0.0136797
0.0140871
0.0145217
0.0149029
0.015237
0.0156006
0.016029
0.0164638
0.0168614
0.0172515
0.0176948
0.0181658
0.0186155
0.0190647
0.0195467
0.0200466
0.0205212
0.02095
0.0213282
0.0217246
0.0222203
0.0228338
0.023467
0.0240616
0.0246444
0.0252165
0.0257603
0.0263088
0.0268856
0.0274655
0.0281052
0.0287359
0.0293643
0.0300138
0.0307028
0.0313615
0.0320287
0.0327152
0.0334172
0.0341422
0.0348798
0.0356747
0.0364696
0.0372784
0.0380736
0.0389026
0.0397388
0.0406193
0.0415172
0.0424361
0.0433627
0.044247
0.0452021
0.0461814
0.0471519
0.0481822
0.0491715
0.0502121
0.0512324
0.0522282
0.0532977
0.0543332
0.0552629
0.0559826
0.00760116
0.00762074
0.00733638
0.00695128
0.00702704
0.00718645
0.00683406
0.00674599
0.00708704
0.00683913
0.00632215
0.00659318
0.00723625
0.00740565
0.00726124
0.00729191
0.00766353
0.00818359
0.00842478
0.00836425
0.00846629
0.00888522
0.00928577
0.00947378
0.00960201
0.00989272
0.0103089
0.0106369
0.0108646
0.0111633
0.0115432
0.0118927
0.0122256
0.0126044
0.01299
0.0133415
0.0136878
0.0140933
0.0145292
0.0149113
0.015243
0.0156052
0.0160363
0.0164736
0.0168693
0.0172562
0.0176996
0.0181728
0.0186214
0.0190655
0.0195451
0.0200451
0.0205175
0.0209466
0.0213358
0.0217476
0.0222446
0.0228449
0.0234674
0.0240589
0.0246405
0.0252127
0.0257595
0.0263103
0.026889
0.027471
0.0281085
0.0287365
0.0293669
0.0300171
0.0307035
0.0313617
0.0320309
0.0327192
0.0334215
0.0341468
0.0348853
0.0356781
0.0364707
0.0372802
0.0380761
0.0389061
0.0397424
0.0406223
0.0415188
0.042436
0.0433631
0.0442492
0.0452045
0.0461829
0.0471532
0.0481823
0.0491716
0.0502128
0.0512347
0.0522335
0.0533035
0.0543395
0.0552724
0.0559911
0.00768616
0.00766802
0.00729825
0.00684265
0.00687153
0.00721091
0.00703095
0.00682497
0.00711924
0.00701776
0.00649524
0.00664327
0.00728545
0.00749821
0.00734189
0.00733987
0.00768422
0.00821978
0.00850113
0.00842822
0.00849062
0.00891427
0.00934119
0.00952675
0.00963373
0.00991589
0.0103402
0.0106735
0.0108938
0.011186
0.0115671
0.0119163
0.012245
0.0126214
0.0130055
0.0133538
0.0136967
0.0141001
0.0145373
0.0149207
0.0152497
0.0156096
0.0160432
0.0164834
0.0168776
0.0172611
0.0177043
0.0181801
0.0186279
0.0190667
0.0195437
0.0200439
0.0205146
0.0209439
0.0213435
0.0217693
0.0222675
0.0228559
0.0234683
0.0240567
0.0246368
0.0252094
0.025759
0.0263118
0.0268923
0.0274764
0.0281119
0.0287373
0.0293694
0.0300204
0.0307044
0.0313621
0.0320333
0.0327232
0.0334259
0.0341515
0.0348909
0.0356816
0.036472
0.0372822
0.0380786
0.0389096
0.0397461
0.0406253
0.0415205
0.0424359
0.0433637
0.0442514
0.0452068
0.0461846
0.0471545
0.0481825
0.0491719
0.0502137
0.0512372
0.0522389
0.0533096
0.054346
0.0552821
0.0560001
0.00765059
0.00770703
0.00731327
0.0068081
0.00673382
0.00717701
0.00723083
0.00696838
0.00713437
0.00714211
0.00667896
0.00672305
0.00733044
0.00758098
0.00742629
0.00740029
0.00771155
0.00824577
0.00857168
0.00850418
0.00851965
0.00893467
0.00939651
0.00958761
0.00966738
0.00993777
0.0103725
0.0107117
0.0109242
0.0112094
0.0115915
0.0119411
0.0122656
0.0126388
0.0130212
0.0133669
0.0137064
0.0141074
0.0145456
0.0149307
0.0152572
0.0156144
0.0160503
0.0164937
0.0168864
0.0172661
0.0177089
0.0181873
0.0186343
0.0190679
0.0195424
0.0200434
0.0205126
0.020942
0.0213511
0.0217898
0.0222891
0.0228668
0.0234698
0.024055
0.0246336
0.0252063
0.0257587
0.0263132
0.0268954
0.0274818
0.0281155
0.0287382
0.029372
0.0300237
0.0307055
0.0313627
0.0320358
0.0327273
0.0334303
0.0341562
0.0348965
0.0356853
0.0364736
0.0372843
0.0380813
0.0389132
0.0397498
0.0406283
0.0415222
0.0424361
0.0433643
0.0442535
0.0452092
0.0461863
0.0471559
0.0481828
0.0491722
0.0502149
0.0512397
0.0522444
0.0533161
0.0543528
0.0552921
0.0560095
0.00750103
0.00773815
0.00739471
0.00686646
0.00665749
0.00710163
0.00741212
0.00717855
0.00716594
0.00721169
0.00684909
0.00683157
0.00738496
0.00765444
0.00750748
0.00747084
0.0077529
0.00826673
0.00863099
0.00859004
0.00856088
0.00894759
0.00944648
0.00965803
0.00970679
0.00995678
0.0104047
0.0107527
0.010956
0.011233
0.0116159
0.0119668
0.0122877
0.0126573
0.0130378
0.0133806
0.0137169
0.0141156
0.0145545
0.0149415
0.0152655
0.0156191
0.0160571
0.0165044
0.0168959
0.0172716
0.0177137
0.0181948
0.0186413
0.0190694
0.019541
0.0200432
0.0205114
0.0209408
0.0213588
0.0218091
0.0223094
0.0228775
0.0234718
0.0240537
0.0246307
0.0252036
0.0257587
0.0263147
0.0268983
0.027487
0.0281192
0.0287391
0.0293746
0.0300272
0.0307066
0.0313635
0.0320384
0.0327315
0.0334349
0.034161
0.0349022
0.0356891
0.0364753
0.0372866
0.038084
0.0389169
0.0397535
0.0406313
0.041524
0.0424363
0.043365
0.0442557
0.0452115
0.046188
0.0471574
0.0481832
0.0491726
0.0502162
0.0512424
0.05225
0.0533229
0.0543597
0.0553022
0.0560193
0.00718382
0.00770944
0.00749964
0.00698201
0.00664625
0.0070019
0.00752885
0.00742324
0.00724037
0.00724232
0.00698125
0.00695392
0.00745918
0.00772942
0.00757988
0.00754292
0.00781048
0.00829127
0.00867532
0.00867775
0.0086185
0.00895725
0.00948469
0.00973525
0.00975679
0.00997307
0.0104343
0.0107975
0.0109902
0.0112563
0.0116405
0.0119936
0.0123111
0.0126764
0.0130548
0.0133952
0.0137286
0.0141246
0.0145636
0.014953
0.015275
0.0156245
0.016064
0.0165154
0.0169058
0.0172772
0.0177183
0.0182022
0.0186485
0.0190713
0.0195401
0.0200437
0.0205111
0.0209404
0.0213665
0.0218273
0.0223285
0.0228881
0.0234743
0.0240531
0.0246283
0.0252013
0.0257588
0.0263163
0.0269011
0.0274921
0.0281231
0.0287403
0.0293774
0.0300307
0.0307081
0.0313645
0.0320412
0.0327358
0.0334397
0.0341659
0.0349078
0.0356931
0.0364773
0.037289
0.0380868
0.0389207
0.0397574
0.0406344
0.0415259
0.0424367
0.0433659
0.0442579
0.0452139
0.0461899
0.0471589
0.0481838
0.0491732
0.0502177
0.0512452
0.0522556
0.0533301
0.0543669
0.0553125
0.0560296
0.00703482
0.00766856
0.00760708
0.00712399
0.00669728
0.00690624
0.00755931
0.00766052
0.00737397
0.00725995
0.00707009
0.00706586
0.00754739
0.0078182
0.00764805
0.00760185
0.00787779
0.00832956
0.00870747
0.00875586
0.0086926
0.00897181
0.00950595
0.00981182
0.00982122
0.00998981
0.0104566
0.0108452
0.0110294
0.0112792
0.0116638
0.0120212
0.0123361
0.0126971
0.0130725
0.0134098
0.0137408
0.0141345
0.0145732
0.014965
0.0152854
0.0156298
0.0160704
0.0165267
0.0169165
0.0172833
0.017723
0.0182097
0.0186561
0.0190733
0.019539
0.0200444
0.0205115
0.0209405
0.021374
0.0218444
0.0223465
0.0228985
0.0234772
0.0240528
0.0246263
0.0251995
0.0257593
0.026318
0.0269038
0.027497
0.0281266
0.0287416
0.02938
0.0300342
0.0307096
0.0313656
0.0320442
0.0327402
0.0334445
0.0341708
0.0349134
0.0356972
0.0364794
0.0372917
0.0380897
0.0389245
0.0397613
0.0406374
0.041528
0.0424373
0.0433668
0.04426
0.0452163
0.0461918
0.0471605
0.0481845
0.0491738
0.0502195
0.0512482
0.0522614
0.0533376
0.0543744
0.055323
0.0560403
0.00661243
0.00750113
0.00771416
0.00731125
0.00682558
0.00686728
0.00752847
0.00785718
0.00756824
0.00731057
0.00712997
0.00715172
0.00763438
0.00793271
0.00773013
0.0076432
0.0079415
0.00839221
0.00874132
0.00881714
0.00877642
0.00900285
0.00951495
0.00987974
0.00990156
0.0100146
0.0104704
0.010892
0.0110761
0.0113032
0.0116849
0.0120495
0.0123627
0.0127186
0.0130909
0.013425
0.0137542
0.0141458
0.0145831
0.0149775
0.0152972
0.015636
0.0160768
0.0165381
0.0169277
0.0172897
0.0177274
0.018217
0.0186641
0.019076
0.0195385
0.0200461
0.0205133
0.0209415
0.0213815
0.0218606
0.0223634
0.0229088
0.0234807
0.0240531
0.0246248
0.025198
0.02576
0.0263197
0.0269064
0.0275019
0.0281307
0.0287431
0.0293827
0.030038
0.0307114
0.031367
0.0320473
0.0327446
0.0334495
0.0341758
0.034919
0.0357015
0.0364818
0.0372944
0.0380927
0.0389285
0.0397652
0.0406404
0.0415301
0.042438
0.0433679
0.0442622
0.0452187
0.0461939
0.0471621
0.0481854
0.0491746
0.0502214
0.0512514
0.0522672
0.0533454
0.0543821
0.0553337
0.0560514
0.00634103
0.00730808
0.00777704
0.00751616
0.00701134
0.00688939
0.00746357
0.00797812
0.00779294
0.00741897
0.00718324
0.00720726
0.00770128
0.00806261
0.00784422
0.00767418
0.0079829
0.00847191
0.00879312
0.00886142
0.00885641
0.00905542
0.00952092
0.00992919
0.00999073
0.0100543
0.0104776
0.0109325
0.0111306
0.0113325
0.0117026
0.0120764
0.0123919
0.0127426
0.0131108
0.0134404
0.0137674
0.014158
0.0145941
0.0149905
0.0153099
0.0156428
0.0160827
0.0165496
0.01694
0.017297
0.0177322
0.0182247
0.0186728
0.019079
0.0195378
0.0200477
0.0205157
0.0209432
0.0213889
0.0218759
0.0223794
0.0229188
0.0234845
0.024054
0.0246238
0.025197
0.025761
0.0263215
0.026909
0.0275067
0.028135
0.0287447
0.0293854
0.0300417
0.0307134
0.0313686
0.0320505
0.0327491
0.0334545
0.0341809
0.0349246
0.0357059
0.0364845
0.0372974
0.0380958
0.0389325
0.0397692
0.0406435
0.0415324
0.042439
0.043369
0.0442644
0.0452211
0.046196
0.0471637
0.0481865
0.0491755
0.0502235
0.0512549
0.0522731
0.0533536
0.0543901
0.0553444
0.0560629
0.00613443
0.007075
0.00773804
0.00767863
0.00722113
0.0069655
0.00738885
0.00801157
0.00800222
0.00758385
0.00725307
0.00724173
0.00773139
0.00818394
0.00799702
0.00771523
0.007987
0.00854701
0.00887557
0.0089027
0.00891609
0.00912304
0.00953741
0.00995823
0.0100772
0.0101135
0.010486
0.0109615
0.0111877
0.0113704
0.0117195
0.0120997
0.0124225
0.0127687
0.0131314
0.0134566
0.0137814
0.0141711
0.0146058
0.0150038
0.0153235
0.0156506
0.0160889
0.0165611
0.0169528
0.0173048
0.0177365
0.0182317
0.0186815
0.0190824
0.0195373
0.02005
0.0205192
0.0209458
0.0213961
0.0218902
0.0223944
0.0229285
0.0234887
0.0240554
0.0246232
0.0251964
0.0257623
0.0263235
0.0269114
0.0275115
0.0281395
0.0287465
0.0293881
0.0300456
0.0307157
0.0313704
0.0320539
0.0327537
0.0334598
0.0341861
0.0349301
0.0357104
0.0364874
0.0373005
0.038099
0.0389366
0.0397732
0.0406466
0.0415347
0.0424401
0.0433702
0.0442666
0.0452235
0.0461982
0.0471654
0.0481877
0.0491766
0.0502258
0.0512586
0.0522791
0.053362
0.0543985
0.0553553
0.0560748
0.0059896
0.00683144
0.00761932
0.00778042
0.00744033
0.00709849
0.00733881
0.00798264
0.00816492
0.00778831
0.00736623
0.00727427
0.00772922
0.00827389
0.00817735
0.00779603
0.00796554
0.00859335
0.00898646
0.00896467
0.00895316
0.00919026
0.00957765
0.00997753
0.0101491
0.0101893
0.0105048
0.0109792
0.0112417
0.0114187
0.0117395
0.0121175
0.0124522
0.0127988
0.0131546
0.0134733
0.0137951
0.0141844
0.0146186
0.0150186
0.0153384
0.015659
0.0160947
0.0165722
0.0169659
0.0173133
0.017741
0.0182388
0.0186913
0.019087
0.0195373
0.0200527
0.0205236
0.0209489
0.0214032
0.0219038
0.0224089
0.0229382
0.0234933
0.0240574
0.0246232
0.0251963
0.025764
0.0263255
0.0269139
0.0275162
0.0281439
0.0287485
0.029391
0.0300496
0.0307182
0.0313725
0.0320574
0.0327584
0.0334651
0.0341914
0.0349357
0.0357151
0.0364906
0.0373038
0.0381023
0.0389408
0.0397774
0.0406497
0.0415373
0.0424413
0.0433715
0.0442689
0.045226
0.0462005
0.0471671
0.0481892
0.049178
0.0502282
0.0512626
0.0522853
0.0533708
0.0544072
0.0553663
0.056087
0.00591646
0.00662903
0.00746619
0.00781511
0.00763903
0.00727941
0.00733772
0.00792042
0.00826201
0.00800163
0.00752865
0.00732698
0.00770932
0.00831683
0.00835948
0.00793566
0.00794584
0.00858889
0.00910239
0.00906696
0.00898052
0.0092354
0.00963879
0.0100035
0.0101982
0.0102693
0.0105422
0.0109917
0.0112858
0.0114733
0.0117678
0.012133
0.0124785
0.0128314
0.0131802
0.0134904
0.0138094
0.0141984
0.0146317
0.0150337
0.0153541
0.0156683
0.0161008
0.0165835
0.0169802
0.0173233
0.0177461
0.0182457
0.0187012
0.019092
0.019537
0.0200554
0.020529
0.0209531
0.0214102
0.0219165
0.0224226
0.0229476
0.0234981
0.0240599
0.0246237
0.0251966
0.025766
0.0263277
0.0269163
0.0275209
0.0281486
0.0287506
0.0293938
0.0300536
0.030721
0.0313749
0.0320611
0.0327631
0.0334706
0.0341968
0.0349412
0.0357199
0.0364941
0.0373073
0.0381057
0.0389451
0.0397816
0.0406528
0.0415399
0.0424428
0.0433728
0.0442713
0.0452286
0.0462029
0.0471689
0.0481909
0.0491796
0.0502308
0.051267
0.0522915
0.0533798
0.0544162
0.0553775
0.0560996
0.00590237
0.00648296
0.00731562
0.00779395
0.00777933
0.00747916
0.00739799
0.00785837
0.00829641
0.00818829
0.00772892
0.00741845
0.00768906
0.00831356
0.00851098
0.00812334
0.00796003
0.00853636
0.00918977
0.00921195
0.00902547
0.00924773
0.00970119
0.0100544
0.0102341
0.0103381
0.0105983
0.0110096
0.0113182
0.0115289
0.0118058
0.0121485
0.0124987
0.0128644
0.0132111
0.0135096
0.0138233
0.0142121
0.0146452
0.0150502
0.0153722
0.0156792
0.0161066
0.0165941
0.0169946
0.0173335
0.0177504
0.0182518
0.0187117
0.0190984
0.0195375
0.0200585
0.0205353
0.0209579
0.0214169
0.0219284
0.0224358
0.022957
0.0235033
0.024063
0.0246246
0.0251972
0.0257686
0.0263302
0.0269187
0.0275256
0.0281534
0.0287529
0.0293968
0.0300577
0.030724
0.0313775
0.0320651
0.032768
0.0334762
0.0342024
0.0349467
0.0357248
0.0364979
0.037311
0.0381092
0.0389495
0.0397858
0.0406559
0.0415427
0.0424445
0.0433742
0.0442737
0.0452311
0.0462054
0.0471707
0.0481929
0.0491815
0.0502334
0.0512717
0.052298
0.053389
0.0544257
0.0553887
0.0561124
0.00593394
0.00638874
0.00718258
0.0077393
0.00785571
0.00766622
0.00751573
0.00782704
0.00828745
0.0083234
0.00794096
0.00755643
0.00768705
0.00827712
0.0086116
0.0083322
0.00803779
0.00846564
0.00921963
0.0093768
0.00911606
0.00923925
0.0097392
0.0101328
0.0102767
0.0103834
0.0106616
0.0110438
0.0113418
0.0115772
0.0118515
0.0121697
0.0125159
0.0128953
0.0132453
0.0135314
0.0138373
0.0142269
0.0146596
0.0150664
0.0153906
0.015691
0.0161121
0.016604
0.0170101
0.0173456
0.0177559
0.0182583
0.018723
0.0191056
0.0195378
0.0200612
0.0205423
0.0209639
0.0214238
0.0219397
0.0224485
0.0229663
0.0235086
0.0240666
0.0246261
0.0251983
0.0257715
0.0263327
0.0269209
0.0275304
0.0281584
0.0287553
0.0293998
0.0300619
0.0307272
0.0313803
0.032069
0.0327729
0.0334819
0.034208
0.0349522
0.0357299
0.0365018
0.0373148
0.0381128
0.038954
0.0397901
0.0406591
0.0415457
0.0424464
0.0433757
0.0442763
0.0452338
0.046208
0.0471726
0.048195
0.0491838
0.0502362
0.0512766
0.0523047
0.0533983
0.0544355
0.0554001
0.0561255
0.00599828
0.00634413
0.00706738
0.0076804
0.00789451
0.00781191
0.00766245
0.00784107
0.00825903
0.00840306
0.00813617
0.00773459
0.0077224
0.00822773
0.0086586
0.00852927
0.00818022
0.00841322
0.00918328
0.00952522
0.00926481
0.00924028
0.00973299
0.0102169
0.0103491
0.0104115
0.0107137
0.0110983
0.0113672
0.0116148
0.0119025
0.0121981
0.01253
0.012922
0.0132824
0.0135581
0.0138514
0.01424
0.0146736
0.0150829
0.015411
0.015706
0.0161189
0.0166135
0.0170262
0.0173588
0.0177606
0.0182633
0.0187342
0.0191141
0.019539
0.0200645
0.0205504
0.0209707
0.0214306
0.0219501
0.0224604
0.0229754
0.0235143
0.0240706
0.0246281
0.0251997
0.0257749
0.0263357
0.0269232
0.0275352
0.0281637
0.028758
0.0294029
0.0300662
0.0307308
0.0313835
0.0320732
0.0327779
0.0334877
0.0342137
0.0349576
0.0357351
0.0365061
0.0373189
0.0381167
0.0389585
0.0397944
0.0406624
0.0415488
0.0424485
0.0433772
0.044279
0.0452366
0.0462106
0.0471745
0.0481972
0.0491864
0.050239
0.0512819
0.0523117
0.0534078
0.0544457
0.0554117
0.0561388
0.00607344
0.00635112
0.00697263
0.00761674
0.00791667
0.00791681
0.00780552
0.00789701
0.00823994
0.00844363
0.00829406
0.00793157
0.00780458
0.00818535
0.00865928
0.00868729
0.00836377
0.00841423
0.00910732
0.00962107
0.00945135
0.00928482
0.00969008
0.0102758
0.0104595
0.0104455
0.0107384
0.011164
0.0114071
0.0116401
0.0119512
0.0122352
0.0125442
0.0129456
0.0133202
0.0135873
0.0138667
0.0142543
0.0146897
0.0151003
0.0154318
0.0157219
0.0161254
0.0166214
0.0170416
0.0173732
0.0177663
0.0182685
0.0187468
0.0191245
0.0195404
0.0200669
0.0205586
0.0209781
0.0214373
0.0219603
0.0224721
0.0229846
0.0235202
0.0240752
0.0246307
0.0252015
0.0257786
0.026339
0.0269254
0.0275399
0.0281692
0.0287609
0.029406
0.0300706
0.0307346
0.0313868
0.0320775
0.032783
0.0334937
0.0342197
0.0349631
0.0357404
0.0365105
0.037323
0.0381208
0.0389633
0.0397987
0.0406658
0.041552
0.0424508
0.0433787
0.0442818
0.0452394
0.0462133
0.0471767
0.0481997
0.0491895
0.050242
0.0512874
0.052319
0.0534173
0.0544563
0.0554234
0.0561522
0.00612358
0.00640086
0.00691732
0.0075458
0.00792755
0.00800042
0.0079289
0.00797551
0.00824303
0.00846256
0.00841015
0.00811981
0.00792757
0.00817321
0.00863199
0.00879481
0.0085588
0.00847945
0.00902628
0.00964548
0.00963897
0.00939675
0.0096431
0.0102804
0.010587
0.010514
0.0107369
0.0112195
0.0114701
0.0116619
0.0119922
0.0122823
0.0125592
0.012963
0.0133602
0.0136219
0.013884
0.014268
0.0147045
0.0151164
0.0154526
0.0157393
0.0161334
0.0166301
0.0170583
0.0173897
0.017773
0.0182723
0.0187584
0.0191359
0.0195422
0.0200693
0.0205682
0.0209868
0.0214441
0.0219699
0.0224833
0.0229935
0.0235263
0.0240801
0.0246337
0.0252037
0.0257826
0.0263425
0.0269277
0.0275447
0.028175
0.0287641
0.029409
0.0300752
0.0307389
0.0313905
0.0320819
0.0327882
0.0334998
0.0342256
0.0349687
0.035746
0.0365153
0.0373272
0.0381249
0.038968
0.0398029
0.0406693
0.0415556
0.0424534
0.0433804
0.0442847
0.0452425
0.046216
0.047179
0.0482023
0.049193
0.0502452
0.0512931
0.0523267
0.0534269
0.0544671
0.0554354
0.0561658
0.00612593
0.00646663
0.00691761
0.00748254
0.00791657
0.0080705
0.00803777
0.00805921
0.00826676
0.00847524
0.00849314
0.00828323
0.00807366
0.00820366
0.0085967
0.0088507
0.00873607
0.00859527
0.00897772
0.00961608
0.00978777
0.00956412
0.00963126
0.0102293
0.0106958
0.0106336
0.0107333
0.0112441
0.0115512
0.0116934
0.0120181
0.0123356
0.0125819
0.0129739
0.0134008
0.0136608
0.0138989
0.0142804
0.0147218
0.0151342
0.015475
0.0157591
0.0161422
0.0166382
0.0170742
0.017406
0.0177798
0.0182754
0.0187704
0.0191499
0.0195457
0.0200712
0.0205779
0.0209963
0.0214505
0.021979
0.0224944
0.0230025
0.0235326
0.0240855
0.0246372
0.0252063
0.0257871
0.0263465
0.02693
0.0275492
0.028181
0.0287677
0.0294121
0.0300796
0.0307436
0.0313944
0.0320863
0.0327936
0.0335059
0.0342316
0.0349741
0.0357517
0.0365203
0.0373316
0.0381293
0.0389731
0.0398071
0.0406729
0.0415592
0.042456
0.043382
0.0442878
0.0452457
0.0462186
0.0471815
0.048205
0.0491968
0.0502485
0.051299
0.0523349
0.0534365
0.0544782
0.0554477
0.0561795
0.00608967
0.00650197
0.00695361
0.00745044
0.00789053
0.00812119
0.00813945
0.00814365
0.00830384
0.00848857
0.00855033
0.00841901
0.00822205
0.00827176
0.00857791
0.0088672
0.00887999
0.00874198
0.00897812
0.00956242
0.00987217
0.00975041
0.00968617
0.0101539
0.0107494
0.010789
0.0107598
0.0112316
0.0116302
0.0117477
0.0120324
0.0123877
0.0126168
0.0129747
0.0134352
0.0137104
0.0139176
0.0142906
0.0147414
0.0151533
0.0154963
0.015779
0.0161507
0.0166454
0.0170909
0.0174244
0.0177888
0.0182788
0.0187817
0.0191649
0.0195499
0.0200722
0.0205876
0.0210072
0.0214573
0.0219876
0.0225055
0.0230114
0.0235391
0.0240913
0.0246411
0.0252092
0.0257918
0.0263509
0.0269325
0.0275538
0.0281873
0.0287716
0.0294151
0.0300841
0.0307488
0.0313985
0.0320907
0.0327991
0.0335124
0.0342377
0.0349796
0.0357574
0.0365254
0.0373361
0.0381338
0.0389783
0.0398112
0.0406766
0.0415629
0.0424589
0.0433837
0.0442909
0.0452492
0.0462212
0.0471843
0.048208
0.049201
0.0502521
0.0513049
0.0523435
0.0534463
0.0544895
0.0554603
0.0561934
0.00604502
0.00649124
0.00699368
0.00746075
0.0078752
0.00814901
0.00822908
0.00822847
0.00834707
0.00850648
0.00858776
0.00853038
0.00836467
0.00836255
0.00859002
0.00886387
0.00897923
0.0088939
0.00902286
0.00951784
0.00990183
0.00991539
0.00980711
0.0100956
0.0107327
0.0109434
0.0108421
0.0112024
0.0116851
0.0118279
0.0120457
0.0124266
0.0126672
0.0129755
0.0134581
0.0137701
0.0139431
0.0142921
0.0147586
0.0151765
0.0155181
0.0157997
0.016161
0.0166529
0.0171084
0.0174443
0.0177979
0.0182806
0.0187918
0.0191812
0.0195562
0.0200736
0.0205973
0.0210194
0.0214643
0.0219951
0.0225163
0.0230208
0.0235457
0.0240973
0.0246455
0.0252123
0.0257969
0.0263559
0.0269352
0.027558
0.0281938
0.0287762
0.029418
0.0300882
0.0307545
0.0314031
0.0320952
0.0328047
0.0335188
0.0342439
0.0349852
0.0357636
0.0365309
0.0373407
0.0381382
0.0389835
0.0398152
0.0406805
0.0415671
0.0424619
0.0433857
0.0442941
0.045253
0.0462237
0.0471872
0.0482112
0.0492054
0.0502561
0.051311
0.0523526
0.0534561
0.0545008
0.0554731
0.0562073
0.00602795
0.00646067
0.00700735
0.00749027
0.00788422
0.00816371
0.00829957
0.00831328
0.0083945
0.00853283
0.00861459
0.00861635
0.00849797
0.00846053
0.00862837
0.00886156
0.0090363
0.00903388
0.00910155
0.00950091
0.00990242
0.0100311
0.00996298
0.0100933
0.010669
0.0110552
0.0109759
0.0111867
0.0116998
0.0119179
0.0120739
0.0124501
0.0127292
0.0129857
0.0134604
0.0138296
0.0139845
0.0142892
0.0147689
0.0152056
0.0155446
0.0158203
0.0161714
0.0166591
0.0171247
0.0174658
0.0178086
0.0182821
0.0188022
0.0191991
0.0195638
0.0200747
0.0206065
0.0210321
0.021472
0.0220021
0.0225266
0.0230306
0.0235527
0.0241035
0.0246504
0.0252158
0.0258021
0.0263613
0.0269382
0.027562
0.0282005
0.0287813
0.0294209
0.0300924
0.0307608
0.0314077
0.0320994
0.0328106
0.0335256
0.0342501
0.0349906
0.0357697
0.0365364
0.0373456
0.0381432
0.0389892
0.0398193
0.0406844
0.0415712
0.0424649
0.0433877
0.0442973
0.045257
0.0462263
0.0471904
0.0482147
0.04921
0.0502605
0.0513171
0.0523619
0.0534662
0.0545122
0.0554862
0.0562214
0.00603926
0.00643905
0.00699583
0.00750834
0.00791023
0.00818759
0.00835537
0.00839449
0.00844462
0.0085652
0.00863925
0.00867542
0.00861722
0.0085622
0.00868372
0.00887792
0.0090666
0.00914536
0.00919809
0.00951104
0.00989761
0.0100996
0.0101166
0.0101579
0.0105978
0.0110993
0.0111299
0.0112147
0.0116859
0.0119984
0.0121254
0.0124595
0.0127864
0.0130151
0.0134506
0.0138802
0.014047
0.014291
0.0147647
0.0152339
0.0155789
0.0158415
0.0161789
0.0166645
0.0171416
0.0174902
0.0178218
0.0182826
0.018811
0.019218
0.0195725
0.0200757
0.0206158
0.0210459
0.0214804
0.0220086
0.0225362
0.0230406
0.0235604
0.0241099
0.0246555
0.0252197
0.0258075
0.0263672
0.0269417
0.0275658
0.0282074
0.0287871
0.0294238
0.0300962
0.0307677
0.0314129
0.0321036
0.0328165
0.0335324
0.0342563
0.0349961
0.0357762
0.0365421
0.0373506
0.0381479
0.0389948
0.0398234
0.0406885
0.0415759
0.042468
0.04339
0.0443005
0.0452613
0.0462288
0.0471936
0.0482186
0.0492147
0.0502652
0.0513233
0.0523716
0.0534765
0.0545235
0.0554994
0.0562356
0.00605422
0.00644354
0.00698329
0.0075103
0.00793737
0.00822441
0.00840134
0.00846743
0.0084977
0.00859953
0.00867029
0.00871547
0.00871335
0.00866539
0.00874805
0.00891191
0.00908801
0.00922456
0.00929821
0.00954326
0.00990111
0.01014
0.0102381
0.0102674
0.0105602
0.011084
0.0112664
0.011295
0.0116675
0.0120507
0.0121951
0.0124698
0.0128308
0.0130644
0.0134402
0.0139073
0.0141203
0.0143101
0.0147481
0.015252
0.0156233
0.0158707
0.0161835
0.0166669
0.0171593
0.0175162
0.0178364
0.0182817
0.0188184
0.0192391
0.019583
0.0200761
0.0206253
0.0210607
0.021489
0.0220148
0.0225454
0.0230505
0.0235687
0.0241168
0.0246609
0.0252236
0.0258132
0.0263737
0.0269455
0.0275692
0.0282146
0.0287935
0.0294264
0.0300998
0.0307754
0.0314185
0.0321073
0.0328228
0.0335394
0.0342627
0.0350017
0.0357828
0.0365477
0.0373557
0.0381529
0.0390003
0.0398275
0.0406925
0.0415807
0.0424711
0.0433927
0.0443039
0.0452658
0.0462315
0.0471969
0.0482229
0.0492194
0.0502704
0.0513297
0.0523814
0.053487
0.0545349
0.0555128
0.0562498
0.00605798
0.00646181
0.00698539
0.00750916
0.00795035
0.00825928
0.00844308
0.00853481
0.00855726
0.00863212
0.00870519
0.00874514
0.00878096
0.00876327
0.00881938
0.00895899
0.00911543
0.00927934
0.00938801
0.00959083
0.00991517
0.0101708
0.0103238
0.0103901
0.0105763
0.0110403
0.0113533
0.0114064
0.0116686
0.0120759
0.0122728
0.0124944
0.0128582
0.0131205
0.0134424
0.0139127
0.0141903
0.0143538
0.01473
0.01525
0.0156703
0.0159156
0.0161881
0.0166606
0.0171766
0.0175464
0.0178535
0.0182805
0.0188239
0.0192616
0.0195959
0.0200751
0.0206339
0.0210772
0.0214981
0.0220203
0.0225545
0.0230605
0.0235773
0.0241243
0.0246667
0.0252274
0.0258188
0.026381
0.0269498
0.0275722
0.0282217
0.0288008
0.0294292
0.0301033
0.0307834
0.0314243
0.0321108
0.0328294
0.0335467
0.0342691
0.0350072
0.0357893
0.0365534
0.0373612
0.0381583
0.0390059
0.0398319
0.0406966
0.0415857
0.042474
0.0433954
0.0443072
0.0452702
0.0462345
0.0472003
0.0482277
0.0492243
0.0502758
0.0513363
0.0523912
0.0534978
0.0545463
0.0555263
0.0562642
0.00605825
0.00647842
0.00699787
0.00751442
0.00795606
0.00828697
0.00848562
0.00859477
0.00861892
0.00866215
0.0087379
0.00877574
0.00882874
0.00884902
0.00889318
0.00901222
0.00915044
0.00932097
0.00946173
0.0096459
0.00993855
0.0102007
0.0103861
0.0104995
0.0106375
0.0110035
0.0113853
0.011522
0.0117046
0.012085
0.01234
0.0125333
0.0128757
0.0131736
0.0134644
0.0139091
0.0142439
0.0144171
0.0147259
0.0152274
0.015705
0.0159773
0.0162024
0.0166432
0.0171886
0.0175835
0.0178745
0.0182774
0.0188267
0.0192853
0.0196121
0.0200731
0.0206412
0.0210957
0.0215082
0.0220249
0.0225632
0.0230704
0.0235856
0.0241323
0.0246735
0.0252311
0.0258245
0.0263892
0.0269546
0.0275746
0.0282293
0.0288091
0.0294313
0.0301062
0.0307924
0.031431
0.0321141
0.0328358
0.0335538
0.0342754
0.0350131
0.0357964
0.0365592
0.0373667
0.0381638
0.0390112
0.0398364
0.0407009
0.0415911
0.0424771
0.0433985
0.0443109
0.0452745
0.0462376
0.0472036
0.0482328
0.0492292
0.0502815
0.0513433
0.0524011
0.0535088
0.0545578
0.0555397
0.0562786
0.00607511
0.0064921
0.00701185
0.00752761
0.00796618
0.00830728
0.00852145
0.00864137
0.00867986
0.0086988
0.00876649
0.00881015
0.00886375
0.00891162
0.00895933
0.00907017
0.00919525
0.00935916
0.00952295
0.0097009
0.00996722
0.0102299
0.0104367
0.0105871
0.0107194
0.0110008
0.0113831
0.0116141
0.0117688
0.0120922
0.012392
0.0125848
0.0128933
0.0132154
0.013497
0.0139078
0.0142785
0.0144862
0.0147475
0.0151986
0.0157147
0.0160463
0.0162392
0.0166195
0.0171853
0.0176253
0.017904
0.0182722
0.0188252
0.01931
0.0196326
0.0200709
0.0206454
0.0211156
0.0215207
0.0220288
0.0225713
0.023081
0.0235942
0.0241404
0.0246812
0.0252348
0.0258293
0.0263984
0.0269605
0.0275763
0.0282365
0.0288183
0.0294335
0.0301091
0.0308017
0.0314377
0.0321168
0.0328426
0.0335615
0.0342818
0.0350188
0.035803
0.0365649
0.0373724
0.0381696
0.0390162
0.0398411
0.0407053
0.0415964
0.0424802
0.0434018
0.0443149
0.0452788
0.0462414
0.0472072
0.0482381
0.0492343
0.0502873
0.0513506
0.0524108
0.0535199
0.0545694
0.055553
0.0562927
0.00610343
0.00651019
0.00702639
0.00754197
0.00797936
0.00832276
0.00855108
0.00867986
0.00873583
0.00874255
0.00878979
0.00884027
0.00889035
0.00895616
0.00901814
0.0091281
0.00924648
0.00939579
0.00957342
0.00975191
0.00999929
0.0102596
0.0104804
0.0106577
0.010802
0.0110328
0.0113716
0.0116677
0.0118469
0.0121119
0.0124301
0.0126417
0.0129159
0.0132484
0.0135333
0.013913
0.0142995
0.0145462
0.0147897
0.0151814
0.0156985
0.016105
0.0163044
0.0166047
0.01716
0.0176637
0.0179486
0.0182682
0.0188156
0.0193347
0.0196582
0.0200689
0.0206459
0.0211356
0.0215359
0.0220323
0.0225779
0.0230919
0.023603
0.0241483
0.0246901
0.0252393
0.0258345
0.0264081
0.0269675
0.0275773
0.0282435
0.028829
0.0294357
0.0301114
0.0308115
0.0314451
0.0321199
0.0328497
0.0335692
0.0342881
0.0350251
0.0358098
0.0365709
0.0373781
0.0381758
0.0390209
0.039846
0.0407099
0.0416016
0.0424833
0.0434051
0.0443191
0.0452827
0.0462452
0.047211
0.0482436
0.0492397
0.0502933
0.0513583
0.0524206
0.053531
0.054581
0.0555662
0.056307
0.00613817
0.00653873
0.00704525
0.00755576
0.00799444
0.00833859
0.00857648
0.00871045
0.00877842
0.00878609
0.00881238
0.00886583
0.00891714
0.00899042
0.00906442
0.00917552
0.00929869
0.00943342
0.00961439
0.00980041
0.0100334
0.0102897
0.010519
0.0107181
0.0108753
0.0110835
0.0113752
0.0116914
0.0119189
0.0121472
0.0124571
0.0126981
0.0129458
0.0132746
0.0135693
0.0139247
0.0143165
0.0145945
0.0148396
0.0151852
0.0156697
0.0161337
0.0163845
0.0166175
0.0171175
0.0176836
0.0180099
0.0182748
0.0187955
0.0193558
0.0196919
0.0200695
0.020642
0.0211547
0.0215543
0.0220369
0.0225827
0.0231027
0.0236123
0.0241551
0.0246991
0.0252443
0.0258325
0.0264173
0.0269759
0.0275781
0.0282499
0.0288403
0.029438
0.0301135
0.0308216
0.0314526
0.0321224
0.0328563
0.0335769
0.0342942
0.0350315
0.0358165
0.036577
0.0373842
0.0381821
0.0390254
0.0398511
0.040715
0.0416066
0.0424867
0.0434088
0.0443238
0.0452865
0.0462494
0.047215
0.0482488
0.0492451
0.0502991
0.0513661
0.0524302
0.053542
0.0545927
0.0555792
0.0563208
0.00616561
0.00657081
0.00707054
0.00757204
0.0080095
0.00834992
0.00859318
0.00873282
0.0088079
0.00882647
0.00883927
0.00888582
0.0089388
0.00901479
0.00909828
0.00921056
0.00934484
0.00947504
0.00965057
0.00984618
0.0100686
0.0103182
0.010552
0.0107682
0.0109404
0.0111398
0.0113997
0.0117023
0.0119709
0.0121954
0.0124811
0.0127473
0.0129828
0.0132974
0.0136046
0.0139409
0.0143303
0.0146344
0.0148879
0.0152079
0.0156483
0.0161315
0.016457
0.0166672
0.017076
0.0176691
0.0180755
0.0183033
0.0187662
0.0193655
0.0197333
0.0200747
0.0206334
0.0211718
0.0215758
0.0220439
0.0225864
0.0231133
0.0236232
0.0241623
0.024709
0.0252513
0.0258362
0.0264269
0.0269855
0.0275785
0.0282557
0.0288526
0.0294412
0.0301152
0.0308317
0.0314601
0.0321257
0.0328636
0.0335851
0.0343006
0.0350383
0.035823
0.0365831
0.0373903
0.0381887
0.0390299
0.0398565
0.0407206
0.0416114
0.0424904
0.0434127
0.0443286
0.0452901
0.0462539
0.0472198
0.0482545
0.0492511
0.0503056
0.0513744
0.05244
0.0535529
0.0546046
0.0555921
0.0563346
0.0061896
0.00659978
0.00709978
0.00759096
0.00802296
0.00835827
0.00860325
0.00874887
0.0088272
0.00885684
0.00886168
0.00889818
0.00895397
0.00903174
0.0091218
0.00923575
0.00938091
0.00951912
0.009687
0.00988501
0.0101015
0.0103435
0.0105816
0.010811
0.0109985
0.011193
0.0114347
0.011717
0.0120025
0.012244
0.0125082
0.0127876
0.0130276
0.0133216
0.0136361
0.0139606
0.0143408
0.0146691
0.014933
0.0152379
0.0156437
0.0161144
0.016503
0.0167432
0.0170607
0.0176228
0.018126
0.0183613
0.0187387
0.0193557
0.0197795
0.0200886
0.0206189
0.0211835
0.0215984
0.0220525
0.0225883
0.0231215
0.0236334
0.0241684
0.0247176
0.0252587
0.0258374
0.0264357
0.0269958
0.0275789
0.0282608
0.0288652
0.0294448
0.0301168
0.0308411
0.0314682
0.0321293
0.0328695
0.0335924
0.0343065
0.0350448
0.0358292
0.036589
0.0373964
0.0381946
0.0390337
0.0398615
0.0407262
0.0416153
0.0424936
0.0434167
0.0443332
0.0452932
0.0462579
0.0472243
0.0482592
0.0492564
0.0503115
0.0513824
0.0524494
0.0535634
0.0546161
0.0556045
0.0563477
0.00621292
0.00662641
0.00713036
0.00761403
0.00803813
0.00836798
0.00860691
0.00875704
0.00883515
0.00887194
0.00887793
0.00890709
0.0089611
0.00903988
0.00913803
0.0092548
0.00940782
0.0095592
0.00972156
0.00991467
0.0101332
0.0103722
0.0106094
0.010846
0.0110481
0.011243
0.0114727
0.0117382
0.0120224
0.0122847
0.0125413
0.0128197
0.0130714
0.0133489
0.0136633
0.013985
0.0143516
0.0146986
0.0149786
0.015271
0.0156515
0.016099
0.0165202
0.0168234
0.0170882
0.0175661
0.018143
0.0184443
0.0187333
0.0193258
0.0198255
0.0201194
0.0206036
0.0211911
0.0216248
0.0220661
0.0225927
0.0231298
0.0236446
0.0241766
0.024728
0.0252676
0.02584
0.0264448
0.0270073
0.0275795
0.0282651
0.0288782
0.0294504
0.0301185
0.0308499
0.0314758
0.0321345
0.0328763
0.0336005
0.0343138
0.035052
0.0358359
0.0365958
0.0374035
0.0382012
0.0390386
0.0398676
0.0407328
0.0416198
0.042498
0.0434219
0.0443385
0.0452971
0.0462629
0.0472304
0.048265
0.0492627
0.0503185
0.0513909
0.052459
0.0535739
0.0546278
0.0556171
0.0563606
0.00623506
0.0066417
0.00713274
0.00760588
0.00801896
0.0083422
0.00857314
0.00872676
0.0088079
0.00885221
0.00886522
0.00888937
0.00894478
0.00902813
0.00913622
0.00925776
0.00941579
0.0095814
0.00974997
0.00994179
0.0101595
0.0103958
0.0106285
0.0108703
0.0110861
0.0112849
0.0115077
0.0117614
0.0120376
0.0123103
0.01257
0.0128438
0.0131072
0.01338
0.0136841
0.0140052
0.0143593
0.0147152
0.0150189
0.0153039
0.0156614
0.0160888
0.0165156
0.0168768
0.0171446
0.0175193
0.0181097
0.0185203
0.0187576
0.0192758
0.0198499
0.0201634
0.0205868
0.0211854
0.0216491
0.0220806
0.0225958
0.0231357
0.0236521
0.0241826
0.0247382
0.0252759
0.0258411
0.026453
0.0270194
0.0275795
0.0282678
0.028891
0.0294573
0.0301202
0.0308563
0.0314835
0.032141
0.0328814
0.033607
0.0343205
0.0350582
0.0358415
0.0366016
0.0374095
0.0382061
0.0390421
0.0398726
0.0407386
0.0416225
0.0425009
0.0434263
0.0443425
0.0452996
0.0462667
0.0472354
0.0482692
0.0492677
0.0503247
0.0513988
0.0524681
0.0535837
0.0546389
0.0556288
0.0563729
0.00631697
0.0067197
0.00720696
0.0076722
0.00807262
0.00838289
0.00859486
0.00873491
0.00881015
0.00885202
0.00887184
0.00889532
0.00895098
0.00903537
0.00915076
0.00927784
0.0094378
0.00961734
0.00979607
0.00998601
0.0101956
0.010432
0.0106597
0.0108977
0.0111251
0.0113306
0.011551
0.0117939
0.0120612
0.0123351
0.0126007
0.0128755
0.0131451
0.0134219
0.0137139
0.0140296
0.0143773
0.0147311
0.015057
0.0153472
0.01568
0.0160909
0.0165138
0.0169065
0.01722
0.0175257
0.0180574
0.0185733
0.0188265
0.0192402
0.0198509
0.0202227
0.020587
0.0211709
0.0216744
0.0221019
0.0226008
0.0231443
0.0236601
0.0241881
0.0247514
0.0252868
0.0258415
0.026463
0.0270342
0.0275805
0.0282687
0.028904
0.0294675
0.0301221
0.0308632
0.0315014
0.0321499
0.0328862
0.0336137
0.0343288
0.035065
0.035848
0.036609
0.0374169
0.0382122
0.0390472
0.0398793
0.0407455
0.0416266
0.0425056
0.0434327
0.0443477
0.0453035
0.0462721
0.0472421
0.0482748
0.0492736
0.0503321
0.0514071
0.0524773
0.0535936
0.0546501
0.0556406
0.0563845
0.00627481
0.00666499
0.00713768
0.00759509
0.00797476
0.00827767
0.00848435
0.00861828
0.00869703
0.00874588
0.0087844
0.00882327
0.0088912
0.00898925
0.00911924
0.0092618
0.0094275
0.00961988
0.00981152
0.0100079
0.0102126
0.0104464
0.0106737
0.0109037
0.011141
0.0113559
0.0115771
0.0118147
0.0120743
0.0123468
0.0126131
0.0128939
0.0131684
0.0134503
0.0137384
0.0140443
0.0143884
0.0147376
0.0150759
0.0153857
0.015701
0.0160907
0.0165117
0.0169065
0.0172647
0.017563
0.0180038
0.018568
0.0188996
0.0192294
0.0198199
0.0202706
0.0206051
0.0211462
0.0216898
0.0221277
0.0226043
0.0231522
0.0236683
0.0241891
0.0247629
0.0252999
0.0258408
0.0264684
0.0270508
0.0275827
0.028265
0.028915
0.0294812
0.030124
0.030865
0.0315116
0.0321608
0.0328895
0.0336193
0.0343383
0.0350715
0.0358535
0.0366155
0.0374227
0.0382164
0.0390513
0.039885
0.0407508
0.0416288
0.0425088
0.0434378
0.0443512
0.0453059
0.0462762
0.0472476
0.0482791
0.0492783
0.0503385
0.0514147
0.0524855
0.0536026
0.0546605
0.0556514
0.0563957
0.00652732
0.00690181
0.00733007
0.00772672
0.00805294
0.00829449
0.00844521
0.00853747
0.0085977
0.00864649
0.00870164
0.00876179
0.00884594
0.00896051
0.00910577
0.00926617
0.00943809
0.00963591
0.00983758
0.0100401
0.010241
0.0104642
0.0106942
0.0109177
0.0111564
0.0113828
0.0116059
0.0118436
0.0120948
0.0123654
0.0126312
0.0129158
0.0131978
0.0134795
0.0137701
0.0140677
0.0144038
0.0147505
0.0150888
0.0154198
0.015733
0.0160978
0.016518
0.0169075
0.0172889
0.0176223
0.0179965
0.0185353
0.0189574
0.0192616
0.0197841
0.0202967
0.0206441
0.0211259
0.0216915
0.0221568
0.0226097
0.0231573
0.02368
0.0241891
0.0247709
0.0253167
0.0258427
0.026469
0.0270686
0.0275908
0.0282587
0.0289235
0.0295
0.0301269
0.030861
0.0315219
0.0321727
0.0328892
0.0336219
0.0343476
0.0350777
0.0358583
0.0366225
0.0374291
0.0382212
0.0390563
0.0398917
0.0407566
0.041632
0.0425135
0.0434445
0.0443555
0.045309
0.0462814
0.0472538
0.048284
0.0492833
0.0503453
0.0514224
0.0524937
0.0536115
0.0546708
0.0556617
0.0564056
0.00628869
0.0066191
0.00702332
0.00741575
0.0077646
0.00805837
0.00828188
0.00841535
0.00850383
0.00858205
0.00866663
0.00875324
0.00885421
0.00897805
0.00912823
0.00929449
0.00946605
0.00965717
0.00985897
0.0100644
0.0102645
0.0104775
0.0107062
0.0109307
0.0111647
0.0114021
0.0116285
0.011867
0.0121138
0.0123804
0.0126497
0.0129317
0.013222
0.0135024
0.0137964
0.014095
0.014418
0.0147653
0.0150996
0.0154444
0.0157695
0.0161115
0.0165228
0.0169071
0.0172947
0.0176704
0.0180189
0.0184975
0.0189776
0.0193158
0.0197644
0.0202974
0.0206927
0.0211236
0.0216822
0.0221854
0.0226241
0.023161
0.0236946
0.0241926
0.0247721
0.0253343
0.0258503
0.0264644
0.0270831
0.0276053
0.0282499
0.0289262
0.029523
0.0301312
0.0308539
0.0315367
0.0321911
0.0328912
0.0336258
0.0343604
0.0350866
0.0358646
0.03663
0.037435
0.0382261
0.0390619
0.0398983
0.0407618
0.0416345
0.0425177
0.0434504
0.0443593
0.0453119
0.0462864
0.0472598
0.0482886
0.0492882
0.050352
0.0514298
0.0525012
0.0536193
0.0546813
0.0556713
0.0564152
0.00742867
0.00738971
0.00729914
0.00724489
0.00724786
0.00733029
0.0074889
0.00770119
0.00793342
0.00815363
0.00836243
0.00855488
0.00873776
0.00891583
0.00909771
0.00928546
0.00946599
0.00965407
0.0098517
0.0100609
0.0102651
0.0104737
0.0106961
0.0109234
0.0111528
0.0113945
0.0116297
0.0118698
0.0121211
0.0123844
0.0126602
0.0129388
0.0132309
0.0135166
0.0138084
0.0141159
0.0144253
0.0147688
0.0151031
0.0154499
0.0157969
0.0161259
0.0165203
0.0169058
0.0172926
0.0176992
0.0180541
0.0184738
0.0189645
0.0193605
0.0197658
0.0202744
0.0207246
0.021136
0.0216591
0.0221985
0.022643
0.0231573
0.0237054
0.024201
0.0247651
0.0253489
0.0258659
0.0264556
0.0270929
0.027626
0.0282405
0.0289236
0.0295478
0.0301386
0.0308408
0.0315461
0.0322068
0.0328871
0.0336234
0.0343683
0.0350922
0.0358682
0.0366351
0.0374383
0.0382293
0.0390668
0.0399034
0.0407655
0.0416367
0.0425216
0.0434555
0.0443621
0.0453139
0.0462905
0.0472645
0.0482921
0.0492917
0.0503573
0.0514361
0.0525078
0.0536261
0.0546893
0.0556793
0.0564228
0.00636465
0.00663582
0.00698001
0.00730456
0.00758576
0.00780324
0.00795822
0.00806844
0.00816576
0.0082742
0.0084102
0.00856462
0.0087281
0.00890334
0.00908931
0.00928962
0.0094832
0.009678
0.00987539
0.0100854
0.0102971
0.0105054
0.0107192
0.0109404
0.0111656
0.0114006
0.0116408
0.0118836
0.0121391
0.0124048
0.0126806
0.0129598
0.0132443
0.0135377
0.0138288
0.0141409
0.0144486
0.0147786
0.0151212
0.0154609
0.0158212
0.0161549
0.0165216
0.0169115
0.0172946
0.0177132
0.0180945
0.0184751
0.0189483
0.0193902
0.0197944
0.0202638
0.0207419
0.0211749
0.0216504
0.0222006
0.0226774
0.0231581
0.0237128
0.0242244
0.0247546
0.0253575
0.0258935
0.0264447
0.0270963
0.0276546
0.0282313
0.0289164
0.0295803
0.0301491
0.030829
0.031562
0.0322311
0.0328906
0.033627
0.034382
0.0351032
0.0358767
0.0366439
0.037444
0.038235
0.0390747
0.0399108
0.0407705
0.0416404
0.0425273
0.043462
0.0443666
0.0453178
0.0462962
0.0472709
0.0482972
0.049297
0.050364
0.0514431
0.0525144
0.0536355
0.0547054
0.0556872
0.0564304
0.00753597
0.00741501
0.00722957
0.00706957
0.00697771
0.00697774
0.00708019
0.00726483
0.00750969
0.00778228
0.00806032
0.00833536
0.00859567
0.00884251
0.00906889
0.0092864
0.0094886
0.00968238
0.00987453
0.0100758
0.0102886
0.0104976
0.0107071
0.0109244
0.0111487
0.0113823
0.0116247
0.0118763
0.0121358
0.0124096
0.0126854
0.0129651
0.0132456
0.0135392
0.0138374
0.0141455
0.0144594
0.0147787
0.015124
0.0154667
0.0158214
0.0161754
0.0165229
0.0169091
0.0173001
0.0177104
0.0181208
0.0184859
0.0189314
0.0193964
0.0198122
0.0202618
0.020732
0.0211973
0.0216529
0.0221779
0.0227006
0.0231638
0.0237001
0.0242503
0.0247474
0.0253461
0.0259268
0.026438
0.0270825
0.0276869
0.028226
0.0288944
0.0296052
0.0301577
0.0308053
0.0315648
0.0322499
0.0328863
0.0336208
0.034387
0.0351069
0.0358788
0.0366476
0.037445
0.0382355
0.039078
0.0399142
0.0407724
0.0416409
0.0425293
0.0434651
0.044368
0.0453185
0.0462983
0.0472737
0.048299
0.0492987
0.0503671
0.051447
0.0525182
0.0536361
0.054689
0.055691
0.0564348
0.00711744
0.00695534
0.00674506
0.00659364
0.00655007
0.00661161
0.00678157
0.00703929
0.0073516
0.00768097
0.00800067
0.00830512
0.00858859
0.00885151
0.00908736
0.00930452
0.00950485
0.00969361
0.00988143
0.0100792
0.0102893
0.0104981
0.0107049
0.0109205
0.0111425
0.0113762
0.0116184
0.0118738
0.012136
0.012412
0.0126901
0.0129683
0.0132502
0.0135419
0.0138442
0.0141515
0.014466
0.0147858
0.0151257
0.0154746
0.0158229
0.0161834
0.0165321
0.0169066
0.017308
0.0177116
0.018131
0.0185052
0.0189307
0.0194025
0.0198285
0.0202756
0.0207375
0.0212114
0.0216784
0.0221774
0.0227124
0.0231898
0.0236972
0.0242666
0.0247678
0.0253357
0.0259446
0.0264585
0.0270687
0.0277034
0.0282527
0.0288796
0.0296145
0.0301936
0.0308068
0.0315652
0.0322724
0.0329006
0.0336257
0.0343984
0.0351192
0.0358881
0.0366577
0.0374535
0.038242
0.0390854
0.0399219
0.0407792
0.0416465
0.0425348
0.0434715
0.044374
0.0453237
0.0463037
0.0472799
0.0483046
0.0493041
0.050373
0.0514533
0.0525248
0.0536427
0.0546998
0.0556976
0.0564406
)
;

boundaryField
{
    zeroGradientPlanes
    {
        type            zeroGradient;
    }
    inlet
    {
        type            zeroGradient;
    }
    plate
    {
        type            zeroGradient;
    }
    frontAndBack
    {
        type            empty;
    }
}


// ************************************************************************* //
