/*--------------------------------*- C++ -*----------------------------------*\
| =========                 |                                                 |
| \\      /  F ield         | OpenFOAM: The Open Source CFD Toolbox           |
|  \\    /   O peration     | Version:  v1912                                 |
|   \\  /    A nd           | Website:  www.openfoam.com                      |
|    \\/     M anipulation  |                                                 |
\*---------------------------------------------------------------------------*/
FoamFile
{
    version     2.0;
    format      ascii;
    class       volScalarField;
    location    "7.4";
    object      p;
}
// * * * * * * * * * * * * * * * * * * * * * * * * * * * * * * * * * * * * * //

dimensions      [0 2 -2 0 0 0 0];


internalField   nonuniform List<scalar> 
9600
(
1.24175e-10
0.00147507
-0.00766351
0.000467054
0.00863944
0.00335906
0.00336646
0.00689226
0.00468278
0.00671504
0.00524796
0.0052525
0.0069793
0.00553172
0.00501562
0.00679565
0.00694753
0.00868755
0.00679544
0.0104441
1.63205e-06
0.00144662
-0.00763668
0.000476238
0.00859515
0.00337969
0.00338084
0.00687342
0.00469871
0.0066524
0.0052524
0.00526951
0.00694846
0.00558966
0.0050335
0.00679429
0.00696529
0.0084515
0.00696322
0.0102132
5.25211e-07
0.00141311
-0.00761369
0.000488627
0.0085654
0.00339396
0.00337703
0.00684849
0.00471072
0.00659286
0.00527315
0.00530026
0.00691989
0.00561211
0.00505124
0.00678097
0.00698834
0.00834568
0.00707458
0.00993124
-3.16923e-06
0.00137569
-0.00758775
0.000529818
0.00853563
0.00340504
0.00337761
0.00682276
0.0047196
0.00653147
0.00530096
0.00534438
0.00687814
0.00564942
0.00506962
0.00676087
0.00702138
0.00822206
0.00715401
0.00965625
-9.2815e-06
0.00133736
-0.00754908
0.000595223
0.0084937
0.00341801
0.00337958
0.00679558
0.00472893
0.00646463
0.00533242
0.00538938
0.00682534
0.00569384
0.00509149
0.0067369
0.00705896
0.00809804
0.00721068
0.0093986
-1.75609e-05
0.00130295
-0.00748859
0.00066687
0.00842987
0.00343567
0.00339244
0.00676699
0.00473977
0.00639233
0.00536535
0.00542968
0.0067703
0.00574009
0.00511811
0.0067118
0.0071014
0.00797833
0.00724919
0.00916055
-2.73714e-05
0.00127604
-0.0073995
0.00073275
0.00834412
0.00345856
0.00341223
0.0067375
0.00475219
0.00631648
0.00539918
0.00546669
0.00671642
0.00578115
0.00514904
0.00668723
0.00714756
0.00786608
0.00727197
0.00893892
-3.80001e-05
0.00125812
-0.00727803
0.000788656
0.00823898
0.00348485
0.00343778
0.00670755
0.00476613
0.0062392
0.00543466
0.00550198
0.00666303
0.0058208
0.00518233
0.00666275
0.0071949
0.007764
0.0072803
0.00873161
-4.88192e-05
0.00124886
-0.00712384
0.000835402
0.00811919
0.00351168
0.00346796
0.00667766
0.00478174
0.00616197
0.0054724
0.00553607
0.00660902
0.00585494
0.00521546
0.00663787
0.0072411
0.00767247
0.00727368
0.00853848
-5.93491e-05
0.00124763
-0.00694028
0.00087594
0.00798957
0.00353653
0.00350169
0.00664826
0.00479936
0.00608548
0.00551246
0.00556909
0.00655411
0.00588321
0.00524709
0.00661318
0.00728347
0.00758905
0.00725261
0.00835995
-6.92691e-05
0.00125346
-0.00673317
0.000912743
0.0078533
0.00355793
0.00353795
0.00661928
0.00481925
0.0060098
0.00555442
0.00560118
0.00649854
0.00590626
0.00527706
0.00658918
0.00731959
0.00751156
0.00721848
0.0081934
-7.84058e-05
0.00126126
-0.00650909
0.000946897
0.0077119
0.00357536
0.00357583
0.00659027
0.00484141
0.00593468
0.00559768
0.00563245
0.00644275
0.00592553
0.00530527
0.00656576
0.00734841
0.00743888
0.0071711
0.00803315
-8.66734e-05
0.00127208
-0.00627382
0.000978562
0.00756603
0.00358887
0.00361472
0.00656075
0.00486571
0.00585984
0.00564153
0.00566295
0.00638717
0.00594234
0.00533137
0.00654304
0.00737003
0.00736915
0.00711021
0.00787489
-9.39482e-05
0.00128518
-0.00603159
0.00100775
0.00741615
0.0035988
0.0036543
0.00653046
0.00489193
0.00578503
0.00568519
0.00569288
0.00633197
0.00595774
0.00535515
0.00652111
0.00738456
0.00729996
0.00703893
0.00771792
-0.000100055
0.00129977
-0.00578493
0.00103471
0.00726287
0.00360564
0.00369448
0.00649942
0.0049199
0.00571008
0.0057279
0.00572259
0.00627704
0.00597274
0.00537669
0.00649918
0.00739263
0.00722971
0.0069606
0.00756331
-0.000104813
0.00131516
-0.00553512
0.00106007
0.00710709
0.00361011
0.00373523
0.00646773
0.00494947
0.00563499
0.00576891
0.00575266
0.00622233
0.00598805
0.0053964
0.00647623
0.0073959
0.0071576
0.00687578
0.00741181
-0.000108027
0.00133071
-0.00528258
0.00108468
0.00694976
0.00361291
0.00377651
0.00643556
0.00498048
0.00555988
0.00580748
0.00578397
0.00616786
0.0060039
0.00541506
0.00645101
0.00739634
0.00708367
0.00678404
0.00726504
-0.000109481
0.00134582
-0.00502734
0.00110949
0.00679183
0.00361459
0.00381811
0.00640306
0.00501286
0.00548496
0.00584288
0.00581757
0.00611353
0.00602022
0.00543386
0.0064217
0.00739544
0.0070094
0.00668485
0.00712546
-0.000108949
0.00136011
-0.0047692
0.00113516
0.00663416
0.00361569
0.00385974
0.00637031
0.00504652
0.00541062
0.00587431
0.00585452
0.00605943
0.00603626
0.00545432
0.00638668
0.00739337
0.00693685
0.00657712
0.00699477
-0.0001062
0.00137337
-0.00450789
0.00116209
0.00647742
0.00361661
0.00390101
0.00633737
0.00508127
0.00533726
0.00590102
0.0058956
0.00600564
0.00605067
0.00547828
0.00634467
0.00738895
0.00686893
0.00645962
0.00687268
-0.000100992
0.00138549
-0.00424322
0.00119043
0.00632208
0.00361752
0.00394141
0.00630435
0.00511693
0.00526529
0.00592229
0.00594128
0.00595209
0.00606167
0.00550742
0.00629513
0.00738048
0.00680889
0.00633139
0.00675672
-9.30789e-05
0.0013965
-0.00397519
0.0012201
0.00616839
0.00361848
0.00398041
0.00627135
0.00515336
0.00519512
0.00593734
0.0059917
0.0058991
0.00606716
0.00554272
0.00623864
0.00736538
0.00675946
0.00619303
0.00664292
-8.22186e-05
0.00140645
-0.00370398
0.00125083
0.00601647
0.00361969
0.00401749
0.00623833
0.00519045
0.00512713
0.00594537
0.00604684
0.00584736
0.00606506
0.00558463
0.00617667
0.0073405
0.00672164
0.00604665
0.00652551
-6.81704e-05
0.00141539
-0.00343001
0.00128245
0.00586643
0.00362136
0.00405218
0.00620516
0.00522815
0.00506166
0.00594564
0.00610643
0.00579798
0.00605346
0.00563318
0.00611155
0.00730251
0.00669787
0.00589637
0.00639701
-5.06996e-05
0.00142339
-0.00315384
0.00131485
0.00571834
0.00362374
0.00408402
0.00617168
0.00526659
0.00499914
0.00593746
0.00616983
0.00575255
0.00603103
0.00568754
0.00604622
0.00724782
0.0066897
0.00574969
0.0062498
-2.9575e-05
0.0014305
-0.0028761
0.00134809
0.0055723
0.00362726
0.00411272
0.00613762
0.00530586
0.00493999
0.00592029
0.00623629
0.00571285
0.00599678
0.00574591
0.00598431
0.00717398
0.00669455
0.00561617
0.00607786
-4.57901e-06
0.0014368
-0.0025975
0.00138234
0.00542839
0.00363245
0.00413815
0.00610251
0.00534602
0.00488462
0.00589366
0.00630495
0.00568073
0.00594978
0.00580606
0.00592995
0.00708019
0.00670742
0.00550568
0.00587958
2.44756e-05
0.00144247
-0.00231874
0.00141781
0.00528667
0.00363984
0.00416031
0.00606568
0.00538716
0.00483381
0.00585697
0.00637463
0.00565811
0.00588954
0.00586566
0.00588713
0.00697029
0.00672071
0.00542778
0.00566094
5.77505e-05
0.00144777
-0.00204058
0.00145483
0.00514715
0.00364992
0.00417934
0.00602641
0.00542942
0.00478842
0.0058097
0.0064439
0.00564698
0.00581619
0.00592179
0.00585942
0.00684031
0.00672551
0.00538968
0.00543567
9.53715e-05
0.00145303
-0.00176379
0.00149378
0.00500984
0.00366301
0.00419558
0.00598393
0.00547256
0.00474955
0.00575169
0.00651097
0.00564915
0.00573054
0.00597017
0.00584993
0.00669748
0.00671354
0.0053936
0.00522209
0.000137446
0.00145863
-0.00148921
0.00153508
0.00487481
0.00367927
0.00420977
0.00593725
0.00551593
0.00471855
0.00568313
0.00657344
0.0056664
0.00563387
0.00600576
0.00586197
0.0065486
0.00667654
0.00543376
0.00503986
0.000184024
0.00146509
-0.00121772
0.00157908
0.0047422
0.0036987
0.00422288
0.00588579
0.00555864
0.00469644
0.00560464
0.00662865
0.00570069
0.00552802
0.00602324
0.00589824
0.0064032
0.00660687
0.00549543
0.00490979
0.000235099
0.00147297
-0.000950145
0.00162613
0.00461226
0.00372091
0.00423614
0.0058295
0.0055993
0.0046842
0.00551758
0.00667343
0.00575332
0.00541629
0.00601695
0.00595818
0.00627082
0.00650189
0.00556104
0.00484516
0.000290644
0.00148283
-0.000687331
0.00167657
0.00448546
0.00374502
0.0042508
0.00576842
0.00563613
0.0046828
0.00542398
0.00670384
0.0058241
0.00530419
0.00598192
0.00603605
0.00616285
0.0063671
0.00561288
0.0048431
0.000350585
0.0014952
-0.000429981
0.00173064
0.00436243
0.00376994
0.0042677
0.00570358
0.00566751
0.00469246
0.00532627
0.00671656
0.00591163
0.00519829
0.0059147
0.00612384
0.00608933
0.00621239
0.005636
0.004888
0.000414838
0.00151065
-0.000178698
0.0017884
0.00424386
0.00379482
0.00428742
0.00563664
0.00569197
0.00471278
0.00522714
0.0067088
0.00601314
0.00510585
0.00581317
0.00621138
0.00605921
0.00604973
0.00562037
0.00495999
0.000483344
0.00152965
6.60195e-05
0.00184971
0.00413068
0.00381901
0.00431012
0.00556952
0.00570835
0.00474271
0.00512962
0.00667801
0.00612392
0.00503596
0.00567788
0.0062846
0.00608006
0.00589428
0.00556215
0.00504013
0.000556011
0.00155256
0.000303973
0.00191436
0.00402375
0.00384216
0.0043353
0.0055038
0.00571641
0.00478066
0.0050364
0.0066235
0.00623727
0.00499729
0.00551532
0.00632671
0.00615135
0.00576284
0.00546104
0.0051101
0.000632779
0.00157961
0.000535079
0.00198207
0.00392362
0.00386429
0.00436225
0.00544039
0.00571657
0.00482533
0.00494934
0.00654559
0.00634671
0.00499435
0.00533555
0.00632248
0.006261
0.00567942
0.00532562
0.00514731
0.000713663
0.00161089
0.000759371
0.00205255
0.00383046
0.00388591
0.00439013
0.00538029
0.00570964
0.00487534
0.0048704
0.00644538
0.00644582
0.00502833
0.00515119
0.00626232
0.00638835
0.00566957
0.00518373
0.00513301
0.000798697
0.00164641
0.000976866
0.00212582
0.00374417
0.00390771
0.00441908
0.00532367
0.00569602
0.00492987
0.00480111
0.00632467
0.00652878
0.00509652
0.00497507
0.00614799
0.00650541
0.00572792
0.00507152
0.00507503
0.000888016
0.00168588
0.00118746
0.00219926
0.003664
0.00393008
0.00444999
0.00526941
0.00567598
0.00498795
0.00474316
0.00618648
0.00659094
0.0051945
0.00481604
0.00598326
0.0065896
0.00583953
0.00501501
0.00500366
0.000981697
0.00172911
0.00139093
0.00228015
0.00358935
0.00395315
0.00448405
0.00521652
0.00564917
0.00504868
0.00469981
0.00603488
0.00662619
0.00531711
0.00469044
0.00577421
0.00661927
0.00598154
0.00501856
0.00495043
0.00107997
0.00177586
0.00158678
0.00236641
0.00351953
0.00397608
0.00452354
0.00516523
0.00561385
0.00511191
0.00467215
0.00587476
0.00663255
0.00545413
0.00462427
0.00555912
0.00659614
0.00614265
0.005076
0.004875
0.00118295
0.00182617
0.0017744
0.0024592
0.00345407
0.003997
0.00457024
0.00511751
0.00556917
0.00517439
0.00466496
0.0057128
0.00660447
0.00560297
0.00461543
0.00535971
0.00652286
0.00628234
0.00516495
0.00477417
0.00129076
0.00188011
0.00195295
0.00255946
0.00339354
0.00401225
0.00462554
0.00507566
0.00551211
0.00523304
0.00468318
0.0055541
0.0065387
0.00575374
0.00465906
0.00518983
0.00641088
0.00640135
0.00527914
0.0046555
0.00140359
0.00193778
0.00212176
0.00266759
0.00334042
0.00401814
0.00468843
0.00504788
0.00544251
0.00528414
0.00472478
0.00541222
0.00644166
0.00587782
0.00474319
0.00502935
0.00621802
0.006424
0.00541118
0.00466265
0.00152117
0.00199971
0.00227994
0.00278342
0.00329708
0.00401198
0.00478275
0.00504184
0.00536487
0.00531847
0.00479006
0.00529377
0.00631062
0.00597808
0.00488373
0.00493509
0.00601348
0.00640943
0.00553926
0.00463965
0.00164374
0.00206633
0.00242672
0.00290607
0.00326677
0.0039912
0.00485379
0.00506246
0.00528407
0.00532963
0.0048743
0.00520814
0.00615692
0.00602822
0.00502629
0.00488617
0.00580038
0.00631229
0.00564306
0.0047123
0.00177116
0.00213797
0.00256156
0.00303396
0.00325343
0.00395608
0.004916
0.00511007
0.00521009
0.00531438
0.00496649
0.00516038
0.00598989
0.00602277
0.00516443
0.00488284
0.00559827
0.00617463
0.00572447
0.00485044
0.00190304
0.00221525
0.00268404
0.00316535
0.00326006
0.00390878
0.00496059
0.00518215
0.00515628
0.00527449
0.00504878
0.00514592
0.00583278
0.0059761
0.00527779
0.00491217
0.0054383
0.00602296
0.00577941
0.00500966
0.00203943
0.0022985
0.00279428
0.00329761
0.00328924
0.0038542
0.00498141
0.00527198
0.00513135
0.00521607
0.00510577
0.00515911
0.00570585
0.00589966
0.00535414
0.00496828
0.00532924
0.00586641
0.00580464
0.00517532
0.00217928
0.00238851
0.00289307
0.0034275
0.00334279
0.00379894
0.00497258
0.00536583
0.005142
0.00515061
0.00513243
0.00519008
0.00561264
0.00581486
0.00540171
0.00502919
0.00526189
0.00572388
0.00579704
0.00534135
0.00232205
0.00248606
0.0029818
0.00355147
0.00342085
0.00374977
0.00493215
0.00545225
0.00518802
0.005092
0.00513068
0.00522533
0.00555392
0.00573643
0.00542474
0.00508007
0.00523389
0.00562015
0.00575158
0.00548193
0.00246645
0.0025917
0.00306285
0.00366595
0.00352166
0.00371509
0.00486279
0.00551598
0.00526439
0.00505656
0.00510872
0.00525236
0.00552298
0.00567217
0.00543384
0.0051247
0.00522489
0.00555452
0.00568647
0.00556794
0.00261136
0.00270566
0.00313937
0.00376806
0.00364078
0.00370159
0.00476646
0.00554787
0.0053619
0.00505404
0.00507716
0.00526308
0.00551094
0.00562869
0.00543904
0.00516495
0.00521471
0.00551379
0.00564268
0.00560127
0.0027558
0.00282761
0.00321468
0.00385601
0.00377088
0.00371476
0.00465584
0.00554057
0.00546081
0.00508594
0.00505097
0.00525992
0.0055078
0.00560553
0.00544632
0.00520466
0.00520636
0.00548131
0.00563398
0.00561116
0.00289902
0.00295666
0.00329228
0.00392903
0.00390361
0.0037596
0.00455774
0.00549165
0.00554579
0.00515139
0.00504274
0.00524738
0.00550463
0.00559806
0.0054607
0.00524878
0.0052098
0.00543763
0.00563546
0.00563696
0.00304046
0.00309142
0.00337457
0.00398819
0.00403039
0.00383693
0.004476
0.00540328
0.00560211
0.00524195
0.00505978
0.00523076
0.0054971
0.0056022
0.00548333
0.00529579
0.00523307
0.0053956
0.00562623
0.0056886
0.00317952
0.00323024
0.0034628
0.00403685
0.00414482
0.00394019
0.0044207
0.00529278
0.00562106
0.00534092
0.00510597
0.00522132
0.00548249
0.00561045
0.00551432
0.00534275
0.0052756
0.00537919
0.00559677
0.00573374
0.00331577
0.00337105
0.0035576
0.0040788
0.00424412
0.00405702
0.00439766
0.00518529
0.00560603
0.0054307
0.00517665
0.00522751
0.00546248
0.00561422
0.00555505
0.00539413
0.00532159
0.00539183
0.00556912
0.00575566
0.00344898
0.00351152
0.00365902
0.00411829
0.00432766
0.00417751
0.00440652
0.00509335
0.00556529
0.00550044
0.00526046
0.00525288
0.00544693
0.00560951
0.00559862
0.00545819
0.00536582
0.00542051
0.0055686
0.00576442
0.00357896
0.00364947
0.00376631
0.00415936
0.00439654
0.00429876
0.00444215
0.00502399
0.00551031
0.00554752
0.00534907
0.00529677
0.00544393
0.00559994
0.00563075
0.00553456
0.00542395
0.0054515
0.00558845
0.00577518
0.00370553
0.00378328
0.003878
0.0042051
0.00445378
0.00441038
0.00449645
0.00498085
0.00545329
0.00557328
0.0054347
0.00535543
0.00545486
0.00559634
0.00564838
0.00560733
0.00550569
0.00548871
0.00561155
0.00579822
0.0038285
0.00391201
0.00399205
0.00425723
0.00450314
0.00451154
0.00458516
0.00496424
0.00540407
0.00558206
0.00550937
0.00542472
0.00547927
0.00560425
0.0056644
0.00566004
0.00559677
0.0055493
0.0056398
0.00583039
0.00394778
0.004035
0.00410619
0.00431632
0.00454795
0.00459959
0.004661
0.00497017
0.00536799
0.00558132
0.00556991
0.00549851
0.0055171
0.00562081
0.00568946
0.00569931
0.00567613
0.00563282
0.00568395
0.0058668
0.00406302
0.00415177
0.0042184
0.004382
0.00459118
0.00467578
0.00473908
0.00499475
0.00534658
0.0055791
0.00561985
0.00557066
0.00556867
0.00564481
0.00572035
0.00574221
0.00573649
0.00571847
0.00574874
0.00591074
0.00417399
0.00426202
0.00432676
0.00445302
0.00463499
0.00474226
0.0048158
0.0050326
0.00533953
0.00557881
0.0056626
0.00563821
0.00563122
0.00568205
0.00575129
0.00579123
0.00579171
0.00579228
0.00582506
0.00596695
0.00428009
0.00436557
0.00442993
0.00452778
0.00468058
0.00480047
0.00488966
0.00508053
0.00534733
0.00558322
0.0056999
0.00570114
0.00569861
0.00573703
0.00578745
0.00583873
0.00585289
0.00585793
0.00590049
0.0060306
0.00438075
0.00446202
0.00452647
0.00460413
0.00472982
0.00485263
0.00495687
0.00513419
0.00536958
0.00559597
0.00573328
0.00576052
0.00576646
0.00580577
0.00584002
0.005884
0.00591716
0.00592701
0.00597362
0.00609882
0.00447515
0.00455148
0.00461542
0.00467909
0.00478193
0.00490169
0.00501834
0.00518848
0.00540285
0.00561935
0.00576537
0.00581779
0.00583537
0.00587946
0.00591354
0.00593815
0.00598003
0.00600259
0.00604916
0.00617145
0.00456211
0.00463299
0.00469662
0.0047512
0.00482834
0.00494685
0.0050753
0.00524214
0.00544202
0.0056524
0.00580038
0.00587396
0.00590841
0.00595471
0.00600084
0.00601474
0.00604818
0.0060832
0.00612978
0.0062478
0.00464049
0.00470665
0.00476875
0.00482191
0.00488259
0.00499085
0.00512541
0.00529447
0.00548426
0.00568943
0.00583949
0.00593052
0.00598669
0.00603597
0.00609481
0.00611668
0.00613821
0.00617659
0.00622353
0.00633279
0.00470848
0.0047715
0.00483234
0.00488068
0.00493402
0.00503628
0.00517085
0.00533999
0.00552985
0.0057296
0.00587875
0.00598725
0.00606757
0.00612722
0.00619752
0.00624157
0.0062644
0.00630382
0.00635482
0.00645545
0.00476356
0.00482468
0.00488829
0.0049327
0.00497963
0.00507863
0.0052143
0.00538104
0.00557165
0.00576875
0.00590958
0.00603022
0.00613382
0.00620677
0.0062809
0.00633981
0.00637938
0.00643024
0.00651231
0.0066403
0.00480516
0.00486721
0.00493756
0.00497393
0.00502346
0.00511706
0.00524896
0.00542341
0.00562631
0.00584694
0.00601887
0.00616746
0.00631273
0.00642125
0.0065018
0.00653877
0.00652439
0.00648867
0.00647315
0.00650763
0.00482991
0.00488241
0.00491715
0.00499797
0.00506224
0.00515737
0.00525863
0.00538201
0.00552025
0.00568022
0.00586533
0.00609286
0.0063304
0.00654079
0.00673477
0.00692539
0.00713388
0.00737006
0.0076254
0.00785273
0.00483306
0.00491019
0.00496864
0.00503996
0.00510937
0.00521663
0.00534606
0.00551964
0.00573844
0.0059674
0.00615077
0.00632361
0.00649604
0.00662908
0.00672807
0.00677397
0.00675771
0.00669918
0.00663507
0.00661804
0.00478327
0.00483877
0.00495418
0.00508235
0.00518208
0.00529215
0.00540284
0.00555031
0.00572224
0.00590653
0.00607346
0.00622426
0.00641796
0.00663719
0.00686292
0.00711754
0.00738515
0.00765082
0.00788131
0.00804372
0.00477565
0.0048501
0.0049792
0.00510843
0.00521374
0.00532926
0.00543329
0.00558051
0.0057827
0.00599617
0.00620228
0.0063817
0.00656967
0.00678507
0.0069834
0.00716813
0.00733724
0.00748367
0.00759026
0.00763349
0.0134214
0.00930271
0.00259359
-0.00257906
-0.0034949
-0.00199169
-0.000415245
0.000684375
0.00141424
0.00207985
0.00292826
0.00385452
0.00450803
0.00481004
0.00508089
0.00542151
0.00581791
0.00643818
0.00713262
0.00759291
0.00796013
0.00843912
0.00895334
0.00943069
0.00987438
0.0102492
0.0105974
0.0110052
0.0114613
0.011953
0.0124445
0.0129339
0.0134384
0.0139257
0.0144103
0.0149229
0.0154614
0.0160034
0.0165317
0.0171181
0.0176655
0.0179522
0.0180408
0.0182225
0.0186116
0.0190944
0.0196665
0.0204791
0.0213685
0.0220314
0.0226171
0.0233556
0.0239657
0.0242739
0.0246202
0.0251948
0.0259056
0.0266431
0.0273798
0.0280809
0.0287277
0.0293881
0.0300681
0.0307851
0.0315274
0.0322746
0.0329713
0.033626
0.0343879
0.035307
0.0362001
0.0370339
0.0379034
0.0387762
0.0396772
0.0405561
0.0414805
0.0424154
0.0434299
0.0445052
0.0455393
0.0464972
0.0474566
0.048544
0.0496463
0.050775
0.0519347
0.0531134
0.0541992
0.0553658
0.0565707
0.0577404
0.0590378
0.0603265
0.0615832
0.0629106
0.0641261
0.0654056
0.0665618
0.0675562
0.0129102
0.00918122
0.00268605
-0.00242671
-0.00340235
-0.00194538
-0.000388388
0.000700818
0.00142527
0.00208789
0.00293498
0.0038613
0.00451508
0.00481634
0.0050862
0.00542601
0.00582128
0.00644097
0.00713564
0.00759571
0.0079623
0.00844103
0.00895517
0.00943238
0.00987599
0.0102507
0.0105986
0.0110064
0.0114625
0.0119542
0.0124457
0.012935
0.0134396
0.0139268
0.0144114
0.014924
0.0154625
0.0160044
0.0165325
0.0171189
0.0176666
0.0179533
0.0180417
0.0182232
0.0186123
0.019095
0.019667
0.0204796
0.0213692
0.022032
0.0226175
0.0233561
0.0239664
0.0242745
0.0246205
0.0251952
0.0259059
0.0266435
0.0273802
0.0280812
0.0287281
0.0293884
0.0300684
0.0307854
0.0315277
0.0322748
0.0329715
0.0336262
0.0343881
0.0353072
0.0362003
0.0370341
0.0379036
0.0387764
0.0396774
0.0405563
0.0414807
0.0424156
0.0434301
0.0445054
0.0455395
0.0464974
0.0474567
0.0485441
0.0496464
0.0507751
0.0519348
0.0531136
0.0541993
0.0553659
0.0565708
0.0577405
0.0590379
0.0603266
0.0615833
0.0629107
0.0641262
0.0654056
0.0665618
0.0675562
0.0123644
0.00901366
0.00285398
-0.00215221
-0.00325407
-0.00189128
-0.000357812
0.00072411
0.00144218
0.00210007
0.00294376
0.00386772
0.00452031
0.00482121
0.0050913
0.005431
0.00582518
0.00644411
0.00713869
0.00759831
0.00796436
0.00844294
0.00895693
0.009434
0.00987756
0.010252
0.0105996
0.0110073
0.0114634
0.0119551
0.0124466
0.0129359
0.0134406
0.0139278
0.0144123
0.0149249
0.0154633
0.0160052
0.0165332
0.0171197
0.0176677
0.0179543
0.0180423
0.0182236
0.0186127
0.0190955
0.0196672
0.02048
0.0213699
0.0220326
0.0226177
0.0233566
0.0239671
0.0242749
0.0246207
0.0251954
0.0259062
0.0266438
0.0273805
0.0280815
0.0287284
0.0293886
0.0300686
0.0307856
0.0315279
0.0322751
0.0329718
0.0336264
0.0343882
0.0353074
0.0362005
0.0370342
0.0379037
0.0387765
0.0396775
0.0405564
0.0414808
0.0424157
0.0434302
0.0445055
0.0455396
0.0464975
0.0474568
0.0485442
0.0496465
0.0507752
0.0519349
0.0531137
0.0541994
0.055366
0.0565709
0.0577406
0.059038
0.0603266
0.0615834
0.0629108
0.0641263
0.0654057
0.066562
0.0675563
0.0118424
0.0088529
0.00307247
-0.00180418
-0.00304918
-0.00181084
-0.000307523
0.000764224
0.00147181
0.00212194
0.0029589
0.0038763
0.00452507
0.00482569
0.00509754
0.00543865
0.00583219
0.00644936
0.00714268
0.00760162
0.00796736
0.0084458
0.00895948
0.00943635
0.00987984
0.0102537
0.0106007
0.0110084
0.0114644
0.011956
0.0124474
0.0129367
0.0134413
0.0139286
0.0144131
0.0149257
0.0154642
0.0160061
0.016534
0.0171206
0.017669
0.0179555
0.0180428
0.0182239
0.0186132
0.0190959
0.0196673
0.0204804
0.0213708
0.0220333
0.0226179
0.0233572
0.0239681
0.0242754
0.0246208
0.0251956
0.0259065
0.0266442
0.0273808
0.0280819
0.0287287
0.0293889
0.0300689
0.0307858
0.0315281
0.0322753
0.0329721
0.0336265
0.0343883
0.0353075
0.0362007
0.0370344
0.0379039
0.0387767
0.0396777
0.0405565
0.0414809
0.0424158
0.0434303
0.0445056
0.0455398
0.0464976
0.0474569
0.0485443
0.0496466
0.0507753
0.051935
0.0531138
0.0541995
0.0553661
0.056571
0.0577407
0.059038
0.0603267
0.0615835
0.0629109
0.0641264
0.0654058
0.0665622
0.0675564
0.0113447
0.00869518
0.00330164
-0.00143498
-0.00281997
-0.00171723
-0.00024691
0.000816784
0.00151389
0.00215482
0.0029819
0.00388823
0.00453017
0.00483052
0.00510561
0.0054498
0.00584337
0.00645741
0.00714778
0.00760594
0.00797182
0.0084499
0.00896298
0.00943977
0.00988331
0.0102565
0.0106026
0.01101
0.0114658
0.0119571
0.0124483
0.0129374
0.0134419
0.0139292
0.0144139
0.0149265
0.0154649
0.0160069
0.0165349
0.0171218
0.0176707
0.0179569
0.0180435
0.0182242
0.0186138
0.0190963
0.0196673
0.0204808
0.0213721
0.022034
0.0226181
0.0233579
0.0239692
0.0242759
0.0246209
0.0251958
0.0259069
0.0266446
0.0273813
0.0280824
0.028729
0.0293892
0.0300692
0.0307861
0.0315284
0.0322756
0.0329724
0.0336267
0.0343883
0.0353077
0.036201
0.0370346
0.0379041
0.0387769
0.0396779
0.0405567
0.0414811
0.042416
0.0434303
0.0445058
0.04554
0.0464978
0.0474569
0.0485444
0.0496468
0.0507754
0.0519351
0.0531139
0.0541996
0.0553661
0.0565711
0.0577407
0.0590381
0.0603269
0.0615836
0.062911
0.0641265
0.065406
0.0665625
0.0675566
0.0108658
0.0085266
0.00352227
-0.00106085
-0.00257625
-0.00161683
-0.000183891
0.000874299
0.00156329
0.00219534
0.00301076
0.00390279
0.00453601
0.00483648
0.00511602
0.00546459
0.00585871
0.00646804
0.0071537
0.00761127
0.00797801
0.00845541
0.00896731
0.009444
0.00988783
0.0102604
0.0106057
0.0110128
0.011468
0.0119587
0.0124495
0.0129381
0.0134422
0.0139296
0.0144145
0.014927
0.0154652
0.0160074
0.0165357
0.0171232
0.0176727
0.0179586
0.0180443
0.0182248
0.0186145
0.0190968
0.0196673
0.0204813
0.0213735
0.0220348
0.0226182
0.0233588
0.0239705
0.0242764
0.0246209
0.025196
0.0259073
0.026645
0.0273818
0.0280829
0.0287294
0.0293895
0.0300695
0.0307864
0.0315287
0.0322759
0.0329727
0.0336268
0.0343883
0.035308
0.0362013
0.0370348
0.0379043
0.0387771
0.0396781
0.0405569
0.0414812
0.0424161
0.0434304
0.044506
0.0455403
0.046498
0.047457
0.0485445
0.0496469
0.0507755
0.0519352
0.0531141
0.0541997
0.0553662
0.0565713
0.0577408
0.0590382
0.060327
0.0615837
0.0629111
0.0641266
0.0654062
0.066563
0.0675568
0.0104038
0.00834473
0.00373114
-0.000683551
-0.00231792
-0.00150929
-0.000119808
0.000934115
0.00161711
0.0022407
0.00304338
0.0039192
0.00454268
0.00484377
0.00512867
0.0054824
0.00587708
0.00648027
0.00715989
0.00761724
0.0079857
0.00846231
0.00897239
0.00944864
0.0098928
0.0102649
0.01061
0.0110171
0.0114716
0.0119612
0.0124515
0.0129393
0.0134425
0.0139299
0.0144151
0.0149273
0.0154649
0.0160071
0.0165361
0.0171246
0.0176749
0.0179605
0.0180455
0.018226
0.0186157
0.0190974
0.0196672
0.0204819
0.021375
0.0220356
0.0226183
0.0233598
0.0239719
0.024277
0.024621
0.0251962
0.0259077
0.0266456
0.0273824
0.0280835
0.0287299
0.0293899
0.03007
0.0307868
0.0315291
0.0322764
0.0329732
0.033627
0.0343884
0.0353083
0.0362017
0.037035
0.0379045
0.0387772
0.0396783
0.0405571
0.0414814
0.0424163
0.0434305
0.0445062
0.0455406
0.0464982
0.047457
0.0485446
0.0496471
0.0507757
0.0519354
0.0531143
0.0541999
0.0553663
0.0565714
0.0577409
0.0590383
0.0603271
0.0615838
0.0629113
0.0641268
0.0654064
0.0665636
0.0675572
0.00996301
0.00815322
0.00392669
-0.00030467
-0.00204424
-0.00139293
-5.4192e-05
0.000995487
0.00167402
0.00228941
0.00307874
0.00393728
0.00455031
0.00485212
0.00514294
0.00550226
0.00589736
0.00649344
0.0071661
0.00762345
0.00799432
0.00847034
0.00897822
0.00945344
0.00989757
0.0102693
0.0106145
0.0110225
0.0114766
0.0119651
0.0124544
0.0129413
0.0134432
0.0139304
0.0144159
0.0149276
0.0154642
0.0160059
0.0165355
0.0171253
0.0176767
0.0179623
0.0180469
0.0182278
0.0186178
0.0190986
0.0196675
0.0204829
0.0213766
0.0220361
0.0226182
0.0233608
0.0239735
0.0242777
0.0246212
0.0251966
0.0259082
0.0266462
0.0273831
0.0280842
0.0287305
0.0293905
0.0300705
0.0307874
0.0315296
0.0322769
0.0329737
0.0336273
0.0343885
0.0353087
0.0362021
0.0370352
0.0379047
0.0387775
0.0396785
0.0405573
0.0414816
0.0424164
0.0434306
0.0445064
0.0455409
0.0464984
0.0474571
0.0485447
0.0496473
0.0507758
0.0519355
0.0531145
0.0542
0.0553664
0.0565716
0.057741
0.0590384
0.0603273
0.0615839
0.0629114
0.0641271
0.0654067
0.0665643
0.0675576
0.00955008
0.00795575
0.00410526
7.22952e-05
-0.00175513
-0.00126562
1.37056e-05
0.00105764
0.00173284
0.00234047
0.0031163
0.00395704
0.004559
0.00486134
0.00515832
0.00552351
0.00591895
0.00650734
0.00717246
0.00762976
0.00800341
0.00847914
0.00898472
0.00945838
0.00990188
0.010273
0.0106187
0.0110283
0.0114827
0.0119701
0.0124584
0.0129439
0.0134444
0.0139314
0.0144173
0.0149282
0.0154634
0.0160041
0.0165339
0.0171247
0.0176776
0.0179635
0.0180483
0.01823
0.0186205
0.0191005
0.0196687
0.0204847
0.0213787
0.0220363
0.0226175
0.0233616
0.0239751
0.0242784
0.0246215
0.0251971
0.0259088
0.0266468
0.0273839
0.0280849
0.0287311
0.0293911
0.0300713
0.0307882
0.0315302
0.0322775
0.0329744
0.0336277
0.0343888
0.0353092
0.0362026
0.0370355
0.037905
0.0387777
0.0396788
0.0405575
0.0414818
0.0424166
0.0434306
0.0445066
0.0455413
0.0464986
0.0474571
0.0485448
0.0496474
0.050776
0.0519357
0.0531147
0.0542002
0.0553666
0.0565718
0.0577411
0.0590385
0.0603275
0.061584
0.0629116
0.0641273
0.0654071
0.0665652
0.0675583
0.00916942
0.00775442
0.00426342
0.000443915
-0.00145114
-0.00112575
8.39732e-05
0.00111936
0.00179244
0.00239328
0.00315586
0.0039785
0.00456883
0.0048714
0.00517468
0.00554603
0.00594188
0.00652217
0.00717917
0.00763624
0.00801281
0.00848844
0.00899168
0.00946337
0.00990568
0.0102758
0.0106221
0.0110339
0.0114892
0.0119762
0.0124634
0.0129471
0.0134459
0.013933
0.0144192
0.0149292
0.0154629
0.0160022
0.0165313
0.0171226
0.0176768
0.0179634
0.0180489
0.0182321
0.0186234
0.0191028
0.0196707
0.020488
0.0213819
0.0220364
0.0226159
0.0233616
0.0239763
0.0242791
0.024622
0.0251979
0.0259095
0.0266475
0.0273846
0.0280856
0.0287316
0.0293917
0.0300721
0.030789
0.0315309
0.0322784
0.0329754
0.0336284
0.0343892
0.0353099
0.0362032
0.037036
0.0379054
0.0387781
0.0396791
0.0405578
0.0414821
0.0424168
0.0434307
0.0445069
0.0455417
0.0464989
0.0474571
0.0485449
0.0496476
0.0507762
0.0519359
0.0531149
0.0542004
0.0553668
0.056572
0.0577412
0.0590386
0.0603277
0.0615842
0.0629117
0.0641277
0.0654076
0.0665663
0.067559
0.00882038
0.00755134
0.0044008
0.000807214
-0.00113505
-0.000973102
0.000156707
0.00118008
0.00185239
0.00244776
0.00319747
0.00400178
0.00457993
0.00488247
0.00519219
0.00557008
0.00596652
0.0065383
0.00718641
0.00764298
0.00802253
0.00849814
0.00899892
0.0094683
0.00990893
0.0102779
0.0106249
0.0110391
0.0114958
0.0119829
0.0124692
0.0129507
0.0134477
0.013935
0.0144218
0.0149307
0.0154627
0.0160004
0.016528
0.0171187
0.0176742
0.0179619
0.0180485
0.0182337
0.0186259
0.0191047
0.0196728
0.0204926
0.0213869
0.022037
0.0226135
0.0233605
0.0239766
0.0242791
0.0246224
0.0251989
0.0259106
0.0266485
0.0273855
0.0280863
0.0287321
0.0293923
0.030073
0.03079
0.0315317
0.0322792
0.0329765
0.0336292
0.0343899
0.0353108
0.036204
0.0370366
0.037906
0.0387786
0.0396795
0.0405582
0.0414824
0.0424169
0.0434307
0.0445071
0.0455423
0.0464992
0.0474572
0.048545
0.0496478
0.0507764
0.0519361
0.0531151
0.0542006
0.055367
0.0565722
0.0577413
0.0590388
0.0603279
0.0615845
0.0629119
0.0641281
0.0654083
0.0665676
0.06756
0.00850044
0.00735117
0.00451907
0.00115743
-0.000811844
-0.00080733
0.000233732
0.00124035
0.00191244
0.00250374
0.00324124
0.00402713
0.00459259
0.00489487
0.00521116
0.00559588
0.00599316
0.00655608
0.0071944
0.00765008
0.00803261
0.0085082
0.00900632
0.00947308
0.00991161
0.0102794
0.0106271
0.0110442
0.0115024
0.0119898
0.0124755
0.0129547
0.0134494
0.0139372
0.0144248
0.0149325
0.0154627
0.0159987
0.016524
0.017113
0.0176697
0.0179587
0.0180468
0.0182345
0.0186277
0.0191053
0.0196738
0.0204974
0.0213934
0.0220384
0.0226102
0.023358
0.0239757
0.0242782
0.0246222
0.0251998
0.0259119
0.0266498
0.0273866
0.0280869
0.0287323
0.0293927
0.0300739
0.0307909
0.0315323
0.0322801
0.0329777
0.0336303
0.0343908
0.0353121
0.036205
0.0370373
0.0379067
0.0387793
0.0396802
0.0405588
0.0414828
0.0424171
0.0434305
0.0445073
0.0455429
0.0464996
0.0474572
0.0485451
0.049648
0.0507766
0.0519362
0.0531152
0.0542008
0.0553672
0.0565724
0.0577414
0.059039
0.0603282
0.0615848
0.0629121
0.0641287
0.0654091
0.0665691
0.0675612
0.0082087
0.0071589
0.00461811
0.00148862
-0.000485374
-0.000626534
0.000317649
0.00130046
0.00197167
0.00256082
0.00328755
0.00405518
0.00460728
0.00490898
0.00523178
0.00562337
0.00602182
0.00657573
0.00720336
0.00765765
0.0080431
0.00851861
0.00901385
0.00947769
0.00991378
0.0102805
0.0106292
0.0110492
0.011509
0.0119968
0.0124822
0.0129589
0.0134512
0.0139395
0.0144282
0.0149346
0.015463
0.0159969
0.0165193
0.0171054
0.0176628
0.0179538
0.0180439
0.0182345
0.0186289
0.0191045
0.0196726
0.0205007
0.0213999
0.0220402
0.0226058
0.0233536
0.0239732
0.024276
0.0246212
0.0252005
0.0259134
0.0266516
0.0273881
0.0280876
0.0287325
0.0293929
0.0300747
0.0307918
0.0315329
0.0322808
0.0329787
0.0336314
0.0343921
0.0353136
0.0362062
0.0370382
0.0379077
0.0387801
0.039681
0.0405597
0.0414835
0.0424173
0.0434302
0.0445073
0.0455435
0.0465002
0.0474575
0.0485452
0.0496481
0.0507767
0.0519363
0.0531153
0.0542009
0.0553675
0.0565727
0.0577416
0.0590391
0.0603284
0.0615851
0.0629123
0.0641293
0.0654101
0.0665709
0.0675626
0.00794322
0.00697582
0.00469715
0.00179808
-0.000156959
-0.000429112
0.000409909
0.00136017
0.00202921
0.00261888
0.0033371
0.00408673
0.00462446
0.00492501
0.00525403
0.0056523
0.00605233
0.00659734
0.00721342
0.00766575
0.00805404
0.00852932
0.00902155
0.00948222
0.00991557
0.0102813
0.0106313
0.0110543
0.0115157
0.0120039
0.0124894
0.0129633
0.0134528
0.0139417
0.014432
0.0149371
0.0154633
0.0159952
0.0165138
0.0170958
0.0176533
0.017947
0.0180399
0.0182339
0.0186296
0.0191024
0.0196688
0.020501
0.0214046
0.0220413
0.0226
0.0233468
0.0239689
0.0242724
0.0246193
0.0252008
0.0259149
0.0266536
0.02739
0.0280885
0.0287325
0.0293929
0.0300754
0.0307927
0.0315334
0.0322813
0.0329796
0.0336324
0.0343934
0.0353155
0.0362077
0.0370393
0.0379087
0.038781
0.039682
0.0405608
0.0414846
0.0424178
0.0434297
0.0445069
0.045544
0.0465009
0.0474579
0.0485455
0.0496483
0.0507768
0.0519363
0.0531153
0.0542011
0.0553677
0.0565729
0.0577417
0.0590392
0.0603286
0.0615855
0.0629125
0.0641301
0.0654113
0.0665728
0.0675643
0.00769914
0.00680106
0.00475928
0.00208671
0.000171154
-0.000215759
0.000511564
0.00142012
0.00208495
0.00267785
0.00339036
0.00412244
0.00464451
0.00494299
0.00527777
0.0056824
0.00608445
0.00662081
0.00722457
0.00767433
0.00806545
0.00854039
0.0090295
0.00948679
0.00991717
0.0102821
0.0106336
0.0110596
0.0115226
0.0120113
0.012497
0.0129681
0.0134543
0.0139439
0.0144361
0.0149398
0.0154636
0.0159932
0.0165075
0.0170843
0.017641
0.0179382
0.0180348
0.0182328
0.0186302
0.0190995
0.0196626
0.0204977
0.0214063
0.0220413
0.0225926
0.0233371
0.023962
0.0242671
0.0246165
0.0252007
0.0259163
0.0266558
0.0273921
0.0280896
0.0287325
0.0293929
0.0300761
0.0307936
0.031534
0.0322818
0.0329802
0.033633
0.0343946
0.0353176
0.0362093
0.0370405
0.03791
0.0387821
0.0396829
0.0405621
0.041486
0.0424187
0.0434292
0.0445062
0.0455442
0.0465015
0.0474585
0.0485461
0.0496487
0.0507769
0.0519362
0.0531152
0.0542012
0.0553679
0.0565732
0.0577419
0.0590393
0.0603288
0.0615858
0.0629126
0.064131
0.0654127
0.066575
0.0675662
0.00747238
0.00663528
0.00480961
0.00235486
0.000494812
1.2262e-05
0.00062482
0.00148212
0.00213894
0.00273713
0.00344723
0.00416263
0.00466776
0.00496292
0.00530283
0.00571349
0.00611798
0.00664592
0.00723673
0.00768341
0.00807748
0.00855197
0.00903773
0.00949148
0.00991896
0.0102825
0.0106366
0.0110653
0.0115298
0.0120191
0.0125052
0.0129733
0.0134559
0.0139461
0.0144405
0.0149427
0.0154638
0.0159911
0.0164991
0.0170713
0.017626
0.0179274
0.0180279
0.0182313
0.0186307
0.0190963
0.0196547
0.0204907
0.0214041
0.0220398
0.0225843
0.0233248
0.0239522
0.0242604
0.0246132
0.0252005
0.0259177
0.0266579
0.0273943
0.0280908
0.0287326
0.0293928
0.0300767
0.0307945
0.0315346
0.0322823
0.0329807
0.0336332
0.0343956
0.0353198
0.036211
0.0370418
0.0379114
0.0387832
0.0396838
0.0405633
0.0414876
0.0424199
0.0434287
0.0445051
0.0455439
0.0465017
0.0474591
0.0485471
0.0496492
0.050777
0.0519359
0.0531149
0.0542012
0.0553681
0.0565734
0.0577422
0.0590395
0.0603289
0.0615862
0.0629127
0.064132
0.0654142
0.0665774
0.0675684
0.0072619
0.00647937
0.00485124
0.00260193
0.00081061
0.0002543
0.000752353
0.00154804
0.00219109
0.00279571
0.00350712
0.00420737
0.00469447
0.00498484
0.00532909
0.00574549
0.00615277
0.00667245
0.00724976
0.00769303
0.00809031
0.00856423
0.00904624
0.00949635
0.00992139
0.0102849
0.0106408
0.0110715
0.0115374
0.0120274
0.0125141
0.0129791
0.0134575
0.0139484
0.014445
0.0149459
0.0154638
0.0159888
0.0164922
0.0170571
0.0176087
0.0179149
0.0180218
0.0182299
0.0186315
0.0190936
0.0196464
0.020481
0.0213984
0.0220372
0.0225762
0.0233108
0.0239398
0.0242526
0.02461
0.0252005
0.0259192
0.0266599
0.0273963
0.028092
0.0287326
0.0293927
0.0300776
0.0307956
0.0315352
0.0322829
0.0329813
0.0336334
0.0343962
0.0353219
0.0362128
0.037043
0.0379128
0.0387845
0.0396847
0.0405643
0.0414892
0.0424214
0.0434284
0.0445035
0.0455431
0.0465015
0.0474596
0.0485482
0.0496501
0.0507771
0.0519355
0.0531143
0.0542012
0.0553682
0.0565736
0.0577424
0.0590397
0.0603291
0.0615864
0.0629125
0.064133
0.0654158
0.06658
0.0675709
0.00706818
0.00633215
0.00488549
0.00282908
0.00111656
0.000508794
0.000896206
0.00161978
0.00224157
0.00285265
0.00356911
0.00425642
0.00472485
0.00500884
0.00535652
0.00577844
0.00618876
0.00670024
0.00726362
0.00770325
0.00810412
0.0085774
0.00905518
0.00950149
0.00992477
0.010289
0.0106464
0.0110784
0.0115453
0.0120361
0.0125235
0.0129855
0.0134595
0.0139508
0.0144497
0.0149493
0.0154636
0.0159863
0.0164856
0.0170429
0.0175899
0.0179013
0.0180162
0.0182291
0.0186329
0.0190922
0.0196391
0.0204702
0.0213902
0.0220345
0.0225692
0.0232965
0.0239256
0.0242443
0.0246075
0.0252013
0.025921
0.0266618
0.027398
0.0280929
0.0287326
0.0293929
0.0300786
0.0307968
0.0315357
0.0322834
0.032982
0.0336337
0.0343967
0.0353237
0.0362144
0.0370442
0.0379142
0.0387859
0.0396856
0.0405653
0.0414907
0.042423
0.0434281
0.0445015
0.0455416
0.0465009
0.0474598
0.0485494
0.0496512
0.0507774
0.051935
0.0531136
0.0542009
0.0553682
0.0565736
0.0577426
0.05904
0.0603293
0.0615867
0.0629122
0.064134
0.0654176
0.0665827
0.0675736
0.00689251
0.0061916
0.00491328
0.00303928
0.00141098
0.000772439
0.00105784
0.00169966
0.00229106
0.00290712
0.00363198
0.00430935
0.00475919
0.00503517
0.00538511
0.0058124
0.00622593
0.00672917
0.00727832
0.00771419
0.00811907
0.00859171
0.00906471
0.00950702
0.00992928
0.0102949
0.0106539
0.0110861
0.0115537
0.0120452
0.0125335
0.0129924
0.0134618
0.0139535
0.0144545
0.0149528
0.0154633
0.0159837
0.0164798
0.0170296
0.0175709
0.0178875
0.0180116
0.0182298
0.0186357
0.0190931
0.0196347
0.0204603
0.021381
0.0220322
0.0225628
0.0232834
0.0239107
0.0242369
0.0246068
0.0252034
0.0259233
0.0266635
0.0273991
0.0280935
0.0287327
0.0293934
0.0300799
0.0307981
0.0315363
0.0322837
0.032983
0.0336347
0.0343977
0.0353252
0.0362159
0.0370452
0.0379154
0.0387871
0.0396866
0.0405661
0.041492
0.0424244
0.043428
0.0444992
0.0455396
0.0464997
0.0474597
0.0485504
0.0496525
0.0507777
0.0519344
0.0531126
0.0542006
0.0553681
0.0565736
0.0577427
0.0590403
0.0603296
0.061587
0.0629118
0.064135
0.0654195
0.0665855
0.0675764
0.00673727
0.00605682
0.00493487
0.00323572
0.0016923
0.00104098
0.0012381
0.00179027
0.00234066
0.00295844
0.00369444
0.00436563
0.00479783
0.00506423
0.00541491
0.00584734
0.00626432
0.00675925
0.00729391
0.00772596
0.0081353
0.00860727
0.00907491
0.00951305
0.00993501
0.0103029
0.0106631
0.0110947
0.0115624
0.0120547
0.0125436
0.0129996
0.0134645
0.0139564
0.0144593
0.0149562
0.0154629
0.0159813
0.0164751
0.017018
0.0175528
0.0178743
0.0180089
0.0182329
0.0186405
0.0190972
0.019635
0.0204533
0.0213719
0.0220309
0.0225625
0.0232723
0.0238964
0.0242313
0.0246087
0.0252071
0.0259262
0.0266653
0.0273998
0.0280935
0.0287328
0.0293943
0.0300814
0.0307995
0.0315368
0.0322836
0.032984
0.0336367
0.0343995
0.0353264
0.036217
0.0370461
0.0379165
0.0387882
0.0396875
0.040567
0.0414933
0.0424257
0.0434281
0.0444967
0.0455372
0.0464983
0.0474594
0.0485512
0.0496539
0.0507781
0.0519338
0.0531113
0.0542001
0.055368
0.0565736
0.0577428
0.0590405
0.0603299
0.0615873
0.0629113
0.0641361
0.0654214
0.0665885
0.0675793
0.00660549
0.00592817
0.00494931
0.00342131
0.00195958
0.00130978
0.00143664
0.00189431
0.00239191
0.00300636
0.00375543
0.00442457
0.00484092
0.00509647
0.00544611
0.00588323
0.00630395
0.00679061
0.00731049
0.00773864
0.00815282
0.0086241
0.00908585
0.00951967
0.00994202
0.010313
0.0106742
0.0111041
0.0115717
0.0120645
0.0125537
0.0130069
0.0134678
0.0139596
0.0144641
0.0149597
0.0154624
0.015979
0.0164716
0.0170083
0.0175363
0.0178625
0.0180088
0.0182395
0.0186481
0.0191054
0.019641
0.0204507
0.0213641
0.0220306
0.022565
0.0232638
0.0238835
0.0242282
0.0246137
0.0252128
0.0259301
0.026667
0.0273999
0.028093
0.0287329
0.0293955
0.0300831
0.0308009
0.0315372
0.0322831
0.032985
0.0336396
0.0344026
0.0353275
0.0362177
0.037047
0.0379174
0.0387891
0.0396884
0.0405679
0.0414945
0.0424269
0.0434284
0.0444941
0.0455344
0.0464966
0.047459
0.0485518
0.0496554
0.0507786
0.0519331
0.0531098
0.0541996
0.0553679
0.0565735
0.0577428
0.0590407
0.0603302
0.0615875
0.0629106
0.0641372
0.0654235
0.0665916
0.0675824
0.00650033
0.00580719
0.00495412
0.00359855
0.00221342
0.00157411
0.00165148
0.00201432
0.00244693
0.00305114
0.00381418
0.00448533
0.0048883
0.00513233
0.00547912
0.00592022
0.00634482
0.00682328
0.00732812
0.00775227
0.00817157
0.00864213
0.00909755
0.009527
0.00995035
0.0103252
0.0106872
0.0111145
0.0115815
0.0120747
0.0125636
0.013014
0.0134714
0.0139632
0.0144689
0.0149633
0.015462
0.0159768
0.0164692
0.0170007
0.0175217
0.0178523
0.0180116
0.01825
0.0186591
0.0191179
0.0196532
0.0204531
0.021358
0.022031
0.0225695
0.0232573
0.0238723
0.0242277
0.0246217
0.0252207
0.0259348
0.0266689
0.0273996
0.0280921
0.0287331
0.0293969
0.0300848
0.0308023
0.0315377
0.0322825
0.032986
0.0336437
0.0344072
0.0353284
0.036218
0.037048
0.0379184
0.0387898
0.0396893
0.0405689
0.0414958
0.0424282
0.0434292
0.0444918
0.0455315
0.0464948
0.0474588
0.0485522
0.049657
0.0507792
0.0519324
0.0531081
0.0541991
0.0553678
0.0565735
0.0577429
0.0590408
0.0603302
0.0615876
0.06291
0.0641384
0.0654257
0.0665949
0.0675856
0.00642421
0.00569779
0.00494592
0.00376854
0.00245633
0.00182976
0.00187896
0.00215266
0.00250835
0.00309339
0.00386995
0.004547
0.00493975
0.00517218
0.00551437
0.0059585
0.00638697
0.00685728
0.0073469
0.00776687
0.00819147
0.00866123
0.00910998
0.00953517
0.00995998
0.0103392
0.0107019
0.0111259
0.011592
0.0120854
0.0125733
0.0130208
0.0134752
0.0139671
0.0144739
0.014967
0.0154618
0.0159746
0.0164675
0.0169946
0.0175088
0.0178435
0.0180173
0.0182645
0.0186737
0.0191346
0.0196712
0.0204603
0.0213536
0.0220314
0.0225748
0.0232521
0.0238625
0.0242295
0.0246325
0.0252304
0.0259403
0.0266709
0.027399
0.0280908
0.0287333
0.0293985
0.0300866
0.0308036
0.0315381
0.0322819
0.032987
0.0336487
0.0344131
0.0353294
0.036218
0.037049
0.0379193
0.0387905
0.0396903
0.0405701
0.0414973
0.0424297
0.0434304
0.0444898
0.0455288
0.0464935
0.047459
0.0485525
0.0496586
0.0507798
0.0519316
0.0531062
0.0541985
0.0553676
0.0565736
0.0577431
0.0590408
0.0603301
0.0615876
0.0629093
0.0641398
0.065428
0.0665984
0.0675891
0.00637664
0.00560723
0.00492198
0.00392982
0.00269229
0.00207373
0.00211398
0.00231112
0.00257896
0.00313385
0.00392222
0.00460891
0.00499491
0.00521622
0.00555226
0.00599819
0.00643043
0.00689278
0.00736693
0.00778252
0.00821244
0.00868129
0.00912316
0.00954428
0.00997078
0.0103549
0.0107183
0.0111385
0.0116033
0.0120967
0.0125829
0.0130275
0.0134794
0.0139712
0.0144792
0.014971
0.0154619
0.0159724
0.0164662
0.0169897
0.0174974
0.017836
0.0180252
0.0182826
0.0186918
0.0191547
0.0196937
0.0204716
0.0213504
0.022031
0.0225798
0.0232476
0.0238536
0.0242329
0.0246452
0.0252416
0.0259465
0.026673
0.0273983
0.0280892
0.0287335
0.0294001
0.0300883
0.0308049
0.0315386
0.0322812
0.0329879
0.0336545
0.0344199
0.0353306
0.0362179
0.03705
0.0379203
0.0387912
0.0396913
0.0405716
0.0414989
0.0424316
0.043432
0.0444883
0.0455262
0.0464925
0.0474597
0.0485529
0.0496603
0.0507806
0.0519307
0.0531044
0.0541981
0.0553676
0.0565738
0.0577436
0.0590408
0.0603297
0.0615873
0.0629087
0.0641412
0.0654306
0.0666021
0.0675927
0.00635234
0.00554493
0.00488186
0.00407797
0.00292616
0.00230515
0.00235016
0.00249002
0.0026617
0.00317362
0.00397107
0.0046707
0.0050531
0.00526419
0.00559309
0.00603966
0.00647534
0.0069299
0.00738825
0.00779919
0.00823447
0.00870237
0.00913721
0.00955435
0.00998266
0.0103718
0.010736
0.0111522
0.0116154
0.0121086
0.0125926
0.0130342
0.0134838
0.0139754
0.0144848
0.0149752
0.0154621
0.0159702
0.016465
0.0169854
0.0174868
0.0178293
0.0180346
0.0183032
0.0187127
0.0191775
0.0197194
0.0204856
0.0213478
0.0220294
0.0225839
0.023243
0.0238451
0.024237
0.024659
0.0252539
0.0259531
0.0266751
0.0273976
0.0280876
0.0287338
0.0294019
0.0300901
0.0308062
0.0315391
0.0322807
0.0329889
0.0336608
0.0344274
0.035332
0.0362177
0.0370512
0.0379214
0.0387919
0.0396924
0.0405732
0.0415007
0.0424339
0.0434341
0.0444872
0.0455238
0.0464921
0.0474609
0.0485535
0.0496618
0.0507814
0.0519298
0.0531027
0.0541978
0.0553675
0.0565741
0.0577444
0.059041
0.0603292
0.061587
0.0629081
0.0641428
0.0654334
0.0666061
0.0675965
0.00634098
0.00552136
0.00482894
0.00420524
0.00316247
0.00252642
0.00258038
0.00268768
0.00276006
0.00321418
0.00401685
0.00473215
0.00511355
0.0053156
0.00563698
0.00608335
0.00652204
0.00696878
0.00741084
0.00781675
0.00825756
0.00872461
0.0091523
0.00956542
0.00999556
0.0103897
0.0107546
0.0111667
0.0116283
0.0121211
0.0126026
0.0130412
0.0134884
0.0139799
0.0144906
0.0149797
0.0154623
0.015968
0.016464
0.0169815
0.0174768
0.017823
0.0180449
0.0183254
0.0187354
0.0192021
0.0197468
0.0205011
0.0213457
0.0220267
0.0225868
0.0232382
0.0238368
0.0242414
0.0246732
0.0252665
0.02596
0.0266773
0.0273969
0.028086
0.028734
0.0294036
0.030092
0.0308075
0.0315396
0.0322802
0.0329899
0.0336676
0.0344352
0.0353338
0.0362176
0.0370524
0.0379226
0.0387928
0.0396937
0.0405751
0.0415026
0.0424364
0.0434365
0.0444865
0.0455216
0.046492
0.0474628
0.0485545
0.0496632
0.0507822
0.0519287
0.0531012
0.0541978
0.0553676
0.0565746
0.0577456
0.0590413
0.0603286
0.0615865
0.0629076
0.0641446
0.0654365
0.0666104
0.0676006
0.00632761
0.00554465
0.00477278
0.00430253
0.00340237
0.00274289
0.00279834
0.00290039
0.00287797
0.00325732
0.00405961
0.00479329
0.00517576
0.00536981
0.00568388
0.00612948
0.00657081
0.00700961
0.00743494
0.00783528
0.00828161
0.00874798
0.00916834
0.0095776
0.0100095
0.0104082
0.0107737
0.0111819
0.0116419
0.0121341
0.012613
0.0130484
0.0134933
0.0139845
0.0144966
0.0149844
0.0154625
0.0159656
0.0164628
0.0169777
0.0174671
0.0178171
0.0180555
0.0183483
0.0187593
0.0192277
0.0197749
0.0205174
0.0213439
0.022023
0.0225885
0.0232329
0.0238286
0.0242456
0.0246872
0.0252792
0.0259671
0.0266796
0.0273962
0.0280844
0.0287343
0.0294054
0.0300938
0.0308089
0.0315403
0.0322799
0.0329911
0.0336745
0.0344432
0.0353358
0.0362177
0.0370537
0.0379238
0.0387937
0.039695
0.0405771
0.0415048
0.0424393
0.0434391
0.0444862
0.0455195
0.0464923
0.0474652
0.0485558
0.0496644
0.050783
0.0519275
0.0530998
0.054198
0.0553679
0.056575
0.057747
0.0590419
0.060328
0.0615861
0.0629072
0.0641464
0.0654397
0.0666149
0.0676049
0.00629414
0.00561579
0.00472875
0.00436207
0.00364084
0.00296224
0.00300042
0.00312203
0.00301886
0.00330552
0.00409905
0.00485463
0.00523986
0.00542593
0.00573348
0.00617822
0.0066218
0.00705261
0.00746077
0.00785484
0.00830665
0.00877249
0.00918545
0.00959093
0.0100245
0.0104273
0.0107932
0.0111977
0.0116561
0.0121478
0.0126239
0.013056
0.0134984
0.0139894
0.0145028
0.0149895
0.0154631
0.0159632
0.0164614
0.0169739
0.0174578
0.0178115
0.0180659
0.0183715
0.0187841
0.0192539
0.0198029
0.0205337
0.0213422
0.0220186
0.0225891
0.0232271
0.0238204
0.0242495
0.0247008
0.0252918
0.0259742
0.0266821
0.0273958
0.0280829
0.0287346
0.0294073
0.0300958
0.0308105
0.031541
0.0322797
0.0329924
0.0336817
0.0344512
0.0353381
0.036218
0.037055
0.0379251
0.0387947
0.0396963
0.0405792
0.0415072
0.0424423
0.0434419
0.0444859
0.0455176
0.046493
0.0474681
0.0485576
0.0496655
0.0507838
0.0519262
0.0530985
0.0541984
0.0553683
0.0565755
0.0577486
0.0590426
0.0603274
0.0615856
0.0629069
0.0641483
0.0654432
0.0666197
0.0676095
0.0062221
0.00572455
0.00471679
0.00438151
0.00386609
0.0031931
0.00318759
0.00334379
0.00318417
0.00336271
0.00413473
0.00491651
0.00530648
0.0054831
0.0057852
0.00622969
0.00667521
0.00709809
0.00748846
0.00787529
0.00833263
0.00879837
0.00920376
0.00960538
0.0100405
0.0104469
0.0108131
0.0112141
0.0116709
0.012162
0.0126354
0.0130641
0.0135039
0.0139945
0.0145092
0.0149951
0.0154637
0.0159605
0.0164599
0.0169702
0.0174489
0.0178062
0.0180762
0.0183945
0.0188093
0.0192802
0.0198306
0.0205499
0.0213408
0.0220138
0.0225888
0.023221
0.0238121
0.024253
0.0247139
0.0253041
0.0259814
0.0266846
0.0273954
0.0280815
0.028735
0.0294091
0.0300978
0.0308121
0.0315417
0.0322796
0.0329938
0.0336891
0.0344593
0.0353407
0.0362184
0.0370564
0.0379264
0.0387958
0.0396978
0.0405815
0.0415097
0.0424456
0.0434448
0.0444858
0.0455157
0.0464939
0.0474715
0.0485597
0.0496664
0.0507845
0.051925
0.0530973
0.054199
0.0553688
0.056576
0.0577503
0.0590436
0.0603268
0.0615852
0.0629068
0.0641503
0.0654469
0.0666248
0.0676142
0.00609844
0.00585064
0.00475681
0.00437001
0.00406272
0.0034405
0.00336635
0.00355576
0.0033721
0.0034344
0.00416683
0.00497853
0.00537664
0.00554085
0.00583794
0.00628377
0.00673131
0.00714642
0.00751851
0.00789672
0.00835928
0.00882556
0.0092234
0.00962104
0.0100577
0.010467
0.0108332
0.0112309
0.0116862
0.0121768
0.0126475
0.0130728
0.0135097
0.0139998
0.0145158
0.0150008
0.0154645
0.0159579
0.0164581
0.0169666
0.0174403
0.0178012
0.0180863
0.0184174
0.0188347
0.0193065
0.0198575
0.0205659
0.0213397
0.0220089
0.0225877
0.0232146
0.023804
0.0242562
0.0247265
0.0253161
0.0259885
0.0266873
0.0273953
0.0280803
0.0287354
0.029411
0.0300999
0.0308138
0.0315426
0.0322796
0.0329955
0.0336966
0.0344674
0.0353435
0.036219
0.0370579
0.0379278
0.038797
0.0396993
0.0405838
0.0415124
0.0424489
0.0434477
0.0444858
0.0455139
0.046495
0.0474751
0.048562
0.0496671
0.0507853
0.0519238
0.0530962
0.0541998
0.0553695
0.0565766
0.0577522
0.0590446
0.0603262
0.0615849
0.0629067
0.0641523
0.0654508
0.06663
0.0676191
0.00592391
0.0059654
0.0048594
0.00434729
0.00421527
0.00370041
0.0035466
0.00375064
0.00357694
0.00352664
0.0041971
0.00503907
0.00545193
0.00559987
0.00589006
0.0063397
0.0067903
0.00719797
0.00755144
0.00791946
0.00838661
0.00885384
0.0092443
0.009638
0.010076
0.0104875
0.0108537
0.0112484
0.0117022
0.0121921
0.0126602
0.013082
0.0135158
0.0140053
0.0145227
0.015007
0.0154656
0.0159552
0.0164561
0.0169631
0.0174322
0.0177965
0.0180962
0.01844
0.0188604
0.0193326
0.0198838
0.0205816
0.0213392
0.022004
0.022586
0.0232081
0.0237959
0.0242591
0.0247387
0.025328
0.0259958
0.0266901
0.0273954
0.0280794
0.0287358
0.029413
0.0301021
0.0308157
0.0315435
0.0322797
0.0329974
0.0337041
0.0344755
0.0353465
0.0362197
0.0370594
0.0379292
0.0387982
0.0397008
0.0405862
0.0415152
0.0424523
0.0434506
0.0444857
0.0455121
0.0464961
0.047479
0.0485646
0.0496678
0.050786
0.0519226
0.053095
0.0542007
0.0553703
0.0565771
0.0577542
0.0590458
0.0603256
0.0615846
0.0629068
0.0641544
0.0654549
0.0666355
0.0676243
0.00571652
0.00603629
0.00501606
0.0043413
0.00431578
0.00395829
0.00374007
0.00392729
0.0037888
0.00364397
0.0042297
0.00509561
0.00553329
0.00566191
0.00594035
0.0063963
0.00685208
0.00725292
0.00758767
0.00794393
0.00841473
0.00888324
0.00926649
0.00965624
0.0100955
0.0105087
0.0108746
0.0112666
0.0117188
0.0122079
0.0126736
0.0130919
0.0135222
0.0140111
0.0145298
0.0150135
0.015467
0.0159525
0.016454
0.0169597
0.0174245
0.0177922
0.018106
0.0184625
0.0188861
0.0193587
0.0199093
0.020597
0.0213392
0.0219992
0.0225837
0.0232015
0.0237882
0.0242618
0.0247504
0.0253396
0.026003
0.0266931
0.0273956
0.0280786
0.0287363
0.0294149
0.0301043
0.0308176
0.0315445
0.03228
0.0329995
0.0337117
0.0344836
0.0353497
0.0362206
0.0370611
0.0379307
0.0387995
0.0397025
0.0405886
0.0415181
0.0424558
0.0434534
0.0444857
0.0455104
0.0464973
0.0474829
0.0485672
0.0496684
0.0507868
0.0519215
0.0530938
0.0542016
0.0553712
0.0565776
0.0577562
0.059047
0.0603251
0.0615843
0.0629069
0.0641566
0.0654592
0.0666413
0.0676297
0.00550258
0.00603995
0.00520249
0.00438189
0.00437309
0.00419471
0.00395409
0.0040923
0.00399555
0.00378681
0.00427124
0.00514639
0.00562006
0.00572964
0.00598821
0.00645195
0.00691682
0.00731133
0.007627
0.00797039
0.00844392
0.00891394
0.00929016
0.00967583
0.010116
0.0105304
0.0108961
0.0112856
0.0117361
0.0122243
0.0126878
0.0131026
0.0135291
0.014017
0.0145373
0.0150203
0.0154685
0.0159498
0.0164519
0.0169567
0.0174175
0.0177883
0.0181155
0.0184846
0.0189119
0.0193845
0.0199341
0.0206123
0.0213399
0.0219948
0.0225812
0.0231949
0.0237807
0.0242643
0.0247617
0.025351
0.0260103
0.0266963
0.0273961
0.0280781
0.028737
0.0294168
0.0301067
0.0308197
0.0315456
0.0322804
0.0330018
0.0337192
0.0344916
0.0353529
0.0362217
0.0370628
0.0379323
0.0388009
0.0397042
0.0405911
0.0415211
0.0424593
0.0434563
0.0444856
0.0455088
0.0464985
0.0474869
0.0485699
0.049669
0.0507876
0.0519204
0.0530926
0.0542025
0.0553721
0.0565782
0.0577582
0.0590483
0.0603246
0.0615841
0.0629072
0.0641588
0.0654638
0.0666474
0.0676353
0.00531198
0.00597612
0.00538492
0.00448386
0.00440926
0.0043906
0.00418401
0.00425687
0.00418811
0.00395026
0.00432939
0.00519108
0.00570879
0.00580658
0.00603497
0.00650391
0.00698403
0.0073744
0.00766986
0.00799863
0.00847394
0.00894593
0.00931541
0.00969696
0.0101379
0.0105528
0.0109179
0.0113052
0.011754
0.0122412
0.0127026
0.013114
0.0135364
0.0140233
0.0145452
0.0150277
0.0154705
0.0159472
0.0164497
0.0169539
0.0174111
0.0177849
0.018125
0.0185064
0.0189376
0.0194101
0.0199582
0.0206273
0.0213411
0.0219906
0.0225783
0.0231884
0.0237735
0.0242667
0.0247726
0.0253622
0.0260177
0.0266995
0.0273968
0.0280778
0.0287376
0.0294187
0.0301091
0.030822
0.0315468
0.032281
0.0330044
0.0337268
0.0344996
0.0353563
0.0362229
0.0370647
0.037934
0.0388024
0.0397061
0.0405937
0.0415241
0.0424627
0.0434592
0.0444856
0.0455074
0.0464998
0.0474909
0.0485726
0.0496697
0.0507884
0.0519194
0.0530914
0.0542034
0.055373
0.0565788
0.0577602
0.0590496
0.0603241
0.061584
0.0629075
0.0641611
0.0654685
0.0666537
0.0676411
0.00517329
0.00586696
0.00552661
0.00463536
0.00445498
0.00453881
0.00441265
0.00443252
0.00436607
0.00412553
0.00441072
0.0052334
0.00579466
0.00589431
0.00608363
0.00654981
0.00705164
0.00744258
0.00771713
0.00802951
0.00850523
0.00897915
0.00934192
0.00971909
0.0101611
0.0105763
0.0109405
0.0113257
0.0117727
0.0122586
0.0127181
0.0131262
0.0135443
0.0140298
0.0145532
0.0150355
0.0154729
0.0159447
0.0164476
0.0169516
0.0174053
0.0177819
0.0181342
0.0185279
0.0189632
0.0194355
0.0199816
0.0206421
0.021343
0.0219868
0.0225752
0.0231822
0.0237668
0.024269
0.0247832
0.0253732
0.026025
0.0267029
0.0273977
0.0280777
0.0287385
0.0294205
0.0301115
0.0308243
0.0315482
0.0322817
0.0330071
0.0337344
0.0345075
0.0353598
0.0362244
0.0370667
0.0379358
0.0388039
0.039708
0.0405964
0.0415272
0.0424662
0.043462
0.0444856
0.045506
0.0465011
0.0474949
0.0485753
0.0496704
0.0507893
0.0519183
0.0530901
0.0542044
0.0553739
0.0565794
0.0577622
0.0590509
0.0603236
0.0615838
0.062908
0.0641635
0.0654734
0.0666603
0.0676471
0.00509986
0.00574341
0.00560899
0.00480987
0.00453761
0.00465305
0.00461981
0.00462159
0.00453713
0.00430233
0.00451638
0.00528043
0.00587436
0.00599218
0.00613821
0.00658867
0.00711701
0.00751593
0.00776882
0.00806242
0.00853827
0.00901497
0.0093706
0.00974213
0.0101849
0.0106003
0.0109636
0.0113473
0.0117924
0.0122767
0.0127343
0.0131392
0.0135528
0.0140366
0.0145616
0.0150439
0.0154757
0.0159422
0.0164456
0.0169498
0.0174004
0.0177793
0.0181433
0.0185489
0.0189887
0.0194605
0.0200043
0.0206568
0.0213456
0.0219834
0.022572
0.0231762
0.0237605
0.0242713
0.0247933
0.025384
0.0260323
0.0267065
0.0273988
0.0280779
0.0287394
0.0294224
0.0301141
0.0308269
0.0315497
0.0322826
0.0330101
0.0337419
0.0345154
0.0353634
0.036226
0.0370688
0.0379376
0.0388055
0.03971
0.0405992
0.0415303
0.0424697
0.0434649
0.0444856
0.0455048
0.0465024
0.0474987
0.048578
0.0496712
0.0507903
0.0519173
0.0530888
0.0542052
0.0553748
0.05658
0.0577642
0.0590522
0.0603231
0.0615838
0.0629087
0.0641659
0.0654786
0.0666671
0.0676534
0.0050889
0.00563882
0.00563882
0.00497154
0.00465955
0.00475848
0.00479366
0.00481323
0.00471083
0.00447449
0.00464107
0.00533916
0.0059465
0.00609642
0.00620406
0.00662225
0.00717626
0.00759426
0.00782692
0.00809714
0.00857159
0.00905278
0.00940212
0.00976721
0.0102103
0.0106252
0.0109869
0.0113693
0.0118129
0.0122955
0.0127514
0.0131531
0.013562
0.0140437
0.0145703
0.015053
0.0154791
0.0159398
0.0164436
0.0169484
0.0173963
0.0177774
0.0181523
0.0185696
0.0190141
0.0194852
0.0200261
0.0206713
0.0213488
0.0219803
0.0225687
0.0231705
0.0237547
0.0242734
0.0248031
0.0253945
0.0260396
0.0267102
0.0274001
0.0280784
0.0287404
0.0294242
0.0301167
0.0308296
0.0315513
0.0322837
0.0330134
0.0337495
0.0345232
0.0353671
0.0362279
0.037071
0.0379396
0.0388072
0.0397122
0.040602
0.0415334
0.0424732
0.0434678
0.0444856
0.0455037
0.0465037
0.0475025
0.0485807
0.0496721
0.0507912
0.0519163
0.0530875
0.0542061
0.0553757
0.0565807
0.0577662
0.0590536
0.0603227
0.0615837
0.0629095
0.0641684
0.0654839
0.0666743
0.0676599
0.00513275
0.00557868
0.00563721
0.00508948
0.00479746
0.00488228
0.00494252
0.00499112
0.00489329
0.00464651
0.00477631
0.00541351
0.00601416
0.0062014
0.00628396
0.00665486
0.00722622
0.00767531
0.00789286
0.00813483
0.00860576
0.00909265
0.00943574
0.00979332
0.0102366
0.0106514
0.0110117
0.0113928
0.0118344
0.0123148
0.012769
0.0131676
0.0135719
0.0140512
0.0145791
0.0150625
0.0154833
0.0159378
0.016442
0.0169478
0.0173931
0.0177758
0.0181609
0.0185899
0.0190392
0.0195095
0.0200473
0.0206856
0.0213526
0.0219776
0.0225652
0.0231652
0.0237494
0.0242755
0.0248125
0.0254048
0.0260468
0.026714
0.0274017
0.0280791
0.0287416
0.029426
0.0301194
0.0308324
0.031553
0.0322849
0.0330168
0.0337571
0.0345309
0.0353709
0.0362299
0.0370734
0.0379417
0.038809
0.0397144
0.040605
0.0415366
0.0424767
0.0434707
0.0444857
0.0455027
0.046505
0.0475061
0.0485834
0.049673
0.0507923
0.0519153
0.0530863
0.0542069
0.0553766
0.0565814
0.0577681
0.059055
0.0603223
0.0615837
0.0629104
0.064171
0.0654894
0.0666818
0.0676667
0.00521839
0.00557569
0.00562971
0.00515773
0.00492076
0.00503142
0.00508731
0.00514367
0.00507816
0.00482843
0.00491607
0.00550094
0.00608266
0.00630268
0.00637705
0.00669209
0.00726531
0.00775561
0.00796787
0.00817594
0.00863956
0.00913519
0.00947331
0.00982153
0.0102634
0.0106773
0.0110362
0.0114173
0.0118576
0.0123354
0.0127875
0.013183
0.0135825
0.0140591
0.0145883
0.0150726
0.015488
0.0159358
0.0164404
0.0169479
0.0173911
0.0177752
0.0181696
0.0186096
0.0190639
0.0195332
0.0200677
0.0206996
0.0213571
0.0219755
0.0225618
0.0231602
0.0237446
0.0242775
0.0248215
0.0254149
0.0260539
0.0267179
0.0274035
0.0280801
0.0287429
0.0294278
0.0301222
0.0308354
0.0315549
0.0322864
0.0330205
0.0337647
0.0345386
0.0353749
0.0362323
0.037076
0.0379439
0.0388109
0.0397168
0.0406081
0.0415398
0.0424802
0.0434736
0.0444858
0.0455019
0.0465063
0.0475097
0.0485861
0.0496741
0.0507934
0.0519143
0.053085
0.0542078
0.0553774
0.0565821
0.0577701
0.0590564
0.060322
0.0615838
0.0629115
0.0641737
0.0654951
0.0666895
0.0676737
0.00532467
0.00563377
0.0056393
0.00518761
0.00499833
0.00518685
0.00525372
0.0052767
0.00524958
0.00502598
0.00506458
0.00559727
0.00615688
0.00639863
0.00647921
0.0067402
0.00729506
0.00782918
0.00805188
0.00822374
0.00867228
0.0091785
0.00951454
0.00985255
0.0102924
0.0107046
0.0110612
0.0114424
0.0118812
0.0123562
0.0128066
0.0131994
0.0135942
0.0140677
0.0145978
0.0150835
0.0154937
0.0159344
0.016439
0.0169484
0.0173898
0.017775
0.018178
0.018629
0.0190886
0.0195567
0.0200874
0.0207135
0.0213622
0.0219738
0.0225585
0.0231556
0.0237405
0.0242795
0.0248301
0.0254247
0.0260609
0.0267219
0.0274056
0.0280813
0.0287443
0.0294297
0.0301251
0.0308386
0.031557
0.032288
0.0330243
0.0337724
0.0345462
0.035379
0.0362348
0.0370786
0.0379462
0.038813
0.0397192
0.0406112
0.0415431
0.0424838
0.0434765
0.0444861
0.0455012
0.0465076
0.0475131
0.0485888
0.0496752
0.0507945
0.0519134
0.0530838
0.0542086
0.0553783
0.0565829
0.057772
0.0590578
0.0603217
0.0615839
0.0629128
0.0641765
0.0655009
0.0666976
0.0676811
0.00542524
0.00574707
0.0056809
0.00519489
0.00502022
0.0053217
0.0054533
0.00541183
0.00539311
0.00522953
0.00522995
0.00569907
0.0062371
0.00649217
0.00658672
0.00680418
0.00732103
0.00789166
0.008142
0.00828062
0.00870418
0.00922182
0.00956036
0.00988619
0.0103222
0.0107328
0.0110868
0.0114694
0.0119072
0.0123783
0.0128262
0.0132163
0.0136064
0.0140766
0.0146074
0.0150947
0.0155001
0.0159333
0.0164381
0.0169501
0.01739
0.0177757
0.0181863
0.0186477
0.0191127
0.0195796
0.0201062
0.0207272
0.021368
0.0219727
0.0225554
0.0231515
0.0237369
0.0242816
0.0248383
0.0254343
0.026068
0.0267261
0.027408
0.0280828
0.0287458
0.0294316
0.0301281
0.030842
0.0315592
0.0322898
0.0330284
0.0337801
0.0345538
0.0353833
0.0362376
0.0370814
0.0379487
0.0388151
0.0397218
0.0406145
0.0415465
0.0424874
0.0434795
0.0444864
0.0455007
0.0465089
0.0475165
0.0485914
0.0496764
0.0507956
0.0519125
0.0530827
0.0542094
0.0553791
0.0565837
0.0577739
0.0590592
0.0603215
0.0615841
0.0629143
0.0641794
0.065507
0.066706
0.0676886
0.00550542
0.00589436
0.00575727
0.00519493
0.00499821
0.00540838
0.00567096
0.00557643
0.00550906
0.00541773
0.00541566
0.00581078
0.00631852
0.00658269
0.00669574
0.00688494
0.00734979
0.00794025
0.00823434
0.00835068
0.00873693
0.00926165
0.00961033
0.00992496
0.0103538
0.0107616
0.0111121
0.0114962
0.0119343
0.0124017
0.0128473
0.0132346
0.0136199
0.0140864
0.0146174
0.0151066
0.0155076
0.0159327
0.016437
0.0169521
0.0173912
0.0177773
0.0181947
0.018666
0.0191368
0.0196022
0.0201243
0.0207406
0.0213743
0.0219721
0.0225525
0.0231479
0.023734
0.0242837
0.0248462
0.0254436
0.0260749
0.0267302
0.0274106
0.0280846
0.0287475
0.0294335
0.0301312
0.0308455
0.0315616
0.0322919
0.0330327
0.0337878
0.0345613
0.0353877
0.0362406
0.0370844
0.0379513
0.0388175
0.0397245
0.0406178
0.0415499
0.042491
0.0434824
0.0444867
0.0455004
0.0465102
0.0475198
0.0485941
0.0496777
0.0507968
0.0519117
0.0530816
0.0542102
0.05538
0.0565846
0.0577757
0.0590606
0.0603214
0.0615843
0.062916
0.0641824
0.0655131
0.0667147
0.0676965
0.00557832
0.00604976
0.0058709
0.00521677
0.0049542
0.00544097
0.00587902
0.00579089
0.00562027
0.00556417
0.00560963
0.00594418
0.00640159
0.00666886
0.00680356
0.0069797
0.00738793
0.00797513
0.00832052
0.00843396
0.00877555
0.00929684
0.00966225
0.00996954
0.0103876
0.0107917
0.0111385
0.0115238
0.0119627
0.0124258
0.0128683
0.0132533
0.0136342
0.014097
0.014628
0.0151191
0.0155161
0.0159332
0.0164366
0.0169549
0.0173935
0.0177796
0.0182027
0.0186836
0.0191604
0.0196244
0.0201418
0.0207538
0.0213813
0.0219723
0.0225499
0.0231448
0.0237317
0.024286
0.0248538
0.0254527
0.0260817
0.0267344
0.0274135
0.0280868
0.0287494
0.0294355
0.0301344
0.0308492
0.0315641
0.0322941
0.0330372
0.0337955
0.0345688
0.0353922
0.0362438
0.0370875
0.0379541
0.0388199
0.0397273
0.0406213
0.0415535
0.0424947
0.0434853
0.0444872
0.0455002
0.0465116
0.047523
0.0485968
0.049679
0.050798
0.0519109
0.0530805
0.054211
0.0553808
0.0565855
0.0577776
0.0590621
0.0603215
0.0615846
0.0629179
0.0641856
0.0655194
0.0667236
0.0677047
0.00553569
0.00612325
0.00602249
0.00532343
0.00494263
0.00543407
0.00605383
0.00605437
0.0057629
0.00566406
0.00578718
0.00610835
0.00649532
0.00674795
0.00690895
0.00708746
0.00744213
0.00800186
0.00839397
0.0085274
0.00882378
0.00932593
0.00971232
0.0100217
0.0104253
0.0108215
0.0111649
0.0115518
0.0119929
0.0124524
0.0128908
0.013273
0.0136492
0.0141078
0.0146387
0.0151322
0.0155255
0.0159343
0.0164363
0.0169586
0.0173973
0.0177832
0.0182111
0.0187007
0.0191836
0.0196461
0.0201584
0.0207667
0.021389
0.0219732
0.0225478
0.0231421
0.02373
0.0242884
0.024861
0.0254615
0.0260887
0.0267388
0.0274166
0.0280892
0.0287515
0.0294375
0.0301378
0.0308531
0.0315668
0.0322966
0.0330419
0.0338032
0.0345762
0.0353969
0.0362473
0.0370908
0.037957
0.0388226
0.0397302
0.0406248
0.0415571
0.0424984
0.0434883
0.0444878
0.0455003
0.046513
0.047526
0.0485995
0.0496803
0.0507993
0.0519102
0.0530795
0.0542118
0.0553816
0.0565865
0.0577794
0.0590635
0.0603216
0.0615849
0.0629199
0.064189
0.0655259
0.0667329
0.0677132
0.0053936
0.00611743
0.00619996
0.0055307
0.00500054
0.00541239
0.0061818
0.00633996
0.00596836
0.00574251
0.00591998
0.00629458
0.00661571
0.00682032
0.0070049
0.0072038
0.00751834
0.00802961
0.00845063
0.00862508
0.0088897
0.00935476
0.00975568
0.0100791
0.0104702
0.0108525
0.0111915
0.0115805
0.0120236
0.0124796
0.012914
0.0132938
0.0136661
0.0141201
0.0146502
0.0151461
0.0155361
0.0159363
0.0164366
0.0169628
0.017402
0.0177875
0.0182193
0.0187173
0.0192067
0.0196677
0.0201745
0.0207793
0.0213972
0.0219746
0.0225461
0.0231402
0.023729
0.024291
0.024868
0.0254701
0.0260953
0.026743
0.0274199
0.0280921
0.0287537
0.0294395
0.0301413
0.0308572
0.0315697
0.0322993
0.0330468
0.033811
0.0345835
0.0354018
0.036251
0.0370942
0.0379602
0.0388254
0.0397333
0.0406284
0.0415608
0.0425021
0.0434913
0.0444885
0.0455005
0.0465144
0.047529
0.0486023
0.0496818
0.0508005
0.0519096
0.0530786
0.0542127
0.0553824
0.0565876
0.0577813
0.0590648
0.0603219
0.0615854
0.0629222
0.0641926
0.0655325
0.0667425
0.067722
0.0051629
0.00604106
0.00636394
0.00580886
0.00513663
0.00539861
0.00625542
0.00660646
0.00623009
0.00583217
0.00599059
0.00647386
0.00677537
0.00689778
0.00708526
0.00732227
0.0076156
0.00806735
0.0084907
0.00871669
0.00897223
0.0093892
0.00979027
0.0101387
0.0105253
0.0108862
0.0112162
0.0116097
0.0120566
0.0125093
0.0129389
0.0133152
0.0136831
0.0141324
0.0146618
0.0151607
0.0155481
0.0159397
0.0164377
0.0169679
0.0174089
0.0177934
0.0182277
0.0187333
0.0192292
0.0196889
0.0201898
0.0207917
0.0214061
0.0219771
0.022545
0.023139
0.0237286
0.0242938
0.0248749
0.0254785
0.0261021
0.0267483
0.0274236
0.0280954
0.0287562
0.0294416
0.030145
0.0308617
0.0315727
0.0323023
0.033052
0.0338188
0.0345908
0.0354068
0.0362549
0.0370978
0.0379635
0.0388284
0.0397365
0.0406322
0.0415646
0.0425059
0.0434944
0.0444894
0.0455009
0.0465159
0.0475319
0.048605
0.0496832
0.0508018
0.0519092
0.0530778
0.0542135
0.0553833
0.0565887
0.0577831
0.0590662
0.0603223
0.0615859
0.0629247
0.0641965
0.0655391
0.0667523
0.0677312
0.0050506
0.00595964
0.0064894
0.00610755
0.00535106
0.00541487
0.00628481
0.0068222
0.00652207
0.0059726
0.00601973
0.00660652
0.00696983
0.00699927
0.00714563
0.00742996
0.00773144
0.00812459
0.00851985
0.0087906
0.0090674
0.0094369
0.00981467
0.0101905
0.0105898
0.0109273
0.0112391
0.0116378
0.0120912
0.0125395
0.0129641
0.0133382
0.0137021
0.0141463
0.0146742
0.015176
0.015561
0.0159437
0.0164386
0.0169729
0.0174158
0.0178001
0.0182361
0.0187486
0.0192516
0.0197101
0.0202047
0.0208036
0.0214155
0.0219802
0.0225442
0.0231384
0.023729
0.0242968
0.0248815
0.0254866
0.0261088
0.0267528
0.0274272
0.0280989
0.0287587
0.0294436
0.0301488
0.0308663
0.0315759
0.0323053
0.0330574
0.0338266
0.0345981
0.0354121
0.0362592
0.0371016
0.0379669
0.0388316
0.0397398
0.0406359
0.0415684
0.0425098
0.0434974
0.0444903
0.0455015
0.0465174
0.0475347
0.0486078
0.0496848
0.0508031
0.0519088
0.0530771
0.0542143
0.0553841
0.0565899
0.057785
0.0590675
0.0603229
0.0615866
0.0629273
0.0642006
0.065546
0.0667624
0.0677407
0.00484057
0.00579642
0.00655629
0.00640711
0.00564675
0.00548978
0.00628958
0.0069828
0.00681808
0.00619185
0.00605049
0.00666931
0.00717198
0.00715097
0.00720081
0.00751394
0.00785526
0.00821109
0.00855269
0.00884251
0.00916472
0.0095076
0.00983928
0.0102324
0.010661
0.0109799
0.0112611
0.0116622
0.0121284
0.0125731
0.0129906
0.0133625
0.0137217
0.0141599
0.0146864
0.015192
0.0155757
0.0159494
0.0164408
0.0169796
0.0174251
0.0178088
0.0182451
0.0187635
0.0192735
0.019731
0.0202191
0.0208151
0.0214255
0.0219844
0.0225442
0.0231385
0.02373
0.0243
0.0248881
0.0254947
0.0261156
0.0267577
0.0274313
0.0281029
0.0287618
0.0294457
0.0301528
0.0308714
0.0315793
0.0323086
0.0330631
0.0338345
0.0346052
0.0354174
0.0362636
0.0371055
0.0379706
0.038835
0.0397433
0.0406398
0.0415724
0.0425136
0.0435005
0.0444915
0.0455023
0.046519
0.0475375
0.0486105
0.0496863
0.0508044
0.0519086
0.0530765
0.0542152
0.0553849
0.0565911
0.0577869
0.0590688
0.0603237
0.0615874
0.0629301
0.064205
0.0655529
0.0667726
0.0677506
0.0047416
0.00564509
0.00655775
0.00666369
0.0059959
0.0056356
0.00628391
0.00708264
0.00709111
0.00647297
0.00612702
0.00666949
0.00734342
0.00735794
0.00727448
0.00756616
0.0079732
0.0083267
0.00860335
0.00887401
0.0092512
0.00960086
0.009872
0.0102576
0.0107302
0.0110468
0.0112884
0.0116823
0.0121658
0.0126096
0.0130171
0.0133875
0.0137442
0.0141753
0.0146993
0.015209
0.0155922
0.0159565
0.0164435
0.0169866
0.0174349
0.0178176
0.0182538
0.0187777
0.0192953
0.0197521
0.0202333
0.0208264
0.0214359
0.0219894
0.0225448
0.0231392
0.0237318
0.0243035
0.0248946
0.0255026
0.0261222
0.0267625
0.0274353
0.0281071
0.0287652
0.0294478
0.0301568
0.0308767
0.0315829
0.0323121
0.0330691
0.0338424
0.0346123
0.035423
0.0362684
0.0371096
0.0379744
0.0388386
0.039747
0.0406438
0.0415765
0.0425176
0.0435037
0.0444927
0.0455033
0.0465206
0.0475401
0.0486134
0.049688
0.0508058
0.0519085
0.053076
0.054216
0.0553858
0.0565924
0.0577889
0.05907
0.0603247
0.0615884
0.0629331
0.0642097
0.0655599
0.0667831
0.0677608
0.0047401
0.00552656
0.00649877
0.00683784
0.00634511
0.00585128
0.0062877
0.00712367
0.00731835
0.00678484
0.00627483
0.00664196
0.00744058
0.00759274
0.00739582
0.00759608
0.00806019
0.00845849
0.00868609
0.0088971
0.00931006
0.00970635
0.00992562
0.0102723
0.0107897
0.0111257
0.0113243
0.0116975
0.0122002
0.0126508
0.0130469
0.0134131
0.0137683
0.0141913
0.014711
0.015226
0.0156103
0.0159647
0.0164462
0.0169943
0.0174462
0.017828
0.0182633
0.0187916
0.0193164
0.019773
0.0202469
0.0208369
0.0214466
0.0219955
0.0225461
0.0231405
0.0237342
0.0243072
0.024901
0.0255104
0.026129
0.0267676
0.0274397
0.0281117
0.028769
0.0294501
0.030161
0.0308825
0.0315868
0.0323156
0.0330752
0.0338505
0.0346194
0.0354287
0.0362734
0.0371139
0.0379785
0.0388425
0.0397508
0.0406478
0.0415806
0.0425216
0.0435069
0.0444942
0.0455045
0.0465222
0.0475427
0.0486162
0.0496896
0.0508071
0.0519085
0.0530757
0.0542169
0.0553867
0.0565938
0.057791
0.0590712
0.0603258
0.0615897
0.0629361
0.0642147
0.0655672
0.0667937
0.0677713
0.00479977
0.00545473
0.00641282
0.00692916
0.00665895
0.00612507
0.00632946
0.00712456
0.00749276
0.00709922
0.00649741
0.0066334
0.00745773
0.00781387
0.00758402
0.00763105
0.00810488
0.00858853
0.00880784
0.00893202
0.00933988
0.00981203
0.0100096
0.0102848
0.0108314
0.0112118
0.0113746
0.0117127
0.0122305
0.0126941
0.0130791
0.0134372
0.0137932
0.0142103
0.0147233
0.0152432
0.0156309
0.0159754
0.01645
0.0170033
0.0174594
0.0178394
0.0182727
0.0188047
0.0193373
0.0197943
0.0202609
0.0208474
0.0214579
0.0220026
0.0225482
0.0231425
0.0237375
0.0243115
0.0249074
0.0255183
0.0261357
0.0267728
0.0274442
0.0281167
0.0287732
0.0294525
0.0301654
0.0308886
0.031591
0.0323192
0.0330816
0.0338586
0.0346264
0.0354345
0.0362787
0.0371184
0.0379826
0.0388465
0.0397547
0.0406519
0.0415849
0.0425256
0.0435102
0.0444958
0.0455058
0.0465239
0.0475454
0.048619
0.0496914
0.0508085
0.0519088
0.0530755
0.0542178
0.0553877
0.0565952
0.0577931
0.0590724
0.0603272
0.0615912
0.0629393
0.06422
0.0655746
0.0668045
0.0677821
0.00488729
0.00542061
0.00633804
0.00696225
0.00691394
0.00642879
0.00643181
0.00711354
0.00760742
0.00738603
0.0067734
0.00668321
0.00742354
0.00797828
0.00782459
0.00771076
0.00811261
0.00868924
0.00896059
0.00899939
0.00934608
0.00989484
0.0101206
0.0103094
0.0108535
0.0112985
0.0114395
0.0117275
0.0122543
0.0127386
0.0131172
0.0134643
0.0138194
0.0142327
0.0147363
0.0152592
0.0156533
0.0159881
0.0164533
0.0170119
0.0174736
0.0178522
0.0182827
0.0188177
0.0193579
0.0198159
0.0202746
0.0208573
0.0214691
0.0220104
0.022551
0.0231451
0.0237413
0.024316
0.0249138
0.025526
0.0261425
0.026778
0.0274489
0.028122
0.0287777
0.0294549
0.0301695
0.0308951
0.0315955
0.0323231
0.0330882
0.0338669
0.0346333
0.0354404
0.0362842
0.0371231
0.037987
0.0388508
0.0397589
0.0406561
0.0415893
0.0425298
0.0435135
0.0444976
0.0455073
0.0465257
0.047548
0.0486219
0.0496931
0.0508099
0.0519092
0.0530755
0.0542186
0.0553887
0.0565967
0.0577954
0.0590735
0.0603287
0.061593
0.0629426
0.0642257
0.0655822
0.0668153
0.0677933
0.00500133
0.00541153
0.00628963
0.00696518
0.00710203
0.00672907
0.00659177
0.00711849
0.00766916
0.00762717
0.0070796
0.0068073
0.00738068
0.00806273
0.00807435
0.00786037
0.0081114
0.00873685
0.00911981
0.00911247
0.00934902
0.00994364
0.0102463
0.01036
0.0108592
0.0113763
0.011521
0.0117479
0.0122749
0.012785
0.0131583
0.0134912
0.0138439
0.0142557
0.0147507
0.0152742
0.0156763
0.0160036
0.0164582
0.0170218
0.01749
0.0178667
0.0182933
0.0188296
0.0193774
0.0198375
0.0202884
0.0208668
0.0214809
0.0220194
0.0225547
0.0231484
0.0237459
0.0243208
0.0249202
0.0255339
0.0261494
0.0267835
0.0274538
0.0281276
0.0287827
0.0294577
0.030174
0.030902
0.0316003
0.0323268
0.0330949
0.0338754
0.0346404
0.0354464
0.03629
0.037128
0.0379916
0.0388552
0.0397631
0.0406604
0.0415938
0.0425339
0.0435169
0.0444996
0.0455089
0.0465275
0.0475506
0.0486248
0.0496949
0.0508113
0.0519097
0.0530757
0.0542195
0.0553898
0.0565983
0.0577978
0.0590746
0.0603303
0.0615952
0.0629459
0.0642317
0.06559
0.0668261
0.0678047
0.00515577
0.0054282
0.00625446
0.00695537
0.00722737
0.00700302
0.0067952
0.00716465
0.00770419
0.00781184
0.00738613
0.00699617
0.007364
0.00807941
0.00828619
0.00807524
0.00814218
0.00873083
0.00925663
0.00927288
0.0093735
0.00995487
0.0103654
0.0104454
0.0108623
0.0114382
0.0116176
0.0117754
0.0122846
0.0128293
0.0132032
0.0135208
0.0138707
0.0142811
0.0147681
0.0152906
0.0157005
0.0160219
0.0164643
0.017031
0.0175063
0.0178821
0.0183044
0.0188412
0.0193967
0.0198602
0.0203031
0.0208761
0.0214928
0.0220293
0.022559
0.0231523
0.0237505
0.0243261
0.0249267
0.0255418
0.0261565
0.0267889
0.0274589
0.0281336
0.028788
0.0294604
0.0301784
0.0309091
0.0316056
0.0323309
0.0331017
0.033884
0.0346474
0.0354525
0.0362961
0.0371332
0.0379963
0.0388598
0.0397675
0.0406648
0.0415985
0.0425381
0.0435204
0.0445019
0.0455108
0.0465293
0.0475533
0.0486278
0.0496967
0.0508128
0.0519105
0.053076
0.0542203
0.0553911
0.0565999
0.0578002
0.0590758
0.060332
0.0615978
0.0629493
0.0642379
0.0655981
0.066837
0.0678163
0.0053389
0.00548885
0.00622724
0.00694673
0.00730886
0.00724352
0.00702775
0.0072526
0.00773309
0.00793773
0.00766337
0.00723141
0.00739877
0.00806441
0.00843078
0.00831811
0.00824276
0.00870027
0.00933812
0.00945827
0.0094422
0.00994527
0.0104592
0.0105587
0.0108746
0.0114748
0.0117204
0.0118192
0.0122871
0.0128741
0.0132588
0.0135519
0.0138964
0.0143074
0.0147862
0.0153072
0.0157242
0.0160404
0.0164714
0.0170412
0.0175247
0.0179001
0.0183174
0.0188527
0.0194147
0.0198828
0.0203179
0.0208846
0.0215047
0.0220403
0.0225641
0.0231566
0.0237567
0.024332
0.0249331
0.0255497
0.026164
0.0267947
0.0274641
0.0281399
0.0287939
0.0294635
0.0301828
0.0309166
0.0316114
0.032335
0.0331086
0.0338928
0.0346546
0.0354585
0.0363021
0.0371387
0.0380014
0.0388647
0.0397722
0.0406693
0.0416033
0.0425423
0.0435239
0.0445045
0.0455128
0.0465311
0.0475561
0.0486308
0.0496984
0.0508143
0.0519114
0.0530766
0.0542211
0.0553924
0.0566017
0.0578028
0.0590771
0.0603339
0.0616008
0.0629529
0.0642443
0.0656066
0.0668479
0.0678281
0.00551078
0.00560217
0.00621718
0.00694466
0.00736421
0.00743878
0.00727079
0.00737337
0.00777253
0.0080223
0.0078953
0.00749386
0.0074895
0.00805026
0.00851135
0.0085442
0.00841656
0.0086853
0.00935298
0.0096384
0.00956528
0.00993402
0.0105145
0.0106843
0.0109116
0.0114948
0.0118241
0.0118886
0.012283
0.0129045
0.0133222
0.0135865
0.0139179
0.0143351
0.0148062
0.0153247
0.0157507
0.0160621
0.0164801
0.0170521
0.0175441
0.0179189
0.0183301
0.0188632
0.0194318
0.0199058
0.0203341
0.0208933
0.0215165
0.0220524
0.0225703
0.0231614
0.0237633
0.0243387
0.0249398
0.0255575
0.0261716
0.0268005
0.0274693
0.0281467
0.0288002
0.0294667
0.0301873
0.0309243
0.0316175
0.0323393
0.0331153
0.0339016
0.0346621
0.0354649
0.0363085
0.0371445
0.0380065
0.0388697
0.0397769
0.040674
0.0416083
0.0425465
0.0435275
0.0445072
0.0455149
0.0465329
0.047559
0.048634
0.0497002
0.0508158
0.0519125
0.0530775
0.0542218
0.0553939
0.0566036
0.0578053
0.0590785
0.0603357
0.0616042
0.0629565
0.0642509
0.0656153
0.0668589
0.0678401
0.00563217
0.00575007
0.00624312
0.00695108
0.00741042
0.00758456
0.00750417
0.00752139
0.00783216
0.00808849
0.00807543
0.00775931
0.00763031
0.00805972
0.00855283
0.00871741
0.00863167
0.00872942
0.00932184
0.00977383
0.00973151
0.00994963
0.0105389
0.0108081
0.0109781
0.0115044
0.0119103
0.0119792
0.0122824
0.0129152
0.0133938
0.0136362
0.0139353
0.0143613
0.014831
0.0153433
0.015779
0.0160858
0.0164872
0.0170613
0.0175648
0.0179405
0.0183444
0.018874
0.0194488
0.0199291
0.0203507
0.0209016
0.0215279
0.0220654
0.0225776
0.0231665
0.0237703
0.0243459
0.0249467
0.0255653
0.0261796
0.0268067
0.0274745
0.0281539
0.028807
0.02947
0.0301918
0.0309325
0.0316242
0.032344
0.0331222
0.0339106
0.0346696
0.0354712
0.0363148
0.0371506
0.038012
0.0388749
0.0397818
0.0406786
0.0416133
0.0425507
0.0435311
0.0445103
0.0455173
0.0465348
0.0475619
0.0486372
0.0497018
0.0508175
0.0519138
0.0530786
0.0542225
0.0553955
0.0566057
0.0578084
0.0590801
0.0603377
0.0616081
0.0629604
0.0642575
0.0656244
0.0668698
0.0678522
0.00571406
0.00590537
0.00631354
0.00696569
0.00745643
0.007687
0.00770567
0.00769262
0.00791757
0.00815502
0.00820879
0.00800439
0.00781006
0.00809749
0.00857907
0.00883566
0.00884695
0.0088476
0.00928559
0.00984457
0.00991662
0.0100105
0.0105433
0.0109096
0.0110642
0.0115147
0.0119771
0.0120896
0.0123041
0.012905
0.0134583
0.0137061
0.0139537
0.0143788
0.0148585
0.0153629
0.015807
0.0161138
0.0164957
0.0170695
0.017588
0.0179654
0.0183592
0.0188834
0.0194649
0.0199527
0.0203679
0.02091
0.0215394
0.0220793
0.022586
0.0231721
0.0237775
0.0243537
0.0249542
0.0255733
0.0261878
0.026813
0.0274797
0.0281613
0.0288146
0.0294737
0.0301962
0.0309409
0.0316314
0.0323488
0.033129
0.0339196
0.0346773
0.0354774
0.0363212
0.0371569
0.0380177
0.0388801
0.0397869
0.0406834
0.0416188
0.042555
0.0435348
0.0445136
0.0455198
0.0465366
0.047565
0.0486407
0.0497035
0.0508192
0.0519152
0.05308
0.0542233
0.0553972
0.056608
0.0578109
0.059082
0.0603397
0.0616123
0.0629646
0.0642642
0.0656338
0.0668807
0.0678643
0.00578607
0.00603725
0.00641242
0.00698954
0.00750534
0.00776953
0.00786814
0.00787622
0.00802632
0.00822928
0.00830896
0.0082102
0.00801375
0.00816676
0.00860905
0.00891793
0.00902754
0.00901998
0.00928854
0.00985611
0.0100802
0.0101163
0.0105465
0.0109852
0.0111678
0.0115415
0.0120246
0.0122021
0.0123523
0.0128826
0.0135005
0.0137946
0.0139859
0.0143841
0.0148832
0.0153884
0.0158373
0.0161465
0.016506
0.017074
0.0176107
0.0179934
0.0183751
0.0188917
0.0194807
0.0199777
0.020386
0.0209178
0.0215506
0.0220942
0.0225954
0.0231782
0.0237852
0.0243618
0.024962
0.0255816
0.0261962
0.0268198
0.0274849
0.028169
0.0288228
0.0294777
0.0302004
0.0309496
0.0316392
0.0323536
0.0331355
0.0339288
0.0346856
0.0354841
0.0363277
0.0371635
0.0380235
0.0388855
0.0397923
0.0406883
0.0416243
0.0425594
0.0435385
0.044517
0.0455224
0.0465385
0.0475681
0.0486442
0.049705
0.0508211
0.0519169
0.0530816
0.054224
0.0553989
0.0566106
0.0578134
0.059084
0.0603418
0.0616169
0.062969
0.0642709
0.0656435
0.0668918
0.0678764
0.0058606
0.00614677
0.00653011
0.00703591
0.00755639
0.00785145
0.00799448
0.00804669
0.00814722
0.00831594
0.00839982
0.00837398
0.00822551
0.00827026
0.00864701
0.00898243
0.00916156
0.00920768
0.00935356
0.0098413
0.0101965
0.0102543
0.0105725
0.0110379
0.0112741
0.0115841
0.0120541
0.0123041
0.0124307
0.0128673
0.0135124
0.0138867
0.0140447
0.0143857
0.0148967
0.0154176
0.0158714
0.0161818
0.016518
0.0170758
0.017633
0.0180253
0.0183937
0.0188991
0.019495
0.0200037
0.0204053
0.0209248
0.0215614
0.0221105
0.0226057
0.0231848
0.0237936
0.0243699
0.0249699
0.0255906
0.0262051
0.0268266
0.0274901
0.0281766
0.0288316
0.0294823
0.0302045
0.0309583
0.0316476
0.032359
0.0331422
0.033938
0.0346938
0.0354904
0.0363343
0.0371707
0.03803
0.0388909
0.0397976
0.0406931
0.0416297
0.0425638
0.0435425
0.0445209
0.0455252
0.0465406
0.0475713
0.0486479
0.0497064
0.0508231
0.0519186
0.0530834
0.0542249
0.0554006
0.0566135
0.0578158
0.0590864
0.0603441
0.0616216
0.0629739
0.0642776
0.0656534
0.0669028
0.0678885
0.00593928
0.00625102
0.00665641
0.00710741
0.00760214
0.0079323
0.00809847
0.00819108
0.00827504
0.00841609
0.00849722
0.00850265
0.00842329
0.00840618
0.00869343
0.00903778
0.00925999
0.00937904
0.00947367
0.00984044
0.010263
0.0103969
0.0106287
0.011072
0.0113702
0.0116473
0.0120794
0.0123891
0.012528
0.0128728
0.0134998
0.0139639
0.0141318
0.014398
0.0148919
0.0154411
0.0159133
0.0162235
0.0165324
0.0170752
0.0176538
0.0180602
0.0184149
0.0189057
0.0195073
0.0200307
0.0204271
0.020931
0.021571
0.0221284
0.0226172
0.0231913
0.023803
0.0243785
0.0249772
0.0255999
0.0262149
0.0268338
0.0274953
0.0281843
0.0288409
0.0294874
0.0302085
0.0309672
0.0316569
0.0323645
0.0331483
0.0339472
0.0347029
0.0354972
0.0363406
0.0371777
0.0380363
0.0388963
0.0398035
0.0406984
0.0416356
0.0425683
0.0435463
0.0445247
0.0455279
0.0465429
0.0475745
0.0486519
0.0497078
0.0508253
0.0519206
0.0530853
0.0542259
0.0554023
0.0566168
0.0578182
0.0590888
0.0603468
0.0616265
0.0629791
0.0642843
0.0656634
0.0669141
0.0679005
0.00600274
0.00634465
0.00677691
0.00720166
0.00765059
0.00800936
0.00819791
0.00831377
0.0084016
0.00851901
0.0086005
0.00861364
0.00859087
0.00856178
0.0087561
0.00909219
0.0093424
0.0095174
0.00962041
0.00987748
0.010297
0.0105162
0.0107104
0.0111062
0.0114513
0.0117267
0.0121087
0.0124536
0.0126325
0.0129066
0.0134785
0.0140116
0.0142312
0.0144379
0.014879
0.0154479
0.0159596
0.016277
0.0165503
0.0170693
0.0176714
0.0180989
0.0184396
0.0189117
0.0195174
0.0200583
0.0204518
0.0209368
0.0215785
0.0221477
0.0226305
0.0231978
0.023813
0.0243875
0.0249839
0.0256093
0.0262257
0.0268413
0.0275002
0.0281922
0.028851
0.0294931
0.0302123
0.030976
0.0316668
0.0323702
0.0331541
0.0339566
0.0347124
0.0355036
0.0363468
0.0371853
0.0380433
0.0389017
0.0398093
0.0407036
0.0416412
0.042573
0.0435505
0.044529
0.0455308
0.0465453
0.0475777
0.0486558
0.0497092
0.0508275
0.0519229
0.0530872
0.0542272
0.055404
0.0566204
0.0578205
0.0590914
0.0603498
0.0616314
0.0629847
0.0642911
0.0656736
0.0669255
0.0679125
0.00604641
0.00642404
0.00688535
0.00731471
0.00771983
0.00808064
0.00829345
0.00842194
0.00852009
0.00862004
0.00870415
0.00871991
0.00872364
0.00871832
0.00884469
0.009148
0.00941571
0.00962479
0.00976833
0.00995516
0.0103251
0.0106079
0.0108046
0.0111501
0.0115129
0.0118099
0.0121529
0.0125028
0.0127312
0.0129646
0.0134627
0.0140318
0.0143258
0.0145096
0.0148753
0.0154311
0.0159965
0.0163458
0.0165792
0.0170569
0.0176823
0.0181423
0.0184702
0.0189165
0.0195242
0.0200862
0.0204799
0.0209433
0.0215832
0.0221673
0.0226465
0.0232045
0.0238229
0.0243981
0.0249906
0.0256177
0.0262373
0.0268501
0.027505
0.0281995
0.0288619
0.0294996
0.0302155
0.0309848
0.0316781
0.0323765
0.0331593
0.0339657
0.0347224
0.0355103
0.0363532
0.0371933
0.0380505
0.0389071
0.0398152
0.0407091
0.0416468
0.0425777
0.0435546
0.0445334
0.0455336
0.0465482
0.0475811
0.0486599
0.0497107
0.0508297
0.0519255
0.0530891
0.0542288
0.0554057
0.0566243
0.0578229
0.059094
0.0603532
0.0616364
0.0629907
0.064298
0.0656837
0.0669369
0.0679245
0.00608521
0.00649081
0.00697732
0.00743175
0.00781038
0.00814794
0.00838269
0.00852378
0.00862824
0.00871541
0.00880061
0.00882889
0.00884134
0.00886356
0.00895194
0.00920397
0.00947922
0.00970908
0.00989962
0.0100626
0.010369
0.0106807
0.0108966
0.0112072
0.0115657
0.0118855
0.0122114
0.0125433
0.0128145
0.0130414
0.0134635
0.0140345
0.0144002
0.0145986
0.0148992
0.0154022
0.0160084
0.0164238
0.0166299
0.0170414
0.0176793
0.0181886
0.0185104
0.0189203
0.0195257
0.0201146
0.0205118
0.0209508
0.0215855
0.022186
0.022665
0.0232122
0.0238321
0.0244098
0.0249978
0.0256252
0.0262492
0.0268604
0.0275099
0.0282059
0.0288733
0.0295074
0.0302183
0.0309931
0.0316904
0.0323828
0.0331636
0.0339751
0.0347337
0.0355171
0.0363589
0.0372012
0.0380577
0.0389125
0.0398216
0.0407152
0.0416524
0.0425827
0.043559
0.0445379
0.0455362
0.0465511
0.0475845
0.0486639
0.0497124
0.0508321
0.0519285
0.053091
0.0542308
0.0554075
0.0566282
0.0578255
0.0590966
0.0603571
0.0616414
0.0629968
0.0643051
0.0656938
0.0669485
0.0679363
0.00612674
0.00655012
0.00705169
0.00753265
0.00791327
0.00822475
0.00846605
0.00861557
0.00872272
0.00880565
0.00889217
0.00893976
0.00895663
0.00899203
0.00906419
0.0092664
0.009538
0.00978068
0.0100066
0.0101794
0.0104297
0.0107428
0.010982
0.0112723
0.0116182
0.011948
0.0122791
0.0125916
0.0128824
0.0131263
0.0134817
0.0140275
0.0144527
0.0146882
0.0149547
0.0153818
0.0159876
0.0164933
0.0167094
0.0170348
0.0176568
0.0182303
0.0185652
0.018927
0.0195184
0.020142
0.0205494
0.0209599
0.021585
0.0222034
0.0226857
0.0232214
0.0238406
0.0244231
0.0250069
0.025632
0.0262599
0.0268719
0.0275161
0.0282113
0.0288849
0.0295168
0.0302205
0.0310004
0.0317042
0.0323908
0.0331674
0.033984
0.034745
0.0355236
0.0363647
0.0372099
0.0380655
0.0389179
0.0398277
0.0407212
0.0416577
0.0425878
0.0435636
0.0445427
0.0455391
0.0465546
0.0475881
0.0486676
0.0497143
0.0508342
0.0519316
0.0530928
0.054233
0.0554095
0.0566322
0.0578284
0.0590991
0.0603613
0.0616465
0.0630031
0.0643125
0.0657038
0.06696
0.0679482
0.006171
0.00660702
0.00711765
0.00761463
0.00801751
0.00831391
0.00854295
0.00869654
0.00881056
0.00889424
0.0089734
0.00903743
0.00906545
0.00910569
0.00917509
0.00934368
0.0096013
0.00984557
0.0100905
0.010291
0.0105068
0.010801
0.0110581
0.0113364
0.011673
0.0120037
0.012345
0.0126512
0.0129383
0.0132081
0.0135214
0.0140208
0.0144889
0.0147662
0.0150272
0.0153891
0.0159473
0.0165318
0.0168091
0.0170547
0.0176177
0.0182541
0.0186348
0.0189456
0.0195005
0.0201634
0.0205946
0.0209723
0.0215812
0.0222196
0.0227076
0.0232317
0.0238492
0.024436
0.0250164
0.0256394
0.0262698
0.0268837
0.0275238
0.028216
0.0288959
0.0295278
0.030223
0.0310068
0.0317189
0.0323991
0.0331697
0.0339925
0.0347578
0.0355308
0.03637
0.0372185
0.038073
0.0389233
0.0398342
0.0407277
0.0416629
0.042593
0.0435682
0.0445473
0.0455419
0.0465582
0.0475921
0.0486713
0.0497167
0.0508367
0.0519351
0.0530945
0.0542353
0.0554118
0.0566359
0.0578315
0.0591017
0.060366
0.0616518
0.0630093
0.06432
0.0657136
0.0669714
0.06796
0.00621906
0.00666475
0.00718317
0.00768363
0.00810848
0.00840795
0.00862371
0.00877652
0.0088904
0.00897384
0.00904338
0.00911728
0.00916224
0.00921123
0.00928453
0.00942565
0.00966386
0.00990694
0.0101605
0.0103904
0.0105952
0.0108641
0.0111318
0.011403
0.0117277
0.0120533
0.0123974
0.0127144
0.0129932
0.0132797
0.0135777
0.0140208
0.014511
0.0148327
0.0151026
0.0154291
0.0159119
0.0165282
0.0169066
0.0171152
0.0175786
0.018246
0.0187079
0.0189869
0.0194756
0.0201708
0.0206475
0.0209922
0.0215725
0.0222334
0.0227317
0.0232427
0.0238578
0.0244513
0.025026
0.0256476
0.0262796
0.026895
0.0275327
0.0282208
0.0289065
0.0295402
0.0302259
0.0310118
0.0317342
0.0324089
0.0331721
0.0340013
0.0347712
0.0355379
0.036375
0.0372278
0.038081
0.0389288
0.0398406
0.0407343
0.041668
0.0425985
0.0435734
0.0445518
0.0455448
0.0465619
0.0475959
0.0486744
0.0497193
0.0508392
0.0519385
0.0530965
0.0542381
0.0554147
0.0566395
0.057835
0.0591045
0.0603708
0.0616572
0.0630156
0.0643279
0.0657235
0.0669829
0.0679718
0.00627275
0.00672218
0.00724781
0.00774785
0.00818294
0.00849979
0.00870969
0.00885332
0.00895921
0.00904604
0.00910936
0.00918298
0.00924773
0.0093075
0.00938514
0.00950355
0.00972533
0.0099692
0.0102182
0.0104701
0.0106861
0.0109367
0.0112036
0.0114701
0.0117823
0.0121038
0.0124449
0.0127756
0.0130528
0.0133391
0.0136376
0.0140326
0.0145202
0.014888
0.0151716
0.0154865
0.0159042
0.0164966
0.0169751
0.017211
0.0175645
0.0182059
0.0187659
0.0190581
0.0194567
0.0201551
0.020702
0.0210257
0.0215594
0.0222417
0.0227586
0.0232534
0.0238643
0.0244498
0.0250325
0.0256552
0.0262906
0.0269058
0.0275414
0.0282259
0.028917
0.0295536
0.0302285
0.0310157
0.0317504
0.0324197
0.033173
0.0340089
0.0347848
0.0355452
0.0363796
0.0372371
0.0380891
0.0389344
0.0398472
0.0407413
0.041673
0.0426039
0.0435788
0.0445563
0.045548
0.0465661
0.0476003
0.0486774
0.0497222
0.0508419
0.0519417
0.0530983
0.0542406
0.0554177
0.0566429
0.0578384
0.0591075
0.0603757
0.0616628
0.0630218
0.0643358
0.0657332
0.0669939
0.0679832
0.0063294
0.00678123
0.00731187
0.0078125
0.00824676
0.00858034
0.0087914
0.00892681
0.00902297
0.00910819
0.00917156
0.00923928
0.00931718
0.00938618
0.00947566
0.00958522
0.00978425
0.0100283
0.0102712
0.010535
0.0107691
0.011009
0.0112709
0.011536
0.0118398
0.0121556
0.0124897
0.0128295
0.0131156
0.0133975
0.0136971
0.0140597
0.0145238
0.0149286
0.0152337
0.0155462
0.0159251
0.0164601
0.0169964
0.0173152
0.0175966
0.0181537
0.0187864
0.0191488
0.019464
0.0201168
0.0207474
0.0210801
0.021548
0.0222408
0.02279
0.0232673
0.0238706
0.0244687
0.0250412
0.0256615
0.0263029
0.0269175
0.0275497
0.0282308
0.0289278
0.0295685
0.0302315
0.0310187
0.031767
0.0324316
0.0331738
0.034017
0.0347996
0.0355531
0.036384
0.0372462
0.0380974
0.03894
0.0398539
0.0407482
0.0416782
0.0426096
0.0435846
0.0445603
0.0455514
0.0465707
0.0476047
0.0486802
0.0497258
0.0508453
0.0519453
0.0531008
0.0542438
0.0554214
0.0566462
0.0578423
0.0591109
0.0603807
0.0616686
0.0630281
0.0643438
0.0657429
0.0670048
0.0679949
0.00638796
0.00684018
0.0073717
0.0078745
0.00830316
0.00864466
0.00886561
0.00899716
0.00908265
0.00915887
0.00922594
0.00928521
0.00936795
0.00945
0.00955176
0.00966354
0.00983879
0.0100841
0.0103269
0.0105872
0.010838
0.0110797
0.0113404
0.0116009
0.0118948
0.0122047
0.01253
0.0128752
0.0131742
0.0134568
0.0137538
0.0140975
0.0145339
0.0149563
0.0152925
0.0156067
0.0159634
0.0164421
0.016984
0.0173947
0.0176705
0.0181156
0.0187603
0.0192306
0.0195093
0.020067
0.0207621
0.0211499
0.0215455
0.0222238
0.02282
0.0232855
0.0238727
0.024487
0.0250522
0.0256645
0.0263144
0.0269314
0.0275575
0.0282336
0.0289388
0.0295857
0.0302343
0.0310193
0.0317837
0.0324454
0.0331738
0.0340235
0.0348138
0.0355608
0.036388
0.0372549
0.0381057
0.0389456
0.0398601
0.0407545
0.041683
0.0426149
0.0435902
0.0445639
0.0455547
0.0465751
0.0476085
0.0486823
0.0497289
0.0508483
0.0519476
0.0531026
0.0542465
0.0554249
0.0566492
0.0578456
0.0591144
0.0603856
0.0616742
0.0630342
0.064352
0.0657525
0.0670153
0.0680056
0.00644861
0.00689646
0.00742577
0.00792883
0.0083525
0.00869323
0.00892589
0.00905808
0.00913673
0.00919962
0.00926662
0.00932344
0.00940589
0.00949871
0.00960797
0.00973326
0.00989395
0.0101305
0.010378
0.0106318
0.0108961
0.0111454
0.0114067
0.0116628
0.0119465
0.0122546
0.0125687
0.0129136
0.013224
0.0135125
0.0138089
0.0141366
0.0145491
0.0149734
0.0153415
0.015669
0.01601
0.0164487
0.0169647
0.0174387
0.0177683
0.0181274
0.0187133
0.0192827
0.0195934
0.0200392
0.0207438
0.0212262
0.0215718
0.0221973
0.0228448
0.0233155
0.0238731
0.0245023
0.0250697
0.0256666
0.0263229
0.0269484
0.0275678
0.0282342
0.0289488
0.0296059
0.0302379
0.0310183
0.031801
0.0324615
0.0331744
0.0340299
0.0348292
0.0355703
0.0363933
0.0372636
0.0381148
0.0389526
0.0398673
0.0407617
0.0416892
0.0426212
0.0435966
0.0445681
0.0455591
0.0465811
0.0476132
0.0486853
0.0497334
0.0508529
0.0519509
0.0531058
0.0542504
0.0554292
0.0566524
0.0578496
0.0591186
0.0603907
0.0616801
0.0630405
0.0643598
0.0657618
0.0670256
0.0680169
0.00651205
0.00695002
0.00747415
0.00797264
0.00839179
0.00872482
0.00896452
0.00910223
0.00917777
0.0092284
0.00929154
0.0093531
0.00943255
0.0095339
0.00965167
0.00979092
0.00994798
0.0101694
0.0104247
0.0106753
0.010943
0.0112003
0.0114636
0.0117213
0.0119944
0.0123002
0.0126038
0.0129419
0.0132654
0.0135608
0.0138621
0.0141768
0.0145656
0.0149839
0.0153708
0.0157231
0.0160555
0.0164632
0.0169476
0.0174407
0.0178404
0.0181751
0.0186645
0.0192805
0.0196768
0.0200441
0.0206954
0.0212759
0.0216239
0.0221672
0.0228477
0.0233516
0.0238741
0.0245096
0.0250924
0.0256698
0.0263242
0.0269661
0.0275815
0.0282317
0.0289555
0.0296292
0.0302448
0.0310135
0.0318154
0.0324795
0.0331754
0.0340333
0.0348427
0.0355794
0.0363974
0.03727
0.0381227
0.0389585
0.0398725
0.0407667
0.0416942
0.0426263
0.0436014
0.0445708
0.0455622
0.0465858
0.047616
0.0486868
0.0497368
0.0508562
0.0519524
0.0531076
0.0542537
0.0554328
0.0566552
0.0578524
0.0591227
0.0603954
0.0616854
0.0630465
0.0643678
0.0657712
0.0670356
0.0680269
0.00658144
0.00700099
0.00751344
0.00799961
0.00840885
0.00872968
0.00896877
0.00911434
0.00919334
0.00924168
0.00930065
0.00937103
0.00945232
0.00956096
0.00968945
0.00984277
0.0100123
0.0102217
0.0104788
0.0107316
0.0109957
0.0112574
0.011522
0.0117862
0.012051
0.0123506
0.0126473
0.0129714
0.0133053
0.0136077
0.0139176
0.0142296
0.0145939
0.0150049
0.0153977
0.0157754
0.0161143
0.0164935
0.0169558
0.0174404
0.0178874
0.0182544
0.0186629
0.0192528
0.0197434
0.0200944
0.0206554
0.0212935
0.021697
0.0221615
0.0228327
0.0233892
0.0238886
0.024509
0.025118
0.0256828
0.0263199
0.0269815
0.027603
0.0282301
0.0289568
0.0296536
0.0302563
0.0310061
0.0318266
0.032501
0.0331797
0.0340348
0.0348559
0.0355921
0.036404
0.0372761
0.0381323
0.0389674
0.0398794
0.0407735
0.0417014
0.0426331
0.0436074
0.0445754
0.0455676
0.0465926
0.0476202
0.0486899
0.0497422
0.0508614
0.0519552
0.0531109
0.0542583
0.0554371
0.0566584
0.0578564
0.0591274
0.0604006
0.0616909
0.0630527
0.0643752
0.0657798
0.0670452
0.0680372
0.00668462
0.00707206
0.00755196
0.00800519
0.00838428
0.00867529
0.00889232
0.00903462
0.00911558
0.0091682
0.0092286
0.00931428
0.00941094
0.00953198
0.00967912
0.00985025
0.010041
0.0102492
0.0105043
0.0107644
0.0110256
0.0112877
0.0115547
0.0118279
0.0120922
0.0123828
0.0126782
0.0129893
0.0133258
0.0136385
0.0139533
0.0142721
0.0146162
0.0150147
0.0154091
0.0158005
0.0161597
0.0165219
0.0169665
0.0174397
0.0178968
0.018312
0.0186937
0.0192177
0.0197646
0.0201572
0.0206373
0.0212781
0.0217576
0.0221821
0.0228055
0.023409
0.0239152
0.0245044
0.0251333
0.0257057
0.0263134
0.0269854
0.027629
0.0282324
0.0289506
0.0296803
0.0302756
0.0309978
0.0318309
0.0325253
0.0331889
0.0340328
0.0348656
0.035607
0.0364112
0.0372786
0.0381395
0.0389755
0.0398837
0.0407781
0.0417076
0.0426383
0.043611
0.0445783
0.0455714
0.0465976
0.0476223
0.0486916
0.0497467
0.050865
0.0519564
0.0531131
0.0542624
0.0554408
0.0566609
0.0578592
0.0591318
0.0604052
0.0616959
0.0630586
0.0643828
0.0657887
0.0670552
0.0680467
0.00688503
0.00727339
0.00773968
0.00816869
0.00851163
0.00876047
0.00893039
0.00904219
0.0091064
0.00915102
0.00920451
0.00929121
0.00940137
0.00953398
0.00969802
0.00988171
0.0100887
0.0103006
0.0105454
0.0108043
0.0110626
0.0113237
0.0115904
0.0118693
0.0121357
0.012417
0.0127126
0.0130171
0.0133486
0.0136714
0.0139906
0.0143191
0.0146558
0.0150372
0.0154313
0.0158231
0.0162001
0.0165628
0.0169849
0.0174495
0.0178963
0.0183434
0.0187437
0.0192056
0.019757
0.0202112
0.0206508
0.0212527
0.0217923
0.0222238
0.0227888
0.0234103
0.0239497
0.0245084
0.0251377
0.0257353
0.0263176
0.0269798
0.027655
0.0282462
0.02894
0.029697
0.0303028
0.0309905
0.0318252
0.0325487
0.0332039
0.0340268
0.0348693
0.035624
0.0364211
0.0372795
0.0381463
0.0389858
0.0398893
0.0407837
0.0417151
0.0426443
0.0436152
0.044583
0.0455776
0.0466038
0.0476252
0.0486942
0.0497526
0.0508695
0.0519581
0.0531161
0.0542672
0.0554446
0.0566637
0.0578626
0.0591364
0.0604101
0.0617007
0.0630642
0.0643895
0.0657961
0.0670572
0.0680549
0.00666587
0.00697802
0.00738623
0.00778987
0.00813491
0.00840947
0.00861866
0.00878469
0.00891538
0.00902185
0.00912364
0.00924161
0.00938523
0.00954247
0.0097237
0.00991726
0.010132
0.0103479
0.0105796
0.0108317
0.0110877
0.0113514
0.0116176
0.0118995
0.0121706
0.012446
0.0127428
0.0130457
0.0133696
0.0136946
0.0140191
0.0143525
0.0146918
0.015058
0.0154462
0.0158393
0.0162264
0.0166082
0.0170117
0.0174638
0.0179041
0.01836
0.0187986
0.0192243
0.0197443
0.0202482
0.0206853
0.0212403
0.0218037
0.0222697
0.0227937
0.0233978
0.0239762
0.0245235
0.025132
0.0257614
0.0263346
0.0269676
0.0276688
0.0282697
0.0289295
0.0297033
0.0303387
0.0309933
0.031814
0.0325737
0.0332299
0.0340223
0.0348701
0.0356456
0.0364353
0.0372799
0.0381522
0.0389959
0.0398941
0.0407897
0.0417232
0.0426493
0.0436183
0.0445871
0.0455832
0.0466092
0.0476275
0.0486967
0.0497587
0.0508739
0.0519597
0.0531194
0.0542722
0.0554486
0.0566662
0.057866
0.0591408
0.0604146
0.0617052
0.0630696
0.0643962
0.0658047
0.0670713
0.0680652
0.00796095
0.00793932
0.00786807
0.00783483
0.00786092
0.00794487
0.00807864
0.00825641
0.00846527
0.00867702
0.00888423
0.00908539
0.00929558
0.00950168
0.00971144
0.00992271
0.0101439
0.0103689
0.0105964
0.0108418
0.0110936
0.0113564
0.0116204
0.011898
0.0121756
0.012451
0.0127529
0.0130575
0.0133779
0.0137035
0.014035
0.0143758
0.0147185
0.0150786
0.0154541
0.0158486
0.0162391
0.0166389
0.0170363
0.0174649
0.0179075
0.0183574
0.0188233
0.0192501
0.0197274
0.0202579
0.0207155
0.0212346
0.021798
0.022298
0.0228132
0.0233862
0.0239852
0.0245481
0.0251285
0.0257684
0.0263618
0.02696
0.0276672
0.0283004
0.0289283
0.0296948
0.0303728
0.0310007
0.0317887
0.0325895
0.0332584
0.0340115
0.0348607
0.0356646
0.0364482
0.0372766
0.0381559
0.0390044
0.0398967
0.0407951
0.0417309
0.0426523
0.0436199
0.0445918
0.0455891
0.0466131
0.0476289
0.0486986
0.0497637
0.0508772
0.0519602
0.0531216
0.054276
0.0554516
0.0566684
0.057869
0.0591448
0.0604186
0.061709
0.063074
0.0644017
0.0658054
0.0670732
0.0680705
0.00671964
0.00695837
0.00727258
0.00758366
0.00785894
0.00808438
0.00826457
0.00841835
0.00857312
0.00873373
0.00890586
0.00908092
0.00927196
0.00947773
0.00969674
0.00992468
0.0101566
0.0103969
0.0106358
0.0108827
0.011133
0.01139
0.0116486
0.0119137
0.0121948
0.0124735
0.0127754
0.0130808
0.0133965
0.0137238
0.0140556
0.0144022
0.0147452
0.0151042
0.0154711
0.0158612
0.016261
0.016669
0.0170714
0.0174784
0.0179196
0.018373
0.0188394
0.0192898
0.0197368
0.0202616
0.0207509
0.0212421
0.021796
0.0223182
0.022836
0.0233919
0.0239786
0.0245689
0.0251393
0.0257588
0.0263905
0.0269671
0.0276489
0.0283338
0.0289426
0.0296749
0.0304074
0.0310312
0.0317645
0.0326034
0.0333049
0.0340103
0.0348507
0.0356905
0.0364682
0.0372764
0.0381627
0.0390153
0.0399006
0.0408028
0.0417419
0.0426569
0.0436221
0.044598
0.0455971
0.0466182
0.0476321
0.0487031
0.0497707
0.0508821
0.051963
0.0531261
0.0542816
0.0554561
0.0566713
0.0578723
0.0591492
0.0604231
0.0617131
0.0630784
0.0644067
0.0658157
0.0670852
0.0680817
0.00806605
0.00793636
0.00773616
0.00756969
0.0074878
0.00749592
0.00759502
0.00777115
0.00801418
0.00829694
0.00859702
0.00888613
0.00915985
0.00942353
0.00967658
0.00992486
0.0101651
0.0104087
0.0106502
0.0108932
0.0111395
0.0113863
0.0116394
0.0118971
0.0121807
0.0124699
0.0127739
0.0130843
0.0133987
0.0137303
0.0140641
0.0144119
0.0147581
0.0151149
0.0154817
0.0158634
0.0162695
0.0166835
0.0170867
0.0174867
0.0179165
0.0183815
0.0188394
0.0193023
0.0197519
0.0202506
0.0207692
0.0212528
0.0217882
0.0223315
0.0228464
0.0234048
0.0239762
0.0245724
0.0251632
0.0257458
0.026403
0.0270027
0.0276265
0.0283465
0.0289743
0.0296465
0.0304161
0.0310679
0.0317373
0.0325893
0.033342
0.0340117
0.0348264
0.0357025
0.036485
0.0372712
0.0381634
0.0390225
0.0399002
0.0408052
0.0417491
0.042659
0.043621
0.0446004
0.0456018
0.0466206
0.0476319
0.0487041
0.0497739
0.050884
0.0519626
0.0531273
0.054284
0.0554578
0.0566724
0.0578744
0.0591509
0.0604257
0.0617156
0.0630813
0.0644107
0.0658186
0.0670866
0.0680844
0.00756027
0.0073609
0.00712671
0.00696047
0.00690642
0.00696762
0.0071401
0.0074015
0.00772718
0.00808663
0.00845004
0.00879286
0.00910848
0.00940175
0.00967291
0.00992966
0.0101733
0.010415
0.0106578
0.0109004
0.0111462
0.0113878
0.0116355
0.0118919
0.0121743
0.0124688
0.0127734
0.0130851
0.0133996
0.0137303
0.0140666
0.0144129
0.014761
0.0151173
0.0154862
0.0158677
0.016274
0.0166947
0.0170977
0.0174998
0.0179241
0.0183919
0.0188516
0.019311
0.0197729
0.0202564
0.0207777
0.0212717
0.021788
0.0223398
0.0228557
0.0234132
0.0239867
0.0245698
0.0251783
0.0257527
0.0263984
0.0270286
0.0276336
0.0283436
0.029009
0.0296536
0.0304136
0.0311061
0.0317526
0.0325821
0.0333691
0.0340389
0.0348244
0.035711
0.0365067
0.0372798
0.0381685
0.039034
0.0399076
0.0408109
0.0417589
0.042667
0.0436263
0.0446061
0.0456093
0.0466275
0.0476378
0.0487095
0.0497806
0.0508905
0.0519673
0.0531322
0.0542898
0.0554629
0.0566763
0.0578783
0.0591581
0.0604309
0.0617193
0.0630844
0.0644132
0.0658267
0.0670977
0.068096
)
;

boundaryField
{
    zeroGradientPlanes
    {
        type            zeroGradient;
    }
    inlet
    {
        type            zeroGradient;
    }
    plate
    {
        type            zeroGradient;
    }
    frontAndBack
    {
        type            empty;
    }
}


// ************************************************************************* //
