/*--------------------------------*- C++ -*----------------------------------*\
| =========                 |                                                 |
| \\      /  F ield         | OpenFOAM: The Open Source CFD Toolbox           |
|  \\    /   O peration     | Version:  v1912                                 |
|   \\  /    A nd           | Website:  www.openfoam.com                      |
|    \\/     M anipulation  |                                                 |
\*---------------------------------------------------------------------------*/
FoamFile
{
    version     2.0;
    format      ascii;
    class       volScalarField;
    location    "5.35";
    object      p;
}
// * * * * * * * * * * * * * * * * * * * * * * * * * * * * * * * * * * * * * //

dimensions      [0 2 -2 0 0 0 0];


internalField   nonuniform List<scalar> 
9600
(
2.51927e-10
0.00126158
0.00215364
0.000696551
0.000478299
-5.47786e-05
-0.000112438
-0.00197976
-0.00223798
-0.00316771
-0.000984938
-0.00690718
-0.0150892
-0.00853175
-0.00928353
-0.00678653
-0.00993112
-0.0103917
-0.0119473
-0.0138986
-2.35401e-06
0.00127543
0.00215305
0.000695523
0.000482802
-5.81503e-05
-0.000116242
-0.00197969
-0.0022466
-0.00318351
-0.000966054
-0.00691062
-0.0146564
-0.00856005
-0.00923592
-0.00688605
-0.00987649
-0.0104148
-0.0119232
-0.0138203
-4.70705e-06
0.00128254
0.00215174
0.000693976
0.000488373
-6.45071e-05
-0.000123387
-0.00197757
-0.00225731
-0.00319534
-0.000967319
-0.00691861
-0.0142369
-0.00860403
-0.00917057
-0.00700395
-0.00977318
-0.0104591
-0.0118747
-0.0136778
-7.02485e-06
0.00129055
0.00215023
0.000690844
0.000492912
-7.1428e-05
-0.000130725
-0.00197022
-0.00226543
-0.00321013
-0.000984098
-0.00694266
-0.0138157
-0.00866358
-0.00910699
-0.00713126
-0.00967404
-0.0104961
-0.011827
-0.0135559
-9.28573e-06
0.00129856
0.00214828
0.000685712
0.0004982
-7.85513e-05
-0.00013699
-0.00195761
-0.00226895
-0.00322403
-0.00101323
-0.00697695
-0.0133898
-0.00874369
-0.00904257
-0.00727058
-0.00958421
-0.0105131
-0.0117928
-0.0134156
-1.15354e-05
0.00130633
0.00214586
0.000679355
0.000505236
-8.62482e-05
-0.000142029
-0.0019398
-0.00226592
-0.00323612
-0.00105133
-0.00701371
-0.0129618
-0.00883471
-0.0089733
-0.00741441
-0.00948664
-0.0105171
-0.0117593
-0.0132374
-1.38803e-05
0.00131393
0.00214324
0.000672989
0.000514029
-9.46326e-05
-0.0001456
-0.00191674
-0.0022556
-0.00324552
-0.00109512
-0.00704599
-0.012534
-0.00892375
-0.00889992
-0.00754971
-0.00938687
-0.0105117
-0.0117217
-0.0130455
-1.64111e-05
0.00132161
0.00214065
0.000667826
0.000524626
-0.000103592
-0.000147281
-0.00188861
-0.00223776
-0.00325163
-0.00114255
-0.0070697
-0.0121079
-0.00900264
-0.0088239
-0.00767174
-0.0092978
-0.0104934
-0.0116895
-0.0128533
-1.91634e-05
0.00132963
0.00213824
0.000664767
0.000537112
-0.000112939
-0.000146835
-0.00185576
-0.00221248
-0.00325439
-0.00119265
-0.00708267
-0.0116852
-0.00906695
-0.00874756
-0.00778138
-0.00922154
-0.01046
-0.0116678
-0.0126576
-2.2121e-05
0.00133816
0.00213609
0.000664196
0.000551308
-0.000122454
-0.000144471
-0.00181888
-0.00218042
-0.0032542
-0.00124511
-0.00708322
-0.0112668
-0.00911441
-0.00867452
-0.00787749
-0.00915676
-0.0104114
-0.0116535
-0.0124568
-2.52332e-05
0.00134727
0.00213418
0.000665873
0.000566743
-0.000131926
-0.000140804
-0.00177908
-0.00214319
-0.00325192
-0.00129986
-0.00706929
-0.0108537
-0.00914367
-0.00860754
-0.00795817
-0.00910633
-0.0103483
-0.011644
-0.0122577
-2.8424e-05
0.0013569
0.00213246
0.000669205
0.000582757
-0.000141175
-0.000136635
-0.00173777
-0.00210318
-0.00324845
-0.00135659
-0.00703933
-0.0104474
-0.00915294
-0.00854777
-0.00802327
-0.00907449
-0.0102714
-0.0116363
-0.0120688
-3.16041e-05
0.00136696
0.00213095
0.000673651
0.000598751
-0.000150018
-0.000132747
-0.00169628
-0.00206274
-0.00324433
-0.00141437
-0.00699329
-0.0100508
-0.00913913
-0.00849585
-0.00807224
-0.00906256
-0.010183
-0.0116254
-0.0118973
-3.46897e-05
0.0013773
0.00212968
0.000678903
0.000614449
-0.000158274
-0.000129691
-0.00165552
-0.00202344
-0.00323926
-0.00147224
-0.00693248
-0.00966727
-0.00909825
-0.00845188
-0.00810176
-0.00906717
-0.0100863
-0.0116042
-0.011747
-3.76042e-05
0.00138783
0.00212869
0.000684883
0.000629872
-0.000165843
-0.000127687
-0.0016158
-0.00198592
-0.0032321
-0.00152966
-0.00685887
-0.00929995
-0.00902705
-0.00841466
-0.00810613
-0.00908012
-0.00998513
-0.0115645
-0.0116169
-4.02694e-05
0.00139841
0.00212805
0.000691637
0.000645131
-0.000172692
-0.000126719
-0.001577
-0.00195027
-0.00322143
-0.00158642
-0.00677419
-0.00895107
-0.00892459
-0.00838228
-0.0080804
-0.00908944
-0.00988229
-0.0114977
-0.0115006
-4.25994e-05
0.00140893
0.00212783
0.000699172
0.000660342
-0.000178805
-0.00012669
-0.00153876
-0.00191635
-0.00320614
-0.00164251
-0.00667919
-0.00862121
-0.00879176
-0.00835414
-0.00802263
-0.00908259
-0.00977955
-0.0113967
-0.0113887
-4.44927e-05
0.00141927
0.00212811
0.000707406
0.000675626
-0.000184173
-0.000127528
-0.00150063
-0.00188407
-0.00318544
-0.00169841
-0.00657395
-0.00831003
-0.00863077
-0.00832563
-0.007935
-0.00905034
-0.00967864
-0.0112575
-0.0112717
-4.58307e-05
0.00142929
0.00212899
0.000716206
0.000691045
-0.000188712
-0.000129182
-0.00146221
-0.00185355
-0.00315877
-0.00175469
-0.00645849
-0.00801717
-0.00844487
-0.00829547
-0.0078232
-0.00898773
-0.00958114
-0.0110801
-0.0111419
-4.64791e-05
0.0014388
0.00213055
0.000725428
0.000706638
-0.00019228
-0.000131707
-0.00142308
-0.00182514
-0.00312579
-0.00181161
-0.00633309
-0.00774201
-0.008238
-0.00826196
-0.00769482
-0.00889304
-0.00948789
-0.0108692
-0.0109933
-4.62852e-05
0.00144761
0.00213291
0.000734937
0.000722452
-0.000194764
-0.000135277
-0.00138279
-0.0017993
-0.00308617
-0.0018692
-0.0061983
-0.00748354
-0.00801395
-0.00822278
-0.007559
-0.00876678
-0.00939748
-0.0106331
-0.0108214
-4.50792e-05
0.00145552
0.00213617
0.000744651
0.000738474
-0.000196061
-0.000140086
-0.00134082
-0.00177653
-0.00303981
-0.00192693
-0.00605494
-0.00724075
-0.00777629
-0.00817476
-0.00742425
-0.00861021
-0.00930727
-0.0103831
-0.010623
-4.26743e-05
0.00146227
0.00214043
0.000754541
0.000754658
-0.000195974
-0.000146368
-0.00129678
-0.00175719
-0.00298695
-0.00198395
-0.00590417
-0.0070121
-0.00752879
-0.00811487
-0.00729574
-0.00842552
-0.00921461
-0.0101294
-0.0103947
-3.8863e-05
0.0014676
0.0021458
0.000764623
0.000770933
-0.000194157
-0.000154415
-0.00125042
-0.00174145
-0.00292795
-0.00203916
-0.0057477
-0.00679537
-0.00727447
-0.00804071
-0.00717734
-0.0082162
-0.00911527
-0.00987961
-0.0101349
-3.34108e-05
0.00147124
0.00215239
0.000774987
0.000787207
-0.00019027
-0.000164557
-0.00120147
-0.0017295
-0.00286347
-0.00209084
-0.00558744
-0.0065885
-0.00701586
-0.0079497
-0.00707126
-0.00798629
-0.00900322
-0.00963895
-0.00984528
-2.60752e-05
0.00147289
0.00216023
0.000785823
0.00080342
-0.000184079
-0.00017711
-0.00114964
-0.00172113
-0.00279465
-0.00213683
-0.0054253
-0.00638983
-0.00675568
-0.00783972
-0.00697708
-0.00774026
-0.00887212
-0.00941078
-0.00953044
-1.6593e-05
0.00147224
0.00216939
0.000797378
0.000819375
-0.000175115
-0.000192342
-0.0010948
-0.00171557
-0.00272296
-0.00217454
-0.00526279
-0.00619838
-0.00649616
-0.00770923
-0.00689322
-0.00748337
-0.00871547
-0.00919548
-0.00919754
-4.67054e-06
0.00146896
0.00217991
0.000809915
0.000834811
-0.000162635
-0.000210515
-0.00103718
-0.00171173
-0.00265011
-0.00220126
-0.00510041
-0.00601362
-0.00623928
-0.00755666
-0.00681781
-0.00722187
-0.00852736
-0.00899109
-0.00885621
9.99765e-06
0.00146275
0.00219171
0.00082379
0.000849525
-0.000145988
-0.000231563
-0.000977182
-0.00170805
-0.00257803
-0.00221513
-0.00493804
-0.00583464
-0.00598651
-0.00738095
-0.00674842
-0.00696229
-0.00830339
-0.00879368
-0.00851745
2.77602e-05
0.00145331
0.00220466
0.000839523
0.000863074
-0.000124553
-0.000255278
-0.000915597
-0.00170221
-0.00250874
-0.00221496
-0.00477503
-0.00566129
-0.00573881
-0.00718164
-0.00668137
-0.00671075
-0.00804172
-0.00859633
-0.00819221
4.89659e-05
0.00144034
0.00221866
0.000857688
0.000874735
-9.76448e-05
-0.000281457
-0.00085356
-0.00169114
-0.00244372
-0.00220051
-0.00460956
-0.00549423
-0.0054977
-0.00695845
-0.00661167
-0.00647249
-0.0077435
-0.00838868
-0.00789021
7.39676e-05
0.00142369
0.00223348
0.000878912
0.000883654
-6.47104e-05
-0.000309074
-0.000792954
-0.00167222
-0.00238317
-0.00217308
-0.00443903
-0.00533311
-0.0052652
-0.00671159
-0.0065339
-0.00625141
-0.00741338
-0.00815955
-0.00761705
0.000103166
0.0014032
0.0022486
0.000903953
0.000889126
-2.54558e-05
-0.000336741
-0.000735894
-0.00164352
-0.00232622
-0.00213499
-0.00426184
-0.00517605
-0.00504308
-0.00644274
-0.00644153
-0.0060491
-0.00705979
-0.00789824
-0.00737054
0.000136926
0.00137888
0.00226333
0.000933581
0.000890669
2.00951e-05
-0.000363181
-0.000684381
-0.00160324
-0.00227123
-0.00208902
-0.00407684
-0.00502049
-0.00483294
-0.0061548
-0.0063286
-0.00586479
-0.00669379
-0.00759566
-0.00713924
0.000175595
0.00135089
0.00227692
0.000968551
0.000887994
7.13789e-05
-0.000386265
-0.000640479
-0.00155113
-0.00221589
-0.00203785
-0.00388306
-0.00486386
-0.00463607
-0.00585105
-0.00618946
-0.00569435
-0.00632697
-0.00724929
-0.00690681
0.000219513
0.0013195
0.00228826
0.00100953
0.0008813
0.000127251
-0.000403311
-0.000605298
-0.00148819
-0.00215732
-0.00198392
-0.00368168
-0.00470282
-0.00445233
-0.00553614
-0.00601912
-0.00553137
-0.00596871
-0.00686342
-0.00665526
0.000268966
0.00128526
0.00229591
0.00105712
0.000871299
0.000186101
-0.000411879
-0.000579127
-0.00141618
-0.00209201
-0.00192896
-0.00347562
-0.00453371
-0.0042794
-0.00521542
-0.00581628
-0.00536939
-0.00562456
-0.00644815
-0.0063686
0.000324158
0.001249
0.00229812
0.00111188
0.000859337
0.000245731
-0.000409688
-0.000561005
-0.0013384
-0.00201718
-0.00187201
-0.00326797
-0.00435515
-0.0041146
-0.00489352
-0.00558033
-0.00520119
-0.00529564
-0.00601407
-0.00603965
0.000385207
0.0012118
0.00229284
0.00117407
0.000847575
0.000303441
-0.000394784
-0.000548038
-0.00125884
-0.00193268
-0.0018113
-0.00306073
-0.00416625
-0.00395498
-0.00457132
-0.00531226
-0.00502203
-0.00498197
-0.00556734
-0.00566209
0.000452126
0.00117494
0.00227806
0.00124376
0.000838641
0.000356659
-0.000366053
-0.000537294
-0.00118029
-0.0018376
-0.00174565
-0.00285689
-0.00396727
-0.00379732
-0.00425707
-0.00501327
-0.00482713
-0.00468471
-0.00511873
-0.00523449
0.000524766
0.00113979
0.00225196
0.0013206
0.000835864
0.000403174
-0.000323483
-0.000525283
-0.00110621
-0.00173354
-0.00167133
-0.00265638
-0.00376059
-0.0036412
-0.00395124
-0.00468718
-0.0046078
-0.00439683
-0.00467738
-0.00476882
0.000602918
0.00110772
0.00221349
0.0014034
0.000842545
0.000442036
-0.000268902
-0.000526394
-0.00103631
-0.00162385
-0.00158802
-0.00245808
-0.00354556
-0.00348458
-0.00366001
-0.00434246
-0.00436352
-0.00411063
-0.0042408
-0.00427005
0.000685866
0.0010803
0.00216211
0.00149041
0.000861803
0.000473093
-0.000204449
-0.000504484
-0.000969927
-0.00150963
-0.00149426
-0.00226068
-0.0033249
-0.00332683
-0.00338073
-0.00398417
-0.00409892
-0.00382793
-0.00381119
-0.00374103
0.000773299
0.0010587
0.00209874
0.00157846
0.000896522
0.000497885
-0.00013469
-0.000466769
-0.000904652
-0.00139515
-0.00139028
-0.00205839
-0.00309535
-0.0031666
-0.00312834
-0.0036152
-0.00380043
-0.00353686
-0.00338764
-0.0032326
0.000868154
0.00104445
0.00202514
0.00166414
0.000948094
0.000519474
-6.40338e-05
-0.000414466
-0.000835425
-0.00128017
-0.00127953
-0.00185184
-0.00284613
-0.00298411
-0.00286303
-0.00322708
-0.00346962
-0.00325411
-0.00301604
-0.00280098
0.000959963
0.00103923
0.00194374
0.00174376
0.00101704
0.000542007
5.03118e-06
-0.000349242
-0.000759364
-0.00116403
-0.00116108
-0.00163961
-0.00257868
-0.0027768
-0.00255295
-0.00281539
-0.0031058
-0.00297705
-0.00270485
-0.00245407
0.00105245
0.00104461
0.00185893
0.00181172
0.00110285
0.000571264
6.9294e-05
-0.000269621
-0.00067131
-0.00104782
-0.0010384
-0.00142037
-0.00229373
-0.00256454
-0.00236255
-0.00247047
-0.00275603
-0.00272103
-0.00243776
-0.00208763
0.00114371
0.00106229
0.00177444
0.00186588
0.00120056
0.00061267
0.000130314
-0.000183057
-0.000570075
-0.000925411
-0.000910466
-0.0012025
-0.00199358
-0.00231571
-0.00208978
-0.00210035
-0.00236279
-0.00242722
-0.0021856
-0.00180018
0.00123291
0.00109299
0.00169583
0.00189935
0.00130647
0.000671146
0.000188868
-9.19231e-05
-0.000454338
-0.000793435
-0.000780631
-0.000988072
-0.00168347
-0.00205045
-0.00187167
-0.00178328
-0.00197683
-0.00210248
-0.00193132
-0.00151503
0.00131918
0.00113695
0.00162668
0.00191223
0.00141486
0.000748892
0.000249725
-2.70749e-06
-0.00032768
-0.000648863
-0.000643856
-0.000779499
-0.00137887
-0.00177379
-0.00164116
-0.00148958
-0.00160256
-0.00174334
-0.00164824
-0.00123335
0.00140195
0.00119351
0.00157059
0.00190585
0.0015189
0.000846972
0.000317739
8.39624e-05
-0.000191027
-0.000489577
-0.000501758
-0.000581954
-0.00107724
-0.00147655
-0.00140655
-0.00121525
-0.00123745
-0.00135531
-0.00132305
-0.000936828
0.00148153
0.00126053
0.00153041
0.00188192
0.00161454
0.000962765
0.000397854
0.000171232
-5.28557e-05
-0.00032081
-0.000349024
-0.000385906
-0.00078007
-0.00117007
-0.00115235
-0.000940378
-0.000884795
-0.000957585
-0.000951361
-0.000619565
0.00155793
0.00133605
0.00150801
0.00185088
0.001696
0.00109085
0.00049503
0.000256968
8.44931e-05
-0.00014147
-0.000180849
-0.000191404
-0.000493933
-0.000848965
-0.000874775
-0.000666748
-0.000551104
-0.000565202
-0.000551667
-0.000281426
0.00163194
0.00141717
0.00150502
0.00179341
0.00175971
0.00122497
0.000610671
0.000351744
0.000222501
4.18581e-05
-2.90749e-06
7.6255e-06
-0.00021051
-0.000520904
-0.000583702
-0.000393019
-0.000224349
-0.000181807
-0.000146919
8.32657e-05
0.00170419
0.00150153
0.00152222
0.00176689
0.0018053
0.00135653
0.000745012
0.000458968
0.000358217
0.000227424
0.000189215
0.0002155
6.39558e-05
-0.000189586
-0.000271217
-0.000106751
9.4117e-05
0.000188255
0.000251363
0.00047127
0.00177558
0.00158714
0.00155895
0.00174999
0.00183275
0.00147968
0.000894604
0.00058221
0.000498312
0.00041503
0.000389369
0.000428785
0.000347202
0.000147786
6.08094e-05
0.000186702
0.000398602
0.000549074
0.000647366
0.000868606
0.00184703
0.00167268
0.00161245
0.00174719
0.00184794
0.00158869
0.00105319
0.000723623
0.000645588
0.000601779
0.000593864
0.000650121
0.000622033
0.000480989
0.000400386
0.000496983
0.000703277
0.00089973
0.00103878
0.00125934
0.00191946
0.00175742
0.00167871
0.00176175
0.00185893
0.00168051
0.00121245
0.000884049
0.000804398
0.000791128
0.000803038
0.000875356
0.000894896
0.000812374
0.000752223
0.000830438
0.00101507
0.00123027
0.00141728
0.0016485
0.00199346
0.00184158
0.00175247
0.00179414
0.00187461
0.00175618
0.00136727
0.00105876
0.000977292
0.000984686
0.00101485
0.00110196
0.00116569
0.00114415
0.00111048
0.00117625
0.0013395
0.00155181
0.0017797
0.0020409
0.00206918
0.0019253
0.00183065
0.00184182
0.0019003
0.00182274
0.0015146
0.00124242
0.00116428
0.00118632
0.00123031
0.00132999
0.00143032
0.00146715
0.00146976
0.00153082
0.00168176
0.00188386
0.00212383
0.00242057
0.00214666
0.00200876
0.00191161
0.00190046
0.00193923
0.00188926
0.00165292
0.00142913
0.00136269
0.00139805
0.00145339
0.00155934
0.00168788
0.00177691
0.00182643
0.0018933
0.00203268
0.00223143
0.00246236
0.00277744
0.00222569
0.00209214
0.00199431
0.00196789
0.00199149
0.00196158
0.00178366
0.0016126
0.00156842
0.00161858
0.00168594
0.00179601
0.00194127
0.00207203
0.00217145
0.00225996
0.00238588
0.0025858
0.00281338
0.00312066
0.00230577
0.00217566
0.00207876
0.00204277
0.00205571
0.00204155
0.00191171
0.00179028
0.00177637
0.00184654
0.0019274
0.00204151
0.00219662
0.00235552
0.00249721
0.00262339
0.00274357
0.00293759
0.00317751
0.00346779
0.00238652
0.00225928
0.00216519
0.00212389
0.00213004
0.00212956
0.00204061
0.00196313
0.00198079
0.00207805
0.00217733
0.00229456
0.00245584
0.00263466
0.00280476
0.00297243
0.00310581
0.00328397
0.00354021
0.00382912
0.00246775
0.00234292
0.00225341
0.00221025
0.00221233
0.00222504
0.00217192
0.00213423
0.00218038
0.00230587
0.00243339
0.0025571
0.00271717
0.00291327
0.00310188
0.00330012
0.00346403
0.00362875
0.00389063
0.0041993
0.00254929
0.00242639
0.00234304
0.00230131
0.00230084
0.00232639
0.00230601
0.00230512
0.00237667
0.00252714
0.00268693
0.00282832
0.00298409
0.00318823
0.00339461
0.00361133
0.00380938
0.00397424
0.00422536
0.00456088
0.00263092
0.00250934
0.00243325
0.00239655
0.00239476
0.00243179
0.00244201
0.00247589
0.0025706
0.00274274
0.00293254
0.00310054
0.00325885
0.00346188
0.00368086
0.00391011
0.00413852
0.00431959
0.00455168
0.0049005
0.00271225
0.00259169
0.00252323
0.00249485
0.00249306
0.00253958
0.00257861
0.00264666
0.00276122
0.002952
0.00317121
0.00336595
0.00353634
0.00373982
0.00396347
0.00419677
0.00444691
0.00465866
0.00487877
0.00521989
0.00279291
0.00267315
0.002612
0.00259478
0.00259489
0.00264838
0.00271305
0.00281592
0.0029503
0.0031539
0.00339979
0.00362439
0.00380924
0.00401806
0.00424892
0.00447904
0.00473414
0.00497986
0.00520787
0.00553186
0.00287204
0.00275342
0.00269867
0.00269445
0.00269878
0.00275772
0.00284354
0.00297924
0.00313716
0.00335172
0.00361604
0.00387255
0.00407707
0.00428892
0.00453262
0.00476413
0.00500865
0.0052767
0.00552782
0.00584273
0.00294922
0.00283194
0.00278258
0.00279172
0.00280234
0.00286574
0.0029697
0.00313431
0.00331588
0.00354557
0.00382256
0.004106
0.00434129
0.00455554
0.00480767
0.00505315
0.00528205
0.00555484
0.00583144
0.00614782
0.003023
0.00290783
0.00286302
0.00288489
0.00290359
0.00296993
0.00308878
0.00328015
0.00348339
0.00372985
0.00402077
0.00431975
0.00459107
0.00482061
0.00507039
0.00533758
0.00556464
0.00582767
0.00612456
0.00645476
0.00309345
0.00298005
0.00293883
0.00297157
0.00299968
0.00306944
0.00319745
0.00341217
0.00363932
0.00390112
0.00421145
0.00452236
0.00482153
0.0050848
0.00532286
0.00559593
0.00583203
0.00607843
0.00638387
0.00674218
0.00315883
0.0030485
0.00300994
0.00304992
0.00308628
0.00316056
0.00329438
0.0035245
0.00377584
0.00405146
0.00438406
0.00471821
0.00504167
0.00536226
0.00562226
0.00589094
0.00613093
0.00632953
0.00657172
0.00688782
0.00321828
0.00310749
0.00307445
0.00312043
0.00316089
0.00323866
0.0033765
0.00361593
0.0038866
0.00417457
0.0045141
0.00486714
0.00519679
0.00555562
0.00587307
0.00618659
0.00652939
0.00683911
0.00714533
0.00747513
0.00327302
0.00316277
0.00312895
0.00317774
0.00322606
0.00330509
0.00344091
0.00368267
0.00397696
0.0043049
0.00468732
0.00509643
0.00547321
0.00584179
0.00613374
0.00632604
0.0065067
0.00669438
0.00691562
0.00722402
0.0033203
0.00319734
0.00316414
0.00321082
0.00326403
0.00334701
0.00347255
0.00368306
0.00393413
0.00421774
0.00457777
0.00504406
0.0055643
0.00612167
0.00666056
0.0071424
0.00760326
0.00806366
0.00848962
0.00883947
0.00336904
0.00326693
0.00321853
0.00326627
0.00330933
0.00337707
0.0035012
0.00373981
0.00407419
0.00445367
0.00488007
0.00534616
0.00576452
0.00615433
0.00647841
0.00670753
0.00688945
0.00708289
0.00730741
0.00756711
0.00335188
0.00322679
0.00319972
0.00327886
0.00334535
0.00341371
0.00352535
0.00374697
0.00408996
0.0044793
0.00486651
0.00533678
0.00581439
0.00629649
0.00683694
0.00738907
0.0079015
0.00835802
0.00875874
0.00908567
0.00347395
0.00334849
0.00326313
0.00325379
0.00324145
0.00326641
0.0033695
0.00358635
0.00394593
0.00442369
0.00489289
0.00542303
0.00597078
0.00641966
0.00680614
0.00717114
0.00753648
0.00788771
0.00822878
0.00854013
-0.0168023
-0.0115655
-0.0129756
-0.0161136
-0.0154594
-0.0121568
-0.00858812
-0.00562105
-0.00326184
-0.00129399
0.000351253
0.00169119
0.00303138
0.00457916
0.00603073
0.00721873
0.00834746
0.00944775
0.0104289
0.0113102
0.0121047
0.0128901
0.0138991
0.0152297
0.0166916
0.018022
0.0191817
0.0202832
0.0213477
0.0223843
0.0234898
0.0246651
0.025802
0.0268807
0.0279737
0.0291363
0.0303308
0.0315576
0.0328513
0.034187
0.0355194
0.0368438
0.0381758
0.0395191
0.0408791
0.042262
0.043676
0.04511
0.0465824
0.0480739
0.0495968
0.0511518
0.0527154
0.0543057
0.0559315
0.0575501
0.0592278
0.0609653
0.0627054
0.0644821
0.0663208
0.0682013
0.0700936
0.072001
0.0739398
0.0758775
0.0777786
0.0797665
0.0818588
0.0840184
0.0862015
0.0884592
0.0907895
0.0930606
0.0952234
0.0974732
0.0999218
0.102442
0.104945
0.107488
0.1101
0.112724
0.11535
0.118076
0.12084
0.123668
0.126533
0.129446
0.132456
0.135518
0.138668
0.141811
0.145054
0.148306
0.151674
0.155076
0.158602
0.162192
0.165651
0.169327
-0.01633
-0.0115824
-0.0128649
-0.0159696
-0.0153782
-0.0121177
-0.00856581
-0.00560656
-0.00325078
-0.00128392
0.000360987
0.00169967
0.00303828
0.00458559
0.00603704
0.00722434
0.00835253
0.00945261
0.0104334
0.0113143
0.0121084
0.0128931
0.0139016
0.0152321
0.0166942
0.0180246
0.019184
0.0202853
0.0213497
0.022386
0.0234913
0.0246665
0.0258034
0.026882
0.0279748
0.0291372
0.0303318
0.0315584
0.0328521
0.0341877
0.0355201
0.0368445
0.0381764
0.0395197
0.0408796
0.0422625
0.0436766
0.0451105
0.0465828
0.0480743
0.0495972
0.0511523
0.0527158
0.0543061
0.0559319
0.0575505
0.0592282
0.0609656
0.0627057
0.0644824
0.0663211
0.0682016
0.0700939
0.0720013
0.07394
0.0758778
0.0777789
0.0797667
0.081859
0.0840186
0.0862017
0.0884594
0.0907897
0.0930608
0.0952236
0.0974734
0.099922
0.102442
0.104945
0.107488
0.1101
0.112724
0.11535
0.118076
0.12084
0.123668
0.126533
0.129446
0.132456
0.135518
0.138668
0.141812
0.145054
0.148306
0.151674
0.155076
0.158602
0.162192
0.165651
0.169328
-0.016145
-0.0117007
-0.0126428
-0.0156709
-0.0152257
-0.0120545
-0.00853314
-0.00558656
-0.00323811
-0.00127532
0.000368412
0.00170705
0.00304529
0.004592
0.00604269
0.00722919
0.00835706
0.00945704
0.0104376
0.0113181
0.0121115
0.0128953
0.0139033
0.0152341
0.0166967
0.018027
0.019186
0.0202871
0.0213513
0.0223875
0.0234926
0.0246678
0.0258047
0.0268831
0.0279757
0.0291381
0.0303325
0.031559
0.0328527
0.0341884
0.0355207
0.036845
0.0381769
0.0395201
0.0408801
0.042263
0.043677
0.0451109
0.0465832
0.0480747
0.0495976
0.0511526
0.0527162
0.0543065
0.0559322
0.0575508
0.0592284
0.0609659
0.062706
0.0644827
0.0663213
0.0682018
0.0700941
0.0720015
0.0739403
0.0758781
0.0777791
0.0797669
0.0818592
0.0840188
0.0862018
0.0884595
0.0907899
0.0930611
0.0952238
0.0974735
0.0999221
0.102442
0.104946
0.107488
0.1101
0.112724
0.11535
0.118076
0.12084
0.123668
0.126533
0.129446
0.132456
0.135518
0.138668
0.141812
0.145054
0.148306
0.151674
0.155076
0.158602
0.162192
0.165651
0.169328
-0.0160129
-0.0117764
-0.012336
-0.0152741
-0.0150051
-0.0119573
-0.00847921
-0.00555271
-0.00321749
-0.00126352
0.000376648
0.00171583
0.00305437
0.00459934
0.00604816
0.00723388
0.00836168
0.00946179
0.0104425
0.0113227
0.0121152
0.0128979
0.0139053
0.0152365
0.0166996
0.0180301
0.0191885
0.0202892
0.0213533
0.0223892
0.0234943
0.0246694
0.0258062
0.0268844
0.0279768
0.0291391
0.0303335
0.0315598
0.0328534
0.0341891
0.0355214
0.0368456
0.0381775
0.0395207
0.0408806
0.0422634
0.0436774
0.0451113
0.0465836
0.0480751
0.049598
0.051153
0.0527166
0.0543068
0.0559326
0.0575511
0.0592287
0.0609662
0.0627063
0.0644829
0.0663216
0.0682021
0.0700944
0.0720018
0.0739405
0.0758784
0.0777793
0.079767
0.0818594
0.084019
0.086202
0.0884597
0.0907901
0.0930613
0.0952239
0.0974735
0.0999222
0.102442
0.104946
0.107488
0.110101
0.112725
0.11535
0.118076
0.12084
0.123668
0.126533
0.129446
0.132456
0.135518
0.138668
0.141812
0.145054
0.148306
0.151674
0.155076
0.158602
0.162193
0.165651
0.169329
-0.0158398
-0.0118185
-0.0120131
-0.0148414
-0.0147517
-0.0118412
-0.00841172
-0.00550762
-0.00318859
-0.00124719
0.000386888
0.00172703
0.00306652
0.00460808
0.00605344
0.00723843
0.00836624
0.00946644
0.0104477
0.011328
0.0121196
0.0129013
0.0139083
0.0152396
0.0167034
0.0180338
0.0191917
0.0202918
0.0213557
0.0223917
0.0234966
0.0246715
0.0258081
0.0268862
0.0279784
0.0291405
0.0303348
0.0315609
0.0328544
0.0341901
0.0355223
0.0368464
0.0381782
0.0395213
0.0408811
0.0422639
0.0436779
0.0451118
0.0465841
0.0480755
0.0495984
0.0511534
0.052717
0.0543071
0.0559329
0.0575515
0.059229
0.0609666
0.0627066
0.0644832
0.0663219
0.0682024
0.0700947
0.0720021
0.0739408
0.0758787
0.0777795
0.0797671
0.0818596
0.0840193
0.0862022
0.0884598
0.0907904
0.0930616
0.0952241
0.0974736
0.0999223
0.102442
0.104946
0.107488
0.110101
0.112725
0.11535
0.118076
0.12084
0.123668
0.126533
0.129447
0.132457
0.135518
0.138669
0.141812
0.145054
0.148306
0.151674
0.155076
0.158603
0.162193
0.165652
0.169331
-0.0156481
-0.0118726
-0.0116958
-0.014383
-0.0144736
-0.0117144
-0.0083385
-0.00545674
-0.00315423
-0.00122703
0.000399576
0.00174094
0.00308145
0.00461784
0.00605832
0.00724268
0.00837057
0.00947073
0.0104528
0.0113331
0.0121239
0.0129054
0.0139127
0.0152442
0.0167083
0.0180387
0.0191957
0.0202949
0.0213588
0.0223951
0.0234998
0.0246742
0.0258104
0.0268886
0.0279807
0.0291426
0.0303366
0.0315624
0.0328558
0.0341915
0.0355236
0.0368476
0.0381791
0.0395221
0.0408818
0.0422646
0.0436785
0.0451123
0.0465845
0.048076
0.0495989
0.051154
0.0527174
0.0543075
0.0559333
0.0575519
0.0592294
0.0609669
0.0627069
0.0644835
0.0663222
0.0682027
0.0700951
0.0720024
0.0739411
0.075879
0.0777798
0.0797673
0.0818598
0.0840195
0.0862024
0.08846
0.0907907
0.093062
0.0952243
0.0974736
0.0999225
0.102443
0.104946
0.107488
0.110101
0.112725
0.11535
0.118076
0.120841
0.123668
0.126534
0.129447
0.132457
0.135518
0.138669
0.141812
0.145054
0.148306
0.151674
0.155076
0.158603
0.162193
0.165652
0.169333
-0.0154562
-0.0119327
-0.0113749
-0.013899
-0.014174
-0.011581
-0.00826351
-0.00540323
-0.00311644
-0.00120379
0.00041464
0.00175704
0.00309831
0.00462833
0.00606288
0.00724653
0.00837459
0.00947471
0.0104576
0.0113374
0.0121271
0.0129091
0.013918
0.0152503
0.0167148
0.0180451
0.0192009
0.0202986
0.0213624
0.0223996
0.0235042
0.0246774
0.0258131
0.0268916
0.0279838
0.0291454
0.0303392
0.0315647
0.0328578
0.0341935
0.0355254
0.0368491
0.0381804
0.0395232
0.0408828
0.0422654
0.0436793
0.045113
0.0465851
0.0480765
0.0495995
0.0511546
0.0527179
0.0543079
0.0559338
0.0575523
0.0592297
0.0609672
0.0627073
0.0644839
0.0663225
0.068203
0.0700954
0.0720027
0.0739415
0.0758794
0.07778
0.0797674
0.08186
0.0840199
0.0862026
0.0884602
0.0907911
0.0930624
0.0952245
0.0974737
0.0999226
0.102443
0.104946
0.107488
0.110101
0.112725
0.115351
0.118077
0.120841
0.123669
0.126534
0.129447
0.132457
0.135518
0.138669
0.141812
0.145054
0.148306
0.151674
0.155076
0.158603
0.162193
0.165652
0.169336
-0.0152512
-0.0119838
-0.0110534
-0.0133979
-0.0138561
-0.0114424
-0.00818803
-0.00534806
-0.00307568
-0.00117749
0.00043204
0.0017748
0.00311644
0.00463947
0.00606741
0.00725009
0.00837834
0.00947851
0.0104621
0.0113408
0.0121285
0.0129112
0.0139227
0.0152573
0.0167231
0.0180533
0.0192075
0.0203031
0.0213668
0.0224053
0.0235096
0.0246811
0.025816
0.026895
0.0279874
0.0291488
0.0303424
0.0315676
0.0328604
0.0341959
0.0355277
0.0368511
0.0381821
0.0395247
0.0408841
0.0422665
0.0436804
0.0451138
0.0465858
0.0480772
0.0496002
0.0511554
0.0527186
0.0543084
0.0559344
0.0575529
0.0592302
0.0609676
0.0627077
0.0644843
0.0663228
0.0682034
0.0700959
0.0720031
0.0739419
0.0758798
0.0777803
0.0797675
0.0818602
0.0840202
0.0862028
0.0884605
0.0907915
0.0930628
0.0952247
0.0974738
0.0999229
0.102443
0.104946
0.107489
0.110101
0.112725
0.115351
0.118077
0.120841
0.123669
0.126534
0.129447
0.132457
0.135518
0.138669
0.141812
0.145055
0.148306
0.151675
0.155076
0.158603
0.162193
0.165653
0.16934
-0.0150201
-0.0120251
-0.0107439
-0.0128867
-0.013519
-0.011297
-0.00811137
-0.00529101
-0.00303175
-0.00114799
0.000451693
0.00179396
0.00313562
0.0046513
0.00607209
0.00725351
0.00838186
0.0094821
0.0104664
0.0113435
0.0121282
0.0129111
0.0139258
0.0152638
0.0167323
0.0180633
0.0192156
0.0203085
0.0213718
0.0224118
0.023516
0.0246853
0.0258191
0.0268986
0.0279913
0.0291525
0.030346
0.0315711
0.0328636
0.034199
0.0355305
0.0368535
0.0381843
0.0395266
0.0408858
0.0422681
0.0436818
0.045115
0.0465866
0.0480779
0.0496011
0.0511564
0.0527194
0.0543091
0.0559351
0.0575537
0.0592307
0.0609679
0.062708
0.0644847
0.0663231
0.0682038
0.0700964
0.0720036
0.0739423
0.0758804
0.0777807
0.0797676
0.0818604
0.0840206
0.0862031
0.0884608
0.090792
0.0930633
0.095225
0.0974739
0.0999231
0.102444
0.104947
0.107489
0.110102
0.112726
0.115351
0.118077
0.120841
0.123669
0.126534
0.129447
0.132457
0.135518
0.138669
0.141812
0.145055
0.148307
0.151675
0.155076
0.158602
0.162193
0.165653
0.169344
-0.0147599
-0.0120602
-0.0104549
-0.0123677
-0.0131589
-0.0111418
-0.00803278
-0.00523216
-0.00298489
-0.00111545
0.000473512
0.00181448
0.00315584
0.00466385
0.00607702
0.00725685
0.00838512
0.00948531
0.0104704
0.0113457
0.0121268
0.0129092
0.0139269
0.015269
0.0167414
0.018074
0.0192248
0.0203147
0.0213774
0.022419
0.0235231
0.0246901
0.0258225
0.0269023
0.0279952
0.0291561
0.0303497
0.0315748
0.0328672
0.0342025
0.0355337
0.0368562
0.0381867
0.0395289
0.0408879
0.0422702
0.0436838
0.0451166
0.0465878
0.0480788
0.0496021
0.0511575
0.0527205
0.05431
0.0559361
0.0575549
0.0592315
0.0609684
0.0627085
0.0644851
0.0663234
0.068204
0.0700968
0.0720041
0.0739429
0.0758811
0.0777812
0.0797678
0.0818607
0.0840209
0.0862032
0.0884611
0.0907925
0.0930638
0.0952253
0.0974741
0.0999234
0.102444
0.104947
0.107489
0.110102
0.112726
0.115351
0.118077
0.120841
0.123669
0.126534
0.129447
0.132457
0.135519
0.138669
0.141812
0.145055
0.148307
0.151675
0.155076
0.158602
0.162193
0.165654
0.169348
-0.0144704
-0.0120859
-0.0101899
-0.0118426
-0.0127733
-0.0109748
-0.00795232
-0.00517232
-0.00293581
-0.0010801
0.000497627
0.00183653
0.00317715
0.00467716
0.0060823
0.00726023
0.00838814
0.00948803
0.0104739
0.0113475
0.0121249
0.0129062
0.0139265
0.0152725
0.0167494
0.0180843
0.019234
0.0203211
0.0213832
0.0224264
0.0235306
0.0246951
0.025826
0.0269061
0.027999
0.0291596
0.0303532
0.0315785
0.032871
0.0342064
0.0355373
0.0368592
0.0381893
0.0395313
0.0408902
0.0422725
0.0436862
0.0451187
0.0465893
0.04808
0.0496033
0.0511587
0.0527216
0.0543109
0.0559373
0.0575564
0.0592325
0.060969
0.0627091
0.0644856
0.0663235
0.0682041
0.0700971
0.0720045
0.0739433
0.0758819
0.077782
0.0797682
0.081861
0.0840212
0.0862032
0.0884613
0.090793
0.0930643
0.0952257
0.0974744
0.0999238
0.102444
0.104947
0.107489
0.110102
0.112727
0.115352
0.118077
0.120842
0.123669
0.126534
0.129447
0.132457
0.135519
0.138669
0.141813
0.145055
0.148307
0.151675
0.155077
0.158602
0.162193
0.165654
0.169354
-0.0141505
-0.012093
-0.00995159
-0.0113164
-0.0123624
-0.010795
-0.00787014
-0.00511226
-0.00288507
-0.001042
0.000524317
0.00186038
0.00319967
0.00469128
0.00608803
0.00726371
0.00839088
0.00949011
0.0104769
0.0113492
0.0121233
0.0129035
0.0139257
0.0152746
0.0167557
0.0180934
0.0192426
0.0203273
0.0213889
0.0224339
0.0235381
0.0247002
0.0258295
0.0269098
0.0280027
0.0291629
0.0303567
0.0315822
0.0328748
0.0342105
0.0355412
0.0368625
0.038192
0.0395337
0.0408925
0.0422751
0.043689
0.0451213
0.0465913
0.0480815
0.0496046
0.0511601
0.0527228
0.0543119
0.0559386
0.0575581
0.0592339
0.0609698
0.0627099
0.0644863
0.0663237
0.0682041
0.0700973
0.0720047
0.0739436
0.0758826
0.077783
0.0797691
0.0818618
0.0840217
0.0862031
0.0884612
0.0907933
0.0930648
0.0952262
0.0974748
0.0999244
0.102445
0.104948
0.10749
0.110103
0.112727
0.115352
0.118078
0.120842
0.12367
0.126535
0.129447
0.132458
0.135519
0.13867
0.141813
0.145055
0.148307
0.151675
0.155077
0.158602
0.162192
0.165655
0.16936
-0.0138008
-0.0120717
-0.00974244
-0.0107964
-0.0119282
-0.0106005
-0.00778579
-0.00505232
-0.002833
-0.00100112
0.000553837
0.00188633
0.00322363
0.00470637
0.00609431
0.00726738
0.00839343
0.00949157
0.0104793
0.0113488
0.0121233
0.0129029
0.0139264
0.0152764
0.0167602
0.0181005
0.0192497
0.0203328
0.0213943
0.0224413
0.0235456
0.0247052
0.0258329
0.0269135
0.0280065
0.0291664
0.0303602
0.0315858
0.0328786
0.0342147
0.0355452
0.0368658
0.0381949
0.0395363
0.0408948
0.0422776
0.0436918
0.045124
0.0465935
0.0480833
0.0496061
0.0511614
0.0527241
0.054313
0.05594
0.0575601
0.0592356
0.0609709
0.062711
0.0644872
0.066324
0.068204
0.0700972
0.0720046
0.0739436
0.0758831
0.0777839
0.0797701
0.0818631
0.0840226
0.0862028
0.0884607
0.0907932
0.093065
0.0952267
0.0974754
0.099925
0.102445
0.104948
0.10749
0.110103
0.112727
0.115353
0.118078
0.120842
0.123671
0.126535
0.129448
0.132458
0.135519
0.13867
0.141813
0.145056
0.148307
0.151675
0.155077
0.158602
0.162192
0.165655
0.169367
-0.0134264
-0.0120143
-0.0095636
-0.0102903
-0.0114734
-0.0103889
-0.00769806
-0.0049925
-0.00277981
-0.000957553
0.00058632
0.00191463
0.00324927
0.00472262
0.00610132
0.00727147
0.00839597
0.00949264
0.0104812
0.0113519
0.0121264
0.0129068
0.013931
0.0152795
0.0167634
0.0181056
0.0192552
0.0203373
0.0213994
0.0224485
0.0235529
0.0247099
0.0258361
0.0269173
0.0280106
0.0291703
0.0303642
0.0315897
0.0328824
0.0342187
0.0355492
0.0368692
0.0381978
0.0395389
0.0408972
0.0422801
0.0436947
0.0451269
0.046596
0.0480853
0.0496078
0.0511629
0.0527254
0.0543142
0.0559414
0.0575622
0.0592375
0.0609722
0.0627123
0.0644883
0.0663244
0.0682038
0.070097
0.0720043
0.0739432
0.0758831
0.0777845
0.0797711
0.0818649
0.0840241
0.0862027
0.0884599
0.0907925
0.0930647
0.095227
0.0974761
0.099926
0.102446
0.104948
0.10749
0.110103
0.112728
0.115353
0.118079
0.120843
0.123671
0.126536
0.129448
0.132458
0.135519
0.13867
0.141813
0.145056
0.148307
0.151675
0.155077
0.158601
0.162191
0.165656
0.169374
-0.013036
-0.0119161
-0.00941341
-0.00980486
-0.0110019
-0.0101571
-0.00760492
-0.00493234
-0.00272575
-0.000911713
0.000621722
0.00194549
0.00327683
0.00474025
0.00610927
0.00727618
0.00839879
0.00949359
0.0104831
0.0113562
0.0121264
0.0129175
0.0139419
0.0152858
0.0167662
0.0181087
0.0192589
0.0203409
0.021404
0.0224556
0.0235602
0.0247145
0.0258392
0.0269212
0.0280152
0.0291747
0.0303689
0.0315942
0.0328865
0.0342227
0.0355529
0.0368725
0.0382007
0.0395417
0.0408998
0.0422827
0.0436977
0.0451299
0.0465986
0.0480875
0.0496096
0.0511644
0.0527268
0.0543154
0.0559429
0.0575643
0.0592395
0.0609737
0.0627138
0.0644897
0.066325
0.0682037
0.0700966
0.0720038
0.0739425
0.0758827
0.0777845
0.0797717
0.0818667
0.0840261
0.0862027
0.0884587
0.0907913
0.0930638
0.0952269
0.0974768
0.0999271
0.102447
0.104949
0.107491
0.110103
0.112728
0.115354
0.118079
0.120844
0.123672
0.126537
0.129449
0.132459
0.13552
0.13867
0.141814
0.145056
0.148308
0.151675
0.155077
0.158601
0.162191
0.165657
0.169382
-0.0126397
-0.0117749
-0.00928705
-0.00934621
-0.0105178
-0.00990169
-0.00750372
-0.00487142
-0.00267119
-0.000864136
0.000659971
0.00197924
0.00330662
0.0047595
0.00611829
0.00728156
0.00840206
0.00949466
0.0104852
0.0113626
0.0121397
0.0129367
0.0139614
0.0152973
0.0167696
0.0181103
0.019261
0.0203436
0.0214084
0.0224627
0.0235674
0.0247191
0.0258423
0.0269255
0.0280207
0.0291801
0.0303744
0.0315997
0.0328912
0.0342266
0.0355564
0.0368755
0.0382036
0.0395445
0.0409025
0.0422855
0.0437006
0.0451328
0.0466012
0.0480898
0.0496115
0.051166
0.0527283
0.0543167
0.0559444
0.0575665
0.0592415
0.0609753
0.0627154
0.0644912
0.0663257
0.0682036
0.0700961
0.072003
0.0739416
0.0758819
0.0777839
0.0797716
0.0818681
0.0840284
0.086203
0.0884573
0.0907893
0.0930621
0.0952263
0.0974772
0.0999283
0.102448
0.10495
0.107491
0.110104
0.112728
0.115354
0.11808
0.120844
0.123673
0.126538
0.12945
0.13246
0.13552
0.138671
0.141814
0.145057
0.148308
0.151675
0.155078
0.1586
0.16219
0.165658
0.16939
-0.0122462
-0.0115907
-0.00917743
-0.00891902
-0.0100253
-0.00961943
-0.0073917
-0.00480926
-0.00261634
-0.000815092
0.00070099
0.00201615
0.00333898
0.00478064
0.00612854
0.00728776
0.00840596
0.00949628
0.0104881
0.0113716
0.012159
0.0129649
0.0139902
0.015315
0.0167745
0.0181108
0.019262
0.0203457
0.0214125
0.0224698
0.0235748
0.0247236
0.0258455
0.0269303
0.0280271
0.0291866
0.030381
0.0316062
0.0328967
0.0342307
0.0355595
0.0368784
0.0382064
0.0395473
0.0409054
0.0422885
0.0437037
0.0451359
0.0466038
0.0480922
0.0496136
0.0511677
0.0527298
0.054318
0.055946
0.0575686
0.0592436
0.060977
0.0627172
0.0644929
0.0663265
0.0682036
0.0700954
0.0720021
0.0739406
0.075881
0.0777829
0.0797707
0.0818689
0.0840306
0.0862034
0.0884555
0.0907867
0.0930598
0.0952251
0.0974773
0.0999296
0.102449
0.10495
0.107492
0.110104
0.112728
0.115354
0.11808
0.120845
0.123673
0.126539
0.129451
0.132461
0.135521
0.138671
0.141815
0.145057
0.148309
0.151675
0.155078
0.1586
0.162189
0.165659
0.169399
-0.0118626
-0.0113654
-0.00907526
-0.00852614
-0.0095286
-0.00930816
-0.00726585
-0.00474469
-0.00256092
-0.00076479
0.000744546
0.0020563
0.0033743
0.00480392
0.00614035
0.00729509
0.00841065
0.00949877
0.010492
0.0113832
0.0121837
0.0130012
0.0140278
0.015339
0.0167815
0.0181107
0.0192621
0.0203473
0.0214166
0.0224771
0.0235823
0.0247284
0.025849
0.0269357
0.0280345
0.0291942
0.0303887
0.0316139
0.0329031
0.0342349
0.0355625
0.0368812
0.0382092
0.0395503
0.0409085
0.0422918
0.0437069
0.045139
0.0466067
0.0480948
0.0496158
0.0511695
0.0527314
0.0543194
0.0559477
0.0575708
0.0592458
0.0609788
0.062719
0.0644946
0.0663275
0.0682036
0.0700947
0.0720009
0.0739394
0.07588
0.0777818
0.0797695
0.0818688
0.0840322
0.0862039
0.0884535
0.0907835
0.0930567
0.0952236
0.0974772
0.0999307
0.102451
0.104951
0.107493
0.110104
0.112728
0.115355
0.118081
0.120845
0.123674
0.126539
0.129452
0.132463
0.135522
0.138671
0.141815
0.145058
0.148309
0.151676
0.155078
0.158599
0.162187
0.16566
0.169408
-0.0114941
-0.011102
-0.00897032
-0.00816927
-0.00903303
-0.00896703
-0.0071225
-0.00467583
-0.00250453
-0.000713582
0.000790231
0.00209975
0.00341292
0.00482972
0.00615396
0.00730368
0.00841636
0.00950227
0.0104971
0.0113972
0.0122131
0.0130443
0.0140723
0.0153682
0.0167906
0.0181106
0.019262
0.0203487
0.0214207
0.0224846
0.0235902
0.0247334
0.0258528
0.0269416
0.0280429
0.029203
0.0303974
0.0316227
0.0329103
0.0342393
0.0355654
0.036884
0.0382121
0.0395533
0.0409118
0.0422952
0.0437103
0.0451423
0.0466096
0.0480975
0.0496182
0.0511714
0.052733
0.0543208
0.0559495
0.057573
0.059248
0.0609806
0.0627209
0.0644964
0.0663286
0.0682036
0.0700939
0.0719998
0.0739382
0.075879
0.0777809
0.0797683
0.0818684
0.0840334
0.0862046
0.0884515
0.0907799
0.0930532
0.0952219
0.0974771
0.0999318
0.102452
0.104952
0.107493
0.110104
0.112728
0.115355
0.118081
0.120846
0.123675
0.12654
0.129453
0.132464
0.135523
0.138671
0.141816
0.145059
0.14831
0.151676
0.155079
0.158599
0.162186
0.165661
0.169418
-0.0111434
-0.0108048
-0.00885343
-0.00784916
-0.00854439
-0.00859658
-0.00695771
-0.00460043
-0.0024467
-0.00066173
0.00083753
0.00214629
0.00345516
0.00485853
0.00616967
0.00731365
0.00842326
0.00950697
0.0105037
0.0114133
0.0122461
0.0130919
0.0141214
0.0154012
0.0168017
0.0181109
0.0192619
0.0203502
0.021425
0.0224923
0.0235984
0.0247387
0.0258569
0.0269481
0.0280522
0.0292127
0.030407
0.0316324
0.0329182
0.0342441
0.0355684
0.0368869
0.0382152
0.0395565
0.0409153
0.0422989
0.0437138
0.0451457
0.0466127
0.0481004
0.0496208
0.0511735
0.0527348
0.0543224
0.0559514
0.0575752
0.0592502
0.0609824
0.0627229
0.0644983
0.0663297
0.0682038
0.0700931
0.0719985
0.0739368
0.075878
0.0777805
0.0797678
0.0818679
0.0840341
0.0862057
0.0884498
0.0907761
0.0930494
0.0952203
0.0974773
0.0999328
0.102453
0.104953
0.107494
0.110104
0.112727
0.115355
0.118081
0.120846
0.123676
0.126541
0.129454
0.132465
0.135524
0.138672
0.141816
0.145059
0.148311
0.151677
0.155079
0.158598
0.162184
0.165662
0.169428
-0.0108113
-0.0104801
-0.00871692
-0.00756416
-0.00806827
-0.00819964
-0.00676792
-0.00451583
-0.00238658
-0.000609134
0.000885926
0.00219557
0.00350118
0.00489076
0.00618793
0.00732533
0.00843139
0.00951296
0.0105117
0.0114313
0.0122814
0.013142
0.0141727
0.0154363
0.0168145
0.018112
0.0192623
0.0203521
0.0214294
0.0225003
0.0236069
0.0247445
0.0258614
0.026955
0.0280622
0.0292233
0.0304174
0.0316428
0.0329268
0.0342493
0.0355716
0.0368901
0.0382184
0.0395599
0.0409189
0.0423027
0.0437176
0.0451493
0.046616
0.0481034
0.0496236
0.0511757
0.0527365
0.054324
0.0559535
0.0575775
0.0592526
0.0609843
0.062725
0.0645002
0.066331
0.068204
0.0700923
0.0719972
0.0739355
0.0758772
0.0777808
0.0797682
0.081868
0.0840348
0.0862071
0.0884484
0.0907722
0.0930455
0.0952191
0.0974781
0.0999338
0.102454
0.104953
0.107494
0.110104
0.112727
0.115355
0.118082
0.120847
0.123676
0.126541
0.129455
0.132466
0.135525
0.138672
0.141816
0.14506
0.148312
0.151677
0.15508
0.158597
0.162183
0.165663
0.169438
-0.0104961
-0.0101359
-0.00855476
-0.0073094
-0.00761025
-0.00778146
-0.00655002
-0.00441901
-0.00232298
-0.000555456
0.000934948
0.00224706
0.00355102
0.0049269
0.00620922
0.007339
0.00844092
0.00952037
0.0105214
0.0114511
0.0123182
0.013193
0.0142247
0.0154724
0.0168286
0.0181144
0.0192635
0.0203544
0.0214341
0.0225086
0.0236158
0.0247507
0.0258663
0.0269623
0.028073
0.0292348
0.0304285
0.0316538
0.0329358
0.0342548
0.0355752
0.0368934
0.0382219
0.0395635
0.0409227
0.0423066
0.0437215
0.0451531
0.0466194
0.0481065
0.0496265
0.051178
0.0527384
0.0543258
0.0559557
0.0575801
0.0592551
0.0609864
0.0627271
0.0645022
0.0663324
0.0682044
0.0700917
0.0719959
0.0739342
0.0758763
0.0777817
0.07977
0.0818689
0.0840356
0.0862089
0.0884476
0.0907683
0.0930417
0.0952186
0.0974799
0.0999351
0.102455
0.104954
0.107494
0.110104
0.112727
0.115356
0.118082
0.120848
0.123677
0.126542
0.129456
0.132467
0.135526
0.138672
0.141816
0.14506
0.148313
0.151678
0.15508
0.158596
0.162181
0.165665
0.169448
-0.0101937
-0.00978144
-0.00836327
-0.0070777
-0.00717596
-0.00734847
-0.00630182
-0.00430685
-0.00225427
-0.00050007
0.000984342
0.00230009
0.00360448
0.00496732
0.00623399
0.00735494
0.00845211
0.00952931
0.0105329
0.0114726
0.0123562
0.0132443
0.0142764
0.0155088
0.0168441
0.0181181
0.0192658
0.0203574
0.0214392
0.0225172
0.0236251
0.0247574
0.0258717
0.0269702
0.0280843
0.0292469
0.0304402
0.0316654
0.0329452
0.0342607
0.0355792
0.0368971
0.0382257
0.0395673
0.0409267
0.0423108
0.0437256
0.0451571
0.046623
0.0481098
0.0496296
0.0511805
0.0527404
0.0543277
0.055958
0.0575829
0.0592579
0.0609885
0.0627291
0.0645042
0.066334
0.0682048
0.070091
0.0719947
0.073933
0.0758755
0.0777835
0.079773
0.0818709
0.0840367
0.086211
0.0884472
0.0907646
0.0930381
0.0952189
0.0974827
0.0999367
0.102456
0.104955
0.107495
0.110104
0.112726
0.115357
0.118083
0.120849
0.123678
0.126543
0.129457
0.132469
0.135527
0.138672
0.141816
0.145061
0.148314
0.151679
0.155081
0.158596
0.16218
0.165666
0.169459
-0.00989864
-0.00942646
-0.00814152
-0.0068604
-0.00676983
-0.00690735
-0.00602271
-0.00417629
-0.00217861
-0.00044189
0.00103427
0.00235383
0.00366101
0.00501216
0.0062627
0.00737343
0.00846525
0.00953989
0.0105462
0.011496
0.0123952
0.0132954
0.0143274
0.0155455
0.0168609
0.0181235
0.0192692
0.0203612
0.0214447
0.0225262
0.0236349
0.0247646
0.0258776
0.0269785
0.0280963
0.0292596
0.0304523
0.0316774
0.032955
0.034267
0.0355835
0.0369011
0.0382296
0.0395713
0.040931
0.0423151
0.0437299
0.0451612
0.0466267
0.0481132
0.0496328
0.0511832
0.0527426
0.0543298
0.0559603
0.0575859
0.059261
0.0609908
0.0627313
0.0645062
0.0663356
0.0682052
0.0700904
0.0719936
0.0739318
0.0758749
0.0777858
0.0797772
0.0818737
0.0840381
0.0862132
0.0884471
0.090761
0.0930346
0.0952199
0.0974867
0.0999389
0.102456
0.104955
0.107495
0.110103
0.112726
0.115357
0.118084
0.12085
0.123679
0.126544
0.129459
0.13247
0.135528
0.138673
0.141817
0.145061
0.148314
0.15168
0.155082
0.158595
0.162178
0.165667
0.169469
-0.00960385
-0.00907874
-0.00789158
-0.0066478
-0.00639383
-0.00646502
-0.00571381
-0.00402449
-0.00209412
-0.000379635
0.00108528
0.0024077
0.00371997
0.00506149
0.00629579
0.00739564
0.00848066
0.00955219
0.0105614
0.0115213
0.0124354
0.0133464
0.0143778
0.0155823
0.0168791
0.0181304
0.0192738
0.0203658
0.0214507
0.0225356
0.0236451
0.0247724
0.0258841
0.0269874
0.0281087
0.0292728
0.030465
0.0316898
0.0329652
0.0342737
0.0355883
0.0369055
0.0382339
0.0395756
0.0409354
0.0423197
0.0437344
0.0451655
0.0466306
0.0481168
0.0496362
0.051186
0.0527449
0.054332
0.0559626
0.0575892
0.0592643
0.0609933
0.0627334
0.0645083
0.0663373
0.0682057
0.0700899
0.0719925
0.0739307
0.0758743
0.0777885
0.0797823
0.0818772
0.0840397
0.0862153
0.0884472
0.0907575
0.0930312
0.0952217
0.0974917
0.0999416
0.102457
0.104956
0.107495
0.110102
0.112725
0.115358
0.118086
0.120851
0.123679
0.126546
0.12946
0.132471
0.135528
0.138673
0.141817
0.145062
0.148315
0.151681
0.155083
0.158595
0.162177
0.165668
0.16948
-0.00930066
-0.00874289
-0.00761897
-0.00643048
-0.00604718
-0.00602858
-0.00537789
-0.00384911
-0.00199893
-0.000311898
0.00113841
0.00246146
0.00378056
0.00511512
0.00633377
0.00742168
0.00849864
0.00956643
0.0105786
0.0115487
0.0124768
0.0133975
0.0144276
0.0156195
0.0168988
0.0181389
0.0192796
0.0203713
0.0214572
0.0225455
0.023656
0.0247809
0.0258911
0.0269967
0.0281217
0.0292866
0.0304781
0.0317026
0.0329758
0.0342807
0.0355934
0.0369101
0.0382384
0.0395801
0.0409401
0.0423245
0.0437391
0.04517
0.0466346
0.0481205
0.0496397
0.051189
0.0527474
0.0543342
0.055965
0.0575928
0.0592679
0.0609958
0.0627357
0.0645106
0.066339
0.0682063
0.0700894
0.0719915
0.0739297
0.0758738
0.0777915
0.0797879
0.0818812
0.0840416
0.0862173
0.0884474
0.0907541
0.093028
0.0952239
0.0974974
0.0999447
0.102457
0.104956
0.107496
0.110102
0.112725
0.115359
0.118087
0.120852
0.12368
0.126547
0.129462
0.132473
0.135529
0.138674
0.141817
0.145063
0.148317
0.151681
0.155084
0.158594
0.162175
0.16567
0.169491
-0.00898051
-0.00842001
-0.0073317
-0.00620062
-0.0057262
-0.00560474
-0.00501949
-0.00364818
-0.00189106
-0.000237107
0.00119528
0.0025152
0.00384177
0.0051726
0.00637703
0.00745211
0.00851968
0.00958288
0.0105979
0.0115781
0.0125198
0.0134488
0.0144772
0.0156573
0.0169201
0.0181491
0.0192868
0.0203778
0.0214643
0.0225559
0.0236675
0.02479
0.0258987
0.0270067
0.0281352
0.0293008
0.0304916
0.0317158
0.0329867
0.0342882
0.0355989
0.0369151
0.0382432
0.0395849
0.040945
0.0423296
0.043744
0.0451746
0.0466388
0.0481243
0.0496434
0.0511922
0.0527501
0.0543366
0.0559674
0.0575965
0.0592717
0.0609984
0.062738
0.064513
0.0663408
0.0682068
0.0700888
0.0719906
0.0739287
0.0758734
0.0777947
0.0797938
0.0818854
0.0840435
0.0862192
0.0884476
0.0907507
0.0930248
0.0952264
0.0975035
0.0999481
0.102457
0.104957
0.107496
0.110101
0.112724
0.11536
0.118088
0.120853
0.123681
0.126548
0.129464
0.132474
0.135531
0.138674
0.141818
0.145064
0.148318
0.151682
0.155085
0.158593
0.162173
0.165671
0.169503
-0.00863646
-0.00810678
-0.00703899
-0.00595288
-0.00542403
-0.00519925
-0.00464448
-0.00342031
-0.0017686
-0.000153883
0.00125783
0.00256961
0.00390263
0.0052332
0.00642568
0.00748755
0.00854427
0.00960179
0.0106195
0.0116097
0.0125642
0.0135004
0.0145265
0.0156957
0.0169431
0.0181611
0.0192953
0.0203854
0.0214722
0.0225669
0.0236797
0.0247998
0.025907
0.0270173
0.0281492
0.0293156
0.0305055
0.0317293
0.032998
0.0342961
0.0356049
0.0369205
0.0382483
0.03959
0.0409502
0.042335
0.0437492
0.0451795
0.0466432
0.0481283
0.0496472
0.0511956
0.052753
0.0543391
0.0559699
0.0576003
0.0592756
0.0610011
0.0627405
0.0645155
0.0663426
0.0682075
0.0700883
0.0719898
0.0739277
0.0758732
0.077798
0.0797998
0.0818897
0.0840455
0.0862209
0.0884478
0.0907474
0.0930217
0.0952291
0.0975099
0.0999518
0.102457
0.104957
0.107497
0.110101
0.112724
0.115361
0.11809
0.120854
0.123682
0.12655
0.129466
0.132476
0.135532
0.138675
0.141818
0.145064
0.148319
0.151683
0.155086
0.158593
0.162172
0.165673
0.169514
-0.00826382
-0.0077953
-0.0067501
-0.00568597
-0.00513184
-0.00481613
-0.00425973
-0.00316502
-0.00162972
-6.1191e-05
0.00132795
0.00262612
0.00396269
0.00529589
0.00647952
0.00752849
0.00857291
0.00962341
0.0106435
0.0116438
0.01261
0.0135525
0.0145759
0.0157347
0.0169678
0.0181749
0.0193053
0.0203942
0.0214808
0.0225786
0.0236927
0.0248104
0.0259159
0.0270285
0.0281638
0.0293308
0.03052
0.0317433
0.0330098
0.0343044
0.0356113
0.0369263
0.0382538
0.0395953
0.0409556
0.0423406
0.0437547
0.0451846
0.0466478
0.0481325
0.0496512
0.0511992
0.0527561
0.0543417
0.0559725
0.0576043
0.0592797
0.0610038
0.062743
0.0645182
0.0663445
0.0682081
0.0700879
0.0719891
0.0739269
0.075873
0.0778015
0.0798058
0.0818941
0.0840475
0.0862226
0.088448
0.0907442
0.0930187
0.0952317
0.0975165
0.0999556
0.102457
0.104958
0.107497
0.1101
0.112724
0.115363
0.118092
0.120856
0.123683
0.126552
0.129469
0.132478
0.135533
0.138676
0.141819
0.145065
0.14832
0.151684
0.155086
0.158592
0.16217
0.165674
0.169526
-0.0078631
-0.00747437
-0.00647227
-0.0054038
-0.00483996
-0.00445642
-0.00387275
-0.00288323
-0.00147255
4.1891e-05
0.00140745
0.00268703
0.00402203
0.00535934
0.00653805
0.00757539
0.00860626
0.00964802
0.0106703
0.0116805
0.0126574
0.0136049
0.0146254
0.0157746
0.0169942
0.0181905
0.0193169
0.0204042
0.0214904
0.022591
0.0237065
0.0248218
0.0259256
0.0270404
0.0281789
0.0293466
0.0305349
0.0317576
0.0330219
0.0343133
0.0356182
0.0369325
0.0382597
0.039601
0.0409613
0.0423464
0.0437604
0.0451899
0.0466527
0.0481368
0.0496554
0.051203
0.0527595
0.0543445
0.0559752
0.0576085
0.059284
0.0610066
0.0627457
0.064521
0.0663464
0.0682088
0.0700875
0.0719885
0.0739261
0.075873
0.077805
0.0798119
0.0818985
0.0840497
0.0862242
0.0884482
0.0907411
0.0930157
0.0952344
0.097523
0.0999594
0.102457
0.104958
0.107498
0.1101
0.112724
0.115364
0.118093
0.120857
0.123684
0.126553
0.129471
0.13248
0.135535
0.138677
0.14182
0.145066
0.148322
0.151685
0.155087
0.158592
0.162169
0.165676
0.169538
-0.00744267
-0.00713102
-0.0062071
-0.00511449
-0.00453928
-0.00411752
-0.00349098
-0.00257706
-0.00129545
0.000155717
0.0014978
0.00275502
0.00408145
0.0054226
0.00660031
0.00762822
0.00864503
0.00967608
0.0106999
0.0117203
0.0127065
0.0136574
0.0146751
0.0158154
0.0170223
0.0182081
0.0193302
0.0204156
0.021501
0.0226042
0.0237212
0.0248342
0.0259361
0.0270529
0.0281947
0.0293629
0.0305504
0.0317724
0.0330345
0.0343226
0.0356256
0.0369392
0.0382659
0.0396071
0.0409673
0.0423526
0.0437664
0.0451956
0.0466577
0.0481413
0.0496598
0.051207
0.052763
0.0543474
0.0559781
0.0576128
0.0592883
0.0610095
0.0627485
0.064524
0.0663485
0.0682096
0.0700871
0.0719879
0.0739254
0.0758731
0.0778085
0.0798178
0.0819029
0.0840519
0.0862258
0.0884485
0.090738
0.0930128
0.095237
0.0975295
0.0999632
0.102458
0.104959
0.107498
0.110099
0.112724
0.115365
0.118095
0.120858
0.123685
0.126555
0.129474
0.132482
0.135537
0.138678
0.141821
0.145067
0.148323
0.151686
0.155088
0.158591
0.162168
0.165678
0.16955
-0.00701606
-0.00675244
-0.00594896
-0.00482904
-0.00422381
-0.00379328
-0.00312188
-0.00225057
-0.00109647
0.000280613
0.00159983
0.0028325
0.0041426
0.00548522
0.00666526
0.00768673
0.00868945
0.00970813
0.0107326
0.0117632
0.0127576
0.0137101
0.0147249
0.0158573
0.0170523
0.0182276
0.0193453
0.0204284
0.0215127
0.0226183
0.0237369
0.0248475
0.0259474
0.0270662
0.0282111
0.0293797
0.0305664
0.0317877
0.0330476
0.0343326
0.0356336
0.0369463
0.0382726
0.0396135
0.0409736
0.042359
0.0437727
0.0452015
0.046663
0.0481461
0.0496645
0.0512113
0.0527668
0.0543504
0.0559811
0.0576173
0.0592929
0.0610125
0.0627514
0.064527
0.0663506
0.0682105
0.0700869
0.0719875
0.0739249
0.0758732
0.0778121
0.0798238
0.0819074
0.0840543
0.0862274
0.0884488
0.0907351
0.0930099
0.0952395
0.0975358
0.099967
0.102458
0.104959
0.107499
0.110099
0.112724
0.115366
0.118096
0.12086
0.123686
0.126557
0.129476
0.132485
0.135538
0.138679
0.141821
0.145068
0.148324
0.151687
0.155089
0.158591
0.162166
0.16568
0.169562
-0.00659996
-0.00633164
-0.00568574
-0.00455977
-0.00389358
-0.00347337
-0.00277066
-0.00191035
-0.00087386
0.000416927
0.00171394
0.00292254
0.00420744
0.00554659
0.00673231
0.00775068
0.00873928
0.0097451
0.010769
0.0118092
0.012811
0.0137636
0.0147745
0.0159002
0.0170843
0.0182492
0.0193622
0.0204429
0.0215257
0.0226334
0.0237536
0.0248617
0.0259595
0.0270803
0.0282282
0.0293971
0.030583
0.0318034
0.0330611
0.0343431
0.0356421
0.036954
0.0382797
0.0396203
0.0409802
0.0423658
0.0437794
0.0452077
0.0466686
0.048151
0.0496694
0.0512159
0.0527709
0.0543537
0.0559842
0.0576219
0.0592975
0.0610156
0.0627543
0.0645302
0.0663528
0.0682115
0.0700867
0.0719872
0.0739245
0.0758735
0.0778157
0.0798297
0.0819118
0.0840567
0.0862291
0.0884492
0.0907322
0.0930072
0.0952421
0.0975421
0.0999708
0.102459
0.10496
0.1075
0.110099
0.112723
0.115367
0.118098
0.120861
0.123688
0.126559
0.129479
0.132487
0.13554
0.13868
0.141822
0.14507
0.148326
0.151688
0.15509
0.158591
0.162165
0.165682
0.169574
-0.00621233
-0.005873
-0.00540049
-0.00431428
-0.00355656
-0.00314634
-0.00243843
-0.00156421
-0.00062571
0.000564946
0.00183871
0.00302772
0.00427864
0.00560678
0.00680122
0.00781986
0.00879378
0.00978636
0.0108103
0.0118587
0.0128665
0.0138184
0.0148245
0.015944
0.0171183
0.0182728
0.0193808
0.0204589
0.0215399
0.0226495
0.0237716
0.0248771
0.0259726
0.0270952
0.0282461
0.0294151
0.0306002
0.0318197
0.0330751
0.0343542
0.0356512
0.0369622
0.0382873
0.0396276
0.0409872
0.0423729
0.0437864
0.0452143
0.0466745
0.0481562
0.0496744
0.0512207
0.0527752
0.0543572
0.0559875
0.0576267
0.0593024
0.0610187
0.0627574
0.0645335
0.0663552
0.0682125
0.0700866
0.0719871
0.0739242
0.0758739
0.0778193
0.0798356
0.0819163
0.0840593
0.0862308
0.0884496
0.0907295
0.0930045
0.0952446
0.0975482
0.0999746
0.10246
0.10496
0.1075
0.110098
0.112723
0.115369
0.1181
0.120863
0.123689
0.126561
0.129481
0.132489
0.135542
0.138681
0.141823
0.145071
0.148327
0.151689
0.155091
0.15859
0.162164
0.165684
0.169586
-0.00586585
-0.00539171
-0.00507467
-0.00409052
-0.00322665
-0.00280389
-0.00212175
-0.00122198
-0.000351586
0.000727792
0.00197173
0.00314918
0.00435996
0.00566633
0.00687083
0.00789441
0.00885317
0.00983163
0.0108566
0.0119124
0.0129239
0.0138745
0.0148754
0.0159885
0.0171544
0.0182991
0.0194012
0.0204767
0.0215555
0.0226666
0.0237907
0.0248937
0.0259866
0.027111
0.0282648
0.0294338
0.0306181
0.0318366
0.0330897
0.0343659
0.035661
0.036971
0.0382954
0.0396353
0.0409946
0.0423803
0.0437937
0.0452212
0.0466807
0.0481616
0.0496798
0.0512258
0.0527798
0.0543608
0.0559909
0.0576316
0.0593074
0.0610221
0.0627606
0.064537
0.0663577
0.0682137
0.0700865
0.071987
0.073924
0.0758745
0.077823
0.0798414
0.0819208
0.084062
0.0862326
0.0884501
0.090727
0.093002
0.095247
0.0975543
0.0999785
0.10246
0.104961
0.107501
0.110098
0.112724
0.11537
0.118101
0.120864
0.123691
0.126563
0.129484
0.132492
0.135544
0.138682
0.141824
0.145072
0.148329
0.15169
0.155092
0.15859
0.162163
0.165686
0.169598
-0.00556181
-0.00491073
-0.0046962
-0.00387477
-0.00291939
-0.00244451
-0.00181154
-0.000892383
-5.48755e-05
0.000910212
0.00211013
0.00328614
0.00445654
0.00572716
0.00693937
0.00797405
0.00891826
0.00987989
0.0109077
0.0119721
0.0129842
0.0139315
0.0149275
0.0160336
0.0171921
0.0183282
0.0194238
0.0204961
0.0215729
0.022685
0.0238111
0.0249117
0.0260015
0.0271275
0.0282843
0.0294531
0.0306366
0.0318541
0.0331049
0.0343783
0.0356715
0.0369803
0.0383041
0.0396435
0.0410023
0.0423881
0.0438014
0.0452284
0.0466871
0.0481673
0.0496854
0.0512312
0.0527847
0.0543647
0.0559945
0.0576367
0.0593126
0.0610254
0.0627638
0.0645405
0.0663604
0.068215
0.0700866
0.071987
0.073924
0.0758752
0.0778268
0.0798472
0.0819254
0.0840648
0.0862345
0.0884507
0.0907246
0.0929996
0.0952495
0.0975602
0.0999823
0.102461
0.104962
0.107502
0.110098
0.112724
0.115371
0.118103
0.120866
0.123692
0.126565
0.129487
0.132494
0.135546
0.138684
0.141825
0.145073
0.148331
0.151692
0.155093
0.15859
0.162162
0.165688
0.169611
-0.00528772
-0.00445365
-0.0042664
-0.00364819
-0.00264644
-0.00207561
-0.00149621
-0.000579882
0.000257973
0.0011185
0.00225275
0.00343393
0.00457222
0.00579305
0.00700538
0.00805828
0.00899087
0.00993112
0.0109611
0.0120372
0.0130487
0.0139897
0.0149813
0.0160808
0.0172313
0.0183599
0.0194487
0.0205168
0.0215918
0.0227047
0.0238327
0.0249311
0.0260178
0.027145
0.0283046
0.0294733
0.0306558
0.0318723
0.0331207
0.0343914
0.0356826
0.0369903
0.0383133
0.0396522
0.0410106
0.0423963
0.0438096
0.0452361
0.0466939
0.0481733
0.0496913
0.0512369
0.0527899
0.0543687
0.0559983
0.0576421
0.0593182
0.061029
0.0627671
0.0645442
0.0663631
0.0682164
0.0700869
0.0719872
0.0739241
0.075876
0.0778306
0.0798529
0.0819299
0.0840678
0.0862364
0.0884513
0.0907223
0.0929973
0.0952519
0.0975659
0.0999862
0.102462
0.104963
0.107503
0.110098
0.112724
0.115373
0.118105
0.120868
0.123694
0.126567
0.129489
0.132497
0.135547
0.138685
0.141827
0.145075
0.148332
0.151693
0.155094
0.15859
0.162162
0.16569
0.169623
-0.0050274
-0.00403648
-0.00379695
-0.00339017
-0.00241183
-0.00171247
-0.0011649
-0.000282459
0.000576177
0.00135655
0.00240401
0.0035878
0.00470873
0.00586961
0.00706745
0.00814337
0.00907238
0.0099886
0.011016
0.0121067
0.0131188
0.0140492
0.0150349
0.01613
0.0172727
0.018394
0.0194767
0.0205397
0.0216122
0.0227261
0.0238556
0.0249519
0.0260353
0.0271634
0.0283258
0.0294942
0.0306757
0.0318911
0.0331371
0.0344051
0.0356945
0.0370009
0.0383231
0.0396615
0.0410192
0.0424048
0.0438181
0.0452441
0.046701
0.0481796
0.0496975
0.0512429
0.0527955
0.054373
0.0560021
0.0576477
0.0593238
0.0610327
0.0627705
0.0645481
0.0663661
0.0682179
0.0700872
0.0719875
0.0739243
0.075877
0.0778345
0.0798585
0.0819345
0.0840709
0.0862384
0.0884519
0.0907203
0.0929952
0.0952543
0.0975716
0.09999
0.102463
0.104964
0.107504
0.110098
0.112724
0.115374
0.118107
0.120869
0.123696
0.126569
0.129492
0.1325
0.135549
0.138686
0.141828
0.145076
0.148334
0.151694
0.155095
0.15859
0.162161
0.165693
0.169635
-0.00476325
-0.00367224
-0.00331212
-0.00308079
-0.00220327
-0.00137339
-0.000814532
1.01656e-05
0.00089173
0.00162219
0.0025678
0.00374186
0.00486413
0.00596524
0.00712921
0.00822607
0.009161
0.0100531
0.0110721
0.0121791
0.0131969
0.0141137
0.0150888
0.0161808
0.0173167
0.0184297
0.0195068
0.0205647
0.021634
0.022749
0.0238803
0.0249741
0.0260543
0.0271831
0.0283477
0.029516
0.0306966
0.0319107
0.0331541
0.0344196
0.0357072
0.0370122
0.0383336
0.0396714
0.0410283
0.0424137
0.0438271
0.0452525
0.0467083
0.0481862
0.0497039
0.0512492
0.0528014
0.0543775
0.0560063
0.0576535
0.0593298
0.0610365
0.062774
0.0645521
0.0663691
0.0682194
0.0700877
0.071988
0.0739246
0.0758781
0.0778385
0.079864
0.0819391
0.0840741
0.0862404
0.0884526
0.0907184
0.0929931
0.0952567
0.097577
0.0999939
0.102465
0.104964
0.107504
0.110098
0.112724
0.115376
0.118109
0.120871
0.123698
0.126572
0.129495
0.132502
0.135552
0.138687
0.141829
0.145078
0.148336
0.151696
0.155096
0.15859
0.162161
0.165695
0.169648
-0.00446711
-0.00335254
-0.00284799
-0.00272484
-0.00200132
-0.00107004
-0.000450529
0.000310231
0.00120185
0.00191266
0.0027518
0.00389274
0.00503097
0.00608287
0.00719516
0.00830556
0.00925668
0.0101274
0.0111302
0.0122496
0.0132791
0.0141843
0.0151436
0.0162327
0.0173655
0.0184688
0.0195392
0.0205927
0.0216575
0.022773
0.0239067
0.0249978
0.0260743
0.0272041
0.0283706
0.0295383
0.0307183
0.0319312
0.0331719
0.0344349
0.0357208
0.0370243
0.0383446
0.0396819
0.0410379
0.0424231
0.0438366
0.0452614
0.046716
0.0481931
0.0497107
0.0512558
0.0528076
0.0543822
0.0560105
0.0576596
0.059336
0.0610405
0.0627777
0.0645563
0.0663724
0.0682211
0.0700884
0.0719886
0.0739251
0.0758795
0.0778426
0.0798695
0.0819436
0.0840775
0.0862424
0.0884533
0.0907167
0.0929913
0.095259
0.0975823
0.0999977
0.102466
0.104965
0.107505
0.110098
0.112724
0.115378
0.11811
0.120873
0.1237
0.126574
0.129498
0.132505
0.135554
0.138689
0.141831
0.145079
0.148337
0.151697
0.155096
0.15859
0.162161
0.165698
0.16966
-0.00411893
-0.003051
-0.00242852
-0.00234088
-0.00179045
-0.000808609
-8.40641e-05
0.000630656
0.00150692
0.00221761
0.00296062
0.00404438
0.00520439
0.00622442
0.00727064
0.00837999
0.0093558
0.0102134
0.011195
0.0123211
0.0133646
0.0142618
0.0152003
0.0162828
0.0174164
0.0185115
0.0195732
0.0206232
0.0216839
0.0227986
0.0239352
0.0250239
0.0260957
0.0272263
0.0283949
0.0295615
0.0307407
0.0319526
0.0331904
0.0344509
0.0357351
0.0370372
0.0383564
0.039693
0.0410481
0.0424329
0.0438465
0.0452708
0.0467241
0.0482004
0.0497178
0.0512627
0.0528142
0.0543873
0.0560149
0.0576659
0.0593424
0.0610446
0.0627814
0.0645606
0.0663757
0.068223
0.0700892
0.0719893
0.0739257
0.0758808
0.0778467
0.0798748
0.0819482
0.084081
0.0862444
0.088454
0.0907152
0.0929896
0.0952613
0.0975874
0.100002
0.102468
0.104966
0.107506
0.110098
0.112725
0.115379
0.118112
0.120875
0.123702
0.126577
0.129501
0.132508
0.135556
0.13869
0.141832
0.145081
0.148339
0.151699
0.155097
0.158591
0.162161
0.1657
0.169672
-0.00370621
-0.00274377
-0.00206225
-0.00195302
-0.00156293
-0.000588123
0.000266918
0.000975888
0.00181626
0.00253282
0.00319704
0.00420074
0.00537609
0.00638682
0.00736288
0.00845247
0.00945566
0.0103077
0.0112651
0.0123932
0.0134525
0.0143469
0.0152643
0.0163347
0.0174697
0.018559
0.0196095
0.0206549
0.0217126
0.0228254
0.0239645
0.0250519
0.0261186
0.0272495
0.0284204
0.0295858
0.0307638
0.031975
0.03321
0.0344676
0.0357503
0.0370509
0.0383689
0.0397048
0.041059
0.0424432
0.0438568
0.0452806
0.0467325
0.048208
0.0497253
0.0512699
0.0528211
0.0543926
0.0560195
0.0576725
0.0593492
0.0610489
0.0627852
0.0645652
0.0663793
0.0682248
0.0700902
0.0719903
0.0739264
0.0758824
0.0778509
0.07988
0.0819527
0.0840845
0.0862465
0.0884548
0.0907139
0.0929881
0.0952636
0.0975924
0.100005
0.102469
0.104967
0.107507
0.110099
0.112725
0.115381
0.118114
0.120877
0.123704
0.126579
0.129504
0.132511
0.135558
0.138691
0.141834
0.145083
0.148341
0.151701
0.155098
0.158591
0.162162
0.165703
0.169684
-0.00322648
-0.00241038
-0.00173166
-0.00156918
-0.00130783
-0.000393147
0.000590549
0.00133242
0.00212261
0.00284474
0.00345968
0.00437272
0.00554602
0.00656512
0.00747628
0.00852784
0.00955649
0.010412
0.0113429
0.0124675
0.0135405
0.0144341
0.0153333
0.0163894
0.0175237
0.0186113
0.0196514
0.020689
0.021744
0.0228553
0.0239955
0.0250821
0.0261439
0.0272739
0.0284471
0.0296115
0.0307877
0.0319981
0.0332307
0.0344852
0.0357663
0.0370657
0.0383824
0.0397173
0.0410704
0.042454
0.0438677
0.0452911
0.0467414
0.0482159
0.0497331
0.0512775
0.0528285
0.0543983
0.0560243
0.0576793
0.0593563
0.0610534
0.0627891
0.0645699
0.066383
0.0682269
0.0700914
0.0719915
0.0739273
0.0758841
0.0778553
0.0798851
0.0819572
0.0840883
0.0862486
0.0884557
0.0907128
0.0929868
0.0952659
0.0975972
0.100009
0.102471
0.104968
0.107508
0.110099
0.112726
0.115383
0.118116
0.120879
0.123706
0.126582
0.129507
0.132514
0.135561
0.138693
0.141836
0.145084
0.148343
0.151703
0.155099
0.158591
0.162162
0.165706
0.169696
-0.00277202
-0.00208313
-0.00143061
-0.00118103
-0.000979674
-0.00016936
0.00089984
0.00170414
0.00243319
0.003142
0.00373515
0.00456055
0.00571328
0.00675215
0.00761173
0.00861137
0.0096573
0.0105225
0.0114272
0.012546
0.0136326
0.0145239
0.015407
0.0164487
0.0175774
0.0186639
0.0196977
0.0207254
0.0217761
0.0228878
0.0240285
0.0251136
0.0261716
0.0272999
0.0284746
0.0296384
0.0308127
0.0320219
0.0332523
0.034504
0.035783
0.0370812
0.0383967
0.0397305
0.0410825
0.0424654
0.0438791
0.045302
0.0467506
0.0482243
0.0497414
0.0512855
0.0528363
0.0544042
0.0560292
0.0576864
0.0593637
0.061058
0.0627931
0.0645748
0.0663869
0.068229
0.0700927
0.0719928
0.0739283
0.0758859
0.0778596
0.0798901
0.0819617
0.0840921
0.0862508
0.0884566
0.090712
0.0929857
0.0952681
0.0976018
0.100013
0.102473
0.10497
0.107509
0.1101
0.112726
0.115385
0.118118
0.120881
0.123709
0.126584
0.12951
0.132518
0.135563
0.138694
0.141837
0.145086
0.148344
0.151705
0.1551
0.158592
0.162163
0.165709
0.169707
-0.00237583
-0.00176348
-0.00114051
-0.000803575
-0.000591057
0.000108604
0.00120987
0.00209437
0.00276549
0.00343549
0.00402353
0.00477226
0.00588317
0.00694238
0.00776625
0.00870826
0.00976156
0.0106399
0.0115177
0.0126271
0.0137286
0.0146162
0.0154842
0.0165167
0.0176373
0.0187185
0.0197492
0.0207669
0.0218088
0.0229216
0.0240639
0.0251461
0.0262007
0.0273281
0.0285032
0.0296664
0.0308393
0.0320467
0.0332748
0.0345239
0.0358007
0.0370975
0.038412
0.0397445
0.0410952
0.0424773
0.043891
0.0453135
0.0467604
0.0482329
0.04975
0.0512939
0.0528444
0.0544106
0.0560344
0.0576936
0.0593714
0.0610628
0.0627972
0.06458
0.066391
0.0682314
0.0700943
0.0719944
0.0739294
0.0758879
0.077864
0.079895
0.0819661
0.084096
0.086253
0.0884577
0.0907114
0.0929848
0.0952703
0.0976062
0.100017
0.102475
0.104971
0.107511
0.1101
0.112727
0.115387
0.11812
0.120883
0.123712
0.126587
0.129513
0.132521
0.135566
0.138696
0.141839
0.145088
0.148346
0.151707
0.155101
0.158592
0.162165
0.165712
0.169719
-0.00205157
-0.00144804
-0.000823591
-0.000408766
-0.000144312
0.000443873
0.00150875
0.00246837
0.00310344
0.00371862
0.00431368
0.0050079
0.0060639
0.00713874
0.00794065
0.00881996
0.00986916
0.0107642
0.0116164
0.0127114
0.01383
0.0147149
0.0155617
0.0165871
0.0177022
0.0187737
0.0198031
0.0208158
0.0218458
0.0229572
0.0241038
0.0251822
0.0262316
0.0273589
0.0285339
0.0296951
0.030867
0.032073
0.0332981
0.0345447
0.0358197
0.0371149
0.0384281
0.0397595
0.0411088
0.0424898
0.0439035
0.0453257
0.0467707
0.0482421
0.0497591
0.0513027
0.0528531
0.0544174
0.0560398
0.0577012
0.0593797
0.061068
0.0628015
0.0645854
0.0663954
0.0682338
0.0700962
0.0719964
0.0739308
0.0758899
0.0778685
0.0798999
0.0819705
0.0841001
0.0862554
0.0884589
0.090711
0.0929842
0.0952725
0.0976105
0.10002
0.102477
0.104972
0.107512
0.110101
0.112728
0.115389
0.118122
0.120885
0.123714
0.12659
0.129517
0.132524
0.135569
0.138698
0.141841
0.145091
0.148348
0.151709
0.155103
0.158593
0.162166
0.165715
0.16973
-0.00161529
-0.00102433
-0.000444484
-1.24821e-05
0.000310198
0.000831423
0.00181917
0.00283024
0.00345096
0.00399023
0.00458457
0.00525027
0.0062486
0.00733577
0.00812965
0.00894469
0.00998068
0.0108971
0.0117249
0.0127936
0.0139299
0.0148217
0.0156429
0.0166581
0.0177757
0.0188338
0.0198555
0.0208678
0.0218859
0.0229905
0.0241437
0.025221
0.0262627
0.0273903
0.0285669
0.0297247
0.0308952
0.032101
0.0333227
0.034566
0.0358397
0.0371333
0.0384451
0.0397751
0.0411231
0.042503
0.0439165
0.0453385
0.0467815
0.0482516
0.0497686
0.051312
0.0528622
0.0544245
0.0560454
0.0577089
0.0593881
0.0610733
0.0628057
0.064591
0.0664
0.0682363
0.0700982
0.0719985
0.0739323
0.0758921
0.077873
0.0799047
0.0819748
0.0841042
0.0862577
0.0884602
0.0907109
0.0929838
0.0952748
0.0976146
0.100024
0.102479
0.104973
0.107513
0.110102
0.112729
0.115391
0.118125
0.120887
0.123717
0.126593
0.12952
0.132528
0.135571
0.1387
0.141843
0.145093
0.14835
0.151712
0.155104
0.158594
0.162168
0.165719
0.169741
-0.00130606
-0.000666139
-4.54913e-05
0.000390171
0.000744828
0.00124012
0.00213516
0.00317459
0.00382583
0.00428722
0.00485523
0.00550946
0.00645068
0.00754381
0.00833972
0.00908319
0.0100926
0.0110389
0.0118503
0.0128789
0.0140277
0.0149393
0.0157336
0.0167257
0.0178518
0.0189042
0.0199098
0.0209236
0.0219364
0.0230282
0.0241847
0.0252652
0.0262974
0.0274225
0.0286026
0.0297569
0.0309239
0.0321303
0.0333491
0.0345882
0.0358606
0.0371534
0.0384632
0.0397915
0.0411382
0.0425169
0.0439301
0.045352
0.0467929
0.0482615
0.0497785
0.0513218
0.0528717
0.0544321
0.0560513
0.0577169
0.0593971
0.061079
0.0628101
0.0645968
0.0664049
0.068239
0.0701004
0.072001
0.0739341
0.0758944
0.0778776
0.0799093
0.0819792
0.0841084
0.0862603
0.0884618
0.090711
0.0929836
0.095277
0.0976186
0.100028
0.102481
0.104975
0.107515
0.110102
0.11273
0.115394
0.118127
0.12089
0.12372
0.126596
0.129524
0.132531
0.135574
0.138702
0.141846
0.145096
0.148351
0.151714
0.155106
0.158595
0.162171
0.165722
0.169751
-0.000983082
-0.000307332
0.000374419
0.000811493
0.00116756
0.00167304
0.00248816
0.00352212
0.0042242
0.00461297
0.00511767
0.00576169
0.00665503
0.00775325
0.00856937
0.00923862
0.0102029
0.011187
0.0119944
0.0129713
0.0141171
0.0150596
0.0158386
0.0167955
0.017926
0.0189853
0.0199702
0.0209759
0.0219911
0.0230708
0.0242236
0.0253104
0.0263361
0.0274552
0.0286392
0.0297919
0.0309538
0.0321601
0.0333774
0.0346117
0.0358819
0.0371745
0.0384828
0.0398086
0.041154
0.0425317
0.0439444
0.0453662
0.046805
0.048272
0.0497889
0.051332
0.0528819
0.0544402
0.0560575
0.0577251
0.0594065
0.0610851
0.0628145
0.0646027
0.0664102
0.068242
0.0701028
0.0720038
0.073936
0.0758969
0.0778824
0.0799141
0.0819835
0.0841127
0.0862629
0.0884634
0.0907113
0.0929836
0.0952793
0.0976225
0.100031
0.102484
0.104976
0.107516
0.110103
0.112731
0.115396
0.118129
0.120892
0.123723
0.126599
0.129527
0.132535
0.135577
0.138704
0.141848
0.145098
0.148353
0.151717
0.155107
0.158595
0.162173
0.165726
0.169762
-0.000637184
7.03209e-05
0.000804853
0.00127203
0.0015978
0.00208781
0.00284147
0.00384165
0.00460929
0.00496433
0.00538069
0.0060058
0.00686202
0.0079615
0.00881858
0.00941912
0.0103089
0.0113303
0.0121564
0.0130793
0.0142042
0.0151768
0.0159561
0.0168721
0.0179933
0.0190684
0.0200417
0.0210286
0.0220461
0.0231221
0.0242654
0.025355
0.026379
0.0274909
0.0286757
0.0298288
0.0309862
0.0321905
0.0334068
0.034637
0.0359041
0.0371964
0.038504
0.039827
0.0411704
0.0425472
0.0439594
0.045381
0.0468177
0.048283
0.0497996
0.0513427
0.0528927
0.0544487
0.0560637
0.0577334
0.0594163
0.0610915
0.062819
0.0646089
0.0664158
0.068245
0.0701055
0.072007
0.0739382
0.0758995
0.077887
0.0799186
0.0819878
0.084117
0.0862655
0.0884653
0.0907119
0.0929839
0.0952817
0.0976263
0.100035
0.102486
0.104978
0.107518
0.110105
0.112732
0.115399
0.118132
0.120894
0.123727
0.126602
0.129531
0.132539
0.13558
0.138707
0.14185
0.145101
0.148355
0.15172
0.155109
0.158596
0.162176
0.165731
0.169772
-0.000281042
0.000454696
0.00121273
0.00173053
0.00201517
0.00246077
0.00317821
0.0041409
0.00498684
0.00536336
0.00568038
0.00625421
0.00707246
0.00816237
0.00908043
0.00963796
0.0104214
0.0114605
0.0123306
0.0132111
0.0142956
0.0152856
0.0160793
0.016966
0.0180621
0.0191501
0.0201261
0.0210898
0.022099
0.0231794
0.0243149
0.0253993
0.0264236
0.0275312
0.0287133
0.0298667
0.0310215
0.0322225
0.0334371
0.0346642
0.0359277
0.0372188
0.0385266
0.0398469
0.0411874
0.0425632
0.0439755
0.0453967
0.0468311
0.0482946
0.0498108
0.0513538
0.052904
0.0544579
0.0560704
0.0577419
0.0594266
0.0610984
0.0628236
0.0646152
0.0664218
0.0682484
0.0701083
0.0720104
0.0739406
0.0759023
0.0778919
0.0799234
0.0819923
0.0841214
0.0862684
0.0884674
0.0907128
0.0929845
0.0952842
0.0976299
0.100039
0.102489
0.10498
0.10752
0.110106
0.112733
0.115401
0.118134
0.120897
0.12373
0.126605
0.129535
0.132543
0.135583
0.138709
0.141852
0.145104
0.148357
0.151723
0.155111
0.158597
0.162179
0.165735
0.169782
5.21853e-05
0.00081679
0.00158347
0.00216447
0.0024621
0.00285079
0.00352854
0.00444706
0.00534631
0.0057846
0.00601521
0.00650666
0.00727928
0.00834491
0.00933977
0.00989844
0.0105521
0.0115676
0.0125026
0.013367
0.0144016
0.0153907
0.0161987
0.0170736
0.0181396
0.0192233
0.0202124
0.0211625
0.0221504
0.0232346
0.0243724
0.025446
0.0264661
0.0275749
0.0287541
0.0299043
0.0310585
0.0322573
0.0334681
0.0346921
0.0359528
0.0372422
0.0385501
0.0398685
0.0412055
0.0425794
0.0439921
0.0454135
0.0468451
0.0483067
0.0498226
0.0513653
0.0529158
0.0544677
0.0560772
0.0577504
0.0594374
0.0611058
0.0628284
0.0646217
0.0664281
0.0682519
0.0701114
0.0720143
0.0739434
0.0759053
0.0778968
0.079928
0.0819967
0.0841258
0.0862712
0.0884697
0.0907139
0.0929853
0.0952867
0.0976334
0.100042
0.102492
0.104982
0.107522
0.110107
0.112735
0.115404
0.118137
0.1209
0.123734
0.126609
0.129539
0.132547
0.135586
0.138712
0.141855
0.145107
0.148359
0.151725
0.155114
0.158598
0.162183
0.16574
0.169791
0.000360217
0.00115935
0.00194736
0.00259116
0.00294048
0.00327056
0.00388233
0.00474291
0.00566104
0.00619712
0.00639428
0.00678424
0.00749254
0.00851346
0.00958163
0.0101944
0.0107235
0.0116619
0.0126586
0.0135411
0.0145313
0.0154996
0.0163088
0.0171844
0.0182352
0.0192982
0.0202943
0.021248
0.0222113
0.0232869
0.024436
0.025502
0.0265082
0.0276192
0.0288001
0.0299435
0.0310953
0.032295
0.0335019
0.0347208
0.0359789
0.0372671
0.0385747
0.0398914
0.0412251
0.0425963
0.044009
0.0454312
0.0468599
0.0483194
0.0498351
0.0513775
0.0529282
0.0544783
0.0560846
0.0577591
0.0594488
0.0611138
0.0628331
0.0646281
0.0664349
0.0682559
0.0701147
0.0720183
0.0739463
0.0759083
0.0779015
0.0799327
0.0820013
0.0841304
0.0862743
0.0884722
0.0907152
0.0929865
0.0952894
0.097637
0.100046
0.102494
0.104984
0.107524
0.110109
0.112737
0.115407
0.118139
0.120902
0.123737
0.126612
0.129543
0.132551
0.135589
0.138715
0.141857
0.14511
0.148361
0.151728
0.155116
0.158599
0.162186
0.165745
0.1698
0.000674524
0.0014934
0.00231414
0.00299899
0.00341003
0.0037068
0.00424329
0.0050422
0.00594836
0.00658843
0.00680958
0.0070964
0.00772041
0.00867565
0.0097895
0.0105065
0.010952
0.0117589
0.0127847
0.0137174
0.0146837
0.0156255
0.0164171
0.0172882
0.0183447
0.0193868
0.0203686
0.0213349
0.0222853
0.023338
0.0244976
0.0255671
0.0265527
0.027661
0.0288502
0.0299862
0.0311313
0.0323343
0.0335393
0.0347509
0.0360052
0.0372932
0.0386006
0.0399153
0.0412462
0.0426142
0.0440263
0.04545
0.0468761
0.0483325
0.0498479
0.0513903
0.0529412
0.0544894
0.056092
0.0577676
0.0594604
0.0611224
0.0628381
0.0646348
0.0664421
0.06826
0.0701181
0.0720227
0.0739497
0.0759118
0.0779066
0.0799375
0.082006
0.0841348
0.0862775
0.0884749
0.0907168
0.092988
0.0952921
0.0976403
0.10005
0.102497
0.104985
0.107526
0.110111
0.112738
0.115409
0.118142
0.120905
0.123741
0.126616
0.129547
0.132555
0.135592
0.138718
0.14186
0.145114
0.148364
0.151731
0.155119
0.1586
0.16219
0.16575
0.169809
0.00101564
0.00182385
0.00266936
0.00337894
0.00385506
0.00416346
0.00462938
0.00535744
0.00622132
0.0069381
0.00723574
0.00744869
0.00797419
0.00884402
0.00995956
0.0108063
0.0112368
0.0118862
0.0128874
0.0138789
0.0148522
0.0157773
0.016534
0.0173765
0.0184536
0.0194984
0.020446
0.0214131
0.0223699
0.0233972
0.0245558
0.0256391
0.0266045
0.0277001
0.0289025
0.0300349
0.031167
0.0323728
0.0335807
0.0347841
0.0360314
0.0373197
0.0386285
0.0399406
0.0412684
0.0426334
0.044044
0.0454692
0.0468932
0.0483462
0.0498611
0.0514034
0.0529546
0.0545012
0.0561001
0.0577764
0.0594728
0.0611319
0.0628431
0.0646412
0.0664496
0.0682648
0.0701221
0.0720277
0.0739534
0.0759152
0.0779114
0.0799422
0.0820108
0.0841394
0.0862808
0.0884779
0.0907186
0.0929897
0.095295
0.0976437
0.100054
0.1025
0.104987
0.107528
0.110113
0.112741
0.115412
0.118145
0.120909
0.123745
0.126619
0.129551
0.132559
0.135595
0.138722
0.141863
0.145117
0.148366
0.151734
0.155122
0.158602
0.162194
0.165756
0.169818
0.00137922
0.00215384
0.00300906
0.00374726
0.0042849
0.00462893
0.00503309
0.00568619
0.00649494
0.00724794
0.00764822
0.0078368
0.0082596
0.00903287
0.0101049
0.0110673
0.0115601
0.0120693
0.0129808
0.0140125
0.01502
0.0159516
0.0166765
0.0174596
0.0185465
0.0196272
0.0205437
0.021484
0.0224541
0.0234683
0.0246143
0.025713
0.0266646
0.0277381
0.0289543
0.0300902
0.0312043
0.0324097
0.0336246
0.0348214
0.0360589
0.0373461
0.0386577
0.0399677
0.0412916
0.0426536
0.0440624
0.0454888
0.0469114
0.0483609
0.049875
0.0514175
0.0529692
0.0545141
0.0561084
0.0577848
0.0594852
0.061142
0.0628485
0.0646479
0.0664578
0.0682699
0.0701259
0.0720325
0.0739571
0.075919
0.0779165
0.0799472
0.0820157
0.084144
0.0862843
0.0884811
0.0907207
0.0929918
0.095298
0.097647
0.100058
0.102503
0.10499
0.10753
0.110115
0.112743
0.115415
0.118148
0.120912
0.123749
0.126623
0.129555
0.132564
0.135598
0.138725
0.141866
0.14512
0.148369
0.151736
0.155125
0.158603
0.162198
0.165762
0.169826
0.00174845
0.00249597
0.00335416
0.00411688
0.00468901
0.0050741
0.00545027
0.00603492
0.00678426
0.00753193
0.00802643
0.0082453
0.00857944
0.00925247
0.0102446
0.0112765
0.0118907
0.0123154
0.0130915
0.0141226
0.0151698
0.016138
0.0168552
0.0175523
0.0186126
0.0197552
0.0206718
0.0215595
0.0225267
0.0235453
0.0246793
0.0257891
0.0267325
0.0277762
0.0290033
0.030153
0.0312459
0.0324435
0.0336698
0.0348637
0.0360883
0.0373718
0.0386876
0.0399968
0.0413162
0.0426748
0.0440821
0.0455094
0.0469304
0.0483763
0.0498894
0.0514317
0.0529837
0.0545274
0.0561171
0.0577932
0.0594986
0.0611535
0.0628543
0.064654
0.0664659
0.0682753
0.0701302
0.0720382
0.0739616
0.0759232
0.0779216
0.0799522
0.0820208
0.0841486
0.0862879
0.0884844
0.0907229
0.0929943
0.0953011
0.0976503
0.100062
0.102507
0.104992
0.107533
0.110117
0.112745
0.115418
0.118151
0.120915
0.123753
0.126627
0.12956
0.132569
0.135601
0.138729
0.141869
0.145123
0.148373
0.151739
0.155129
0.158605
0.162202
0.165768
0.169835
0.00212213
0.0028545
0.00370433
0.00447723
0.00507226
0.00550078
0.00588033
0.0064021
0.00708885
0.00780527
0.00836419
0.00865285
0.00893127
0.00950437
0.0104005
0.0114432
0.0121936
0.0126124
0.0132452
0.0142218
0.0152926
0.0163157
0.0170643
0.0176789
0.0186627
0.0198591
0.020822
0.021661
0.0225927
0.023617
0.0247511
0.0258705
0.0268085
0.0278162
0.0290466
0.0302211
0.0312954
0.0324747
0.0337137
0.0349107
0.0361207
0.0373977
0.0387178
0.0400275
0.0413426
0.042697
0.0441025
0.0455308
0.0469501
0.048392
0.0499041
0.0514465
0.0529991
0.0545424
0.0561268
0.0578013
0.0595119
0.0611656
0.0628599
0.06466
0.0664749
0.0682818
0.0701349
0.0720438
0.0739659
0.0759274
0.0779268
0.0799573
0.082026
0.0841533
0.0862917
0.0884879
0.0907254
0.0929972
0.0953044
0.0976536
0.100066
0.10251
0.104995
0.107536
0.110119
0.112748
0.115422
0.118154
0.120919
0.123757
0.126631
0.129564
0.132573
0.135605
0.138733
0.141872
0.145127
0.148376
0.151742
0.155132
0.158608
0.162207
0.165775
0.169843
0.002498
0.00321272
0.00405255
0.00483574
0.00545659
0.00591144
0.00630039
0.00677784
0.00740803
0.00808542
0.00867024
0.0090392
0.00930607
0.00978699
0.0105871
0.0115872
0.0124467
0.0129352
0.0134534
0.0143332
0.015395
0.0164653
0.0172887
0.0178549
0.0187156
0.0199256
0.0209741
0.0217982
0.0226664
0.0236746
0.0248213
0.0259602
0.0268959
0.0278604
0.0290813
0.0302908
0.0313567
0.032505
0.0337534
0.0349632
0.0361576
0.037423
0.0387484
0.0400599
0.04137
0.0427199
0.0441235
0.0455532
0.0469708
0.0484086
0.0499203
0.0514626
0.0530149
0.0545581
0.0561366
0.0578082
0.0595249
0.0611793
0.0628671
0.0646662
0.0664839
0.0682885
0.0701395
0.0720497
0.073971
0.075932
0.077932
0.0799626
0.0820313
0.0841581
0.0862959
0.0884916
0.0907281
0.0930005
0.0953078
0.0976568
0.10007
0.102513
0.104997
0.107539
0.110122
0.112751
0.115425
0.118158
0.120922
0.123761
0.126636
0.129568
0.132578
0.135608
0.138738
0.141876
0.14513
0.14838
0.151745
0.155136
0.158611
0.162211
0.165781
0.169851
0.00287327
0.0035674
0.00440333
0.00519471
0.00583922
0.00630905
0.00670425
0.00715866
0.0077406
0.0083796
0.00895755
0.00939202
0.00968915
0.0100959
0.0108047
0.0117339
0.0126506
0.0132501
0.0137108
0.0144752
0.015491
0.0165819
0.0175011
0.0180753
0.0188011
0.0199642
0.0210996
0.0219612
0.0227709
0.0237266
0.0248773
0.0260527
0.0269989
0.0279147
0.0291068
0.0303546
0.0314319
0.0325413
0.0337851
0.0350178
0.0362014
0.0374478
0.0387787
0.0400946
0.0413985
0.0427436
0.0441463
0.0455775
0.0469931
0.0484255
0.0499361
0.0514782
0.0530304
0.0545747
0.0561483
0.057816
0.0595387
0.0611942
0.0628742
0.064671
0.0664928
0.0682963
0.0701448
0.072056
0.0739764
0.0759368
0.0779373
0.0799682
0.0820368
0.084163
0.0863003
0.0884952
0.0907308
0.0930043
0.0953112
0.0976601
0.100074
0.102517
0.105
0.107542
0.110124
0.112754
0.115428
0.118161
0.120926
0.123765
0.12664
0.129573
0.132583
0.135612
0.138742
0.14188
0.145133
0.148385
0.151749
0.15514
0.158614
0.162216
0.165788
0.16986
0.00324639
0.00392559
0.0047541
0.00554703
0.00621246
0.00670624
0.00710097
0.00753558
0.00807618
0.00868329
0.00924258
0.00971212
0.0100635
0.0104269
0.011049
0.011903
0.0128208
0.0135302
0.014002
0.0146574
0.0156004
0.016675
0.0176782
0.0183232
0.0189404
0.0199953
0.0211844
0.0221265
0.0229142
0.0237907
0.0249129
0.0261365
0.0271185
0.0279866
0.0291271
0.0304051
0.0315165
0.0325906
0.0338089
0.0350692
0.0362553
0.0374736
0.0388059
0.0401336
0.0414299
0.0427663
0.0441696
0.0456028
0.0470156
0.0484422
0.0499523
0.0514954
0.0530474
0.0545929
0.0561608
0.0578227
0.0595509
0.0612096
0.0628828
0.0646767
0.0665023
0.0683048
0.0701502
0.0720619
0.073982
0.0759421
0.0779428
0.0799738
0.0820423
0.0841679
0.0863051
0.0884989
0.0907338
0.0930086
0.0953148
0.0976633
0.100078
0.10252
0.105003
0.107545
0.110127
0.112757
0.115432
0.118164
0.12093
0.12377
0.126645
0.129578
0.132588
0.135616
0.138746
0.141884
0.145136
0.148389
0.151752
0.155143
0.158618
0.162221
0.165795
0.169868
0.00360689
0.0042839
0.00510151
0.005895
0.00657539
0.00710035
0.00749494
0.00790512
0.00840872
0.00899024
0.00953651
0.0100099
0.0104144
0.010772
0.011315
0.0120978
0.012979
0.0137667
0.0143009
0.0148781
0.0157358
0.0167618
0.0178125
0.0185672
0.0191335
0.0200498
0.0212363
0.0222652
0.0230838
0.0238915
0.0249402
0.0261952
0.0272451
0.0280849
0.0291518
0.0304364
0.0316
0.0326604
0.0338329
0.0351095
0.0363175
0.0375064
0.0388272
0.0401741
0.0414664
0.0427869
0.0441912
0.045631
0.047041
0.0484601
0.0499692
0.0515131
0.0530644
0.0546113
0.0561736
0.0578293
0.0595637
0.0612268
0.0628923
0.0646813
0.0665113
0.0683141
0.0701563
0.0720684
0.0739882
0.0759475
0.0779483
0.0799797
0.0820477
0.084173
0.0863102
0.0885027
0.090737
0.0930134
0.0953185
0.0976666
0.100083
0.102524
0.105006
0.107549
0.11013
0.11276
0.115436
0.118168
0.120935
0.123774
0.12665
0.129583
0.132593
0.13562
0.138751
0.141889
0.145139
0.148393
0.151756
0.155147
0.158622
0.162226
0.165801
0.169876
0.00394962
0.00463323
0.00544645
0.00624184
0.0069265
0.00747927
0.00788901
0.00827579
0.00873986
0.00929143
0.00983506
0.0102998
0.0107351
0.0111171
0.011599
0.0123142
0.0131465
0.0139679
0.0145833
0.0151282
0.0159012
0.0168627
0.0179145
0.0187787
0.0193657
0.0201506
0.0212744
0.0223655
0.0232539
0.0240344
0.02498
0.0262233
0.0273633
0.0282105
0.0291924
0.0304528
0.0316709
0.0327469
0.0338675
0.0351359
0.0363814
0.0375522
0.0388423
0.0402101
0.0415118
0.0428093
0.0442094
0.0456618
0.0470703
0.0484777
0.0499845
0.05153
0.0530817
0.0546317
0.0561889
0.0578364
0.0595759
0.0612443
0.0629023
0.0646858
0.0665206
0.0683244
0.0701627
0.0720744
0.0739946
0.0759534
0.0779542
0.0799862
0.0820533
0.0841783
0.0863158
0.0885063
0.0907402
0.0930187
0.0953222
0.0976698
0.100087
0.102527
0.10501
0.107552
0.110133
0.112763
0.11544
0.118172
0.120939
0.123778
0.126655
0.129588
0.132597
0.135624
0.138755
0.141894
0.145143
0.148398
0.15176
0.15515
0.158626
0.162231
0.165808
0.169884
0.00428656
0.00496879
0.00578436
0.00658479
0.00727055
0.00783913
0.00827519
0.00864958
0.00907271
0.00958349
0.0101273
0.0105928
0.0110338
0.0114488
0.0118966
0.0125458
0.0133298
0.0141479
0.0148363
0.0153926
0.0160945
0.0169886
0.0180018
0.0189454
0.0196086
0.0203015
0.0213262
0.0224359
0.0233966
0.0242046
0.0250601
0.0262344
0.0274516
0.0283526
0.0292627
0.0304646
0.0317185
0.0328388
0.0339241
0.0351551
0.0364348
0.0376132
0.0388606
0.0402358
0.0415651
0.0428398
0.04422
0.0456889
0.0471048
0.048497
0.0499987
0.0515482
0.0531008
0.0546534
0.0562045
0.0578416
0.0595865
0.0612637
0.0629147
0.0646905
0.06653
0.0683355
0.0701693
0.0720806
0.0740015
0.0759595
0.0779599
0.0799927
0.0820585
0.0841837
0.0863218
0.0885101
0.0907437
0.0930246
0.0953261
0.097673
0.100092
0.102531
0.105014
0.107556
0.110137
0.112767
0.115444
0.118175
0.120944
0.123783
0.12666
0.129594
0.132602
0.135629
0.13876
0.141898
0.145146
0.148402
0.151765
0.155154
0.158631
0.162237
0.165815
0.169891
0.00463435
0.00529553
0.00610817
0.00691776
0.00761126
0.00818322
0.00864198
0.00902002
0.00941174
0.0098739
0.0104044
0.0108835
0.0113216
0.0117592
0.0121995
0.0127911
0.0135278
0.0143213
0.0150577
0.0156538
0.0163086
0.0171405
0.0180982
0.0190736
0.0198322
0.020492
0.0214101
0.0224933
0.0235039
0.0243746
0.0251854
0.0262521
0.0275021
0.0284926
0.0293654
0.030487
0.0317461
0.0329211
0.034001
0.0351796
0.0364721
0.0376826
0.0388914
0.040248
0.0416155
0.0428847
0.0442283
0.0457078
0.0471456
0.0485228
0.0500106
0.0515642
0.0531195
0.0546756
0.0562223
0.0578479
0.0595969
0.061284
0.0629274
0.0646935
0.0665386
0.068348
0.0701771
0.072087
0.0740088
0.0759661
0.0779661
0.0799999
0.0820638
0.0841892
0.0863283
0.0885134
0.0907471
0.0930308
0.0953301
0.0976762
0.100097
0.102535
0.105018
0.107559
0.11014
0.112771
0.115448
0.11818
0.120949
0.123787
0.126665
0.129599
0.132606
0.135634
0.138765
0.141903
0.14515
0.148407
0.151769
0.155158
0.158636
0.162243
0.165821
0.169899
0.00499456
0.00562579
0.00641949
0.0072337
0.00794355
0.00851867
0.00898919
0.00937836
0.00975414
0.0101701
0.0106678
0.0111605
0.0116026
0.0120488
0.0124958
0.0130459
0.0137382
0.0145008
0.0152558
0.0158994
0.0165337
0.0173119
0.0182157
0.0191782
0.0200196
0.0207024
0.0215305
0.0225602
0.0235857
0.0245183
0.0253408
0.0263034
0.0275262
0.028608
0.0294922
0.0305341
0.031762
0.0329826
0.034089
0.0352227
0.0364963
0.0377459
0.0389407
0.0402557
0.041653
0.0429447
0.044245
0.0457135
0.0471858
0.0485582
0.0500215
0.0515758
0.0531393
0.0547009
0.0562425
0.0578535
0.0596044
0.0613051
0.0629434
0.0646972
0.0665466
0.0683612
0.0701847
0.0720925
0.0740163
0.075973
0.0779723
0.0800073
0.0820692
0.084195
0.0863354
0.0885169
0.0907511
0.0930375
0.0953343
0.0976793
0.100102
0.102539
0.105022
0.107563
0.110144
0.112775
0.115452
0.118184
0.120953
0.123792
0.12667
0.129605
0.132611
0.135639
0.13877
0.141908
0.145155
0.148412
0.151775
0.155162
0.158641
0.162249
0.165828
0.169907
0.0053524
0.00596618
0.00672927
0.00753194
0.00825816
0.00884501
0.00932047
0.00971712
0.0100893
0.0104735
0.0109278
0.01142
0.0118743
0.0123237
0.0127775
0.0133021
0.0139548
0.0146874
0.0154393
0.0161239
0.016763
0.0174976
0.018355
0.0192803
0.0201692
0.0209073
0.0216802
0.0226472
0.0236585
0.0246294
0.0255009
0.0263958
0.0275463
0.028689
0.0296238
0.0306116
0.0317833
0.0330234
0.0341724
0.0352846
0.0365195
0.037795
0.039004
0.0402724
0.0416714
0.0430079
0.0442799
0.0457099
0.0472151
0.0486036
0.0500384
0.051583
0.0531575
0.0547285
0.0562647
0.0578586
0.0596099
0.0613268
0.062962
0.064701
0.0665532
0.0683755
0.0701942
0.0720985
0.0740241
0.0759799
0.0779785
0.0800148
0.0820741
0.0842005
0.0863429
0.0885202
0.090755
0.0930444
0.0953388
0.0976826
0.100107
0.102543
0.105027
0.107567
0.110148
0.11278
0.115456
0.118189
0.120958
0.123797
0.126676
0.129611
0.132616
0.135644
0.138776
0.141913
0.145159
0.148417
0.15178
0.155166
0.158646
0.162255
0.165835
0.169914
0.00569276
0.0063089
0.00704568
0.00782106
0.00855102
0.00915521
0.00963749
0.0100351
0.0104069
0.0107761
0.0111902
0.0116642
0.0121295
0.0125859
0.0130454
0.0135556
0.0141744
0.0148784
0.0156162
0.0163251
0.0169857
0.0176913
0.0185093
0.0193971
0.020294
0.0210901
0.0218473
0.0227548
0.0237387
0.0247177
0.025642
0.0265174
0.0275831
0.0287428
0.0297408
0.0307115
0.0318216
0.0330495
0.0342404
0.0353595
0.0365542
0.0378299
0.0390675
0.040306
0.0416771
0.0430594
0.0443353
0.0457101
0.0472275
0.0486524
0.0500669
0.051587
0.0531684
0.0547567
0.0562921
0.0578655
0.0596123
0.0613474
0.0629834
0.0647055
0.0665579
0.0683899
0.0702046
0.0721045
0.0740326
0.0759877
0.0779853
0.0800229
0.0820795
0.0842066
0.0863509
0.0885234
0.090759
0.0930512
0.0953432
0.0976859
0.100113
0.102547
0.105031
0.10757
0.110151
0.112785
0.11546
0.118193
0.120963
0.123802
0.126682
0.129617
0.13262
0.135649
0.138782
0.141918
0.145164
0.148422
0.151785
0.155171
0.158651
0.162262
0.165841
0.169921
0.0060097
0.0066377
0.00736356
0.00810896
0.00882633
0.0094425
0.00993773
0.010336
0.0107017
0.0110654
0.0114518
0.0118976
0.0123642
0.0128311
0.0132976
0.0138005
0.0143941
0.0150719
0.0157923
0.016509
0.017195
0.017888
0.0186698
0.0195259
0.0204078
0.0212455
0.0220176
0.0228782
0.0238317
0.0247986
0.0257558
0.0266495
0.0276488
0.028787
0.0298347
0.0308179
0.0318838
0.0330774
0.0342919
0.035435
0.0366029
0.0378604
0.0391216
0.0403554
0.0416853
0.043091
0.0444005
0.0457277
0.0472259
0.0486918
0.0501077
0.0515961
0.0531728
0.0547833
0.0563247
0.0578744
0.0596103
0.0613657
0.0630085
0.0647123
0.0665612
0.0684037
0.0702157
0.0721105
0.074041
0.0759951
0.0779924
0.0800313
0.0820849
0.0842128
0.0863595
0.0885273
0.0907637
0.0930586
0.0953484
0.0976897
0.100118
0.102552
0.105036
0.107574
0.110156
0.11279
0.115464
0.118199
0.120968
0.123807
0.126688
0.129623
0.132625
0.135655
0.138788
0.141923
0.145169
0.148427
0.15179
0.155175
0.158657
0.162269
0.165848
0.169929
0.00631124
0.00694367
0.00767137
0.00839646
0.00909142
0.00970744
0.010215
0.0106184
0.0109765
0.0113351
0.0117059
0.0121241
0.012581
0.0130563
0.013533
0.0140331
0.0146079
0.0152641
0.0159686
0.0166804
0.0173861
0.0180843
0.0188364
0.0196628
0.0205216
0.0213772
0.0221765
0.023011
0.0239331
0.0248807
0.025849
0.0267736
0.0277344
0.02883
0.0299082
0.030918
0.0319618
0.0331124
0.0343283
0.0355012
0.0366604
0.0378934
0.0391645
0.0404094
0.0417047
0.0431069
0.0444591
0.0457658
0.0472218
0.0487137
0.0501539
0.0516164
0.0531721
0.0548017
0.0563614
0.0578898
0.0596058
0.0613802
0.0630362
0.0647211
0.0665624
0.0684166
0.0702275
0.0721171
0.0740498
0.0760021
0.077999
0.080039
0.0820893
0.0842186
0.0863675
0.0885303
0.0907674
0.0930649
0.0953532
0.0976936
0.100122
0.102556
0.105041
0.107578
0.11016
0.112796
0.115468
0.118204
0.120973
0.123812
0.126694
0.129628
0.13263
0.13566
0.138793
0.141928
0.145174
0.148433
0.151795
0.15518
0.158662
0.162275
0.165854
0.169935
0.00660121
0.00722392
0.00795251
0.00866825
0.00934214
0.00994682
0.0104587
0.0108705
0.0112255
0.011578
0.0119389
0.0123378
0.0127807
0.0132582
0.0137473
0.0142505
0.0148132
0.0154516
0.0161438
0.0168466
0.0175592
0.0182706
0.0190047
0.0198033
0.0206415
0.0214972
0.0223197
0.0231464
0.024042
0.0249708
0.0259322
0.0268822
0.0278339
0.028886
0.0299707
0.031008
0.0320485
0.0331642
0.0343619
0.0355574
0.036724
0.0379352
0.0392036
0.0404624
0.0417367
0.0431197
0.0445046
0.0458188
0.0472318
0.048721
0.0501964
0.0516516
0.053174
0.0548109
0.0563996
0.0579138
0.0596
0.0613901
0.0630677
0.0647351
0.066564
0.0684293
0.0702407
0.0721252
0.0740602
0.0760104
0.0780074
0.0800488
0.0820955
0.0842261
0.0863772
0.0885355
0.0907726
0.093072
0.0953594
0.0976984
0.100127
0.102561
0.105046
0.107582
0.110164
0.112801
0.115472
0.118209
0.120978
0.123818
0.126702
0.129634
0.132636
0.135667
0.1388
0.141933
0.14518
0.148439
0.151801
0.155185
0.158668
0.162282
0.165862
0.169943
0.00690037
0.00750416
0.00821974
0.00892431
0.00957833
0.0101627
0.0106663
0.0110845
0.0114392
0.0117864
0.012141
0.0125271
0.0129561
0.0134316
0.0139322
0.0144443
0.0150036
0.0156263
0.0163089
0.017006
0.0177168
0.0184402
0.0191683
0.0199424
0.02076
0.0216067
0.0224425
0.0232731
0.0241512
0.0250632
0.0260106
0.0269731
0.0279314
0.0289503
0.0300242
0.0310839
0.0321308
0.0332252
0.034396
0.0355972
0.0367817
0.0379787
0.0392362
0.0405075
0.0417717
0.0431336
0.0445318
0.0458671
0.0472564
0.0487167
0.0502192
0.0516952
0.0531825
0.0548065
0.0564315
0.057945
0.0595925
0.0613903
0.0630974
0.0647507
0.0665623
0.0684378
0.0702525
0.0721321
0.0740689
0.0760167
0.0780132
0.0800557
0.0820996
0.0842316
0.0863847
0.0885397
0.0907758
0.0930768
0.0953651
0.097703
0.100127
0.102566
0.105051
0.107586
0.110169
0.112807
0.115476
0.118214
0.120984
0.123823
0.126708
0.12964
0.13264
0.135673
0.138806
0.141938
0.145185
0.148444
0.151806
0.15519
0.158674
0.162288
0.165868
0.169948
0.00720752
0.00780703
0.00850881
0.00920195
0.00983893
0.0104009
0.0108804
0.0112905
0.0116425
0.0119837
0.012333
0.0127118
0.0131286
0.0135949
0.0141047
0.0146276
0.0151888
0.0158
0.0164682
0.0171597
0.0178643
0.0185938
0.0193253
0.020082
0.0208775
0.0217115
0.0225534
0.0233898
0.02426
0.025159
0.0260925
0.0270542
0.0280204
0.0290244
0.0300785
0.0311504
0.0322082
0.0332935
0.0344432
0.0356307
0.0368338
0.0380309
0.0392722
0.0405547
0.0418133
0.043156
0.0445557
0.0459084
0.0473014
0.0487274
0.0502267
0.0517437
0.053212
0.0547976
0.0564568
0.0579895
0.0595934
0.0613861
0.0631293
0.0647758
0.0665641
0.0684463
0.070267
0.0721425
0.0740801
0.0760269
0.0780221
0.080065
0.0821068
0.0842394
0.0863937
0.088547
0.0907808
0.0930818
0.0953728
0.0977093
0.10013
0.102572
0.105056
0.10759
0.110175
0.112812
0.11548
0.118219
0.120993
0.123829
0.126715
0.129646
0.132646
0.13568
0.138812
0.141944
0.145191
0.148451
0.151812
0.155196
0.15868
0.162296
0.165875
0.169956
0.00733457
0.00791939
0.00860005
0.00928368
0.00991563
0.0104762
0.0109483
0.0113576
0.0117194
0.0120739
0.012438
0.0128257
0.0132472
0.0137129
0.0142384
0.0147836
0.0153533
0.0159608
0.01662
0.0173083
0.0179991
0.0187222
0.0194619
0.0202145
0.0209909
0.0218047
0.0226484
0.0234895
0.024357
0.0252481
0.0261693
0.0271286
0.0280966
0.0290986
0.0301355
0.0312078
0.0322795
0.0333572
0.0344962
0.0356622
0.0368709
0.0380821
0.0393033
0.0405933
0.0418537
0.0431744
0.0445745
0.0459327
0.0473394
0.0487521
0.0502178
0.0517695
0.0532547
0.0547874
0.0564614
0.0580355
0.0596007
0.0613693
0.0631507
0.0648046
0.066566
0.0684482
0.0702787
0.0721511
0.074088
0.0760353
0.0780287
0.0800712
0.0821123
0.0842451
0.0864008
0.0885547
0.0907843
0.0930839
0.0953805
0.0977159
0.100132
0.102576
0.105062
0.107593
0.11018
0.112818
0.115484
0.118226
0.120999
0.123835
0.126723
0.129652
0.132651
0.135687
0.138818
0.141949
0.145197
0.148457
0.151817
0.155201
0.158686
0.162302
0.165881
0.169962
0.00789086
0.00842679
0.0090348
0.00963792
0.0101937
0.0106878
0.0111044
0.011468
0.0118043
0.0121528
0.0125276
0.0129215
0.0133482
0.0138119
0.01434
0.0149069
0.0154901
0.0160986
0.0167513
0.0174466
0.0181348
0.0188369
0.0195718
0.0203269
0.0210982
0.0218941
0.0227343
0.0235804
0.0244456
0.025335
0.0262436
0.0271989
0.0281633
0.0291634
0.0301921
0.0312527
0.0323377
0.0334121
0.0345445
0.0357001
0.0368969
0.0381276
0.0393375
0.0406241
0.0419003
0.0431956
0.0445944
0.0459577
0.047367
0.0487949
0.0502239
0.0517749
0.0533041
0.0547964
0.0564529
0.0580794
0.0596274
0.0613529
0.0631617
0.0648404
0.0665762
0.0684477
0.070291
0.0721627
0.074097
0.0760468
0.078037
0.0800782
0.08212
0.0842499
0.0864076
0.0885654
0.0907883
0.0930845
0.0953897
0.0977241
0.100133
0.10258
0.105068
0.107597
0.110186
0.112823
0.115488
0.11823
0.121004
0.123841
0.126729
0.129657
0.132656
0.135694
0.138825
0.141955
0.145204
0.148463
0.151823
0.155207
0.158693
0.162309
0.165887
0.169968
0.00765758
0.00822579
0.008864
0.00948438
0.010055
0.010574
0.0110322
0.0114347
0.011813
0.0121913
0.0126026
0.0130364
0.0134935
0.0139713
0.0144882
0.0150445
0.0156207
0.0162219
0.0168565
0.0175473
0.0182482
0.0189422
0.0196643
0.0204158
0.0211895
0.021975
0.022807
0.0236564
0.0245182
0.025408
0.0263102
0.0272626
0.0282278
0.0292241
0.0302541
0.0313024
0.0323936
0.0334729
0.0345943
0.0357485
0.0369268
0.0381669
0.0393799
0.0406496
0.0419472
0.0432239
0.0446086
0.045986
0.047383
0.0488351
0.05025
0.0517664
0.0533407
0.0548241
0.0564393
0.0581078
0.0596655
0.061341
0.0631577
0.0648748
0.0665952
0.0684451
0.0702995
0.0721746
0.0741051
0.076059
0.0780459
0.0800856
0.0821298
0.0842542
0.0864139
0.0885794
0.0907925
0.0930825
0.0953997
0.0977332
0.100133
0.102584
0.105074
0.107601
0.110192
0.112829
0.115492
0.118238
0.121013
0.123848
0.126737
0.129665
0.132663
0.135703
0.138832
0.141961
0.145211
0.14847
0.151829
0.155212
0.158699
0.162316
0.165894
0.169976
0.00906801
0.00919121
0.00928906
0.00943681
0.00966612
0.0100032
0.0104445
0.0109379
0.0114413
0.0119363
0.0124411
0.0129644
0.0135002
0.0140389
0.0145899
0.0151747
0.0157594
0.0163561
0.0169713
0.0176302
0.0183247
0.0190232
0.0197415
0.0204809
0.0212547
0.0220405
0.0228648
0.0237165
0.0245747
0.0254661
0.0263667
0.0273148
0.0282819
0.0292699
0.0302985
0.0313371
0.0324232
0.0335116
0.0346227
0.0357809
0.0369497
0.0381827
0.0394111
0.0406637
0.0419756
0.0432539
0.0446118
0.0460075
0.0473938
0.0488543
0.0502864
0.0517566
0.0533498
0.0548606
0.0564297
0.0581161
0.059709
0.0613385
0.0631421
0.0649026
0.066619
0.0684438
0.0703036
0.0721833
0.0741135
0.0760689
0.0780508
0.0800918
0.0821382
0.0842536
0.0864176
0.0885944
0.0907956
0.0930779
0.0954096
0.0977431
0.100131
0.102587
0.10508
0.107604
0.110198
0.112834
0.115495
0.118242
0.121016
0.123852
0.126742
0.129669
0.132667
0.135708
0.138837
0.141965
0.145216
0.148476
0.151834
0.155218
0.158705
0.162322
0.165899
0.16998
0.00791451
0.00839367
0.00896537
0.00953465
0.0100551
0.0104985
0.0108835
0.0112571
0.0116522
0.0120801
0.0125408
0.0130323
0.0135404
0.0140667
0.0146058
0.0151863
0.015796
0.016416
0.0170519
0.0177064
0.0183955
0.0190877
0.0197997
0.0205355
0.021307
0.0220997
0.0229115
0.0237606
0.0246158
0.0255062
0.0264133
0.0273561
0.0283332
0.0293167
0.0303432
0.0313804
0.0324569
0.0335569
0.0346609
0.0358215
0.0369911
0.0382055
0.0394474
0.0406907
0.0420007
0.043295
0.0446251
0.0460269
0.0474184
0.048865
0.0503277
0.0517739
0.0533426
0.0549
0.0564441
0.0581078
0.0597541
0.0613556
0.0631201
0.0649262
0.0666486
0.068448
0.070312
0.0721894
0.074126
0.076087
0.0780557
0.0801035
0.0821555
0.0842531
0.0864227
0.0886154
0.0908004
0.0930727
0.0954207
0.0977545
0.10013
0.102589
0.105087
0.107609
0.110205
0.112842
0.115504
0.118252
0.121028
0.123862
0.126751
0.129679
0.132676
0.135718
0.138846
0.141973
0.145225
0.148483
0.151841
0.155224
0.158712
0.162329
0.165907
0.169989
0.0092729
0.00932366
0.00933408
0.00939947
0.00955446
0.00981443
0.0101783
0.0106301
0.01115
0.011717
0.0123051
0.0128998
0.0134897
0.0140869
0.0146967
0.0153112
0.0159252
0.0165202
0.0171197
0.0177484
0.0184287
0.0191306
0.0198367
0.0205663
0.0213304
0.0221344
0.0229467
0.0237885
0.0246467
0.0255317
0.0264493
0.0273847
0.0283646
0.0293496
0.0303644
0.0314053
0.0324672
0.0335746
0.0346775
0.0358336
0.0370148
0.0382116
0.0394602
0.0407058
0.042006
0.043318
0.0446358
0.0460302
0.0474358
0.0488677
0.0503435
0.0517989
0.0533288
0.0549112
0.0564715
0.0580906
0.0597731
0.0613875
0.0630962
0.0649322
0.066677
0.068448
0.0703191
0.072192
0.0741265
0.0761035
0.0780558
0.0801029
0.0821716
0.0842494
0.0864171
0.0886335
0.090806
0.0930632
0.095428
0.0977653
0.100129
0.102591
0.105092
0.107611
0.110208
0.112844
0.115502
0.118254
0.12103
0.123865
0.126754
0.129682
0.13268
0.135723
0.138851
0.141976
0.145229
0.148488
0.151845
0.155229
0.158717
0.162334
0.165911
0.169992
0.00873726
0.00880356
0.00883055
0.00891973
0.00911173
0.00941822
0.00983051
0.0103409
0.0109295
0.0115627
0.0122099
0.0128524
0.0134859
0.0141153
0.014737
0.0153278
0.0158996
0.0164804
0.0170953
0.0177451
0.0184263
0.0191265
0.019827
0.020553
0.0213209
0.0221313
0.0229521
0.023786
0.0246465
0.0255306
0.026453
0.027393
0.0283696
0.0293631
0.0303738
0.0314194
0.0324814
0.0335874
0.0346988
0.0358483
0.0370374
0.0382304
0.0394733
0.0407267
0.0420178
0.0433351
0.0446544
0.0460384
0.0474508
0.0488803
0.0503531
0.0518217
0.0533378
0.0549144
0.0564971
0.0580968
0.059778
0.0614201
0.063101
0.0649315
0.0667017
0.0684581
0.0703276
0.0722064
0.0741326
0.0761196
0.0780715
0.080109
0.0821886
0.0842623
0.0864185
0.0886468
0.0908203
0.0930627
0.0954318
0.0977762
0.100131
0.102592
0.105098
0.107616
0.110216
0.112854
0.115512
0.118265
0.121043
0.123876
0.126766
0.129693
0.13269
0.135734
0.138861
0.141986
0.145238
0.148497
0.151853
0.155236
0.158725
0.162341
0.165919
0.170002
)
;

boundaryField
{
    zeroGradientPlanes
    {
        type            zeroGradient;
    }
    inlet
    {
        type            zeroGradient;
    }
    plate
    {
        type            zeroGradient;
    }
    frontAndBack
    {
        type            empty;
    }
}


// ************************************************************************* //
