/*--------------------------------*- C++ -*----------------------------------*\
| =========                 |                                                 |
| \\      /  F ield         | OpenFOAM: The Open Source CFD Toolbox           |
|  \\    /   O peration     | Version:  v1912                                 |
|   \\  /    A nd           | Website:  www.openfoam.com                      |
|    \\/     M anipulation  |                                                 |
\*---------------------------------------------------------------------------*/
FoamFile
{
    version     2.0;
    format      ascii;
    class       volScalarField;
    location    "1.95";
    object      p;
}
// * * * * * * * * * * * * * * * * * * * * * * * * * * * * * * * * * * * * * //

dimensions      [0 2 -2 0 0 0 0];


internalField   nonuniform List<scalar> 
9600
(
1.10151e-09
0.0128737
0.0128134
0.0120993
0.00459658
0.0148359
0.0169497
0.0146513
0.0149837
0.0167593
0.0165534
0.0182305
0.0151025
0.0153751
0.0156178
0.0143663
0.0152262
0.0164615
0.018226
0.0211339
6.17683e-07
0.0128988
0.0127983
0.0120171
0.00461945
0.0148614
0.0169132
0.014666
0.0149867
0.016739
0.0165321
0.0182063
0.0151198
0.0153851
0.0156158
0.0143701
0.0152356
0.0164714
0.0182543
0.0208403
4.71044e-06
0.0129276
0.012769
0.0119445
0.00465096
0.0148776
0.0168709
0.0146979
0.0149808
0.0167142
0.0165079
0.0181616
0.0151575
0.0153903
0.0156171
0.0143918
0.0152479
0.0164841
0.0182452
0.0205103
1.59638e-05
0.0129481
0.0127346
0.0118768
0.0047018
0.014888
0.0168297
0.0147377
0.014966
0.0166831
0.0164832
0.018086
0.0151958
0.015393
0.0156172
0.0144301
0.0152499
0.0164877
0.018209
0.0201934
3.89908e-05
0.0129593
0.0126904
0.0118209
0.00478373
0.0148879
0.0167825
0.0147863
0.0149452
0.0166409
0.0164542
0.0179711
0.0152305
0.015394
0.0156133
0.0144771
0.0152479
0.016487
0.0181592
0.0198812
7.86397e-05
0.0129565
0.0126335
0.011785
0.00491011
0.0148634
0.0167232
0.0148464
0.0149216
0.0165842
0.0164168
0.0178206
0.0152632
0.01539
0.0156099
0.0145307
0.0152509
0.0164864
0.0180938
0.0195696
0.000137799
0.0129362
0.0125646
0.0117734
0.00508447
0.0148015
0.0166527
0.014917
0.0149005
0.0165163
0.0163709
0.0176485
0.0152932
0.0153825
0.0156114
0.0145894
0.0152604
0.0164844
0.0180109
0.0192642
0.000216625
0.0128984
0.0124868
0.0117841
0.00529805
0.0147001
0.0165778
0.0149936
0.0148872
0.0164453
0.0163214
0.0174685
0.01532
0.0153751
0.0156176
0.0146514
0.0152738
0.0164801
0.0179142
0.0189694
0.000312638
0.0128453
0.012405
0.0118104
0.00553353
0.0145694
0.0165054
0.0150685
0.0148821
0.0163812
0.0162774
0.0172918
0.0153451
0.0153684
0.0156268
0.0147166
0.015289
0.0164748
0.0178063
0.0186837
0.00042191
0.0127807
0.0123252
0.0118454
0.00577384
0.0144204
0.01644
0.0151337
0.014881
0.016328
0.0162466
0.0171267
0.0153703
0.0153621
0.0156386
0.0147861
0.0153049
0.0164685
0.0176869
0.0184051
0.000540899
0.0127101
0.0122521
0.0118857
0.00600848
0.0142729
0.0163823
0.0151848
0.0148776
0.0162885
0.0162327
0.016977
0.0153961
0.0153563
0.0156515
0.014858
0.0153181
0.0164576
0.0175557
0.0181343
0.000667256
0.0126378
0.0121884
0.0119306
0.00623378
0.0141312
0.0163311
0.0152209
0.0148663
0.0162566
0.0162334
0.0168408
0.0154206
0.0153503
0.0156618
0.0149267
0.0153234
0.0164385
0.0174146
0.0178711
0.000799504
0.0125664
0.0121344
0.01198
0.00644972
0.0139983
0.0162853
0.0152441
0.0148446
0.0162271
0.0162428
0.0167135
0.015441
0.0153434
0.0156661
0.014987
0.0153173
0.0164086
0.0172661
0.0176129
0.000936695
0.0124968
0.012089
0.0120325
0.00665788
0.0138737
0.0162436
0.0152577
0.0148134
0.0161978
0.0162556
0.0165914
0.0154554
0.0153361
0.0156639
0.0150369
0.0152987
0.016367
0.0171127
0.0173573
0.00107821
0.0124286
0.0120502
0.0120852
0.00686045
0.0137554
0.0162042
0.0152641
0.0147756
0.0161673
0.0162686
0.0164731
0.0154637
0.0153302
0.0156566
0.0150771
0.0152692
0.0163139
0.0169572
0.017103
0.00122363
0.0123611
0.0120164
0.0121352
0.00705952
0.0136413
0.0161651
0.0152649
0.0147338
0.016135
0.0162805
0.0163586
0.0154666
0.0153268
0.0156452
0.0151096
0.0152316
0.0162497
0.0168019
0.0168499
0.0013728
0.0122936
0.0119863
0.0121804
0.00725669
0.0135301
0.0161251
0.0152611
0.0146901
0.0161008
0.0162909
0.0162478
0.015464
0.0153257
0.0156305
0.0151363
0.0151883
0.0161747
0.0166488
0.016599
0.00152565
0.0122258
0.0119593
0.0122198
0.0074531
0.0134213
0.0160838
0.0152533
0.0146455
0.0160646
0.0162994
0.0161403
0.0154557
0.0153266
0.0156126
0.0151581
0.0151409
0.0160891
0.0164991
0.0163519
0.00168222
0.0121576
0.0119353
0.0122529
0.00764959
0.0133149
0.0160409
0.015242
0.0146003
0.0160264
0.0163055
0.0160357
0.0154414
0.0153289
0.0155916
0.0151754
0.0150904
0.0159931
0.0163532
0.0161103
0.00184262
0.0120891
0.0119143
0.0122798
0.00784667
0.0132113
0.0159964
0.0152275
0.0145544
0.0159862
0.0163089
0.015934
0.015421
0.015332
0.0155677
0.015188
0.0150375
0.0158867
0.016211
0.0158767
0.00200697
0.0120201
0.0118966
0.0123004
0.00804459
0.0131109
0.0159503
0.0152102
0.0145075
0.0159439
0.0163092
0.0158347
0.0153941
0.0153351
0.0155411
0.0151956
0.0149827
0.0157699
0.0160724
0.0156541
0.0021754
0.0119507
0.0118822
0.0123149
0.00824334
0.0130141
0.0159027
0.0151904
0.0144592
0.0158993
0.0163064
0.015738
0.0153607
0.0153377
0.0155117
0.0151976
0.0149266
0.015643
0.0159371
0.0154462
0.00234796
0.0118809
0.0118715
0.0123233
0.00844259
0.0129213
0.0158531
0.0151686
0.0144093
0.0158523
0.0163006
0.0156439
0.0153206
0.0153396
0.0154793
0.0151937
0.0148704
0.015506
0.0158038
0.0152565
0.00252469
0.0118106
0.0118647
0.0123255
0.00864178
0.0128328
0.0158014
0.0151451
0.0143576
0.0158026
0.0162921
0.0155524
0.0152737
0.0153408
0.015444
0.015183
0.0148159
0.0153592
0.0156696
0.015089
0.00270564
0.0117399
0.0118623
0.0123216
0.00884007
0.012749
0.015747
0.0151205
0.014304
0.0157497
0.0162815
0.0154634
0.0152195
0.0153416
0.0154061
0.0151639
0.0147648
0.0152045
0.0155304
0.0149462
0.00289083
0.0116685
0.0118642
0.0123114
0.00903634
0.0126705
0.0156896
0.015095
0.0142484
0.0156932
0.0162691
0.0153774
0.0151575
0.0153422
0.0153664
0.0151341
0.014718
0.0150461
0.015381
0.014827
0.00308031
0.0115965
0.0118708
0.0122952
0.00922938
0.0125977
0.0156288
0.0150688
0.014191
0.0156323
0.0162554
0.015295
0.0150867
0.0153418
0.0153271
0.0150922
0.0146752
0.0148896
0.0152169
0.0147244
0.00327415
0.0115237
0.0118822
0.0122734
0.00941792
0.0125311
0.0155644
0.0150424
0.0141321
0.0155664
0.0162407
0.015217
0.0150065
0.0153391
0.0152903
0.0150374
0.0146335
0.014741
0.015037
0.0146278
0.00347241
0.0114501
0.0118983
0.0122466
0.00960066
0.0124711
0.015496
0.0150159
0.014072
0.0154947
0.0162251
0.0151441
0.0149167
0.0153322
0.0152581
0.0149705
0.0145891
0.0146054
0.0148456
0.0145239
0.00367518
0.0113755
0.011919
0.0122158
0.00977626
0.0124181
0.0154237
0.0149895
0.0140112
0.0154168
0.0162082
0.0150769
0.0148172
0.015319
0.0152319
0.0148934
0.0145382
0.0144862
0.0146513
0.0144007
0.00388253
0.0113
0.0119439
0.0121823
0.00994335
0.0123721
0.0153475
0.0149632
0.01395
0.015332
0.0161901
0.0150164
0.0147078
0.0152973
0.0152134
0.0148087
0.0144766
0.0143836
0.0144646
0.0142539
0.00409455
0.0112236
0.0119727
0.0121476
0.0101007
0.012333
0.0152679
0.014937
0.0138889
0.0152396
0.0161703
0.0149638
0.0145885
0.0152643
0.0152042
0.0147201
0.0144002
0.014294
0.0142953
0.0140906
0.00431131
0.0111462
0.0120045
0.0121133
0.0102473
0.0123004
0.0151853
0.014911
0.0138284
0.0151389
0.0161479
0.0149206
0.0144596
0.0152169
0.015205
0.0146323
0.0143067
0.014211
0.0141493
0.0139248
0.00453289
0.0110682
0.0120385
0.0120811
0.0103823
0.0122735
0.0151006
0.0148853
0.0137693
0.0150293
0.0161219
0.0148882
0.0143223
0.0151519
0.0152148
0.01455
0.014196
0.0141296
0.0140273
0.0137688
0.0047593
0.0109897
0.0120739
0.0120526
0.0105052
0.0122512
0.0150144
0.0148601
0.0137121
0.0149103
0.0160907
0.0148679
0.0141785
0.0150657
0.0152326
0.0144782
0.0140681
0.0140452
0.0139281
0.0136307
0.00499052
0.010911
0.0121096
0.0120295
0.010616
0.0122325
0.0149268
0.0148356
0.0136581
0.0147818
0.0160519
0.0148614
0.0140311
0.0149536
0.0152562
0.0144246
0.0139219
0.0139509
0.0138523
0.0135162
0.00522661
0.0108325
0.0121445
0.0120127
0.0107152
0.0122161
0.014838
0.0148121
0.0136084
0.014644
0.0160022
0.0148694
0.0138858
0.0148113
0.0152794
0.0143977
0.0137598
0.013836
0.0137997
0.0134331
0.00546746
0.0107547
0.0121774
0.0120033
0.0108035
0.0122009
0.0147481
0.0147895
0.0135642
0.0144981
0.0159384
0.0148905
0.0137491
0.0146371
0.0152922
0.0144047
0.0135927
0.0136866
0.0137606
0.0133925
0.00571297
0.0106784
0.0122071
0.0120023
0.0108824
0.0121859
0.0146567
0.0147675
0.0135267
0.0143458
0.0158573
0.0149218
0.0136282
0.0144335
0.0152828
0.0144472
0.0134377
0.0134936
0.013716
0.0134002
0.00596297
0.0106043
0.0122327
0.0120108
0.0109534
0.0121706
0.0145635
0.0147453
0.0134972
0.0141892
0.015756
0.0149588
0.0135299
0.0142074
0.0152389
0.0145183
0.0133128
0.013261
0.0136421
0.0134457
0.00621722
0.0105334
0.012253
0.0120257
0.0110177
0.0121542
0.0144682
0.0147225
0.0134768
0.0140309
0.0156323
0.0149962
0.0134596
0.0139681
0.0151514
0.0146051
0.0132346
0.0130037
0.0135178
0.013508
0.00647539
0.0104667
0.0122671
0.0120475
0.0110765
0.0121362
0.0143711
0.0146985
0.0134655
0.0138733
0.0154855
0.0150282
0.0134197
0.013726
0.0150157
0.0146927
0.0132147
0.0127421
0.0133305
0.0135598
0.00673704
0.0104053
0.0122737
0.0120765
0.0111313
0.0121158
0.0142725
0.0146726
0.0134626
0.0137193
0.0153167
0.0150492
0.0134097
0.0134917
0.0148318
0.0147649
0.0132564
0.0125004
0.0130785
0.0135696
0.00700169
0.0103504
0.0122715
0.0121123
0.0111837
0.0120924
0.0141723
0.0146437
0.0134673
0.0135722
0.015129
0.0150541
0.0134255
0.0132744
0.0146061
0.0148054
0.0133507
0.0123074
0.0127741
0.0135053
0.00726868
0.0103032
0.0122598
0.0121544
0.0112354
0.0120656
0.0140704
0.0146114
0.0134788
0.0134342
0.0149257
0.0150393
0.0134616
0.0130814
0.0143507
0.014801
0.0134763
0.0121875
0.0124464
0.0133435
0.00753728
0.010265
0.0122378
0.0122021
0.0112885
0.0120345
0.013967
0.0145762
0.013495
0.0133056
0.0147107
0.0150039
0.0135125
0.012916
0.014077
0.0147445
0.0136084
0.0121494
0.0121321
0.0130857
0.00780663
0.0102368
0.0122048
0.0122543
0.0113456
0.0119984
0.0138619
0.0145392
0.0135142
0.0131859
0.0144878
0.0149477
0.0135745
0.0127807
0.0137932
0.0146347
0.013726
0.0121836
0.0118692
0.0127618
0.00807563
0.0102202
0.0121608
0.0123092
0.0114092
0.0119573
0.0137531
0.0145009
0.0135371
0.0130757
0.0142581
0.0148682
0.0136447
0.01268
0.0135059
0.0144711
0.0138153
0.0122719
0.011684
0.0124139
0.00834305
0.0102162
0.0121063
0.0123641
0.0114814
0.0119125
0.01364
0.0144617
0.0135654
0.0129752
0.0140224
0.0147614
0.0137189
0.0126204
0.0132245
0.0142524
0.0138641
0.012396
0.011585
0.0120881
0.00860751
0.0102257
0.0120428
0.0124157
0.0115637
0.0118657
0.0135192
0.014421
0.0136014
0.0128871
0.0137813
0.0146238
0.0137897
0.0126058
0.0129611
0.0139845
0.0138594
0.0125375
0.0115676
0.0118216
0.00886759
0.0102498
0.0119724
0.0124608
0.0116569
0.0118196
0.013386
0.0143757
0.0136485
0.0128159
0.0135368
0.0144526
0.0138471
0.0126349
0.0127304
0.0136834
0.0137908
0.0126751
0.011618
0.0116331
0.00912173
0.0102891
0.0118976
0.0124961
0.0117599
0.0117785
0.0132395
0.0143213
0.0137061
0.0127678
0.0132944
0.0142462
0.0138813
0.0127016
0.0125467
0.013369
0.0136567
0.0127856
0.0117156
0.0115243
0.00936836
0.010344
0.011822
0.0125182
0.0118707
0.0117474
0.0130806
0.0142499
0.0137695
0.0127513
0.0130622
0.0140067
0.0138796
0.0127931
0.0124207
0.0130617
0.0134666
0.0128522
0.011839
0.0114838
0.00960628
0.0104143
0.0117496
0.0125245
0.0119856
0.011732
0.0129118
0.0141531
0.0138333
0.0127702
0.0128527
0.0137437
0.0138304
0.0128922
0.0123565
0.0127837
0.0132338
0.0128645
0.0119685
0.011493
0.00983465
0.0104993
0.011684
0.0125134
0.0120994
0.0117375
0.0127339
0.0140243
0.0138885
0.0128237
0.0126795
0.0134697
0.0137297
0.0129786
0.0123463
0.0125574
0.0129791
0.0128149
0.0120886
0.0115397
0.0100525
0.0105979
0.0116291
0.0124845
0.0122059
0.0117669
0.0125603
0.0138592
0.0139239
0.0129073
0.0125539
0.0131978
0.013581
0.0130344
0.0123714
0.0123952
0.0127317
0.0127042
0.012181
0.0116222
0.0102588
0.0107082
0.0115883
0.012439
0.012299
0.0118221
0.0124038
0.0136587
0.0139261
0.0130137
0.012484
0.0129449
0.0133939
0.0130493
0.0124131
0.0122882
0.0125201
0.0125522
0.012221
0.0117355
0.0104534
0.0108274
0.0115638
0.0123802
0.0123726
0.0119013
0.0122719
0.0134272
0.0138813
0.0131277
0.0124692
0.0127298
0.0131818
0.0130175
0.0124571
0.0122209
0.0123536
0.0123926
0.0121947
0.0118481
0.0106359
0.0109526
0.0115564
0.0123142
0.0124222
0.0119969
0.0121763
0.0131782
0.0137793
0.0132262
0.0125025
0.0125666
0.0129633
0.0129379
0.0124902
0.0121844
0.0122228
0.0122538
0.0121202
0.0119153
0.0108062
0.0110806
0.0115666
0.0122474
0.0124467
0.0120947
0.0121237
0.0129433
0.0136219
0.0132858
0.0125722
0.0124588
0.0127612
0.0128221
0.0124963
0.0121718
0.0121206
0.0121426
0.0120372
0.011918
0.0109646
0.0112074
0.0115939
0.0121852
0.0124477
0.0121823
0.0121098
0.0127434
0.0134215
0.0132903
0.0126562
0.012402
0.0125901
0.0126876
0.0124686
0.0121692
0.0120445
0.012047
0.0119722
0.0118839
0.011112
0.0113305
0.0116362
0.0121324
0.0124293
0.012253
0.0121237
0.0125845
0.0132092
0.01324
0.0127281
0.0123892
0.0124572
0.0125523
0.0124157
0.0121624
0.0119922
0.011956
0.0119193
0.0118534
0.0112491
0.0114478
0.0116903
0.0120916
0.0123972
0.0123036
0.0121565
0.0124668
0.0130092
0.0131465
0.0127689
0.0124041
0.0123642
0.0124279
0.0123468
0.0121468
0.0119624
0.0118758
0.0118595
0.0118356
0.0113771
0.011558
0.0117521
0.0120647
0.0123571
0.0123334
0.0121923
0.0123854
0.0128322
0.0130257
0.0127748
0.0124251
0.0123062
0.0123231
0.0122685
0.0121189
0.0119498
0.0118238
0.0117923
0.0118134
0.0114969
0.0116605
0.0118177
0.012052
0.0123141
0.0123443
0.0122243
0.0123333
0.0126824
0.0128943
0.0127507
0.012441
0.0122729
0.0122429
0.0121909
0.0120744
0.011938
0.0118036
0.0117393
0.0117779
0.0116088
0.0117552
0.0118839
0.0120522
0.0122729
0.0123391
0.012249
0.0123012
0.0125615
0.0127647
0.0127012
0.0124472
0.0122546
0.0121848
0.0121277
0.012022
0.0119104
0.0117969
0.0117137
0.0117423
0.0117134
0.0118425
0.0119481
0.0120632
0.0122369
0.0123215
0.012264
0.0122807
0.0124665
0.0126472
0.0126347
0.0124394
0.0122459
0.0121417
0.0120805
0.0119809
0.0118721
0.011783
0.0117076
0.0117217
0.0118109
0.0119227
0.0120086
0.012082
0.0122079
0.0122959
0.0122684
0.0122662
0.0123924
0.0125453
0.0125633
0.0124181
0.0122434
0.0121136
0.01204
0.0119567
0.0118429
0.0117592
0.0117042
0.0117165
0.0119016
0.0119964
0.0120644
0.0121059
0.0121866
0.012266
0.0122628
0.0122546
0.0123355
0.0124579
0.0124931
0.0123871
0.0122416
0.0121056
0.0120077
0.0119384
0.0118339
0.0117399
0.011697
0.0117177
0.0119853
0.0120639
0.0121149
0.012132
0.0121727
0.012235
0.0122478
0.012242
0.0122925
0.0123848
0.0124277
0.0123526
0.0122338
0.0121129
0.0119957
0.0119207
0.0118397
0.01174
0.0116941
0.011722
0.0120621
0.0121259
0.01216
0.0121579
0.0121648
0.0122055
0.0122254
0.0122255
0.0122589
0.0123249
0.0123696
0.0123218
0.0122211
0.0121234
0.0120093
0.0119141
0.0118491
0.0117613
0.0117068
0.0117338
0.012132
0.0121824
0.0122
0.0121821
0.0121609
0.012178
0.0121981
0.0122038
0.0122303
0.0122772
0.0123185
0.0122978
0.0122145
0.0121313
0.0120413
0.0119346
0.0118652
0.0117964
0.0117405
0.0117613
0.0121947
0.0122339
0.0122353
0.0122032
0.0121588
0.0121519
0.0121674
0.0121776
0.0122018
0.0122379
0.0122758
0.0122777
0.0122198
0.0121469
0.0120822
0.0119875
0.0119052
0.0118469
0.0117991
0.011814
0.0122506
0.0122803
0.0122664
0.0122198
0.0121562
0.0121266
0.012132
0.0121464
0.0121715
0.0122004
0.0122403
0.0122609
0.0122328
0.0121791
0.0121322
0.0120656
0.0119836
0.0119283
0.0118939
0.0119072
0.0123002
0.0123223
0.0122929
0.0122308
0.0121511
0.0121022
0.0120921
0.0121062
0.012137
0.0121639
0.0122101
0.0122481
0.0122461
0.0122212
0.0121868
0.0121447
0.0120777
0.0120206
0.0120016
0.0120361
0.0123444
0.0123598
0.0123152
0.0122371
0.0121429
0.0120691
0.0120418
0.0120478
0.0120895
0.0121376
0.0122143
0.012299
0.0123581
0.0123999
0.0123991
0.0123616
0.0122796
0.0121631
0.0120655
0.0120134
0.0123829
0.0123916
0.0123345
0.0122413
0.0121353
0.0120484
0.0119826
0.0119408
0.0119188
0.011905
0.0119642
0.0120985
0.0122605
0.0124531
0.0126093
0.0127327
0.0128714
0.0130207
0.013183
0.0133068
0.0124133
0.0124161
0.0123503
0.0122433
0.0121251
0.0120409
0.0119966
0.0119925
0.0120465
0.0121073
0.0122008
0.0123321
0.012411
0.0124798
0.0125351
0.0125203
0.0124864
0.0124595
0.01248
0.0125583
0.0124385
0.0124399
0.0123647
0.0122397
0.0121017
0.0119681
0.0118707
0.0118049
0.0118306
0.0119435
0.0120802
0.0122785
0.0124797
0.0126408
0.012836
0.0130276
0.0132071
0.0133671
0.0134918
0.0135547
0.0124554
0.0124593
0.0123898
0.012264
0.0121321
0.0120509
0.0119834
0.0119221
0.0118944
0.011922
0.0119844
0.0121421
0.0124337
0.0127204
0.0129783
0.0131871
0.0133237
0.0133962
0.0134079
0.0133614
0.0242991
0.018957
0.0110691
0.00486668
0.00328101
0.00464638
0.00650238
0.00790224
0.00873755
0.00916255
0.0093741
0.00947895
0.0095684
0.00968457
0.00971438
0.00978512
0.0101075
0.0104372
0.0105502
0.0106055
0.0107596
0.0110326
0.0113408
0.0115282
0.0116122
0.0117505
0.0119232
0.0120724
0.0122947
0.0125761
0.0127925
0.0130061
0.0132854
0.0135323
0.0136724
0.0137778
0.0139201
0.0140773
0.0142366
0.0144267
0.0146099
0.0147538
0.0149093
0.0151201
0.0153347
0.015518
0.0157422
0.0160494
0.0163521
0.0165536
0.0166367
0.0165762
0.0164602
0.01661
0.0170763
0.0175464
0.0178685
0.0181386
0.0183705
0.0185324
0.0186932
0.0189395
0.0192229
0.0194878
0.0197256
0.0199671
0.0202284
0.0205097
0.0208053
0.0210809
0.0213694
0.0216681
0.0219989
0.0223158
0.0226521
0.0229823
0.0233437
0.0237166
0.0240939
0.0244608
0.0248228
0.0252404
0.0256543
0.0261072
0.0265072
0.0269158
0.0273362
0.0277651
0.0282369
0.028689
0.0291612
0.0296417
0.0300961
0.0306071
0.0310598
0.0315751
0.0320503
0.032487
0.0328778
0.0330789
0.0236426
0.0188119
0.0111583
0.00502741
0.00337395
0.0046872
0.00652789
0.00792204
0.0087536
0.00917556
0.00938457
0.00948737
0.0095752
0.00969042
0.00971927
0.00978886
0.010111
0.0104409
0.0105536
0.0106084
0.0107619
0.0110346
0.0113429
0.0115302
0.0116139
0.011752
0.0119247
0.0120737
0.0122958
0.0125772
0.0127936
0.0130071
0.0132864
0.0135334
0.0136734
0.0137787
0.013921
0.0140781
0.0142375
0.0144276
0.0146108
0.0147547
0.0149101
0.0151208
0.0153354
0.0155187
0.0157428
0.0160499
0.0163527
0.0165542
0.0166374
0.0165768
0.0164607
0.0166103
0.0170766
0.0175469
0.0178689
0.018139
0.0183709
0.0185328
0.0186935
0.0189398
0.0192232
0.0194881
0.0197259
0.0199674
0.0202287
0.0205099
0.0208055
0.0210811
0.0213696
0.0216683
0.0219991
0.022316
0.0226523
0.0229824
0.0233438
0.0237168
0.0240941
0.024461
0.0248229
0.0252406
0.0256545
0.0261074
0.0265073
0.0269159
0.0273363
0.0277652
0.028237
0.0286891
0.0291613
0.0296418
0.0300962
0.0306072
0.0310599
0.0315751
0.0320504
0.0324871
0.0328779
0.0330788
0.0230159
0.0186127
0.0113082
0.00531702
0.00354224
0.00474784
0.00655221
0.00793751
0.00876702
0.00918813
0.00939619
0.00949756
0.00958361
0.00969732
0.00972461
0.00979273
0.0101144
0.0104442
0.0105565
0.0106109
0.0107642
0.0110367
0.0113449
0.011532
0.0116154
0.0117534
0.011926
0.0120748
0.0122968
0.0125783
0.0127946
0.0130079
0.0132872
0.0135343
0.0136742
0.0137794
0.0139217
0.0140789
0.0142382
0.0144282
0.0146115
0.0147553
0.0149107
0.0151214
0.015336
0.0155192
0.0157432
0.0160504
0.0163532
0.0165548
0.0166381
0.0165774
0.0164609
0.0166103
0.0170769
0.0175473
0.0178693
0.0181393
0.0183712
0.0185331
0.0186937
0.01894
0.0192235
0.0194884
0.0197261
0.0199675
0.0202288
0.0205101
0.0208057
0.0210812
0.0213698
0.0216685
0.0219992
0.0223161
0.0226524
0.0229826
0.023344
0.0237169
0.0240942
0.0244611
0.024823
0.0252407
0.0256546
0.0261075
0.0265074
0.026916
0.0273364
0.0277653
0.0282371
0.0286892
0.0291614
0.0296419
0.0300962
0.0306072
0.03106
0.0315752
0.0320505
0.0324871
0.032878
0.0330788
0.0224042
0.0184004
0.0115018
0.00569414
0.00378859
0.00484459
0.00659195
0.00796039
0.00878479
0.00920358
0.00941029
0.00951059
0.00959534
0.00970784
0.00973389
0.00980005
0.0101195
0.0104479
0.0105599
0.0106146
0.0107679
0.0110399
0.0113475
0.0115343
0.0116174
0.0117552
0.0119276
0.0120761
0.012298
0.0125796
0.0127957
0.0130088
0.0132882
0.0135354
0.0136751
0.01378
0.0139224
0.0140796
0.0142388
0.0144289
0.0146122
0.014756
0.0149113
0.015122
0.0153367
0.0155198
0.0157437
0.0160509
0.0163538
0.0165555
0.0166388
0.016578
0.016461
0.0166103
0.0170773
0.0175479
0.0178697
0.0181397
0.0183716
0.0185334
0.0186939
0.0189402
0.0192237
0.0194886
0.0197264
0.0199678
0.020229
0.0205103
0.0208059
0.0210814
0.0213699
0.0216686
0.0219994
0.0223163
0.0226526
0.0229827
0.0233441
0.0237171
0.0240943
0.0244612
0.0248231
0.0252408
0.0256547
0.0261076
0.0265075
0.0269161
0.0273365
0.0277654
0.0282372
0.0286893
0.0291615
0.029642
0.0300963
0.0306073
0.0310601
0.0315753
0.0320506
0.0324872
0.0328782
0.0330787
0.0217924
0.0181795
0.0117139
0.00610041
0.00406844
0.00496146
0.00664121
0.00798898
0.00880673
0.00922205
0.00942711
0.00952678
0.00961041
0.00972194
0.00974797
0.00981263
0.0101279
0.0104526
0.0105641
0.0106202
0.0107739
0.0110447
0.0113511
0.0115374
0.0116204
0.0117579
0.0119299
0.0120778
0.0122995
0.012581
0.0127971
0.0130101
0.0132895
0.0135366
0.013676
0.0137807
0.0139231
0.0140804
0.0142395
0.0144294
0.0146129
0.0147568
0.0149119
0.0151227
0.0153374
0.0155204
0.0157443
0.0160515
0.0163545
0.0165563
0.0166397
0.0165786
0.016461
0.0166102
0.0170776
0.0175485
0.0178702
0.0181401
0.0183721
0.0185338
0.0186942
0.0189405
0.0192241
0.0194889
0.0197266
0.019968
0.0202292
0.0205105
0.0208061
0.0210816
0.0213701
0.0216688
0.0219996
0.0223165
0.0226527
0.0229829
0.0233442
0.0237172
0.0240945
0.0244614
0.0248232
0.0252409
0.0256548
0.0261077
0.0265077
0.0269162
0.0273366
0.0277655
0.0282373
0.0286894
0.0291616
0.0296421
0.0300964
0.0306074
0.0310602
0.0315754
0.0320507
0.0324873
0.0328784
0.0330787
0.0211895
0.0179467
0.011919
0.00651086
0.00436519
0.00508938
0.00669461
0.0080205
0.00883167
0.00924291
0.00944576
0.00954469
0.00962704
0.00973787
0.00976574
0.00983023
0.0101398
0.0104589
0.0105697
0.0106282
0.0107827
0.0110515
0.0113556
0.0115415
0.0116249
0.0117621
0.0119331
0.0120803
0.0123015
0.0125826
0.0127986
0.0130117
0.0132911
0.013538
0.0136771
0.0137815
0.0139239
0.0140813
0.0142402
0.0144299
0.0146134
0.0147575
0.0149126
0.0151232
0.015338
0.0155212
0.0157451
0.0160523
0.0163553
0.0165573
0.0166408
0.0165793
0.016461
0.0166101
0.0170781
0.0175493
0.0178708
0.0181405
0.0183727
0.0185343
0.0186944
0.0189408
0.0192244
0.0194893
0.019727
0.0199683
0.0202295
0.0205107
0.0208064
0.0210818
0.0213703
0.021669
0.0219998
0.0223166
0.0226529
0.022983
0.0233444
0.0237174
0.0240946
0.0244615
0.0248234
0.025241
0.0256549
0.0261079
0.0265078
0.0269163
0.0273367
0.0277655
0.0282374
0.0286895
0.0291617
0.0296422
0.0300965
0.0306075
0.0310603
0.0315754
0.0320509
0.0324875
0.0328787
0.0330785
0.0206057
0.0176948
0.0121029
0.00691961
0.00467839
0.00522871
0.00675161
0.00805429
0.00885945
0.00926627
0.0094661
0.00956364
0.00964405
0.00975398
0.00978498
0.00985082
0.0101544
0.0104668
0.0105771
0.0106387
0.0107944
0.0110602
0.0113608
0.0115463
0.011631
0.0117681
0.0119379
0.0120841
0.0123042
0.0125843
0.0128001
0.0130135
0.0132928
0.0135396
0.0136784
0.0137824
0.013925
0.0140826
0.0142411
0.0144304
0.014614
0.0147585
0.0149135
0.0151236
0.0153385
0.0155219
0.0157459
0.016053
0.0163562
0.0165585
0.0166421
0.0165801
0.0164609
0.01661
0.0170787
0.0175502
0.0178714
0.0181411
0.0183733
0.0185348
0.0186948
0.0189412
0.0192249
0.0194897
0.0197274
0.0199686
0.0202298
0.020511
0.0208067
0.0210821
0.0213705
0.0216692
0.022
0.0223168
0.0226531
0.0229832
0.0233445
0.0237175
0.0240948
0.0244617
0.0248235
0.0252412
0.0256551
0.0261081
0.026508
0.0269165
0.0273369
0.0277657
0.0282375
0.0286896
0.0291618
0.0296423
0.0300966
0.0306076
0.0310604
0.0315755
0.0320511
0.0324877
0.0328791
0.0330784
0.0200444
0.0174214
0.012264
0.00732846
0.00501057
0.00538179
0.00681301
0.00809022
0.00889007
0.00929237
0.00948829
0.00958362
0.00966148
0.0097701
0.00980458
0.00987266
0.0101706
0.010476
0.010586
0.0106514
0.0108083
0.0110704
0.0113664
0.0115513
0.011638
0.0117756
0.0119443
0.0120893
0.0123078
0.0125864
0.0128018
0.0130152
0.0132943
0.0135411
0.0136798
0.0137836
0.0139264
0.0140842
0.0142424
0.0144309
0.0146146
0.0147598
0.0149146
0.0151241
0.0153388
0.0155226
0.0157467
0.0160535
0.0163569
0.0165598
0.0166438
0.0165812
0.0164611
0.0166101
0.0170793
0.017551
0.017872
0.0181417
0.018374
0.0185354
0.0186952
0.0189417
0.0192255
0.0194903
0.0197279
0.0199691
0.0202302
0.0205114
0.0208071
0.0210824
0.0213708
0.0216695
0.0220003
0.0223171
0.0226533
0.0229834
0.0233447
0.0237177
0.024095
0.0244619
0.0248236
0.0252413
0.0256553
0.0261082
0.0265082
0.0269166
0.027337
0.0277658
0.0282377
0.0286898
0.0291619
0.0296424
0.0300967
0.0306077
0.0310605
0.0315756
0.0320513
0.032488
0.0328796
0.0330782
0.0195097
0.0171374
0.0124074
0.00773624
0.00535986
0.00554915
0.00687936
0.00812807
0.00892337
0.00932136
0.00951256
0.00960481
0.00967967
0.00978668
0.00982457
0.00989521
0.0101878
0.0104863
0.010596
0.0106655
0.010824
0.011082
0.0113723
0.0115561
0.0116453
0.011784
0.011952
0.0120959
0.0123125
0.012589
0.0128037
0.0130169
0.0132953
0.0135419
0.0136809
0.0137849
0.0139282
0.0140863
0.0142439
0.0144315
0.0146154
0.0147616
0.0149164
0.0151248
0.0153392
0.0155233
0.0157473
0.0160537
0.0163572
0.0165611
0.0166456
0.0165826
0.0164616
0.0166105
0.0170802
0.0175519
0.0178725
0.0181422
0.0183748
0.0185361
0.0186957
0.0189423
0.0192262
0.0194909
0.0197285
0.0199697
0.0202307
0.0205119
0.0208076
0.0210829
0.0213712
0.0216698
0.0220006
0.0223174
0.0226536
0.0229837
0.023345
0.023718
0.0240952
0.0244621
0.0248238
0.0252415
0.0256554
0.0261084
0.0265084
0.0269167
0.0273372
0.0277659
0.0282378
0.0286899
0.029162
0.0296426
0.0300968
0.0306079
0.0310607
0.0315757
0.0320516
0.0324884
0.0328801
0.033078
0.0190109
0.0168567
0.0125344
0.00813598
0.00572153
0.00573094
0.00695103
0.00816711
0.00895852
0.00935301
0.009539
0.00962735
0.0096989
0.00980423
0.00984542
0.00991868
0.010206
0.0104976
0.0106068
0.0106805
0.0108408
0.0110946
0.0113787
0.011561
0.0116526
0.0117928
0.0119603
0.0121034
0.012318
0.0125921
0.0128059
0.0130186
0.013296
0.0135421
0.0136814
0.0137861
0.0139302
0.0140888
0.0142458
0.0144323
0.0146164
0.0147638
0.0149187
0.015126
0.0153398
0.0155241
0.0157478
0.0160533
0.0163568
0.0165618
0.0166473
0.0165841
0.0164626
0.0166117
0.0170816
0.0175529
0.0178729
0.0181425
0.0183755
0.0185368
0.0186963
0.018943
0.0192269
0.0194916
0.0197292
0.0199704
0.0202313
0.0205125
0.0208083
0.0210835
0.0213717
0.0216703
0.022001
0.0223177
0.0226539
0.022984
0.0233452
0.0237182
0.0240954
0.0244623
0.024824
0.0252417
0.0256557
0.0261087
0.0265086
0.0269169
0.0273374
0.0277661
0.028238
0.0286901
0.0291622
0.0296428
0.030097
0.030608
0.0310609
0.0315758
0.0320519
0.0324889
0.0328808
0.0330779
0.0185563
0.0165871
0.0126423
0.00852072
0.00609127
0.00592709
0.00702784
0.00820568
0.00899366
0.00938642
0.00956734
0.00965117
0.00971927
0.00982317
0.00986765
0.00994333
0.0102252
0.0105096
0.0106183
0.0106961
0.0108583
0.0111079
0.0113856
0.011566
0.01166
0.0118016
0.011969
0.0121115
0.0123242
0.0125957
0.0128084
0.0130205
0.0132964
0.0135416
0.0136812
0.0137868
0.0139323
0.0140917
0.0142479
0.0144331
0.0146174
0.0147662
0.0149215
0.0151277
0.015341
0.0155253
0.0157484
0.0160526
0.0163556
0.0165617
0.0166481
0.016585
0.0164635
0.0166135
0.0170839
0.0175545
0.0178733
0.0181425
0.0183758
0.0185375
0.018697
0.0189438
0.0192277
0.0194923
0.01973
0.0199712
0.020232
0.0205133
0.0208091
0.0210842
0.0213723
0.0216709
0.0220016
0.0223182
0.0226543
0.0229844
0.0233456
0.0237185
0.0240957
0.0244625
0.0248242
0.0252419
0.0256559
0.0261089
0.0265088
0.0269171
0.0273376
0.0277663
0.0282382
0.0286903
0.0291624
0.029643
0.0300972
0.0306082
0.0310611
0.0315758
0.0320524
0.0324895
0.0328815
0.0330777
0.0181457
0.0163308
0.0127296
0.0088862
0.00646464
0.00613608
0.00710881
0.00824185
0.00902666
0.00942041
0.00959716
0.00967613
0.00974078
0.00984364
0.00989144
0.00996928
0.0102453
0.0105222
0.0106302
0.0107121
0.0108763
0.0111217
0.0113929
0.0115713
0.0116677
0.0118106
0.0119778
0.01212
0.0123309
0.0125997
0.0128112
0.0130225
0.0132966
0.0135405
0.0136804
0.0137872
0.0139345
0.0140949
0.0142502
0.014434
0.0146184
0.0147687
0.0149244
0.0151299
0.0153427
0.015527
0.0157491
0.0160515
0.0163538
0.0165607
0.016648
0.0165849
0.0164639
0.0166156
0.0170871
0.017557
0.017874
0.0181422
0.0183758
0.0185378
0.0186976
0.0189447
0.0192285
0.019493
0.0197308
0.0199721
0.0202328
0.0205142
0.0208101
0.0210851
0.0213732
0.0216718
0.0220024
0.0223189
0.0226549
0.0229849
0.0233461
0.023719
0.0240961
0.0244628
0.0248244
0.0252421
0.0256561
0.0261092
0.0265091
0.0269173
0.0273378
0.0277665
0.0282384
0.0286905
0.0291626
0.0296432
0.0300974
0.0306084
0.0310614
0.0315759
0.0320529
0.0324904
0.0328824
0.0330775
0.0177734
0.0160882
0.012797
0.00922939
0.0068367
0.00635557
0.00719318
0.00827455
0.00905619
0.00945418
0.00962831
0.00970233
0.00976341
0.0098654
0.00991658
0.00999654
0.0102666
0.0105354
0.0106424
0.0107284
0.0108946
0.0111358
0.0114003
0.0115769
0.0116757
0.0118199
0.0119869
0.012129
0.0123383
0.0126042
0.0128142
0.0130246
0.0132966
0.0135389
0.0136791
0.0137873
0.0139367
0.0140982
0.0142527
0.0144349
0.0146195
0.0147714
0.0149275
0.0151321
0.0153448
0.015529
0.0157498
0.0160501
0.0163513
0.0165588
0.0166467
0.0165835
0.0164631
0.0166173
0.0170909
0.0175604
0.0178752
0.0181418
0.0183753
0.0185377
0.018698
0.0189457
0.0192295
0.0194937
0.0197316
0.019973
0.0202337
0.0205151
0.020811
0.0210861
0.0213743
0.0216729
0.0220034
0.0223197
0.0226557
0.0229856
0.0233466
0.0237195
0.0240966
0.0244632
0.0248247
0.0252423
0.0256564
0.0261095
0.0265094
0.0269176
0.027338
0.0277667
0.0282387
0.0286908
0.0291629
0.0296435
0.0300976
0.0306086
0.0310618
0.031576
0.0320535
0.0324914
0.0328833
0.0330773
0.0174323
0.0158599
0.0128459
0.00954742
0.00720321
0.0065841
0.00728173
0.00830436
0.0090819
0.00948737
0.00966099
0.00973022
0.0097873
0.00988816
0.00994273
0.0100252
0.0102893
0.0105496
0.0106551
0.0107452
0.0109133
0.0111501
0.0114079
0.0115827
0.0116841
0.0118296
0.0119966
0.0121387
0.0123463
0.0126092
0.0128176
0.0130269
0.0132967
0.0135369
0.0136775
0.0137873
0.0139388
0.0141018
0.0142553
0.0144358
0.0146206
0.014774
0.0149305
0.0151343
0.0153469
0.0155312
0.0157506
0.0160485
0.0163482
0.016556
0.0166442
0.0165806
0.0164608
0.0166179
0.0170945
0.0175645
0.017877
0.0181414
0.0183742
0.018537
0.018698
0.0189467
0.0192305
0.0194944
0.0197323
0.0199738
0.0202345
0.0205161
0.020812
0.0210871
0.0213754
0.0216742
0.0220046
0.0223207
0.0226566
0.0229864
0.0233473
0.0237201
0.0240972
0.0244638
0.0248251
0.0252425
0.0256566
0.0261097
0.0265097
0.0269179
0.0273383
0.0277669
0.0282389
0.028691
0.0291631
0.0296437
0.0300979
0.0306087
0.0310623
0.0315761
0.0320541
0.0324926
0.0328844
0.0330772
0.0171161
0.0156462
0.0128776
0.00983806
0.0075614
0.00682187
0.00737689
0.00833304
0.009104
0.00951978
0.00969559
0.00976051
0.00981285
0.00991181
0.00996969
0.0100551
0.0103135
0.0105649
0.0106683
0.0107624
0.0109324
0.0111647
0.0114156
0.0115887
0.0116929
0.0118399
0.0120069
0.0121492
0.012355
0.0126147
0.0128215
0.0130297
0.0132969
0.0135349
0.0136757
0.0137874
0.0139411
0.0141055
0.014258
0.0144368
0.0146218
0.0147768
0.0149334
0.0151363
0.015349
0.0155337
0.0157515
0.0160465
0.0163444
0.0165521
0.0166407
0.0165765
0.016457
0.0166171
0.0170974
0.0175687
0.0178792
0.018141
0.0183728
0.0185358
0.0186978
0.0189476
0.0192318
0.0194952
0.019733
0.0199745
0.0202353
0.0205171
0.0208131
0.021088
0.0213765
0.0216756
0.0220059
0.0223219
0.0226577
0.0229875
0.0233481
0.0237207
0.0240979
0.0244645
0.0248257
0.0252428
0.0256567
0.0261099
0.02651
0.0269183
0.0273387
0.0277672
0.0282391
0.0286911
0.0291633
0.0296439
0.0300982
0.0306089
0.0310628
0.0315762
0.0320548
0.0324941
0.0328855
0.033077
0.0168199
0.0154478
0.0128938
0.0101002
0.00791006
0.00707021
0.00748151
0.0083626
0.00912297
0.00955122
0.00973242
0.00979387
0.00984056
0.00993648
0.00999738
0.0100863
0.0103394
0.0105813
0.0106824
0.0107802
0.0109523
0.0111799
0.0114237
0.011595
0.0117021
0.0118508
0.0120179
0.0121606
0.0123645
0.0126208
0.0128258
0.0130331
0.0132975
0.013533
0.0136741
0.0137878
0.0139435
0.0141093
0.0142609
0.0144378
0.014623
0.0147798
0.0149364
0.0151381
0.0153509
0.0155362
0.0157524
0.0160442
0.0163398
0.0165472
0.016636
0.0165713
0.0164522
0.016615
0.0170991
0.0175725
0.0178814
0.0181405
0.018371
0.0185342
0.0186973
0.0189485
0.019233
0.019496
0.0197337
0.0199752
0.020236
0.0205181
0.0208142
0.0210889
0.0213776
0.0216771
0.0220074
0.0223231
0.022659
0.0229887
0.023349
0.0237213
0.0240986
0.0244654
0.0248265
0.0252431
0.0256568
0.0261099
0.0265103
0.0269187
0.0273392
0.0277675
0.0282393
0.0286913
0.0291634
0.0296441
0.0300985
0.0306091
0.0310633
0.0315763
0.0320556
0.0324957
0.0328868
0.033077
0.0165395
0.0152645
0.0128969
0.0103339
0.00824865
0.00733012
0.00759799
0.00839509
0.00913944
0.00958141
0.00977144
0.0098307
0.0098709
0.00996241
0.0100258
0.0101186
0.0103666
0.010599
0.0106972
0.0107989
0.0109729
0.0111956
0.0114322
0.0116017
0.0117118
0.0118623
0.0120297
0.0121726
0.0123745
0.0126274
0.0128307
0.0130369
0.0132985
0.0135313
0.0136726
0.0137886
0.0139462
0.0141133
0.0142639
0.0144388
0.0146243
0.0147829
0.0149394
0.0151397
0.0153525
0.0155387
0.0157534
0.0160417
0.0163345
0.0165412
0.0166302
0.0165655
0.016447
0.0166121
0.0170994
0.0175754
0.0178835
0.0181401
0.018369
0.0185324
0.018697
0.0189494
0.0192343
0.0194969
0.0197345
0.0199759
0.0202368
0.0205192
0.0208153
0.0210898
0.0213787
0.0216786
0.022009
0.0223245
0.0226603
0.0229901
0.0233501
0.023722
0.0240992
0.0244664
0.0248275
0.0252437
0.0256569
0.0261099
0.0265105
0.0269192
0.0273397
0.027768
0.0282396
0.0286915
0.0291636
0.0296442
0.0300987
0.0306092
0.0310639
0.0315764
0.0320565
0.0324976
0.0328883
0.033077
0.0162714
0.0150963
0.0128904
0.0105402
0.00857607
0.00760121
0.00772836
0.00843265
0.0091543
0.0096099
0.00981222
0.00987118
0.00990425
0.00998986
0.0100551
0.010152
0.0103952
0.0106177
0.0107129
0.0108184
0.0109943
0.0112121
0.0114412
0.0116089
0.0117222
0.0118745
0.0120422
0.0121853
0.0123851
0.0126344
0.0128361
0.0130413
0.0133
0.0135299
0.0136715
0.0137897
0.0139491
0.0141174
0.014267
0.0144399
0.0146256
0.0147862
0.0149426
0.0151413
0.0153539
0.0155413
0.0157547
0.0160391
0.0163285
0.016534
0.0166233
0.0165596
0.0164426
0.0166093
0.0170988
0.0175774
0.0178855
0.0181397
0.0183668
0.0185307
0.0186971
0.0189505
0.0192356
0.0194977
0.0197352
0.0199768
0.0202378
0.0205203
0.0208165
0.0210907
0.0213798
0.0216801
0.0220105
0.0223258
0.0226617
0.0229916
0.0233513
0.0237226
0.0240999
0.0244673
0.0248287
0.0252444
0.025657
0.0261097
0.0265105
0.0269195
0.0273404
0.0277685
0.0282399
0.0286917
0.0291637
0.0296442
0.030099
0.0306092
0.0310645
0.0315765
0.0320573
0.0324995
0.0328898
0.033077
0.0160128
0.0149429
0.0128787
0.01072
0.00889008
0.00788185
0.00787431
0.00847759
0.00916876
0.00963639
0.00985407
0.00991517
0.00994081
0.010019
0.0100853
0.0101863
0.0104249
0.0106376
0.0107294
0.0108386
0.0110166
0.0112294
0.0114509
0.0116167
0.0117332
0.0118875
0.0120553
0.0121985
0.0123962
0.0126418
0.0128419
0.0130461
0.0133018
0.013529
0.0136707
0.013791
0.0139522
0.0141217
0.0142703
0.014441
0.0146269
0.0147897
0.0149462
0.0151431
0.0153553
0.015544
0.0157564
0.0160366
0.0163221
0.016526
0.0166158
0.0165545
0.0164401
0.0166082
0.017098
0.0175784
0.017887
0.0181393
0.0183647
0.0185294
0.0186979
0.0189519
0.0192367
0.0194983
0.019736
0.0199778
0.0202389
0.0205215
0.0208176
0.0210918
0.021381
0.0216816
0.0220121
0.0223272
0.0226631
0.0229931
0.0233526
0.0237233
0.0241004
0.0244682
0.0248299
0.0252452
0.0256572
0.0261094
0.0265105
0.0269199
0.027341
0.0277692
0.0282403
0.0286918
0.0291638
0.0296443
0.0300992
0.0306092
0.0310651
0.0315766
0.0320582
0.0325016
0.0328915
0.0330771
0.0157617
0.0148036
0.0128654
0.0108744
0.00918792
0.00816986
0.00803692
0.00853196
0.00918436
0.00966094
0.00989625
0.00996211
0.00998051
0.01005
0.0101164
0.0102217
0.0104559
0.0106584
0.0107466
0.0108597
0.0110398
0.0112476
0.0114613
0.011625
0.0117449
0.0119011
0.0120689
0.0122122
0.0124077
0.0126497
0.0128481
0.0130513
0.0133041
0.0135283
0.0136702
0.0137925
0.0139554
0.014126
0.0142737
0.0144422
0.0146282
0.0147933
0.0149502
0.0151452
0.0153568
0.0155469
0.0157586
0.0160344
0.0163155
0.0165174
0.016608
0.0165509
0.0164409
0.0166099
0.0170977
0.0175785
0.0178881
0.0181388
0.0183626
0.0185286
0.0186996
0.0189536
0.0192376
0.0194988
0.0197369
0.0199791
0.0202404
0.0205227
0.0208188
0.0210929
0.0213824
0.0216831
0.0220137
0.0223286
0.0226645
0.0229946
0.0233539
0.0237241
0.0241009
0.0244692
0.0248312
0.0252462
0.0256574
0.0261091
0.0265104
0.0269201
0.0273416
0.0277699
0.0282407
0.028692
0.029164
0.0296443
0.0300994
0.0306091
0.0310658
0.0315768
0.0320592
0.0325038
0.0328932
0.0330773
0.0155165
0.0146762
0.0128543
0.011005
0.00946684
0.0084626
0.00821633
0.00859748
0.00920283
0.0096839
0.00993786
0.0100112
0.0100232
0.0100832
0.0101489
0.0102583
0.0104882
0.0106803
0.0107646
0.0108814
0.011064
0.0112668
0.0114724
0.0116339
0.0117573
0.0119153
0.012083
0.0122263
0.0124196
0.012658
0.0128548
0.0130569
0.0133067
0.013528
0.01367
0.0137941
0.0139588
0.0141305
0.0142773
0.0144435
0.0146295
0.014797
0.0149547
0.0151479
0.0153585
0.01555
0.0157612
0.0160327
0.0163089
0.0165085
0.0166006
0.0165495
0.0164461
0.0166159
0.0170989
0.017578
0.0178884
0.0181381
0.0183606
0.0185284
0.0187022
0.0189557
0.0192385
0.0194993
0.0197377
0.0199806
0.0202422
0.0205241
0.0208198
0.0210942
0.0213841
0.0216847
0.0220152
0.02233
0.022666
0.0229962
0.0233553
0.0237248
0.0241015
0.0244701
0.0248326
0.0252473
0.0256577
0.0261088
0.0265102
0.0269204
0.0273423
0.0277706
0.0282412
0.0286922
0.0291641
0.0296443
0.0300996
0.0306091
0.0310664
0.031577
0.0320601
0.0325061
0.0328951
0.0330775
0.0152752
0.0145569
0.0128491
0.0111152
0.00972387
0.0087568
0.00841191
0.00867564
0.00922586
0.00970574
0.00997807
0.0100615
0.0100687
0.0101187
0.010183
0.0102964
0.0105218
0.0107031
0.0107833
0.010904
0.0110893
0.0112871
0.0114843
0.0116434
0.0117704
0.0119303
0.0120975
0.0122407
0.0124319
0.0126667
0.0128618
0.0130628
0.0133096
0.013528
0.0136701
0.0137959
0.0139621
0.0141351
0.0142812
0.0144452
0.0146309
0.0148006
0.0149595
0.0151511
0.0153605
0.0155532
0.0157641
0.0160313
0.0163025
0.0164996
0.0165938
0.0165507
0.0164652
0.0166268
0.0171022
0.017577
0.0178879
0.0181369
0.0183585
0.0185287
0.0187055
0.0189582
0.0192392
0.0194996
0.0197386
0.0199823
0.0202443
0.0205255
0.0208209
0.0210956
0.0213859
0.0216864
0.0220167
0.0223315
0.0226676
0.0229978
0.0233567
0.0237257
0.024102
0.0244711
0.024834
0.0252486
0.0256581
0.0261085
0.0265101
0.0269207
0.027343
0.0277714
0.0282417
0.0286924
0.0291643
0.0296444
0.0300999
0.0306091
0.0310671
0.0315773
0.0320611
0.0325085
0.0328972
0.0330777
0.0150369
0.0144411
0.0128534
0.0112084
0.00995602
0.00904921
0.00862271
0.00876729
0.00925482
0.00972742
0.0100165
0.0101124
0.0101167
0.0101566
0.0102192
0.0103363
0.010557
0.010727
0.0108027
0.0109275
0.0111157
0.0113085
0.011497
0.0116535
0.0117843
0.0119459
0.0121125
0.0122555
0.0124446
0.0126758
0.0128691
0.0130691
0.0133129
0.0135285
0.0136706
0.0137979
0.0139657
0.0141398
0.0142855
0.0144474
0.0146325
0.0148043
0.0149648
0.0151548
0.0153627
0.0155565
0.0157672
0.0160303
0.0162963
0.0164909
0.0165876
0.0165543
0.0164799
0.0166424
0.0171078
0.0175757
0.0178863
0.0181353
0.0183563
0.0185293
0.0187093
0.0189609
0.0192398
0.0195
0.0197396
0.0199841
0.0202465
0.0205271
0.0208219
0.0210971
0.0213879
0.0216882
0.0220183
0.022333
0.0226692
0.0229995
0.0233582
0.0237266
0.0241026
0.0244721
0.0248355
0.0252499
0.0256585
0.0261082
0.02651
0.026921
0.0273437
0.0277722
0.0282422
0.0286926
0.0291644
0.0296444
0.0301001
0.030609
0.0310678
0.0315776
0.0320622
0.0325111
0.0328994
0.0330781
0.0148037
0.0143226
0.0128677
0.0112897
0.0101613
0.00933647
0.00884737
0.00887233
0.00929075
0.00975048
0.0100532
0.0101628
0.0101662
0.0101968
0.0102575
0.0103784
0.0105939
0.0107519
0.0108227
0.0109518
0.0111432
0.011331
0.0115105
0.0116643
0.0117988
0.0119623
0.0121279
0.0122705
0.0124578
0.0126854
0.0128767
0.0130757
0.0133166
0.0135293
0.0136714
0.0138003
0.0139694
0.0141447
0.0142901
0.01445
0.0146343
0.014808
0.0149703
0.0151589
0.0153651
0.0155597
0.0157705
0.0160297
0.0162904
0.0164825
0.0165821
0.0165599
0.0164982
0.0166619
0.0171154
0.0175741
0.0178839
0.0181331
0.018354
0.01853
0.0187133
0.0189638
0.0192404
0.0195004
0.0197406
0.0199859
0.0202488
0.0205288
0.020823
0.0210987
0.0213901
0.0216901
0.0220199
0.0223346
0.0226709
0.0230013
0.0233598
0.0237277
0.0241033
0.0244732
0.0248371
0.0252513
0.0256591
0.026108
0.0265099
0.0269214
0.0273445
0.027773
0.0282427
0.0286928
0.0291646
0.0296445
0.0301004
0.0306091
0.0310686
0.0315779
0.0320632
0.0325138
0.0329019
0.0330785
0.0145813
0.0141943
0.0128893
0.0113664
0.0103396
0.00961387
0.00908415
0.00899049
0.00933425
0.00977668
0.010089
0.0102122
0.0102166
0.0102388
0.0102982
0.0104231
0.0106328
0.010778
0.0108434
0.0109768
0.0111719
0.0113548
0.011525
0.0116758
0.0118142
0.0119794
0.0121438
0.0122859
0.0124715
0.0126954
0.0128847
0.0130826
0.0133206
0.0135306
0.0136727
0.0138029
0.0139734
0.0141499
0.0142952
0.0144531
0.0146363
0.0148118
0.0149761
0.0151633
0.0153675
0.015563
0.0157738
0.0160293
0.0162847
0.0164744
0.0165772
0.0165668
0.0165191
0.0166843
0.0171246
0.0175724
0.0178808
0.0181305
0.0183516
0.0185309
0.0187175
0.0189667
0.019241
0.0195008
0.0197418
0.0199879
0.0202512
0.0205306
0.0208241
0.0211004
0.0213923
0.0216921
0.0220216
0.0223363
0.0226727
0.0230032
0.0233616
0.0237288
0.0241041
0.0244743
0.0248388
0.0252528
0.0256598
0.0261078
0.0265098
0.0269219
0.0273453
0.0277738
0.0282433
0.028693
0.0291648
0.0296445
0.0301007
0.0306091
0.0310694
0.0315784
0.0320643
0.0325166
0.0329045
0.033079
0.0143784
0.0140514
0.0129119
0.0114466
0.0104924
0.00987526
0.00933128
0.00912224
0.00938548
0.00980738
0.0101251
0.0102602
0.0102669
0.0102822
0.0103411
0.0104707
0.0106741
0.0108053
0.0108647
0.0110025
0.0112018
0.0113798
0.0115404
0.0116881
0.0118304
0.0119973
0.0121602
0.0123017
0.0124856
0.0127058
0.0128929
0.0130898
0.0133251
0.0135323
0.0136743
0.0138059
0.0139777
0.0141554
0.0143006
0.0144565
0.0146386
0.0148158
0.0149821
0.0151679
0.01537
0.0155662
0.0157772
0.0160292
0.016279
0.0164667
0.0165729
0.0165746
0.0165414
0.0167085
0.0171348
0.0175708
0.0178773
0.0181276
0.0183491
0.0185317
0.0187215
0.0189698
0.0192417
0.0195013
0.019743
0.0199899
0.0202537
0.0205324
0.0208253
0.0211022
0.0213947
0.0216942
0.0220234
0.022338
0.0226746
0.0230052
0.0233634
0.0237301
0.0241049
0.0244756
0.0248406
0.0252544
0.0256605
0.0261076
0.0265098
0.0269224
0.0273462
0.0277746
0.0282438
0.0286933
0.029165
0.0296446
0.0301011
0.0306092
0.0310703
0.0315789
0.0320653
0.0325196
0.0329073
0.0330796
0.0142043
0.0138963
0.0129266
0.0115351
0.0106251
0.0101148
0.0095859
0.00926893
0.00944407
0.00984332
0.0101633
0.0103067
0.0103162
0.0103263
0.0103861
0.0105214
0.0107183
0.0108339
0.0108866
0.011029
0.0112328
0.0114062
0.0115568
0.0117011
0.0118474
0.0120161
0.0121771
0.0123179
0.0125002
0.0127167
0.0129016
0.0130974
0.0133301
0.0135344
0.0136762
0.013809
0.0139822
0.0141613
0.0143065
0.0144603
0.014641
0.01482
0.0149883
0.0151726
0.0153725
0.0155694
0.0157807
0.016029
0.0162734
0.0164591
0.016569
0.0165829
0.0165643
0.0167335
0.0171457
0.0175692
0.0178735
0.0181246
0.0183466
0.0185326
0.0187255
0.0189728
0.0192424
0.0195019
0.0197443
0.019992
0.0202562
0.0205343
0.0208266
0.0211042
0.0213971
0.0216964
0.0220253
0.0223399
0.0226765
0.0230072
0.0233654
0.0237314
0.0241059
0.0244769
0.0248424
0.0252561
0.0256613
0.0261075
0.0265098
0.026923
0.0273471
0.0277755
0.0282444
0.0286936
0.0291652
0.0296446
0.0301014
0.0306093
0.0310712
0.0315795
0.0320664
0.0325227
0.0329104
0.0330803
0.0140666
0.0137395
0.0129232
0.011631
0.0107465
0.0103284
0.00984245
0.0094323
0.0095098
0.00988407
0.010206
0.0103526
0.0103637
0.0103703
0.0104326
0.0105752
0.0107657
0.0108643
0.0109091
0.0110562
0.011265
0.0114338
0.0115744
0.0117149
0.0118654
0.0120358
0.0121947
0.0123346
0.0125153
0.0127281
0.0129107
0.0131053
0.0133355
0.0135371
0.0136784
0.0138123
0.0139869
0.0141675
0.0143127
0.0144643
0.0146437
0.0148244
0.0149948
0.0151775
0.0153751
0.0155726
0.0157841
0.0160284
0.0162679
0.0164518
0.0165655
0.0165914
0.0165873
0.0167585
0.0171569
0.0175679
0.0178697
0.0181214
0.0183442
0.0185334
0.0187294
0.0189758
0.0192433
0.0195026
0.0197457
0.0199941
0.0202588
0.0205363
0.020828
0.0211062
0.0213996
0.0216986
0.0220272
0.0223418
0.0226786
0.0230093
0.0233674
0.0237328
0.024107
0.0244783
0.0248444
0.0252577
0.0256621
0.0261074
0.0265098
0.0269236
0.027348
0.0277764
0.0282449
0.0286939
0.0291655
0.0296447
0.0301018
0.0306094
0.0310721
0.0315802
0.0320675
0.032526
0.0329137
0.033081
0.0139645
0.0135962
0.0128956
0.0117261
0.0108674
0.0105167
0.0100927
0.00961322
0.00958413
0.00992838
0.0102549
0.0103998
0.0104089
0.0104134
0.0104803
0.0106318
0.0108166
0.0108969
0.0109322
0.011084
0.0112984
0.0114628
0.0115929
0.0117296
0.0118842
0.0120565
0.0122128
0.0123517
0.0125309
0.01274
0.0129202
0.0131137
0.0133413
0.0135402
0.013681
0.0138158
0.0139918
0.014174
0.0143192
0.0144684
0.0146464
0.014829
0.0150014
0.0151825
0.0153777
0.0155758
0.0157877
0.0160278
0.0162624
0.0164448
0.0165625
0.0165999
0.0166099
0.0167833
0.0171682
0.0175669
0.0178659
0.0181183
0.0183417
0.0185342
0.0187332
0.0189789
0.0192443
0.0195034
0.0197471
0.0199964
0.0202615
0.0205383
0.0208295
0.0211083
0.0214022
0.021701
0.0220293
0.0223438
0.0226807
0.0230115
0.0233695
0.0237343
0.0241081
0.0244798
0.0248463
0.0252594
0.0256629
0.0261074
0.0265098
0.0269243
0.027349
0.0277773
0.0282455
0.0286942
0.0291658
0.0296448
0.0301022
0.0306096
0.031073
0.031581
0.0320686
0.0325294
0.0329172
0.0330819
0.0138862
0.0134823
0.0128489
0.0118086
0.0109943
0.0106852
0.010328
0.00980942
0.00967064
0.00997482
0.0103101
0.0104511
0.0104517
0.0104545
0.0105284
0.010691
0.010871
0.0109321
0.0109563
0.0111124
0.011333
0.0114932
0.0116126
0.0117451
0.0119041
0.0120782
0.0122317
0.0123693
0.0125471
0.0127524
0.0129301
0.0131225
0.0133477
0.0135439
0.013684
0.0138194
0.0139967
0.0141809
0.0143261
0.0144726
0.0146492
0.014834
0.0150084
0.0151877
0.0153803
0.015579
0.0157912
0.0160273
0.0162569
0.0164381
0.0165599
0.0166085
0.0166321
0.0168076
0.0171795
0.0175661
0.0178623
0.0181152
0.0183393
0.0185349
0.018737
0.0189819
0.0192454
0.0195043
0.0197487
0.0199987
0.0202642
0.0205405
0.0208311
0.0211104
0.0214049
0.0217034
0.0220314
0.0223458
0.0226829
0.0230138
0.0233717
0.0237358
0.0241093
0.0244813
0.0248484
0.0252612
0.0256638
0.0261073
0.0265099
0.026925
0.0273501
0.0277783
0.0282461
0.0286946
0.0291661
0.0296449
0.0301026
0.0306097
0.031074
0.0315819
0.0320698
0.032533
0.032921
0.0330829
0.013814
0.0134057
0.0127984
0.0118677
0.0111244
0.0108444
0.0105426
0.010014
0.00977373
0.0100233
0.0103699
0.0105094
0.0104932
0.0104922
0.0105766
0.0107522
0.010929
0.0109704
0.0109816
0.0111414
0.011369
0.0115254
0.0116333
0.0117613
0.0119249
0.012101
0.0122514
0.0123874
0.0125638
0.0127654
0.0129406
0.0131318
0.0133546
0.0135481
0.0136873
0.0138231
0.0140019
0.0141882
0.0143332
0.014477
0.0146521
0.0148391
0.0150156
0.0151929
0.0153829
0.0155823
0.0157949
0.0160269
0.0162515
0.0164317
0.0165578
0.0166172
0.0166538
0.0168314
0.0171909
0.0175657
0.0178589
0.0181122
0.018337
0.0185357
0.0187406
0.018985
0.0192467
0.0195052
0.0197503
0.0200011
0.020267
0.0205427
0.0208328
0.0211127
0.0214077
0.0217059
0.0220337
0.022348
0.0226852
0.0230161
0.0233739
0.0237374
0.0241105
0.0244829
0.0248505
0.025263
0.0256647
0.0261074
0.0265099
0.0269257
0.0273511
0.0277793
0.0282467
0.028695
0.0291664
0.029645
0.030103
0.0306099
0.0310749
0.031583
0.032071
0.0325367
0.0329251
0.0330841
0.0137284
0.0133585
0.0127636
0.0119009
0.0112454
0.0110054
0.0107387
0.0102163
0.00989525
0.010077
0.0104314
0.0105763
0.0105362
0.0105256
0.0106238
0.0108155
0.0109901
0.0110118
0.0110086
0.0111711
0.0114062
0.0115593
0.0116553
0.0117781
0.0119467
0.0121251
0.0122719
0.012406
0.0125811
0.012779
0.0129516
0.0131416
0.013362
0.0135528
0.0136911
0.0138271
0.0140072
0.0141957
0.0143408
0.0144815
0.0146552
0.0148446
0.015023
0.0151983
0.0153855
0.0155856
0.0157987
0.0160265
0.0162462
0.0164257
0.0165562
0.0166258
0.0166749
0.0168546
0.0172022
0.0175655
0.0178557
0.0181092
0.0183349
0.0185365
0.0187442
0.0189881
0.019248
0.0195063
0.019752
0.0200036
0.0202698
0.0205449
0.0208346
0.0211151
0.0214105
0.0217085
0.022036
0.0223502
0.0226875
0.0230186
0.0233762
0.0237391
0.0241119
0.0244846
0.0248526
0.0252648
0.0256657
0.0261074
0.02651
0.0269265
0.0273522
0.0277803
0.0282474
0.0286954
0.0291667
0.0296451
0.0301035
0.0306102
0.0310759
0.0315841
0.0320722
0.0325406
0.0329295
0.0330854
0.013618
0.0133216
0.0127602
0.0119207
0.0113426
0.011172
0.0109258
0.0104057
0.0100313
0.0101422
0.0104923
0.0106507
0.0105848
0.0105548
0.0106682
0.0108804
0.0110541
0.0110563
0.0110376
0.0112016
0.0114446
0.011595
0.0116787
0.0117955
0.0119692
0.0121504
0.0122934
0.0124251
0.0125989
0.0127932
0.0129631
0.0131519
0.01337
0.0135582
0.0136952
0.0138312
0.0140127
0.0142036
0.0143488
0.0144863
0.0146583
0.0148502
0.0150308
0.0152039
0.0153882
0.0155888
0.0158025
0.0160263
0.0162411
0.01642
0.016555
0.0166345
0.0166954
0.0168772
0.0172136
0.0175657
0.0178527
0.0181064
0.0183328
0.0185373
0.0187477
0.0189911
0.0192495
0.0195074
0.0197538
0.0200061
0.0202727
0.0205473
0.0208365
0.0211176
0.0214134
0.0217112
0.0220384
0.0223526
0.02269
0.0230211
0.0233786
0.0237409
0.0241133
0.0244863
0.0248549
0.0252667
0.0256667
0.0261075
0.0265102
0.0269273
0.0273533
0.0277814
0.028248
0.0286958
0.0291671
0.0296452
0.030104
0.0306104
0.0310768
0.0315854
0.0320735
0.0325446
0.0329341
0.0330868
0.0134853
0.0132731
0.0127884
0.0119476
0.0114056
0.0113333
0.0111174
0.0105788
0.0101718
0.0102243
0.0105541
0.0107286
0.0106426
0.010582
0.0107075
0.0109465
0.0111211
0.0111037
0.0110687
0.0112332
0.0114845
0.0116329
0.0117036
0.0118134
0.0119923
0.012177
0.0123161
0.0124449
0.0126173
0.0128081
0.0129753
0.0131628
0.0133786
0.0135643
0.0136999
0.0138356
0.0140184
0.0142118
0.0143571
0.0144912
0.0146615
0.0148562
0.0150389
0.0152096
0.0153909
0.0155921
0.0158064
0.0160262
0.0162361
0.0164148
0.0165544
0.0166432
0.0167153
0.0168992
0.0172248
0.0175663
0.01785
0.0181038
0.0183309
0.0185381
0.0187511
0.0189942
0.0192511
0.0195086
0.0197556
0.0200088
0.0202756
0.0205497
0.0208386
0.0211202
0.0214164
0.0217139
0.022041
0.022355
0.0226926
0.0230237
0.0233811
0.0237428
0.0241148
0.0244881
0.0248571
0.0252686
0.0256678
0.0261077
0.0265103
0.0269281
0.0273544
0.0277825
0.0282487
0.0286962
0.0291675
0.0296453
0.0301045
0.0306107
0.0310777
0.0315868
0.0320748
0.0325487
0.0329391
0.0330884
0.0133421
0.013196
0.0128317
0.0120038
0.0114394
0.0114699
0.011324
0.0107455
0.0103028
0.0103226
0.0106235
0.0108061
0.0107102
0.0106114
0.01074
0.011012
0.0111918
0.0111537
0.011102
0.0112662
0.0115258
0.0116731
0.0117302
0.0118319
0.0120159
0.0122047
0.0123398
0.0124653
0.0126363
0.0128236
0.0129881
0.0131742
0.0133877
0.013571
0.0137051
0.0138402
0.0140243
0.0142204
0.0143659
0.0144964
0.0146649
0.0148623
0.0150472
0.0152156
0.0153936
0.0155954
0.0158105
0.0160263
0.0162313
0.0164099
0.0165543
0.0166519
0.0167345
0.0169205
0.0172361
0.0175672
0.0178476
0.0181013
0.0183292
0.018539
0.0187545
0.0189973
0.0192528
0.0195099
0.0197576
0.0200116
0.0202786
0.0205522
0.0208407
0.0211228
0.0214194
0.0217168
0.0220437
0.0223576
0.0226952
0.0230264
0.0233837
0.0237447
0.0241163
0.02449
0.0248594
0.0252706
0.0256689
0.0261079
0.0265105
0.026929
0.0273555
0.0277836
0.0282495
0.0286967
0.0291679
0.0296455
0.0301051
0.0306111
0.0310787
0.0315884
0.0320762
0.0325529
0.0329444
0.0330903
0.0132004
0.0130864
0.0128668
0.0121018
0.0114659
0.0115622
0.0115397
0.0109225
0.0104155
0.0104277
0.0107078
0.0108823
0.0107844
0.0106481
0.0107663
0.0110737
0.0112668
0.0112066
0.0111366
0.0113007
0.0115686
0.0117159
0.0117589
0.0118509
0.01204
0.0122336
0.0123648
0.0124865
0.0126559
0.0128399
0.0130015
0.0131862
0.0133976
0.0135785
0.0137109
0.0138451
0.0140304
0.0142295
0.0143751
0.0145018
0.0146684
0.0148687
0.0150559
0.0152217
0.0153964
0.0155988
0.0158147
0.0160266
0.0162267
0.0164055
0.0165547
0.0166606
0.016753
0.0169411
0.0172472
0.0175684
0.0178454
0.018099
0.0183276
0.0185399
0.0187578
0.0190005
0.0192546
0.0195114
0.0197597
0.0200144
0.0202817
0.0205548
0.020843
0.0211257
0.0214226
0.0217198
0.0220465
0.0223603
0.022698
0.0230292
0.0233863
0.0237468
0.024118
0.0244919
0.0248618
0.0252726
0.02567
0.0261082
0.0265108
0.02693
0.0273567
0.0277848
0.0282503
0.0286972
0.0291684
0.0296457
0.0301057
0.0306116
0.0310796
0.0315901
0.0320776
0.0325572
0.03295
0.0330923
0.0130705
0.01295
0.01287
0.0122345
0.0115135
0.0116023
0.0117414
0.0111277
0.0105176
0.010524
0.0108098
0.0109628
0.0108604
0.0106954
0.0107897
0.0111282
0.0113454
0.0112638
0.0111717
0.0113363
0.0116134
0.0117612
0.0117901
0.0118704
0.0120641
0.0122637
0.012391
0.0125085
0.0126762
0.0128569
0.0130158
0.0131989
0.013408
0.0135867
0.0137174
0.0138503
0.0140367
0.0142388
0.0143848
0.0145076
0.0146719
0.0148753
0.015065
0.0152281
0.0153992
0.0156021
0.0158191
0.0160271
0.0162224
0.0164016
0.0165557
0.0166693
0.0167708
0.016961
0.0172583
0.01757
0.0178436
0.0180969
0.0183263
0.0185408
0.018761
0.0190036
0.0192566
0.0195129
0.0197618
0.0200174
0.0202849
0.0205575
0.0208455
0.0211286
0.0214258
0.0217228
0.0220494
0.022363
0.0227008
0.0230321
0.0233891
0.0237489
0.0241197
0.024494
0.0248643
0.0252747
0.0256712
0.0261085
0.026511
0.0269309
0.0273578
0.027786
0.0282511
0.0286977
0.0291689
0.0296459
0.0301063
0.0306121
0.0310805
0.0315919
0.0320792
0.0325616
0.0329559
0.0330946
0.0129653
0.0127977
0.0128228
0.0123773
0.0116093
0.0116066
0.0119006
0.0113643
0.0106294
0.0105975
0.0109209
0.011056
0.0109359
0.0107522
0.010815
0.0111733
0.0114253
0.0113275
0.0112067
0.0113718
0.0116608
0.0118093
0.0118241
0.0118909
0.0120881
0.012295
0.0124187
0.0125312
0.012697
0.0128746
0.0130308
0.0132123
0.013419
0.0135957
0.0137246
0.0138559
0.0140432
0.0142486
0.014395
0.0145137
0.0146756
0.014882
0.0150743
0.0152348
0.0154021
0.0156054
0.0158236
0.0160279
0.0162183
0.0163982
0.0165573
0.016678
0.016788
0.0169802
0.0172694
0.017572
0.0178421
0.0180951
0.0183251
0.0185419
0.0187641
0.0190067
0.0192587
0.0195145
0.0197641
0.0200205
0.0202881
0.0205603
0.020848
0.0211316
0.0214292
0.021726
0.0220525
0.0223659
0.0227038
0.023035
0.0233919
0.0237511
0.0241216
0.0244961
0.0248668
0.0252768
0.0256725
0.0261089
0.0265113
0.0269319
0.027359
0.0277872
0.0282519
0.0286983
0.0291694
0.0296461
0.0301069
0.0306126
0.0310814
0.0315939
0.0320809
0.0325661
0.0329621
0.0330972
0.0129021
0.0126457
0.0127185
0.0124992
0.0117652
0.0116069
0.0119924
0.0116104
0.0107761
0.0106512
0.0110245
0.0111663
0.0110148
0.0108148
0.0108465
0.0112096
0.0115029
0.0113996
0.011243
0.0114048
0.0117107
0.0118611
0.0118607
0.0119128
0.0121119
0.0123269
0.0124481
0.0125547
0.0127184
0.0128932
0.0130467
0.0132265
0.0134307
0.0136053
0.0137326
0.013862
0.0140499
0.0142587
0.0144057
0.0145202
0.0146795
0.014889
0.015084
0.0152418
0.0154051
0.0156088
0.0158283
0.0160291
0.0162146
0.0163953
0.0165594
0.0166868
0.0168044
0.0169987
0.0172803
0.0175743
0.017841
0.0180935
0.0183241
0.018543
0.0187672
0.0190099
0.0192609
0.0195163
0.0197664
0.0200236
0.0202914
0.0205631
0.0208508
0.0211348
0.0214326
0.0217293
0.0220556
0.0223689
0.0227069
0.0230381
0.0233948
0.0237534
0.0241235
0.0244983
0.0248693
0.0252789
0.0256738
0.0261094
0.0265117
0.026933
0.0273602
0.0277885
0.0282528
0.0286989
0.02917
0.0296464
0.0301076
0.0306133
0.0310823
0.0315961
0.0320828
0.0325707
0.0329687
0.0331
0.0128965
0.0125158
0.0125641
0.0125686
0.0119694
0.0116413
0.0120155
0.0118327
0.0109725
0.0107058
0.0111036
0.0112874
0.0111047
0.0108815
0.0108855
0.0112394
0.0115741
0.0114804
0.0112837
0.0114331
0.0117614
0.0119183
0.0119002
0.0119359
0.0121358
0.0123591
0.0124791
0.0125793
0.0127402
0.0129126
0.0130636
0.0132415
0.0134431
0.0136157
0.0137414
0.0138687
0.0140569
0.0142691
0.014417
0.0145272
0.0146835
0.014896
0.0150941
0.0152491
0.0154082
0.0156121
0.0158333
0.0160306
0.0162112
0.0163928
0.0165621
0.0166955
0.0168202
0.0170164
0.0172911
0.017577
0.0178403
0.0180922
0.0183234
0.0185441
0.0187702
0.0190131
0.0192633
0.0195181
0.0197689
0.0200269
0.0202947
0.0205661
0.0208536
0.0211381
0.0214361
0.0217327
0.0220589
0.022372
0.0227101
0.0230413
0.0233978
0.0237559
0.0241255
0.0245005
0.0248719
0.0252812
0.0256752
0.02611
0.0265121
0.0269341
0.0273615
0.0277898
0.0282537
0.0286995
0.0291706
0.0296467
0.0301082
0.0306141
0.0310832
0.0315984
0.0320848
0.0325753
0.0329756
0.0331032
0.0129533
0.0124326
0.0123812
0.0125622
0.0121915
0.0117434
0.0119977
0.0119945
0.0112035
0.0107891
0.0111567
0.0114038
0.0112095
0.0109551
0.0109321
0.0112659
0.0116354
0.0115684
0.0113332
0.011456
0.0118094
0.0119822
0.011944
0.0119592
0.0121602
0.012392
0.0125115
0.0126053
0.0127624
0.0129327
0.0130816
0.0132574
0.0134562
0.0136269
0.013751
0.013876
0.0140641
0.0142798
0.0144289
0.0145346
0.0146877
0.0149031
0.0151044
0.0152569
0.0154114
0.0156154
0.0158385
0.0160325
0.0162082
0.0163909
0.0165653
0.0167043
0.0168352
0.0170334
0.0173019
0.01758
0.0178399
0.0180913
0.0183229
0.0185454
0.0187732
0.0190163
0.0192658
0.0195201
0.0197715
0.0200303
0.0202982
0.0205691
0.0208566
0.0211416
0.0214397
0.0217362
0.0220624
0.0223753
0.0227133
0.0230446
0.0234009
0.0237584
0.0241277
0.0245029
0.0248746
0.0252834
0.0256766
0.0261106
0.0265125
0.0269353
0.0273627
0.0277912
0.0282547
0.0287002
0.0291713
0.0296471
0.0301089
0.0306149
0.0310841
0.0316009
0.032087
0.03258
0.0329828
0.0331067
0.0130626
0.0124151
0.0122003
0.0124728
0.0123934
0.0119261
0.0119795
0.0120763
0.0114356
0.0109229
0.0112027
0.011499
0.0113232
0.0110405
0.0109877
0.0112922
0.0116845
0.0116591
0.0113956
0.0114756
0.01185
0.0120522
0.0119952
0.0119823
0.0121841
0.0124265
0.0125451
0.0126325
0.0127853
0.0129532
0.0131008
0.0132744
0.01347
0.0136388
0.0137615
0.0138839
0.0140716
0.0142909
0.0144413
0.0145425
0.0146921
0.0149104
0.0151151
0.0152651
0.0154148
0.0156186
0.0158439
0.0160349
0.0162055
0.0163895
0.0165691
0.0167131
0.0168496
0.0170497
0.0173125
0.0175835
0.01784
0.0180906
0.0183227
0.0185468
0.0187762
0.0190196
0.0192685
0.0195222
0.0197741
0.0200339
0.0203017
0.0205722
0.0208598
0.0211452
0.0214435
0.0217398
0.022066
0.0223786
0.0227168
0.0230479
0.0234041
0.0237611
0.0241299
0.0245053
0.0248773
0.0252858
0.0256782
0.0261113
0.026513
0.0269365
0.027364
0.0277926
0.0282557
0.0287009
0.029172
0.0296475
0.0301097
0.0306159
0.0310851
0.0316035
0.0320895
0.0325847
0.0329903
0.0331106
0.0132043
0.0124709
0.0120553
0.0123152
0.0125351
0.0121735
0.0120093
0.0120928
0.0116272
0.0110998
0.0112682
0.0115709
0.011432
0.0111382
0.0110564
0.0113227
0.0117207
0.0117465
0.0114735
0.0114974
0.0118791
0.0121245
0.0120574
0.0120064
0.0122052
0.012463
0.0125809
0.0126602
0.0128089
0.0129743
0.0131209
0.0132926
0.0134845
0.0136514
0.013773
0.0138925
0.0140794
0.0143023
0.0144544
0.0145511
0.0146967
0.0149177
0.0151261
0.0152738
0.0154183
0.0156219
0.0158496
0.0160379
0.0162034
0.0163885
0.0165735
0.0167219
0.0168633
0.0170653
0.017323
0.0175872
0.0178404
0.0180903
0.0183228
0.0185483
0.0187791
0.019023
0.0192714
0.0195244
0.0197769
0.0200375
0.0203054
0.0205755
0.0208631
0.0211489
0.0214473
0.0217435
0.0220697
0.0223821
0.0227203
0.0230514
0.0234074
0.0237638
0.0241323
0.0245079
0.0248801
0.0252882
0.0256797
0.0261121
0.0265136
0.0269378
0.0273653
0.027794
0.0282568
0.0287016
0.0291728
0.029648
0.0301104
0.030617
0.031086
0.0316062
0.0320922
0.0325895
0.032998
0.0331149
0.0133509
0.0125963
0.011979
0.0121242
0.0125836
0.0124471
0.0121236
0.0120798
0.0117486
0.0112897
0.0113753
0.0116374
0.0115219
0.0112395
0.0111413
0.0113642
0.0117464
0.0118232
0.0115655
0.0115288
0.0118952
0.0121927
0.0121327
0.0120356
0.0122212
0.0125
0.0126209
0.0126886
0.0128324
0.0129961
0.013142
0.0133123
0.0134999
0.0136644
0.0137856
0.0139021
0.0140874
0.014314
0.0144683
0.0145603
0.0147014
0.014925
0.0151376
0.015283
0.0154221
0.0156251
0.0158555
0.0160414
0.0162017
0.016388
0.0165784
0.0167309
0.0168764
0.0170803
0.0173335
0.0175913
0.0178413
0.0180903
0.0183232
0.01855
0.018782
0.0190263
0.0192744
0.0195268
0.0197798
0.0200413
0.0203091
0.0205788
0.0208665
0.0211529
0.0214512
0.0217473
0.0220735
0.0223857
0.0227239
0.023055
0.0234108
0.0237667
0.0241347
0.0245105
0.024883
0.0252906
0.0256814
0.026113
0.0265143
0.0269391
0.0273666
0.0277954
0.028258
0.0287024
0.0291736
0.0296486
0.0301112
0.0306182
0.031087
0.0316091
0.0320951
0.0325944
0.033006
0.0331197
0.0134678
0.0127755
0.0119927
0.0119438
0.0125303
0.0126974
0.012327
0.0120865
0.0118043
0.0114528
0.0115178
0.0117241
0.0115949
0.0113291
0.0112385
0.0114249
0.0117689
0.0118825
0.0116648
0.0115774
0.0119025
0.0122492
0.0122193
0.0120756
0.0122319
0.0125339
0.0126665
0.0127196
0.0128547
0.0130184
0.0131644
0.0133334
0.0135163
0.0136777
0.013799
0.0139128
0.0140956
0.0143258
0.0144831
0.0145703
0.0147063
0.0149323
0.0151493
0.0152929
0.0154262
0.0156282
0.0158617
0.0160456
0.0162005
0.016388
0.0165839
0.0167399
0.0168889
0.0170945
0.0173438
0.0175957
0.0178425
0.0180907
0.0183239
0.0185518
0.018785
0.0190298
0.0192775
0.0195293
0.0197829
0.0200453
0.0203129
0.0205823
0.0208702
0.0211569
0.0214553
0.0217513
0.0220776
0.0223895
0.0227277
0.0230587
0.0234143
0.0237697
0.0241373
0.0245133
0.0248859
0.0252931
0.0256831
0.026114
0.026515
0.0269405
0.027368
0.0277969
0.0282592
0.0287032
0.0291744
0.0296493
0.0301119
0.0306196
0.0310881
0.0316121
0.0320984
0.0325993
0.0330143
0.0331249
0.0135178
0.0129827
0.0120998
0.0118193
0.0124001
0.0128707
0.0125899
0.0121598
0.0118239
0.011558
0.0116668
0.0118515
0.011672
0.0113937
0.0113337
0.0115099
0.0118006
0.0119222
0.0117603
0.011648
0.0119102
0.0122872
0.0123107
0.0121322
0.0122406
0.0125602
0.0127168
0.0127564
0.0128757
0.0130394
0.0131884
0.0133563
0.0135341
0.0136915
0.0138129
0.0139249
0.0141044
0.0143375
0.0144985
0.0145815
0.0147114
0.0149393
0.0151613
0.0153035
0.0154307
0.0156311
0.0158681
0.0160506
0.0162
0.0163883
0.0165898
0.0167491
0.0169008
0.0171081
0.0173541
0.0176005
0.0178442
0.0180915
0.0183249
0.0185538
0.018788
0.0190333
0.0192808
0.0195319
0.019786
0.0200493
0.0203169
0.0205858
0.020874
0.0211611
0.0214594
0.0217554
0.0220817
0.0223934
0.0227316
0.0230625
0.0234179
0.0237729
0.02414
0.0245161
0.0248889
0.0252957
0.0256849
0.0261151
0.0265158
0.0269419
0.0273694
0.0277984
0.0282605
0.0287041
0.0291753
0.02965
0.0301127
0.030621
0.0310893
0.0316151
0.032102
0.0326042
0.0330227
0.0331305
0.0134701
0.013183
0.0122855
0.0117836
0.0122389
0.0129337
0.0128648
0.0123209
0.0118499
0.011606
0.011785
0.0120107
0.0117816
0.0114391
0.0114059
0.0116125
0.0118567
0.0119497
0.0118388
0.0117369
0.0119303
0.0123058
0.0123966
0.0122081
0.0122544
0.0125756
0.0127673
0.0128024
0.0128978
0.013057
0.0132133
0.0133819
0.0135532
0.0137058
0.0138273
0.0139381
0.0141141
0.0143492
0.0145146
0.0145938
0.0147169
0.014946
0.0151735
0.015315
0.0154357
0.015634
0.0158746
0.0160563
0.0162001
0.0163891
0.0165963
0.0167585
0.0169122
0.0171211
0.0173642
0.0176056
0.0178463
0.0180927
0.0183262
0.0185561
0.018791
0.0190369
0.0192843
0.0195347
0.0197893
0.0200536
0.0203209
0.0205894
0.0208779
0.0211656
0.0214637
0.0217596
0.022086
0.0223974
0.0227357
0.0230664
0.0234216
0.0237761
0.0241428
0.024519
0.024892
0.0252983
0.0256868
0.0261163
0.0265167
0.0269434
0.0273708
0.0278
0.0282618
0.0287051
0.0291763
0.0296508
0.0301135
0.0306227
0.0310906
0.0316183
0.0321059
0.0326093
0.0330313
0.0331366
0.0133124
0.0133355
0.0125248
0.0118468
0.0120969
0.0128911
0.0130942
0.012555
0.0119264
0.011622
0.0118446
0.0121704
0.0119449
0.011492
0.0114381
0.0117123
0.0119475
0.0119815
0.0118911
0.0118307
0.0119742
0.0123136
0.0124659
0.0122991
0.0122818
0.0125812
0.0128117
0.0128577
0.0129255
0.0130702
0.0132364
0.0134111
0.0135746
0.0137203
0.0138419
0.0139523
0.0141247
0.0143609
0.0145311
0.0146074
0.014723
0.0149525
0.0151856
0.0153272
0.0154414
0.0156368
0.0158813
0.0160628
0.0162009
0.0163902
0.0166032
0.0167681
0.016923
0.0171335
0.0173743
0.017611
0.0178488
0.0180943
0.0183279
0.0185585
0.0187941
0.0190406
0.019288
0.0195376
0.0197927
0.020058
0.0203251
0.0205932
0.020882
0.0211701
0.0214681
0.0217639
0.0220905
0.0224016
0.0227398
0.0230704
0.0234254
0.0237795
0.0241457
0.024522
0.0248951
0.025301
0.0256888
0.0261176
0.0265177
0.026945
0.0273723
0.0278016
0.0282632
0.0287061
0.0291773
0.0296518
0.0301144
0.0306244
0.031092
0.0316214
0.0321102
0.0326145
0.03304
0.0331432
0.0130648
0.0134032
0.0127841
0.0119997
0.0120131
0.0127807
0.0132339
0.012823
0.0120795
0.0116416
0.0118465
0.0122919
0.0121507
0.0115876
0.0114368
0.0117806
0.0120675
0.0120397
0.0119209
0.0119113
0.0120444
0.0123254
0.0125111
0.0123944
0.0123302
0.0125835
0.0128439
0.0129184
0.0129637
0.0130814
0.0132545
0.0134431
0.0136002
0.0137352
0.0138565
0.0139674
0.0141361
0.0143729
0.014548
0.0146221
0.0147299
0.0149587
0.0151978
0.0153403
0.0154477
0.0156396
0.0158881
0.0160702
0.0162024
0.0163916
0.0166105
0.016778
0.0169335
0.0171453
0.0173844
0.0176167
0.0178518
0.0180963
0.01833
0.0185612
0.0187972
0.0190444
0.0192919
0.0195406
0.0197961
0.0200625
0.0203294
0.020597
0.0208863
0.0211749
0.0214726
0.0217683
0.0220951
0.0224059
0.0227441
0.0230746
0.0234293
0.023783
0.0241488
0.0245252
0.0248984
0.0253038
0.0256909
0.026119
0.0265187
0.0269466
0.0273738
0.0278033
0.0282646
0.0287072
0.0291783
0.0296529
0.0301153
0.0306262
0.0310936
0.0316247
0.0321148
0.0326199
0.0330488
0.0331502
0.0127693
0.0133647
0.013021
0.0122236
0.0120047
0.0126475
0.0132731
0.0130751
0.0123055
0.0117037
0.0118156
0.0123457
0.0123636
0.0117539
0.0114337
0.0117931
0.012192
0.0121425
0.0119473
0.0119615
0.0121278
0.0123586
0.0125368
0.0124795
0.0124007
0.0125926
0.0128616
0.0129778
0.0130149
0.0130956
0.0132651
0.0134747
0.0136316
0.0137517
0.0138702
0.0139834
0.0141485
0.0143851
0.0145655
0.014638
0.0147376
0.0149648
0.0152098
0.0153542
0.0154549
0.0156422
0.015895
0.0160786
0.0162047
0.0163932
0.0166182
0.0167883
0.0169436
0.0171566
0.0173943
0.0176227
0.0178551
0.0180987
0.0183324
0.0185641
0.0188005
0.0190482
0.019296
0.0195438
0.0197997
0.0200672
0.0203339
0.0206009
0.0208908
0.0211799
0.0214773
0.0217728
0.0220998
0.0224103
0.0227485
0.0230788
0.0234334
0.0237867
0.0241519
0.0245284
0.0249016
0.0253066
0.025693
0.0261204
0.0265199
0.0269483
0.0273754
0.027805
0.0282661
0.0287085
0.0291794
0.0296541
0.0301162
0.0306282
0.0310955
0.031628
0.0321197
0.0326254
0.0330576
0.0331577
0.0124724
0.0132279
0.0131927
0.0124925
0.0120769
0.0125309
0.0132317
0.0132662
0.0125742
0.011834
0.0117852
0.0123306
0.0125403
0.0119834
0.0114709
0.0117514
0.0122856
0.0122896
0.0119975
0.0119785
0.0122022
0.0124229
0.0125594
0.0125411
0.012484
0.0126192
0.0128682
0.0130282
0.013077
0.0131184
0.0132694
0.0135018
0.0136689
0.0137723
0.0138827
0.0139995
0.014162
0.0143973
0.0145836
0.0146554
0.0147459
0.0149707
0.0152218
0.0153689
0.015463
0.0156449
0.0159019
0.016088
0.0162079
0.016395
0.0166262
0.0167989
0.0169535
0.0171673
0.0174042
0.017629
0.0178588
0.0181015
0.0183352
0.0185673
0.0188038
0.0190522
0.0193003
0.0195472
0.0198034
0.0200721
0.0203386
0.020605
0.0208954
0.021185
0.021482
0.0217775
0.0221047
0.0224149
0.0227531
0.0230831
0.0234375
0.0237905
0.0241552
0.0245317
0.024905
0.0253095
0.0256953
0.0261221
0.0265212
0.0269501
0.0273769
0.0278067
0.0282676
0.0287098
0.0291805
0.0296554
0.0301172
0.0306302
0.0310976
0.0316313
0.032125
0.0326312
0.0330665
0.0331656
0.012213
0.0130282
0.0132681
0.0127669
0.0122293
0.0124587
0.0131415
0.0133747
0.012845
0.0120361
0.0117907
0.012271
0.0126464
0.0122381
0.011586
0.011689
0.0123148
0.0124555
0.0120976
0.0119806
0.0122436
0.0125083
0.0126007
0.012578
0.012564
0.01267
0.0128733
0.0130635
0.0131448
0.0131539
0.0132713
0.0135211
0.0137094
0.0137994
0.013895
0.0140146
0.014177
0.0144098
0.014602
0.0146745
0.0147553
0.0149761
0.0152337
0.0153846
0.0154721
0.0156474
0.0159087
0.0160985
0.0162122
0.0163968
0.0166343
0.0168099
0.0169631
0.0171775
0.017414
0.0176355
0.0178629
0.0181047
0.0183385
0.0185709
0.0188072
0.0190563
0.0193048
0.0195508
0.0198071
0.0200771
0.0203434
0.0206092
0.0209001
0.0211903
0.021487
0.0217823
0.0221097
0.0224196
0.0227578
0.0230876
0.0234418
0.0237944
0.0241587
0.0245351
0.0249085
0.0253125
0.0256976
0.0261238
0.0265226
0.0269519
0.0273785
0.0278086
0.0282692
0.0287112
0.0291817
0.0296568
0.0301184
0.0306322
0.0310999
0.0316347
0.0321305
0.0326372
0.0330755
0.0331739
0.0120135
0.0128117
0.0132431
0.0129964
0.0124459
0.012451
0.013036
0.0134048
0.0130768
0.0122891
0.011857
0.012199
0.0126745
0.0124719
0.0117827
0.0116515
0.0122714
0.012602
0.0122562
0.0119982
0.0122413
0.0125896
0.0126774
0.0126068
0.0126228
0.0127401
0.0128896
0.0130824
0.0132111
0.0132037
0.0132753
0.0135317
0.0137494
0.0138339
0.0139095
0.0140278
0.0141925
0.0144229
0.0146203
0.0146952
0.0147662
0.014981
0.015245
0.0154015
0.0154824
0.0156498
0.0159152
0.0161102
0.0162177
0.0163987
0.0166426
0.0168215
0.0169727
0.0171873
0.0174238
0.0176424
0.0178674
0.0181083
0.0183421
0.0185748
0.0188108
0.0190604
0.0193095
0.0195546
0.019811
0.0200823
0.0203484
0.0206134
0.0209051
0.0211958
0.021492
0.0217872
0.0221149
0.0224245
0.0227626
0.0230921
0.0234462
0.0237985
0.0241622
0.0245387
0.024912
0.0253156
0.0257001
0.0261256
0.0265241
0.0269539
0.0273801
0.0278105
0.0282708
0.0287128
0.029183
0.0296583
0.0301197
0.0306343
0.0311026
0.0316381
0.0321363
0.0326435
0.0330844
0.0331825
0.0118746
0.0126204
0.01315
0.0131415
0.0126891
0.012518
0.0129478
0.0133772
0.0132434
0.0125593
0.0119926
0.0121487
0.0126424
0.0126459
0.0120286
0.0116821
0.0121839
0.0126881
0.0124512
0.0120649
0.0122102
0.0126372
0.0127844
0.0126519
0.0126527
0.0128131
0.0129285
0.0130907
0.0132676
0.013267
0.0132854
0.0135345
0.0137864
0.0138747
0.0139283
0.0140397
0.0142074
0.014437
0.0146387
0.0147172
0.0147789
0.0149856
0.0152556
0.0154195
0.0154943
0.015652
0.0159212
0.0161229
0.0162247
0.0164007
0.0166507
0.0168336
0.0169823
0.0171967
0.0174334
0.0176495
0.0178723
0.0181123
0.0183462
0.018579
0.0188145
0.0190647
0.0193145
0.0195586
0.019815
0.0200876
0.0203536
0.0206178
0.0209101
0.0212014
0.0214972
0.0217922
0.0221202
0.0224296
0.0227676
0.0230967
0.0234508
0.0238027
0.0241659
0.0245423
0.0249156
0.0253187
0.0257026
0.0261276
0.0265258
0.0269559
0.0273818
0.0278125
0.0282724
0.0287145
0.0291844
0.0296599
0.0301212
0.0306365
0.0311056
0.0316417
0.0321422
0.0326501
0.0330933
0.0331915
0.0117785
0.012471
0.0130362
0.0131979
0.012911
0.0126499
0.012903
0.0133194
0.0133391
0.0128087
0.0121861
0.0121469
0.0125785
0.0127453
0.0122802
0.0117975
0.0120974
0.0126936
0.0126427
0.0121991
0.0121832
0.0126318
0.012896
0.0127359
0.0126669
0.0128685
0.0129913
0.0131007
0.0133078
0.0133403
0.0133067
0.0135298
0.0138181
0.0139207
0.0139522
0.0140513
0.0142214
0.0144516
0.0146575
0.0147402
0.0147935
0.0149904
0.0152651
0.0154385
0.0155084
0.0156542
0.0159262
0.0161368
0.0162333
0.0164028
0.0166586
0.0168461
0.016992
0.0172056
0.0174431
0.0176569
0.0178776
0.0181166
0.0183506
0.0185836
0.0188184
0.019069
0.0193196
0.0195627
0.0198191
0.0200931
0.020359
0.0206223
0.0209153
0.0212073
0.0215026
0.0217972
0.0221256
0.0224347
0.0227728
0.0231015
0.0234554
0.023807
0.0241697
0.024546
0.0249193
0.025322
0.0257052
0.0261296
0.0265275
0.0269581
0.0273834
0.0278146
0.0282741
0.0287162
0.0291859
0.0296615
0.0301229
0.0306386
0.0311088
0.0316454
0.0321483
0.032657
0.0331022
0.0332007
0.0117117
0.012349
0.0129368
0.0131966
0.0130771
0.0128164
0.0129136
0.0132608
0.0133772
0.0130089
0.0124094
0.0122061
0.0125151
0.0127765
0.0124968
0.0119789
0.0120576
0.012637
0.0127863
0.0123854
0.0121977
0.0125819
0.0129795
0.012862
0.0126907
0.0128929
0.0130646
0.0131259
0.0133307
0.0134158
0.0133445
0.0135195
0.0138411
0.0139718
0.0139821
0.0140631
0.0142342
0.0144664
0.0146768
0.0147642
0.0148098
0.0149955
0.0152733
0.0154579
0.0155249
0.015657
0.0159299
0.0161514
0.016244
0.0164051
0.0166661
0.0168592
0.0170019
0.0172141
0.0174526
0.0176647
0.0178833
0.0181213
0.0183555
0.0185885
0.0188224
0.0190735
0.0193251
0.0195671
0.0198233
0.0200987
0.0203647
0.0206269
0.0209206
0.0212133
0.0215082
0.0218025
0.0221311
0.0224401
0.022778
0.0231063
0.0234602
0.0238115
0.0241737
0.0245499
0.024923
0.0253253
0.0257079
0.0261319
0.0265293
0.0269603
0.0273851
0.0278168
0.0282759
0.0287181
0.0291875
0.0296631
0.0301249
0.0306409
0.0311123
0.0316493
0.0321545
0.0326643
0.0331111
0.0332102
0.0116856
0.0122357
0.0128533
0.0131727
0.0131834
0.0129838
0.0129737
0.0132235
0.0133796
0.0131517
0.0126294
0.0123215
0.0124815
0.0127604
0.0126547
0.0121911
0.0120877
0.0125588
0.0128566
0.0125858
0.0122796
0.0125188
0.0130066
0.0130075
0.0127511
0.0128927
0.0131292
0.0131736
0.0133433
0.0134834
0.0134019
0.0135094
0.0138505
0.0140268
0.0140207
0.014075
0.0142453
0.0144812
0.0146965
0.0147894
0.0148279
0.0150011
0.0152804
0.0154774
0.0155437
0.0156608
0.0159322
0.0161663
0.0162568
0.0164077
0.0166731
0.0168728
0.0170122
0.0172223
0.017462
0.0176728
0.0178893
0.0181263
0.0183608
0.0185939
0.0188266
0.0190781
0.0193307
0.0195718
0.0198275
0.0201045
0.0203706
0.0206316
0.020926
0.0212195
0.0215139
0.0218078
0.0221367
0.0224456
0.0227835
0.0231112
0.0234651
0.0238161
0.0241777
0.0245539
0.0249268
0.0253287
0.0257107
0.0261343
0.0265312
0.0269627
0.0273868
0.0278191
0.0282777
0.0287199
0.0291894
0.0296647
0.0301271
0.0306432
0.031116
0.0316535
0.0321608
0.0326719
0.0331201
0.0332198
0.0117189
0.0121405
0.0127701
0.0131435
0.0132455
0.0131296
0.0130658
0.0132163
0.0133675
0.0132455
0.0128204
0.0124704
0.0124956
0.0127253
0.0127496
0.012398
0.0121804
0.0125002
0.0128628
0.0127572
0.012425
0.012482
0.0129739
0.0131386
0.01286
0.0128899
0.0131679
0.0132383
0.0133584
0.0135357
0.0134763
0.0135089
0.0138421
0.0140792
0.0140719
0.0140891
0.0142527
0.014496
0.0147175
0.0148157
0.0148476
0.0150072
0.0152865
0.0154968
0.015565
0.0156661
0.0159331
0.0161809
0.0162718
0.016411
0.0166793
0.0168869
0.0170229
0.01723
0.0174713
0.0176813
0.0178958
0.0181316
0.0183664
0.0185996
0.018831
0.0190829
0.0193367
0.0195767
0.0198318
0.0201105
0.0203768
0.0206365
0.0209315
0.0212257
0.0215198
0.0218133
0.0221424
0.0224512
0.022789
0.0231163
0.0234701
0.0238209
0.0241819
0.0245579
0.0249307
0.0253323
0.0257134
0.0261368
0.0265332
0.0269652
0.0273886
0.0278215
0.0282797
0.0287218
0.0291915
0.0296663
0.0301295
0.0306456
0.0311199
0.031658
0.0321671
0.0326797
0.0331292
0.0332296
0.011799
0.0120908
0.0126864
0.0131101
0.0132787
0.0132454
0.0131721
0.0132388
0.0133557
0.0133045
0.0129743
0.0126257
0.0125556
0.0127009
0.0127923
0.0125733
0.0123132
0.0124849
0.0128352
0.0128703
0.0126009
0.0125048
0.0129076
0.0132233
0.0130038
0.0129104
0.0131783
0.0133044
0.0133858
0.0135718
0.0135584
0.0135289
0.013819
0.0141191
0.0141369
0.0141108
0.0142542
0.0145082
0.0147405
0.0148439
0.0148689
0.0150138
0.0152913
0.0155159
0.0155885
0.0156733
0.0159328
0.0161949
0.0162889
0.0164153
0.0166847
0.0169012
0.0170344
0.0172374
0.0174802
0.0176902
0.0179028
0.0181372
0.0183725
0.0186056
0.0188354
0.0190877
0.019343
0.0195819
0.0198361
0.0201164
0.0203833
0.0206416
0.0209371
0.0212321
0.021526
0.0218189
0.0221481
0.0224569
0.0227946
0.0231213
0.0234752
0.0238257
0.0241862
0.0245621
0.0249347
0.025336
0.0257163
0.0261395
0.0265353
0.0269678
0.0273904
0.0278239
0.0282818
0.0287237
0.0291939
0.0296679
0.0301321
0.0306483
0.0311239
0.0316629
0.0321735
0.0326878
0.0331384
0.0332395
0.0118802
0.0120968
0.0126194
0.0130731
0.0132928
0.0133299
0.013277
0.0132865
0.013353
0.0133401
0.0130967
0.0127692
0.0126436
0.0127068
0.0128039
0.012704
0.0124627
0.0125144
0.0128061
0.012926
0.0127665
0.0125924
0.012845
0.0132472
0.0131546
0.012973
0.0131765
0.0133569
0.0134263
0.0135968
0.0136359
0.0135745
0.0137932
0.0141365
0.0142101
0.0141487
0.0142517
0.014513
0.0147651
0.0148758
0.0148918
0.0150206
0.0152948
0.0155345
0.0156147
0.0156825
0.0159312
0.0162082
0.016308
0.0164206
0.0166894
0.0169157
0.0170467
0.0172447
0.0174887
0.0176995
0.0179104
0.0181431
0.0183788
0.0186121
0.0188401
0.0190925
0.0193496
0.0195875
0.0198404
0.0201225
0.0203901
0.0206468
0.0209427
0.0212386
0.0215323
0.0218246
0.0221539
0.0224629
0.0228005
0.0231265
0.0234804
0.0238307
0.0241905
0.0245664
0.0249386
0.0253398
0.0257192
0.0261423
0.0265375
0.0269705
0.0273924
0.0278263
0.028284
0.0287256
0.0291964
0.0296696
0.0301349
0.0306512
0.0311279
0.0316681
0.0321799
0.032696
0.0331477
0.0332495
0.0119236
0.0121357
0.0125845
0.0130406
0.0132968
0.0133864
0.0133685
0.0133506
0.0133656
0.0133593
0.0131928
0.0128967
0.0127395
0.0127445
0.0128086
0.0127896
0.0126075
0.0125789
0.0127971
0.0129484
0.0128918
0.0127207
0.0128204
0.0132207
0.0132796
0.0130747
0.0131828
0.0133915
0.0134746
0.0136205
0.0137005
0.0136403
0.0137783
0.0141274
0.0142778
0.0142087
0.0142534
0.0145064
0.0147876
0.014914
0.014918
0.0150265
0.0152962
0.0155522
0.0156434
0.0156945
0.0159281
0.0162204
0.0163293
0.0164269
0.0166932
0.0169304
0.0170598
0.0172518
0.0174969
0.0177089
0.0179186
0.0181494
0.0183853
0.0186188
0.0188451
0.0190975
0.0193564
0.0195936
0.0198447
0.0201286
0.0203973
0.0206523
0.0209483
0.0212451
0.0215388
0.0218304
0.0221597
0.022469
0.0228063
0.0231317
0.0234857
0.0238359
0.0241949
0.0245709
0.0249427
0.0253436
0.0257221
0.0261453
0.0265398
0.0269732
0.0273946
0.0278286
0.0282865
0.0287274
0.0291992
0.0296714
0.0301377
0.0306544
0.031132
0.0316736
0.0321865
0.0327043
0.0331572
0.0332596
0.0119301
0.0121737
0.0125779
0.0130197
0.0133005
0.0134232
0.0134411
0.0134197
0.0133976
0.013371
0.0132632
0.0130109
0.0128314
0.0128014
0.0128236
0.0128405
0.0127311
0.0126644
0.0128125
0.0129617
0.0129743
0.0128577
0.0128506
0.0131739
0.0133571
0.0131964
0.0132113
0.0134121
0.013521
0.0136478
0.0137528
0.0137163
0.0137869
0.0141022
0.0143246
0.0142858
0.0142705
0.0144879
0.0147999
0.0149589
0.014952
0.0150318
0.0152944
0.0155688
0.015675
0.0157097
0.0159235
0.0162308
0.0163532
0.0164345
0.0166955
0.0169454
0.017074
0.0172588
0.0175047
0.0177186
0.0179272
0.0181562
0.0183921
0.0186257
0.0188503
0.0191024
0.0193634
0.0196002
0.0198491
0.0201344
0.0204047
0.0206579
0.020954
0.0212518
0.0215456
0.0218362
0.0221655
0.0224753
0.0228123
0.023137
0.023491
0.0238412
0.0241993
0.0245755
0.0249468
0.0253477
0.0257251
0.0261484
0.0265423
0.0269758
0.0273969
0.0278309
0.0282892
0.0287292
0.0292022
0.0296733
0.0301406
0.030658
0.0311361
0.0316793
0.0321932
0.0327126
0.0331668
0.0332698
0.0119261
0.012195
0.012584
0.0130076
0.0133085
0.0134511
0.0134954
0.0134825
0.013445
0.0133881
0.0133095
0.0131124
0.0129191
0.0128647
0.0128549
0.0128721
0.0128254
0.0127557
0.0128473
0.0129792
0.0130276
0.0129764
0.0129254
0.0131407
0.0133876
0.0133162
0.0132681
0.0134294
0.0135598
0.013676
0.013794
0.013791
0.0138201
0.0140777
0.0143437
0.0143666
0.014314
0.0144676
0.0147933
0.0150042
0.0149985
0.0150389
0.0152864
0.0155831
0.0157099
0.0157293
0.0159178
0.0162383
0.0163797
0.0164443
0.0166959
0.0169601
0.0170898
0.0172656
0.0175121
0.0177287
0.0179361
0.0181635
0.0183994
0.0186328
0.0188558
0.0191074
0.0193706
0.0196072
0.0198537
0.0201403
0.0204125
0.0206638
0.0209595
0.0212585
0.0215527
0.0218422
0.0221712
0.0224817
0.0228184
0.0231423
0.0234965
0.0238467
0.0242038
0.0245801
0.0249508
0.0253517
0.0257282
0.0261516
0.026545
0.0269785
0.0273996
0.0278333
0.028292
0.0287311
0.0292052
0.0296755
0.0301435
0.0306619
0.0311403
0.0316853
0.0322001
0.0327209
0.0331765
0.0332801
0.0119261
0.0122062
0.0125932
0.0129993
0.0133172
0.0134775
0.0135363
0.0135331
0.0134951
0.0134183
0.0133392
0.013196
0.0130049
0.012927
0.0129003
0.0128998
0.0128943
0.0128418
0.0128947
0.0130053
0.0130657
0.0130662
0.0130187
0.0131406
0.0133871
0.0134127
0.0133487
0.0134553
0.0135949
0.0137061
0.0138272
0.0138581
0.0138681
0.014065
0.0143394
0.0144329
0.014383
0.0144619
0.0147673
0.0150394
0.0150604
0.0150551
0.0152702
0.0155911
0.0157484
0.0157543
0.015911
0.0162418
0.0164083
0.0164574
0.0166942
0.0169736
0.0171078
0.0172729
0.0175186
0.0177391
0.0179455
0.0181708
0.0184068
0.0186403
0.0188616
0.0191123
0.019378
0.0196149
0.0198581
0.020146
0.0204206
0.0206699
0.0209648
0.0212653
0.0215601
0.0218481
0.0221767
0.0224884
0.0228246
0.0231477
0.0235019
0.0238523
0.0242085
0.0245849
0.024955
0.0253559
0.0257313
0.0261547
0.0265478
0.026981
0.0274023
0.0278355
0.028295
0.0287332
0.0292082
0.029678
0.0301464
0.0306661
0.0311446
0.0316913
0.0322073
0.0327292
0.0331862
0.0332904
0.0119244
0.0122169
0.0126062
0.0129971
0.0133226
0.0135036
0.0135705
0.0135721
0.0135366
0.0134565
0.0133626
0.0132553
0.0130866
0.012986
0.012953
0.0129326
0.0129452
0.0129184
0.0129476
0.0130413
0.0131006
0.0131333
0.0131104
0.0131716
0.013378
0.0134734
0.0134369
0.0134933
0.0136267
0.0137391
0.0138555
0.0139187
0.0139263
0.0140696
0.0143262
0.014472
0.01446
0.0144829
0.0147318
0.015051
0.0151309
0.0150907
0.0152496
0.0155872
0.0157901
0.015788
0.0159037
0.0162398
0.0164381
0.016475
0.016691
0.0169843
0.0171276
0.0172815
0.017524
0.0177496
0.0179556
0.0181781
0.0184141
0.0186484
0.0188681
0.0191168
0.0193852
0.0196233
0.0198627
0.0201514
0.0204292
0.0206763
0.02097
0.0212721
0.0215678
0.0218542
0.0221821
0.0224951
0.0228308
0.0231532
0.0235074
0.0238579
0.024213
0.0245897
0.0249593
0.02536
0.0257347
0.026158
0.026551
0.0269836
0.0274053
0.0278378
0.028298
0.0287353
0.0292111
0.0296808
0.0301492
0.0306706
0.031149
0.0316973
0.0322147
0.0327375
0.033196
0.0333009
0.0119141
0.0122263
0.0126228
0.0130046
0.0133268
0.0135264
0.0136022
0.0136041
0.0135676
0.0134933
0.0133885
0.0132929
0.0131575
0.0130424
0.0130032
0.0129722
0.0129838
0.0129831
0.0129989
0.0130819
0.013139
0.0131862
0.0131933
0.0132226
0.0133807
0.013507
0.0135167
0.0135451
0.0136552
0.0137723
0.013879
0.0139673
0.013989
0.0140895
0.0143185
0.0144919
0.0145291
0.0145332
0.0147053
0.0150323
0.0151931
0.015151
0.0152342
0.0155647
0.0158288
0.0158347
0.0158984
0.0162305
0.0164684
0.0164984
0.0166872
0.0169917
0.0171488
0.0172922
0.0175288
0.0177594
0.0179664
0.0181856
0.0184208
0.0186567
0.0188756
0.0191211
0.0193922
0.0196325
0.0198674
0.0201563
0.0204381
0.0206832
0.0209747
0.0212788
0.0215757
0.0218604
0.0221875
0.022502
0.022837
0.0231586
0.0235129
0.0238636
0.0242178
0.0245945
0.0249636
0.025364
0.0257381
0.0261611
0.0265542
0.0269861
0.0274085
0.0278403
0.028301
0.0287378
0.029214
0.0296839
0.0301522
0.0306753
0.0311538
0.0317033
0.0322222
0.0327458
0.0332056
0.0333112
0.0118993
0.0122285
0.0126368
0.013018
0.0133337
0.0135445
0.0136325
0.0136344
0.013593
0.0135231
0.013417
0.0133179
0.0132107
0.0130965
0.013047
0.0130158
0.0130167
0.0130355
0.0130479
0.0131194
0.0131803
0.0132296
0.0132639
0.0132823
0.0133993
0.0135296
0.0135785
0.0136079
0.0136882
0.0138053
0.0139049
0.0140017
0.0140483
0.0141185
0.0143151
0.0145014
0.0145794
0.0145986
0.0147083
0.0149983
0.0152308
0.0152311
0.0152396
0.0155239
0.0158529
0.0158957
0.0159004
0.0162104
0.0164962
0.0165289
0.0166833
0.0169947
0.0171705
0.0173053
0.0175337
0.0177685
0.0179777
0.0181939
0.018427
0.0186651
0.0188843
0.0191253
0.0193986
0.0196425
0.0198724
0.0201606
0.0204475
0.0206908
0.0209794
0.0212856
0.0215839
0.0218667
0.0221927
0.0225091
0.0228433
0.0231642
0.0235186
0.0238692
0.0242226
0.0245993
0.0249681
0.0253681
0.0257417
0.0261644
0.0265575
0.0269886
0.0274117
0.0278428
0.0283038
0.0287404
0.0292167
0.0296872
0.0301553
0.03068
0.0311587
0.0317094
0.03223
0.0327542
0.0332152
0.0333217
0.0118901
0.0122259
0.012645
0.0130312
0.0133438
0.0135595
0.0136591
0.0136639
0.0136149
0.0135442
0.0134428
0.0133382
0.0132453
0.0131433
0.0130844
0.0130561
0.013049
0.013076
0.0130959
0.0131536
0.0132213
0.01327
0.0133213
0.0133446
0.0134281
0.0135517
0.0136221
0.0136681
0.0137292
0.0138348
0.0139363
0.0140301
0.0141
0.0141595
0.0143175
0.0145072
0.0146125
0.0146572
0.0147381
0.0149676
0.0152335
0.0153121
0.0152808
0.0154795
0.0158508
0.0159672
0.0159205
0.0161802
0.0165166
0.0165682
0.0166815
0.0169923
0.0171922
0.0173207
0.0175387
0.0177767
0.0179883
0.0182027
0.0184331
0.0186732
0.0188941
0.0191295
0.0194042
0.0196533
0.0198778
0.0201644
0.0204564
0.0206988
0.0209836
0.021292
0.0215923
0.0218729
0.0221978
0.022516
0.0228495
0.0231696
0.0235243
0.0238748
0.0242276
0.024604
0.0249727
0.025372
0.0257454
0.0261676
0.0265609
0.0269912
0.027415
0.0278457
0.0283067
0.0287432
0.0292194
0.0296906
0.0301585
0.0306847
0.0311639
0.0317153
0.0322377
0.0327627
0.0332246
0.0333319
0.0118899
0.0122249
0.0126483
0.013041
0.0133533
0.0135713
0.0136786
0.0136896
0.0136347
0.0135588
0.013463
0.0133561
0.0132665
0.0131777
0.013116
0.0130884
0.0130796
0.0131064
0.0131382
0.0131865
0.013257
0.013311
0.0133674
0.0134046
0.0134656
0.0135762
0.0136577
0.0137171
0.013776
0.0138626
0.0139659
0.0140581
0.0141379
0.0142058
0.0143302
0.0145122
0.0146415
0.0147044
0.0147817
0.0149584
0.0152104
0.0153673
0.0153521
0.01545
0.0158132
0.0160328
0.0159682
0.0161458
0.0165221
0.0166168
0.016686
0.0169837
0.0172132
0.0173394
0.0175448
0.0177849
0.0179987
0.0182122
0.0184394
0.0186814
0.0189048
0.0191339
0.0194092
0.0196646
0.0198838
0.0201675
0.0204666
0.0207078
0.0209879
0.0212983
0.0216008
0.0218792
0.0222029
0.022523
0.0228558
0.0231751
0.0235301
0.0238801
0.0242327
0.0246087
0.0249773
0.0253761
0.0257492
0.026171
0.0265642
0.026994
0.0274183
0.0278486
0.0283095
0.0287462
0.0292222
0.0296942
0.0301621
0.0306894
0.0311694
0.0317213
0.0322454
0.0327711
0.0332339
0.0333422
0.0118956
0.0122296
0.0126502
0.013046
0.0133581
0.0135774
0.0136898
0.0137068
0.013651
0.0135671
0.0134743
0.013369
0.0132795
0.0131993
0.0131406
0.0131133
0.0131064
0.0131319
0.0131714
0.0132187
0.0132864
0.0133487
0.0134063
0.0134549
0.0135086
0.0136014
0.0136901
0.0137563
0.0138207
0.0138957
0.013991
0.0140888
0.0141677
0.0142463
0.0143538
0.0145141
0.0146651
0.0147452
0.0148248
0.0149764
0.0151874
0.0153875
0.0154352
0.0154585
0.0157532
0.0160701
0.0160433
0.0161193
0.0165025
0.0166673
0.0167007
0.0169675
0.0172298
0.0173608
0.0175505
0.0177921
0.0180083
0.0182209
0.0184455
0.01869
0.0189163
0.0191382
0.0194132
0.0196763
0.0198905
0.02017
0.020474
0.0207171
0.0209919
0.021304
0.0216092
0.0218854
0.022208
0.0225296
0.0228618
0.0231805
0.0235358
0.0238853
0.0242378
0.0246132
0.0249814
0.0253799
0.0257527
0.0261743
0.0265673
0.0269967
0.0274215
0.0278515
0.0283121
0.028749
0.0292247
0.0296976
0.0301657
0.030694
0.0311747
0.0317272
0.032253
0.0327796
0.0332431
0.0333521
0.0119065
0.0122403
0.0126555
0.0130484
0.0133588
0.0135759
0.0136909
0.0137108
0.0136582
0.0135667
0.0134735
0.0133724
0.0132835
0.0132093
0.0131555
0.0131332
0.0131287
0.013155
0.0131976
0.013249
0.0133147
0.013381
0.0134436
0.0134953
0.0135516
0.0136285
0.013717
0.013789
0.0138535
0.0139302
0.014013
0.0141149
0.0141977
0.0142779
0.014386
0.0145217
0.0146803
0.0147844
0.0148599
0.0150026
0.0151802
0.0153787
0.0155049
0.015511
0.0156993
0.0160672
0.016135
0.0161259
0.0164635
0.0167118
0.0167357
0.0169497
0.0172401
0.0173875
0.0175585
0.0177986
0.018019
0.0182297
0.0184507
0.018699
0.0189291
0.0191426
0.0194164
0.0196884
0.0198982
0.0201717
0.0204836
0.0207275
0.0209965
0.0213095
0.0216177
0.0218919
0.0222136
0.0225363
0.0228683
0.0231863
0.0235417
0.0238905
0.0242434
0.0246182
0.024986
0.0253844
0.0257566
0.0261781
0.0265708
0.0269998
0.027425
0.0278549
0.0283151
0.0287522
0.0292277
0.0297015
0.0301699
0.0306988
0.0311804
0.0317333
0.0322605
0.0327879
0.033252
0.033362
0.0119278
0.0122572
0.012666
0.0130498
0.0133549
0.0135645
0.0136776
0.0136967
0.0136475
0.0135534
0.013457
0.0133615
0.0132749
0.0132082
0.0131604
0.0131464
0.013148
0.0131766
0.0132226
0.0132767
0.0133446
0.0134092
0.0134784
0.013532
0.0135899
0.0136598
0.0137402
0.013818
0.0138776
0.013959
0.0140367
0.0141319
0.0142259
0.0143026
0.0144146
0.0145385
0.0146869
0.0148196
0.0148944
0.0150243
0.0151895
0.0153586
0.0155346
0.0155827
0.0156699
0.0160188
0.0162053
0.0161669
0.0164135
0.0167279
0.0167842
0.016936
0.0172359
0.0174148
0.0175691
0.0178012
0.0180299
0.0182385
0.0184537
0.0187073
0.0189434
0.019147
0.0194176
0.0197003
0.0199074
0.020173
0.0204902
0.0207384
0.0210013
0.0213141
0.0216255
0.0218981
0.0222186
0.0225419
0.0228739
0.0231915
0.0235468
0.023895
0.0242483
0.0246223
0.0249894
0.0253881
0.0257598
0.0261812
0.0265735
0.0270023
0.027428
0.0278576
0.0283176
0.0287547
0.0292301
0.0297047
0.0301735
0.0307031
0.0311856
0.031739
0.0322679
0.0327963
0.0332609
0.0333714
0.01197
0.0122863
0.0126837
0.0130515
0.0133434
0.0135388
0.013642
0.0136547
0.0136039
0.0135115
0.0134133
0.0133269
0.0132483
0.013193
0.0131552
0.0131516
0.013166
0.0131982
0.0132499
0.0133058
0.0133774
0.0134395
0.0135107
0.0135703
0.0136245
0.0136943
0.0137647
0.0138442
0.0139032
0.0139831
0.0140679
0.0141515
0.0142556
0.0143355
0.0144418
0.0145687
0.0146964
0.0148454
0.0149352
0.0150429
0.0152107
0.0153587
0.0155391
0.015658
0.0156952
0.0159631
0.0162424
0.0162421
0.0163855
0.016717
0.0168381
0.0169425
0.0172219
0.0174388
0.0175887
0.017802
0.0180396
0.0182512
0.0184551
0.0187136
0.0189602
0.0191536
0.0194169
0.0197114
0.019919
0.0201736
0.0204957
0.0207501
0.0210071
0.0213177
0.021633
0.0219051
0.0222242
0.0225477
0.0228803
0.0231978
0.0235522
0.0239
0.0242541
0.0246274
0.0249936
0.0253927
0.0257638
0.0261849
0.026577
0.0270056
0.0274318
0.0278611
0.0283206
0.028758
0.0292333
0.0297086
0.0301781
0.0307079
0.0311913
0.031745
0.0322748
0.0328043
0.0332694
0.0333806
0.0120543
0.0123524
0.0127278
0.0130677
0.0133311
0.0134981
0.0135759
0.0135711
0.0135085
0.0134154
0.0133163
0.0132392
0.0131746
0.0131362
0.0131175
0.01313
0.0131644
0.0132046
0.0132636
0.0133227
0.0133958
0.0134594
0.0135269
0.0135929
0.0136428
0.0137107
0.013776
0.0138511
0.0139175
0.0139924
0.0140868
0.0141671
0.0142707
0.0143649
0.0144605
0.014593
0.0147093
0.0148526
0.0149696
0.0150584
0.0152205
0.0153696
0.0155226
0.0156929
0.015746
0.0159175
0.0162304
0.0163154
0.0163884
0.0166865
0.0168757
0.0169685
0.0172051
0.0174488
0.0176141
0.0178035
0.0180435
0.0182671
0.0184576
0.0187139
0.018977
0.0191634
0.0194136
0.0197194
0.019933
0.0201749
0.0204982
0.0207622
0.021015
0.0213208
0.0216396
0.0219127
0.0222296
0.022552
0.022886
0.0232039
0.0235565
0.023904
0.024259
0.0246313
0.0249963
0.0253965
0.025767
0.0261878
0.0265797
0.0270079
0.0274349
0.0278637
0.0283229
0.0287604
0.0292356
0.0297117
0.0301817
0.0307119
0.0311963
0.0317507
0.0322819
0.0328124
0.033278
0.0333897
0.0121941
0.0124879
0.0128484
0.0131644
0.0133956
0.0135282
0.0135692
0.0135369
0.0134523
0.0133492
0.0132453
0.0131708
0.0131203
0.0131
0.0131033
0.0131306
0.0131814
0.0132296
0.0132902
0.0133491
0.0134183
0.0134849
0.0135467
0.0136133
0.013664
0.0137266
0.0137921
0.0138627
0.0139378
0.0140117
0.0141062
0.0141932
0.0142879
0.0143942
0.0144854
0.0146119
0.0147333
0.0148584
0.0149956
0.0150873
0.0152283
0.0153923
0.0155208
0.0157031
0.0158061
0.0159115
0.016196
0.0163649
0.0164208
0.0166569
0.0168877
0.0170042
0.0171974
0.017445
0.0176407
0.017813
0.0180429
0.0182902
0.0184681
0.01871
0.018991
0.01918
0.0194108
0.0197233
0.0199498
0.0201783
0.020497
0.0207731
0.0210236
0.0213221
0.0216438
0.0219204
0.022235
0.0225551
0.0228915
0.0232103
0.0235604
0.023908
0.0242646
0.0246358
0.0249999
0.0254007
0.0257705
0.0261908
0.0265829
0.0270107
0.0274385
0.027867
0.0283256
0.0287635
0.0292385
0.0297155
0.0301861
0.0307164
0.0312012
0.0317559
0.0322882
0.0328197
0.0332858
0.0333978
0.0120872
0.0123026
0.0125954
0.0128646
0.0130684
0.0131984
0.0132558
0.0132603
0.0132215
0.0131668
0.0131098
0.0130753
0.0130659
0.0130789
0.0131089
0.0131475
0.0132038
0.0132552
0.0133119
0.0133655
0.0134253
0.0134918
0.0135496
0.013613
0.0136696
0.0137313
0.0137993
0.013872
0.0139524
0.0140303
0.01412
0.0142159
0.0143065
0.014414
0.0145125
0.0146264
0.0147565
0.0148702
0.0150062
0.0151188
0.0152347
0.0154056
0.0155304
0.0156964
0.0158515
0.0159348
0.0161642
0.0163856
0.0164682
0.0166505
0.0168841
0.0170395
0.0172074
0.0174342
0.0176588
0.0178306
0.0180387
0.0182992
0.0184854
0.0187048
0.0189949
0.0192013
0.0194108
0.0197199
0.019967
0.0201846
0.020494
0.0207841
0.021036
0.0213244
0.0216482
0.0219299
0.0222416
0.022558
0.0228974
0.0232178
0.0235644
0.0239119
0.0242695
0.0246394
0.0250026
0.0254046
0.025774
0.0261936
0.026586
0.0270133
0.0274416
0.0278697
0.0283276
0.0287659
0.0292408
0.0297184
0.0301896
0.0307201
0.0312061
0.0317625
0.0322947
0.0328274
0.033294
0.0334065
0.013317
0.013196
0.0130184
0.0128616
0.0127471
0.0126836
0.0126646
0.0126884
0.0127331
0.0127896
0.0128485
0.0129137
0.012988
0.0130588
0.0131236
0.0131744
0.0132281
0.0132761
0.0133241
0.0133682
0.013415
0.0134749
0.0135303
0.0135926
0.013657
0.0137252
0.0137995
0.0138801
0.013963
0.0140428
0.0141297
0.0142277
0.0143202
0.0144201
0.0145279
0.014635
0.014765
0.0148832
0.0150063
0.0151426
0.0152484
0.0154074
0.0155481
0.0156872
0.0158698
0.015969
0.0161417
0.0163795
0.0165013
0.0166569
0.0168722
0.0170544
0.0172258
0.0174253
0.0176623
0.0178542
0.0180389
0.0182989
0.018508
0.0187042
0.0189886
0.0192245
0.0194178
0.0197101
0.019983
0.020196
0.0204858
0.0207912
0.0210485
0.0213234
0.0216485
0.0219385
0.0222463
0.0225582
0.0229016
0.023224
0.0235668
0.0239148
0.0242742
0.0246427
0.0250054
0.0254081
0.0257769
0.0261954
0.0265885
0.0270155
0.0274444
0.0278724
0.0283294
0.0287685
0.0292434
0.0297214
0.0301933
0.0307237
0.0312104
0.0317673
0.0323002
0.0328319
0.0333006
0.0334127
0.0126832
0.0128118
0.0128864
0.012889
0.0128239
0.0127246
0.0126261
0.0125686
0.0125663
0.0126168
0.0127039
0.0128101
0.0129305
0.0130419
0.0131389
0.0132056
0.0132577
0.0133025
0.0133442
0.0133838
0.0134204
0.01347
0.0135214
0.0135842
0.0136523
0.0137257
0.013806
0.0138916
0.013976
0.0140552
0.0141451
0.0142426
0.0143386
0.014433
0.0145413
0.014653
0.0147728
0.0148994
0.0150132
0.0151555
0.0152724
0.0154063
0.0155638
0.0156919
0.0158686
0.0160077
0.0161423
0.0163672
0.0165278
0.0166733
0.0168742
0.0170602
0.0172447
0.0174325
0.0176526
0.0178758
0.0180518
0.0182876
0.0185314
0.0187149
0.0189721
0.0192475
0.019435
0.0196954
0.0199972
0.0202172
0.0204788
0.0207958
0.021067
0.0213256
0.0216481
0.0219497
0.022254
0.0225588
0.0229069
0.0232316
0.0235699
0.0239182
0.0242787
0.0246455
0.0250079
0.0254117
0.0257804
0.026198
0.0265915
0.0270184
0.0274476
0.0278753
0.0283312
0.0287709
0.0292459
0.0297241
0.0301967
0.0307273
0.0312149
0.0317725
0.032306
0.0328406
0.0333089
0.0334211
0.0134752
0.0132395
0.0129204
0.0126282
0.0124056
0.0122663
0.0122093
0.0122267
0.0123086
0.0124295
0.0125717
0.0127121
0.012852
0.0129768
0.013087
0.0131691
0.0132287
0.013283
0.0133309
0.013379
0.0134168
0.0134596
0.0135086
0.0135725
0.0136442
0.01372
0.013806
0.0138927
0.0139778
0.0140573
0.0141505
0.0142496
0.014346
0.0144411
0.0145443
0.0146637
0.0147783
0.0149049
0.0150229
0.015158
0.0152914
0.0154117
0.015567
0.0157061
0.0158596
0.0160274
0.0161575
0.0163503
0.0165414
0.0166852
0.0168763
0.0170637
0.0172486
0.0174488
0.0176428
0.0178797
0.0180768
0.0182705
0.018539
0.0187401
0.0189499
0.0192532
0.0194609
0.0196797
0.0199982
0.020238
0.0204718
0.0207908
0.0210813
0.0213283
0.0216426
0.0219557
0.0222606
0.022557
0.0229084
0.0232373
0.0235714
0.0239196
0.0242822
0.0246476
0.0250095
0.0254138
0.0257824
0.0261989
0.0265927
0.0270196
0.0274491
0.0278771
0.0283319
0.0287724
0.0292475
0.0297258
0.030199
0.0307293
0.0312175
0.0317755
0.0323097
0.0328437
0.0333091
0.0334246
0.0131951
0.0128948
0.012537
0.0122287
0.0120166
0.0119113
0.0119099
0.0119894
0.0121285
0.012294
0.0124676
0.0126281
0.0127732
0.0129011
0.0130138
0.0131047
0.0131738
0.0132383
0.0132967
0.0133566
0.0134033
0.0134446
0.0134944
0.0135597
0.0136327
0.0137084
0.0137966
0.0138839
0.0139689
0.0140519
0.0141476
0.0142499
0.0143462
0.0144432
0.0145447
0.0146655
0.0147816
0.0149032
0.0150262
0.0151568
0.0152941
0.0154172
0.0155633
0.0157131
0.0158591
0.0160297
0.0161743
0.0163465
0.0165448
0.0166968
0.0168785
0.0170721
0.0172512
0.0174599
0.0176509
0.0178759
0.0180973
0.0182769
0.0185334
0.0187638
0.0189536
0.0192463
0.0194872
0.0196927
0.0199936
0.0202543
0.0204795
0.020788
0.0210914
0.0213384
0.0216436
0.0219607
0.0222692
0.022561
0.0229112
0.0232436
0.0235758
0.0239224
0.0242861
0.0246508
0.0250122
0.0254169
0.0257859
0.026202
0.0265959
0.0270227
0.027452
0.0278802
0.0283343
0.0287745
0.0292502
0.0297282
0.0302022
0.0307327
0.0312215
0.031781
0.0323163
0.0328513
0.0333211
0.0334335
)
;

boundaryField
{
    zeroGradientPlanes
    {
        type            zeroGradient;
    }
    inlet
    {
        type            zeroGradient;
    }
    plate
    {
        type            zeroGradient;
    }
    frontAndBack
    {
        type            empty;
    }
}


// ************************************************************************* //
