/*--------------------------------*- C++ -*----------------------------------*\
| =========                 |                                                 |
| \\      /  F ield         | OpenFOAM: The Open Source CFD Toolbox           |
|  \\    /   O peration     | Version:  v1912                                 |
|   \\  /    A nd           | Website:  www.openfoam.com                      |
|    \\/     M anipulation  |                                                 |
\*---------------------------------------------------------------------------*/
FoamFile
{
    version     2.0;
    format      ascii;
    class       volScalarField;
    location    "6.65";
    object      p;
}
// * * * * * * * * * * * * * * * * * * * * * * * * * * * * * * * * * * * * * //

dimensions      [0 2 -2 0 0 0 0];


internalField   nonuniform List<scalar> 
9600
(
-1.20443e-10
0.00056226
0.00271504
0.000111437
-0.00241362
0.00240108
0.00531102
0.00743802
0.00953365
0.00944876
0.00774966
0.010198
0.00911368
0.0104589
0.0105136
0.0127618
0.0135545
0.0168518
0.018964
0.0253649
-5.52002e-07
0.000563175
0.00271212
0.000124987
-0.00239786
0.00238595
0.00530841
0.00729288
0.00952777
0.00944835
0.00776256
0.0101808
0.00911799
0.0104631
0.010527
0.0127527
0.0135734
0.0168101
0.0189748
0.0245528
7.9074e-07
0.000573074
0.0027076
0.00013387
-0.00236956
0.00236149
0.00530152
0.00739889
0.00952471
0.00944549
0.0077819
0.0101586
0.00913575
0.0104597
0.0105433
0.0127497
0.0135957
0.016757
0.0189518
0.0238708
5.94754e-06
0.000592979
0.00269255
0.000145524
-0.00231838
0.00234436
0.00529305
0.007457
0.00951969
0.00944116
0.00781199
0.0101363
0.00916169
0.0104486
0.010563
0.0127369
0.013621
0.0166841
0.0189133
0.0232137
1.58296e-05
0.000619162
0.00266516
0.000160777
-0.00224227
0.00233715
0.0052858
0.00752776
0.00951641
0.00943486
0.00784959
0.0101162
0.00919207
0.0104329
0.0105839
0.0127213
0.0136476
0.0165974
0.0188555
0.0225982
2.74896e-05
0.000649446
0.00262736
0.000182241
-0.00214597
0.00233724
0.00528078
0.00761063
0.00951551
0.00942589
0.00789317
0.0100984
0.00922484
0.0104132
0.0106067
0.0126997
0.0136757
0.0165017
0.0187759
0.0220162
4.04937e-05
0.000684085
0.00258482
0.000210663
-0.00203688
0.00234332
0.00527787
0.00770008
0.00951691
0.00941372
0.00794132
0.0100818
0.00925921
0.0103902
0.0106317
0.0126732
0.0137045
0.0163981
0.0186733
0.021468
5.36364e-05
0.000724701
0.00254388
0.000245651
-0.00192105
0.00235432
0.00527578
0.0077902
0.00951883
0.00939789
0.00799308
0.0100657
0.00929561
0.0103652
0.0106598
0.0126429
0.013732
0.0162901
0.018548
0.0209537
6.62873e-05
0.000773072
0.00250896
0.000286475
-0.00180225
0.00236782
0.0052726
0.00787557
0.00951889
0.0093781
0.00804748
0.0100497
0.00933488
0.0103394
0.010692
0.0126106
0.0137567
0.0161807
0.0184019
0.0204725
7.85034e-05
0.000830016
0.00248142
0.000332934
-0.00168169
0.00238157
0.0052668
0.00795147
0.00951465
0.00935406
0.0081034
0.0100337
0.00937767
0.0103145
0.0107288
0.0125786
0.0137774
0.0160723
0.0182373
0.0200217
9.08567e-05
0.000894913
0.00246021
0.000384915
-0.00155801
0.00239562
0.00525757
0.00801419
0.00950406
0.00932557
0.00815964
0.0100176
0.00942413
0.0102915
0.0107701
0.0125487
0.0137928
0.0159663
0.0180567
0.0195974
0.000104079
0.000965986
0.00244331
0.000441884
-0.001428
0.00241222
0.0052451
0.0080614
0.00948591
0.00929261
0.00821522
0.0100016
0.00947375
0.010271
0.0108148
0.0125218
0.0138019
0.0158629
0.0178629
0.0191955
0.00011874
0.00104113
0.00242897
0.000502969
-0.00128847
0.00243435
0.00523045
0.0080926
0.00946027
0.00925544
0.00826946
0.0099861
0.00952557
0.0102534
0.0108612
0.0124982
0.0138033
0.015761
0.0176579
0.0188116
0.000135181
0.00111864
0.00241619
0.000567298
-0.00113792
0.00246377
0.00521518
0.00810906
0.00942844
0.00921456
0.00832199
0.00997158
0.00957842
0.0102386
0.0109071
0.0124772
0.0137964
0.0156585
0.0174437
0.0184415
0.000153549
0.00119745
0.0024047
0.00063422
-0.00097686
0.00250024
0.0052008
0.00811306
0.00939234
0.00917064
0.00837241
0.00995883
0.00963121
0.0102263
0.0109508
0.0124582
0.0137805
0.0155532
0.017222
0.0180817
0.000173867
0.00127694
0.00239473
0.000703392
-0.000807082
0.00254216
0.00518818
0.00810711
0.00935407
0.00912449
0.00842021
0.00994857
0.00968312
0.0102165
0.0109909
0.0124401
0.0137556
0.0154427
0.016994
0.0177296
0.00019613
0.00135677
0.00238663
0.000774646
-0.000630623
0.00258778
0.00517779
0.0080933
0.00931529
0.009077
0.00846467
0.00994137
0.00973361
0.0102086
0.0110269
0.0124216
0.0137218
0.0153257
0.0167601
0.0173837
0.00022036
0.00143667
0.00238078
0.000847889
-0.000449191
0.00263589
0.00516997
0.00807316
0.00927704
0.00902912
0.00850494
0.00993761
0.00978232
0.0102023
0.0110586
0.0124015
0.0136793
0.0152005
0.0165209
0.0170428
0.000246616
0.00151639
0.00237756
0.000923124
-0.000263937
0.00268571
0.00516485
0.00804785
0.00923985
0.00898185
0.00854022
0.00993738
0.0098292
0.0101967
0.011086
0.012379
0.0136278
0.0150687
0.0162767
0.0167058
0.000274982
0.00159562
0.00237735
0.00100031
-7.56592e-05
0.00273678
0.00516246
0.00801835
0.00920382
0.00893612
0.00856982
0.00994046
0.0098745
0.0101905
0.0111094
0.0123534
0.0135669
0.014931
0.0160282
0.0163724
0.000305566
0.00167413
0.00238057
0.00107931
0.0001149
0.00278874
0.00516278
0.00798546
0.00916873
0.00889278
0.00859329
0.00994628
0.00991873
0.0101825
0.0111286
0.0123249
0.0134959
0.0147879
0.0157768
0.0160425
0.000338519
0.00175162
0.00238766
0.00116007
0.000307086
0.00284129
0.00516555
0.00794984
0.00913407
0.0088526
0.00861041
0.00995394
0.00996264
0.0101715
0.0111427
0.0122941
0.0134143
0.0146397
0.0155248
0.0157159
0.000374051
0.00182781
0.00239898
0.00124251
0.000500333
0.00289416
0.00517029
0.00791215
0.00909925
0.00881614
0.00862129
0.00996224
0.0100071
0.0101568
0.0111508
0.0122621
0.0133217
0.014486
0.0152748
0.0153926
0.000412413
0.0019024
0.00241481
0.00132659
0.000694131
0.00294726
0.00517645
0.00787298
0.00906368
0.00878362
0.00862633
0.00996966
0.0100531
0.0101383
0.0111512
0.0122299
0.0132184
0.0143259
0.0150299
0.0150727
0.000453865
0.0019751
0.00243539
0.0014123
0.000888013
0.00300071
0.00518346
0.00783284
0.00902688
0.00875504
0.00862618
0.00997462
0.0101009
0.0101163
0.0111421
0.0121984
0.0131058
0.0141575
0.0147929
0.0147582
0.000498706
0.00204564
0.00246086
0.00149966
0.00108155
0.00305482
0.00519076
0.00779212
0.0089885
0.00873023
0.00862162
0.00997551
0.0101508
0.0100918
0.0111217
0.0121681
0.0129866
0.0139781
0.0145649
0.0144538
0.000547263
0.00211378
0.00249134
0.00158876
0.00127423
0.00311005
0.00519783
0.00775108
0.00894845
0.00870884
0.00861347
0.00997079
0.0102025
0.0100662
0.0110879
0.0121383
0.0128644
0.0137851
0.0143449
0.0141654
0.000599858
0.00217928
0.00252697
0.00167976
0.00146536
0.00316706
0.00520416
0.00770988
0.008907
0.00869036
0.00860267
0.00995916
0.010255
0.0100412
0.0110397
0.0121079
0.0127433
0.0135782
0.0141291
0.0138995
0.000656804
0.00224194
0.00256785
0.00177307
0.00165415
0.00322654
0.00520939
0.0076684
0.00886446
0.00867428
0.00859014
0.00993978
0.0103068
0.0100183
0.0109767
0.0120746
0.0126271
0.0133587
0.0139109
0.013661
0.000718403
0.00230161
0.00261394
0.0018692
0.00183994
0.00328923
0.00521345
0.00762613
0.00882115
0.00866023
0.0085766
0.0099121
0.0103563
0.00999938
0.0108991
0.0120356
0.0125195
0.0131241
0.0136825
0.0134501
0.000784992
0.00235809
0.00266505
0.00196867
0.00202207
0.00335579
0.00521636
0.007583
0.00877741
0.00864793
0.00856257
0.00987581
0.0104015
0.00998586
0.0108072
0.011988
0.012423
0.0128913
0.0134378
0.0132617
0.000856895
0.00241117
0.00272093
0.00207198
0.00219996
0.00342684
0.00521819
0.00753838
0.00873353
0.0086369
0.00854853
0.00983116
0.0104404
0.00997893
0.0107027
0.0119285
0.0123399
0.0126616
0.0131735
0.0130848
0.000934405
0.00246081
0.00278118
0.00217964
0.00237311
0.00350279
0.00521964
0.00749117
0.0086894
0.00862669
0.00853484
0.00977863
0.0104705
0.00997893
0.0105881
0.0118536
0.0122701
0.0124433
0.01289
0.0129039
0.00101784
0.00250702
0.00284508
0.00229216
0.00254123
0.00358392
0.00522165
0.0074421
0.0086449
0.00861689
0.00852165
0.00971889
0.01049
0.00998533
0.010466
0.0117605
0.0122109
0.0122449
0.0125938
0.0127046
0.00110745
0.00254992
0.00291182
0.00240994
0.00270442
0.00366882
0.00522492
0.00739131
0.00860005
0.00860698
0.0085089
0.00965284
0.0104974
0.0099974
0.0103392
0.0116471
0.0121585
0.0120722
0.012292
0.0124785
0.00120341
0.00258988
0.00298043
0.00253311
0.00286303
0.00375747
0.00523006
0.00733905
0.00855493
0.00859691
0.00849635
0.00958103
0.0104912
0.0100141
0.0102112
0.0115123
0.0121073
0.0119277
0.0119951
0.0122243
0.00130588
0.00262746
0.00304983
0.00266161
0.00301761
0.00384925
0.00523762
0.00728588
0.00850944
0.0085866
0.00848397
0.00950411
0.0104703
0.0100335
0.0100856
0.0113557
0.0120508
0.0118126
0.0117186
0.0119449
0.00141505
0.00266341
0.00311885
0.00279514
0.00316907
0.00394344
0.00524786
0.00723249
0.0084637
0.00857572
0.00847131
0.00942266
0.0104342
0.0100537
0.00996588
0.0111782
0.0119815
0.0117262
0.0114735
0.0116492
0.00153087
0.00269876
0.00318638
0.00293309
0.00331842
0.00403975
0.00526084
0.0071789
0.00841799
0.00856486
0.00845808
0.00933665
0.0103819
0.0100724
0.00985518
0.0109826
0.0118936
0.0116634
0.0112658
0.0113496
0.00165329
0.00273458
0.00325115
0.00307492
0.00346663
0.00413762
0.00527754
0.00712484
0.0083716
0.0085546
0.0084446
0.00924685
0.0103131
0.0100856
0.00975606
0.0107717
0.0117841
0.0116207
0.0110974
0.0110592
0.00178219
0.00277224
0.00331213
0.00321954
0.00361481
0.00423697
0.00529782
0.00707066
0.00832414
0.00854508
0.00843129
0.00915352
0.0102279
0.0100913
0.00966795
0.0105476
0.0116495
0.0115927
0.0109767
0.0107707
0.00191711
0.00281308
0.00336881
0.0033658
0.0037636
0.00433811
0.00532229
0.00701583
0.00827496
0.00853666
0.00841966
0.00905732
0.0101245
0.0100891
0.00959224
0.0103107
0.0114794
0.0115737
0.0109205
0.010575
0.00205767
0.00285857
0.00342059
0.00351248
0.00391377
0.00444033
0.0053525
0.00696128
0.00822277
0.00852919
0.00840944
0.00896186
0.0100045
0.0100709
0.00953993
0.0100665
0.0112493
0.0115155
0.0109286
0.0105018
0.0022031
0.00291036
0.0034677
0.00365731
0.00406611
0.00454383
0.00538735
0.00690903
0.00816643
0.00852155
0.00840253
0.00886592
0.00987259
0.0100372
0.00950882
0.00986038
0.0110074
0.0114549
0.0109359
0.0103705
0.00235237
0.00296968
0.00351166
0.00379831
0.00422053
0.00464888
0.00542762
0.00686009
0.00810628
0.00851171
0.00839993
0.0087728
0.00972848
0.00999173
0.00949728
0.00969053
0.0107652
0.0113257
0.0108615
0.0102508
0.00250453
0.00303781
0.00355447
0.00393223
0.00437726
0.00475724
0.00547075
0.00681661
0.0080444
0.00849731
0.00840007
0.00868779
0.00957515
0.00993051
0.00949878
0.0095578
0.0105214
0.0111784
0.010793
0.0100105
0.00265838
0.00311628
0.00359829
0.00405645
0.00453558
0.00486994
0.00551474
0.00677936
0.00798261
0.00847925
0.0084026
0.00860722
0.00941954
0.00985236
0.00949664
0.0094232
0.0102217
0.0109307
0.0107318
0.0101302
0.002813
0.00320549
0.00364584
0.00416939
0.00469314
0.00498886
0.00556012
0.00674636
0.00792464
0.00845945
0.00840393
0.008535
0.00926253
0.00975404
0.00949905
0.00933841
0.00996706
0.0107034
0.0105971
0.00987681
0.00296762
0.00330597
0.00369958
0.00427008
0.00484737
0.00511627
0.00560681
0.00671451
0.00787183
0.0084402
0.0084066
0.00846734
0.00910438
0.00963611
0.0094787
0.00926704
0.00971536
0.0103997
0.0104338
0.00983682
0.00312174
0.0034169
0.00376149
0.00435895
0.00499504
0.00525171
0.0056566
0.00668172
0.00782307
0.00842373
0.00840906
0.00840554
0.00894679
0.00949445
0.00943773
0.009212
0.00947809
0.0100797
0.010275
0.0098295
0.00327495
0.00353722
0.00383365
0.00443751
0.00513197
0.00539445
0.00571334
0.00664487
0.00777367
0.00841209
0.00841544
0.00834994
0.00878328
0.00933593
0.00938494
0.0091563
0.00927396
0.00978385
0.0100875
0.00977705
0.00342694
0.00366617
0.00391734
0.00450826
0.00525503
0.00554182
0.00577995
0.00660414
0.00771915
0.00840496
0.00842808
0.00829495
0.00862185
0.00916962
0.00930799
0.00910816
0.00912187
0.0095054
0.00984334
0.00969865
0.00357777
0.00380175
0.00401354
0.0045743
0.00536168
0.00568952
0.00586085
0.00656317
0.00765292
0.00839754
0.00844829
0.00825122
0.0084673
0.00898885
0.00921381
0.00907285
0.00900534
0.0092418
0.00958421
0.00959949
0.00372745
0.00394256
0.00412281
0.00463901
0.00545073
0.00583318
0.00595723
0.00652492
0.00757139
0.00838438
0.00847983
0.00822384
0.00831867
0.00879841
0.00910646
0.00903307
0.00891454
0.00902408
0.00932256
0.00945491
0.00387616
0.00408722
0.0042449
0.00470596
0.00552268
0.00596694
0.00606742
0.0064968
0.00747568
0.00835579
0.00851892
0.00821763
0.00818737
0.00860353
0.00897679
0.0089842
0.00884899
0.00885312
0.00907026
0.00927546
0.00402416
0.00423423
0.00437905
0.00477816
0.0055788
0.00608655
0.00618865
0.00648577
0.00736834
0.00830259
0.0085605
0.00823714
0.00808175
0.00840739
0.00882275
0.00892412
0.00880153
0.00872475
0.00884866
0.00907519
0.0041719
0.00438189
0.00452376
0.0048586
0.00562194
0.00618808
0.00631547
0.00649757
0.00725562
0.00821905
0.00859348
0.00828074
0.00800938
0.0082225
0.00864795
0.00884313
0.00876321
0.0086338
0.00866605
0.00887366
0.00431996
0.00452872
0.0046766
0.00495019
0.00565577
0.00626799
0.00644243
0.00653626
0.00714735
0.00810209
0.00860317
0.00834504
0.00797721
0.00806216
0.00846006
0.00873214
0.0087233
0.00857604
0.00852529
0.00868719
0.0044689
0.00467421
0.00483381
0.0050539
0.00568577
0.00632529
0.00656228
0.00660154
0.00705791
0.00795643
0.00857428
0.00842056
0.00798767
0.00793629
0.00827184
0.00859232
0.00866662
0.00854187
0.0084276
0.00852431
0.00461897
0.00481789
0.00499175
0.00516939
0.00571726
0.00636259
0.00666704
0.00668734
0.00700177
0.00779394
0.0084949
0.0084865
0.00803875
0.00785394
0.00809818
0.00843401
0.00858087
0.00851355
0.00837227
0.00839487
0.00477025
0.00495946
0.00514693
0.00529514
0.00575443
0.00638408
0.0067521
0.00678497
0.00698486
0.00763781
0.00836857
0.00851749
0.00812058
0.00782297
0.00794957
0.0082686
0.00846847
0.00847034
0.00834755
0.00830977
0.00492244
0.00509908
0.00529625
0.00542832
0.00580157
0.00639463
0.0068166
0.00688309
0.00700225
0.00751012
0.00820919
0.00849676
0.00820703
0.00784155
0.00783886
0.00810866
0.00833983
0.00840112
0.00833077
0.00826886
0.00507479
0.00523685
0.00543818
0.00556529
0.00586182
0.00640014
0.00686125
0.00697292
0.00704538
0.00742166
0.00804384
0.00842606
0.0082701
0.00789754
0.00777631
0.00796658
0.00820554
0.00830993
0.00829914
0.00825589
0.00522632
0.00537294
0.00557261
0.00570194
0.0059358
0.0064074
0.00688801
0.00704988
0.00710329
0.00737173
0.00789618
0.00831685
0.00829341
0.00796733
0.00776017
0.00785483
0.00807648
0.00820847
0.00824357
0.00824677
0.00537592
0.00550754
0.00570013
0.00583463
0.00602168
0.00642184
0.00690031
0.00711138
0.00716685
0.00735354
0.00777871
0.00819027
0.00827394
0.00802934
0.00778123
0.00778036
0.00796158
0.00810808
0.00817216
0.00822153
0.00552248
0.00564068
0.00582142
0.00596072
0.00611657
0.00644675
0.00690321
0.00715681
0.00723023
0.00735903
0.00769475
0.0080693
0.00821957
0.00806792
0.00782399
0.00774335
0.00786659
0.00801627
0.00809795
0.00817801
0.00566487
0.00577191
0.00593747
0.00607842
0.00621662
0.00648406
0.00690297
0.00718694
0.00728886
0.007381
0.00764087
0.00796736
0.00814629
0.00807513
0.00787219
0.00774234
0.00779513
0.007933
0.00803051
0.00812849
0.00580205
0.00590037
0.00604933
0.00618735
0.00631746
0.00653305
0.0069057
0.00720548
0.00733901
0.00741335
0.00761288
0.0078877
0.00807242
0.00805806
0.00790879
0.00776934
0.00775544
0.00786133
0.00797073
0.00808191
0.00593306
0.00602506
0.00615738
0.00628817
0.00641581
0.00659125
0.00691464
0.00721622
0.00737943
0.00745126
0.00760789
0.00783192
0.00800784
0.00803036
0.00792455
0.00780463
0.0077493
0.00780755
0.00791735
0.00804216
0.00605707
0.00614455
0.00626184
0.0063814
0.00650889
0.00665666
0.00693245
0.00722294
0.00740976
0.00748933
0.00761982
0.00780031
0.00795844
0.00800808
0.00793296
0.00783286
0.00776793
0.00778023
0.00787173
0.00800303
0.00617305
0.00625799
0.00636222
0.00646817
0.00659449
0.00672474
0.00696036
0.00723166
0.00743339
0.00752602
0.00764152
0.00778681
0.0079206
0.00799238
0.00795031
0.00786092
0.00780221
0.00778871
0.00785242
0.00797981
0.00628009
0.00636363
0.00645788
0.00654912
0.00667299
0.00679227
0.00699473
0.00724382
0.00745242
0.00756299
0.00767686
0.00779682
0.00789937
0.00797561
0.00796964
0.00789145
0.00783601
0.00781834
0.00786048
0.00798217
0.00637712
0.00646097
0.00654762
0.00662381
0.00674326
0.00685808
0.00703615
0.00725896
0.00746606
0.00759379
0.00771776
0.00783222
0.00791539
0.00797868
0.00800075
0.00793885
0.00787177
0.00784913
0.00786973
0.0079725
0.00646284
0.00654788
0.0066305
0.00669436
0.00680636
0.00691726
0.00708164
0.0072813
0.007479
0.00761666
0.007747
0.00787149
0.00796425
0.00802486
0.00807053
0.00804459
0.00797865
0.00795596
0.00796572
0.00803244
0.00653529
0.00662216
0.00670466
0.00675945
0.0068652
0.00697204
0.00712592
0.00730833
0.00749435
0.00763803
0.00776387
0.00787426
0.00797738
0.00804561
0.00810156
0.00811286
0.00806645
0.0080516
0.00809349
0.00818998
0.00659449
0.00668307
0.00676816
0.00681755
0.00691874
0.00702421
0.00716913
0.00733679
0.00752566
0.00770339
0.00788161
0.00802167
0.00814924
0.00823273
0.00827851
0.00829665
0.00823359
0.00813923
0.00807767
0.0080809
0.00663787
0.00672099
0.00680739
0.00686391
0.00696646
0.00707003
0.00719573
0.00730652
0.00741361
0.00752308
0.00768726
0.00789223
0.00813631
0.00835258
0.00847781
0.00861441
0.00876675
0.00892278
0.00909997
0.00926398
0.00666259
0.00676687
0.00687057
0.00692565
0.00702693
0.00713708
0.00728119
0.00743366
0.00762227
0.00780882
0.0080153
0.00819201
0.00832113
0.00845453
0.00853125
0.00852947
0.00847388
0.00836903
0.00826604
0.00820497
0.00662646
0.00670371
0.00685444
0.0069804
0.00710025
0.00720561
0.00733597
0.0074501
0.00759987
0.0077497
0.00790935
0.0080955
0.00825548
0.00842848
0.00861468
0.00877483
0.00896465
0.00916914
0.00935394
0.00947385
0.00665658
0.00675746
0.00690743
0.00701609
0.0071367
0.00725375
0.00740651
0.00753642
0.00771524
0.0079207
0.00810197
0.00829693
0.00848328
0.00863276
0.00879502
0.00894532
0.00908152
0.00917699
0.00922359
0.00921713
0.0283675
0.0216959
0.012978
0.00636341
0.00422002
0.00499353
0.00622822
0.00701679
0.00732584
0.00736944
0.00738312
0.00749317
0.00770685
0.00795999
0.00809616
0.00805513
0.00797043
0.00794983
0.00804131
0.00833314
0.00876434
0.00911246
0.00924096
0.00924099
0.0093167
0.00952618
0.00970125
0.00974301
0.0098056
0.00999338
0.0102117
0.0104003
0.0105981
0.0108042
0.0109748
0.0111631
0.0114221
0.0116558
0.0118383
0.012055
0.0123442
0.0126332
0.0128831
0.0130627
0.0131258
0.0131819
0.0133727
0.0136434
0.0138464
0.0140461
0.014302
0.0145584
0.0148579
0.0152288
0.0155581
0.0159175
0.016322
0.0161744
0.0155814
0.0156143
0.0163471
0.0170617
0.0175096
0.0178322
0.0182233
0.0185246
0.0186396
0.018774
0.0190723
0.0193851
0.0197545
0.0201698
0.0205475
0.0208627
0.0211247
0.0214544
0.0217589
0.0220531
0.022431
0.0229439
0.0233975
0.0238021
0.0241892
0.0246051
0.0250734
0.0255313
0.026045
0.0265108
0.0269427
0.0274372
0.0279054
0.0284608
0.0289745
0.0294756
0.0300068
0.0304543
0.0309339
0.031373
0.0317673
0.0321121
0.0274309
0.0215216
0.0130577
0.00651792
0.0043235
0.00504407
0.0062591
0.00703887
0.0073424
0.00738209
0.00739297
0.00750116
0.0077137
0.00796637
0.00810218
0.00806047
0.00797498
0.00795366
0.00804448
0.00833594
0.00876715
0.00911529
0.00924357
0.00924313
0.0093184
0.00952778
0.00970292
0.00974448
0.00980675
0.00999443
0.0102127
0.0104013
0.010599
0.0108051
0.0109756
0.0111638
0.0114229
0.0116566
0.0118391
0.0120557
0.0123449
0.0126338
0.0128838
0.0130635
0.0131266
0.0131825
0.0133733
0.013644
0.0138471
0.0140466
0.0143025
0.0145589
0.0148584
0.0152292
0.0155585
0.0159178
0.0163226
0.0161752
0.0155818
0.0156144
0.0163474
0.0170621
0.01751
0.0178325
0.0182236
0.0185249
0.0186399
0.0187742
0.0190725
0.0193853
0.0197547
0.0201699
0.0205477
0.0208629
0.0211249
0.0214546
0.021759
0.0220533
0.0224311
0.022944
0.0233976
0.0238023
0.0241894
0.0246052
0.0250735
0.0255314
0.0260451
0.0265109
0.0269428
0.0274373
0.0279056
0.0284608
0.0289746
0.0294757
0.0300069
0.0304544
0.0309339
0.031373
0.0317672
0.0321121
0.0266346
0.0213708
0.0132402
0.00681424
0.004502
0.00510895
0.00628557
0.00705741
0.00735854
0.00739633
0.00740507
0.00751091
0.00772129
0.00797262
0.00810776
0.0080654
0.00797918
0.00795704
0.00804717
0.00833853
0.00876996
0.00911808
0.00924595
0.009245
0.00931996
0.00952933
0.00970446
0.0097457
0.00980767
0.00999534
0.0102136
0.0104021
0.0105998
0.0108059
0.0109763
0.0111644
0.0114235
0.0116573
0.0118397
0.0120562
0.0123455
0.0126344
0.0128844
0.0130642
0.0131272
0.0131829
0.0133736
0.0136446
0.0138476
0.014047
0.0143029
0.0145593
0.0148587
0.0152296
0.0155588
0.0159181
0.0163233
0.0161762
0.0155818
0.0156141
0.0163475
0.0170625
0.0175104
0.0178327
0.0182239
0.0185253
0.0186402
0.0187743
0.0190726
0.0193854
0.0197548
0.0201701
0.0205479
0.0208631
0.021125
0.0214547
0.0217592
0.0220534
0.0224312
0.0229441
0.0233978
0.0238024
0.0241895
0.0246053
0.0250736
0.0255315
0.0260452
0.026511
0.0269429
0.0274374
0.0279056
0.0284609
0.0289747
0.0294758
0.030007
0.0304544
0.030934
0.0313731
0.0317673
0.0321121
0.0258618
0.0211996
0.013454
0.00717359
0.00474163
0.00520122
0.00632467
0.00708453
0.00738224
0.00741709
0.0074225
0.00752487
0.00773162
0.00798022
0.00811445
0.00807215
0.00798538
0.00796194
0.00805109
0.00834226
0.00877354
0.0091213
0.0092489
0.00924775
0.00932247
0.00953154
0.00970638
0.00974726
0.00980898
0.00999657
0.0102147
0.0104031
0.0106007
0.0108068
0.0109771
0.011165
0.0114241
0.011658
0.0118403
0.0120567
0.0123461
0.0126351
0.012885
0.0130649
0.0131278
0.0131832
0.013374
0.0136452
0.0138482
0.0140474
0.0143034
0.0145598
0.0148591
0.01523
0.0155592
0.0159183
0.0163243
0.0161773
0.0155816
0.0156135
0.0163477
0.0170631
0.0175108
0.017833
0.0182242
0.0185257
0.0186405
0.0187745
0.0190728
0.0193856
0.019755
0.0201703
0.0205481
0.0208633
0.0211251
0.0214549
0.0217594
0.0220535
0.0224313
0.0229442
0.0233979
0.0238025
0.0241896
0.0246054
0.0250737
0.0255316
0.0260453
0.0265111
0.026943
0.0274374
0.0279057
0.028461
0.0289748
0.0294759
0.0300071
0.0304545
0.0309341
0.0313732
0.0317673
0.0321121
0.0250854
0.0209933
0.013668
0.00755023
0.00500485
0.00530711
0.0063695
0.00711698
0.00741277
0.00744481
0.00744609
0.00754406
0.00774575
0.00798966
0.00812225
0.00808093
0.0079943
0.00796949
0.00805776
0.00834849
0.00877843
0.00912476
0.00925227
0.00925193
0.00932675
0.00953495
0.00970899
0.00974957
0.00981119
0.0099985
0.0102163
0.0104044
0.0106019
0.010808
0.010978
0.0111656
0.0114248
0.0116587
0.0118409
0.0120572
0.0123467
0.0126358
0.0128857
0.0130657
0.0131285
0.0131835
0.0133742
0.0136458
0.0138488
0.0140478
0.0143038
0.0145603
0.0148595
0.0152305
0.0155595
0.0159185
0.0163254
0.0161786
0.0155813
0.0156127
0.016348
0.0170637
0.0175113
0.0178333
0.0182245
0.0185262
0.0186408
0.0187746
0.019073
0.0193858
0.0197551
0.0201705
0.0205484
0.0208635
0.0211253
0.021455
0.0217595
0.0220536
0.0224313
0.0229444
0.0233981
0.0238027
0.0241897
0.0246055
0.0250739
0.0255317
0.0260454
0.0265113
0.0269431
0.0274375
0.0279058
0.0284611
0.0289749
0.0294759
0.0300072
0.0304546
0.0309342
0.0313733
0.0317675
0.0321122
0.0243086
0.0207549
0.0138758
0.00793053
0.00527982
0.00542013
0.00641503
0.00715047
0.00744712
0.00747749
0.00747411
0.00756682
0.00776247
0.00800043
0.00813102
0.00809157
0.0080056
0.00797945
0.00806763
0.00835836
0.0087856
0.00912867
0.00925585
0.00925744
0.00933299
0.00953973
0.00971244
0.009753
0.00981473
0.0100015
0.0102186
0.0104064
0.0106039
0.0108097
0.0109793
0.0111664
0.0114254
0.0116592
0.0118415
0.0120578
0.0123475
0.0126365
0.0128863
0.0130667
0.0131294
0.0131837
0.0133745
0.0136465
0.0138494
0.0140481
0.0143043
0.0145609
0.01486
0.0152309
0.0155599
0.0159188
0.0163267
0.0161801
0.0155808
0.0156118
0.0163483
0.0170645
0.0175118
0.0178336
0.0182249
0.0185267
0.0186411
0.0187747
0.0190732
0.0193861
0.0197553
0.0201708
0.0205487
0.0208638
0.0211255
0.0214552
0.0217597
0.0220537
0.0224314
0.0229445
0.0233983
0.0238028
0.0241898
0.0246056
0.025074
0.0255318
0.0260455
0.0265114
0.0269431
0.0274376
0.0279059
0.0284612
0.028975
0.029476
0.0300073
0.0304547
0.0309343
0.0313735
0.0317677
0.0321123
0.0235427
0.0204906
0.0140737
0.00830883
0.00556333
0.00553975
0.00646091
0.00718393
0.00748396
0.0075138
0.00750513
0.00759147
0.00778033
0.0080119
0.00814064
0.00810364
0.00801815
0.00799045
0.00807973
0.00837178
0.00879576
0.00913386
0.0092599
0.00926406
0.00934083
0.00954556
0.00971657
0.00975763
0.00981982
0.0100056
0.0102216
0.0104094
0.0106067
0.0108122
0.0109812
0.0111676
0.011426
0.0116597
0.0118419
0.0120583
0.0123481
0.0126371
0.012887
0.0130678
0.0131305
0.0131841
0.0133748
0.0136473
0.0138502
0.0140483
0.0143047
0.0145616
0.0148605
0.0152314
0.0155604
0.0159191
0.0163283
0.0161819
0.0155803
0.0156108
0.0163486
0.0170652
0.0175124
0.017834
0.0182254
0.0185273
0.0186416
0.0187749
0.0190734
0.0193863
0.0197555
0.0201711
0.0205491
0.0208641
0.0211257
0.0214554
0.02176
0.0220538
0.0224314
0.0229447
0.0233986
0.023803
0.0241899
0.0246057
0.0250741
0.0255319
0.0260457
0.0265116
0.0269432
0.0274378
0.027906
0.0284613
0.0289751
0.0294761
0.0300075
0.0304549
0.0309344
0.0313738
0.031768
0.0321124
0.0227977
0.0202036
0.0142567
0.00868118
0.00585406
0.00566675
0.00650777
0.00721691
0.00752239
0.00755287
0.00753833
0.00761733
0.00779889
0.00802404
0.00815123
0.00811692
0.0080312
0.00800103
0.00809212
0.00838719
0.00880859
0.00914103
0.00926504
0.00927164
0.00934962
0.00955182
0.00972094
0.00976318
0.00982633
0.0100107
0.0102253
0.010413
0.0106106
0.0108158
0.0109841
0.0111695
0.0114269
0.0116602
0.0118424
0.0120587
0.0123486
0.0126373
0.0128873
0.0130691
0.013132
0.0131848
0.0133753
0.0136485
0.0138511
0.0140486
0.0143051
0.0145623
0.0148609
0.0152315
0.0155606
0.0159195
0.0163301
0.0161839
0.01558
0.0156099
0.0163489
0.017066
0.017513
0.0178344
0.0182259
0.018528
0.0186421
0.0187751
0.0190738
0.0193867
0.0197558
0.0201715
0.0205495
0.0208645
0.0211259
0.0214557
0.0217602
0.0220539
0.0224315
0.022945
0.0233988
0.0238031
0.0241901
0.0246058
0.0250743
0.025532
0.0260458
0.0265118
0.0269433
0.0274379
0.0279061
0.0284614
0.0289753
0.0294763
0.0300077
0.030455
0.0309346
0.0313742
0.0317686
0.0321125
0.0220804
0.0198957
0.0144209
0.00904488
0.00615062
0.00580148
0.00655573
0.00724859
0.00756139
0.00759401
0.00757335
0.0076443
0.0078183
0.00803705
0.00816283
0.00813133
0.00804456
0.00801051
0.0081032
0.00840256
0.00882271
0.00914992
0.00927151
0.00928009
0.00935896
0.00955814
0.00972517
0.00976915
0.00983382
0.0100166
0.0102294
0.0104171
0.0106152
0.0108203
0.0109881
0.0111723
0.0114284
0.011661
0.011843
0.0120589
0.0123487
0.0126371
0.0128871
0.0130701
0.0131337
0.0131857
0.0133762
0.0136501
0.0138526
0.014049
0.0143056
0.0145631
0.0148611
0.0152311
0.0155603
0.0159195
0.0163319
0.0161864
0.0155801
0.0156093
0.0163494
0.0170666
0.0175134
0.0178348
0.0182263
0.0185286
0.0186427
0.0187755
0.0190742
0.0193871
0.0197562
0.020172
0.0205501
0.0208651
0.0211263
0.021456
0.0217606
0.0220541
0.0224317
0.0229453
0.0233991
0.0238033
0.0241902
0.024606
0.0250744
0.0255321
0.026046
0.026512
0.0269434
0.027438
0.0279062
0.0284616
0.0289755
0.0294764
0.0300079
0.0304553
0.0309349
0.0313748
0.0317693
0.0321128
0.0213959
0.0195694
0.0145633
0.00939748
0.0064509
0.00594376
0.00660487
0.00727834
0.00760012
0.00763669
0.00760999
0.00767248
0.00783876
0.00805104
0.0081754
0.00814676
0.00805832
0.00801892
0.00811234
0.00841641
0.00883642
0.00915945
0.00927886
0.00928913
0.00936864
0.00956446
0.00972922
0.00977522
0.00984181
0.010023
0.0102336
0.0104211
0.01062
0.0108255
0.010993
0.0111759
0.0114304
0.0116624
0.011844
0.0120592
0.0123486
0.0126362
0.012886
0.0130706
0.0131354
0.0131869
0.0133774
0.0136523
0.0138546
0.0140499
0.0143065
0.0145642
0.0148615
0.0152304
0.0155592
0.0159186
0.0163332
0.0161891
0.0155808
0.0156094
0.0163503
0.0170672
0.0175136
0.017835
0.0182266
0.0185291
0.0186433
0.0187759
0.0190747
0.0193875
0.0197566
0.0201726
0.0205507
0.0208657
0.0211268
0.0214565
0.021761
0.0220544
0.022432
0.0229457
0.0233995
0.0238035
0.0241904
0.0246062
0.0250746
0.0255323
0.0260462
0.0265122
0.0269435
0.0274382
0.0279064
0.0284617
0.0289757
0.0294766
0.0300082
0.0304555
0.0309352
0.0313756
0.0317703
0.0321131
0.0207473
0.0192276
0.0146811
0.0097363
0.00675309
0.00609391
0.00665582
0.00730601
0.00763788
0.00768036
0.00764803
0.00770193
0.00786046
0.00806616
0.00818885
0.00816302
0.00807262
0.00802686
0.00811998
0.00842828
0.00884845
0.00916825
0.00928628
0.00929839
0.00937849
0.00957085
0.00973318
0.00978127
0.00985004
0.0100297
0.0102378
0.010425
0.0106247
0.0108309
0.0109986
0.0111801
0.0114329
0.0116643
0.0118457
0.0120597
0.0123483
0.012635
0.0128842
0.0130702
0.0131365
0.013188
0.0133789
0.0136548
0.0138571
0.0140513
0.0143079
0.0145659
0.014862
0.0152295
0.0155574
0.0159162
0.0163332
0.0161912
0.0155817
0.0156104
0.0163522
0.0170684
0.0175139
0.0178349
0.0182265
0.0185294
0.0186438
0.0187765
0.0190752
0.0193881
0.019757
0.0201731
0.0205515
0.0208664
0.0211275
0.0214571
0.0217616
0.0220549
0.0224324
0.0229462
0.0234
0.0238038
0.0241906
0.0246064
0.0250748
0.0255324
0.0260465
0.0265124
0.0269437
0.0274383
0.0279065
0.0284619
0.0289759
0.0294768
0.0300085
0.0304559
0.0309356
0.0313767
0.0317717
0.0321135
0.0201361
0.0188736
0.0147713
0.010059
0.00705627
0.00625295
0.00670957
0.0073315
0.00767401
0.00772463
0.00768745
0.00773286
0.00788362
0.0080825
0.00820297
0.00817967
0.00808763
0.00803563
0.00812773
0.00843888
0.00885832
0.00917534
0.00929314
0.00930766
0.00938848
0.00957729
0.00973708
0.00978732
0.00985841
0.0100365
0.010242
0.0104287
0.0106291
0.0108362
0.0110044
0.0111849
0.0114356
0.0116664
0.0118477
0.0120605
0.0123479
0.0126334
0.0128817
0.0130689
0.013137
0.0131887
0.0133806
0.0136576
0.0138597
0.014053
0.01431
0.0145682
0.0148629
0.0152286
0.0155551
0.0159122
0.0163311
0.0161919
0.015582
0.015612
0.0163552
0.0170704
0.0175145
0.0178346
0.0182259
0.0185291
0.0186442
0.0187769
0.0190758
0.0193887
0.0197575
0.0201737
0.0205522
0.0208671
0.0211282
0.0214578
0.0217623
0.0220555
0.0224331
0.0229469
0.0234006
0.0238043
0.024191
0.0246067
0.0250751
0.0255326
0.0260467
0.0265127
0.0269438
0.0274385
0.0279067
0.028462
0.0289761
0.029477
0.0300089
0.0304563
0.0309361
0.031378
0.0317734
0.0321141
0.0195618
0.0185105
0.0148324
0.010364
0.00735962
0.00642174
0.00676727
0.00735498
0.00770812
0.0077695
0.00772856
0.00776552
0.00790831
0.00809993
0.00821744
0.00819633
0.00810383
0.00804731
0.00813831
0.00845
0.00886648
0.00918034
0.0092991
0.009317
0.00939872
0.00958385
0.0097409
0.00979338
0.00986698
0.0100435
0.0102462
0.0104324
0.0106334
0.0108412
0.0110102
0.0111899
0.0114385
0.0116687
0.0118499
0.0120614
0.0123474
0.0126315
0.0128787
0.0130668
0.0131366
0.0131889
0.0133823
0.0136608
0.0138622
0.0140545
0.0143125
0.0145711
0.0148641
0.0152279
0.0155524
0.0159064
0.0163264
0.0161904
0.0155807
0.0156133
0.0163591
0.0170736
0.0175157
0.0178343
0.0182246
0.0185281
0.0186441
0.0187772
0.0190763
0.0193893
0.019758
0.0201742
0.0205528
0.0208678
0.0211289
0.0214585
0.021763
0.0220563
0.0224339
0.0229478
0.0234014
0.0238049
0.0241915
0.0246072
0.0250754
0.0255328
0.0260471
0.026513
0.026944
0.0274387
0.0279069
0.0284622
0.0289764
0.0294772
0.0300093
0.0304568
0.0309366
0.0313797
0.0317755
0.0321148
0.0190224
0.0181421
0.0148644
0.0106495
0.0076613
0.00660069
0.00683079
0.00737744
0.00774009
0.00781484
0.0077715
0.00779998
0.00793439
0.00811823
0.0082321
0.00821292
0.00812187
0.00806405
0.0081546
0.00846385
0.00887401
0.00918343
0.00930408
0.00932651
0.00940944
0.00959066
0.00974468
0.0097995
0.00987588
0.0100509
0.0102507
0.0104362
0.0106376
0.0108461
0.011016
0.0111953
0.0114416
0.011671
0.0118523
0.0120626
0.0123467
0.0126294
0.0128753
0.0130643
0.0131357
0.0131885
0.0133838
0.0136644
0.0138647
0.0140557
0.0143149
0.0145745
0.0148655
0.0152274
0.0155492
0.0158988
0.0163188
0.0161863
0.0155769
0.015613
0.0163632
0.0170778
0.0175178
0.0178342
0.0182229
0.0185263
0.0186433
0.0187771
0.0190768
0.01939
0.0197587
0.0201749
0.0205534
0.0208683
0.0211295
0.0214592
0.0217637
0.0220572
0.022435
0.0229489
0.0234023
0.0238057
0.0241923
0.0246078
0.0250757
0.025533
0.0260474
0.0265134
0.0269443
0.0274389
0.0279071
0.0284623
0.0289766
0.0294775
0.0300097
0.0304573
0.0309372
0.0313816
0.031778
0.0321157
0.0185153
0.0177723
0.0148679
0.0109127
0.00795889
0.00679062
0.00690266
0.00740013
0.00776937
0.00785985
0.00781622
0.00783644
0.00796196
0.00813743
0.00824709
0.00822963
0.00814214
0.00808705
0.00817838
0.00848198
0.00888192
0.00918502
0.00930804
0.00933625
0.00942081
0.00959792
0.00974854
0.00980581
0.00988535
0.0100589
0.0102557
0.0104403
0.0106421
0.0108511
0.0110219
0.011201
0.0114449
0.0116732
0.0118547
0.0120642
0.012346
0.012627
0.0128716
0.0130613
0.0131342
0.0131877
0.0133849
0.0136682
0.0138669
0.0140563
0.014317
0.0145783
0.0148672
0.0152269
0.0155452
0.0158892
0.0163077
0.0161792
0.0155704
0.0156103
0.0163664
0.0170825
0.0175206
0.0178344
0.0182206
0.0185236
0.0186419
0.0187765
0.019077
0.0193906
0.0197594
0.0201757
0.0205541
0.0208687
0.02113
0.0214597
0.0217643
0.022058
0.0224362
0.0229502
0.0234033
0.0238066
0.0241933
0.0246088
0.0250763
0.0255331
0.0260477
0.0265138
0.0269447
0.0274393
0.0279073
0.0284624
0.0289768
0.0294777
0.0300102
0.030458
0.0309378
0.0313838
0.0317809
0.0321167
0.0180375
0.0174044
0.0148435
0.0111514
0.00825097
0.00699234
0.00698473
0.00742386
0.00779527
0.00790371
0.00786279
0.00787528
0.00799127
0.00815767
0.00826271
0.00824683
0.00816469
0.00811619
0.00820968
0.00850468
0.00889071
0.00918545
0.0093109
0.00934606
0.00943287
0.00960576
0.00975269
0.00981251
0.00989568
0.010068
0.0102617
0.0104451
0.0106469
0.0108562
0.011028
0.0112071
0.0114483
0.0116752
0.0118572
0.0120664
0.0123454
0.0126244
0.0128675
0.013058
0.0131324
0.0131867
0.0133856
0.0136724
0.0138691
0.0140563
0.0143184
0.0145824
0.0148691
0.0152264
0.0155407
0.0158774
0.0162925
0.0161685
0.0155615
0.0156048
0.0163679
0.017087
0.0175239
0.0178348
0.0182181
0.0185201
0.0186397
0.0187755
0.019077
0.0193912
0.0197601
0.0201767
0.0205549
0.0208691
0.0211304
0.0214601
0.0217647
0.0220587
0.0224375
0.0229517
0.0234045
0.0238075
0.0241944
0.0246102
0.025077
0.0255333
0.0260479
0.0265142
0.0269452
0.0274399
0.0279077
0.0284624
0.028977
0.0294779
0.0300106
0.0304587
0.0309386
0.0313863
0.0317841
0.0321178
0.0175856
0.0170405
0.0147926
0.0113653
0.00853628
0.00720456
0.00707786
0.00745001
0.00781807
0.00794585
0.00791092
0.00791659
0.00802252
0.0081791
0.00827918
0.00826474
0.00818909
0.00815019
0.00824701
0.00853115
0.00890036
0.00918498
0.00931261
0.00935571
0.00944552
0.00961422
0.00975725
0.00981975
0.00990705
0.0100785
0.0102689
0.0104508
0.0106522
0.0108616
0.0110343
0.0112135
0.0114518
0.011677
0.0118597
0.0120693
0.0123452
0.0126217
0.0128632
0.0130545
0.0131303
0.0131856
0.0133858
0.0136767
0.0138713
0.0140559
0.014319
0.0145864
0.0148711
0.0152259
0.0155357
0.0158636
0.0162733
0.0161535
0.0155508
0.015597
0.0163673
0.0170908
0.0175276
0.0178356
0.0182153
0.0185159
0.0186369
0.0187742
0.0190769
0.0193917
0.0197608
0.0201776
0.0205558
0.0208694
0.0211308
0.0214604
0.0217649
0.022059
0.0224386
0.0229533
0.0234057
0.0238084
0.0241956
0.0246118
0.0250781
0.0255335
0.0260479
0.0265145
0.0269458
0.0274406
0.0279082
0.0284625
0.0289771
0.029478
0.0300111
0.0304595
0.0309394
0.0313889
0.0317876
0.0321191
0.0171567
0.0166829
0.0147185
0.0115543
0.00881231
0.00742458
0.00718315
0.00748105
0.00783867
0.00798553
0.0079598
0.00796022
0.00805595
0.00820202
0.00829672
0.00828346
0.00821475
0.00818724
0.0082882
0.00856011
0.00891068
0.00918395
0.00931332
0.00936508
0.00945864
0.00962328
0.00976231
0.0098276
0.00991947
0.0100903
0.0102773
0.0104575
0.0106581
0.0108672
0.0110408
0.0112201
0.0114555
0.0116786
0.0118623
0.0120729
0.0123456
0.012619
0.0128587
0.0130507
0.0131282
0.0131844
0.0133858
0.0136811
0.0138737
0.0140552
0.0143192
0.0145904
0.0148734
0.0152253
0.0155305
0.0158481
0.0162505
0.0161345
0.0155394
0.0155883
0.0163649
0.0170937
0.0175315
0.0178368
0.0182124
0.0185111
0.0186337
0.0187728
0.0190768
0.0193922
0.0197614
0.0201783
0.0205566
0.0208697
0.0211311
0.0214607
0.021765
0.0220592
0.0224395
0.0229549
0.023407
0.0238091
0.0241966
0.0246135
0.0250794
0.0255339
0.0260478
0.0265147
0.0269463
0.0274414
0.0279089
0.0284626
0.0289772
0.0294781
0.0300115
0.0304603
0.0309404
0.0313918
0.0317914
0.0321204
0.0167483
0.0163342
0.014624
0.0117181
0.00907629
0.00764992
0.00730227
0.00751937
0.00785783
0.00802197
0.00800848
0.00800601
0.00809198
0.0082269
0.00831556
0.00830305
0.00824114
0.0082257
0.0083312
0.00859044
0.00892166
0.00918286
0.00931345
0.00937424
0.00947212
0.00963282
0.00976779
0.00983602
0.00993274
0.0101031
0.0102868
0.0104648
0.0106644
0.010873
0.0110475
0.011227
0.0114594
0.0116801
0.0118653
0.0120773
0.0123466
0.0126164
0.0128541
0.0130468
0.0131261
0.0131834
0.0133858
0.0136853
0.0138764
0.0140546
0.0143192
0.0145942
0.0148759
0.0152245
0.0155255
0.0158317
0.0162255
0.0161123
0.0155284
0.0155807
0.0163614
0.0170954
0.0175355
0.0178382
0.0182094
0.018506
0.0186303
0.0187719
0.0190771
0.019393
0.019762
0.0201787
0.0205569
0.0208697
0.0211315
0.0214612
0.0217653
0.0220594
0.0224402
0.0229563
0.0234083
0.0238098
0.0241975
0.0246151
0.0250808
0.0255343
0.0260476
0.0265146
0.0269467
0.0274423
0.0279098
0.0284628
0.0289774
0.0294782
0.0300118
0.0304612
0.0309414
0.0313949
0.0317954
0.0321219
0.016359
0.0159963
0.0145116
0.0118564
0.00932615
0.00787808
0.00743593
0.00756688
0.00787661
0.00805474
0.00805619
0.00805366
0.00813087
0.00825424
0.008336
0.00832357
0.00826798
0.00826441
0.00837452
0.0086215
0.0089335
0.0091823
0.00931361
0.00938345
0.00948596
0.00964275
0.0097736
0.00984492
0.00994663
0.0101166
0.0102967
0.0104726
0.0106711
0.010879
0.0110543
0.0112341
0.0114636
0.0116818
0.0118686
0.0120823
0.0123484
0.012614
0.0128494
0.0130427
0.0131244
0.0131829
0.0133862
0.0136893
0.0138798
0.0140545
0.0143194
0.0145978
0.0148786
0.0152235
0.0155209
0.0158153
0.0161998
0.0160891
0.0155221
0.0155765
0.0163579
0.0170959
0.0175391
0.0178396
0.0182063
0.0185008
0.0186271
0.0187717
0.019078
0.0193942
0.0197628
0.0201786
0.0205566
0.0208695
0.021132
0.0214618
0.0217658
0.0220599
0.0224409
0.0229573
0.0234094
0.0238104
0.0241983
0.0246166
0.0250823
0.0255349
0.0260473
0.0265144
0.0269471
0.0274433
0.0279107
0.0284631
0.0289775
0.0294782
0.0300121
0.0304621
0.0309425
0.0313982
0.0317996
0.0321234
0.0159874
0.0156704
0.014384
0.0119696
0.00956012
0.00810603
0.00758331
0.00762536
0.00789688
0.00808411
0.00810207
0.00810247
0.00817265
0.00828456
0.00835843
0.00834517
0.00829521
0.00830279
0.00841738
0.00865309
0.00894657
0.00918287
0.00931441
0.00939305
0.00950027
0.00965308
0.00977973
0.00985423
0.00996098
0.0101305
0.010307
0.0104807
0.0106781
0.0108854
0.0110614
0.0112412
0.0114682
0.0116838
0.0118723
0.0120877
0.0123507
0.0126118
0.0128446
0.0130385
0.0131232
0.0131832
0.0133873
0.0136928
0.0138837
0.0140555
0.0143203
0.0146012
0.0148814
0.0152222
0.0155167
0.0157999
0.0161748
0.0160674
0.0155216
0.0155782
0.0163555
0.0170952
0.0175421
0.0178407
0.018203
0.0184954
0.0186243
0.0187727
0.0190796
0.0193959
0.0197639
0.0201782
0.0205555
0.0208689
0.0211326
0.0214626
0.0217667
0.022061
0.0224419
0.0229581
0.0234102
0.023811
0.0241991
0.0246179
0.0250837
0.0255354
0.026047
0.026514
0.0269474
0.0274442
0.0279118
0.0284634
0.0289776
0.0294782
0.0300124
0.030463
0.0309437
0.0314015
0.0318041
0.0321251
0.015632
0.015358
0.014244
0.0120583
0.00977649
0.00833071
0.00774266
0.0076963
0.00792101
0.00811074
0.00814515
0.00815137
0.00821708
0.00831833
0.00838338
0.00836809
0.00832294
0.00834071
0.00845958
0.00868524
0.00896113
0.00918491
0.00931624
0.00940333
0.00951514
0.00966384
0.00978624
0.00986399
0.00997577
0.0101447
0.0103174
0.0104891
0.0106855
0.0108922
0.0110687
0.0112485
0.011473
0.0116862
0.0118766
0.0120935
0.0123534
0.0126096
0.0128399
0.0130343
0.0131229
0.0131849
0.0133895
0.0136957
0.0138879
0.0140578
0.0143221
0.0146044
0.0148842
0.0152206
0.0155127
0.0157861
0.0161514
0.0160492
0.0155285
0.0155875
0.0163553
0.0170934
0.017544
0.0178413
0.0181991
0.0184899
0.0186221
0.0187751
0.0190822
0.0193982
0.0197654
0.0201776
0.0205538
0.0208679
0.0211332
0.0214635
0.0217679
0.0220631
0.0224436
0.0229587
0.0234105
0.0238115
0.0242002
0.0246191
0.0250851
0.0255361
0.0260467
0.0265135
0.0269478
0.0274452
0.027913
0.0284639
0.0289777
0.0294783
0.0300126
0.030464
0.0309451
0.031405
0.0318087
0.032127
0.015291
0.0150606
0.0140945
0.0121224
0.00997411
0.00854944
0.00791137
0.00778105
0.00795137
0.00813558
0.00818462
0.00819912
0.00826363
0.00835582
0.00841139
0.00839264
0.00835128
0.00837829
0.00850123
0.008718
0.00897725
0.00918853
0.00931927
0.00941444
0.00953064
0.00967506
0.00979317
0.00987427
0.00999108
0.0101592
0.0103281
0.0104978
0.0106933
0.0108992
0.0110762
0.011256
0.0114781
0.0116891
0.0118814
0.0120996
0.0123565
0.0126075
0.0128352
0.0130302
0.0131236
0.0131887
0.0133934
0.0136982
0.0138921
0.0140616
0.0143251
0.0146076
0.0148868
0.0152189
0.0155092
0.015775
0.01613
0.0160356
0.0155436
0.0156055
0.0163581
0.0170906
0.0175443
0.017841
0.0181947
0.018484
0.0186207
0.018779
0.0190857
0.0194011
0.0197674
0.0201771
0.0205515
0.0208666
0.021134
0.0214646
0.0217694
0.0220662
0.0224461
0.0229592
0.0234104
0.023812
0.0242014
0.0246204
0.0250865
0.0255368
0.0260465
0.026513
0.0269481
0.0274461
0.0279142
0.0284644
0.0289778
0.0294783
0.0300129
0.030465
0.0309465
0.0314085
0.0318135
0.032129
0.0149615
0.0147794
0.0139395
0.012162
0.0101524
0.00876026
0.00808577
0.00787996
0.00799017
0.00816007
0.00822003
0.00824445
0.00831143
0.00839705
0.0084429
0.00841915
0.0083804
0.0084157
0.00854249
0.00875139
0.00899485
0.00919364
0.00932346
0.00942639
0.00954685
0.00968681
0.00980056
0.00988513
0.010007
0.0101741
0.010339
0.0105068
0.0107016
0.0109066
0.011084
0.0112636
0.0114833
0.0116926
0.0118866
0.012106
0.0123602
0.0126055
0.0128305
0.0130263
0.0131254
0.0131948
0.0133989
0.0137002
0.0138962
0.0140668
0.0143292
0.0146106
0.0148891
0.0152173
0.015506
0.0157854
0.0161104
0.0160265
0.0155665
0.0156322
0.0163646
0.0170872
0.0175429
0.0178397
0.0181896
0.0184777
0.0186198
0.018784
0.0190901
0.0194045
0.0197699
0.0201766
0.0205489
0.0208652
0.0211348
0.0214657
0.0217713
0.0220704
0.0224496
0.0229598
0.0234098
0.0238125
0.0242029
0.0246217
0.025088
0.0255377
0.0260463
0.0265125
0.0269486
0.027447
0.0279155
0.028465
0.028978
0.0294784
0.0300132
0.0304662
0.0309481
0.0314121
0.0318184
0.0321311
0.0146391
0.0145148
0.0137836
0.0121774
0.0103108
0.00896185
0.00826187
0.00799205
0.00803942
0.00818614
0.00825165
0.00828626
0.00835929
0.00844182
0.00847826
0.00844791
0.00841044
0.00845312
0.00858357
0.0087854
0.00901378
0.00920007
0.00932865
0.00943911
0.00956379
0.00969914
0.00980846
0.00989658
0.0100235
0.0101894
0.0103502
0.0105163
0.0107103
0.0109143
0.0110919
0.0112715
0.0114889
0.0116964
0.0118921
0.0121125
0.0123636
0.0126037
0.012826
0.0130226
0.013128
0.013203
0.013406
0.0137019
0.0139
0.0140733
0.0143342
0.0146135
0.0148912
0.0152157
0.015503
0.0157769
0.0160922
0.0160215
0.0155963
0.0156668
0.0163749
0.0170834
0.0175397
0.0178372
0.0181838
0.018471
0.0186193
0.0187897
0.019095
0.0194082
0.0197726
0.0201763
0.0205462
0.0208639
0.0211357
0.021467
0.0217734
0.0220754
0.0224539
0.0229606
0.023409
0.0238129
0.0242045
0.0246232
0.0250896
0.0255387
0.0260463
0.0265121
0.0269491
0.027448
0.0279169
0.0284657
0.0289782
0.0294785
0.0300136
0.0304676
0.0309498
0.0314158
0.0318234
0.0321334
0.0143183
0.0142639
0.0136328
0.01217
0.0104475
0.0091534
0.00843649
0.00811519
0.0081007
0.00821609
0.00828024
0.00832369
0.00840592
0.00848969
0.00851772
0.00847911
0.00844156
0.00849069
0.00862457
0.00882005
0.00903395
0.00920759
0.00933466
0.00945254
0.00958146
0.00971205
0.00981687
0.00990868
0.0100407
0.0102053
0.0103619
0.0105261
0.0107195
0.0109224
0.0111
0.0112795
0.0114947
0.0117006
0.0118979
0.0121193
0.012367
0.0126019
0.0128215
0.0130192
0.0131313
0.0132129
0.0134144
0.0137037
0.0139036
0.0140806
0.0143397
0.0146163
0.014893
0.0152142
0.0155
0.0157682
0.0160752
0.0160193
0.0156312
0.0157079
0.0163889
0.0170798
0.0175348
0.0178337
0.0181776
0.0184639
0.0186191
0.018796
0.0191003
0.0194123
0.0197757
0.020176
0.0205434
0.0208625
0.0211368
0.0214684
0.0217758
0.022081
0.0224589
0.0229617
0.0234082
0.0238134
0.0242062
0.0246248
0.0250913
0.0255398
0.0260464
0.0265118
0.0269499
0.0274491
0.0279184
0.0284664
0.0289785
0.0294786
0.0300141
0.0304691
0.0309517
0.0314196
0.0318285
0.0321359
0.0139955
0.0140204
0.0134933
0.012144
0.0105599
0.00933478
0.00860771
0.0082459
0.00817501
0.00825258
0.00830708
0.0083562
0.00845003
0.00853994
0.00856134
0.00851298
0.00847398
0.00852861
0.00866547
0.00885527
0.00905536
0.00921614
0.00934137
0.00946668
0.00959992
0.00972556
0.00982574
0.00992135
0.0100585
0.0102217
0.0103739
0.0105362
0.0107291
0.0109309
0.0111085
0.0112879
0.0115007
0.0117051
0.0119038
0.012126
0.0123705
0.0126003
0.0128172
0.0130161
0.0131351
0.0132238
0.0134234
0.0137057
0.0139072
0.0140883
0.0143454
0.0146191
0.0148946
0.0152127
0.0154969
0.0157606
0.0160593
0.016019
0.0156693
0.0157535
0.0164059
0.0170764
0.0175286
0.0178293
0.018171
0.0184567
0.0186191
0.0188023
0.0191058
0.0194166
0.0197789
0.0201759
0.0205408
0.0208612
0.021138
0.0214698
0.0217783
0.0220871
0.0224643
0.0229629
0.0234073
0.023814
0.0242081
0.0246266
0.0250931
0.0255411
0.0260466
0.0265116
0.0269508
0.0274503
0.0279199
0.0284671
0.0289788
0.0294788
0.0300147
0.0304708
0.0309539
0.0314236
0.0318338
0.0321385
0.0136715
0.0137751
0.013369
0.0121064
0.0106443
0.00950571
0.00877591
0.00837933
0.00826206
0.00829848
0.00833382
0.00838381
0.00849067
0.0085915
0.00860901
0.00854975
0.00850783
0.00856705
0.00870638
0.00889099
0.0090779
0.00922566
0.00934876
0.00948158
0.00961925
0.00973974
0.00983506
0.00993453
0.0100769
0.0102387
0.0103864
0.0105468
0.0107393
0.0109398
0.0111172
0.0112965
0.011507
0.01171
0.0119099
0.0121328
0.0123741
0.0125989
0.0128131
0.0130132
0.0131392
0.0132352
0.0134328
0.0137079
0.0139108
0.0140963
0.0143512
0.0146217
0.0148961
0.0152111
0.0154936
0.0157721
0.0160442
0.0160198
0.0157091
0.0158014
0.0164249
0.0170735
0.0175214
0.0178243
0.0181642
0.0184494
0.0186192
0.0188086
0.0191114
0.019421
0.0197822
0.0201757
0.0205382
0.0208599
0.0211392
0.0214714
0.0217809
0.0220934
0.02247
0.0229642
0.0234066
0.0238147
0.0242101
0.0246285
0.025095
0.0255425
0.0260468
0.0265116
0.0269518
0.0274516
0.0279214
0.0284678
0.0289791
0.0294789
0.0300154
0.0304726
0.0309562
0.0314276
0.0318392
0.0321414
0.0133533
0.0135167
0.0132582
0.0120681
0.0106982
0.00966315
0.00894296
0.00851116
0.00835959
0.00835643
0.00836248
0.00840674
0.00852717
0.00864337
0.00866034
0.00858958
0.00854312
0.0086061
0.00874748
0.00892728
0.00910161
0.00923611
0.00935676
0.00949724
0.00963952
0.00975465
0.00984484
0.00994824
0.0100959
0.0102562
0.0103992
0.0105578
0.01075
0.0109492
0.0111263
0.0113054
0.0115136
0.0117151
0.0119161
0.0121396
0.0123777
0.0125976
0.0128092
0.0130107
0.0131434
0.0132466
0.0134421
0.0137103
0.0139146
0.0141043
0.0143569
0.0146243
0.0148975
0.0152095
0.01549
0.0157642
0.0160297
0.0160209
0.0157491
0.0158502
0.0164451
0.0170709
0.0175138
0.0178188
0.0181573
0.0184421
0.0186193
0.0188148
0.0191169
0.0194255
0.0197856
0.0201756
0.0205358
0.0208586
0.0211405
0.0214731
0.0217837
0.0220998
0.0224758
0.0229656
0.023406
0.0238154
0.0242121
0.0246305
0.0250968
0.0255439
0.0260471
0.0265118
0.026953
0.0274531
0.0279229
0.0284685
0.0289795
0.0294791
0.0300161
0.0304746
0.0309587
0.0314317
0.0318448
0.0321445
0.0130515
0.0132374
0.0131528
0.0120421
0.0107238
0.00979907
0.0091109
0.00864027
0.00846303
0.00842822
0.00839615
0.0084254
0.00855896
0.0086946
0.00871458
0.00863255
0.00857989
0.0086458
0.0087891
0.0089643
0.0091264
0.00924754
0.00936548
0.0095136
0.00966072
0.00977038
0.00985511
0.00996242
0.0101156
0.0102743
0.0104125
0.0105691
0.0107612
0.0109591
0.0111357
0.0113146
0.0115205
0.0117204
0.0119224
0.0121465
0.0123814
0.0125965
0.0128055
0.0130084
0.0131479
0.0132579
0.0134512
0.013713
0.0139188
0.0141124
0.0143625
0.0146269
0.0148989
0.0152079
0.0154862
0.0157559
0.0160156
0.016022
0.0157885
0.0158985
0.0164658
0.0170689
0.0175061
0.0178132
0.0181503
0.0184348
0.0186194
0.0188209
0.0191225
0.0194301
0.0197891
0.0201755
0.0205334
0.0208574
0.021142
0.0214749
0.0217866
0.0221064
0.0224818
0.0229672
0.0234056
0.0238162
0.0242143
0.0246327
0.0250988
0.0255454
0.0260474
0.026512
0.0269544
0.0274546
0.0279245
0.0284692
0.0289799
0.0294794
0.0300169
0.0304767
0.0309615
0.031436
0.0318506
0.0321478
0.0127789
0.012938
0.0130397
0.0120388
0.0107294
0.00990387
0.00928002
0.00877
0.00856562
0.00851307
0.00843924
0.0084409
0.00858579
0.00874476
0.00877064
0.00867837
0.00861821
0.00868605
0.00883154
0.00900242
0.00915229
0.00925989
0.00937502
0.00953076
0.00968277
0.00978688
0.00986592
0.00997711
0.0101358
0.0102929
0.0104262
0.010581
0.010773
0.0109695
0.0111454
0.0113242
0.0115278
0.0117261
0.0119289
0.0121533
0.0123851
0.0125955
0.0128019
0.0130064
0.0131524
0.013269
0.0134601
0.013716
0.0139233
0.0141204
0.0143679
0.0146294
0.0149002
0.0152064
0.0154821
0.0157475
0.0160018
0.0160231
0.0158267
0.0159458
0.0164866
0.0170672
0.0174985
0.0178075
0.0181433
0.0184277
0.0186195
0.0188269
0.019128
0.0194347
0.0197926
0.0201755
0.0205312
0.0208563
0.0211435
0.0214768
0.0217896
0.0221131
0.0224879
0.0229688
0.0234053
0.023817
0.0242166
0.0246349
0.0251007
0.0255469
0.0260477
0.0265124
0.0269558
0.0274562
0.027926
0.0284699
0.0289803
0.0294797
0.0300177
0.0304789
0.0309644
0.0314404
0.0318566
0.0321513
0.0125461
0.0126293
0.0129024
0.0120584
0.0107301
0.00997019
0.0094443
0.00890567
0.00866219
0.00860726
0.00849612
0.00845551
0.00860688
0.00879369
0.00882808
0.00872643
0.00865798
0.00872663
0.00887488
0.00904202
0.00917938
0.0092731
0.00938539
0.00954882
0.00970575
0.00980422
0.00987723
0.00999223
0.0101566
0.0103121
0.0104403
0.0105934
0.0107854
0.0109805
0.0111556
0.0113341
0.0115353
0.011732
0.0119355
0.0121602
0.0123889
0.0125947
0.0127985
0.0130048
0.0131571
0.0132796
0.0134686
0.0137192
0.0139281
0.0141284
0.0143732
0.014632
0.0149016
0.0152048
0.0154778
0.0157389
0.0159885
0.0160242
0.0158636
0.0159915
0.0165072
0.0170661
0.0174913
0.0178018
0.0181364
0.0184206
0.0186197
0.0188327
0.0191335
0.0194394
0.0197962
0.0201755
0.020529
0.0208552
0.0211451
0.0214788
0.0217927
0.0221198
0.0224941
0.0229705
0.0234051
0.023818
0.0242189
0.0246373
0.0251027
0.0255484
0.0260481
0.0265127
0.0269573
0.0274579
0.0279276
0.0284706
0.0289807
0.0294801
0.0300186
0.0304813
0.0309675
0.0314448
0.0318627
0.0321551
0.0123565
0.012327
0.0127274
0.0120906
0.0107459
0.00999841
0.009591
0.00905242
0.00875437
0.00870401
0.00856912
0.00847367
0.00862111
0.0088404
0.00888699
0.00877616
0.00869904
0.00876753
0.00891916
0.00908345
0.00920776
0.00928699
0.00939662
0.00956785
0.00972964
0.00982248
0.00988924
0.0100079
0.0101781
0.0103318
0.0104549
0.0106062
0.0107984
0.0109921
0.0111663
0.0113445
0.0115433
0.0117381
0.0119421
0.0121672
0.0123929
0.012594
0.0127955
0.0130035
0.013162
0.0132899
0.0134767
0.0137226
0.0139334
0.0141363
0.0143783
0.0146346
0.0149031
0.0152032
0.0154733
0.0157303
0.0159756
0.0160253
0.015899
0.0160355
0.0165275
0.0170653
0.0174844
0.0177963
0.0181295
0.0184136
0.0186198
0.0188384
0.0191389
0.019444
0.0197998
0.0201755
0.020527
0.0208542
0.0211467
0.0214809
0.021796
0.0221266
0.0225003
0.0229724
0.0234051
0.0238189
0.0242213
0.0246397
0.0251047
0.0255499
0.0260486
0.0265132
0.0269589
0.0274596
0.0279293
0.0284714
0.0289812
0.0294806
0.0300196
0.0304838
0.0309708
0.0314495
0.0318691
0.0321592
0.0122044
0.0120503
0.0125122
0.0121187
0.0107916
0.00999866
0.0097054
0.00920994
0.00884958
0.00879499
0.00865596
0.00850179
0.00862896
0.00888294
0.00894773
0.00882703
0.00874059
0.00880874
0.00896444
0.00912712
0.00923791
0.00930163
0.00940853
0.00958781
0.00975442
0.00984147
0.00990183
0.0100242
0.0102003
0.0103522
0.0104698
0.0106194
0.010812
0.0110043
0.0111774
0.0113552
0.0115517
0.0117446
0.011949
0.0121742
0.012397
0.0125936
0.0127926
0.0130025
0.0131671
0.0132999
0.0134845
0.0137263
0.0139391
0.0141441
0.0143832
0.0146372
0.0149048
0.0152017
0.0154687
0.0157217
0.0159633
0.0160265
0.0159329
0.0160778
0.0165475
0.0170651
0.017478
0.0177908
0.0181226
0.0184068
0.0186199
0.018844
0.0191442
0.0194487
0.0198034
0.0201756
0.0205251
0.0208533
0.0211485
0.0214831
0.0217993
0.0221334
0.0225065
0.0229744
0.0234051
0.02382
0.0242237
0.0246422
0.0251068
0.0255515
0.0260491
0.0265137
0.0269605
0.0274614
0.027931
0.0284722
0.0289817
0.0294811
0.0300207
0.0304864
0.0309743
0.0314542
0.0318757
0.0321636
0.012079
0.0118168
0.0122672
0.0121209
0.0108674
0.00998908
0.00977747
0.0093678
0.0089554
0.00887705
0.00875081
0.00854566
0.00863375
0.00891851
0.00901049
0.00887967
0.00878139
0.0088498
0.00901071
0.00917301
0.00927021
0.00931727
0.00942115
0.00960878
0.00978025
0.00986127
0.00991485
0.0100409
0.0102233
0.0103733
0.0104852
0.0106331
0.0108262
0.0110171
0.0111889
0.0113663
0.0115604
0.0117512
0.011956
0.0121815
0.0124015
0.0125935
0.01279
0.0130018
0.0131724
0.0133095
0.0134919
0.0137302
0.0139451
0.0141519
0.0143879
0.0146399
0.0149065
0.0152002
0.0154639
0.0157132
0.0159515
0.0160279
0.0159653
0.0161183
0.0165672
0.0170653
0.017472
0.0177855
0.0181159
0.0184001
0.01862
0.0188495
0.0191494
0.0194534
0.0198071
0.0201758
0.0205233
0.0208525
0.0211503
0.0214854
0.0218028
0.0221403
0.0225128
0.0229765
0.0234053
0.0238211
0.0242262
0.0246448
0.0251089
0.0255532
0.0260497
0.0265143
0.0269621
0.0274632
0.0279328
0.028473
0.0289822
0.0294818
0.0300218
0.0304892
0.030978
0.031459
0.0318825
0.0321684
0.0119657
0.0116374
0.0120093
0.0120775
0.0109601
0.00999148
0.00981069
0.00951215
0.00907618
0.00895572
0.00884594
0.00860616
0.00864116
0.00894532
0.0090739
0.00893518
0.00882054
0.00889006
0.00905801
0.00922104
0.00930504
0.00933412
0.00943428
0.00963082
0.00980732
0.00988208
0.00992837
0.0100579
0.010247
0.010395
0.010501
0.0106472
0.0108411
0.0110306
0.0112009
0.0113779
0.0115697
0.0117582
0.0119632
0.0121889
0.0124061
0.0125937
0.0127877
0.0130015
0.0131779
0.0133189
0.013499
0.0137342
0.0139514
0.0141597
0.0143924
0.0146426
0.0149085
0.0151987
0.0154591
0.0157049
0.0159404
0.0160296
0.0159962
0.016157
0.0165865
0.017066
0.0174664
0.0177803
0.0181093
0.0183936
0.0186202
0.0188549
0.0191546
0.0194581
0.0198107
0.0201761
0.0205215
0.0208517
0.0211521
0.0214879
0.0218064
0.0221472
0.0225191
0.0229788
0.0234057
0.0238222
0.0242288
0.0246475
0.0251111
0.0255549
0.0260503
0.0265149
0.0269638
0.0274651
0.0279347
0.0284739
0.0289828
0.0294825
0.030023
0.0304921
0.030982
0.031464
0.0318894
0.0321734
0.0118466
0.0115126
0.0117613
0.0119813
0.0110508
0.0100176
0.00981625
0.00963063
0.0092067
0.00903807
0.00893601
0.00867899
0.0086567
0.00896456
0.00913591
0.00899482
0.00885783
0.00892841
0.00910653
0.00927083
0.00934234
0.00935273
0.00944788
0.00965371
0.0098357
0.00990396
0.00994229
0.0100752
0.0102718
0.0104178
0.0105171
0.0106616
0.0108565
0.0110448
0.0112134
0.0113898
0.0115793
0.0117656
0.0119706
0.0121967
0.0124112
0.0125942
0.0127856
0.0130015
0.0131837
0.0133281
0.0135058
0.0137385
0.0139581
0.0141676
0.0143968
0.0146453
0.0149105
0.0151973
0.0154542
0.0156969
0.0159301
0.0160314
0.0160257
0.016194
0.0166055
0.0170672
0.0174614
0.0177754
0.0181028
0.0183872
0.0186203
0.0188601
0.0191597
0.0194628
0.0198144
0.0201764
0.0205199
0.0208511
0.0211541
0.0214904
0.0218101
0.0221541
0.0225254
0.0229812
0.0234062
0.0238235
0.0242314
0.0246502
0.0251134
0.0255566
0.026051
0.0265155
0.0269655
0.027467
0.0279366
0.0284748
0.0289834
0.0294834
0.0300243
0.0304951
0.0309862
0.0314691
0.0318966
0.0321788
0.0117046
0.0114331
0.0115463
0.0118371
0.011116
0.0100635
0.00981212
0.00972239
0.00933683
0.00912929
0.00902486
0.00875811
0.00868123
0.00897927
0.00919425
0.00905898
0.00889436
0.00896367
0.00915634
0.0093225
0.00938171
0.00937355
0.00946197
0.0096772
0.00986561
0.00992707
0.00995658
0.0100926
0.0102972
0.0104417
0.0105339
0.0106765
0.0108725
0.0110596
0.0112264
0.011402
0.0115894
0.0117732
0.0119782
0.0122046
0.0124167
0.0125953
0.0127839
0.0130018
0.0131896
0.0133371
0.0135123
0.0137427
0.0139651
0.0141755
0.0144012
0.014648
0.0149127
0.0151961
0.0154492
0.0156891
0.0159206
0.0160336
0.0160537
0.0162293
0.016624
0.0170689
0.0174568
0.0177706
0.0180965
0.0183811
0.0186204
0.0188652
0.0191646
0.0194674
0.019818
0.0201767
0.0205185
0.0208505
0.0211561
0.0214931
0.0218139
0.0221611
0.0225317
0.0229838
0.0234068
0.0238249
0.024234
0.0246531
0.0251157
0.0255584
0.0260518
0.0265163
0.0269673
0.0274689
0.0279386
0.0284758
0.0289841
0.0294844
0.0300257
0.0304982
0.0309906
0.0314744
0.031904
0.0321846
0.0115321
0.011386
0.0113831
0.0116582
0.0111343
0.0101161
0.0098115
0.00979413
0.00945695
0.0092255
0.00911883
0.00884079
0.00871178
0.00899272
0.00924865
0.00912655
0.00893099
0.00899434
0.00920682
0.00937678
0.00942286
0.00939716
0.00947713
0.00970065
0.00989713
0.00995177
0.00997104
0.0101098
0.0103234
0.0104668
0.0105513
0.0106915
0.0108891
0.0110753
0.01124
0.0114146
0.0116
0.0117814
0.011986
0.0122127
0.0124224
0.0125966
0.0127825
0.0130026
0.013196
0.0133462
0.0135186
0.0137472
0.0139723
0.0141834
0.0144054
0.0146507
0.0149151
0.015195
0.0154443
0.0156818
0.015912
0.0160361
0.0160803
0.0162629
0.0166423
0.0170709
0.0174527
0.0177661
0.0180904
0.0183752
0.0186206
0.0188701
0.0191694
0.0194721
0.0198216
0.0201772
0.0205171
0.0208501
0.0211581
0.0214959
0.0218179
0.022168
0.022538
0.0229865
0.0234077
0.0238264
0.0242367
0.024656
0.0251182
0.0255603
0.0260527
0.0265171
0.0269691
0.0274709
0.0279407
0.0284769
0.0289848
0.0294856
0.0300272
0.0305015
0.0309953
0.0314797
0.0319116
0.0321907
0.0113278
0.0113525
0.011278
0.0114661
0.0110993
0.0101624
0.00981864
0.00985733
0.00956738
0.0093187
0.00921959
0.0089317
0.00874544
0.00900512
0.00930067
0.00919763
0.00896963
0.00901937
0.00925575
0.00943439
0.00946536
0.00942286
0.00949429
0.00972413
0.00993011
0.00997871
0.00998593
0.0101266
0.0103501
0.010493
0.0105694
0.0107069
0.010906
0.0110915
0.0112542
0.0114276
0.0116111
0.0117899
0.0119939
0.012221
0.0124288
0.0125986
0.0127815
0.0130035
0.0132025
0.0133551
0.0135248
0.0137518
0.0139799
0.0141916
0.0144097
0.0146534
0.0149176
0.0151941
0.0154395
0.0156748
0.0159043
0.016039
0.0161055
0.0162949
0.0166601
0.0170735
0.0174492
0.0177619
0.0180846
0.0183695
0.0186208
0.0188748
0.0191741
0.0194766
0.0198252
0.0201777
0.020516
0.0208499
0.0211603
0.0214988
0.0218219
0.022175
0.0225444
0.0229894
0.0234088
0.023828
0.0242395
0.024659
0.0251207
0.0255622
0.0260537
0.026518
0.0269709
0.027473
0.0279428
0.028478
0.0289856
0.0294869
0.0300288
0.0305048
0.0310002
0.0314853
0.0319193
0.0321971
0.0110939
0.0113066
0.0112252
0.0112808
0.0110141
0.0101893
0.00982849
0.00991885
0.00967573
0.00940228
0.00931949
0.00903645
0.00878407
0.00901305
0.00934951
0.00927261
0.00901297
0.0090399
0.00930054
0.00949579
0.00951062
0.00944941
0.00951342
0.00974802
0.00996383
0.0100084
0.0100018
0.0101427
0.0103773
0.0105206
0.0105884
0.0107228
0.0109235
0.0111085
0.0112689
0.011441
0.0116225
0.0117989
0.0120021
0.0122295
0.0124356
0.0126013
0.0127811
0.0130049
0.0132094
0.0133641
0.0135308
0.0137563
0.0139876
0.0141997
0.0144138
0.014656
0.0149203
0.0151934
0.0154348
0.0156683
0.0158975
0.0160421
0.0161292
0.0163251
0.0166775
0.0170764
0.0174461
0.017758
0.018079
0.0183642
0.018621
0.0188795
0.0191787
0.0194812
0.0198288
0.0201783
0.020515
0.0208498
0.0211625
0.0215019
0.0218261
0.022182
0.0225507
0.0229925
0.02341
0.0238297
0.0242423
0.0246621
0.0251233
0.0255642
0.0260548
0.0265189
0.0269728
0.0274751
0.0279451
0.0284793
0.0289864
0.0294884
0.0300305
0.0305083
0.0310055
0.0314909
0.0319272
0.032204
0.0108276
0.0112137
0.0111816
0.0111024
0.0108802
0.0101894
0.00983431
0.00997585
0.00979034
0.0094758
0.00940495
0.00915464
0.00883741
0.00901488
0.00939057
0.00935114
0.00906378
0.00905748
0.00933743
0.00955974
0.00956145
0.00947605
0.00953351
0.00977365
0.00999792
0.0100402
0.0100194
0.0101578
0.0104043
0.0105498
0.0106085
0.010739
0.0109415
0.0111261
0.0112844
0.011455
0.0116345
0.0118084
0.0120106
0.0122383
0.0124429
0.0126044
0.0127808
0.0130065
0.0132165
0.0133733
0.0135368
0.0137611
0.0139956
0.0142081
0.014418
0.0146585
0.0149231
0.0151929
0.0154303
0.0156624
0.0158917
0.0160457
0.0161515
0.0163537
0.0166945
0.0170797
0.0174435
0.0177545
0.0180737
0.018359
0.0186213
0.0188839
0.0191831
0.0194857
0.0198324
0.0201789
0.0205142
0.0208498
0.0211648
0.021505
0.0218304
0.0221891
0.0225571
0.0229958
0.0234115
0.0238316
0.0242452
0.0246652
0.0251259
0.0255662
0.026056
0.0265199
0.0269747
0.0274772
0.0279473
0.0284806
0.0289873
0.0294901
0.0300324
0.0305119
0.031011
0.0314968
0.0319353
0.0322112
0.0107165
0.0110846
0.0111255
0.0109471
0.0107236
0.0101671
0.00983257
0.0100207
0.00991779
0.00955115
0.00946005
0.00927318
0.0089155
0.00901658
0.00941745
0.00942989
0.00912613
0.00907655
0.0093632
0.009622
0.00962044
0.00950386
0.00955162
0.00980146
0.0100339
0.0100735
0.0100391
0.0101726
0.0104305
0.0105804
0.0106297
0.0107554
0.0109602
0.0111444
0.0113001
0.0114692
0.0116471
0.0118185
0.0120195
0.0122472
0.0124507
0.0126085
0.0127812
0.0130084
0.0132239
0.0133824
0.0135426
0.0137657
0.0140037
0.0142166
0.0144222
0.0146611
0.0149262
0.0151927
0.015426
0.0156569
0.0158869
0.0160495
0.0161725
0.0163806
0.016711
0.0170834
0.0174414
0.0177513
0.0180687
0.0183542
0.0186217
0.0188882
0.0191874
0.0194901
0.0198359
0.0201797
0.0205136
0.02085
0.0211672
0.0215083
0.0218348
0.0221961
0.0225635
0.0229992
0.0234132
0.0238336
0.0242481
0.0246685
0.0251287
0.0255683
0.0260574
0.026521
0.0269767
0.0274795
0.0279497
0.028482
0.0289882
0.0294919
0.0300344
0.0305156
0.0310168
0.0315028
0.0319435
0.0322188
0.0103274
0.0108483
0.0110758
0.0108714
0.0105906
0.0101258
0.00981412
0.0100404
0.0100544
0.00964169
0.00948219
0.00937372
0.00902444
0.00903097
0.0094263
0.00950097
0.0092015
0.0091034
0.00937854
0.00967705
0.00968846
0.00953702
0.0095652
0.0098292
0.0100734
0.0101078
0.0100601
0.0101879
0.0104555
0.0106118
0.0106525
0.010772
0.0109794
0.0111637
0.0113164
0.0114841
0.0116601
0.0118289
0.0120285
0.0122564
0.012459
0.0126131
0.0127819
0.0130106
0.0132318
0.0133919
0.0135485
0.0137704
0.0140119
0.0142253
0.0144263
0.0146634
0.0149293
0.0151928
0.0154219
0.0156521
0.0158831
0.0160537
0.0161922
0.016406
0.016727
0.0170874
0.0174398
0.0177486
0.0180641
0.0183497
0.0186222
0.0188923
0.0191915
0.0194945
0.0198395
0.0201805
0.0205132
0.0208504
0.0211697
0.0215117
0.0218394
0.0222031
0.0225699
0.0230028
0.0234151
0.0238357
0.0242512
0.0246717
0.0251315
0.0255705
0.0260588
0.0265222
0.0269787
0.0274818
0.0279521
0.0284835
0.0289892
0.0294939
0.0300366
0.0305194
0.0310229
0.031509
0.0319518
0.0322268
0.0102312
0.0106617
0.0110771
0.0109329
0.0105505
0.0101002
0.009793
0.0100393
0.010193
0.00976994
0.00948992
0.00943798
0.00915424
0.00907564
0.0094245
0.00955541
0.0092849
0.00914477
0.00938753
0.00971862
0.00976258
0.00958135
0.00957469
0.009853
0.0101189
0.0101458
0.0100809
0.0102044
0.0104808
0.0106434
0.0106766
0.0107889
0.010999
0.0111841
0.0113332
0.011499
0.0116739
0.0118402
0.0120381
0.0122656
0.0124678
0.0126188
0.0127832
0.013013
0.0132398
0.0134015
0.0135544
0.0137751
0.0140204
0.0142342
0.0144306
0.0146658
0.0149327
0.0151932
0.0154181
0.0156478
0.0158802
0.0160583
0.0162106
0.0164297
0.0167426
0.0170917
0.0174387
0.0177463
0.0180599
0.0183455
0.0186228
0.0188964
0.0191954
0.0194989
0.0198431
0.0201814
0.020513
0.020851
0.0211723
0.0215152
0.021844
0.0222102
0.0225763
0.0230066
0.0234172
0.023838
0.0242543
0.0246751
0.0251344
0.0255727
0.0260604
0.0265234
0.0269808
0.0274841
0.0279546
0.0284852
0.0289903
0.0294961
0.030039
0.0305232
0.0310293
0.0315154
0.0319603
0.0322351
0.00971076
0.0102496
0.0109957
0.0110275
0.0105838
0.0100935
0.00976796
0.0100027
0.010305
0.00993044
0.00950207
0.00945149
0.00928244
0.00915902
0.00942711
0.00958818
0.00936618
0.00920318
0.00939955
0.00974408
0.00983544
0.00964089
0.00958482
0.00986736
0.0101678
0.0101915
0.0101012
0.0102196
0.0105073
0.0106757
0.0107016
0.0108062
0.0110188
0.0112059
0.011351
0.0115142
0.0116879
0.0118521
0.0120481
0.0122752
0.0124772
0.0126253
0.0127851
0.0130156
0.0132483
0.0134117
0.0135603
0.0137797
0.0140289
0.0142433
0.0144349
0.0146681
0.0149364
0.0151942
0.0154148
0.0156442
0.0158784
0.0160632
0.0162279
0.016452
0.0167577
0.0170964
0.0174381
0.0177446
0.0180562
0.0183416
0.0186235
0.0189003
0.0191992
0.0195032
0.0198466
0.0201825
0.0205131
0.0208518
0.021175
0.0215189
0.0218488
0.0222172
0.0225828
0.0230106
0.0234195
0.0238405
0.0242575
0.0246785
0.0251374
0.0255751
0.0260621
0.0265248
0.026983
0.0274866
0.0279571
0.028487
0.0289915
0.0294985
0.0300416
0.0305272
0.031036
0.031522
0.0319688
0.0322439
0.00982442
0.0101099
0.0107733
0.0110375
0.0106449
0.0101009
0.00973769
0.00993133
0.0103593
0.0101057
0.00954417
0.00942471
0.00937391
0.00926979
0.00945227
0.00960668
0.00943179
0.00927162
0.00942391
0.00975759
0.00989634
0.0097137
0.00960247
0.00986886
0.0102137
0.0102482
0.0101232
0.0102298
0.0105349
0.0107102
0.0107262
0.0108234
0.0110391
0.0112287
0.0113699
0.0115295
0.011702
0.0118648
0.0120588
0.0122846
0.0124868
0.012633
0.0127876
0.013018
0.0132568
0.0134221
0.0135665
0.0137843
0.0140374
0.0142528
0.0144395
0.0146702
0.0149401
0.0151954
0.0154116
0.015641
0.0158774
0.0160685
0.0162436
0.0164728
0.0167723
0.0171013
0.017438
0.0177433
0.0180529
0.018338
0.0186244
0.0189041
0.0192029
0.0195075
0.0198502
0.0201836
0.0205134
0.0208528
0.0211778
0.0215227
0.0218536
0.0222243
0.0225892
0.0230148
0.0234221
0.0238432
0.0242609
0.024682
0.0251405
0.0255775
0.026064
0.0265262
0.0269851
0.0274891
0.0279596
0.0284889
0.0289928
0.029501
0.0300444
0.0305313
0.0310429
0.0315289
0.0319774
0.0322529
0.00943123
0.00969652
0.0105885
0.0111115
0.0108074
0.0101848
0.00975125
0.00986028
0.0103586
0.0102841
0.00965711
0.00939099
0.00941192
0.00938754
0.00951532
0.00962876
0.00947613
0.00933656
0.0094681
0.00977141
0.00993867
0.00979211
0.00963781
0.00986211
0.010249
0.0103169
0.0101543
0.0102338
0.0105608
0.0107503
0.0107521
0.0108388
0.0110594
0.0112529
0.0113904
0.0115453
0.0117156
0.0118777
0.0120707
0.0122946
0.0124967
0.0126418
0.012791
0.0130207
0.0132656
0.0134332
0.013573
0.0137886
0.0140458
0.0142624
0.0144441
0.0146722
0.0149441
0.0151974
0.0154092
0.0156386
0.0158773
0.0160741
0.0162586
0.0164922
0.0167865
0.0171065
0.0174383
0.0177425
0.0180501
0.0183348
0.0186254
0.0189079
0.0192064
0.0195117
0.0198539
0.0201849
0.020514
0.0208541
0.0211808
0.0215267
0.0218586
0.0222313
0.0225957
0.0230191
0.0234249
0.023846
0.0242643
0.0246856
0.0251437
0.0255801
0.026066
0.0265278
0.0269874
0.0274918
0.0279622
0.028491
0.0289943
0.0295037
0.0300475
0.0305354
0.0310502
0.031536
0.0319861
0.0322623
0.00943225
0.00964189
0.0103719
0.0110629
0.0109521
0.0103162
0.00979836
0.0097939
0.0102968
0.0104275
0.00982584
0.00938349
0.009398
0.0094779
0.00960577
0.00967458
0.00950895
0.00938339
0.00952341
0.00980047
0.00996563
0.00986327
0.00969329
0.00985697
0.0102664
0.0103906
0.0102008
0.0102332
0.0105789
0.0107958
0.0107824
0.0108514
0.0110785
0.0112793
0.0114128
0.0115619
0.0117291
0.0118909
0.0120838
0.0123051
0.0125066
0.0126514
0.0127955
0.0130234
0.0132743
0.0134447
0.0135799
0.013793
0.0140542
0.0142727
0.0144493
0.0146743
0.0149483
0.0151998
0.015407
0.0156365
0.0158781
0.01608
0.0162727
0.0165103
0.0168002
0.0171119
0.0174391
0.0177422
0.0180479
0.0183319
0.0186266
0.0189117
0.0192098
0.0195158
0.0198575
0.0201863
0.0205148
0.0208555
0.0211839
0.0215308
0.0218636
0.0222384
0.0226023
0.0230237
0.0234279
0.023849
0.0242679
0.0246892
0.025147
0.0255827
0.0260681
0.0265295
0.0269897
0.0274946
0.0279648
0.0284932
0.0289959
0.0295065
0.0300509
0.0305397
0.0310577
0.0315435
0.0319949
0.032272
0.00936422
0.00940792
0.0100785
0.0109027
0.0110301
0.0104681
0.00988046
0.00974349
0.0101896
0.0105021
0.0100235
0.00943508
0.0093549
0.0095135
0.00970074
0.00975373
0.00954688
0.00940401
0.00957126
0.00985191
0.00999071
0.00991446
0.00976074
0.00986426
0.0102646
0.010458
0.0102664
0.0102358
0.0105845
0.0108428
0.0108217
0.0108624
0.0110929
0.011307
0.0114382
0.0115799
0.0117424
0.0119032
0.0120973
0.012317
0.012517
0.0126617
0.0128007
0.0130262
0.013283
0.0134568
0.0135876
0.0137973
0.0140622
0.014283
0.0144545
0.0146759
0.0149523
0.0152028
0.0154054
0.015635
0.0158797
0.0160864
0.0162858
0.0165271
0.0168134
0.0171176
0.0174403
0.0177424
0.0180462
0.0183294
0.0186279
0.0189154
0.0192131
0.0195199
0.0198612
0.0201878
0.0205158
0.0208572
0.0211872
0.0215351
0.0218688
0.0222454
0.0226088
0.0230284
0.0234312
0.0238522
0.0242716
0.0246929
0.0251504
0.0255855
0.0260704
0.0265313
0.026992
0.0274975
0.0279675
0.0284956
0.0289977
0.0295095
0.0300546
0.030544
0.0310654
0.0315513
0.0320038
0.032282
0.00932902
0.00932457
0.0098967
0.0107117
0.0110459
0.0106401
0.0100223
0.0097485
0.0100737
0.010506
0.0102209
0.00955992
0.0093227
0.00949818
0.00977211
0.00985743
0.00961419
0.00941312
0.00959276
0.00991629
0.010035
0.00994761
0.00982486
0.00989393
0.0102555
0.0105091
0.0103474
0.0102517
0.0105778
0.0108842
0.0108719
0.0108767
0.0111013
0.0113341
0.0114672
0.0115992
0.0117557
0.0119152
0.012111
0.01233
0.0125281
0.0126725
0.0128071
0.0130296
0.0132916
0.0134692
0.0135955
0.0138013
0.0140697
0.0142937
0.0144605
0.0146778
0.0149567
0.0152068
0.0154046
0.015634
0.0158821
0.0160932
0.0162981
0.0165428
0.0168263
0.0171235
0.0174419
0.0177431
0.0180451
0.0183274
0.0186295
0.0189191
0.0192164
0.019524
0.019865
0.0201896
0.0205171
0.0208591
0.0211907
0.0215395
0.0218741
0.0222524
0.0226154
0.0230333
0.0234346
0.0238555
0.0242755
0.0246966
0.0251539
0.0255884
0.0260727
0.0265332
0.0269944
0.0275006
0.0279702
0.0284981
0.0289997
0.0295126
0.0300587
0.0305485
0.0310733
0.0315594
0.0320127
0.0322922
0.00934304
0.00928614
0.00972289
0.0104805
0.0109768
0.0107642
0.0101892
0.00980183
0.00997123
0.010446
0.0103724
0.00973634
0.00933646
0.00945058
0.00979438
0.00996314
0.00971981
0.00943236
0.0095796
0.00997111
0.0101101
0.00998057
0.00986964
0.00993958
0.0102527
0.0105374
0.0104317
0.0102881
0.0105653
0.0109124
0.01093
0.0109001
0.0111039
0.0113564
0.0115001
0.0116224
0.0117695
0.0119263
0.0121239
0.0123437
0.0125408
0.0126842
0.0128138
0.0130327
0.0133
0.0134822
0.0136046
0.0138058
0.0140775
0.0143052
0.0144671
0.0146792
0.0149607
0.0152112
0.0154045
0.0156334
0.0158851
0.0161003
0.0163096
0.0165574
0.0168388
0.0171295
0.0174439
0.0177444
0.0180445
0.0183256
0.0186311
0.0189228
0.0192196
0.019528
0.0198687
0.0201915
0.0205187
0.0208614
0.0211943
0.0215441
0.0218794
0.0222593
0.022622
0.0230385
0.0234384
0.023859
0.0242795
0.0247004
0.0251575
0.0255915
0.0260752
0.0265354
0.026997
0.0275038
0.0279729
0.0285007
0.029002
0.0295157
0.030063
0.0305532
0.0310813
0.0315678
0.0320217
0.0323027
0.00934527
0.00927225
0.00960605
0.0102772
0.0108528
0.010828
0.0103553
0.00990558
0.00991343
0.0103464
0.0104546
0.00993288
0.00941389
0.00940151
0.00976642
0.0100423
0.00985327
0.00948742
0.00954678
0.00998927
0.0102043
0.0100362
0.00989152
0.00998248
0.0102697
0.0105521
0.0105057
0.0103454
0.0105581
0.0109247
0.0109882
0.010936
0.0111063
0.0113718
0.0115341
0.0116498
0.011784
0.0119367
0.0121366
0.0123578
0.0125544
0.0126972
0.0128216
0.0130364
0.0133088
0.0134962
0.0136143
0.0138096
0.014084
0.0143164
0.0144741
0.0146804
0.0149648
0.0152167
0.0154054
0.0156333
0.0158885
0.0161077
0.0163204
0.0165709
0.0168509
0.0171357
0.0174463
0.0177461
0.0180445
0.0183244
0.0186331
0.0189265
0.0192228
0.019532
0.0198726
0.0201936
0.0205206
0.0208638
0.0211981
0.0215489
0.0218848
0.0222662
0.0226286
0.0230438
0.0234423
0.0238628
0.0242836
0.0247043
0.0251612
0.0255947
0.0260778
0.0265376
0.0269995
0.0275071
0.0279757
0.0285034
0.0290047
0.029519
0.0300676
0.0305581
0.0310895
0.0315767
0.0320308
0.0323133
0.0093252
0.00928489
0.00954666
0.0101089
0.0106975
0.0108294
0.0104893
0.010045
0.00991283
0.0102397
0.0104676
0.0101088
0.00954694
0.00938602
0.00970548
0.0100729
0.00999116
0.00959033
0.00951933
0.00995925
0.0102917
0.0101331
0.00991196
0.0100036
0.0103033
0.0105698
0.0105599
0.0104126
0.0105663
0.0109253
0.0110389
0.0109831
0.011113
0.0113791
0.0115655
0.0116829
0.0118021
0.0119463
0.0121483
0.0123718
0.0125691
0.0127123
0.0128306
0.0130391
0.0133162
0.0135103
0.0136249
0.0138135
0.0140905
0.0143289
0.0144827
0.0146819
0.0149685
0.0152227
0.015407
0.0156334
0.0158925
0.0161156
0.0163307
0.0165836
0.0168627
0.017142
0.017449
0.0177484
0.0180451
0.0183236
0.0186352
0.0189303
0.019226
0.0195359
0.0198763
0.020196
0.0205228
0.0208664
0.021202
0.0215538
0.0218904
0.0222732
0.0226353
0.0230493
0.0234464
0.0238667
0.0242879
0.0247083
0.0251649
0.0255981
0.0260805
0.02654
0.0270022
0.0275106
0.0279786
0.0285062
0.0290077
0.0295224
0.0300725
0.0305634
0.0310977
0.0315858
0.0320401
0.032324
0.00928002
0.0092998
0.00952599
0.00998261
0.0105358
0.0107789
0.0105756
0.0101891
0.00996359
0.0101582
0.0104307
0.0102335
0.00971052
0.00942316
0.00963555
0.0100504
0.0101063
0.00973182
0.00952704
0.00989672
0.0103412
0.0102607
0.00995739
0.00999511
0.010332
0.0106068
0.0106016
0.0104746
0.0105933
0.0109241
0.0110764
0.0110354
0.0111287
0.0113829
0.0115922
0.0117191
0.0118239
0.0119555
0.0121593
0.0123859
0.0125833
0.0127282
0.0128416
0.0130421
0.0133234
0.0135259
0.0136376
0.013818
0.0140959
0.014341
0.0144916
0.0146829
0.0149716
0.0152297
0.0154101
0.0156341
0.0158969
0.0161239
0.0163404
0.0165953
0.0168743
0.0171485
0.0174519
0.0177512
0.0180463
0.0183232
0.0186376
0.0189341
0.0192293
0.01954
0.0198803
0.0201985
0.0205252
0.0208693
0.0212062
0.021559
0.0218959
0.02228
0.022642
0.023055
0.0234509
0.0238709
0.0242923
0.0247123
0.0251688
0.0256018
0.0260833
0.0265426
0.0270051
0.0275141
0.0279816
0.028509
0.029011
0.0295258
0.0300775
0.0305688
0.031106
0.0315952
0.0320495
0.032335
0.00919725
0.00929764
0.00952996
0.00990567
0.010386
0.0106975
0.010618
0.0103102
0.0100495
0.0101179
0.0103683
0.0103016
0.00987134
0.00951069
0.00958971
0.00999079
0.0101765
0.00988896
0.00958623
0.00982772
0.0103333
0.01039
0.0100533
0.00997961
0.0103315
0.0106614
0.0106496
0.0105198
0.0106294
0.0109322
0.011103
0.0110878
0.0111543
0.011385
0.0116118
0.0117563
0.0118507
0.0119657
0.012169
0.0123999
0.012598
0.0127458
0.0128557
0.013046
0.0133287
0.0135409
0.013651
0.0138219
0.0141001
0.0143533
0.0145027
0.014685
0.0149744
0.0152372
0.0154141
0.0156348
0.0159014
0.0161326
0.0163498
0.0166062
0.0168857
0.0171553
0.0174551
0.0177545
0.0180481
0.0183233
0.0186402
0.018938
0.0192325
0.019544
0.0198842
0.0202014
0.0205279
0.0208724
0.0212105
0.0215643
0.0219017
0.022287
0.0226487
0.0230608
0.0234554
0.0238753
0.0242969
0.0247166
0.0251728
0.0256056
0.0260861
0.0265452
0.0270081
0.0275177
0.0279848
0.0285119
0.0290147
0.0295295
0.0300828
0.0305748
0.0311143
0.031605
0.0320592
0.032346
0.00908242
0.00926941
0.009536
0.0098733
0.0102735
0.0105993
0.0106209
0.0103978
0.0101456
0.0101182
0.0103091
0.010327
0.0100028
0.00962938
0.00958698
0.00991535
0.0101924
0.0100337
0.00969235
0.0097842
0.0102799
0.0104864
0.010193
0.0099881
0.0102904
0.0107096
0.0107234
0.0105551
0.0106592
0.0109545
0.0111255
0.011133
0.011187
0.0113894
0.0116266
0.0117939
0.0118817
0.011977
0.0121783
0.012415
0.0126126
0.0127624
0.0128709
0.0130507
0.0133325
0.0135556
0.013667
0.0138278
0.0141039
0.0143657
0.0145147
0.0146869
0.0149759
0.0152449
0.0154197
0.0156363
0.0159063
0.0161418
0.016359
0.0166163
0.0168967
0.0171623
0.0174585
0.0177581
0.0180504
0.0183238
0.018643
0.0189422
0.019236
0.0195479
0.0198882
0.0202046
0.020531
0.0208757
0.021215
0.0215697
0.0219074
0.022294
0.0226556
0.0230668
0.0234602
0.0238798
0.0243014
0.0247208
0.0251768
0.0256096
0.0260891
0.026548
0.0270113
0.0275214
0.0279881
0.0285149
0.0290188
0.0295334
0.0300881
0.0305811
0.0311226
0.0316149
0.032069
0.0323571
0.00894876
0.00921355
0.00952436
0.00986632
0.0102033
0.0104902
0.0105905
0.0104541
0.010233
0.0101481
0.0102668
0.0103244
0.010098
0.00975271
0.00962703
0.00985405
0.0101643
0.0101431
0.00982785
0.00978576
0.0102055
0.0105249
0.0103464
0.0100524
0.0102312
0.0107213
0.0108235
0.0106023
0.0106686
0.0109819
0.0111549
0.0111711
0.011225
0.0113984
0.0116336
0.0118297
0.0119193
0.0119901
0.0121852
0.0124298
0.012627
0.0127783
0.0128883
0.0130588
0.0133369
0.0135695
0.013684
0.0138345
0.0141057
0.0143767
0.014528
0.01469
0.0149775
0.0152534
0.0154266
0.0156382
0.015911
0.016151
0.016368
0.0166258
0.0169073
0.0171695
0.0174622
0.0177621
0.0180534
0.0183248
0.018646
0.0189464
0.0192396
0.0195518
0.0198924
0.020208
0.0205343
0.0208793
0.0212198
0.0215753
0.0219131
0.0223008
0.0226624
0.0230729
0.0234651
0.0238847
0.0243062
0.0247252
0.025181
0.0256137
0.0260922
0.0265509
0.0270149
0.0275251
0.0279916
0.0285179
0.0290231
0.0295375
0.0300935
0.0305878
0.0311311
0.031625
0.0320792
0.0323682
0.00880874
0.00913908
0.00949189
0.00985811
0.0101755
0.0104156
0.010539
0.010481
0.0103018
0.0101916
0.0102451
0.010307
0.0101632
0.00986457
0.00969497
0.00982575
0.0101109
0.0102035
0.00996832
0.00983362
0.0101417
0.0105123
0.0104764
0.010173
0.010188
0.010677
0.0109232
0.0106856
0.0106643
0.0109986
0.0111976
0.0112064
0.0112617
0.0114145
0.0116348
0.0118602
0.0119632
0.0120051
0.012188
0.0124468
0.0126459
0.0127939
0.0129057
0.0130682
0.0133407
0.0135812
0.013701
0.0138431
0.0141077
0.0143875
0.0145435
0.0146943
0.0149777
0.0152616
0.0154346
0.0156403
0.0159159
0.0161608
0.0163771
0.0166348
0.0169178
0.017177
0.0174662
0.0177664
0.018057
0.0183261
0.0186492
0.018951
0.0192434
0.0195555
0.0198966
0.020212
0.0205378
0.0208829
0.0212247
0.0215812
0.0219191
0.0223079
0.0226692
0.0230791
0.0234702
0.0238898
0.0243111
0.0247298
0.0251854
0.025618
0.0260954
0.0265538
0.0270186
0.0275288
0.0279953
0.0285212
0.0290277
0.0295419
0.030099
0.030595
0.0311397
0.0316351
0.0320895
0.0323795
0.0086699
0.00905386
0.00944568
0.00983233
0.0101642
0.0103744
0.0104786
0.0104792
0.0103506
0.0102349
0.0102424
0.0102857
0.0102034
0.00996126
0.00977276
0.00983013
0.0100571
0.010218
0.0100925
0.00991717
0.0101083
0.0104703
0.0105549
0.0103208
0.0101988
0.0105955
0.0109869
0.010811
0.0106702
0.0109872
0.011245
0.0112481
0.0112951
0.01144
0.0116333
0.0118788
0.012014
0.0120297
0.0121859
0.0124611
0.0126683
0.0128087
0.0129206
0.0130789
0.0133462
0.0135932
0.013719
0.013854
0.0141096
0.0143963
0.0145593
0.0146996
0.0149772
0.0152701
0.0154445
0.0156432
0.0159206
0.0161708
0.0163861
0.0166432
0.0169279
0.0171846
0.0174703
0.017771
0.0180613
0.018328
0.0186525
0.0189556
0.0192476
0.0195592
0.0199008
0.0202163
0.0205415
0.0208868
0.02123
0.0215871
0.0219248
0.0223149
0.0226763
0.0230857
0.0234754
0.023895
0.0243159
0.0247342
0.0251899
0.0256225
0.026099
0.0265568
0.0270228
0.0275326
0.027999
0.0285246
0.0290325
0.0295467
0.0301044
0.0306025
0.0311485
0.0316453
0.0321002
0.0323909
0.0085426
0.00895806
0.00939459
0.00979383
0.0101441
0.0103627
0.0104424
0.0104573
0.0103793
0.0102692
0.0102501
0.010269
0.0102216
0.0100436
0.0098524
0.00985617
0.0100229
0.0102011
0.010181
0.0100176
0.0101096
0.0104255
0.0105843
0.0104595
0.010274
0.0105138
0.0109856
0.0109517
0.0107159
0.0109521
0.0112817
0.0113033
0.0113238
0.0114693
0.0116376
0.0118848
0.012066
0.0120675
0.0121785
0.0124657
0.0126963
0.012829
0.0129339
0.0130898
0.0133535
0.0136052
0.0137366
0.013865
0.014111
0.0144043
0.0145763
0.0147072
0.0149765
0.0152782
0.0154558
0.0156464
0.0159247
0.016181
0.0163955
0.0166512
0.0169379
0.0171926
0.0174745
0.0177759
0.0180663
0.0183303
0.0186557
0.0189606
0.0192522
0.0195626
0.0199051
0.0202213
0.0205454
0.0208907
0.0212354
0.0215933
0.0219308
0.0223221
0.0226831
0.0230921
0.0234808
0.0239007
0.0243212
0.0247389
0.0251946
0.0256268
0.0261025
0.0265597
0.0270271
0.0275364
0.0280028
0.0285285
0.0290374
0.0295518
0.0301099
0.0306103
0.0311575
0.0316554
0.032111
0.0324024
0.00844284
0.00885602
0.00933588
0.00975309
0.0101097
0.0103555
0.0104295
0.010435
0.0103914
0.0102931
0.0102585
0.0102629
0.0102267
0.0101065
0.00993113
0.00989252
0.0100103
0.0101716
0.0102303
0.0101201
0.0101411
0.0103957
0.0105834
0.0105582
0.0103892
0.010473
0.0109268
0.0110695
0.0108171
0.0109169
0.0112875
0.0113677
0.0113564
0.0114986
0.0116522
0.0118774
0.0121065
0.0121226
0.012178
0.0124581
0.0127247
0.0128589
0.0129467
0.0130963
0.0133605
0.0136178
0.0137548
0.0138771
0.0141129
0.0144122
0.0145939
0.0147159
0.0149752
0.0152854
0.0154684
0.0156509
0.0159285
0.0161911
0.0164055
0.0166589
0.0169473
0.017201
0.017479
0.0177807
0.0180718
0.0183333
0.018659
0.0189658
0.0192572
0.0195659
0.0199094
0.0202268
0.0205494
0.0208948
0.0212411
0.0215997
0.0219365
0.0223292
0.0226901
0.0230988
0.0234864
0.0239063
0.0243263
0.0247435
0.0251997
0.0256314
0.0261065
0.0265628
0.0270316
0.0275403
0.0280065
0.0285326
0.0290424
0.0295573
0.0301155
0.0306183
0.0311668
0.0316655
0.0321219
0.0324141
0.00838355
0.00876333
0.00926477
0.009712
0.01007
0.0103358
0.0104317
0.010423
0.0103924
0.0103088
0.0102618
0.0102611
0.0102262
0.0101451
0.0100041
0.00993724
0.0100151
0.0101484
0.0102472
0.0102063
0.0101919
0.0103847
0.0105737
0.0106146
0.0105108
0.0104923
0.0108454
0.0111286
0.0109524
0.0109125
0.0112618
0.011429
0.0114004
0.0115221
0.0116765
0.0118689
0.0121291
0.0121885
0.0121933
0.0124367
0.0127421
0.0129
0.0129662
0.0130971
0.0133653
0.0136336
0.0137756
0.0138898
0.0141133
0.0144185
0.0146123
0.014726
0.0149738
0.0152925
0.0154823
0.0156564
0.015932
0.016201
0.0164158
0.0166665
0.0169563
0.0172095
0.0174837
0.0177856
0.0180782
0.0183369
0.0186621
0.0189713
0.0192629
0.0195689
0.0199135
0.0202331
0.0205537
0.020899
0.021247
0.0216063
0.0219424
0.0223365
0.0226971
0.0231055
0.0234922
0.023912
0.0243317
0.024748
0.025205
0.0256357
0.0261106
0.0265662
0.0270365
0.0275447
0.0280103
0.0285372
0.0290474
0.0295628
0.0301213
0.0306264
0.0311763
0.0316757
0.032133
0.0324258
0.0083606
0.00869776
0.00918881
0.00966341
0.0100331
0.010305
0.0104329
0.010423
0.0103876
0.0103188
0.0102598
0.0102553
0.0102269
0.0101665
0.0100644
0.00998935
0.0100306
0.0101361
0.010245
0.010267
0.0102527
0.0103904
0.010569
0.0106439
0.0106091
0.0105588
0.0107807
0.0111233
0.0110869
0.0109603
0.0112217
0.0114663
0.0114561
0.0115453
0.0117069
0.0118692
0.0121313
0.0122497
0.0122321
0.0124138
0.012739
0.0129449
0.0130014
0.0130956
0.0133618
0.0136508
0.0138001
0.0139029
0.0141125
0.0144239
0.0146325
0.0147381
0.0149717
0.0152987
0.0154971
0.0156628
0.0159352
0.0162104
0.0164266
0.0166744
0.0169651
0.0172184
0.0174888
0.0177904
0.018085
0.0183411
0.0186652
0.018977
0.0192689
0.0195719
0.0199179
0.0202402
0.0205579
0.0209031
0.0212531
0.0216132
0.0219485
0.0223437
0.022704
0.0231122
0.0234983
0.0239178
0.0243374
0.0247528
0.0252106
0.0256402
0.0261147
0.0265695
0.027041
0.027549
0.028014
0.0285423
0.0290528
0.0295688
0.0301275
0.0306347
0.0311862
0.0316858
0.032144
0.0324376
0.00835456
0.00866507
0.00912589
0.00960632
0.00999547
0.0102707
0.0104236
0.0104285
0.0103871
0.01033
0.0102589
0.0102431
0.0102249
0.0101781
0.0101058
0.0100405
0.0100562
0.0101361
0.0102383
0.0103018
0.0103117
0.0104089
0.0105704
0.010664
0.010676
0.0106442
0.0107606
0.0110784
0.0111826
0.01105
0.0111943
0.0114757
0.0115163
0.0115727
0.0117332
0.0118805
0.012124
0.0122968
0.0122915
0.0124045
0.0127145
0.0129796
0.0130558
0.0131014
0.0133446
0.0136639
0.0138319
0.0139189
0.0141096
0.014427
0.0146539
0.0147531
0.0149687
0.0153037
0.0155137
0.0156704
0.015938
0.0162197
0.0164377
0.0166819
0.0169734
0.0172277
0.0174938
0.017795
0.0180926
0.0183461
0.018668
0.0189831
0.0192757
0.0195746
0.0199218
0.0202478
0.0205624
0.0209075
0.0212597
0.0216199
0.0219543
0.0223509
0.0227112
0.0231191
0.0235048
0.0239235
0.0243431
0.0247574
0.0252164
0.0256449
0.026119
0.0265735
0.0270458
0.0275536
0.0280175
0.0285474
0.0290581
0.0295744
0.0301339
0.030643
0.0311961
0.031696
0.0321552
0.0324496
0.00834451
0.00865474
0.00908793
0.0095501
0.00995226
0.0102361
0.0104041
0.0104331
0.0103885
0.010332
0.0102577
0.0102256
0.0102146
0.0101844
0.0101345
0.0100834
0.0100875
0.0101452
0.010234
0.0103185
0.0103597
0.0104379
0.0105762
0.0106825
0.0107208
0.0107232
0.0107851
0.0110264
0.0112246
0.0111579
0.0112015
0.0114645
0.0115652
0.0116075
0.0117575
0.0119003
0.0121173
0.0123234
0.012356
0.0124206
0.012682
0.0129898
0.0131202
0.0131284
0.0133185
0.0136641
0.013871
0.0139417
0.0141033
0.0144258
0.0146764
0.0147719
0.0149653
0.0153063
0.0155317
0.0156798
0.0159401
0.0162287
0.0164497
0.0166896
0.0169816
0.0172375
0.017499
0.0177994
0.0181008
0.0183517
0.0186706
0.0189896
0.0192828
0.0195771
0.0199261
0.0202563
0.020567
0.0209116
0.0212662
0.021627
0.0219608
0.022358
0.0227182
0.0231254
0.0235114
0.0239293
0.024349
0.0247623
0.0252222
0.0256494
0.0261231
0.0265778
0.0270504
0.0275586
0.0280216
0.028553
0.0290638
0.0295803
0.0301406
0.0306513
0.031206
0.0317062
0.032166
0.0324613
0.00832191
0.00864857
0.00907131
0.00950795
0.00990676
0.010201
0.0103787
0.0104317
0.0103905
0.0103351
0.0102616
0.0102127
0.0101998
0.010184
0.0101526
0.0101113
0.0101161
0.0101638
0.0102368
0.010327
0.0103924
0.0104711
0.010586
0.0106993
0.0107572
0.0107827
0.0108341
0.0109971
0.0112231
0.0112515
0.0112419
0.0114503
0.0115994
0.0116485
0.0117823
0.0119223
0.0121157
0.0123361
0.0124121
0.0124584
0.012658
0.0129714
0.0131768
0.0131848
0.0132977
0.0136422
0.0139095
0.0139785
0.0140969
0.0144175
0.0146994
0.0147963
0.0149618
0.0153049
0.0155503
0.0156918
0.0159412
0.0162365
0.0164623
0.0166969
0.016989
0.0172484
0.0175048
0.0178032
0.0181097
0.0183584
0.0186726
0.0189962
0.0192908
0.0195796
0.0199302
0.0202651
0.0205717
0.0209159
0.0212738
0.021634
0.0219672
0.0223651
0.0227257
0.0231322
0.0235184
0.023935
0.0243547
0.0247674
0.0252283
0.0256543
0.0261272
0.0265824
0.0270548
0.0275633
0.0280254
0.0285585
0.0290697
0.0295861
0.0301478
0.03066
0.0312162
0.0317166
0.0321772
0.0324733
0.00829338
0.0086362
0.00906189
0.0094809
0.00986449
0.0101641
0.0103486
0.0104211
0.0103907
0.0103349
0.0102667
0.0102043
0.0101808
0.0101702
0.0101592
0.0101331
0.0101389
0.0101855
0.0102458
0.010333
0.0104116
0.010501
0.010603
0.0107122
0.0107907
0.0108283
0.0108873
0.0109998
0.0112002
0.0113124
0.0113043
0.0114485
0.0116198
0.011687
0.011808
0.011946
0.0121197
0.012342
0.0124548
0.0125061
0.012657
0.0129395
0.0132045
0.0132587
0.0133005
0.0136001
0.0139331
0.0140316
0.0140979
0.0143987
0.0147194
0.0148281
0.014961
0.0152996
0.0155686
0.0157078
0.0159428
0.0162427
0.0164758
0.0167047
0.0169951
0.0172595
0.0175106
0.017806
0.0181189
0.0183658
0.0186743
0.0190032
0.0192994
0.0195818
0.0199342
0.0202744
0.0205769
0.02092
0.0212799
0.0216407
0.0219738
0.022372
0.0227329
0.0231388
0.0235254
0.0239409
0.0243606
0.0247728
0.0252341
0.0256592
0.0261313
0.0265877
0.0270594
0.0275682
0.0280299
0.0285642
0.0290756
0.0295916
0.0301548
0.0306683
0.0312258
0.0317268
0.0321878
0.0324848
0.00826811
0.00862345
0.00905546
0.0094679
0.00983126
0.0101259
0.0103132
0.010398
0.0103827
0.0103277
0.0102708
0.010197
0.0101625
0.0101519
0.0101569
0.0101494
0.0101527
0.010202
0.0102592
0.0103406
0.0104247
0.0105236
0.0106246
0.0107234
0.0108191
0.0108676
0.0109304
0.0110254
0.0111826
0.0113399
0.011369
0.0114627
0.0116334
0.0117213
0.0118332
0.0119709
0.0121287
0.0123448
0.0124871
0.0125525
0.0126758
0.0129136
0.0132
0.0133287
0.0133415
0.0135559
0.0139255
0.0140923
0.0141174
0.0143699
0.0147294
0.0148671
0.0149644
0.0152885
0.0155842
0.0157277
0.0159455
0.0162471
0.0164902
0.0167137
0.0170008
0.0172721
0.0175185
0.0178085
0.0181286
0.0183746
0.0186758
0.0190097
0.0193087
0.0195844
0.0199387
0.0202839
0.0205823
0.0209243
0.0212891
0.0216478
0.0219808
0.0223789
0.0227404
0.0231456
0.0235324
0.0239469
0.0243664
0.0247786
0.0252401
0.0256644
0.0261355
0.026593
0.0270639
0.027573
0.0280348
0.0285702
0.0290821
0.0295977
0.0301627
0.0306775
0.0312358
0.0317373
0.0321989
0.0324965
0.00823944
0.00860728
0.00904699
0.0094624
0.00981192
0.0100968
0.0102829
0.0103699
0.010364
0.0103043
0.0102374
0.0101778
0.0101412
0.0101271
0.0101385
0.0101528
0.0101612
0.0102115
0.0102729
0.0103509
0.0104362
0.0105378
0.0106452
0.0107363
0.0108386
0.010904
0.0109653
0.0110577
0.0111801
0.0113444
0.0114219
0.0114906
0.0116448
0.0117507
0.0118579
0.0119972
0.0121443
0.0123458
0.0125111
0.0125943
0.0127031
0.0129051
0.0131782
0.0133714
0.0134104
0.0135336
0.0138844
0.014143
0.0141651
0.014341
0.0147229
0.0149117
0.0149767
0.0152726
0.0155946
0.0157504
0.0159498
0.0162482
0.0165031
0.0167226
0.0170042
0.0172833
0.0175264
0.0178097
0.0181377
0.0183843
0.018677
0.0190161
0.0193185
0.0195872
0.0199426
0.0202929
0.0205884
0.0209287
0.0212899
0.0216538
0.0219873
0.0223851
0.0227476
0.0231523
0.0235391
0.0239527
0.0243717
0.0247842
0.0252454
0.025669
0.0261395
0.0265984
0.0270683
0.0275771
0.0280396
0.0285755
0.0290876
0.0296028
0.0301696
0.030686
0.0312449
0.0317473
0.0322092
0.0325077
0.00821588
0.00858836
0.00902735
0.00944168
0.00978246
0.0100559
0.0102434
0.010336
0.0103451
0.0102908
0.0102292
0.0101701
0.0101243
0.0101068
0.0101184
0.0101509
0.010172
0.0102217
0.010289
0.010368
0.0104513
0.0105479
0.0106619
0.0107547
0.0108557
0.0109377
0.0109974
0.0110879
0.0111933
0.0113426
0.0114567
0.0115258
0.0116589
0.0117775
0.0118833
0.0120211
0.0121637
0.0123475
0.012529
0.0126354
0.012735
0.0129114
0.013159
0.0133844
0.013486
0.0135533
0.0138282
0.0141639
0.0142377
0.0143271
0.0146961
0.0149567
0.015004
0.0152553
0.0156001
0.0157782
0.0159598
0.0162495
0.0165166
0.0167344
0.0170089
0.0172959
0.0175376
0.0178115
0.0181463
0.0183952
0.0186792
0.0190219
0.0193287
0.0195911
0.0199469
0.0203019
0.0205952
0.0209333
0.0212993
0.0216615
0.0219951
0.0223921
0.0227554
0.0231598
0.023546
0.0239592
0.024378
0.0247912
0.0252517
0.0256743
0.0261444
0.0266045
0.0270733
0.027582
0.0280458
0.0285821
0.0290944
0.0296094
0.0301778
0.0306954
0.0312545
0.0317576
0.0322203
0.032519
0.00821967
0.00859712
0.00903511
0.00944079
0.00976687
0.0100146
0.0101867
0.0102685
0.0102796
0.0102332
0.0101804
0.0101262
0.010087
0.0100713
0.0100803
0.0101255
0.0101648
0.0102187
0.0102909
0.0103726
0.0104572
0.0105504
0.0106692
0.010767
0.0108618
0.0109571
0.0110226
0.0111087
0.0112076
0.0113382
0.0114717
0.0115574
0.0116733
0.011796
0.0119059
0.0120397
0.0121812
0.0123492
0.012535
0.0126676
0.0127654
0.0129193
0.013145
0.0133744
0.013535
0.0136045
0.0137787
0.0141379
0.0143127
0.0143393
0.0146476
0.0149856
0.0150444
0.0152355
0.0155924
0.0158041
0.0159713
0.0162474
0.0165262
0.0167442
0.0170115
0.0173062
0.0175479
0.0178124
0.0181539
0.0184066
0.0186818
0.0190269
0.0193388
0.019596
0.0199505
0.0203094
0.020603
0.0209394
0.0213049
0.0216684
0.0220019
0.022398
0.0227625
0.0231669
0.0235518
0.0239647
0.0243829
0.0247966
0.0252566
0.0256783
0.0261487
0.0266095
0.0270772
0.0275853
0.0280506
0.0285871
0.0290993
0.0296144
0.0301847
0.0307039
0.0312633
0.0317672
0.0322305
0.0325297
0.00820046
0.00857785
0.00902819
0.00944158
0.00977164
0.0100091
0.010173
0.0102518
0.0102611
0.0102111
0.0101454
0.0100961
0.0100586
0.0100491
0.010058
0.0101073
0.0101656
0.0102295
0.0103063
0.0103923
0.010484
0.0105714
0.0106843
0.0107879
0.0108788
0.0109803
0.0110548
0.0111368
0.0112331
0.0113496
0.011484
0.0115878
0.0116972
0.0118195
0.0119367
0.0120657
0.0122034
0.0123611
0.0125432
0.0126966
0.0128056
0.0129379
0.0131445
0.0133679
0.0135593
0.013675
0.0137773
0.014087
0.0143711
0.0143966
0.0146039
0.0149937
0.0151043
0.0152302
0.0155766
0.0158327
0.0159912
0.0162478
0.016537
0.0167556
0.0170153
0.0173183
0.0175613
0.0178143
0.0181608
0.0184187
0.0186855
0.0190313
0.0193493
0.0196029
0.0199543
0.0203162
0.0206121
0.0209455
0.0213101
0.021676
0.0220098
0.0224044
0.0227703
0.0231747
0.0235582
0.0239713
0.0243897
0.0248039
0.0252627
0.0256833
0.0261543
0.0266159
0.0270825
0.0275904
0.0280575
0.0285942
0.0291055
0.029621
0.0301926
0.0307129
0.0312722
0.0317768
0.0322412
0.0325404
0.00821719
0.00854969
0.00896659
0.00935271
0.00966024
0.00987203
0.0100134
0.0100889
0.0101132
0.0100981
0.0100561
0.0100247
0.0100045
0.0100126
0.0100324
0.0100842
0.0101563
0.0102309
0.0103134
0.0103997
0.0104953
0.0105785
0.0106812
0.0107905
0.0108796
0.0109821
0.0110686
0.011152
0.0112456
0.0113539
0.0114835
0.0116
0.0117125
0.0118341
0.0119563
0.0120835
0.0122161
0.012367
0.0125442
0.0127064
0.0128371
0.0129587
0.0131422
0.0133632
0.0135558
0.0137174
0.0138101
0.0140296
0.014373
0.0144674
0.0145778
0.0149639
0.0151588
0.015241
0.015547
0.0158514
0.0160148
0.0162464
0.0165457
0.0167667
0.0170162
0.0173283
0.0175757
0.0178159
0.0181655
0.0184316
0.0186898
0.0190333
0.0193593
0.0196115
0.0199565
0.0203209
0.020623
0.0209538
0.0213147
0.021684
0.0220181
0.0224105
0.022778
0.0231823
0.0235634
0.0239768
0.0243951
0.0248094
0.0252674
0.0256872
0.0261591
0.0266207
0.0270857
0.0275933
0.0280624
0.0285992
0.0291101
0.0296263
0.0301997
0.0307214
0.0312806
0.0317858
0.0322509
0.0325505
0.00839101
0.00871748
0.00911492
0.00947877
0.00975861
0.00992963
0.0100152
0.0100355
0.0100047
0.00995916
0.00992085
0.00991356
0.00992043
0.0099465
0.00998571
0.010046
0.0101314
0.0102199
0.0103127
0.0104022
0.0105007
0.0105903
0.0106841
0.0107951
0.0108864
0.0109873
0.011084
0.0111713
0.0112633
0.0113662
0.0114914
0.011613
0.0117302
0.0118546
0.011979
0.0121065
0.012236
0.0123803
0.0125531
0.0127144
0.0128634
0.0129898
0.0131472
0.0133657
0.0135542
0.013735
0.0138665
0.0140179
0.0143414
0.0145323
0.014599
0.0149219
0.0151968
0.0152787
0.0155206
0.0158576
0.0160443
0.0162478
0.0165514
0.0167802
0.0170163
0.017335
0.0175933
0.0178201
0.0181671
0.0184451
0.0186967
0.0190329
0.0193692
0.0196245
0.0199583
0.0203234
0.0206353
0.0209621
0.021316
0.0216903
0.0220257
0.0224153
0.0227847
0.0231892
0.0235687
0.0239827
0.0244019
0.0248158
0.0252725
0.0256914
0.0261648
0.0266267
0.0270903
0.0275982
0.028069
0.0286057
0.0291153
0.0296319
0.0302069
0.0307292
0.0312885
0.0317945
0.0322606
0.0325602
0.00820374
0.00845187
0.00877742
0.00909583
0.00937164
0.00958755
0.00973686
0.00985147
0.00993259
0.00994758
0.00990682
0.00988091
0.0099082
0.00996143
0.010016
0.0100755
0.0101551
0.0102447
0.0103371
0.0104248
0.010516
0.0106082
0.010695
0.0108009
0.0108969
0.0109926
0.0110959
0.0111893
0.0112828
0.0113808
0.0115013
0.0116264
0.0117447
0.0118737
0.0119977
0.0121254
0.0122555
0.0123936
0.0125624
0.0127202
0.0128802
0.0130216
0.0131617
0.0133684
0.013557
0.0137357
0.0139092
0.0140409
0.0142986
0.0145579
0.0146472
0.0148859
0.0152031
0.0153289
0.0155081
0.0158487
0.0160744
0.0162576
0.0165549
0.0167979
0.0170203
0.0173363
0.0176122
0.0178289
0.0181648
0.0184586
0.0187084
0.0190298
0.0193763
0.0196406
0.0199596
0.0203229
0.0206512
0.0209725
0.0213184
0.0216992
0.0220368
0.0224229
0.0227937
0.0231975
0.0235743
0.023989
0.0244084
0.0248218
0.0252775
0.0256958
0.0261704
0.0266318
0.0270934
0.0276017
0.0280743
0.0286111
0.02912
0.0296376
0.0302143
0.0307376
0.0312966
0.0318031
0.03227
0.0325696
0.00933396
0.00927453
0.00915509
0.00905945
0.00902216
0.00902692
0.00906365
0.00913609
0.00925781
0.00943679
0.00961764
0.00974357
0.00982149
0.00990112
0.00998606
0.0100641
0.0101412
0.010226
0.0103155
0.0104041
0.0104931
0.0105886
0.0106803
0.0107805
0.010882
0.0109744
0.0110812
0.0111844
0.0112828
0.0113836
0.0114989
0.0116309
0.011749
0.0118798
0.0120067
0.0121332
0.0122694
0.0124018
0.0125655
0.0127208
0.0128825
0.0130412
0.0131768
0.0133633
0.0135536
0.0137295
0.0139278
0.0140777
0.0142711
0.0145466
0.014699
0.0148736
0.0151806
0.0153735
0.0155141
0.0158238
0.0160935
0.016271
0.0165494
0.0168128
0.0170259
0.0173287
0.0176293
0.0178421
0.0181576
0.0184698
0.0187234
0.0190249
0.0193811
0.0196598
0.0199608
0.0203182
0.020656
0.0209759
0.0213145
0.0217018
0.0220431
0.022426
0.0227985
0.0232024
0.0235774
0.0239937
0.024414
0.0248263
0.0252807
0.025699
0.026175
0.0266364
0.0270965
0.0276054
0.0280795
0.0286159
0.0291237
0.0296416
0.0302198
0.0307437
0.0313027
0.03181
0.0322783
0.0325772
0.00826307
0.00844939
0.0086978
0.00893329
0.00913444
0.00931049
0.00945171
0.00955562
0.00959755
0.00960959
0.00962057
0.0096823
0.00977442
0.00987399
0.00997414
0.0100715
0.0101688
0.0102651
0.0103599
0.0104482
0.0105338
0.0106232
0.0107138
0.0108049
0.0108993
0.0109877
0.0110857
0.0111952
0.0112982
0.0114051
0.0115162
0.0116477
0.0117698
0.011892
0.0120237
0.0121481
0.0122896
0.0124219
0.0125739
0.0127336
0.0128901
0.0130602
0.0132037
0.0133679
0.0135583
0.0137322
0.0139356
0.0141154
0.0142744
0.0145232
0.0147342
0.0148963
0.0151527
0.0154018
0.0155518
0.0158018
0.0161055
0.0163028
0.0165443
0.0168325
0.0170469
0.0173162
0.0176472
0.0178662
0.0181481
0.0184811
0.0187453
0.0190178
0.0193862
0.0196834
0.0199632
0.0203127
0.0206763
0.0209942
0.021319
0.0217112
0.0220563
0.0224362
0.0228091
0.0232118
0.0235839
0.0240013
0.024422
0.024833
0.0252861
0.0257043
0.0261814
0.026642
0.0271004
0.0276097
0.0280854
0.0286217
0.0291288
0.0296477
0.0302271
0.0307518
0.0313103
0.0318181
0.0322874
0.032589
0.00945625
0.00929235
0.00905858
0.00885327
0.00871214
0.00864778
0.00864734
0.00871384
0.00887057
0.00908755
0.00931661
0.00951429
0.00968207
0.00982811
0.00996274
0.010078
0.0101769
0.0102624
0.0103445
0.0104285
0.0105119
0.0106012
0.0106927
0.0107855
0.0108767
0.0109692
0.0110646
0.0111768
0.0112902
0.0114033
0.0115196
0.011646
0.0117756
0.0118924
0.012023
0.0121535
0.0122919
0.0124332
0.0125727
0.0127354
0.0128931
0.0130576
0.0132192
0.013369
0.0135562
0.0137344
0.0139311
0.0141359
0.0142884
0.0145046
0.0147391
0.0149235
0.0151365
0.0153929
0.0155892
0.0157886
0.0160873
0.0163329
0.0165333
0.0168293
0.0170756
0.0172958
0.0176449
0.0178976
0.0181332
0.018478
0.0187745
0.0190087
0.0193768
0.019708
0.0199678
0.0203026
0.0206882
0.0210042
0.0213137
0.0217112
0.0220606
0.0224373
0.0228118
0.0232146
0.0235846
0.0240035
0.0244254
0.0248357
0.0252875
0.0257054
0.0261839
0.0266447
0.0271017
0.0276112
0.0280882
0.0286243
0.0291305
0.0296498
0.0302304
0.0307555
0.0313142
0.0318224
0.0322924
0.0325939
0.00910248
0.00886609
0.0085816
0.00835639
0.00823523
0.00823714
0.00835426
0.00856208
0.00880653
0.00905749
0.00929863
0.00951739
0.00970959
0.00987227
0.0100145
0.0101344
0.0102309
0.0103102
0.0103812
0.0104573
0.010535
0.010621
0.010709
0.0107983
0.010885
0.010974
0.0110685
0.0111764
0.0112927
0.0114066
0.0115252
0.01165
0.0117792
0.0118984
0.012024
0.01216
0.0122962
0.0124401
0.0125801
0.0127376
0.012902
0.0130593
0.0132272
0.0133772
0.0135551
0.0137401
0.0139302
0.014142
0.0143026
0.0145028
0.0147382
0.0149409
0.015147
0.0153878
0.0156125
0.015811
0.0160795
0.0163559
0.0165528
0.0168266
0.0171059
0.0173079
0.0176377
0.0179271
0.0181455
0.018468
0.0187973
0.0190296
0.0193668
0.0197236
0.0199871
0.0202971
0.0206947
0.0210257
0.0213238
0.0217194
0.0220746
0.0224493
0.0228229
0.023226
0.0235932
0.0240114
0.0244336
0.0248433
0.0252943
0.0257113
0.0261899
0.0266508
0.027107
0.0276158
0.0280936
0.0286302
0.0291359
0.0296558
0.0302365
0.030763
0.0313215
0.0318303
0.032302
0.0326048
)
;

boundaryField
{
    zeroGradientPlanes
    {
        type            zeroGradient;
    }
    inlet
    {
        type            zeroGradient;
    }
    plate
    {
        type            zeroGradient;
    }
    frontAndBack
    {
        type            empty;
    }
}


// ************************************************************************* //
