/*--------------------------------*- C++ -*----------------------------------*\
| =========                 |                                                 |
| \\      /  F ield         | OpenFOAM: The Open Source CFD Toolbox           |
|  \\    /   O peration     | Version:  v1912                                 |
|   \\  /    A nd           | Website:  www.openfoam.com                      |
|    \\/     M anipulation  |                                                 |
\*---------------------------------------------------------------------------*/
FoamFile
{
    version     2.0;
    format      ascii;
    class       volScalarField;
    location    "6.1";
    object      p;
}
// * * * * * * * * * * * * * * * * * * * * * * * * * * * * * * * * * * * * * //

dimensions      [0 2 -2 0 0 0 0];


internalField   nonuniform List<scalar> 
9600
(
8.52695e-11
-0.000817931
-0.000577248
0.000923448
0.00297337
0.0026222
-0.000503366
0.00229659
0.000289961
0.00369076
0.00344398
0.00515502
0.00699715
0.00763863
0.00692563
0.00637376
0.0051767
0.00857819
0.00909696
0.0133261
-2.67557e-06
-0.000789885
-0.000609798
0.000928103
0.00296713
0.00262034
-0.000488741
0.00230773
0.000290434
0.00369039
0.00344984
0.00514461
0.00700419
0.0076449
0.00695572
0.00637095
0.00518204
0.00828729
0.00914198
0.0130166
-2.36254e-06
-0.000765822
-0.000644538
0.000957108
0.00296003
0.00263161
-0.000458299
0.0023104
0.00029454
0.00369163
0.00345402
0.00514612
0.00701058
0.00766453
0.00699112
0.00634984
0.00520382
0.00816602
0.00916573
0.0126718
-1.10264e-06
-0.00074625
-0.000666311
0.00101945
0.00294527
0.00265111
-0.000402088
0.00230698
0.000310443
0.00369471
0.00345695
0.00515895
0.00700787
0.00768705
0.0070334
0.00632766
0.005249
0.00802446
0.00915634
0.0123291
-5.83475e-07
-0.000729128
-0.000678662
0.00110101
0.0029247
0.00267997
-0.000319884
0.00230181
0.000339805
0.00369851
0.00345789
0.00517117
0.00700062
0.00770999
0.00708288
0.00630896
0.00530753
0.00789221
0.00912218
0.0119936
-2.05689e-06
-0.000712635
-0.000683262
0.00119009
0.00290277
0.00271502
-0.000215185
0.00229792
0.000379734
0.00370281
0.00345655
0.00517975
0.00699516
0.00773089
0.00713969
0.00629717
0.0053796
0.00776973
0.00906657
0.0116707
-6.25675e-06
-0.000694386
-0.000682508
0.00128391
0.00288483
0.00275379
-9.55876e-05
0.00229432
0.000424465
0.00370745
0.0034538
0.00518403
0.00699462
0.00774867
0.00720313
0.00629419
0.00546391
0.00762272
0.00899527
0.0113663
-1.27966e-05
-0.000671911
-0.000677924
0.00138323
0.00287077
0.0027936
3.27669e-05
0.00228852
0.000468201
0.00371108
0.00345018
0.00518337
0.00700091
0.00776164
0.00727055
0.00630046
0.00555895
0.00753951
0.00891375
0.011078
-2.04515e-05
-0.000643504
-0.00066906
0.00148881
0.00285659
0.00283232
0.00016609
0.00227858
0.000507542
0.00371165
0.00344626
0.00517732
0.00700987
0.00776704
0.00733817
0.00631503
0.00566234
0.00748025
0.00882416
0.0108014
-2.79484e-05
-0.000608816
-0.000653167
0.00160059
0.00283676
0.00286821
0.000303834
0.00226485
0.000543059
0.00370843
0.00344352
0.00516597
0.00701409
0.00776165
0.00740215
0.00633678
0.00576984
0.00744417
0.0087275
0.0105355
-3.44871e-05
-0.000568546
-0.000626859
0.00171709
0.00280685
0.00289965
0.000446031
0.00224922
0.00057927
0.00370279
0.00344502
0.0051506
0.00701156
0.00774276
0.0074592
0.00636476
0.005876
0.00742771
0.00862568
0.0102795
-3.98058e-05
-0.000523885
-0.000587935
0.00183565
0.0027646
0.00292552
0.000592546
0.00223403
0.000622484
0.00369803
0.0034554
0.00513438
0.0069992
0.00770848
0.00750708
0.00639837
0.00597587
0.00742576
0.00852016
0.01003
-4.3978e-05
-0.000476008
-0.000536182
0.00195319
0.0027101
0.00294525
0.000742575
0.00222075
0.000677641
0.00369693
0.00347956
0.00512133
0.00697598
0.0076583
0.00754483
0.00643725
0.00606599
0.00743285
0.00841217
0.00978378
-4.71755e-05
-0.000425646
-0.000473061
0.00206713
0.00264561
0.00295881
0.000895131
0.00221013
0.00074659
0.00370508
0.00352059
0.00511398
0.00694276
0.00759353
0.00757245
0.00648129
0.00614429
0.00744381
0.00830445
0.00954036
-4.95283e-05
-0.000373099
-0.00040084
0.00217612
0.00257458
0.00296643
0.00104937
0.00220256
0.000828312
0.00372039
0.00357853
0.0051124
0.00690187
0.00751738
0.00759018
0.00653055
0.0062105
0.00745378
0.00820041
0.00930068
-5.10659e-05
-0.000318448
-0.000321742
0.00228021
0.00250059
0.00296845
0.00120473
0.00219829
0.000919971
0.00374156
0.00365105
0.00511481
0.006856
0.00743388
0.00759863
0.00658485
0.00626528
0.00745891
0.00808114
0.00906577
-5.17468e-05
-0.000261666
-0.000237487
0.00238007
0.00242672
0.00296512
0.00136083
0.00219754
0.0010184
0.00376685
0.00373458
0.0051189
0.00680726
0.00734704
0.00759849
0.00664353
0.00630986
0.00745684
0.00799357
0.00883652
-5.14715e-05
-0.000202709
-0.000149259
0.00247619
0.00235542
0.00295668
0.00151726
0.00220053
0.00112096
0.0037949
0.00382554
0.00512262
0.00675701
0.0072603
0.00759021
0.00670563
0.00634609
0.00744558
0.00791397
0.00861398
-5.00816e-05
-0.000141585
-5.78559e-05
0.00256873
0.00228861
0.0029434
0.00167353
0.00220749
0.00122579
0.00382491
0.00392111
0.00512474
0.006706
0.00717642
0.00757415
0.00676976
0.00637574
0.00742359
0.00784166
0.00840009
-4.73848e-05
-7.83579e-05
3.62015e-05
0.00265764
0.00222774
0.00292556
0.00182917
0.00221861
0.00133167
0.00385656
0.00401938
0.00512495
0.00665435
0.00709714
0.00755083
0.00683449
0.00640026
0.00739011
0.00777535
0.00819715
-4.31599e-05
-1.31305e-05
0.000132592
0.00274272
0.00217382
0.00290335
0.00198368
0.00223415
0.00143781
0.00388986
0.00411911
0.00512353
0.00660178
0.00702326
0.00752082
0.00689827
0.00642135
0.00734514
0.00771295
0.00800771
-3.71614e-05
5.39647e-05
0.000231133
0.00282369
0.00212766
0.00287696
0.00213641
0.00225444
0.00154355
0.00392501
0.00421944
0.00512101
0.00654789
0.00695521
0.00748466
0.00695931
0.00644089
0.00728943
0.00765238
0.00783453
-2.91283e-05
0.000122745
0.000331751
0.00290018
0.00208983
0.00284672
0.00228657
0.0022798
0.00164826
0.00396229
0.00431976
0.00511795
0.00649228
0.00689315
0.00744308
0.00701579
0.00646018
0.00722419
0.00759213
0.00768027
-1.87645e-05
0.000192981
0.000434408
0.00297189
0.00206077
0.00281316
0.00243333
0.00231062
0.00175134
0.00400192
0.0044196
0.00511495
0.00643453
0.00683689
0.00739701
0.0070662
0.00648008
0.00715092
0.00753163
0.00754751
-5.73919e-06
0.00026446
0.000539041
0.00303856
0.00204076
0.00277683
0.00257587
0.00234733
0.00185224
0.00404406
0.00451861
0.00511256
0.00637454
0.00678595
0.00734724
0.0071093
0.00650172
0.00707114
0.00750662
0.00743917
1.02682e-05
0.00033697
0.000645622
0.00310009
0.00202996
0.00273838
0.00271336
0.00239034
0.00195043
0.00408881
0.00461642
0.00511097
0.00631241
0.00673988
0.00729481
0.0071439
0.00652601
0.00698596
0.00745359
0.00735603
2.95771e-05
0.000410232
0.000754158
0.00315648
0.00202844
0.0026987
0.002845
0.00244007
0.00204557
0.00413608
0.00471297
0.0051104
0.00624828
0.00669802
0.00724068
0.00716882
0.0065535
0.00689859
0.00738755
0.00729566
5.25621e-05
0.000483927
0.000864587
0.00320785
0.00203614
0.0026588
0.00297
0.00249684
0.00213741
0.00418561
0.00480841
0.00511099
0.0061825
0.00665989
0.0071857
0.00718326
0.00658391
0.00681302
0.00730458
0.00725229
7.96371e-05
0.000557795
0.000976784
0.00325443
0.0020529
0.00261972
0.00308767
0.00256097
0.00222579
0.00423695
0.00490293
0.00511263
0.00611541
0.00662546
0.00713101
0.00718688
0.00661593
0.00673279
0.00720749
0.00721769
0.000111209
0.000631604
0.00109058
0.0032965
0.00207844
0.00258256
0.0031973
0.00263263
0.00231087
0.0042894
0.0049969
0.00511545
0.00604672
0.00659467
0.007078
0.00717972
0.00664828
0.00666108
0.00710137
0.00718295
0.000147689
0.000705122
0.00120573
0.0033344
0.00211236
0.00254853
0.00329842
0.00271164
0.00239296
0.00434215
0.00509092
0.00511951
0.00597564
0.0065674
0.00702823
0.00716186
0.00667951
0.00660085
0.00699758
0.00714216
0.000189492
0.000778183
0.00132187
0.00336853
0.00215411
0.00251871
0.00339077
0.0027978
0.0024725
0.00439406
0.00518551
0.00512546
0.00590136
0.00654349
0.00698381
0.00713364
0.006707
0.00655398
0.00688373
0.00709226
0.000237034
0.000850646
0.00143855
0.00339934
0.00220314
0.00249403
0.00347398
0.00289087
0.00255035
0.00444374
0.00528092
0.00513427
0.00585389
0.00652229
0.00694763
0.00709668
0.00672738
0.00652165
0.00677189
0.00703077
0.000290734
0.000922428
0.00155513
0.00342734
0.00225896
0.00247553
0.00354787
0.00299024
0.00262738
0.00448993
0.0053773
0.00514666
0.00577095
0.0065015
0.00692236
0.00705362
0.00673755
0.00650377
0.00667089
0.00695634
0.000350948
0.000993614
0.00167091
0.00345313
0.00232096
0.00246392
0.00361258
0.00309529
0.00270452
0.00453104
0.00547439
0.0051649
0.00568268
0.00647805
0.00690994
0.0070089
0.00673488
0.00649642
0.00658905
0.00687487
0.00041799
0.00106433
0.00178512
0.00347747
0.00238869
0.00245968
0.00366802
0.00320527
0.00278343
0.00456597
0.00557081
0.00519169
0.0055897
0.00644727
0.00691091
0.00696913
0.00671864
0.00649277
0.00653096
0.00679639
0.000492185
0.00113484
0.0018969
0.00350085
0.00246205
0.00246394
0.00371433
0.00331849
0.00286573
0.0045947
0.00566472
0.00522907
0.00549354
0.00640495
0.00692379
0.00693957
0.00669055
0.00648707
0.00649591
0.0067308
0.000573737
0.00120547
0.00200567
0.00352384
0.00254021
0.00247749
0.0037527
0.00343335
0.00295216
0.00461741
0.00575466
0.005278
0.00539609
0.00634835
0.00694655
0.00692462
0.00665319
0.00647364
0.00648013
0.0066902
0.000662852
0.00127653
0.00211063
0.00354729
0.00262291
0.00250036
0.00378389
0.00354881
0.00304384
0.00463436
0.00583848
0.00533982
0.00530081
0.00627274
0.00697359
0.00693073
0.00661225
0.00644787
0.00647856
0.00667859
0.000759636
0.00134851
0.00221129
0.0035714
0.00270971
0.00253376
0.00380868
0.00366284
0.00314236
0.00464691
0.00591269
0.00541408
0.00521479
0.00617599
0.00699425
0.00696172
0.0065769
0.00640518
0.00648846
0.00669865
0.000864022
0.00142184
0.00230752
0.00359697
0.00279939
0.00257773
0.00382942
0.00377344
0.00324718
0.00465752
0.00597591
0.00549802
0.00514263
0.0060607
0.00699881
0.00701107
0.00656056
0.00635743
0.00649054
0.00672959
0.000975953
0.001497
0.00239893
0.00362455
0.00289167
0.00263199
0.00384754
0.00388025
0.00335787
0.00466661
0.00602798
0.00559096
0.00508829
0.00592846
0.00698093
0.00706858
0.00655695
0.0063106
0.00651844
0.00680128
0.00109527
0.0015747
0.00248565
0.00365411
0.00298576
0.00269672
0.00386455
0.00398213
0.00347501
0.00467634
0.00606668
0.00568905
0.00505809
0.00578817
0.00693506
0.00712891
0.00655876
0.00624866
0.00654038
0.00700954
0.00122156
0.00165555
0.00256738
0.00368714
0.00308107
0.00276989
0.00388332
0.00407863
0.0035967
0.0046893
0.00609244
0.00578933
0.00505211
0.00565426
0.006862
0.00719122
0.00663349
0.00622754
0.00650368
0.00706713
0.00135427
0.00174043
0.00264452
0.00372275
0.00317789
0.00285075
0.00390403
0.00417079
0.00372319
0.0047056
0.00610572
0.00588933
0.0050736
0.0055329
0.00678003
0.00727148
0.00674188
0.00617514
0.00634945
0.0070378
0.00149297
0.00183037
0.00271683
0.00376198
0.00327748
0.00293748
0.00392703
0.00425938
0.0038534
0.00472789
0.00610722
0.00598492
0.00512477
0.00543153
0.00668435
0.0073418
0.00687396
0.00618093
0.00620808
0.00671193
0.00163665
0.00192625
0.00278465
0.00380486
0.00338014
0.00302894
0.00395353
0.0043442
0.00398643
0.00475731
0.00609861
0.00607597
0.0052025
0.00535412
0.00655837
0.00734238
0.00695947
0.00619636
0.00614688
0.00702122
0.00178447
0.00202927
0.00284919
0.00384834
0.00348813
0.00312661
0.00398111
0.00442444
0.00412452
0.00479512
0.00608031
0.0061574
0.00530377
0.00530462
0.00643746
0.00734272
0.00708582
0.00626953
0.00600094
0.00645767
0.00193567
0.00214038
0.00291079
0.00389212
0.00360311
0.00322946
0.00400912
0.00450182
0.0042652
0.00484163
0.0060574
0.00622633
0.00541812
0.00528598
0.00631443
0.00729123
0.00716897
0.00634367
0.00592564
0.00634531
0.00208927
0.00226006
0.00297178
0.00393361
0.00372338
0.00334025
0.00403872
0.00457248
0.00440784
0.00490135
0.00603123
0.00627583
0.00554058
0.00530101
0.00618504
0.00719358
0.0072272
0.00645592
0.00595429
0.00624274
0.00224445
0.00238893
0.00303412
0.00396986
0.00384856
0.0034627
0.00406886
0.00463423
0.00455274
0.00497307
0.00600421
0.00630939
0.00566372
0.00534062
0.00606747
0.00707726
0.00726862
0.00658808
0.0060087
0.00617468
0.00240022
0.0025268
0.00310064
0.0040009
0.00397597
0.00359697
0.00410237
0.00468673
0.00469445
0.00505687
0.00598408
0.00632728
0.00577572
0.00540641
0.00598051
0.00694754
0.00727515
0.00671698
0.00609649
0.00615383
0.00255601
0.00267318
0.00317485
0.00402648
0.00410016
0.00374504
0.00414392
0.00472683
0.00482814
0.00515357
0.00597387
0.00633252
0.00587792
0.00549532
0.00592369
0.0068124
0.00724913
0.00684019
0.00621789
0.00616645
0.00271148
0.00282708
0.0032589
0.00404731
0.00421772
0.00390581
0.00419668
0.0047563
0.00494821
0.00525877
0.00597974
0.0063353
0.00596705
0.00559206
0.00589704
0.00669042
0.00719994
0.00694388
0.00636026
0.00621678
0.00286634
0.00298689
0.00335478
0.00406673
0.00432345
0.00407453
0.00426783
0.00477984
0.00504775
0.00536713
0.00600412
0.00634112
0.0060441
0.00569447
0.00590287
0.00658751
0.00713077
0.00702002
0.00651116
0.00630658
0.0030208
0.00315061
0.00346349
0.00408865
0.0044146
0.00424642
0.00436126
0.00480375
0.00512381
0.00546812
0.00604483
0.00636129
0.00611757
0.00579576
0.00593055
0.00650653
0.007055
0.00707324
0.00665712
0.00642564
0.0031753
0.00331593
0.00358479
0.0041188
0.0044911
0.00441294
0.00447553
0.0048392
0.00518053
0.005551
0.00609635
0.00640019
0.00619291
0.00589237
0.00597619
0.00645459
0.00698218
0.00710577
0.00678884
0.00655655
0.00332999
0.00348138
0.00371787
0.00416059
0.00455401
0.00456719
0.00460724
0.00489463
0.00522731
0.00561293
0.00614513
0.0064532
0.00627928
0.0059908
0.00603488
0.00642942
0.0069143
0.00711856
0.00690821
0.00669332
0.00348529
0.00364549
0.00386067
0.0042161
0.00460672
0.00470588
0.00475031
0.00497097
0.00527753
0.00565875
0.00618202
0.00651224
0.0063788
0.00609722
0.00610085
0.0064257
0.00686026
0.00711864
0.00701797
0.00683234
0.00364145
0.0038074
0.00400987
0.0042869
0.00465452
0.00482792
0.00489722
0.00506627
0.00533943
0.00569918
0.0062068
0.00656583
0.00648551
0.00621453
0.00617731
0.00644211
0.0068259
0.00710809
0.00710977
0.00697304
0.0037986
0.00396659
0.0041616
0.00437354
0.00470434
0.00493388
0.00504175
0.00517685
0.00541439
0.00574464
0.00622357
0.0066068
0.00659167
0.00634298
0.00626762
0.00647596
0.00681257
0.00709386
0.00717926
0.00711375
0.00395682
0.00412293
0.00431265
0.00447494
0.00476211
0.00502596
0.00517882
0.00529754
0.0055017
0.00580074
0.0062408
0.00663464
0.0066888
0.00647971
0.00637311
0.00652445
0.00681985
0.00708886
0.00722869
0.00724303
0.0041156
0.00427669
0.00446109
0.00458861
0.00483166
0.00510852
0.00530473
0.00542376
0.00560019
0.00586823
0.00626705
0.00665442
0.00676966
0.00661799
0.00649544
0.00658744
0.00684357
0.00710094
0.00726722
0.00735086
0.0042742
0.00442833
0.0046064
0.0047112
0.00491419
0.00518656
0.00541857
0.00555109
0.00570789
0.00594672
0.00630578
0.00667496
0.00683467
0.00674715
0.00663304
0.00666988
0.00687821
0.00712761
0.00730871
0.00744053
0.00443199
0.00457825
0.00474845
0.00483892
0.00500911
0.00526528
0.00552158
0.00567492
0.00582225
0.00603598
0.00635724
0.00670277
0.0068906
0.00685952
0.00677583
0.00677676
0.00692614
0.0071624
0.00735835
0.00752141
0.00458829
0.00472669
0.00488743
0.00496846
0.00511438
0.00534842
0.00561654
0.00579268
0.00593976
0.00613442
0.00642182
0.00673982
0.00694524
0.00695891
0.00691004
0.00690351
0.00699681
0.00720395
0.00741274
0.0075989
0.00474229
0.00487351
0.00502372
0.0050977
0.00522752
0.00543769
0.00570637
0.00590329
0.00605801
0.00624019
0.00649924
0.00678763
0.00700137
0.0070529
0.00703215
0.00703579
0.00709312
0.00725876
0.00747176
0.00767629
0.00489323
0.0050183
0.0051575
0.00522507
0.00534569
0.00553411
0.0057944
0.00600615
0.00617414
0.00635184
0.00658786
0.00684792
0.00706023
0.00714516
0.00714984
0.00716281
0.00720701
0.0073329
0.00753727
0.00775628
0.00504033
0.00516041
0.00528893
0.00534995
0.00546547
0.00563618
0.005884
0.00610326
0.00628528
0.00646648
0.00668644
0.00692212
0.00712567
0.00723273
0.00726592
0.00728875
0.00732968
0.00742747
0.00761282
0.0078411
0.00518282
0.0052988
0.00541784
0.00547211
0.00558468
0.00574176
0.0059754
0.00619729
0.00639187
0.00658
0.00679123
0.00700983
0.00720584
0.00732138
0.00737653
0.00741487
0.00745571
0.00753542
0.00769861
0.00793108
0.00531978
0.005433
0.00554339
0.00559048
0.00570158
0.00584972
0.00606852
0.00628795
0.00649499
0.00669285
0.0068975
0.00710315
0.00729871
0.00742331
0.00749085
0.00754718
0.00759284
0.00765798
0.00779642
0.00802074
0.00545033
0.00556184
0.00566515
0.00570461
0.00581384
0.00595719
0.00616366
0.00637572
0.00659196
0.00680613
0.00701121
0.00720252
0.00739484
0.00753017
0.00760405
0.00767725
0.0077438
0.00780656
0.00792467
0.00813199
0.00557333
0.00568456
0.00578212
0.00581382
0.00592042
0.00606041
0.00625826
0.00646268
0.00668101
0.00691053
0.00713114
0.00732104
0.00750896
0.00765569
0.00773083
0.00779854
0.00787769
0.00794467
0.0080486
0.00824141
0.00568753
0.00579945
0.00589388
0.00591804
0.00602101
0.00615724
0.0063477
0.00654738
0.00676596
0.00699915
0.00723571
0.00744353
0.00764135
0.00781494
0.00791718
0.0079872
0.00807513
0.00813846
0.00820892
0.00835597
0.0057916
0.00590379
0.00599781
0.00601645
0.00611567
0.00624871
0.00643171
0.00662577
0.00684938
0.00708514
0.00731991
0.00753504
0.00773647
0.00792567
0.00806236
0.00815307
0.00827037
0.00838661
0.00848731
0.00863394
0.00588702
0.00599691
0.00608892
0.00610451
0.00620153
0.00633073
0.00650802
0.00669448
0.00692625
0.00719504
0.00747603
0.00774762
0.00798132
0.00816978
0.00832486
0.00839736
0.00844433
0.00849952
0.00854915
0.00863068
0.00597196
0.00607864
0.00616416
0.00617596
0.00627342
0.00639822
0.00655749
0.00671062
0.00688488
0.007092
0.00734315
0.00768106
0.00805471
0.00836105
0.00863789
0.00888934
0.00912487
0.00938282
0.00964111
0.00987463
0.00604049
0.00615911
0.00626017
0.00627158
0.0063599
0.00648248
0.00664759
0.00683599
0.00708174
0.00738961
0.00772119
0.00802211
0.00831642
0.0085343
0.0086882
0.00879072
0.00883114
0.00885741
0.00888064
0.00893057
0.00605412
0.00614007
0.00626724
0.00631755
0.00641419
0.00653259
0.00669669
0.00689464
0.00712815
0.00738613
0.00769878
0.00799997
0.00830995
0.00861131
0.0088644
0.00914484
0.00944905
0.00974728
0.0100085
0.0101968
0.00618436
0.00629854
0.00638364
0.00636845
0.0064331
0.00654174
0.00669607
0.00691029
0.00721232
0.00756428
0.00795984
0.00831644
0.00859878
0.00885794
0.00909113
0.00931677
0.0095299
0.00972661
0.0099055
0.0100346
0.01604
0.0111017
0.00453026
-0.000383178
-0.00148797
2.02586e-05
0.00216679
0.00377712
0.0046769
0.00538227
0.0060057
0.00639086
0.0067348
0.00719224
0.00762771
0.00801267
0.00847371
0.00899078
0.0094367
0.00985697
0.010351
0.0108532
0.0113165
0.0118044
0.0122872
0.0127105
0.0130962
0.0135105
0.0140192
0.0145643
0.0150462
0.0155043
0.0160365
0.0166015
0.0171142
0.0176198
0.0181509
0.0186653
0.019168
0.0196973
0.0202574
0.0208167
0.0213764
0.0219796
0.0226032
0.0232069
0.0238188
0.0244386
0.0250539
0.0256674
0.0262777
0.0269188
0.0276093
0.0282968
0.0289488
0.0296504
0.0303908
0.0311302
0.0318929
0.0326901
0.033519
0.0342746
0.0349689
0.0357251
0.0365781
0.0374319
0.0383191
0.0392127
0.0400768
0.0409761
0.0419067
0.0428409
0.0437837
0.0447596
0.0457522
0.0467575
0.047763
0.0488032
0.0498817
0.0509778
0.0520732
0.0531945
0.0543456
0.0555487
0.056786
0.05802
0.0592301
0.0604792
0.061751
0.0630916
0.0644743
0.0658481
0.0671691
0.0685645
0.0699526
0.0713429
0.0727773
0.0740611
0.0751749
0.0762395
0.0154587
0.0109811
0.0046245
-0.000227395
-0.00139414
6.39572e-05
0.00219604
0.00380032
0.00469425
0.00539572
0.00601701
0.00639994
0.00674197
0.00719845
0.00763322
0.00801738
0.00847792
0.00899481
0.00944037
0.00986009
0.0103538
0.0108559
0.0113189
0.0118066
0.0122893
0.0127124
0.0130979
0.0135119
0.0140205
0.0145656
0.0150474
0.0155054
0.0160374
0.0166024
0.0171151
0.0176206
0.0181517
0.0186661
0.0191687
0.019698
0.0202581
0.0208174
0.021377
0.0219802
0.0226038
0.0232075
0.0238193
0.0244391
0.0250544
0.0256679
0.0262782
0.0269192
0.0276097
0.0282972
0.0289492
0.0296508
0.0303912
0.0311305
0.0318932
0.0326904
0.0335194
0.0342749
0.0349692
0.0357253
0.0365783
0.0374322
0.0383193
0.0392129
0.0400771
0.0409763
0.0419069
0.0428411
0.0437839
0.0447597
0.0457524
0.0467577
0.0477632
0.0488034
0.0498818
0.050978
0.0520734
0.0531946
0.0543458
0.0555488
0.0567861
0.0580201
0.0592303
0.0604793
0.0617511
0.0630917
0.0644744
0.0658482
0.0671692
0.0685646
0.0699527
0.071343
0.0727774
0.0740611
0.0751749
0.0762393
0.0148707
0.0108183
0.00479351
5.87489e-05
-0.00122617
0.00012375
0.00221796
0.00381541
0.00470899
0.00540975
0.00602954
0.00641055
0.0067507
0.0072056
0.00763881
0.00802169
0.00848168
0.00899844
0.00944365
0.0098629
0.0103565
0.0108583
0.011321
0.0118085
0.0122911
0.0127141
0.0130993
0.0135131
0.0140217
0.0145667
0.0150485
0.0155062
0.0160382
0.0166033
0.0171158
0.0176213
0.0181524
0.0186667
0.0191693
0.0196986
0.0202587
0.020818
0.0213775
0.0219807
0.0226043
0.0232079
0.0238198
0.0244395
0.0250548
0.0256683
0.0262786
0.0269196
0.02761
0.0282976
0.0289495
0.029651
0.0303915
0.0311308
0.0318935
0.0326906
0.0335196
0.0342752
0.0349695
0.0357255
0.0365785
0.0374324
0.0383195
0.0392131
0.0400772
0.0409765
0.041907
0.0428413
0.0437841
0.0447599
0.0457525
0.0467578
0.0477633
0.0488035
0.049882
0.0509781
0.0520735
0.0531948
0.0543459
0.0555489
0.0567862
0.0580202
0.0592304
0.0604794
0.0617512
0.0630918
0.0644745
0.0658483
0.0671693
0.0685647
0.0699528
0.071343
0.0727774
0.0740612
0.075175
0.0762393
0.0143004
0.0106565
0.00501554
0.000425686
-0.000989698
0.000212096
0.00224934
0.00383507
0.00472892
0.00542796
0.00604433
0.00642361
0.00676297
0.00721636
0.00764751
0.00802847
0.00848714
0.00900312
0.00944768
0.00986643
0.0103599
0.0108617
0.011324
0.0118111
0.0122933
0.012716
0.0131011
0.0135148
0.0140231
0.0145681
0.0150498
0.0155073
0.0160392
0.0166043
0.0171167
0.0176221
0.0181532
0.0186674
0.0191699
0.0196991
0.0202592
0.0208185
0.021378
0.0219812
0.0226048
0.0232084
0.0238203
0.02444
0.0250552
0.0256687
0.026279
0.0269199
0.0276104
0.028298
0.0289498
0.0296513
0.0303918
0.0311311
0.0318937
0.0326909
0.03352
0.0342756
0.0349697
0.0357256
0.0365787
0.0374326
0.0383197
0.0392133
0.0400774
0.0409766
0.0419072
0.0428414
0.0437842
0.04476
0.0457527
0.046758
0.0477634
0.0488036
0.0498821
0.0509782
0.0520736
0.0531949
0.054346
0.055549
0.0567864
0.0580203
0.0592305
0.0604795
0.0617513
0.0630919
0.0644746
0.0658484
0.0671693
0.0685647
0.0699529
0.0713431
0.0727776
0.0740614
0.0751751
0.0762392
0.0137455
0.0104987
0.00525294
0.000813768
-0.000728306
0.000314824
0.0022851
0.0038571
0.00475311
0.00545005
0.00606134
0.00643946
0.00677918
0.0072309
0.00765977
0.00803888
0.00849573
0.00901011
0.00945343
0.00987127
0.0103643
0.0108661
0.0113283
0.0118148
0.0122963
0.0127187
0.0131038
0.0135173
0.0140252
0.0145699
0.0150515
0.015509
0.0160407
0.0166056
0.0171179
0.0176232
0.0181541
0.0186682
0.0191706
0.0196997
0.0202599
0.0208192
0.0213786
0.0219817
0.0226054
0.023209
0.0238209
0.0244406
0.0250557
0.0256692
0.0262794
0.0269203
0.0276108
0.0282984
0.0289502
0.0296517
0.0303921
0.0311314
0.031894
0.0326912
0.0335204
0.034276
0.0349699
0.0357258
0.036579
0.0374328
0.0383199
0.0392136
0.0400776
0.0409768
0.0419074
0.0428416
0.0437844
0.0447602
0.0457529
0.0467581
0.0477636
0.0488038
0.0498822
0.0509784
0.0520738
0.053195
0.0543461
0.0555491
0.0567865
0.0580205
0.0592306
0.0604796
0.0617514
0.063092
0.0644747
0.0658485
0.0671694
0.0685648
0.069953
0.0713432
0.0727777
0.0740616
0.0751755
0.0762391
0.0132133
0.0103342
0.0054811
0.00120238
-0.00045438
0.00042584
0.00232213
0.00387969
0.00477974
0.00547445
0.00607947
0.00645679
0.00679768
0.00724766
0.00767452
0.00805256
0.00850771
0.00902012
0.00946188
0.00987821
0.01037
0.0108717
0.011334
0.0118198
0.0123002
0.0127223
0.0131079
0.0135212
0.0140281
0.014572
0.0150537
0.0155113
0.0160427
0.0166073
0.0171194
0.0176247
0.0181554
0.0186693
0.0191715
0.0197005
0.0202605
0.0208199
0.0213793
0.0219823
0.022606
0.0232097
0.0238216
0.0244413
0.0250563
0.0256697
0.0262799
0.0269208
0.0276112
0.0282988
0.0289506
0.0296521
0.0303925
0.0311317
0.0318943
0.0326915
0.0335208
0.0342764
0.0349702
0.0357259
0.0365793
0.0374331
0.0383202
0.0392139
0.0400779
0.040977
0.0419076
0.0428418
0.0437846
0.0447604
0.045753
0.0467583
0.0477637
0.0488039
0.0498824
0.0509785
0.0520739
0.0531951
0.0543462
0.0555492
0.0567866
0.0580206
0.0592307
0.0604797
0.0617515
0.0630921
0.0644749
0.0658487
0.0671695
0.0685649
0.0699532
0.0713433
0.0727779
0.0740619
0.075176
0.0762391
0.0127054
0.010153
0.0056911
0.00158968
-0.000166634
0.000546534
0.00236088
0.00390256
0.00480823
0.00550096
0.00609885
0.00647503
0.00681712
0.00726508
0.00769008
0.00806786
0.00852196
0.00903281
0.00947332
0.00988779
0.0103775
0.0108783
0.0113407
0.0118257
0.0123048
0.0127268
0.0131135
0.013527
0.0140322
0.0145746
0.0150564
0.0155145
0.0160454
0.0166093
0.0171214
0.0176267
0.0181572
0.0186707
0.0191727
0.0197014
0.0202613
0.0208207
0.02138
0.0219829
0.0226066
0.0232105
0.0238225
0.0244421
0.0250569
0.0256703
0.0262806
0.0269215
0.0276117
0.0282993
0.0289511
0.0296525
0.0303929
0.031132
0.0318947
0.0326919
0.0335213
0.0342769
0.0349705
0.0357261
0.0365796
0.0374334
0.0383205
0.0392142
0.0400781
0.0409773
0.0419079
0.0428421
0.0437848
0.0447606
0.0457532
0.0467585
0.0477639
0.048804
0.0498825
0.0509787
0.052074
0.0531952
0.0543463
0.0555493
0.0567868
0.0580208
0.0592308
0.0604798
0.0617516
0.0630922
0.064475
0.0658488
0.0671697
0.068565
0.0699533
0.0713435
0.0727782
0.0740624
0.0751768
0.0762392
0.0122195
0.00995467
0.00588515
0.00197963
0.000138206
0.000679383
0.00240207
0.0039252
0.00483816
0.00552989
0.00612004
0.0064944
0.00683741
0.00728302
0.0077059
0.0080836
0.00853717
0.00904713
0.00948705
0.00989979
0.0103867
0.0108861
0.0113482
0.0118319
0.0123095
0.012732
0.0131206
0.0135346
0.0140377
0.0145779
0.0150599
0.0155186
0.0160487
0.0166116
0.0171238
0.0176293
0.0181595
0.0186727
0.0191745
0.0197028
0.0202624
0.0208217
0.0213809
0.0219835
0.0226071
0.0232113
0.0238237
0.0244432
0.0250577
0.0256711
0.0262816
0.0269223
0.0276124
0.0282999
0.0289516
0.029653
0.0303933
0.0311324
0.0318951
0.0326923
0.0335218
0.0342775
0.0349708
0.0357264
0.0365799
0.0374338
0.0383208
0.0392146
0.0400784
0.0409776
0.0419082
0.0428424
0.0437851
0.0447608
0.0457535
0.0467588
0.0477641
0.0488042
0.0498827
0.0509789
0.0520742
0.0531954
0.0543465
0.0555495
0.056787
0.058021
0.059231
0.0604799
0.0617517
0.0630923
0.0644752
0.065849
0.0671698
0.0685652
0.0699535
0.0713437
0.0727785
0.0740632
0.075178
0.0762393
0.0117589
0.0097478
0.00606582
0.00237198
0.000460401
0.000825905
0.00244619
0.00394699
0.00486919
0.00556151
0.00614349
0.00651525
0.00685893
0.00730197
0.00772231
0.00809966
0.00855281
0.00906226
0.00950213
0.00991349
0.0103975
0.010895
0.0113564
0.0118384
0.0123142
0.0127373
0.0131285
0.0135437
0.0140445
0.014582
0.015064
0.0155234
0.0160524
0.016614
0.0171262
0.0176321
0.018162
0.0186752
0.019177
0.0197048
0.0202639
0.0208231
0.0213822
0.0219842
0.0226075
0.0232121
0.023825
0.0244444
0.0250586
0.025672
0.0262828
0.0269234
0.0276131
0.0283005
0.0289524
0.0296537
0.0303937
0.0311327
0.0318955
0.0326928
0.0335225
0.0342782
0.0349712
0.0357267
0.0365804
0.0374342
0.0383212
0.039215
0.0400788
0.0409779
0.0419085
0.0428428
0.0437854
0.0447611
0.0457538
0.0467591
0.0477643
0.0488044
0.049883
0.0509791
0.0520744
0.0531955
0.0543466
0.0555496
0.0567872
0.0580212
0.0592311
0.06048
0.0617518
0.0630924
0.0644754
0.0658492
0.0671699
0.0685653
0.0699538
0.0713439
0.0727789
0.0740642
0.0751795
0.0762396
0.0113307
0.00953905
0.00623021
0.00276228
0.000798967
0.000987872
0.00249424
0.00396758
0.00490077
0.00559576
0.00616942
0.00653782
0.00688189
0.00732235
0.00773992
0.00811651
0.00856897
0.00907792
0.00951796
0.00992824
0.0104094
0.0109049
0.0113652
0.0118451
0.0123188
0.0127426
0.0131368
0.0135536
0.0140522
0.0145868
0.0150688
0.015529
0.0160567
0.0166167
0.0171287
0.0176348
0.0181646
0.018678
0.01918
0.0197074
0.0202658
0.0208251
0.021384
0.0219852
0.0226079
0.0232127
0.0238262
0.0244457
0.0250596
0.025673
0.0262842
0.0269248
0.0276141
0.0283014
0.0289534
0.0296546
0.0303941
0.031133
0.0318959
0.0326931
0.033523
0.034279
0.0349718
0.0357271
0.0365809
0.0374346
0.0383216
0.0392155
0.0400792
0.0409783
0.0419089
0.0428432
0.0437859
0.0447615
0.0457541
0.0467594
0.0477647
0.0488047
0.0498832
0.0509794
0.0520746
0.0531957
0.0543468
0.0555498
0.0567874
0.0580214
0.0592312
0.0604801
0.0617519
0.0630925
0.0644756
0.0658494
0.0671701
0.0685654
0.0699541
0.0713442
0.0727794
0.0740655
0.0751816
0.07624
0.0109377
0.00933052
0.00637366
0.00314558
0.00115227
0.00116686
0.00254755
0.00398675
0.00493189
0.00563204
0.00619767
0.00656199
0.0069062
0.00734435
0.00775927
0.0081347
0.00858594
0.00909411
0.00953431
0.00994367
0.0104221
0.0109155
0.0113747
0.0118523
0.0123237
0.012748
0.0131453
0.0135639
0.0140604
0.0145922
0.0150741
0.015535
0.0160614
0.0166195
0.0171313
0.0176374
0.0181668
0.0186807
0.0191834
0.0197104
0.0202682
0.0208275
0.0213862
0.0219865
0.0226084
0.0232133
0.0238273
0.024447
0.0250605
0.0256742
0.026286
0.0269265
0.0276151
0.0283023
0.0289548
0.0296558
0.0303948
0.0311333
0.0318961
0.0326933
0.0335234
0.0342797
0.0349725
0.0357278
0.0365815
0.0374351
0.038322
0.039216
0.0400797
0.0409787
0.0419094
0.0428436
0.0437863
0.0447619
0.0457546
0.0467599
0.0477651
0.0488051
0.0498836
0.0509797
0.0520749
0.0531959
0.054347
0.05555
0.0567877
0.0580217
0.0592313
0.0604802
0.0617521
0.0630927
0.0644759
0.0658496
0.0671703
0.0685656
0.0699544
0.0713446
0.0727799
0.0740672
0.0751842
0.0762407
0.0105781
0.00912382
0.0064931
0.00351632
0.00151642
0.00136315
0.00260737
0.0040044
0.00496133
0.0056694
0.00622775
0.0065874
0.00693155
0.00736794
0.00778064
0.00815459
0.00860394
0.00911087
0.0095511
0.0099596
0.0104353
0.0109266
0.0113847
0.01186
0.0123291
0.0127538
0.0131541
0.0135744
0.0140689
0.0145978
0.0150798
0.0155415
0.0160664
0.0166226
0.017134
0.0176399
0.0181689
0.0186832
0.0191869
0.0197138
0.020271
0.0208303
0.021389
0.0219883
0.0226091
0.0232139
0.0238284
0.0244481
0.0250615
0.0256754
0.0262879
0.0269284
0.0276163
0.0283034
0.0289563
0.0296573
0.0303958
0.0311338
0.0318963
0.0326932
0.0335234
0.0342801
0.0349732
0.0357286
0.0365825
0.0374358
0.0383225
0.0392164
0.0400802
0.0409792
0.0419098
0.0428442
0.0437869
0.0447624
0.045755
0.0467604
0.0477656
0.0488056
0.0498841
0.0509802
0.0520752
0.0531961
0.0543472
0.0555502
0.056788
0.058022
0.0592315
0.0604802
0.0617522
0.0630928
0.0644762
0.0658499
0.0671705
0.0685657
0.0699548
0.071345
0.0727805
0.0740693
0.0751874
0.0762416
0.0102495
0.00892201
0.00658701
0.00386801
0.00188538
0.00157546
0.00267461
0.00402079
0.0049884
0.00570714
0.00625935
0.00661381
0.00695768
0.00739287
0.0078039
0.00817619
0.00862295
0.00912814
0.00956823
0.00997585
0.0104488
0.010938
0.011395
0.0118682
0.012335
0.01276
0.0131632
0.0135852
0.0140776
0.0146036
0.0150857
0.0155483
0.0160717
0.0166259
0.0171367
0.0176425
0.0181709
0.0186857
0.0191904
0.0197175
0.0202739
0.0208333
0.021392
0.0219904
0.0226101
0.0232146
0.0238293
0.0244492
0.0250623
0.0256766
0.0262899
0.0269305
0.0276176
0.0283045
0.028958
0.0296591
0.030397
0.0311346
0.0318967
0.0326929
0.0335229
0.0342801
0.0349737
0.0357296
0.0365838
0.0374367
0.0383229
0.0392167
0.0400807
0.0409798
0.0419103
0.0428447
0.0437874
0.0447629
0.0457555
0.046761
0.0477662
0.0488062
0.0498846
0.0509807
0.0520757
0.0531964
0.0543474
0.0555504
0.0567884
0.0580224
0.0592317
0.0604803
0.0617523
0.0630929
0.0644765
0.0658502
0.0671708
0.0685659
0.0699552
0.0713455
0.0727812
0.0740719
0.0751912
0.0762427
0.00995004
0.00872924
0.00665583
0.00419468
0.00225246
0.00180162
0.00275033
0.00403704
0.00501324
0.00574514
0.00629253
0.00664129
0.00698444
0.00741882
0.00782867
0.00819922
0.00864283
0.0091458
0.00958558
0.00999231
0.0104625
0.0109494
0.0114054
0.0118767
0.0123413
0.0127669
0.0131729
0.0135964
0.0140864
0.0146094
0.0150917
0.0155554
0.0160773
0.0166293
0.0171396
0.0176452
0.0181731
0.0186882
0.0191939
0.0197212
0.0202771
0.0208365
0.0213953
0.0219928
0.0226113
0.0232154
0.0238302
0.0244501
0.0250631
0.0256778
0.0262921
0.0269327
0.0276189
0.0283055
0.0289598
0.0296611
0.0303985
0.0311357
0.0318972
0.0326926
0.033522
0.0342794
0.0349736
0.0357305
0.0365853
0.0374379
0.0383235
0.039217
0.0400812
0.0409803
0.0419108
0.0428452
0.043788
0.0447634
0.045756
0.0467616
0.0477669
0.0488069
0.0498853
0.0509814
0.0520764
0.053197
0.0543478
0.0555506
0.0567888
0.0580229
0.0592321
0.0604805
0.0617524
0.0630929
0.0644768
0.0658505
0.0671712
0.0685661
0.0699557
0.0713461
0.0727819
0.0740748
0.0751957
0.076244
0.00967768
0.00855027
0.00670235
0.00449182
0.00261198
0.00204007
0.00283659
0.00405515
0.00503637
0.0057833
0.00632744
0.0066701
0.00701198
0.00744565
0.00785458
0.00822333
0.00866341
0.00916382
0.00960319
0.010009
0.0104764
0.010961
0.011416
0.0118855
0.0123481
0.0127743
0.0131831
0.0136079
0.0140953
0.0146153
0.0150979
0.0155627
0.0160832
0.0166329
0.0171427
0.0176481
0.0181756
0.018691
0.0191975
0.019725
0.0202804
0.0208399
0.0213988
0.0219955
0.0226128
0.0232165
0.0238312
0.0244511
0.0250639
0.0256791
0.0262943
0.0269351
0.0276202
0.0283065
0.0289615
0.0296632
0.0304002
0.031137
0.0318979
0.0326922
0.0335208
0.0342781
0.0349731
0.0357312
0.036587
0.0374394
0.0383242
0.0392172
0.0400815
0.0409809
0.0419114
0.0428457
0.0437886
0.044764
0.0457565
0.0467621
0.0477676
0.0488078
0.049886
0.050982
0.0520772
0.0531978
0.0543483
0.0555507
0.056789
0.0580234
0.0592327
0.0604809
0.0617525
0.0630929
0.0644771
0.0658508
0.0671716
0.0685664
0.0699562
0.0713467
0.0727826
0.0740782
0.0752008
0.0762456
0.00942951
0.0083894
0.00673052
0.00475681
0.00296042
0.0022909
0.00293598
0.0040769
0.00505784
0.00582113
0.00636412
0.00670073
0.00704081
0.00747354
0.00788146
0.00824829
0.00868464
0.00918232
0.00962129
0.0100263
0.0104907
0.0109729
0.0114268
0.0118945
0.0123552
0.0127821
0.0131939
0.01362
0.0141045
0.0146212
0.0151042
0.0155704
0.0160894
0.0166368
0.0171459
0.0176514
0.0181785
0.018694
0.0192013
0.0197289
0.0202838
0.0208434
0.0214026
0.0219983
0.0226144
0.0232176
0.0238323
0.0244521
0.0250648
0.0256804
0.0262967
0.0269375
0.0276217
0.0283075
0.0289632
0.0296652
0.0304019
0.0311384
0.0318987
0.0326918
0.0335192
0.0342763
0.034972
0.0357315
0.0365887
0.0374412
0.0383251
0.0392174
0.0400818
0.0409815
0.0419121
0.0428463
0.0437892
0.0447646
0.045757
0.0467625
0.0477683
0.0488087
0.0498868
0.0509826
0.052078
0.0531988
0.054349
0.0555508
0.0567891
0.0580237
0.0592333
0.0604816
0.0617529
0.0630927
0.0644772
0.065851
0.0671721
0.0685667
0.0699569
0.0713475
0.0727833
0.0740819
0.0752063
0.0762473
0.0092012
0.00824899
0.00674455
0.00498951
0.00329662
0.00255476
0.00305045
0.00410341
0.00507742
0.00585796
0.00640258
0.00673373
0.00707155
0.00750281
0.00790927
0.00827404
0.00870666
0.00920156
0.00964012
0.0100443
0.0105057
0.0109852
0.0114381
0.011904
0.0123628
0.0127904
0.0132051
0.0136325
0.014114
0.0146273
0.0151108
0.0155784
0.0160959
0.0166408
0.0171494
0.0176549
0.0181818
0.0186973
0.0192052
0.0197329
0.0202874
0.0208471
0.0214065
0.0220014
0.0226162
0.023219
0.0238336
0.0244531
0.0250656
0.0256817
0.0262991
0.0269401
0.0276232
0.0283085
0.0289649
0.0296673
0.0304037
0.0311399
0.0318995
0.0326913
0.0335173
0.034274
0.0349707
0.0357316
0.0365903
0.037443
0.0383262
0.0392177
0.040082
0.0409821
0.0419128
0.0428469
0.0437898
0.0447652
0.0457575
0.0467628
0.0477689
0.0488097
0.0498877
0.0509831
0.0520787
0.0531999
0.05435
0.055551
0.0567891
0.0580239
0.0592339
0.0604824
0.0617534
0.0630925
0.0644772
0.065851
0.0671725
0.0685672
0.0699578
0.0713485
0.0727841
0.0740858
0.0752123
0.0762492
0.00898743
0.00812883
0.00674922
0.00519186
0.0036199
0.00283068
0.00318108
0.00413601
0.00509544
0.00589328
0.00644253
0.00676938
0.00710469
0.00753381
0.00793813
0.00830062
0.0087296
0.00922174
0.00965983
0.010063
0.0105214
0.0109982
0.01145
0.011914
0.0123708
0.0127991
0.0132168
0.0136455
0.014124
0.0146338
0.0151177
0.0155869
0.0161028
0.0166451
0.0171531
0.0176587
0.0181854
0.018701
0.0192094
0.0197372
0.0202913
0.020851
0.0214106
0.0220046
0.0226181
0.0232205
0.023835
0.0244543
0.0250666
0.0256831
0.0263016
0.0269428
0.0276248
0.0283095
0.0289667
0.0296693
0.0304054
0.0311415
0.0319005
0.0326907
0.0335153
0.0342715
0.0349695
0.0357318
0.0365919
0.0374447
0.0383272
0.039218
0.0400823
0.0409827
0.0419134
0.0428475
0.0437903
0.0447658
0.0457581
0.0467632
0.0477694
0.0488108
0.0498887
0.0509835
0.0520793
0.0532009
0.0543513
0.0555513
0.0567888
0.0580237
0.0592343
0.0604833
0.0617542
0.0630924
0.064477
0.0658508
0.067173
0.0685678
0.0699587
0.0713496
0.0727849
0.07409
0.0752186
0.0762513
0.00878324
0.00802728
0.00674985
0.00536637
0.0039283
0.00311614
0.00332909
0.00417675
0.00511271
0.00592645
0.00648321
0.00680765
0.00714066
0.00756693
0.00796821
0.00832809
0.00875354
0.00924294
0.00968052
0.0100827
0.0105379
0.0110118
0.0114625
0.0119248
0.0123793
0.0128082
0.013229
0.013659
0.0141344
0.0146408
0.0151251
0.0155958
0.0161102
0.0166497
0.017157
0.0176628
0.0181893
0.0187048
0.0192139
0.0197417
0.0202955
0.0208551
0.0214149
0.0220081
0.0226202
0.023222
0.0238365
0.0244556
0.0250676
0.0256845
0.0263041
0.0269456
0.0276264
0.0283106
0.0289686
0.0296715
0.0304072
0.0311432
0.0319016
0.0326902
0.0335131
0.0342689
0.0349686
0.0357324
0.0365936
0.0374463
0.0383282
0.0392183
0.0400826
0.0409833
0.0419141
0.042848
0.0437909
0.0447664
0.0457587
0.0467636
0.04777
0.0488117
0.0498897
0.0509839
0.0520798
0.0532019
0.0543525
0.0555517
0.0567885
0.0580233
0.0592346
0.0604842
0.0617551
0.0630923
0.0644766
0.0658505
0.0671733
0.0685684
0.0699598
0.071351
0.0727859
0.0740943
0.0752252
0.0762535
0.00858527
0.0079423
0.00675132
0.00551499
0.00421884
0.00340841
0.00349579
0.00422774
0.00513008
0.00595692
0.00652383
0.00684832
0.0071797
0.0076025
0.00799966
0.00835653
0.00877854
0.0092652
0.00970223
0.0101034
0.0105551
0.0110261
0.0114758
0.0119363
0.0123884
0.0128178
0.0132416
0.0136731
0.0141455
0.0146482
0.0151329
0.0156052
0.0161179
0.0166546
0.0171612
0.0176673
0.0181936
0.0187089
0.0192185
0.0197466
0.0203001
0.0208594
0.0214195
0.0220117
0.0226223
0.0232237
0.0238383
0.024457
0.0250687
0.025686
0.0263068
0.0269485
0.0276281
0.0283117
0.0289707
0.0296737
0.0304091
0.0311449
0.0319028
0.0326898
0.0335109
0.0342664
0.0349684
0.0357338
0.0365955
0.0374479
0.0383291
0.0392187
0.0400831
0.0409841
0.0419146
0.0428485
0.0437915
0.0447671
0.0457592
0.046764
0.0477707
0.0488127
0.0498907
0.0509843
0.0520803
0.0532028
0.0543537
0.0555522
0.0567881
0.0580227
0.0592347
0.0604849
0.061756
0.0630923
0.0644761
0.0658499
0.0671736
0.068569
0.069961
0.0713525
0.072787
0.0740988
0.0752321
0.0762559
0.00839188
0.0078713
0.00675742
0.00563977
0.00448886
0.00370467
0.00368143
0.00429058
0.00514877
0.00598483
0.00656378
0.00689089
0.00722179
0.00764075
0.00803273
0.00838609
0.00880471
0.00928855
0.00972498
0.010125
0.0105731
0.0110411
0.0114899
0.0119486
0.0123982
0.0128277
0.0132547
0.0136878
0.014157
0.0146562
0.0151413
0.0156151
0.0161261
0.0166597
0.0171656
0.0176721
0.0181981
0.0187131
0.0192234
0.0197518
0.020305
0.0208639
0.0214242
0.0220155
0.0226244
0.0232255
0.0238401
0.0244585
0.0250698
0.0256875
0.0263095
0.0269515
0.0276299
0.028313
0.0289729
0.0296761
0.030411
0.0311467
0.0319043
0.0326895
0.0335086
0.0342642
0.0349691
0.0357361
0.0365976
0.0374493
0.0383298
0.039219
0.0400838
0.040985
0.0419152
0.0428489
0.0437922
0.0447679
0.0457597
0.0467644
0.0477715
0.0488138
0.0498915
0.0509847
0.0520807
0.0532037
0.0543548
0.0555528
0.0567877
0.0580219
0.0592347
0.0604855
0.061757
0.0630925
0.0644753
0.0658491
0.0671739
0.0685697
0.0699622
0.0713541
0.0727883
0.0741034
0.0752392
0.0762585
0.00820229
0.00781065
0.00677137
0.00574395
0.00473612
0.00400135
0.00388499
0.00436679
0.00517063
0.00601081
0.00660244
0.0069346
0.00726677
0.00768198
0.0080678
0.00841696
0.00883211
0.00931299
0.00974877
0.0101477
0.0105919
0.0110568
0.0115049
0.0119618
0.0124085
0.0128382
0.0132685
0.0137032
0.0141692
0.0146646
0.0151502
0.0156256
0.0161347
0.0166651
0.0171703
0.0176772
0.0182029
0.0187176
0.0192285
0.0197573
0.0203101
0.0208686
0.0214291
0.0220195
0.0226267
0.0232273
0.0238422
0.0244602
0.0250711
0.025689
0.0263124
0.0269547
0.0276318
0.0283144
0.0289754
0.0296787
0.030413
0.0311485
0.0319059
0.0326901
0.0335063
0.0342623
0.0349707
0.0357393
0.0365998
0.0374507
0.0383303
0.0392193
0.0400845
0.0409861
0.0419158
0.0428493
0.0437929
0.0447688
0.0457601
0.0467648
0.0477725
0.0488151
0.0498922
0.0509851
0.0520812
0.0532047
0.0543558
0.0555536
0.0567872
0.0580212
0.0592347
0.0604861
0.0617579
0.0630928
0.0644745
0.0658482
0.0671741
0.0685704
0.0699635
0.0713558
0.0727898
0.0741081
0.0752465
0.0762613
0.00801601
0.00775575
0.0067963
0.00583189
0.00495837
0.00429448
0.00410497
0.00445807
0.00519765
0.00603572
0.00663928
0.00697865
0.00731427
0.00772635
0.00810523
0.00844941
0.00886082
0.00933851
0.00977359
0.0101715
0.0106116
0.0110733
0.0115208
0.0119759
0.0124196
0.0128492
0.0132829
0.0137192
0.0141819
0.0146736
0.0151595
0.0156365
0.0161437
0.0166708
0.0171753
0.0176827
0.0182079
0.0187224
0.0192339
0.019763
0.0203154
0.0208734
0.0214343
0.0220236
0.0226291
0.0232294
0.0238444
0.024462
0.0250724
0.0256907
0.0263153
0.026958
0.0276338
0.028316
0.028978
0.0296814
0.0304151
0.0311504
0.0319076
0.0326903
0.0335041
0.0342606
0.0349731
0.0357432
0.0366022
0.037452
0.0383308
0.0392194
0.0400853
0.0409872
0.0419164
0.0428498
0.0437936
0.0447697
0.0457606
0.0467653
0.0477735
0.0488165
0.0498929
0.0509855
0.0520817
0.0532059
0.0543568
0.0555545
0.0567868
0.0580206
0.0592347
0.0604866
0.0617588
0.0630934
0.0644736
0.0658472
0.0671744
0.0685711
0.0699648
0.0713575
0.0727914
0.0741129
0.0752542
0.0762644
0.00783343
0.00770121
0.0068341
0.00590869
0.00515394
0.00458038
0.00433964
0.00456547
0.00523137
0.00606073
0.00667436
0.0070224
0.00736368
0.00777369
0.00814524
0.00848377
0.008891
0.00936516
0.00979947
0.0101964
0.0106322
0.0110906
0.0115377
0.011991
0.0124314
0.0128609
0.0132979
0.0137359
0.0141951
0.014683
0.0151694
0.015648
0.0161532
0.0166769
0.0171807
0.0176887
0.0182133
0.0187273
0.0192395
0.019769
0.0203209
0.0208786
0.0214397
0.0220279
0.0226317
0.0232316
0.0238467
0.024464
0.0250738
0.0256923
0.0263183
0.0269614
0.027636
0.0283177
0.0289809
0.0296844
0.0304173
0.0311524
0.0319094
0.0326927
0.0335019
0.0342593
0.0349759
0.0357476
0.0366046
0.0374532
0.0383312
0.0392194
0.040086
0.0409884
0.0419171
0.0428502
0.0437945
0.0447707
0.0457611
0.0467658
0.0477747
0.0488181
0.0498937
0.050986
0.0520825
0.0532072
0.054358
0.0555557
0.0567865
0.05802
0.0592348
0.0604873
0.0617597
0.0630942
0.0644727
0.0658461
0.0671747
0.0685719
0.0699661
0.0713593
0.0727932
0.0741179
0.0752622
0.0762678
0.0076572
0.00764067
0.00688391
0.00598087
0.00532263
0.00485508
0.00458675
0.00468931
0.00527306
0.0060874
0.00670826
0.00706536
0.0074142
0.00782369
0.00818806
0.00852045
0.00892284
0.00939293
0.00982643
0.0102225
0.0106538
0.0111088
0.0115557
0.0120072
0.0124439
0.0128731
0.0133136
0.0137532
0.0142089
0.0146929
0.0151797
0.0156601
0.0161632
0.0166832
0.0171864
0.017695
0.018219
0.0187326
0.0192454
0.0197753
0.0203265
0.0208839
0.0214454
0.0220324
0.0226343
0.0232339
0.0238493
0.0244662
0.0250753
0.0256941
0.0263214
0.026965
0.0276382
0.0283195
0.0289839
0.0296874
0.0304196
0.0311545
0.0319113
0.0326929
0.0334999
0.034258
0.0349791
0.0357522
0.036607
0.0374545
0.0383317
0.0392194
0.0400869
0.0409896
0.0419178
0.0428508
0.0437954
0.0447717
0.0457616
0.0467664
0.047776
0.0488199
0.0498946
0.0509866
0.0520834
0.0532087
0.0543593
0.055557
0.0567863
0.0580195
0.059235
0.0604882
0.0617608
0.0630951
0.064472
0.0658452
0.0671752
0.0685727
0.0699675
0.0713613
0.0727951
0.074123
0.0752705
0.0762715
0.00749369
0.00756809
0.00694123
0.00605627
0.00546622
0.00511365
0.00484364
0.00482991
0.00532368
0.00611737
0.00674207
0.00710715
0.00746492
0.00787584
0.00823382
0.00855992
0.00895671
0.00942189
0.00985444
0.0102496
0.0106764
0.0111279
0.0115749
0.0120246
0.0124573
0.012886
0.01333
0.0137712
0.0142233
0.0147032
0.0151905
0.0156727
0.0161737
0.01669
0.0171924
0.0177018
0.018225
0.0187381
0.0192517
0.0197818
0.0203323
0.0208895
0.0214513
0.022037
0.0226371
0.0232365
0.023852
0.0244685
0.0250769
0.0256959
0.0263247
0.0269687
0.0276406
0.0283215
0.028987
0.0296906
0.0304219
0.0311566
0.0319132
0.032693
0.0334979
0.0342569
0.0349823
0.0357569
0.0366094
0.0374558
0.0383323
0.0392193
0.0400877
0.0409909
0.0419186
0.0428514
0.0437963
0.0447728
0.0457622
0.046767
0.0477774
0.0488217
0.0498957
0.0509873
0.0520845
0.0532104
0.0543609
0.0555586
0.0567861
0.0580191
0.0592354
0.0604893
0.0617621
0.0630963
0.0644714
0.0658444
0.0671758
0.0685737
0.069969
0.0713634
0.072797
0.0741283
0.0752792
0.0762755
0.00735101
0.00748156
0.00699903
0.00614149
0.00558897
0.00535089
0.00510711
0.00498798
0.00538385
0.00615165
0.00677739
0.00714789
0.007515
0.00792941
0.00828235
0.00860238
0.00899299
0.00945231
0.00988354
0.010278
0.0106998
0.011148
0.0115953
0.0120432
0.0124715
0.0128996
0.0133472
0.0137899
0.0142383
0.014714
0.0152017
0.015686
0.0161848
0.0166971
0.0171989
0.017709
0.0182314
0.0187439
0.0192582
0.0197886
0.0203383
0.0208953
0.0214575
0.0220417
0.0226401
0.0232393
0.023855
0.0244711
0.0250787
0.0256979
0.0263281
0.0269726
0.0276432
0.0283236
0.0289903
0.029694
0.0304243
0.0311588
0.0319151
0.0326932
0.033496
0.0342558
0.0349856
0.0357616
0.0366119
0.0374573
0.0383329
0.0392193
0.0400886
0.0409923
0.0419194
0.042852
0.0437974
0.0447738
0.0457629
0.0467677
0.0477789
0.0488235
0.0498969
0.0509882
0.0520859
0.0532122
0.0543627
0.0555602
0.0567861
0.0580187
0.059236
0.0604906
0.0617637
0.0630976
0.0644711
0.0658438
0.0671766
0.0685747
0.0699705
0.0713656
0.072799
0.0741338
0.0752883
0.0762798
0.00723584
0.00738578
0.00704897
0.0062387
0.00569813
0.00556287
0.0053722
0.0051645
0.00545406
0.00619028
0.00681613
0.00718853
0.00756371
0.00798354
0.00833337
0.00864794
0.00903192
0.00948444
0.00991386
0.0103075
0.0107242
0.011169
0.0116169
0.0120629
0.0124866
0.012914
0.0133652
0.0138093
0.0142539
0.0147253
0.0152134
0.0156998
0.0161964
0.0167046
0.0172057
0.0177168
0.0182383
0.0187501
0.019265
0.0197957
0.0203445
0.0209014
0.021464
0.0220467
0.0226433
0.0232422
0.023858
0.0244738
0.0250806
0.0256999
0.0263316
0.0269766
0.0276458
0.0283257
0.0289937
0.0296975
0.0304268
0.0311611
0.0319171
0.0326934
0.0334942
0.0342548
0.0349888
0.0357663
0.0366145
0.0374589
0.0383337
0.0392194
0.0400895
0.0409936
0.0419203
0.0428528
0.0437985
0.0447749
0.0457637
0.0467684
0.0477804
0.0488254
0.0498982
0.0509892
0.0520874
0.053214
0.0543646
0.0555618
0.0567861
0.0580183
0.0592369
0.0604921
0.0617655
0.0630989
0.0644709
0.0658433
0.0671776
0.0685758
0.0699721
0.071368
0.0728012
0.0741395
0.0752978
0.0762846
0.00715132
0.00729006
0.00708388
0.00634441
0.00580297
0.00574882
0.00563177
0.0053593
0.00553582
0.00623277
0.00685989
0.00723083
0.00761045
0.00803718
0.00838656
0.00869663
0.00907369
0.00951867
0.0099456
0.010338
0.0107496
0.011191
0.0116399
0.012084
0.0125026
0.0129291
0.013384
0.0138296
0.0142702
0.0147372
0.0152257
0.0157142
0.0162085
0.0167125
0.0172129
0.0177249
0.0182456
0.0187566
0.0192723
0.0198031
0.0203509
0.0209078
0.0214707
0.0220519
0.0226466
0.0232453
0.0238614
0.0244767
0.0250826
0.025702
0.0263352
0.0269808
0.0276487
0.028328
0.0289972
0.0297012
0.0304293
0.0311634
0.0319191
0.0326938
0.0334925
0.034254
0.034992
0.035771
0.0366172
0.0374606
0.0383346
0.0392195
0.0400904
0.040995
0.0419212
0.0428535
0.0437996
0.0447761
0.0457646
0.0467692
0.047782
0.0488273
0.0498995
0.0509902
0.052089
0.053216
0.0543667
0.0555634
0.0567861
0.0580179
0.0592379
0.0604938
0.0617676
0.0631003
0.0644708
0.0658429
0.0671787
0.0685771
0.0699738
0.0713706
0.0728035
0.0741454
0.0753076
0.0762897
0.00709512
0.00720396
0.00710167
0.00645173
0.00591122
0.00591201
0.00587853
0.00556942
0.00563173
0.00627889
0.00690922
0.00727737
0.00765526
0.00808903
0.00844136
0.00874826
0.00911832
0.00955539
0.00997921
0.0103698
0.0107758
0.011214
0.0116641
0.0121064
0.0125198
0.0129451
0.0134036
0.0138506
0.0142872
0.0147495
0.0152385
0.0157294
0.0162213
0.0167208
0.0172206
0.0177337
0.0182533
0.0187634
0.0192799
0.019811
0.0203577
0.0209144
0.0214777
0.0220573
0.0226501
0.0232486
0.0238649
0.0244799
0.0250849
0.0257042
0.0263389
0.0269851
0.0276517
0.0283304
0.0290009
0.029705
0.030432
0.0311658
0.0319211
0.0326942
0.033491
0.0342532
0.0349952
0.0357756
0.0366199
0.0374625
0.0383356
0.0392196
0.0400914
0.0409965
0.0419221
0.0428543
0.0438008
0.0447772
0.0457655
0.04677
0.0477837
0.0488293
0.0499009
0.0509913
0.0520907
0.0532181
0.0543689
0.055565
0.0567863
0.0580175
0.0592392
0.0604956
0.0617698
0.0631017
0.0644709
0.0658427
0.06718
0.0685784
0.0699756
0.0713733
0.0728059
0.0741515
0.0753178
0.0762952
0.0070627
0.00713467
0.0071057
0.0065541
0.00602499
0.00605916
0.00610845
0.00578889
0.00574393
0.00632931
0.00696307
0.00733068
0.00769949
0.00813793
0.00849709
0.00880269
0.00916576
0.00959468
0.0100149
0.010403
0.0108031
0.0112383
0.0116898
0.0121301
0.0125379
0.012962
0.0134242
0.0138726
0.014305
0.0147625
0.0152518
0.0157453
0.0162349
0.0167296
0.0172287
0.017743
0.0182615
0.0187706
0.0192877
0.0198191
0.0203647
0.0209214
0.021485
0.0220631
0.0226538
0.0232521
0.0238687
0.0244833
0.0250873
0.0257065
0.0263428
0.0269897
0.0276548
0.0283328
0.0290047
0.029709
0.0304348
0.0311683
0.0319233
0.0326947
0.0334895
0.0342525
0.0349983
0.0357803
0.0366227
0.0374644
0.0383367
0.0392199
0.0400925
0.040998
0.041923
0.0428552
0.043802
0.0447784
0.0457664
0.046771
0.0477854
0.0488312
0.0499023
0.0509924
0.0520925
0.0532203
0.0543712
0.0555666
0.0567864
0.0580172
0.0592405
0.0604975
0.061772
0.0631031
0.064471
0.0658425
0.0671813
0.0685799
0.0699774
0.0713763
0.0728086
0.0741577
0.0753283
0.0763011
0.00704906
0.00708607
0.00710146
0.00664688
0.00614057
0.00619703
0.00632222
0.00601062
0.00587216
0.00638646
0.00702037
0.00739195
0.0077455
0.00818308
0.00855245
0.00885974
0.00921614
0.00963692
0.0100528
0.0104376
0.0108314
0.0112637
0.0117169
0.0121551
0.0125572
0.0129799
0.0134456
0.0138955
0.0143237
0.0147762
0.0152658
0.0157618
0.016249
0.0167389
0.0172374
0.0177529
0.0182704
0.0187781
0.0192961
0.0198277
0.020372
0.0209285
0.0214926
0.0220691
0.0226577
0.0232559
0.0238728
0.024487
0.0250898
0.0257089
0.0263468
0.0269945
0.0276582
0.0283354
0.0290087
0.0297131
0.0304376
0.0311708
0.0319255
0.0326954
0.0334882
0.034252
0.0350015
0.0357848
0.0366256
0.0374663
0.0383379
0.0392203
0.0400935
0.0409995
0.041924
0.042856
0.0438032
0.0447797
0.0457674
0.046772
0.0477871
0.0488332
0.0499038
0.0509935
0.0520944
0.0532225
0.0543735
0.0555682
0.0567867
0.058017
0.0592419
0.0604995
0.0617743
0.0631045
0.0644712
0.0658425
0.0671828
0.0685815
0.0699794
0.0713794
0.0728115
0.0741642
0.0753392
0.0763074
0.0070484
0.00706035
0.00709502
0.00672979
0.00625332
0.00632764
0.00652268
0.00622967
0.00601252
0.00645302
0.00708166
0.00746095
0.00779643
0.0082251
0.00860563
0.00891841
0.00926912
0.0096823
0.0100934
0.010474
0.0108613
0.0112906
0.0117452
0.0121814
0.0125776
0.0129988
0.0134682
0.0139194
0.0143432
0.0147905
0.0152803
0.0157791
0.0162639
0.0167488
0.0172465
0.0177633
0.0182797
0.0187861
0.0193048
0.0198368
0.0203798
0.020936
0.0215006
0.0220753
0.0226617
0.0232598
0.0238771
0.024491
0.0250926
0.0257114
0.026351
0.0269994
0.0276617
0.0283381
0.0290128
0.0297174
0.0304406
0.0311734
0.0319279
0.0326961
0.0334871
0.0342516
0.0350047
0.0357894
0.0366285
0.0374684
0.0383392
0.0392207
0.0400947
0.041001
0.041925
0.042857
0.0438045
0.044781
0.0457685
0.046773
0.0477889
0.0488352
0.0499053
0.0509948
0.0520962
0.0532247
0.0543759
0.0555699
0.056787
0.0580168
0.0592434
0.0605015
0.0617767
0.063106
0.0644714
0.0658424
0.0671842
0.0685832
0.0699815
0.0713827
0.0728147
0.0741709
0.0753505
0.0763142
0.00705194
0.00705664
0.00709205
0.00680554
0.00636141
0.00644802
0.00671327
0.00644687
0.006159
0.00652877
0.00714879
0.00753632
0.00785447
0.00826672
0.00865576
0.00897752
0.00932441
0.00973072
0.0101367
0.010512
0.0108929
0.0113193
0.011775
0.012209
0.0125991
0.0130186
0.0134917
0.0139444
0.0143637
0.0148055
0.0152955
0.0157972
0.0162796
0.0167593
0.0172562
0.0177745
0.0182896
0.0187944
0.0193138
0.0198462
0.0203878
0.0209438
0.021509
0.022082
0.022666
0.0232639
0.0238818
0.0244952
0.0250956
0.025714
0.0263553
0.0270046
0.0276654
0.0283408
0.0290171
0.0297218
0.0304436
0.031176
0.0319303
0.032697
0.0334861
0.0342514
0.0350079
0.0357939
0.0366315
0.0374705
0.0383406
0.0392213
0.0400959
0.0410026
0.041926
0.0428579
0.0438059
0.0447823
0.0457696
0.0467742
0.0477907
0.0488373
0.0499068
0.050996
0.0520982
0.0532271
0.0543783
0.0555716
0.0567875
0.0580167
0.0592449
0.0605035
0.0617791
0.0631076
0.0644716
0.0658425
0.0671857
0.068585
0.0699837
0.0713862
0.0728183
0.0741778
0.0753621
0.0763215
0.00704991
0.0070705
0.00709651
0.00687685
0.00646603
0.00655384
0.0068929
0.00666613
0.00630905
0.00661039
0.00722411
0.00761793
0.00791892
0.00831072
0.00870288
0.00903553
0.00938189
0.00978239
0.0101829
0.0105515
0.0109262
0.0113501
0.0118063
0.0122379
0.0126221
0.0130395
0.0135162
0.0139705
0.0143852
0.0148212
0.0153114
0.0158161
0.016296
0.0167702
0.0172664
0.0177863
0.0183002
0.0188033
0.0193233
0.0198561
0.0203962
0.0209517
0.0215176
0.022089
0.0226706
0.0232685
0.0238868
0.0244998
0.0250987
0.0257167
0.0263597
0.02701
0.0276694
0.0283438
0.0290215
0.0297264
0.0304468
0.0311788
0.0319328
0.032698
0.0334852
0.0342513
0.0350112
0.0357984
0.0366345
0.0374727
0.0383421
0.039222
0.0400972
0.0410043
0.0419271
0.042859
0.0438074
0.0447837
0.0457707
0.0467755
0.0477926
0.0488394
0.0499084
0.0509974
0.0521001
0.0532294
0.0543808
0.0555734
0.056788
0.0580167
0.0592464
0.0605055
0.0617815
0.0631092
0.0644719
0.0658426
0.0671872
0.068587
0.069986
0.0713899
0.0728222
0.0741849
0.0753741
0.0763292
0.00703723
0.00709417
0.00710969
0.00694639
0.00657077
0.00664431
0.0070539
0.00688979
0.00646645
0.00669277
0.00730741
0.00770861
0.00798892
0.00835875
0.00874823
0.00909099
0.00944081
0.00983711
0.0102322
0.0105931
0.0109611
0.0113833
0.0118394
0.0122677
0.0126462
0.0130615
0.0135415
0.0139979
0.0144079
0.0148377
0.0153279
0.0158359
0.0163134
0.0167819
0.0172772
0.0177986
0.0183114
0.0188126
0.0193333
0.0198665
0.0204051
0.0209601
0.0215267
0.0220963
0.0226752
0.0232731
0.0238922
0.0245047
0.0251022
0.0257197
0.0263644
0.0270157
0.0276734
0.0283467
0.029026
0.0297312
0.03045
0.0311816
0.0319354
0.0326991
0.0334845
0.0342513
0.0350144
0.0358029
0.0366376
0.037475
0.0383437
0.0392228
0.0400985
0.0410059
0.0419282
0.0428601
0.0438089
0.0447852
0.0457719
0.0467768
0.0477946
0.0488416
0.04991
0.0509988
0.0521022
0.0532318
0.0543833
0.0555753
0.0567886
0.0580167
0.059248
0.0605076
0.0617839
0.0631109
0.0644723
0.0658428
0.0671888
0.0685891
0.0699884
0.0713938
0.0728265
0.0741923
0.0753864
0.0763374
0.00701748
0.00711802
0.00712849
0.00701425
0.00667917
0.0067245
0.00718932
0.00711436
0.00663798
0.00677382
0.00739331
0.00781083
0.0080658
0.00841043
0.00879362
0.0091437
0.00950045
0.00989465
0.0102838
0.0106373
0.010998
0.0114187
0.0118747
0.0122989
0.0126715
0.0130847
0.0135678
0.0140264
0.0144319
0.014855
0.015345
0.0158566
0.0163318
0.0167943
0.0172885
0.0178119
0.0183233
0.0188223
0.0193436
0.0198773
0.0204142
0.0209687
0.0215362
0.0221041
0.0226803
0.0232781
0.0238978
0.0245099
0.0251057
0.0257227
0.0263692
0.0270217
0.0276778
0.0283499
0.0290307
0.0297361
0.0304534
0.0311844
0.0319382
0.0327004
0.0334841
0.0342515
0.0350177
0.0358072
0.0366408
0.0374774
0.0383455
0.0392237
0.0400999
0.0410077
0.0419294
0.0428612
0.0438106
0.0447867
0.0457732
0.0467783
0.0477966
0.0488437
0.0499116
0.0510002
0.0521043
0.0532343
0.0543858
0.0555773
0.0567893
0.0580169
0.0592496
0.0605097
0.0617864
0.0631127
0.0644727
0.065843
0.0671903
0.0685914
0.069991
0.0713979
0.0728312
0.0742
0.0753991
0.0763462
0.00700003
0.00713789
0.00714796
0.00707659
0.0067919
0.00680173
0.00729582
0.00732936
0.00682987
0.00686005
0.00747431
0.00792319
0.00815403
0.00846534
0.00883898
0.00919413
0.00956037
0.00995489
0.0103369
0.0106836
0.011038
0.0114561
0.0119125
0.0123319
0.0126976
0.013109
0.0135951
0.014056
0.0144573
0.0148733
0.0153627
0.0158781
0.0163512
0.0168075
0.0173003
0.0178257
0.0183361
0.0188327
0.0193544
0.0198887
0.0204239
0.0209776
0.0215459
0.0221121
0.0226855
0.0232834
0.023904
0.0245156
0.0251097
0.0257258
0.0263741
0.0270278
0.0276822
0.0283531
0.0290356
0.0297413
0.0304569
0.0311874
0.0319409
0.0327018
0.0334837
0.0342519
0.0350209
0.0358116
0.036644
0.0374798
0.0383473
0.0392247
0.0401014
0.0410095
0.0419307
0.0428625
0.0438123
0.0447882
0.0457746
0.0467798
0.0477987
0.048846
0.0499133
0.0510018
0.0521065
0.0532368
0.0543884
0.0555794
0.0567902
0.0580172
0.0592513
0.0605119
0.0617889
0.0631146
0.0644731
0.0658433
0.0671919
0.0685938
0.0699937
0.0714022
0.0728363
0.0742079
0.075412
0.0763556
0.00699414
0.00715871
0.00716306
0.00712726
0.00690608
0.00688403
0.00737827
0.00752382
0.00704036
0.00696118
0.00754631
0.00803872
0.0082576
0.00852627
0.00888326
0.00924269
0.00962086
0.0100183
0.0103909
0.0107309
0.0110816
0.011496
0.0119519
0.0123675
0.0127253
0.0131342
0.0136236
0.0140866
0.0144838
0.0148927
0.0153812
0.0159005
0.0163717
0.0168214
0.0173127
0.0178403
0.0183497
0.0188435
0.0193655
0.0199007
0.020434
0.0209868
0.0215563
0.0221208
0.0226911
0.0232888
0.0239103
0.0245215
0.0251139
0.0257293
0.0263793
0.0270344
0.027687
0.0283565
0.0290406
0.0297465
0.0304605
0.0311905
0.0319439
0.0327035
0.0334836
0.0342524
0.0350242
0.0358159
0.0366472
0.0374824
0.0383492
0.0392258
0.0401029
0.0410114
0.041932
0.0428638
0.0438141
0.0447898
0.045776
0.0467815
0.0478009
0.0488483
0.0499151
0.0510035
0.0521089
0.0532393
0.054391
0.0555815
0.0567911
0.0580175
0.059253
0.0605141
0.0617914
0.0631166
0.0644736
0.0658437
0.0671935
0.0685964
0.0699965
0.0714067
0.0728419
0.074216
0.0754253
0.0763655
0.00701116
0.00718945
0.00717188
0.00715688
0.0070131
0.00697641
0.00744679
0.00769296
0.00726052
0.0070866
0.00761489
0.00814797
0.00837488
0.00859831
0.00892654
0.00928816
0.00968174
0.0100858
0.0104467
0.0107775
0.0111282
0.0115396
0.0119926
0.0124051
0.0127549
0.0131599
0.0136533
0.0141188
0.0145114
0.0149131
0.0154005
0.0159238
0.0163934
0.0168363
0.0173256
0.0178555
0.0183642
0.018855
0.019377
0.0199131
0.0204447
0.0209962
0.0215668
0.0221298
0.022697
0.0232946
0.0239172
0.024528
0.0251183
0.0257327
0.0263845
0.0270411
0.0276921
0.02836
0.0290458
0.029752
0.0304643
0.0311935
0.0319469
0.0327052
0.0334837
0.0342531
0.0350274
0.0358201
0.0366505
0.037485
0.0383512
0.039227
0.0401046
0.0410134
0.0419334
0.0428651
0.0438159
0.0447915
0.0457775
0.0467832
0.0478031
0.0488507
0.0499169
0.0510053
0.0521113
0.0532419
0.0543937
0.0555838
0.0567921
0.058018
0.0592548
0.0605163
0.061794
0.0631187
0.0644742
0.0658442
0.0671952
0.0685991
0.0699996
0.0714114
0.0728479
0.0742245
0.0754389
0.0763761
0.00705003
0.00723469
0.00717593
0.00715486
0.00710141
0.00707743
0.00751023
0.00783787
0.00747974
0.00723743
0.00769115
0.00824689
0.00849872
0.00868592
0.00897333
0.00932937
0.00974111
0.010158
0.0105066
0.0108227
0.0111757
0.0115884
0.0120358
0.0124442
0.0127871
0.0131866
0.0136833
0.0141526
0.0145404
0.0149344
0.0154206
0.0159481
0.0164163
0.0168522
0.0173393
0.0178715
0.0183795
0.0188673
0.0193891
0.0199261
0.0204559
0.0210061
0.0215779
0.0221393
0.0227031
0.0233006
0.0239244
0.0245349
0.0251232
0.0257365
0.02639
0.0270482
0.0276973
0.0283635
0.029051
0.0297576
0.0304683
0.0311968
0.03195
0.0327072
0.033484
0.034254
0.0350307
0.0358243
0.0366538
0.0374878
0.0383534
0.0392283
0.0401063
0.0410155
0.0419348
0.0428666
0.0438179
0.0447932
0.045779
0.046785
0.0478053
0.0488532
0.0499188
0.0510071
0.0521137
0.0532446
0.0543964
0.0555861
0.0567932
0.0580185
0.0592567
0.0605186
0.0617965
0.0631209
0.0644749
0.0658449
0.0671969
0.068602
0.0700029
0.0714162
0.0728544
0.0742332
0.0754527
0.0763872
0.00711251
0.00728984
0.00717203
0.007117
0.00715943
0.00718291
0.00757491
0.00796254
0.00768657
0.00740268
0.00778346
0.00834076
0.00861867
0.00878618
0.00903101
0.00936872
0.00979533
0.0102332
0.0105739
0.010868
0.0112207
0.0116415
0.0120838
0.012484
0.0128213
0.0132155
0.0137139
0.0141879
0.0145713
0.0149562
0.0154413
0.0159738
0.0164405
0.0168689
0.0173534
0.0178882
0.0183958
0.0188804
0.0194015
0.0199396
0.0204678
0.0210163
0.0215894
0.0221495
0.0227099
0.0233069
0.023932
0.0245422
0.0251283
0.0257404
0.0263957
0.0270557
0.0277029
0.0283673
0.0290566
0.0297635
0.0304723
0.0312
0.0319532
0.0327094
0.0334845
0.034255
0.035034
0.0358284
0.0366572
0.0374907
0.0383556
0.0392296
0.0401082
0.0410177
0.0419363
0.0428681
0.0438199
0.044795
0.0457806
0.0467869
0.0478076
0.0488557
0.0499208
0.0510091
0.0521163
0.0532474
0.0543992
0.0555885
0.0567944
0.0580192
0.0592586
0.0605209
0.0617991
0.0631231
0.0644756
0.0658457
0.0671987
0.068605
0.0700064
0.0714213
0.0728614
0.0742423
0.0754668
0.076399
0.00730433
0.00736993
0.00716185
0.00704765
0.00718066
0.00729457
0.00765194
0.00807278
0.00787533
0.00756706
0.00789054
0.00844075
0.00872859
0.00888927
0.00910476
0.00941328
0.00984129
0.0103056
0.0106504
0.0109178
0.0112602
0.0116954
0.0121392
0.0125259
0.0128557
0.0132469
0.0137455
0.0142238
0.0146044
0.0149791
0.0154621
0.0160007
0.0164664
0.0168866
0.0173683
0.0179057
0.018413
0.0188942
0.0194146
0.0199538
0.0204802
0.0210268
0.0216012
0.0221602
0.0227169
0.0233135
0.0239401
0.0245502
0.0251339
0.0257444
0.0264014
0.0270634
0.0277087
0.0283712
0.0290622
0.0297696
0.0304766
0.0312034
0.0319566
0.0327118
0.0334853
0.0342563
0.0350373
0.0358326
0.0366606
0.0374937
0.038358
0.0392311
0.0401101
0.0410201
0.0419378
0.0428696
0.043822
0.0447969
0.0457823
0.0467889
0.0478101
0.0488583
0.0499228
0.0510112
0.052119
0.0532502
0.0544019
0.055591
0.0567957
0.0580199
0.0592606
0.0605232
0.0618017
0.0631255
0.0644764
0.0658466
0.0672005
0.0686082
0.0700102
0.0714266
0.0728689
0.0742517
0.0754812
0.0764114
0.00738551
0.00744248
0.00720406
0.00701182
0.00718632
0.00742344
0.00776572
0.00817911
0.00804864
0.00772077
0.00800136
0.00855691
0.00883659
0.00898408
0.00919191
0.00947278
0.00988207
0.0103681
0.0107343
0.010978
0.011295
0.0117446
0.012202
0.0125736
0.0128891
0.0132799
0.0137798
0.0142603
0.0146392
0.0150038
0.0154828
0.0160286
0.0164945
0.0169052
0.0173834
0.0179241
0.0184314
0.0189088
0.0194281
0.0199685
0.0204935
0.0210378
0.0216135
0.0221716
0.0227244
0.0233203
0.0239484
0.0245585
0.0251399
0.0257488
0.0264074
0.0270714
0.027715
0.0283752
0.0290679
0.0297758
0.030481
0.0312069
0.0319601
0.0327144
0.0334864
0.0342577
0.0350407
0.0358367
0.0366639
0.0374967
0.0383606
0.0392326
0.0401122
0.0410225
0.0419395
0.0428713
0.0438243
0.0447988
0.0457841
0.046791
0.0478125
0.048861
0.049925
0.0510134
0.0521218
0.053253
0.0544048
0.0555935
0.056797
0.0580208
0.0592627
0.0605256
0.0618043
0.063128
0.0644773
0.0658477
0.0672025
0.0686116
0.0700143
0.0714321
0.0728769
0.0742614
0.0754957
0.0764244
0.00746551
0.00754085
0.00731948
0.00704742
0.00719493
0.00756194
0.00792558
0.00829718
0.0082098
0.00786427
0.00810497
0.00869034
0.00895953
0.00906834
0.009282
0.0095555
0.00992836
0.0104171
0.0108185
0.0110544
0.0113317
0.0117843
0.0122688
0.0126314
0.0129227
0.0133113
0.0138176
0.0142987
0.0146747
0.0150305
0.0155036
0.0160565
0.016525
0.0169256
0.0173988
0.0179432
0.0184509
0.0189244
0.0194422
0.0199839
0.0205073
0.0210491
0.0216261
0.0221836
0.0227325
0.0233274
0.0239573
0.0245676
0.0251464
0.0257533
0.0264135
0.0270798
0.0277215
0.0283794
0.0290739
0.0297824
0.0304857
0.0312105
0.0319637
0.0327172
0.0334876
0.0342593
0.0350441
0.0358408
0.0366673
0.0374999
0.0383632
0.0392341
0.0401143
0.041025
0.0419411
0.042873
0.0438266
0.0448009
0.0457859
0.0467932
0.0478151
0.0488638
0.0499272
0.0510157
0.0521247
0.053256
0.0544077
0.055596
0.0567984
0.0580218
0.0592649
0.0605281
0.0618069
0.0631305
0.0644783
0.065849
0.0672046
0.0686151
0.0700186
0.0714377
0.0728854
0.0742716
0.0755105
0.076438
0.00734832
0.00759669
0.007455
0.00713811
0.00721187
0.00767883
0.00811403
0.00843493
0.00836116
0.00800035
0.00818664
0.00882267
0.0091095
0.00915086
0.00935955
0.00965488
0.00999262
0.0104558
0.0108921
0.0111444
0.0113791
0.0118132
0.0123319
0.0127015
0.0129614
0.0133391
0.0138572
0.0143413
0.0147111
0.0150584
0.0155257
0.0160845
0.0165573
0.0169482
0.0174145
0.0179627
0.018472
0.0189411
0.0194566
0.0199998
0.0205222
0.0210611
0.0216391
0.0221964
0.0227413
0.0233348
0.0239663
0.0245772
0.0251535
0.0257582
0.0264197
0.0270886
0.0277285
0.0283837
0.02908
0.029789
0.0304905
0.0312142
0.0319676
0.0327205
0.0334893
0.0342612
0.0350477
0.0358449
0.0366708
0.0375033
0.038366
0.0392359
0.0401167
0.0410278
0.041943
0.0428748
0.043829
0.044803
0.0457879
0.0467954
0.0478177
0.0488666
0.0499295
0.0510182
0.0521277
0.053259
0.0544106
0.0555986
0.0567999
0.0580229
0.0592671
0.0605306
0.0618096
0.0631332
0.0644794
0.0658504
0.0672068
0.0686187
0.0700233
0.0714436
0.0728944
0.0742823
0.0755254
0.0764523
0.00754533
0.00774297
0.00758995
0.00725439
0.00724625
0.0077525
0.0082983
0.00859684
0.00850785
0.00813398
0.0082454
0.00892743
0.00928531
0.00925011
0.00941184
0.00975207
0.0100827
0.0104971
0.0109461
0.0112364
0.0114448
0.0118383
0.0123821
0.0127804
0.013011
0.0133625
0.0138943
0.0143897
0.0147503
0.0150859
0.0155486
0.0161128
0.0165906
0.0169732
0.017431
0.0179821
0.0184941
0.018959
0.0194717
0.0200162
0.0205378
0.0210736
0.0216523
0.0222097
0.0227507
0.0233424
0.0239758
0.0245875
0.0251611
0.0257631
0.026426
0.0270977
0.0277358
0.0283882
0.0290862
0.029796
0.0304956
0.031218
0.0319714
0.0327238
0.033491
0.0342632
0.0350513
0.035849
0.0366742
0.0375067
0.038369
0.0392376
0.040119
0.0410306
0.0419448
0.0428766
0.0438314
0.0448052
0.04579
0.0467978
0.0478204
0.0488695
0.0499319
0.0510208
0.0521307
0.053262
0.0544136
0.0556013
0.0568015
0.0580242
0.0592695
0.0605331
0.0618122
0.063136
0.0644806
0.0658519
0.0672092
0.0686224
0.0700284
0.0714498
0.0729039
0.0742934
0.0755405
0.0764671
0.0072967
0.0077981
0.00775667
0.00742704
0.00733261
0.00780785
0.0084616
0.00878743
0.00867606
0.00828383
0.00829782
0.00899156
0.0094742
0.00939698
0.00945387
0.00982939
0.0101964
0.0105617
0.0109869
0.0113174
0.0115302
0.0118731
0.0124166
0.0128593
0.0130778
0.0133869
0.0139242
0.0144427
0.0147958
0.0151128
0.015571
0.0161428
0.0166253
0.0170001
0.0174491
0.018002
0.0185173
0.0189784
0.0194873
0.0200331
0.0205543
0.0210868
0.0216659
0.0222236
0.022761
0.0233506
0.0239853
0.0245983
0.0251695
0.0257685
0.0264324
0.0271073
0.0277437
0.0283928
0.0290925
0.0298031
0.0305009
0.0312219
0.0319755
0.0327276
0.0334932
0.0342655
0.0350551
0.0358531
0.0366777
0.0375103
0.0383721
0.0392394
0.0401217
0.0410336
0.0419469
0.0428786
0.043834
0.0448076
0.0457921
0.0468003
0.0478232
0.0488726
0.0499344
0.0510235
0.0521339
0.0532651
0.0544166
0.0556041
0.0568032
0.0580256
0.0592719
0.0605357
0.0618149
0.0631389
0.0644819
0.0658537
0.0672118
0.0686263
0.0700338
0.0714561
0.0729138
0.0743049
0.0755558
0.0764826
0.00723732
0.0078907
0.00795403
0.00763458
0.00746259
0.00785688
0.00857819
0.00898789
0.00887394
0.00845802
0.00836104
0.00900982
0.00964689
0.0095995
0.00951017
0.00986671
0.0103119
0.0106611
0.0110306
0.0113756
0.0116209
0.011929
0.0124425
0.0129261
0.0131596
0.0134207
0.0139449
0.0144956
0.0148513
0.0151419
0.0155904
0.0161738
0.0166628
0.0170285
0.0174682
0.0180225
0.0185411
0.018999
0.0195039
0.0200506
0.0205716
0.0211007
0.0216801
0.0222382
0.0227718
0.0233592
0.0239954
0.0246098
0.0251787
0.0257742
0.0264389
0.0271172
0.0277521
0.0283977
0.0290989
0.0298107
0.0305067
0.031226
0.0319797
0.0327317
0.0334955
0.0342679
0.035059
0.0358572
0.0366812
0.0375142
0.0383754
0.0392414
0.0401243
0.0410367
0.0419489
0.0428806
0.0438366
0.04481
0.0457944
0.0468029
0.047826
0.0488757
0.049937
0.0510264
0.0521371
0.0532683
0.0544198
0.055607
0.056805
0.0580272
0.0592744
0.0605384
0.0618177
0.063142
0.0644834
0.0658555
0.0672146
0.0686304
0.0700396
0.0714628
0.0729241
0.074317
0.0755713
0.0764985
0.00709389
0.00788964
0.00812718
0.00785425
0.00761651
0.00790219
0.00863386
0.0091609
0.00909444
0.00865707
0.00844542
0.00899493
0.00976568
0.00983781
0.00960993
0.00987027
0.0103992
0.0107892
0.0110979
0.0114164
0.0116985
0.0120067
0.0124746
0.0129732
0.0132461
0.0134724
0.01396
0.0145405
0.014916
0.0151775
0.0156054
0.0162033
0.0167045
0.0170588
0.0174869
0.0180441
0.0185667
0.0190206
0.019521
0.0200687
0.02059
0.0211154
0.0216946
0.0222535
0.0227835
0.0233681
0.0240057
0.0246217
0.0251884
0.0257802
0.0264453
0.0271273
0.0277611
0.0284029
0.0291053
0.0298183
0.0305125
0.03123
0.031984
0.032736
0.0334982
0.0342705
0.0350631
0.0358614
0.0366846
0.037518
0.0383787
0.0392433
0.0401271
0.0410399
0.0419511
0.0428828
0.0438394
0.0448126
0.0457968
0.0468056
0.0478289
0.0488788
0.0499397
0.0510294
0.0521404
0.0532715
0.0544231
0.0556099
0.0568068
0.0580289
0.0592771
0.0605411
0.0618204
0.0631451
0.064485
0.0658576
0.0672177
0.0686345
0.0700458
0.0714698
0.0729348
0.0743296
0.0755869
0.076515
0.00694808
0.00783259
0.00826403
0.00809143
0.00780256
0.00796053
0.00864933
0.00929224
0.00932574
0.00888869
0.00857112
0.00897521
0.00981653
0.0100805
0.0097847
0.00987139
0.0104364
0.0109238
0.0112071
0.0114615
0.0117508
0.0120905
0.0125302
0.0130092
0.0133227
0.0135437
0.0139796
0.0145727
0.0149859
0.0152254
0.0156179
0.0162275
0.0167506
0.0170939
0.0175051
0.0180659
0.0185945
0.0190433
0.0195385
0.0200878
0.0206095
0.0211304
0.0217093
0.0222698
0.0227958
0.0233769
0.0240164
0.0246346
0.025199
0.0257868
0.0264518
0.0271376
0.0277705
0.0284082
0.0291117
0.0298263
0.030519
0.0312345
0.0319885
0.0327408
0.0335012
0.0342733
0.0350673
0.0358657
0.0366881
0.0375222
0.0383825
0.0392454
0.0401302
0.0410434
0.0419533
0.042885
0.0438422
0.0448153
0.0457993
0.0468084
0.047832
0.0488821
0.0499426
0.0510326
0.0521438
0.0532747
0.0544265
0.0556129
0.0568088
0.0580309
0.0592798
0.0605439
0.0618233
0.0631484
0.0644868
0.0658598
0.0672211
0.0686389
0.0700524
0.0714771
0.0729459
0.0743428
0.0756027
0.076532
0.00684708
0.00775039
0.00834566
0.00832533
0.00802768
0.00805505
0.00865025
0.0093723
0.00954698
0.00914676
0.00874267
0.00897722
0.00980583
0.0102849
0.0100267
0.0099087
0.0104228
0.0110319
0.0113507
0.0115346
0.011784
0.0121575
0.0126095
0.013052
0.013379
0.0136238
0.014015
0.0145927
0.0150523
0.0152883
0.0156328
0.016244
0.0167989
0.0171358
0.0175227
0.0180854
0.018625
0.0190686
0.0195552
0.0201067
0.0206305
0.0211466
0.0217242
0.0222868
0.0228097
0.0233863
0.0240271
0.0246483
0.0252105
0.0257936
0.0264583
0.0271483
0.0277807
0.0284144
0.0291185
0.0298345
0.0305256
0.031239
0.031993
0.0327458
0.0335045
0.0342764
0.0350717
0.0358701
0.0366916
0.0375264
0.0383862
0.0392474
0.0401333
0.0410468
0.0419557
0.0428874
0.0438451
0.0448182
0.045802
0.0468113
0.0478351
0.0488854
0.0499456
0.051036
0.0521472
0.053278
0.0544299
0.055616
0.0568108
0.058033
0.0592827
0.0605468
0.0618262
0.0631518
0.0644887
0.0658622
0.0672247
0.0686433
0.0700593
0.0714848
0.0729572
0.0743564
0.0756187
0.0765493
0.00677256
0.00766738
0.00837655
0.00852283
0.008275
0.00819719
0.00866039
0.0094035
0.00973159
0.0094184
0.00895817
0.00902129
0.00976065
0.0104156
0.0103007
0.0100209
0.0103868
0.011083
0.0115043
0.0116545
0.0118224
0.0121915
0.0126929
0.0131223
0.0134236
0.0136953
0.0140711
0.0146114
0.0151066
0.0153636
0.0156568
0.0162512
0.0168445
0.0171861
0.0175433
0.0181016
0.0186563
0.0190977
0.0195728
0.0201255
0.0206533
0.0211643
0.0217393
0.0223043
0.0228246
0.0233959
0.0240374
0.0246626
0.0252234
0.025801
0.0264649
0.0271594
0.0277914
0.0284203
0.0291248
0.0298426
0.0305326
0.0312438
0.0319979
0.0327513
0.0335083
0.0342797
0.0350762
0.0358745
0.036695
0.0375308
0.0383902
0.0392496
0.0401368
0.0410506
0.0419581
0.0428899
0.0438482
0.0448211
0.0458047
0.0468144
0.0478383
0.0488888
0.0499487
0.0510396
0.0521507
0.0532813
0.0544336
0.0556192
0.056813
0.0580352
0.0592856
0.0605497
0.0618292
0.0631553
0.0644909
0.0658648
0.0672287
0.0686479
0.0700666
0.0714929
0.0729689
0.0743707
0.075635
0.0765671
0.00672773
0.00759744
0.00837603
0.00867176
0.00852457
0.00838702
0.00870348
0.00940341
0.00986258
0.00968288
0.00920958
0.00911779
0.00971189
0.0104659
0.010563
0.0102189
0.0103702
0.011073
0.0116355
0.0118141
0.0118945
0.0122022
0.0127525
0.0132209
0.0134784
0.0137451
0.0141367
0.0146422
0.0151461
0.0154422
0.0156964
0.016253
0.0168833
0.0172446
0.0175694
0.0181144
0.0186872
0.0191317
0.0195917
0.0201419
0.0206764
0.021184
0.0217547
0.0223217
0.0228407
0.0234068
0.024048
0.0246772
0.0252376
0.0258091
0.0264706
0.0271701
0.0278028
0.0284271
0.0291318
0.0298516
0.0305401
0.0312487
0.0320028
0.0327569
0.0335122
0.0342832
0.0350811
0.0358792
0.0366987
0.0375355
0.0383945
0.0392518
0.0401402
0.0410544
0.0419607
0.0428925
0.0438512
0.0448243
0.0458076
0.0468175
0.0478417
0.0488922
0.0499519
0.0510433
0.0521543
0.0532846
0.0544373
0.0556225
0.0568152
0.0580377
0.0592887
0.0605527
0.0618323
0.0631589
0.0644933
0.0658676
0.067233
0.0686527
0.0700742
0.0715015
0.0729809
0.0743854
0.0756516
0.0765852
0.00671294
0.00753924
0.00836322
0.00878515
0.00875302
0.00860539
0.00878977
0.00939399
0.00993739
0.0099176
0.00948497
0.00926992
0.00969118
0.0104558
0.0107693
0.0104753
0.0104164
0.011026
0.0117113
0.011988
0.0120187
0.0122163
0.0127688
0.0133245
0.013568
0.0137819
0.0141926
0.0146925
0.015181
0.0155143
0.0157536
0.0162564
0.0169099
0.017308
0.0176047
0.0181246
0.0187142
0.0191686
0.0196141
0.0201579
0.0206995
0.0212059
0.0217714
0.0223398
0.0228578
0.0234182
0.0240583
0.0246915
0.0252527
0.0258184
0.0264767
0.0271815
0.0278156
0.0284343
0.0291381
0.0298603
0.0305479
0.0312536
0.0320079
0.0327631
0.0335167
0.034287
0.0350861
0.0358838
0.0367021
0.0375402
0.0383989
0.0392541
0.0401439
0.0410585
0.0419634
0.0428954
0.0438545
0.0448276
0.0458106
0.0468207
0.0478452
0.0488957
0.0499553
0.0510473
0.0521579
0.0532879
0.0544413
0.0556259
0.0568177
0.0580405
0.0592918
0.0605558
0.0618355
0.0631626
0.0644959
0.0658705
0.0672376
0.0686577
0.070082
0.0715105
0.0729931
0.0744005
0.0756684
0.0766037
0.00673352
0.00747254
0.00833642
0.00887007
0.00895052
0.00883148
0.00892092
0.00940541
0.00997305
0.0101061
0.00976376
0.00947046
0.00971686
0.0104133
0.0108972
0.0107486
0.0105468
0.0109809
0.0117233
0.0121431
0.0121883
0.0122674
0.0127528
0.0133996
0.0136949
0.0138318
0.0142232
0.0147514
0.0152248
0.0155737
0.0158206
0.0162698
0.0169243
0.0173708
0.0176512
0.0181338
0.0187371
0.0192096
0.0196411
0.0201734
0.0207212
0.0212292
0.0217894
0.0223577
0.0228752
0.0234303
0.0240695
0.0247068
0.0252693
0.0258291
0.0264826
0.0271917
0.0278282
0.0284419
0.0291445
0.0298697
0.0305568
0.0312588
0.0320129
0.0327695
0.0335215
0.0342907
0.0350911
0.0358887
0.0367059
0.0375452
0.0384036
0.0392567
0.0401476
0.0410626
0.0419663
0.0428983
0.0438576
0.0448311
0.0458137
0.046824
0.0478489
0.0488993
0.0499587
0.0510513
0.0521617
0.0532914
0.0544454
0.0556293
0.0568201
0.0580433
0.059295
0.0605589
0.0618389
0.0631664
0.0644987
0.0658737
0.0672427
0.068663
0.0700902
0.0715201
0.0730055
0.0744162
0.0756856
0.0766224
0.00679547
0.00745861
0.00830763
0.00892881
0.00912273
0.00905388
0.00908519
0.00945164
0.00998749
0.0102401
0.0100202
0.00970344
0.00979921
0.0103741
0.0109533
0.0109936
0.0107478
0.0109809
0.0116907
0.0122475
0.0123769
0.0123758
0.0127344
0.0134216
0.0138318
0.0139231
0.0142369
0.0147975
0.0152868
0.0156291
0.0158874
0.0162984
0.016931
0.0174258
0.0177111
0.0181485
0.0187531
0.0192507
0.0196724
0.0201891
0.0207417
0.0212532
0.0218091
0.0223772
0.0228942
0.0234435
0.0240804
0.0247218
0.0252861
0.0258398
0.0264883
0.0272025
0.0278424
0.0284511
0.029151
0.0298788
0.0305658
0.0312643
0.032018
0.0327761
0.0335269
0.0342952
0.0350965
0.0358938
0.0367096
0.0375501
0.0384083
0.0392593
0.0401515
0.0410669
0.0419694
0.0429013
0.0438609
0.0448349
0.0458171
0.0468273
0.0478526
0.048903
0.0499624
0.0510556
0.0521654
0.0532947
0.0544494
0.0556328
0.0568227
0.0580466
0.0592984
0.0605622
0.0618425
0.0631703
0.0645018
0.065877
0.067248
0.0686685
0.0700985
0.0715303
0.0730181
0.0744321
0.0757031
0.0766414
0.00688725
0.00747947
0.0082838
0.0089598
0.00926624
0.00926513
0.00926631
0.0095328
0.010003
0.0103298
0.0102415
0.00995085
0.009935
0.0103666
0.0109589
0.0111776
0.0109857
0.0110509
0.0116468
0.0122901
0.0125521
0.0125367
0.0127496
0.0133991
0.013942
0.014062
0.0142631
0.0148131
0.0153563
0.0156944
0.0159466
0.0163377
0.01694
0.0174683
0.0177782
0.0181715
0.0187615
0.0192909
0.0197114
0.0202063
0.0207605
0.0212782
0.0218306
0.0223974
0.0229133
0.0234565
0.0240908
0.0247371
0.0253052
0.0258529
0.0264948
0.0272134
0.0278565
0.0284598
0.0291571
0.0298881
0.0305756
0.0312704
0.0320234
0.032783
0.0335326
0.0342996
0.0351018
0.035899
0.0367134
0.0375552
0.0384134
0.0392624
0.0401555
0.0410711
0.0419727
0.0429046
0.0438642
0.0448388
0.0458205
0.0468306
0.0478566
0.0489068
0.0499661
0.05106
0.0521692
0.0532984
0.0544538
0.0556365
0.0568255
0.0580499
0.0593017
0.0605654
0.0618463
0.0631743
0.0645051
0.0658806
0.0672537
0.0686744
0.0701071
0.071541
0.073031
0.0744483
0.075721
0.0766606
0.00699001
0.00752758
0.00827785
0.00897341
0.00937818
0.00946378
0.00945852
0.00964531
0.0100359
0.0103874
0.01042
0.0101894
0.0101061
0.0104066
0.0109449
0.0112958
0.0112231
0.0111879
0.0116308
0.0122861
0.0126835
0.0127244
0.0128208
0.0133637
0.0139962
0.0142197
0.0143332
0.0148056
0.0154102
0.0157798
0.0160058
0.0163783
0.0169572
0.0174993
0.0178448
0.0182102
0.0187669
0.0193233
0.0197572
0.0202281
0.0207767
0.021303
0.0218527
0.0224178
0.0229339
0.0234714
0.0241021
0.0247526
0.0253256
0.0258664
0.0264994
0.0272233
0.0278721
0.02847
0.0291637
0.029898
0.0305856
0.0312765
0.0320289
0.0327899
0.0335385
0.0343046
0.0351077
0.0359044
0.0367174
0.0375605
0.0384186
0.0392655
0.0401596
0.0410754
0.0419764
0.0429079
0.0438674
0.044843
0.0458243
0.0468339
0.0478606
0.0489106
0.04997
0.0510647
0.0521731
0.0533021
0.0544582
0.0556402
0.0568284
0.0580536
0.0593052
0.0605687
0.0618503
0.0631783
0.0645088
0.0658845
0.0672597
0.0686806
0.0701158
0.0715523
0.0730442
0.0744647
0.0757393
0.0766801
0.00710169
0.00759562
0.00830539
0.00899394
0.00946294
0.00963968
0.00965388
0.00977876
0.0100912
0.0104272
0.0105562
0.01041
0.0102971
0.0104935
0.0109426
0.0113597
0.0114248
0.011367
0.0116662
0.0122625
0.0127592
0.0129092
0.0129472
0.0133506
0.0139988
0.0143574
0.0144574
0.0148061
0.0154281
0.0158747
0.0160789
0.0164123
0.0169814
0.0175289
0.0179041
0.0182616
0.0187761
0.0193442
0.0198063
0.0202578
0.0207889
0.0213255
0.0218787
0.0224408
0.022956
0.0234872
0.0241124
0.0247662
0.0253462
0.0258822
0.0265049
0.0272334
0.0278893
0.0284808
0.029169
0.0299076
0.0305963
0.0312829
0.0320348
0.0327974
0.033545
0.0343096
0.0351135
0.03591
0.0367215
0.0375658
0.0384241
0.0392691
0.0401637
0.0410796
0.0419803
0.0429115
0.0438708
0.0448473
0.045828
0.0468373
0.0478649
0.0489148
0.049974
0.0510693
0.0521767
0.0533059
0.0544627
0.0556439
0.0568315
0.0580574
0.0593089
0.0605721
0.0618546
0.0631824
0.0645126
0.0658887
0.0672658
0.0686872
0.0701246
0.071564
0.0730577
0.0744813
0.0757579
0.0766998
0.00722675
0.00767817
0.0083505
0.00902483
0.00952752
0.00978288
0.00984388
0.00992826
0.0101732
0.0104703
0.0106559
0.0106047
0.0104917
0.0106113
0.0109699
0.0113922
0.0115782
0.0115601
0.011755
0.0122541
0.0127892
0.0130622
0.0131081
0.0133838
0.0139793
0.0144448
0.0146078
0.014847
0.0154143
0.0159544
0.0161784
0.016447
0.0170025
0.0175621
0.0179537
0.0183188
0.0187985
0.0193549
0.0198497
0.0203
0.0208043
0.0213428
0.021906
0.0224653
0.0229767
0.0235033
0.0241235
0.0247804
0.0253693
0.0259011
0.0265101
0.0272408
0.0279065
0.0284933
0.0291741
0.0299174
0.0306083
0.0312898
0.0320405
0.0328051
0.0335519
0.0343147
0.0351195
0.0359161
0.0367257
0.0375711
0.0384298
0.0392729
0.0401677
0.0410839
0.0419847
0.0429152
0.0438739
0.0448519
0.0458321
0.0468407
0.0478691
0.0489188
0.0499781
0.0510743
0.0521807
0.0533102
0.0544674
0.0556476
0.0568348
0.0580615
0.0593126
0.0605754
0.0618591
0.0631867
0.0645167
0.0658933
0.0672722
0.0686943
0.0701337
0.0715762
0.0730715
0.074498
0.0757768
0.0767198
0.00736342
0.00777521
0.00840723
0.00906463
0.00958918
0.00990173
0.0100217
0.0100885
0.0102755
0.0105274
0.0107262
0.0107634
0.010683
0.0107494
0.0110319
0.0114202
0.0116877
0.0117397
0.0118793
0.0122802
0.0127947
0.013169
0.0132793
0.0134651
0.013968
0.0144835
0.0147478
0.0149421
0.0154006
0.0159961
0.016295
0.0164979
0.0170122
0.0175992
0.0180019
0.0183718
0.018834
0.0193648
0.0198817
0.0203514
0.0208287
0.0213519
0.0219295
0.0224952
0.0229999
0.0235203
0.0241359
0.0247933
0.0253913
0.0259209
0.0265157
0.0272477
0.0279252
0.0285085
0.0291793
0.0299261
0.0306205
0.0312971
0.0320459
0.0328129
0.0335598
0.03432
0.0351253
0.0359224
0.0367303
0.0375763
0.0384357
0.0392772
0.0401718
0.0410882
0.0419894
0.042919
0.0438771
0.0448568
0.0458362
0.046844
0.0478735
0.0489233
0.0499825
0.0510793
0.0521844
0.0533143
0.0544722
0.0556514
0.0568385
0.0580657
0.0593166
0.0605787
0.0618638
0.063191
0.0645209
0.0658983
0.0672788
0.0687017
0.0701429
0.0715887
0.0730857
0.0745147
0.0757959
0.0767399
0.00750199
0.00788828
0.0084808
0.00911631
0.00965375
0.0100033
0.0101751
0.0102489
0.0103905
0.0106042
0.0107887
0.0108861
0.0108638
0.0109001
0.0111187
0.011458
0.0117658
0.0118921
0.0120183
0.012345
0.0128043
0.0132325
0.0134353
0.0135817
0.0139864
0.0144983
0.0148488
0.0150676
0.0154185
0.0159986
0.0164036
0.016581
0.0170164
0.0176282
0.0180555
0.0184198
0.0188784
0.0193834
0.0198978
0.0203983
0.0208685
0.0213615
0.0219451
0.02253
0.0230286
0.0235357
0.0241466
0.0248056
0.025414
0.0259439
0.0265228
0.0272527
0.0279431
0.0285249
0.0291847
0.0299342
0.0306336
0.0313058
0.0320517
0.0328206
0.0335682
0.0343254
0.035131
0.0359292
0.036735
0.0375813
0.038442
0.039282
0.0401754
0.0410923
0.0419948
0.0429231
0.0438801
0.0448618
0.0458406
0.0468478
0.0478781
0.0489277
0.0499867
0.0510843
0.0521882
0.0533188
0.0544772
0.0556549
0.0568424
0.05807
0.0593207
0.0605823
0.0618688
0.0631958
0.0645253
0.0659037
0.0672854
0.0687094
0.0701524
0.0716014
0.0731002
0.0745315
0.0758152
0.0767602
0.00763136
0.00801149
0.00857232
0.00917728
0.00971581
0.0100944
0.0103077
0.0104056
0.0105147
0.0106954
0.01086
0.0109798
0.0110175
0.0110536
0.0112233
0.0115132
0.0118292
0.0120199
0.0121569
0.0124354
0.0128348
0.0132684
0.0135601
0.0137174
0.0140379
0.0145118
0.01491
0.0151904
0.0154836
0.0159895
0.0164795
0.0166924
0.0170327
0.0176398
0.0181145
0.0184678
0.0189194
0.0194154
0.0199098
0.0204332
0.0209221
0.0213811
0.0219474
0.0225596
0.0230653
0.0235523
0.0241556
0.0248192
0.0254384
0.025969
0.0265305
0.0272555
0.0279605
0.0285437
0.029191
0.0299413
0.0306462
0.0313151
0.0320574
0.032828
0.0335775
0.0343317
0.0351365
0.035936
0.0367403
0.0375863
0.0384484
0.0392872
0.040179
0.0410965
0.0420005
0.0429271
0.0438831
0.0448673
0.0458449
0.0468505
0.0478825
0.0489323
0.0499913
0.0510895
0.0521923
0.0533234
0.0544823
0.0556584
0.0568467
0.0580745
0.0593247
0.0605859
0.0618737
0.0632006
0.0645298
0.0659096
0.0672925
0.0687174
0.0701623
0.0716145
0.073115
0.0745483
0.0758345
0.0767807
0.00774858
0.0081352
0.00867632
0.00925164
0.00978101
0.0101827
0.0104283
0.0105513
0.0106395
0.0107891
0.0109425
0.0110614
0.0111409
0.0112019
0.0113421
0.0115865
0.0118877
0.0121254
0.0122861
0.0125362
0.0128913
0.0132993
0.01365
0.0138524
0.0141165
0.0145403
0.0149509
0.0152868
0.0155784
0.015997
0.0165154
0.01681
0.0170797
0.0176348
0.018165
0.0185242
0.018956
0.0194573
0.0199294
0.0204492
0.0209743
0.0214205
0.0219459
0.022577
0.0231105
0.0235771
0.0241594
0.0248282
0.0254627
0.0259963
0.0265402
0.0272572
0.0279782
0.0285649
0.0291983
0.029948
0.030659
0.0313252
0.0320635
0.0328353
0.033587
0.0343379
0.0351418
0.0359432
0.0367457
0.0375911
0.0384552
0.0392932
0.0401819
0.0411005
0.0420068
0.0429313
0.0438861
0.0448727
0.0458493
0.0468557
0.0478875
0.0489372
0.049996
0.0510944
0.0521964
0.0533281
0.0544875
0.0556619
0.0568515
0.0580792
0.0593288
0.0605899
0.0618787
0.0632057
0.0645343
0.0659156
0.0672995
0.0687255
0.0701723
0.0716276
0.0731301
0.0745653
0.0758539
0.0768012
0.00785576
0.00825457
0.00878742
0.00934157
0.00985314
0.0102647
0.0105343
0.010682
0.0107648
0.0108861
0.0110321
0.011147
0.0112424
0.0113307
0.0114631
0.0116729
0.0119472
0.0122131
0.0124068
0.0126399
0.0129649
0.0133403
0.0137134
0.0139728
0.014214
0.0145878
0.0149885
0.0153547
0.015677
0.0160371
0.0165286
0.0169068
0.0171594
0.0176319
0.0181979
0.0185907
0.0189918
0.0194961
0.019963
0.020457
0.0210128
0.021478
0.021954
0.0225767
0.0231537
0.0236157
0.024163
0.0248308
0.0254885
0.0260285
0.0265514
0.0272552
0.0279933
0.0285876
0.0292062
0.0299538
0.0306722
0.0313367
0.0320697
0.0328424
0.0335976
0.0343452
0.0351472
0.0359505
0.0367514
0.0375957
0.0384622
0.0392996
0.0401845
0.0411048
0.0420137
0.0429354
0.0438888
0.0448784
0.0458539
0.0468583
0.0478921
0.0489418
0.0500007
0.0510993
0.0522009
0.0533331
0.0544927
0.0556652
0.0568564
0.058084
0.0593327
0.0605943
0.0618837
0.0632111
0.0645394
0.0659221
0.067307
0.0687338
0.0701828
0.0716409
0.0731451
0.0745822
0.0758732
0.0768216
0.00795626
0.00836892
0.00889894
0.00944152
0.00993234
0.0103415
0.0106292
0.0108029
0.0108928
0.0109865
0.0111178
0.0112346
0.0113335
0.0114377
0.0115768
0.0117704
0.0120174
0.0122888
0.0125141
0.0127417
0.0130453
0.013396
0.0137651
0.014071
0.014318
0.0146514
0.0150337
0.0154072
0.0157606
0.0161028
0.0165433
0.0169721
0.0172578
0.0176494
0.0182076
0.0186533
0.0190351
0.0195283
0.0200081
0.020471
0.0210304
0.021538
0.0219837
0.0225668
0.023182
0.023667
0.0241751
0.024824
0.02551
0.0260675
0.0265673
0.0272502
0.028007
0.0286139
0.0292154
0.0299579
0.030685
0.0313486
0.0320751
0.0328488
0.0336085
0.0343525
0.0351522
0.0359583
0.0367574
0.0376001
0.0384697
0.0393067
0.0401866
0.041109
0.042021
0.0429396
0.0438921
0.0448842
0.0458586
0.0468634
0.0478973
0.048947
0.050006
0.051104
0.0522054
0.0533381
0.0544978
0.0556689
0.0568618
0.058089
0.0593365
0.060599
0.0618887
0.0632164
0.0645445
0.0659287
0.0673147
0.0687424
0.0701936
0.0716545
0.0731605
0.0745991
0.0758927
0.0768422
0.00805179
0.00847753
0.00900704
0.00954563
0.0100213
0.0104203
0.0107168
0.0109095
0.0110127
0.0110872
0.0111987
0.01132
0.0114243
0.0115332
0.0116777
0.0118682
0.0120957
0.0123566
0.0126059
0.0128426
0.0131293
0.0134615
0.0138167
0.0141491
0.0144177
0.014726
0.0150879
0.0154561
0.0158255
0.0161771
0.0165761
0.0170127
0.0173504
0.0176952
0.0182093
0.0187036
0.0190903
0.0195565
0.0200515
0.0204976
0.021036
0.0215844
0.0220341
0.0225646
0.0231895
0.0237199
0.0242042
0.0248117
0.0255191
0.0261111
0.0265914
0.0272415
0.0280153
0.0286432
0.029228
0.0299607
0.0306984
0.0313636
0.0320809
0.0328543
0.03362
0.0343607
0.0351569
0.035966
0.0367634
0.0376038
0.0384774
0.0393143
0.040188
0.0411132
0.0420289
0.0429434
0.0438947
0.0448899
0.0458632
0.0468665
0.047902
0.0489517
0.0500111
0.0511084
0.0522103
0.0533434
0.0545026
0.0556725
0.0568672
0.058094
0.0593401
0.0606042
0.0618938
0.0632219
0.0645502
0.0659353
0.0673224
0.0687507
0.0702042
0.0716678
0.0731753
0.0746159
0.0759115
0.0768622
0.00814643
0.00858162
0.00911121
0.00964802
0.0101178
0.0105021
0.0107955
0.0109978
0.0111193
0.0111911
0.0112816
0.0113983
0.0115097
0.0116216
0.0117645
0.011956
0.0121776
0.0124263
0.0126868
0.0129388
0.0132145
0.0135301
0.0138721
0.0142139
0.0145058
0.0148061
0.0151496
0.0155089
0.0158798
0.0162443
0.0166239
0.0170439
0.0174249
0.0177641
0.0182196
0.0187343
0.0191484
0.0195885
0.0200898
0.0205368
0.0210438
0.0216099
0.0220887
0.0225824
0.0231836
0.0237587
0.0242514
0.0248061
0.0255123
0.0261544
0.0266284
0.0272319
0.0280148
0.0286731
0.0292438
0.0299609
0.0307099
0.0313808
0.032087
0.0328585
0.0336326
0.0343705
0.0351615
0.0359746
0.0367707
0.0376072
0.0384853
0.0393228
0.0401894
0.0411173
0.0420374
0.0429474
0.0438984
0.0448956
0.0458686
0.0468716
0.0479071
0.0489571
0.050017
0.0511133
0.0522157
0.053349
0.0545075
0.055677
0.0568732
0.0580993
0.0593438
0.0606099
0.0618992
0.0632272
0.0645564
0.0659424
0.0673308
0.0687599
0.0702155
0.0716817
0.0731907
0.0746327
0.0759311
0.0768825
0.00824621
0.0086863
0.00921557
0.00974717
0.0102153
0.0105875
0.0108677
0.0110732
0.0112091
0.011289
0.0113623
0.0114671
0.0115839
0.0117046
0.0118456
0.0120345
0.0122581
0.0124999
0.0127609
0.0130239
0.0132971
0.0135994
0.0139303
0.014274
0.0145826
0.0148854
0.0152143
0.0155631
0.0159296
0.0163007
0.0166792
0.0170806
0.0174801
0.0178376
0.0182469
0.0187521
0.0192011
0.0196273
0.0201223
0.0205798
0.0210621
0.0216238
0.0221348
0.0226208
0.0231819
0.0237754
0.0243037
0.0248176
0.0254914
0.0261864
0.0266796
0.0272281
0.028006
0.0287022
0.0292655
0.0299603
0.0307179
0.0313997
0.0320936
0.0328589
0.0336435
0.0343808
0.0351648
0.0359819
0.0367779
0.0376094
0.0384929
0.0393318
0.0401903
0.0411208
0.0420456
0.0429512
0.0439011
0.0449007
0.0458733
0.0468754
0.0479114
0.0489619
0.0500222
0.0511173
0.0522205
0.0533541
0.0545114
0.0556812
0.0568788
0.058104
0.059347
0.0606153
0.0619042
0.063232
0.0645624
0.0659487
0.0673381
0.0687681
0.070226
0.0716949
0.0732051
0.074649
0.0759489
0.0769018
0.00834413
0.00878706
0.00931378
0.00983924
0.0103086
0.0106796
0.0109571
0.0111548
0.0112891
0.0113783
0.0114429
0.0115333
0.0116494
0.0117784
0.0119227
0.0121061
0.0123326
0.0125734
0.0128304
0.0130989
0.0133778
0.0136738
0.0139913
0.0143331
0.0146504
0.0149569
0.0152785
0.0156181
0.0159807
0.0163505
0.0167311
0.0171224
0.0175228
0.0179049
0.0182904
0.0187677
0.0192434
0.0196704
0.0201535
0.0206217
0.0210888
0.0216342
0.0221667
0.0226664
0.0231975
0.0237785
0.0243486
0.0248535
0.0254701
0.0262002
0.0267411
0.0272365
0.0279883
0.0287271
0.0292944
0.0299628
0.0307246
0.0314222
0.0321054
0.0328595
0.0336549
0.0343952
0.0351699
0.0359897
0.0367871
0.037612
0.0385001
0.0393419
0.0401919
0.0411242
0.0420544
0.0429556
0.0439054
0.0449057
0.0458794
0.0468812
0.047916
0.0489675
0.0500284
0.0511224
0.0522266
0.0533602
0.054516
0.0556869
0.0568854
0.0581092
0.059351
0.0606219
0.0619104
0.0632374
0.0645699
0.0659565
0.0673468
0.0687779
0.0702374
0.0717089
0.0732201
0.0746652
0.075969
0.0769213
0.00845654
0.00889824
0.00941393
0.00992235
0.0103792
0.0107468
0.0110104
0.0111878
0.0113189
0.0114177
0.0114883
0.0115706
0.0116848
0.0118215
0.0119785
0.0121606
0.012388
0.0126349
0.0128933
0.0131661
0.0134484
0.0137434
0.0140478
0.0143841
0.0147075
0.0150179
0.0153415
0.0156725
0.0160285
0.0163938
0.0167733
0.0171646
0.017559
0.0179588
0.0183411
0.018786
0.0192731
0.0197103
0.0201821
0.0206586
0.0211183
0.021645
0.0221848
0.0227025
0.0232264
0.0237756
0.0243668
0.0249003
0.0254575
0.0261867
0.0267993
0.0272618
0.0279617
0.0287387
0.0293254
0.029965
0.0307237
0.0314407
0.0321173
0.0328562
0.0336607
0.0344082
0.0351747
0.0359952
0.0367951
0.0376137
0.0385065
0.039352
0.0401942
0.0411265
0.0420616
0.0429591
0.0439086
0.0449095
0.0458845
0.0468861
0.0479195
0.0489727
0.0500339
0.0511266
0.0522317
0.0533649
0.0545191
0.055692
0.0568913
0.058113
0.0593543
0.0606273
0.0619154
0.0632413
0.064576
0.0659629
0.0673536
0.0687862
0.0702477
0.0717217
0.0732339
0.0746805
0.0759836
0.0769396
0.00856959
0.0090238
0.00953778
0.0100331
0.0104742
0.0108367
0.0110914
0.0112733
0.0113828
0.0114776
0.0115577
0.0116359
0.011746
0.0118854
0.012053
0.0122386
0.0124618
0.0127134
0.012972
0.0132448
0.0135251
0.0138223
0.0141175
0.0144418
0.0147708
0.0150818
0.0154075
0.0157323
0.0160805
0.0164439
0.0168175
0.017212
0.0176029
0.0180091
0.0184016
0.0188196
0.0193006
0.0197519
0.0202149
0.0206985
0.0211564
0.0216644
0.0222047
0.0227322
0.0232689
0.023793
0.0243707
0.024952
0.0254766
0.0261605
0.0268451
0.0273153
0.0279433
0.0287388
0.0293643
0.0299776
0.0307238
0.0314615
0.0321361
0.032857
0.0336659
0.0344232
0.0351834
0.0360023
0.036804
0.0376159
0.0385122
0.0393623
0.0401978
0.041129
0.0420694
0.0429728
0.0439144
0.0449129
0.0458906
0.0468926
0.0479231
0.0489782
0.0500401
0.0511315
0.052238
0.0533706
0.0545234
0.0556986
0.056898
0.0581175
0.0593589
0.0606345
0.0619219
0.0632469
0.0645838
0.065971
0.0673616
0.0687959
0.0702587
0.0717349
0.0732482
0.0746959
0.076002
0.0769577
0.00864914
0.00908618
0.00958202
0.0100508
0.0104623
0.0108091
0.0110624
0.0112202
0.0113387
0.0114339
0.01153
0.0116235
0.0117413
0.0118904
0.0120738
0.012278
0.0125027
0.0127594
0.0130231
0.0132995
0.0135781
0.0138752
0.0141699
0.0144803
0.0148124
0.0151239
0.0154496
0.0157772
0.0161192
0.0164817
0.0168482
0.0172433
0.0176367
0.0180417
0.018448
0.0188532
0.0193166
0.0197805
0.0202388
0.0207268
0.0211906
0.0216792
0.0222187
0.022746
0.023295
0.0238191
0.0243621
0.0249776
0.0255141
0.026131
0.026854
0.0273771
0.027938
0.0287165
0.0293943
0.0299953
0.0307172
0.031475
0.0321554
0.0328584
0.0336662
0.0344336
0.0351919
0.0360091
0.0368126
0.0376174
0.0385161
0.0393732
0.0402029
0.0411297
0.0420737
0.0429778
0.0439188
0.0449148
0.0458959
0.0468991
0.0479268
0.048984
0.0500464
0.0511365
0.052244
0.0533753
0.054527
0.0557051
0.0569043
0.0581207
0.0593627
0.06064
0.0619267
0.0632505
0.0645898
0.0659778
0.0673683
0.0688044
0.070269
0.071747
0.0732614
0.0747102
0.0760181
0.076975
0.00891127
0.00933661
0.0098156
0.010247
0.0105996
0.0108742
0.0110653
0.0111898
0.0112894
0.0113833
0.0114935
0.0116127
0.0117473
0.0119101
0.0121057
0.012328
0.0125606
0.0128194
0.0130863
0.013363
0.0136405
0.0139312
0.014229
0.0145285
0.0148557
0.0151721
0.0154946
0.0158286
0.0161658
0.0165255
0.0168882
0.0172784
0.0176774
0.0180782
0.0184933
0.0188986
0.0193406
0.0198093
0.0202674
0.0207542
0.0212299
0.0217035
0.0222384
0.0227657
0.0233134
0.0238559
0.0243731
0.0249862
0.0255608
0.026128
0.0268386
0.0274359
0.0279644
0.0286907
0.0294138
0.0300247
0.0307143
0.0314828
0.0321771
0.0328651
0.0336655
0.0344419
0.0352014
0.0360164
0.0368224
0.0376198
0.0385163
0.0393834
0.0402114
0.0411299
0.0420764
0.0429875
0.0439247
0.0449164
0.0459016
0.0469048
0.0479291
0.0489887
0.0500515
0.0511402
0.0522497
0.0533794
0.0545303
0.0557117
0.0569101
0.0581239
0.0593674
0.0606469
0.0619327
0.0632557
0.064597
0.0659853
0.067375
0.0688128
0.0702789
0.0717583
0.0732739
0.0747239
0.0760339
0.0769912
0.00882552
0.00917359
0.00960769
0.0100272
0.0104006
0.0107387
0.0110228
0.0112076
0.0113175
0.0114167
0.0115422
0.0116812
0.0118268
0.0119918
0.0121848
0.0124077
0.0126411
0.0128897
0.0131488
0.0134186
0.013694
0.0139779
0.0142746
0.0145706
0.0148876
0.0152108
0.0155304
0.0158676
0.0162055
0.0165608
0.0169262
0.0173086
0.0177119
0.0181103
0.018527
0.0189402
0.0193657
0.019833
0.0202933
0.020775
0.0212614
0.0217294
0.0222549
0.0227829
0.0233225
0.0238817
0.024398
0.0249881
0.0255952
0.0261476
0.0268144
0.0274706
0.0280095
0.0286707
0.0294152
0.0300573
0.0307187
0.0314844
0.0321994
0.0328787
0.0336649
0.0344485
0.0352102
0.0360229
0.0368349
0.0376245
0.0385125
0.0393926
0.0402239
0.0411274
0.0420744
0.0429972
0.0439306
0.0449157
0.0459078
0.0469128
0.0479333
0.0489963
0.0500597
0.0511464
0.0522573
0.0533853
0.0545354
0.05572
0.0569171
0.0581275
0.0593723
0.0606531
0.0619376
0.0632601
0.0646034
0.0659927
0.067382
0.0688215
0.0702895
0.07177
0.0732863
0.0747371
0.0760485
0.0770068
0.0100008
0.01001
0.00997203
0.00995255
0.00997004
0.0100414
0.0102064
0.0104629
0.0107572
0.011027
0.0112731
0.0115097
0.0117371
0.0119603
0.0121884
0.0124297
0.0126745
0.0129231
0.0131771
0.0134442
0.013719
0.0140021
0.0142954
0.0145922
0.0148999
0.0152261
0.0155485
0.0158847
0.0162303
0.016583
0.0169548
0.0173317
0.0177324
0.0181344
0.0185468
0.0189701
0.019387
0.0198481
0.0203128
0.020787
0.0212828
0.0217535
0.0222682
0.022797
0.0233274
0.0238931
0.0244252
0.0249918
0.0256071
0.026172
0.026795
0.0274761
0.0280578
0.0286677
0.0293987
0.0300831
0.030729
0.0314741
0.032215
0.0328949
0.0336601
0.0344536
0.0352172
0.036024
0.0368506
0.0376322
0.0385025
0.0394003
0.0402412
0.0411252
0.0420701
0.0430093
0.0439382
0.0449134
0.0459121
0.0469178
0.0479333
0.0489995
0.0500641
0.0511481
0.0522604
0.0533879
0.0545376
0.0557251
0.0569209
0.0581292
0.0593761
0.0606586
0.0619419
0.0632641
0.0646086
0.0659984
0.0673868
0.0688275
0.0702972
0.0717785
0.0732961
0.0747482
0.0760612
0.07702
0.00907684
0.0093511
0.00970302
0.01005
0.0103739
0.0106559
0.0108764
0.011003
0.0111108
0.0112404
0.0114006
0.0115881
0.0117938
0.0120155
0.0122461
0.0124906
0.0127379
0.0129879
0.0132375
0.0134995
0.0137727
0.0140551
0.0143446
0.0146359
0.0149349
0.0152524
0.0155781
0.0159098
0.0162591
0.0166157
0.0169896
0.0173686
0.0177583
0.018166
0.0185732
0.0189979
0.019419
0.0198674
0.0203393
0.0208042
0.0213009
0.0217824
0.0222829
0.0228151
0.0233376
0.0238995
0.0244549
0.0250083
0.0256154
0.026198
0.0267986
0.0274719
0.0280963
0.028694
0.0293827
0.0301003
0.0307602
0.0314655
0.0322279
0.0329245
0.0336553
0.0344594
0.0352295
0.0360176
0.0368677
0.0376485
0.0384867
0.0394041
0.0402643
0.041121
0.042061
0.0430211
0.043946
0.0449114
0.0459186
0.0469271
0.0479383
0.0490081
0.0500748
0.0511562
0.0522686
0.0533956
0.0545453
0.0557348
0.0569285
0.058134
0.0593825
0.0606654
0.0619476
0.0632694
0.0646155
0.0660061
0.0673942
0.0688362
0.0703072
0.0717893
0.073307
0.0747601
0.076074
0.077035
0.0102567
0.0101749
0.0100277
0.00989782
0.00982055
0.00981267
0.00991381
0.0101487
0.0104426
0.0107525
0.011061
0.0113726
0.0116769
0.0119734
0.012249
0.0125138
0.0127676
0.0130156
0.0132624
0.0135151
0.0137837
0.0140627
0.0143515
0.014641
0.0149371
0.0152502
0.0155782
0.0159138
0.0162617
0.0166282
0.0170034
0.0173864
0.0177703
0.0181765
0.0185882
0.0190049
0.0194369
0.0198778
0.0203506
0.0208181
0.0213037
0.0218016
0.0222927
0.022823
0.0233488
0.023896
0.0244716
0.0250226
0.0256158
0.0262114
0.0268046
0.027464
0.0281057
0.02872
0.0293742
0.0300895
0.0307866
0.0314581
0.0322183
0.0329523
0.0336511
0.034454
0.0352464
0.0360074
0.0368732
0.0376727
0.0384718
0.0393961
0.0402892
0.0411225
0.042048
0.0430317
0.0439556
0.0449062
0.0459212
0.0469317
0.0479363
0.0490092
0.050078
0.0511566
0.0522695
0.0533962
0.0545458
0.0557381
0.0569305
0.0581339
0.0593844
0.0606688
0.0619497
0.0632713
0.0646182
0.0660093
0.0673968
0.0688393
0.0703119
0.0717945
0.0733131
0.074767
0.0760816
0.07704
0.0100429
0.00991046
0.00971442
0.00957572
0.00954217
0.00962507
0.00981267
0.0100896
0.0104183
0.0107639
0.0111003
0.0114274
0.0117406
0.0120411
0.012318
0.0125747
0.0128185
0.0130549
0.0132941
0.0135389
0.0138003
0.014076
0.0143616
0.0146503
0.0149441
0.0152562
0.0155827
0.015921
0.0162683
0.0166371
0.0170149
0.0173968
0.017782
0.0181838
0.0185992
0.0190127
0.0194457
0.0198889
0.0203561
0.0208297
0.0213087
0.0218106
0.0223048
0.0228274
0.0233615
0.0239006
0.0244797
0.0250401
0.0256223
0.0262237
0.0268186
0.0274697
0.0281144
0.0287413
0.0293915
0.0300901
0.0308062
0.0314779
0.0322167
0.032972
0.0336649
0.0344508
0.0352606
0.0360112
0.0368714
0.037692
0.0384744
0.0393855
0.0403017
0.0411333
0.0420401
0.0430332
0.0439663
0.0449071
0.0459245
0.0469429
0.0479439
0.0490175
0.0500899
0.0511671
0.0522791
0.0534064
0.0545547
0.0557477
0.0569404
0.0581408
0.0593912
0.0606759
0.0619567
0.0632775
0.0646248
0.066017
0.0674042
0.0688475
0.0703203
0.0718038
0.0733226
0.0747776
0.0760936
0.0770541
)
;

boundaryField
{
    zeroGradientPlanes
    {
        type            zeroGradient;
    }
    inlet
    {
        type            zeroGradient;
    }
    plate
    {
        type            zeroGradient;
    }
    frontAndBack
    {
        type            empty;
    }
}


// ************************************************************************* //
