/*--------------------------------*- C++ -*----------------------------------*\
| =========                 |                                                 |
| \\      /  F ield         | OpenFOAM: The Open Source CFD Toolbox           |
|  \\    /   O peration     | Version:  v1912                                 |
|   \\  /    A nd           | Website:  www.openfoam.com                      |
|    \\/     M anipulation  |                                                 |
\*---------------------------------------------------------------------------*/
FoamFile
{
    version     2.0;
    format      ascii;
    class       volScalarField;
    location    "5.5";
    object      p;
}
// * * * * * * * * * * * * * * * * * * * * * * * * * * * * * * * * * * * * * //

dimensions      [0 2 -2 0 0 0 0];


internalField   nonuniform List<scalar> 
9600
(
-3.23239e-10
0.0103112
0.0184824
0.0150816
0.000666738
0.0124226
0.0175627
0.0155618
0.0180967
0.0234521
0.0223294
0.0219058
0.0234611
0.0245614
0.0238993
0.0245053
0.0251087
0.0258262
0.0257004
0.0270142
7.60429e-06
0.0103245
0.0184632
0.0150753
0.000878937
0.0124022
0.017557
0.0155865
0.0180973
0.0234371
0.022316
0.021926
0.0234645
0.024548
0.023922
0.0245014
0.0251234
0.0257867
0.0257275
0.0268861
1.31684e-05
0.010353
0.0184557
0.0150648
0.00105554
0.012361
0.0175616
0.0156095
0.0180917
0.0234014
0.0223107
0.0219626
0.0234602
0.0245374
0.0239521
0.0244886
0.0251443
0.0257287
0.0257572
0.0267247
1.96936e-05
0.0104153
0.0184527
0.0150479
0.00123421
0.0123368
0.0175795
0.0156604
0.0180837
0.0233427
0.0223162
0.0219949
0.0234471
0.0245317
0.0239778
0.0244724
0.0251631
0.0256668
0.025769
0.0265626
3.32859e-05
0.01051
0.0184464
0.0150266
0.00142031
0.0123365
0.0176047
0.0157353
0.0180782
0.0232577
0.0223227
0.022017
0.023426
0.0245252
0.0240029
0.0244536
0.0251804
0.0256021
0.0257597
0.0264199
5.9249e-05
0.0106238
0.0184282
0.0150006
0.0016228
0.0123556
0.0176286
0.0158332
0.0180801
0.023148
0.0223253
0.022032
0.0233998
0.024518
0.0240316
0.0244317
0.025196
0.0255327
0.0257346
0.0262992
0.000101764
0.0107433
0.0183901
0.0149689
0.00184764
0.0123859
0.0176435
0.0159496
0.0180923
0.0230254
0.0223251
0.0220445
0.0233741
0.0245114
0.0240638
0.0244077
0.0252082
0.0254613
0.0256964
0.0261913
0.000163985
0.0108574
0.0183266
0.0149308
0.00209649
0.0124183
0.0176448
0.0160761
0.0181162
0.022905
0.0223257
0.0220584
0.0233529
0.0245046
0.0240988
0.0243835
0.0252167
0.0253921
0.0256444
0.0260904
0.000247762
0.0109591
0.0182376
0.0148865
0.0023686
0.0124472
0.0176318
0.0162034
0.0181516
0.0227957
0.0223292
0.022075
0.0233365
0.0244962
0.0241357
0.0243609
0.0252223
0.0253281
0.0255787
0.0259952
0.00035374
0.011047
0.0181262
0.0148362
0.00266334
0.0124732
0.0176059
0.0163233
0.0181962
0.0227003
0.0223347
0.022092
0.0233231
0.0244853
0.0241724
0.0243407
0.0252252
0.0252717
0.0255022
0.0259064
0.000481379
0.0111237
0.017997
0.0147808
0.00298093
0.0125003
0.01757
0.0164265
0.0182465
0.022616
0.0223399
0.0221065
0.0233103
0.0244713
0.0242066
0.0243233
0.025225
0.0252247
0.0254195
0.0258237
0.000628696
0.0111934
0.017861
0.0147211
0.00332114
0.0125335
0.0175279
0.0165135
0.0182995
0.0225393
0.022343
0.0221169
0.0232967
0.0244542
0.0242372
0.0243088
0.0252209
0.0251875
0.0253347
0.0257462
0.000792493
0.0112595
0.0177192
0.0146583
0.00368165
0.0125752
0.0174838
0.0165863
0.0183532
0.0224675
0.022344
0.0221236
0.0232824
0.0244348
0.0242642
0.0242968
0.0252117
0.0251589
0.0252504
0.0256722
0.000969199
0.0113243
0.0175742
0.0145938
0.00405794
0.0126255
0.0174406
0.0166484
0.0184067
0.0223997
0.0223438
0.0221278
0.0232678
0.0244146
0.0242878
0.0242868
0.025197
0.0251365
0.0251676
0.0256005
0.00115576
0.0113891
0.0174279
0.0145284
0.00444481
0.0126831
0.0174
0.0167033
0.0184601
0.0223357
0.022343
0.0221306
0.0232533
0.0243946
0.0243086
0.0242786
0.0251771
0.0251175
0.0250867
0.0255306
0.00135006
0.0114544
0.0172817
0.0144628
0.0048379
0.0127463
0.0173629
0.0167533
0.0185131
0.0222753
0.0223412
0.0221325
0.023239
0.0243752
0.0243271
0.0242716
0.0251522
0.0250999
0.025008
0.025462
0.00155093
0.0115206
0.0171364
0.0143973
0.00523437
0.0128146
0.01733
0.0168001
0.0185656
0.0222184
0.0223379
0.0221339
0.0232249
0.0243568
0.0243437
0.024265
0.025123
0.025083
0.0249318
0.0253935
0.00175788
0.0115877
0.016993
0.0143321
0.00563264
0.0128876
0.0173016
0.0168447
0.0186172
0.0221649
0.0223329
0.0221349
0.0232109
0.0243394
0.0243589
0.0242582
0.0250897
0.0250662
0.0248585
0.025324
0.00197082
0.0116559
0.0168522
0.0142676
0.00603186
0.0129658
0.0172785
0.0168875
0.0186674
0.0221151
0.0223257
0.0221356
0.0231968
0.0243227
0.0243734
0.0242506
0.025052
0.02505
0.0247886
0.0252531
0.00218987
0.0117253
0.0167151
0.0142043
0.00643145
0.0130492
0.0172609
0.016929
0.0187158
0.0220692
0.0223162
0.022136
0.0231829
0.0243062
0.0243879
0.0242425
0.0250096
0.025035
0.0247232
0.0251805
0.00241524
0.0117959
0.0165823
0.0141426
0.00683083
0.0131381
0.0172494
0.0169697
0.0187613
0.0220275
0.0223046
0.0221359
0.0231697
0.0242891
0.0244026
0.0242343
0.0249619
0.025022
0.0246642
0.0251055
0.00264714
0.0118677
0.0164546
0.0140832
0.00722925
0.0132327
0.017244
0.01701
0.0188049
0.0219907
0.0222912
0.022135
0.0231576
0.0242709
0.0244173
0.0242272
0.0249087
0.025011
0.0246145
0.025027
0.00288574
0.0119405
0.0163329
0.0140265
0.00762576
0.0133328
0.017245
0.0170504
0.0188457
0.021959
0.0222764
0.0221328
0.0231475
0.0242515
0.0244312
0.0242224
0.0248501
0.0250009
0.0245772
0.0249455
0.00313121
0.012014
0.0162179
0.013973
0.00801924
0.0134386
0.0172523
0.0170914
0.0188835
0.0219326
0.0222611
0.0221287
0.0231396
0.0242316
0.0244432
0.024221
0.024787
0.0249891
0.0245553
0.0248634
0.00338367
0.0120878
0.01611
0.0139233
0.00840856
0.01355
0.0172658
0.0171335
0.018918
0.0219118
0.0222462
0.022122
0.0231339
0.0242119
0.0244521
0.0242234
0.0247211
0.0249728
0.024551
0.0247857
0.00364324
0.0121617
0.01601
0.0138781
0.00879254
0.0136669
0.0172857
0.0171773
0.0189488
0.0218963
0.0222327
0.0221122
0.0231301
0.0241938
0.0244571
0.0242296
0.0246546
0.0249493
0.0245639
0.0247196
0.00391008
0.012235
0.0159184
0.0138382
0.00917005
0.0137895
0.0173119
0.0172235
0.0189758
0.0218858
0.0222217
0.0220987
0.0231274
0.0241784
0.0244578
0.024239
0.0245904
0.0249167
0.0245907
0.0246724
0.00418431
0.0123075
0.0158355
0.0138042
0.00954012
0.0139177
0.0173444
0.0172725
0.0189988
0.0218798
0.0222146
0.0220811
0.0231249
0.024167
0.0244546
0.0242505
0.0245319
0.0248746
0.0246245
0.0246498
0.00446606
0.0123786
0.015762
0.0137773
0.00990184
0.0140512
0.0173832
0.0173252
0.019018
0.0218777
0.0222126
0.0220593
0.0231218
0.0241603
0.0244478
0.0242628
0.0244821
0.0248257
0.0246572
0.0246512
0.00475546
0.012448
0.0156981
0.0137583
0.0102543
0.01419
0.0174285
0.0173821
0.0190332
0.0218788
0.0222169
0.0220335
0.0231166
0.0241593
0.0244383
0.0242739
0.0244432
0.0247745
0.0246827
0.0246701
0.00505263
0.0125155
0.0156439
0.0137484
0.0105969
0.0143335
0.0174807
0.0174438
0.0190445
0.0218821
0.0222288
0.022004
0.0231076
0.0241653
0.0244276
0.0242819
0.0244155
0.0247259
0.0247
0.0246977
0.00535764
0.0125811
0.0155996
0.0137488
0.0109291
0.014481
0.01754
0.0175112
0.0190519
0.0218866
0.02225
0.0219714
0.0230923
0.024179
0.0244184
0.0242852
0.0243985
0.024684
0.0247112
0.0247263
0.00567058
0.0126448
0.015565
0.0137607
0.0112504
0.0146317
0.0176068
0.0175851
0.0190557
0.0218903
0.0222816
0.0219376
0.0230683
0.0242004
0.0244128
0.0242822
0.024391
0.0246525
0.0247204
0.0247531
0.00599151
0.0127067
0.01554
0.0137853
0.0115609
0.0147847
0.0176811
0.0176663
0.0190567
0.0218914
0.0223243
0.0219044
0.0230336
0.0242295
0.0244146
0.0242708
0.0243903
0.0246346
0.0247314
0.0247815
0.00632044
0.0127672
0.0155244
0.0138239
0.0118605
0.0149389
0.017763
0.0177559
0.0190554
0.0218882
0.0223791
0.0218749
0.0229845
0.0242644
0.0244299
0.0242502
0.0243913
0.0246335
0.024746
0.0248143
0.0066574
0.012825
0.0155179
0.0138774
0.0121497
0.0150931
0.017852
0.0178551
0.019053
0.0218779
0.022446
0.0218544
0.0229184
0.0242993
0.0244647
0.0242224
0.0243868
0.0246532
0.0247701
0.0248501
0.00700237
0.0128846
0.0155202
0.0139465
0.012429
0.0152466
0.0179475
0.0179648
0.0190517
0.0218583
0.0225218
0.0218482
0.0228366
0.0243273
0.0245233
0.0241938
0.0243667
0.0246923
0.0248158
0.0248893
0.00735527
0.012945
0.015531
0.0140314
0.0126992
0.0153988
0.0180488
0.0180854
0.0190531
0.021829
0.0226044
0.0218592
0.0227409
0.0243414
0.024607
0.0241764
0.0243234
0.0247384
0.024895
0.0249404
0.00771603
0.0130066
0.0155497
0.0141326
0.0129614
0.0155489
0.0181549
0.0182176
0.0190586
0.0217888
0.0226918
0.0218917
0.0226349
0.0243342
0.0247111
0.0241804
0.0242584
0.0247778
0.0250125
0.0250199
0.00808443
0.0130703
0.0155761
0.0142499
0.013217
0.0156969
0.0182641
0.0183609
0.0190717
0.0217372
0.0227793
0.0219496
0.0225242
0.0242991
0.024831
0.024215
0.0241755
0.0247953
0.0251604
0.0251475
0.00846021
0.0131373
0.0156099
0.0143828
0.0134668
0.0158428
0.0183757
0.0185143
0.0190952
0.0216764
0.0228625
0.0220334
0.0224171
0.0242287
0.0249547
0.0242936
0.0240874
0.024775
0.0253211
0.0253381
0.00884307
0.0132087
0.015649
0.014531
0.0137117
0.0159869
0.018489
0.0186771
0.0191307
0.0216083
0.0229382
0.0221393
0.0223232
0.0241274
0.025065
0.0244161
0.0240145
0.0247066
0.0254727
0.0255923
0.00923261
0.0132855
0.0156962
0.0146941
0.0139528
0.0161294
0.0186036
0.0188485
0.0191794
0.0215351
0.023005
0.0222656
0.0222461
0.0240025
0.0251553
0.0245719
0.0239747
0.0245972
0.0255753
0.0258964
0.00962859
0.0133691
0.0157499
0.0148717
0.0141909
0.0162705
0.018719
0.0190263
0.0192431
0.0214593
0.0230591
0.022411
0.0221946
0.0238596
0.0252168
0.0247572
0.0239943
0.0244847
0.0256247
0.0261647
0.0100304
0.0134607
0.0158089
0.0150633
0.0144277
0.0164104
0.0188352
0.0192104
0.0193222
0.0213842
0.0230993
0.0225696
0.0221769
0.0237116
0.0252473
0.0249689
0.024082
0.0243843
0.0255931
0.0263308
0.0104376
0.0135618
0.0158723
0.0152685
0.0146655
0.0165473
0.018952
0.019402
0.0194162
0.0213121
0.0231234
0.0227383
0.0221974
0.0235656
0.0252506
0.0251998
0.0242256
0.0243022
0.0254913
0.0263956
0.0108496
0.0136739
0.015939
0.0154866
0.014906
0.0166818
0.0190681
0.0196002
0.0195292
0.0212448
0.0231263
0.022915
0.0222599
0.0234308
0.0252138
0.0254057
0.0244029
0.0242173
0.025331
0.0264354
0.0112654
0.0137988
0.0160077
0.0157163
0.015153
0.0168106
0.0191807
0.0198072
0.0196633
0.0211823
0.0231108
0.0230942
0.0223597
0.0233209
0.0251443
0.0255843
0.0246347
0.0242115
0.0251448
0.0263511
0.0116843
0.0139382
0.0160778
0.0159556
0.0154094
0.0169347
0.0192892
0.0200223
0.0198201
0.0211315
0.023071
0.0232628
0.0225067
0.0232409
0.0250277
0.0257061
0.0248944
0.0242679
0.024956
0.026217
0.012105
0.0140939
0.0161495
0.016201
0.0156786
0.0170567
0.0193862
0.020242
0.0200066
0.0210961
0.0230051
0.0234186
0.0226947
0.0231846
0.0248795
0.0257781
0.0251515
0.0243975
0.0248362
0.026052
0.0125263
0.0142672
0.0162235
0.016449
0.0159646
0.0171764
0.0194665
0.0204649
0.0202255
0.0210801
0.0229183
0.0235468
0.0229088
0.0231749
0.0247257
0.0257888
0.0253847
0.0245929
0.0248061
0.0258952
0.0129469
0.0144592
0.0163015
0.0166953
0.0162676
0.0172992
0.019528
0.0206826
0.0204754
0.021093
0.0228163
0.0236382
0.0231436
0.0232206
0.0245738
0.0257452
0.0255944
0.024831
0.0248533
0.0257874
0.0133656
0.0146704
0.0163862
0.0169359
0.016587
0.0174298
0.0195694
0.0208869
0.0207527
0.0211456
0.0227115
0.0236864
0.023376
0.0233221
0.0244554
0.0256669
0.0257616
0.0250884
0.0249605
0.0257448
0.0137809
0.0149011
0.0164808
0.0171677
0.0169193
0.0175597
0.0195948
0.0210666
0.0210488
0.0212471
0.0226163
0.0236933
0.0235939
0.0234764
0.0243837
0.0255606
0.0258749
0.0253611
0.0251212
0.0257515
0.0141919
0.0151511
0.0165886
0.0173884
0.0172596
0.0177414
0.0196094
0.0212099
0.0213513
0.021401
0.0225489
0.0236741
0.0237818
0.0236587
0.0243619
0.0254583
0.0259446
0.0256281
0.0253231
0.0257847
0.0145975
0.0154193
0.0167132
0.0175967
0.0176009
0.017953
0.0196238
0.0213097
0.0216419
0.0216058
0.022526
0.0236386
0.0239291
0.0238545
0.0243974
0.0253872
0.0259724
0.0258515
0.0255584
0.0258557
0.0149968
0.0157045
0.0168582
0.0177925
0.0179357
0.0181968
0.019652
0.0213643
0.0219008
0.021855
0.0225612
0.0236046
0.024041
0.024052
0.0244775
0.0253467
0.0259728
0.0260245
0.0258215
0.0259868
0.0153891
0.0160043
0.0170252
0.0179783
0.0182568
0.0184787
0.0197086
0.0213774
0.0221122
0.0221323
0.0226578
0.0235933
0.0241267
0.0242362
0.0245852
0.0253388
0.0259767
0.0261567
0.0260769
0.0261766
0.015774
0.0163163
0.0172149
0.0181579
0.0185586
0.0187885
0.0198079
0.0213652
0.0222677
0.0224093
0.0228107
0.0236209
0.0241982
0.0244022
0.0247135
0.025363
0.025994
0.0262591
0.0262927
0.0264045
0.0161513
0.0166372
0.0174267
0.018336
0.0188385
0.0191005
0.0199503
0.0213707
0.0223709
0.0226597
0.0230057
0.0236917
0.0242701
0.0245506
0.0248549
0.025415
0.0260239
0.026353
0.02647
0.0266374
0.0165213
0.0169631
0.0176593
0.0185177
0.0190967
0.0194074
0.0201345
0.0214075
0.0224413
0.022871
0.0232158
0.0238007
0.0243562
0.0246882
0.0250028
0.0254929
0.0260657
0.02645
0.0266255
0.0268418
0.0168841
0.0172906
0.0179103
0.0187077
0.0193362
0.0197044
0.0203469
0.021478
0.0225044
0.0230463
0.0234217
0.0239402
0.0244631
0.0248235
0.0251532
0.0255939
0.026117
0.0265438
0.0267778
0.0270207
0.01724
0.0176172
0.0181759
0.018909
0.019562
0.0199869
0.0205756
0.021581
0.0225746
0.0231932
0.0236128
0.0240957
0.024589
0.0249629
0.025305
0.0257168
0.0261854
0.0266274
0.0269307
0.0271949
0.0175891
0.0179409
0.0184523
0.0191226
0.0197786
0.0202532
0.0208121
0.0217124
0.022659
0.0233254
0.0237884
0.0242555
0.0247297
0.0251096
0.0254577
0.0258565
0.0262815
0.026706
0.0270695
0.0273721
0.0179316
0.0182605
0.018735
0.0193484
0.0199901
0.0205034
0.0210509
0.021867
0.0227597
0.0234525
0.0239518
0.0244143
0.0248789
0.0252645
0.0256113
0.0260016
0.0264065
0.0267968
0.0271882
0.0275448
0.0182674
0.0185751
0.01902
0.0195844
0.0202004
0.0207391
0.021287
0.0220383
0.0228768
0.0235796
0.024107
0.0245712
0.0250304
0.0254256
0.0257709
0.0261452
0.0265476
0.0269142
0.0272982
0.0277001
0.0185956
0.0188835
0.0193042
0.0198278
0.0204117
0.0209626
0.0215168
0.02222
0.0230088
0.0237101
0.0242574
0.0247274
0.0251819
0.0255872
0.0259402
0.026292
0.0266884
0.0270545
0.027417
0.0278372
0.0189157
0.019185
0.0195848
0.0200752
0.020625
0.0211761
0.0217376
0.0224075
0.0231537
0.0238453
0.0244044
0.0248842
0.0253364
0.0257442
0.0261147
0.0264521
0.0268256
0.0272014
0.0275537
0.0279689
0.0192266
0.0194785
0.0198596
0.0203228
0.0208392
0.0213821
0.0219479
0.0225955
0.023308
0.0239858
0.0245491
0.0250391
0.0254968
0.0259
0.0262851
0.0266287
0.026971
0.0273449
0.0277013
0.0281054
0.019527
0.0197624
0.0201267
0.0205676
0.0210524
0.0215812
0.0221483
0.0227808
0.0234663
0.0241299
0.024695
0.0251902
0.0256595
0.0260618
0.026448
0.026812
0.0271355
0.0274891
0.027851
0.028249
0.0198155
0.0200358
0.0203837
0.020806
0.0212632
0.021773
0.0223362
0.0229612
0.0236259
0.0242736
0.0248426
0.0253405
0.0258185
0.026233
0.0266105
0.0269905
0.0273179
0.0276448
0.028003
0.0283981
0.0200903
0.0202966
0.0206287
0.0210347
0.0214683
0.0219582
0.0225111
0.0231304
0.023784
0.0244151
0.024988
0.025493
0.0259728
0.0264085
0.0267837
0.0271636
0.027508
0.0278191
0.028164
0.0285539
0.0203496
0.0205439
0.0208597
0.0212506
0.0216626
0.0221342
0.0226751
0.0232861
0.0239321
0.0245533
0.0251292
0.025646
0.0261272
0.0265816
0.0269704
0.0273425
0.0276998
0.0280119
0.0283423
0.0287229
0.0205905
0.0207746
0.0210746
0.0214509
0.0218453
0.0222961
0.0228241
0.0234292
0.0240663
0.0246805
0.0252652
0.0257964
0.0262828
0.0267532
0.0271649
0.0275363
0.0278989
0.0282237
0.028548
0.0289163
0.0208107
0.0209872
0.0212727
0.0216309
0.0220067
0.0224405
0.0229508
0.0235494
0.0241845
0.0247936
0.0253905
0.0259407
0.0264375
0.0269229
0.0273551
0.0277323
0.0280929
0.0284277
0.0287554
0.0291236
0.0210087
0.0211785
0.0214489
0.0217932
0.0221553
0.0225702
0.0230585
0.0236398
0.0242763
0.0248972
0.0255209
0.0261206
0.0266662
0.0271983
0.0276692
0.0280554
0.0283875
0.0286654
0.0289125
0.029177
0.0211821
0.0213398
0.0215928
0.0219198
0.0222696
0.0226654
0.0231298
0.0236733
0.0242546
0.0248253
0.0254327
0.0260807
0.0267214
0.0273635
0.0279523
0.0284774
0.0290008
0.0295288
0.0300436
0.0304991
0.0213303
0.0214956
0.021743
0.0220488
0.0223759
0.0227461
0.0231985
0.0237598
0.0243975
0.0250399
0.0257037
0.0263776
0.026976
0.0275403
0.0280684
0.0284811
0.0288008
0.0290464
0.0292533
0.0294588
0.0213974
0.0215314
0.021804
0.0221309
0.0224381
0.0228024
0.0232538
0.023805
0.0244439
0.0251076
0.0257428
0.0264017
0.0270317
0.0276049
0.0282121
0.0288053
0.0293722
0.0299117
0.030406
0.0308201
0.021582
0.0217341
0.0219401
0.022185
0.0224296
0.0227117
0.0231244
0.0236657
0.0243191
0.0250556
0.0257837
0.0265086
0.0272243
0.0278519
0.028446
0.0290127
0.0295236
0.029973
0.0303491
0.03064
0.0282987
0.0264855
0.021282
0.0173018
0.017196
0.019406
0.021763
0.0235083
0.024639
0.0254669
0.0263325
0.0273637
0.0283994
0.0292904
0.0302339
0.0313121
0.0322652
0.0330426
0.0337724
0.0345117
0.0353462
0.0362721
0.0371426
0.0379293
0.0387607
0.0396796
0.0406237
0.0415667
0.0425012
0.0434396
0.0444235
0.0453985
0.0463156
0.047255
0.0482148
0.0491787
0.0501611
0.0511536
0.0521718
0.0532023
0.0542386
0.0553189
0.0564135
0.0575358
0.0587187
0.0599187
0.0610846
0.0621749
0.0631802
0.0641762
0.0652764
0.0665182
0.0679032
0.0693661
0.070787
0.0721779
0.0735955
0.0750098
0.0763404
0.0776372
0.0790327
0.0805696
0.0821674
0.0837332
0.0852951
0.0869245
0.0885329
0.0901452
0.0918438
0.0935733
0.0953163
0.0970852
0.0989351
0.100799
0.102709
0.104639
0.106621
0.10865
0.110709
0.112791
0.1149
0.117068
0.119311
0.121635
0.123892
0.126159
0.12849
0.130911
0.133412
0.135928
0.138499
0.141087
0.143682
0.146379
0.149063
0.151862
0.154664
0.15744
0.160117
0.162584
0.0280704
0.0264033
0.0213779
0.017448
0.0172875
0.0194534
0.0217939
0.0235299
0.0246543
0.0254779
0.0263408
0.0273708
0.028406
0.029296
0.0302386
0.0313168
0.0322698
0.0330465
0.0337758
0.0345146
0.0353486
0.0362744
0.0371448
0.0379313
0.0387624
0.0396812
0.0406251
0.041568
0.0425024
0.0434407
0.0444245
0.0453996
0.0463166
0.047256
0.0482157
0.0491797
0.0501621
0.0511545
0.0521727
0.0532032
0.0542395
0.0553197
0.0564142
0.0575365
0.0587193
0.0599194
0.0610853
0.0621756
0.0631808
0.0641768
0.0652768
0.0665186
0.0679036
0.0693666
0.0707874
0.0721783
0.0735959
0.0750102
0.0763408
0.0776375
0.079033
0.0805698
0.0821677
0.0837334
0.0852953
0.0869247
0.0885331
0.0901454
0.091844
0.0935735
0.0953165
0.0970854
0.0989353
0.100799
0.102709
0.104639
0.106621
0.10865
0.110709
0.112791
0.1149
0.117069
0.119311
0.121635
0.123892
0.126159
0.12849
0.130911
0.133412
0.135928
0.138499
0.141087
0.143682
0.146379
0.149063
0.151862
0.154664
0.157441
0.160117
0.162584
0.0277445
0.0262876
0.0215659
0.0177246
0.0174431
0.0195085
0.0218185
0.0235498
0.0246721
0.0254931
0.0263526
0.0273796
0.0284129
0.0293014
0.0302432
0.0313213
0.032274
0.0330502
0.0337792
0.0345175
0.035351
0.0362766
0.0371469
0.037933
0.0387638
0.0396826
0.0406264
0.0415692
0.0425035
0.0434417
0.0444255
0.0454006
0.0463175
0.0472568
0.0482165
0.0491804
0.0501628
0.0511553
0.0521734
0.0532039
0.0542401
0.0553204
0.0564149
0.057537
0.0587198
0.05992
0.061086
0.0621762
0.0631813
0.0641772
0.0652772
0.0665189
0.0679039
0.069367
0.0707878
0.0721786
0.0735962
0.0750106
0.0763412
0.0776378
0.0790332
0.08057
0.0821679
0.0837337
0.0852955
0.0869249
0.0885333
0.0901456
0.0918442
0.0935737
0.0953167
0.0970855
0.0989355
0.100799
0.102709
0.10464
0.106621
0.10865
0.11071
0.112791
0.1149
0.117069
0.119312
0.121636
0.123892
0.126159
0.12849
0.130911
0.133412
0.135928
0.138499
0.141087
0.143682
0.146379
0.149063
0.151862
0.154664
0.157441
0.160118
0.162584
0.0274312
0.0261936
0.0218094
0.0180716
0.0176541
0.0195845
0.0218534
0.023578
0.0246976
0.0255165
0.0263726
0.0273942
0.0284229
0.0293091
0.0302495
0.0313266
0.0322785
0.0330547
0.0337841
0.0345222
0.0353548
0.0362795
0.0371493
0.0379352
0.0387659
0.0396845
0.0406281
0.0415707
0.0425049
0.0434428
0.0444266
0.0454017
0.0463184
0.0472576
0.0482173
0.0491811
0.0501636
0.051156
0.0521741
0.0532046
0.0542408
0.0553211
0.0564156
0.0575376
0.0587204
0.0599206
0.0610868
0.062177
0.0631819
0.0641775
0.0652775
0.0665191
0.0679042
0.0693674
0.0707883
0.072179
0.0735965
0.0750111
0.0763416
0.077638
0.0790333
0.0805703
0.0821682
0.083734
0.0852957
0.0869252
0.0885336
0.0901457
0.0918444
0.0935739
0.0953169
0.0970857
0.0989356
0.1008
0.102709
0.10464
0.106622
0.10865
0.11071
0.112792
0.1149
0.117069
0.119312
0.121636
0.123892
0.126159
0.128491
0.130911
0.133412
0.135928
0.138499
0.141087
0.143682
0.14638
0.149063
0.151863
0.154664
0.157441
0.160118
0.162585
0.0271441
0.0261044
0.0220593
0.0184375
0.0178873
0.0196714
0.0218924
0.0236103
0.0247288
0.025548
0.0264017
0.027416
0.0284379
0.0293208
0.0302588
0.0313331
0.0322833
0.0330599
0.0337909
0.0345298
0.0353612
0.036284
0.0371527
0.0379385
0.0387691
0.0396873
0.0406305
0.0415729
0.0425068
0.0434445
0.044428
0.0454031
0.0463196
0.0472585
0.048218
0.0491818
0.0501644
0.0511568
0.0521747
0.0532052
0.0542414
0.0553218
0.0564164
0.0575383
0.058721
0.0599214
0.0610877
0.0621779
0.0631825
0.0641779
0.0652778
0.0665194
0.0679045
0.069368
0.0707888
0.0721794
0.0735969
0.0750116
0.0763421
0.0776382
0.0790335
0.0805705
0.0821686
0.0837343
0.0852959
0.0869254
0.0885338
0.0901459
0.0918446
0.0935741
0.095317
0.0970858
0.0989358
0.1008
0.102709
0.10464
0.106622
0.108651
0.11071
0.112792
0.1149
0.117069
0.119312
0.121636
0.123892
0.12616
0.128491
0.130911
0.133412
0.135929
0.138499
0.141088
0.143682
0.14638
0.149063
0.151863
0.154664
0.157441
0.160118
0.162586
0.0268678
0.0259991
0.0223016
0.018812
0.0181363
0.0197657
0.0219318
0.0236431
0.0247625
0.0255838
0.0264366
0.0274435
0.0284577
0.0293368
0.0302714
0.031341
0.0322884
0.0330656
0.0337994
0.0345402
0.0353705
0.0362903
0.0371573
0.0379432
0.0387739
0.0396912
0.0406335
0.0415756
0.0425094
0.0434466
0.0444299
0.045405
0.0463213
0.0472598
0.0482188
0.0491825
0.0501653
0.0511576
0.0521753
0.0532058
0.054242
0.0553225
0.0564172
0.0575391
0.0587217
0.0599223
0.0610889
0.062179
0.0631832
0.0641784
0.0652781
0.0665197
0.0679049
0.0693686
0.0707895
0.0721798
0.0735974
0.0750122
0.0763427
0.0776385
0.0790337
0.0805708
0.082169
0.0837346
0.0852962
0.0869257
0.0885341
0.0901461
0.0918448
0.0935743
0.0953172
0.097086
0.098936
0.1008
0.10271
0.10464
0.106622
0.108651
0.11071
0.112792
0.1149
0.117069
0.119312
0.121636
0.123893
0.12616
0.128491
0.130911
0.133412
0.135929
0.138499
0.141088
0.143682
0.14638
0.149063
0.151863
0.154664
0.157441
0.160119
0.162587
0.0265962
0.0258781
0.0225391
0.0191967
0.0184022
0.0198686
0.0219718
0.023676
0.0247981
0.0256224
0.0264747
0.0274742
0.0284808
0.0293562
0.0302866
0.03135
0.0322938
0.0330718
0.0338092
0.0345528
0.0353819
0.0362981
0.0371634
0.0379498
0.0387805
0.0396964
0.0406374
0.041579
0.0425125
0.0434493
0.0444321
0.0454072
0.0463236
0.0472616
0.0482199
0.0491834
0.0501665
0.0511588
0.052176
0.0532063
0.0542424
0.0553231
0.056418
0.0575398
0.0587223
0.0599233
0.0610904
0.0621803
0.0631841
0.0641791
0.0652787
0.06652
0.0679052
0.0693693
0.0707902
0.0721803
0.0735979
0.0750129
0.0763433
0.0776389
0.0790339
0.0805712
0.0821695
0.0837351
0.0852966
0.0869261
0.0885345
0.0901464
0.0918451
0.0935746
0.0953175
0.0970862
0.0989362
0.1008
0.10271
0.10464
0.106622
0.108651
0.11071
0.112792
0.1149
0.117069
0.119312
0.121636
0.123893
0.12616
0.128491
0.130911
0.133412
0.135929
0.138499
0.141088
0.143682
0.14638
0.149063
0.151863
0.154665
0.157441
0.160119
0.162589
0.026335
0.0257483
0.0227726
0.0195903
0.0186849
0.0199812
0.0220131
0.0237092
0.0248356
0.0256636
0.0265152
0.0275073
0.0285062
0.0293781
0.0303039
0.0313602
0.0322996
0.0330783
0.0338198
0.0345667
0.0353945
0.0363069
0.0371705
0.037958
0.0387889
0.0397029
0.0406422
0.0415831
0.0425163
0.0434523
0.0444344
0.0454095
0.0463263
0.0472639
0.0482212
0.0491845
0.0501682
0.0511604
0.052177
0.0532069
0.054243
0.0553237
0.0564188
0.0575403
0.0587226
0.0599242
0.0610922
0.0621819
0.0631852
0.06418
0.0652796
0.0665206
0.0679057
0.0693701
0.0707909
0.0721808
0.0735985
0.0750136
0.0763441
0.0776394
0.0790342
0.0805716
0.0821701
0.0837356
0.085297
0.0869266
0.0885349
0.0901467
0.0918454
0.0935749
0.0953177
0.0970865
0.0989365
0.1008
0.10271
0.10464
0.106622
0.108651
0.11071
0.112792
0.114901
0.117069
0.119312
0.121637
0.123893
0.12616
0.128491
0.130911
0.133412
0.135929
0.138499
0.141088
0.143682
0.14638
0.149064
0.151863
0.154665
0.157442
0.16012
0.16259
0.0260921
0.0256134
0.0229966
0.0199878
0.0189827
0.0201045
0.0220569
0.0237428
0.024875
0.0257072
0.0265581
0.0275424
0.0285334
0.0294018
0.0303228
0.0313716
0.0323062
0.0330854
0.033831
0.0345813
0.0354077
0.0363159
0.0371781
0.0379674
0.0387988
0.0397106
0.0406477
0.0415878
0.0425205
0.0434557
0.0444366
0.0454117
0.0463292
0.0472666
0.0482229
0.0491859
0.0501701
0.0511624
0.0521784
0.053208
0.0542439
0.0553245
0.0564197
0.0575407
0.0587223
0.0599247
0.0610938
0.0621836
0.0631863
0.0641814
0.065281
0.0665216
0.0679064
0.0693709
0.0707916
0.0721812
0.0735989
0.0750144
0.076345
0.0776401
0.0790346
0.0805722
0.0821707
0.0837362
0.0852976
0.0869272
0.0885355
0.0901472
0.0918459
0.0935753
0.0953181
0.0970868
0.0989368
0.100801
0.10271
0.104641
0.106622
0.108651
0.110711
0.112792
0.114901
0.117069
0.119312
0.121637
0.123893
0.12616
0.128491
0.130912
0.133412
0.135929
0.1385
0.141088
0.143683
0.14638
0.149064
0.151863
0.154665
0.157442
0.160121
0.162593
0.0258737
0.0254751
0.0232042
0.0203824
0.0192932
0.0202398
0.022104
0.0237766
0.0249159
0.0257535
0.0266035
0.0275793
0.028562
0.0294268
0.0303431
0.0313841
0.0323134
0.033093
0.0338427
0.0345966
0.0354215
0.0363253
0.037186
0.0379773
0.0388094
0.0397191
0.0406538
0.041593
0.0425252
0.0434593
0.0444388
0.0454136
0.046332
0.0472694
0.0482249
0.0491876
0.0501724
0.0511648
0.0521802
0.0532096
0.0542453
0.0553258
0.0564209
0.057541
0.0587215
0.0599245
0.0610951
0.0621849
0.0631873
0.0641828
0.0652829
0.0665232
0.0679077
0.0693722
0.0707924
0.0721813
0.073599
0.075015
0.0763459
0.0776409
0.0790353
0.0805729
0.0821714
0.0837368
0.0852982
0.0869278
0.0885361
0.0901479
0.0918466
0.0935758
0.0953186
0.0970873
0.0989372
0.100801
0.10271
0.104641
0.106623
0.108652
0.110711
0.112792
0.114901
0.11707
0.119313
0.121637
0.123893
0.12616
0.128491
0.130912
0.133413
0.135929
0.1385
0.141088
0.143683
0.14638
0.149064
0.151863
0.154666
0.157443
0.160122
0.162595
0.0256827
0.0253348
0.0233899
0.0207688
0.0196136
0.0203876
0.0221548
0.02381
0.0249578
0.0258023
0.0266513
0.0276179
0.0285916
0.0294527
0.0303644
0.0313975
0.0323215
0.0331011
0.0338549
0.0346123
0.0354359
0.0363352
0.0371943
0.0379875
0.0388206
0.0397281
0.0406604
0.0415986
0.0425303
0.0434631
0.0444409
0.0454152
0.0463345
0.0472721
0.048227
0.0491895
0.0501749
0.0511674
0.0521822
0.0532116
0.0542472
0.0553275
0.0564227
0.0575416
0.0587203
0.0599235
0.0610957
0.0621858
0.0631879
0.064184
0.0652848
0.0665251
0.0679097
0.0693743
0.0707936
0.0721813
0.0735987
0.0750152
0.0763467
0.0776418
0.0790362
0.0805739
0.0821722
0.0837375
0.0852989
0.0869284
0.0885367
0.0901486
0.0918474
0.0935765
0.0953192
0.0970879
0.0989378
0.100801
0.102711
0.104641
0.106623
0.108652
0.110711
0.112793
0.114901
0.11707
0.119313
0.121638
0.123894
0.12616
0.128491
0.130912
0.133413
0.13593
0.1385
0.141088
0.143683
0.14638
0.149064
0.151863
0.154666
0.157443
0.160123
0.162598
0.0255191
0.0251952
0.0235523
0.0211436
0.0199408
0.0205472
0.0222093
0.0238426
0.0250001
0.0258536
0.0267015
0.0276582
0.0286223
0.0294793
0.0303864
0.0314118
0.0323303
0.0331097
0.0338674
0.0346286
0.0354509
0.0363457
0.0372029
0.0379981
0.0388323
0.0397377
0.0406674
0.0416045
0.0425356
0.0434671
0.0444429
0.0454167
0.0463369
0.0472749
0.0482291
0.0491916
0.0501776
0.05117
0.0521842
0.0532138
0.0542495
0.0553297
0.0564249
0.0575425
0.0587188
0.0599217
0.0610955
0.0621859
0.0631878
0.0641848
0.0652864
0.066527
0.0679121
0.0693773
0.0707956
0.0721815
0.0735979
0.0750146
0.0763469
0.0776425
0.0790372
0.0805752
0.0821733
0.0837383
0.0852996
0.0869289
0.0885373
0.0901495
0.0918483
0.0935773
0.0953201
0.0970888
0.0989386
0.100802
0.102711
0.104642
0.106624
0.108653
0.110711
0.112793
0.114901
0.11707
0.119313
0.121638
0.123894
0.12616
0.128491
0.130912
0.133413
0.13593
0.1385
0.141089
0.143683
0.146381
0.149064
0.151863
0.154667
0.157444
0.160124
0.162602
0.0253822
0.0250608
0.0236926
0.0215033
0.0202714
0.0207188
0.0222691
0.023875
0.0250425
0.0259068
0.0267543
0.0277006
0.0286543
0.0295066
0.0304091
0.031427
0.0323399
0.033119
0.0338804
0.0346453
0.0354666
0.0363569
0.0372119
0.0380091
0.0388446
0.039748
0.0406749
0.0416109
0.0425413
0.0434712
0.0444449
0.0454181
0.0463394
0.0472777
0.0482314
0.0491939
0.0501805
0.0511727
0.0521863
0.0532161
0.0542521
0.0553321
0.0564275
0.0575437
0.0587171
0.0599192
0.0610944
0.0621853
0.063187
0.0641849
0.0652875
0.0665284
0.0679145
0.0693808
0.0707984
0.0721821
0.0735969
0.0750134
0.0763463
0.0776426
0.0790382
0.0805768
0.0821748
0.0837393
0.0853003
0.0869293
0.0885377
0.0901503
0.0918492
0.0935782
0.0953211
0.09709
0.0989396
0.100803
0.102712
0.104642
0.106624
0.108653
0.110712
0.112793
0.114901
0.11707
0.119313
0.121638
0.123894
0.126161
0.128492
0.130912
0.133413
0.13593
0.1385
0.141089
0.143683
0.146381
0.149065
0.151863
0.154667
0.157445
0.160126
0.162605
0.0252716
0.0249358
0.0238107
0.0218445
0.0206032
0.020904
0.0223372
0.0239082
0.0250841
0.0259614
0.0268097
0.0277454
0.0286878
0.0295349
0.0304327
0.0314432
0.0323506
0.033129
0.033894
0.0346626
0.0354829
0.0363687
0.0372215
0.0380206
0.0388577
0.039759
0.0406831
0.0416178
0.0425474
0.0434756
0.044447
0.0454194
0.0463421
0.0472808
0.0482338
0.0491963
0.0501836
0.0511756
0.0521884
0.0532185
0.0542547
0.0553347
0.0564303
0.0575451
0.0587152
0.0599158
0.0610923
0.0621838
0.0631855
0.0641845
0.0652879
0.0665291
0.0679164
0.0693845
0.0708017
0.072183
0.0735956
0.0750115
0.076345
0.0776421
0.0790388
0.0805787
0.0821766
0.0837405
0.0853012
0.0869296
0.088538
0.0901509
0.09185
0.093579
0.0953222
0.0970914
0.0989408
0.100804
0.102713
0.104643
0.106625
0.108654
0.110712
0.112794
0.114902
0.11707
0.119313
0.121639
0.123895
0.126161
0.128492
0.130913
0.133413
0.13593
0.138501
0.141089
0.143683
0.146381
0.149065
0.151863
0.154668
0.157447
0.160127
0.162609
0.0251858
0.0248223
0.0239067
0.0221661
0.0209368
0.0211051
0.0224159
0.0239429
0.0251243
0.0260166
0.0268678
0.0277931
0.0287233
0.0295644
0.0304575
0.0314606
0.0323623
0.0331399
0.0339082
0.0346804
0.0354999
0.0363812
0.0372317
0.0380329
0.0388715
0.0397708
0.0406919
0.0416251
0.0425539
0.0434804
0.0444492
0.045421
0.0463451
0.0472843
0.0482364
0.0491987
0.0501868
0.0511786
0.0521905
0.0532209
0.0542575
0.0553374
0.0564332
0.0575466
0.058713
0.0599115
0.0610891
0.0621813
0.0631834
0.0641836
0.0652879
0.066529
0.0679174
0.0693877
0.070805
0.0721841
0.0735942
0.0750089
0.076343
0.077641
0.0790391
0.0805804
0.0821786
0.0837419
0.0853022
0.0869299
0.0885381
0.0901515
0.0918508
0.0935797
0.0953232
0.0970929
0.0989423
0.100805
0.102714
0.104644
0.106626
0.108654
0.110713
0.112794
0.114902
0.11707
0.119313
0.121639
0.123895
0.126162
0.128493
0.130913
0.133413
0.13593
0.138501
0.141089
0.143684
0.146381
0.149065
0.151863
0.154669
0.157448
0.160129
0.162614
0.0251221
0.0247209
0.0239827
0.0224692
0.0212722
0.0213226
0.022507
0.0239807
0.0251631
0.0260719
0.0269287
0.027844
0.028761
0.0295954
0.0304836
0.0314793
0.0323751
0.0331516
0.0339232
0.0346991
0.0355177
0.0363944
0.0372425
0.0380457
0.0388861
0.0397835
0.0407014
0.041633
0.042561
0.0434857
0.0444518
0.0454228
0.0463486
0.0472881
0.0482392
0.0492013
0.0501903
0.0511818
0.0521928
0.0532234
0.0542604
0.0553401
0.056436
0.057548
0.0587105
0.0599064
0.0610846
0.0621778
0.0631806
0.0641822
0.0652874
0.0665283
0.0679175
0.0693902
0.0708081
0.0721851
0.0735923
0.0750058
0.0763404
0.0776396
0.0790391
0.080582
0.0821807
0.0837435
0.0853032
0.0869302
0.0885382
0.0901519
0.0918515
0.0935803
0.0953242
0.0970945
0.0989439
0.100806
0.102715
0.104645
0.106626
0.108655
0.110714
0.112795
0.114903
0.11707
0.119313
0.121638
0.123895
0.126162
0.128493
0.130914
0.133413
0.13593
0.138501
0.141089
0.143684
0.146381
0.149066
0.151863
0.154669
0.157449
0.160131
0.162618
0.0250771
0.0246337
0.0240422
0.0227543
0.0216079
0.0215554
0.0226122
0.0240238
0.025201
0.0261264
0.0269919
0.0278984
0.0288015
0.0296281
0.0305112
0.0314995
0.0323891
0.0331643
0.033939
0.0347186
0.0355363
0.0364082
0.0372539
0.0380593
0.0389015
0.0397969
0.0407115
0.0416415
0.0425687
0.0434916
0.0444548
0.0454248
0.0463524
0.0472923
0.0482422
0.049204
0.0501939
0.0511852
0.0521952
0.0532261
0.0542634
0.0553429
0.0564389
0.0575493
0.0587079
0.0599006
0.0610788
0.0621732
0.0631772
0.0641806
0.0652869
0.0665273
0.0679169
0.0693917
0.0708106
0.0721862
0.0735904
0.0750021
0.0763376
0.0776383
0.0790393
0.0805834
0.0821826
0.083745
0.0853043
0.0869305
0.0885382
0.0901524
0.0918522
0.0935809
0.0953252
0.097096
0.0989455
0.100807
0.102716
0.104646
0.106627
0.108656
0.110714
0.112796
0.114904
0.117071
0.119312
0.121637
0.123895
0.126163
0.128494
0.130915
0.133414
0.13593
0.138501
0.141089
0.143684
0.146381
0.149066
0.151863
0.15467
0.157451
0.160133
0.162623
0.0250491
0.0245631
0.0240878
0.023021
0.0219423
0.0218023
0.0227332
0.0240742
0.0252385
0.0261795
0.0270567
0.0279564
0.0288449
0.0296627
0.0305404
0.0315211
0.0324044
0.033178
0.0339558
0.034739
0.0355558
0.0364228
0.037266
0.0380736
0.0389176
0.0398109
0.0407223
0.0416504
0.0425768
0.043498
0.0444582
0.0454272
0.0463565
0.0472967
0.0482452
0.0492067
0.0501976
0.0511889
0.0521979
0.0532289
0.0542664
0.0553456
0.0564417
0.0575507
0.0587054
0.0598944
0.0610721
0.0621677
0.0631736
0.0641792
0.0652868
0.0665267
0.0679159
0.0693923
0.0708126
0.0721872
0.0735884
0.0749983
0.0763348
0.0776376
0.0790403
0.0805849
0.0821842
0.0837463
0.0853053
0.0869309
0.0885382
0.0901529
0.0918531
0.0935817
0.0953262
0.0970975
0.0989472
0.100809
0.102717
0.104648
0.106629
0.108656
0.110715
0.112796
0.114905
0.117071
0.119312
0.121636
0.123894
0.126163
0.128495
0.130916
0.133414
0.13593
0.1385
0.141089
0.143684
0.146381
0.149067
0.151863
0.15467
0.157452
0.160136
0.162629
0.0250363
0.0245108
0.0241214
0.023269
0.0222739
0.0220609
0.0228707
0.0241341
0.0252768
0.0262307
0.0271224
0.0280178
0.0288914
0.0296994
0.0305713
0.0315444
0.0324208
0.0331927
0.0339735
0.0347605
0.0355764
0.0364382
0.0372788
0.0380886
0.0389344
0.0398257
0.0407336
0.0416599
0.0425855
0.043505
0.0444621
0.0454299
0.0463609
0.0473014
0.0482483
0.0492095
0.0502016
0.0511929
0.0522008
0.0532318
0.0542695
0.0553484
0.0564446
0.0575522
0.0587031
0.0598884
0.0610649
0.0621618
0.0631701
0.0641783
0.0652877
0.066527
0.0679153
0.0693923
0.0708141
0.0721881
0.0735866
0.0749944
0.0763323
0.077638
0.0790425
0.0805865
0.0821854
0.0837473
0.0853061
0.0869311
0.0885383
0.0901536
0.0918541
0.0935825
0.0953274
0.0970991
0.0989488
0.10081
0.102719
0.104649
0.10663
0.108657
0.110715
0.112797
0.114906
0.117072
0.119311
0.121635
0.123893
0.126162
0.128496
0.130917
0.133415
0.135929
0.1385
0.141088
0.143684
0.146381
0.149067
0.151864
0.154671
0.157454
0.160138
0.162634
0.0250368
0.0244779
0.0241453
0.0234986
0.0226014
0.0223287
0.0230247
0.0242055
0.0253177
0.0262799
0.0271878
0.0280819
0.0289413
0.0297386
0.0306042
0.0315693
0.0324386
0.0332085
0.0339924
0.0347831
0.0355979
0.0364545
0.0372923
0.0381044
0.038952
0.0398411
0.0407455
0.0416698
0.0425948
0.0435124
0.0444663
0.045433
0.0463655
0.0473062
0.0482515
0.0492123
0.0502057
0.0511972
0.052204
0.0532349
0.0542728
0.0553513
0.0564475
0.057554
0.0587015
0.0598829
0.0610577
0.062156
0.0631673
0.0641787
0.0652902
0.0665292
0.0679158
0.069392
0.070815
0.072189
0.073585
0.0749907
0.0763302
0.0776397
0.0790461
0.0805887
0.0821862
0.0837481
0.0853068
0.0869314
0.0885385
0.0901546
0.0918552
0.0935836
0.0953287
0.0971008
0.0989504
0.100812
0.10272
0.10465
0.106631
0.108658
0.110715
0.112797
0.114907
0.117073
0.11931
0.121633
0.123892
0.126162
0.128497
0.130918
0.133415
0.135929
0.1385
0.141088
0.143684
0.146381
0.149068
0.151864
0.154672
0.157455
0.16014
0.16264
0.025048
0.0244657
0.0241621
0.0237094
0.0229228
0.0226027
0.0231942
0.0242904
0.0253631
0.0263271
0.027252
0.0281481
0.0289945
0.0297807
0.0306396
0.0315962
0.0324575
0.0332254
0.0340124
0.0348068
0.0356205
0.0364717
0.0373066
0.0381208
0.0389703
0.0398572
0.0407579
0.0416803
0.0426045
0.0435204
0.044471
0.0454364
0.0463705
0.0473113
0.0482549
0.0492154
0.05021
0.0512019
0.0522076
0.0532382
0.0542762
0.0553545
0.0564504
0.0575561
0.0587006
0.0598782
0.0610509
0.0621506
0.0631657
0.064181
0.065295
0.0665339
0.067918
0.0693919
0.0708154
0.0721897
0.0735835
0.0749871
0.0763286
0.0776427
0.0790511
0.0805915
0.0821867
0.0837485
0.0853075
0.0869315
0.0885388
0.0901559
0.0918565
0.0935847
0.0953302
0.0971026
0.0989521
0.100813
0.102721
0.104652
0.106633
0.108658
0.110715
0.112798
0.114908
0.117074
0.119309
0.121631
0.123891
0.126162
0.128497
0.130919
0.133416
0.135929
0.138499
0.141087
0.143684
0.146381
0.149069
0.151864
0.154672
0.157457
0.160143
0.162645
0.0250664
0.0244765
0.024175
0.0238996
0.0232367
0.0228814
0.0233774
0.0243899
0.0254155
0.0263732
0.0273141
0.0282157
0.0290509
0.029826
0.0306778
0.0316252
0.0324779
0.0332433
0.0340335
0.0348316
0.0356442
0.0364898
0.0373216
0.038138
0.0389894
0.0398741
0.0407709
0.0416913
0.0426149
0.0435289
0.0444761
0.0454403
0.0463759
0.0473168
0.0482587
0.0492187
0.0502145
0.0512069
0.0522116
0.0532415
0.0542798
0.0553578
0.0564535
0.0575585
0.0587004
0.0598744
0.0610447
0.0621458
0.0631656
0.0641857
0.0653025
0.0665415
0.0679224
0.0693921
0.0708153
0.0721902
0.073582
0.0749837
0.0763275
0.0776467
0.0790573
0.0805949
0.082187
0.0837487
0.0853081
0.0869315
0.0885392
0.0901575
0.091858
0.093586
0.0953319
0.0971046
0.0989538
0.100815
0.102723
0.104653
0.106634
0.108659
0.110715
0.112798
0.114909
0.117075
0.119309
0.121629
0.123889
0.126161
0.128498
0.13092
0.133417
0.135928
0.138498
0.141087
0.143684
0.146381
0.149069
0.151864
0.154673
0.157459
0.160146
0.162651
0.0250869
0.0245115
0.0241882
0.0240674
0.023542
0.0231635
0.0235713
0.0245043
0.0254774
0.0264197
0.0273738
0.0282837
0.02911
0.0298748
0.0307193
0.0316566
0.0324996
0.0332624
0.0340559
0.0348576
0.035669
0.0365089
0.0373375
0.0381558
0.0390093
0.0398917
0.0407845
0.0417028
0.0426258
0.0435379
0.0444817
0.0454445
0.0463817
0.0473227
0.0482628
0.0492224
0.0502192
0.0512124
0.0522159
0.053245
0.0542835
0.0553614
0.0564568
0.0575611
0.0587008
0.0598714
0.0610392
0.0621417
0.0631669
0.0641926
0.0653128
0.066552
0.0679289
0.0693928
0.0708146
0.0721903
0.0735804
0.0749804
0.0763266
0.0776514
0.0790642
0.0805987
0.0821871
0.0837488
0.0853087
0.0869315
0.0885397
0.0901594
0.0918596
0.0935873
0.0953337
0.0971067
0.0989556
0.100816
0.102724
0.104655
0.106636
0.10866
0.110715
0.112798
0.11491
0.117077
0.119309
0.121627
0.123888
0.126161
0.128498
0.130921
0.133417
0.135928
0.138498
0.141086
0.143685
0.146381
0.14907
0.151864
0.154674
0.15746
0.160149
0.162657
0.0251033
0.0245695
0.0242078
0.0242121
0.0238367
0.0234486
0.0237728
0.0246333
0.0255513
0.0264684
0.0274309
0.028351
0.0291713
0.0299269
0.0307646
0.0316907
0.0325229
0.0332827
0.0340793
0.0348847
0.035695
0.0365292
0.0373543
0.0381743
0.03903
0.0399102
0.0407987
0.0417149
0.0426373
0.0435474
0.0444877
0.0454493
0.046388
0.0473289
0.0482674
0.0492264
0.0502241
0.0512183
0.0522207
0.0532486
0.0542873
0.0553652
0.0564603
0.0575639
0.0587014
0.0598689
0.0610341
0.062138
0.0631694
0.0642014
0.0653255
0.066565
0.0679372
0.069394
0.0708136
0.0721899
0.0735786
0.0749771
0.0763259
0.0776565
0.0790716
0.0806029
0.0821871
0.0837488
0.0853094
0.0869314
0.0885403
0.0901616
0.0918613
0.0935887
0.0953356
0.0971089
0.0989575
0.100818
0.102726
0.104657
0.106637
0.108661
0.110716
0.112799
0.114911
0.117078
0.119309
0.121626
0.123887
0.126161
0.128499
0.130922
0.133418
0.135928
0.138497
0.141086
0.143685
0.146381
0.149071
0.151865
0.154674
0.157462
0.160152
0.162664
0.0251088
0.0246459
0.0242408
0.0243349
0.0241177
0.0237364
0.0239798
0.024775
0.0256393
0.0265219
0.0274855
0.0284168
0.0292339
0.0299823
0.0308139
0.0317281
0.0325481
0.0333043
0.034104
0.034913
0.0357222
0.0365506
0.0373719
0.0381936
0.0390516
0.0399296
0.0408136
0.0417275
0.0426494
0.0435575
0.0444942
0.0454545
0.0463948
0.0473356
0.0482723
0.0492307
0.0502294
0.0512246
0.0522257
0.0532524
0.0542913
0.0553692
0.0564639
0.0575667
0.0587024
0.0598668
0.0610294
0.0621348
0.0631727
0.0642117
0.06534
0.0665798
0.0679469
0.0693956
0.0708123
0.0721892
0.0735768
0.0749739
0.0763253
0.0776618
0.0790792
0.0806072
0.0821873
0.0837488
0.0853102
0.0869312
0.088541
0.0901639
0.0918632
0.0935902
0.0953376
0.0971111
0.0989594
0.100819
0.102727
0.104658
0.106639
0.108662
0.110716
0.112799
0.114913
0.11708
0.119309
0.121624
0.123886
0.126162
0.128501
0.130923
0.133419
0.135927
0.138497
0.141086
0.143685
0.146381
0.149072
0.151865
0.154675
0.157465
0.160156
0.16267
0.0250996
0.0247325
0.0242932
0.02444
0.024381
0.0240267
0.0241918
0.0249264
0.0257423
0.0265834
0.0275388
0.0284804
0.029297
0.0300405
0.0308674
0.0317692
0.0325755
0.0333274
0.0341299
0.0349424
0.0357508
0.0365733
0.0373904
0.0382137
0.0390741
0.0399499
0.0408291
0.0417408
0.0426623
0.0435683
0.0445012
0.0454601
0.0464021
0.0473427
0.0482776
0.0492352
0.0502349
0.0512312
0.0522311
0.0532562
0.0542955
0.0553735
0.0564677
0.0575697
0.0587034
0.0598649
0.0610249
0.0621319
0.0631766
0.0642229
0.0653557
0.0665958
0.0679574
0.0693976
0.0708108
0.0721883
0.0735748
0.0749706
0.0763248
0.077667
0.0790867
0.0806115
0.0821876
0.083749
0.085311
0.0869311
0.0885418
0.0901664
0.0918652
0.0935918
0.0953397
0.0971135
0.0989614
0.100821
0.102729
0.10466
0.106641
0.108663
0.110717
0.1128
0.114914
0.117082
0.11931
0.121622
0.123885
0.126163
0.128502
0.130924
0.133419
0.135927
0.138496
0.141085
0.143686
0.146381
0.149073
0.151865
0.154675
0.157467
0.16016
0.162677
0.0250773
0.0248189
0.0243669
0.024535
0.0246227
0.0243176
0.0244098
0.0250841
0.0258597
0.0266561
0.0275924
0.0285409
0.0293599
0.030101
0.0309251
0.0318144
0.0326054
0.033352
0.0341572
0.034973
0.0357806
0.0365973
0.03741
0.0382346
0.0390975
0.0399713
0.0408455
0.0417547
0.0426758
0.0435797
0.0445087
0.0454663
0.0464099
0.0473501
0.0482832
0.0492401
0.0502407
0.0512382
0.0522368
0.0532603
0.0542998
0.0553779
0.0564717
0.0575727
0.0587043
0.059863
0.0610207
0.0621292
0.0631807
0.0642347
0.0653721
0.0666125
0.0679684
0.0693998
0.0708094
0.0721871
0.0735727
0.0749673
0.0763243
0.0776722
0.0790941
0.0806159
0.082188
0.0837492
0.0853118
0.086931
0.0885428
0.090169
0.0918673
0.0935934
0.0953418
0.0971159
0.0989635
0.100823
0.102731
0.104662
0.106643
0.108664
0.110718
0.112801
0.114916
0.117084
0.119311
0.121621
0.123885
0.126164
0.128505
0.130925
0.13342
0.135927
0.138496
0.141085
0.143686
0.146382
0.149074
0.151865
0.154675
0.157469
0.160165
0.162685
0.0250501
0.0248951
0.024458
0.0246295
0.0248422
0.0246047
0.024635
0.0252462
0.0259895
0.0267427
0.0276491
0.0285983
0.0294218
0.0301633
0.0309865
0.0318638
0.0326385
0.0333786
0.0341859
0.0350048
0.0358118
0.0366227
0.0374307
0.0382565
0.0391219
0.0399936
0.0408626
0.0417692
0.04269
0.0435918
0.0445168
0.045473
0.0464181
0.047358
0.0482891
0.0492452
0.0502469
0.0512456
0.0522428
0.0532645
0.0543043
0.0553826
0.0564759
0.0575758
0.0587052
0.059861
0.0610167
0.0621268
0.063185
0.0642466
0.0653888
0.0666295
0.0679796
0.0694023
0.0708081
0.0721859
0.0735705
0.074964
0.0763238
0.0776773
0.0791015
0.0806203
0.0821886
0.0837496
0.0853128
0.0869309
0.0885438
0.0901717
0.0918695
0.0935952
0.095344
0.0971184
0.0989657
0.100824
0.102733
0.104664
0.106644
0.108666
0.110719
0.112802
0.114918
0.117086
0.119311
0.121619
0.123884
0.126166
0.128507
0.130927
0.133421
0.135927
0.138495
0.141085
0.143686
0.146382
0.149076
0.151866
0.154676
0.157472
0.16017
0.162692
0.0250288
0.0249576
0.0245576
0.024731
0.025043
0.0248824
0.0248672
0.0254129
0.0261287
0.0268444
0.0277122
0.028653
0.0294819
0.030227
0.0310509
0.0319174
0.0326754
0.0334075
0.0342161
0.0350382
0.0358444
0.0366494
0.0374524
0.0382795
0.0391475
0.040017
0.0408806
0.0417843
0.042705
0.0436046
0.0445255
0.0454802
0.0464268
0.0473664
0.0482954
0.0492505
0.0502534
0.0512534
0.0522491
0.053269
0.0543089
0.0553875
0.0564803
0.0575789
0.058706
0.0598591
0.0610128
0.0621247
0.0631894
0.0642587
0.0654056
0.0666466
0.067991
0.0694051
0.0708069
0.0721847
0.0735683
0.0749608
0.0763234
0.0776823
0.0791087
0.0806247
0.0821893
0.08375
0.0853138
0.0869309
0.0885448
0.0901744
0.0918718
0.093597
0.0953462
0.097121
0.098968
0.100826
0.102734
0.104666
0.106646
0.108667
0.110719
0.112804
0.11492
0.117088
0.119312
0.121618
0.123883
0.126168
0.12851
0.130928
0.133421
0.135927
0.138495
0.141084
0.143687
0.146383
0.149077
0.151866
0.154676
0.157475
0.160175
0.1627
0.0250226
0.0250126
0.0246562
0.0248404
0.0252332
0.0251468
0.0251024
0.025586
0.0262745
0.0269603
0.0277857
0.0287066
0.0295393
0.0302917
0.0311178
0.0319747
0.0327165
0.0334392
0.0342478
0.0350731
0.035879
0.0366776
0.0374751
0.0383034
0.0391742
0.0400417
0.0408996
0.0418002
0.0427207
0.043618
0.0445347
0.045488
0.046436
0.0473752
0.048302
0.0492561
0.0502604
0.0512616
0.0522557
0.0532736
0.0543136
0.0553926
0.0564849
0.0575821
0.0587067
0.0598572
0.0610093
0.0621229
0.0631938
0.0642709
0.0654225
0.0666639
0.0680024
0.0694081
0.0708059
0.0721835
0.073566
0.0749577
0.0763232
0.0776872
0.0791159
0.0806292
0.0821902
0.0837505
0.0853149
0.0869311
0.0885459
0.0901771
0.0918741
0.0935989
0.0953485
0.0971237
0.0989704
0.100828
0.102736
0.104668
0.106648
0.108668
0.11072
0.112805
0.114922
0.117091
0.119313
0.121617
0.123883
0.126169
0.128512
0.13093
0.133422
0.135927
0.138495
0.141084
0.143688
0.146383
0.149079
0.151867
0.154677
0.157478
0.160181
0.162708
0.0250338
0.0250708
0.0247485
0.0249502
0.0254221
0.0254
0.0253339
0.0257656
0.0264263
0.0270884
0.027872
0.0287618
0.0295935
0.0303571
0.031187
0.032035
0.0327617
0.0334742
0.0342814
0.0351096
0.0359155
0.0367075
0.037499
0.0383285
0.0392022
0.0400674
0.0409194
0.0418169
0.0427373
0.0436324
0.0445447
0.0454964
0.0464458
0.0473845
0.048309
0.0492619
0.0502676
0.0512703
0.0522627
0.0532784
0.0543185
0.0553979
0.0564897
0.0575854
0.0587073
0.0598553
0.0610061
0.0621213
0.0631983
0.064283
0.0654394
0.0666811
0.068014
0.0694114
0.0708051
0.0721824
0.0735638
0.0749548
0.076323
0.0776921
0.0791229
0.0806337
0.0821913
0.0837511
0.0853161
0.0869314
0.0885471
0.0901798
0.0918766
0.0936009
0.0953509
0.0971264
0.0989729
0.10083
0.102738
0.10467
0.106651
0.10867
0.110722
0.112807
0.114924
0.117093
0.119313
0.121615
0.123882
0.126171
0.128515
0.130932
0.133423
0.135928
0.138494
0.141084
0.143688
0.146384
0.14908
0.151868
0.154677
0.157482
0.160187
0.162716
0.0250561
0.0251425
0.0248397
0.0250503
0.0256125
0.0256495
0.0255561
0.0259481
0.0265867
0.027226
0.0279712
0.0288226
0.0296451
0.0304221
0.0312586
0.032098
0.0328109
0.0335129
0.034317
0.0351478
0.0359543
0.0367392
0.0375237
0.0383546
0.039232
0.0400947
0.0409402
0.0418341
0.0427544
0.0436477
0.0445555
0.0455055
0.0464562
0.0473943
0.0483163
0.0492681
0.0502753
0.0512794
0.0522699
0.0532835
0.0543236
0.0554035
0.0564949
0.0575888
0.0587078
0.0598534
0.0610032
0.0621202
0.0632029
0.064295
0.0654562
0.0666983
0.0680255
0.0694148
0.0708046
0.0721813
0.0735617
0.074952
0.0763229
0.0776969
0.0791299
0.0806382
0.0821925
0.0837518
0.0853173
0.0869317
0.0885484
0.0901826
0.0918791
0.0936029
0.0953534
0.0971293
0.0989755
0.100833
0.102741
0.104672
0.106653
0.108671
0.110723
0.112809
0.114926
0.117095
0.119314
0.121614
0.123881
0.126173
0.128518
0.130933
0.133423
0.135928
0.138494
0.141084
0.143689
0.146385
0.149081
0.151869
0.154678
0.157486
0.160193
0.162725
0.0250797
0.0252301
0.0249429
0.025134
0.0257954
0.0259063
0.0257694
0.0261251
0.0267573
0.0273729
0.0280815
0.0288931
0.0296962
0.0304849
0.031332
0.0321635
0.0328637
0.0335556
0.0343552
0.035188
0.0359954
0.0367731
0.0375494
0.0383813
0.0392629
0.0401236
0.0409625
0.0418525
0.0427723
0.0436636
0.0445668
0.0455151
0.0464674
0.0474049
0.0483241
0.0492746
0.0502834
0.051289
0.0522776
0.0532887
0.0543288
0.0554093
0.0565002
0.0575923
0.0587084
0.0598518
0.0610008
0.0621193
0.0632074
0.0643069
0.0654729
0.0667153
0.0680371
0.0694184
0.0708042
0.0721803
0.0735597
0.0749493
0.076323
0.0777017
0.0791368
0.0806428
0.0821939
0.0837527
0.0853187
0.0869323
0.0885497
0.0901854
0.0918817
0.0936051
0.0953559
0.0971322
0.0989782
0.100835
0.102743
0.104675
0.106655
0.108673
0.110724
0.11281
0.114928
0.117097
0.119315
0.121613
0.123881
0.126175
0.12852
0.130935
0.133424
0.135928
0.138494
0.141083
0.143689
0.146386
0.149083
0.15187
0.154679
0.157489
0.1602
0.162733
0.0250976
0.0253244
0.025071
0.0252057
0.0259558
0.0261772
0.0259835
0.0262868
0.0269349
0.0275327
0.0282
0.0289748
0.0297508
0.0305444
0.0314061
0.0322323
0.0329195
0.0336018
0.0343963
0.0352305
0.0360392
0.0368094
0.0375766
0.0384089
0.0392951
0.0401538
0.0409856
0.0418717
0.0427915
0.043681
0.0445793
0.0455252
0.0464791
0.047416
0.0483324
0.0492815
0.0502919
0.0512991
0.0522858
0.0532944
0.0543342
0.0554153
0.0565059
0.057596
0.058709
0.0598502
0.0609988
0.062119
0.0632121
0.0643186
0.0654893
0.0667321
0.0680485
0.0694223
0.0708042
0.0721795
0.0735578
0.0749469
0.0763232
0.0777065
0.0791435
0.0806474
0.0821954
0.0837536
0.0853202
0.0869329
0.0885512
0.0901883
0.0918843
0.0936074
0.0953586
0.0971353
0.098981
0.100837
0.102745
0.104677
0.106657
0.108674
0.110725
0.112812
0.11493
0.1171
0.119316
0.121612
0.123881
0.126177
0.128523
0.130937
0.133425
0.135928
0.138493
0.141083
0.14369
0.146386
0.149084
0.151871
0.154679
0.157493
0.160207
0.162742
0.0251109
0.0254131
0.0252291
0.0252814
0.0260794
0.0264542
0.0262134
0.0264296
0.0271096
0.0277103
0.0283264
0.0290658
0.029814
0.0306013
0.0314786
0.0323048
0.0329781
0.0336507
0.0344404
0.0352756
0.0360858
0.0368483
0.0376052
0.0384373
0.0393288
0.040186
0.0410103
0.0418914
0.0428108
0.0436993
0.044593
0.0455366
0.0464918
0.0474278
0.0483411
0.0492887
0.0503009
0.0513097
0.0522943
0.0533003
0.0543399
0.0554216
0.0565119
0.0575999
0.0587096
0.0598488
0.0609972
0.062119
0.0632168
0.0643302
0.0655057
0.0667486
0.0680599
0.0694263
0.0708044
0.0721788
0.073556
0.0749447
0.0763235
0.0777111
0.0791501
0.080652
0.082197
0.0837547
0.0853218
0.0869336
0.0885526
0.0901912
0.0918871
0.0936098
0.0953613
0.0971385
0.0989839
0.10084
0.102747
0.104679
0.10666
0.108676
0.110727
0.112814
0.114933
0.117102
0.119317
0.121611
0.12388
0.126179
0.128526
0.130939
0.133425
0.135928
0.138493
0.141083
0.143691
0.146387
0.149086
0.151873
0.15468
0.157498
0.160214
0.162751
0.0251235
0.0254873
0.025411
0.0253807
0.0261609
0.0267164
0.0264744
0.0265636
0.0272674
0.0279047
0.0284649
0.0291627
0.0298888
0.0306586
0.0315472
0.0323815
0.0330405
0.0337007
0.0344874
0.0353241
0.0361354
0.0368899
0.0376354
0.0384667
0.0393635
0.0402197
0.0410367
0.0419126
0.0428313
0.0437186
0.0446073
0.0455481
0.0465052
0.0474407
0.0483507
0.0492965
0.0503103
0.0513208
0.0523034
0.0533065
0.0543456
0.0554281
0.0565181
0.057604
0.0587104
0.0598476
0.0609962
0.0621196
0.0632216
0.0643416
0.0655217
0.0667649
0.0680712
0.0694305
0.0708049
0.0721783
0.0735544
0.0749426
0.076324
0.0777158
0.0791566
0.0806567
0.0821988
0.083756
0.0853235
0.0869345
0.0885542
0.0901942
0.09189
0.0936124
0.0953642
0.0971418
0.0989869
0.100842
0.10275
0.104682
0.106662
0.108678
0.110728
0.112816
0.114935
0.117105
0.119318
0.12161
0.12388
0.126181
0.128529
0.130941
0.133426
0.135929
0.138493
0.141083
0.143692
0.146388
0.149087
0.151874
0.154681
0.157502
0.160222
0.162761
0.0251369
0.0255428
0.0256013
0.0255213
0.0262138
0.0269373
0.026767
0.0267092
0.0273977
0.0281065
0.0286235
0.0292642
0.0299735
0.0307203
0.0316102
0.0324611
0.033109
0.0337513
0.034536
0.0353765
0.0361884
0.0369343
0.0376673
0.038497
0.0393996
0.0402551
0.0410644
0.0419347
0.0428526
0.0437396
0.0446234
0.0455605
0.0465191
0.0474539
0.0483606
0.0493049
0.0503204
0.0513325
0.0523129
0.0533131
0.0543518
0.0554349
0.0565247
0.0576084
0.0587113
0.0598467
0.0609957
0.0621207
0.0632266
0.0643528
0.0655375
0.0667809
0.0680822
0.0694349
0.0708057
0.0721779
0.073553
0.0749408
0.0763246
0.0777203
0.0791629
0.0806614
0.0822007
0.0837574
0.0853254
0.0869355
0.0885559
0.0901973
0.091893
0.093615
0.0953671
0.0971452
0.09899
0.100845
0.102753
0.104685
0.106664
0.108679
0.11073
0.112818
0.114937
0.117107
0.119319
0.121609
0.12388
0.126183
0.128531
0.130943
0.133427
0.135929
0.138493
0.141082
0.143692
0.146389
0.149089
0.151876
0.154682
0.157507
0.160231
0.162771
0.0251506
0.0255783
0.0257824
0.0257108
0.0262647
0.0270948
0.0270688
0.0268909
0.0275052
0.0282985
0.0288067
0.0293752
0.0300641
0.0307896
0.0316689
0.032541
0.033185
0.0338028
0.0345842
0.0354333
0.0362458
0.0369819
0.0377014
0.038528
0.0394368
0.0402922
0.0410938
0.0419579
0.0428746
0.0437615
0.0446408
0.0455742
0.0465343
0.0474687
0.0483712
0.0493135
0.0503307
0.0513447
0.052323
0.05332
0.0543581
0.0554419
0.0565318
0.0576132
0.0587125
0.059846
0.0609956
0.0621223
0.0632317
0.0643639
0.0655532
0.0667967
0.0680933
0.0694396
0.0708068
0.0721777
0.0735517
0.0749393
0.0763254
0.0777249
0.0791691
0.0806662
0.0822028
0.0837589
0.0853274
0.0869365
0.0885576
0.0902004
0.0918961
0.0936178
0.0953702
0.0971487
0.0989932
0.100848
0.102755
0.104687
0.106667
0.108681
0.110731
0.11282
0.11494
0.11711
0.11932
0.121609
0.123879
0.126184
0.128534
0.130945
0.133428
0.135929
0.138493
0.141082
0.143693
0.14639
0.14909
0.151878
0.154684
0.157512
0.16024
0.162781
0.0251688
0.0255925
0.0259359
0.0259377
0.0263429
0.0271882
0.0273497
0.0271247
0.0276105
0.0284626
0.0290077
0.0295054
0.0301584
0.0308662
0.0317263
0.0326185
0.0332693
0.0338578
0.0346295
0.0354928
0.0363089
0.0370329
0.0377375
0.0385603
0.0394755
0.0403314
0.0411244
0.0419819
0.0428979
0.0437849
0.0446595
0.0455882
0.0465497
0.0474842
0.0483831
0.0493233
0.0503419
0.0513576
0.0523337
0.0533274
0.0543647
0.0554492
0.056539
0.0576182
0.0587139
0.0598458
0.0609963
0.0621246
0.0632371
0.0643748
0.0655685
0.0668122
0.0681042
0.0694444
0.0708084
0.0721778
0.0735507
0.0749381
0.0763263
0.0777293
0.0791752
0.080671
0.082205
0.0837605
0.0853296
0.0869378
0.0885594
0.0902037
0.0918993
0.0936207
0.0953734
0.0971524
0.0989965
0.100851
0.102758
0.10469
0.10667
0.108683
0.110733
0.112822
0.114942
0.117113
0.119322
0.121608
0.123879
0.126186
0.128537
0.130947
0.133429
0.135929
0.138492
0.141082
0.143694
0.146391
0.149091
0.15188
0.154685
0.157517
0.160249
0.162791
0.0252072
0.025588
0.0260474
0.0261776
0.0264686
0.0272393
0.0275776
0.0273999
0.0277431
0.0285954
0.0292103
0.0296618
0.030259
0.0309474
0.0317859
0.0326917
0.0333606
0.0339202
0.0346712
0.035552
0.0363786
0.0370885
0.0377752
0.0385933
0.0395154
0.0403731
0.0411572
0.0420067
0.042922
0.0438099
0.0446801
0.0456038
0.0465661
0.0475003
0.0483951
0.0493331
0.0503535
0.0513712
0.0523451
0.0533353
0.0543718
0.0554569
0.0565468
0.0576237
0.0587155
0.0598457
0.0609974
0.0621275
0.0632426
0.0643856
0.0655837
0.0668275
0.068115
0.0694494
0.0708102
0.0721781
0.07355
0.0749371
0.0763275
0.0777338
0.0791811
0.0806758
0.0822073
0.0837623
0.0853319
0.0869391
0.0885613
0.0902071
0.0919027
0.0936237
0.0953766
0.0971561
0.099
0.100854
0.102761
0.104693
0.106672
0.108686
0.110735
0.112824
0.114945
0.117115
0.119323
0.121608
0.123879
0.126188
0.128539
0.130949
0.13343
0.13593
0.138492
0.141082
0.143695
0.146392
0.149093
0.151882
0.154687
0.157522
0.160259
0.162802
0.0252893
0.0255759
0.0261079
0.026403
0.0266426
0.027279
0.0277356
0.0276862
0.0279283
0.0287148
0.0293945
0.0298404
0.030374
0.0310321
0.0318494
0.0327607
0.0334559
0.0339938
0.0347115
0.0356071
0.0364546
0.0371512
0.0378146
0.0386272
0.0395569
0.0404168
0.0411917
0.0420323
0.042947
0.0438365
0.0447021
0.0456203
0.0465834
0.0475179
0.0484089
0.049344
0.0503654
0.0513851
0.0523569
0.0533435
0.054379
0.0554647
0.0565548
0.0576297
0.0587177
0.0598462
0.0609993
0.062131
0.0632483
0.0643961
0.0655986
0.0668426
0.0681258
0.0694547
0.0708125
0.0721788
0.0735495
0.0749365
0.0763288
0.0777381
0.0791869
0.0806807
0.0822098
0.0837642
0.0853345
0.0869406
0.0885633
0.0902105
0.0919063
0.0936268
0.09538
0.09716
0.0990035
0.100857
0.102764
0.104696
0.106675
0.108688
0.110737
0.112826
0.114948
0.117118
0.119325
0.121607
0.123879
0.12619
0.128542
0.130952
0.133431
0.13593
0.138492
0.141082
0.143696
0.146394
0.149094
0.151885
0.154689
0.157528
0.160269
0.162813
0.0254466
0.0255782
0.0261156
0.026585
0.0268496
0.0273407
0.0278369
0.0279459
0.0281637
0.0288489
0.0295508
0.0300252
0.0305085
0.0311246
0.0319179
0.032825
0.0335504
0.0340815
0.0347554
0.0356539
0.0365336
0.0372238
0.0378567
0.0386605
0.0396006
0.0404637
0.0412287
0.0420588
0.0429723
0.0438646
0.0447263
0.0456382
0.0466012
0.047536
0.0484233
0.0493557
0.0503784
0.0514001
0.0523698
0.0533523
0.0543866
0.055473
0.0565633
0.057636
0.05872
0.0598468
0.0610017
0.0621353
0.0632543
0.0644063
0.0656133
0.0668574
0.0681364
0.06946
0.0708151
0.0721797
0.0735493
0.0749362
0.0763302
0.0777425
0.0791925
0.0806856
0.0822124
0.0837662
0.0853372
0.0869422
0.0885653
0.0902141
0.0919099
0.0936301
0.0953834
0.0971641
0.0990072
0.100861
0.102768
0.104699
0.106678
0.10869
0.110739
0.112829
0.11495
0.117121
0.119326
0.121607
0.123879
0.126192
0.128545
0.130954
0.133432
0.13593
0.138493
0.141082
0.143697
0.146395
0.149095
0.151887
0.154691
0.157533
0.16028
0.162825
0.0256946
0.0256226
0.0260856
0.0267081
0.0270738
0.027455
0.0279106
0.0281458
0.0284191
0.0290251
0.0296939
0.0301947
0.0306578
0.0312323
0.0319947
0.0328857
0.0336387
0.0341815
0.0348092
0.0356913
0.0366098
0.0373082
0.0379044
0.0386916
0.0396452
0.040514
0.041268
0.0420868
0.0429985
0.043894
0.0447527
0.0456576
0.0466199
0.0475555
0.0484391
0.0493679
0.0503913
0.0514155
0.0523834
0.0533618
0.0543947
0.0554816
0.0565724
0.0576432
0.0587231
0.0598481
0.0610048
0.0621402
0.0632606
0.0644168
0.0656277
0.0668721
0.0681471
0.0694657
0.0708181
0.0721809
0.0735494
0.0749362
0.076332
0.077747
0.0791981
0.0806906
0.0822152
0.0837684
0.0853401
0.0869441
0.0885675
0.0902177
0.0919138
0.0936335
0.0953869
0.0971683
0.099011
0.100864
0.102771
0.104702
0.106681
0.108693
0.110741
0.112831
0.114953
0.117124
0.119328
0.121607
0.123879
0.126194
0.128547
0.130956
0.133433
0.135931
0.138493
0.141082
0.143698
0.146397
0.149097
0.15189
0.154694
0.157539
0.160291
0.162836
0.02597
0.0257175
0.0260409
0.0267731
0.0273079
0.0276495
0.0280007
0.028285
0.0286532
0.0292463
0.0298492
0.030338
0.0308061
0.0313603
0.032087
0.0329464
0.0337167
0.0342898
0.0348795
0.0357225
0.036676
0.0374029
0.0379624
0.0387198
0.0396891
0.0405698
0.0413103
0.0421148
0.043025
0.0439244
0.0447811
0.0456788
0.046639
0.0475756
0.0484563
0.0493814
0.0504052
0.0514316
0.0523976
0.0533715
0.0544029
0.0554905
0.0565817
0.0576506
0.0587264
0.0598498
0.0610085
0.062146
0.0632673
0.0644269
0.0656418
0.0668865
0.0681576
0.0694714
0.0708215
0.0721826
0.0735499
0.0749366
0.0763339
0.0777513
0.0792036
0.0806956
0.0822181
0.0837708
0.0853432
0.0869461
0.0885698
0.0902214
0.0919178
0.093637
0.0953904
0.0971726
0.099015
0.100868
0.102775
0.104706
0.106685
0.108695
0.110744
0.112834
0.114956
0.117126
0.119329
0.121607
0.123879
0.126196
0.12855
0.130959
0.133434
0.135931
0.138493
0.141082
0.143699
0.146398
0.149098
0.151893
0.154697
0.157545
0.160303
0.162849
0.0262196
0.0258587
0.0260111
0.0267953
0.0275438
0.0279284
0.0281565
0.0283912
0.0288349
0.0294884
0.030046
0.0304701
0.0309354
0.0315016
0.0322038
0.0330152
0.0337824
0.0343979
0.0349719
0.0357567
0.0367271
0.0375023
0.0380361
0.0387477
0.0397281
0.0406307
0.0413584
0.0421436
0.0430518
0.0439563
0.0448116
0.045702
0.0466592
0.0475967
0.0484747
0.0493956
0.0504193
0.0514486
0.0524133
0.0533824
0.0544117
0.0554998
0.0565919
0.057659
0.0587304
0.0598518
0.0610127
0.0621524
0.0632743
0.0644369
0.0656558
0.0669009
0.0681681
0.0694774
0.0708252
0.0721845
0.0735508
0.0749373
0.0763362
0.0777558
0.079209
0.0807006
0.0822212
0.0837733
0.0853464
0.0869484
0.0885722
0.0902252
0.091922
0.0936407
0.095394
0.097177
0.0990191
0.100871
0.102778
0.104709
0.106688
0.108698
0.110746
0.112836
0.114958
0.117129
0.119331
0.121607
0.12388
0.126198
0.128553
0.130961
0.133435
0.135932
0.138493
0.141082
0.1437
0.1464
0.1491
0.151896
0.1547
0.157551
0.160315
0.162861
0.026426
0.0260398
0.026025
0.0267953
0.0277587
0.0282641
0.0283908
0.0284979
0.028953
0.0297134
0.0302884
0.0306171
0.0310364
0.0316378
0.0323459
0.0331039
0.0338393
0.0344962
0.0350834
0.035804
0.036762
0.037598
0.0381281
0.0387812
0.0397596
0.0406944
0.0414152
0.0421734
0.043077
0.0439899
0.0448451
0.0457272
0.0466803
0.0476186
0.0484949
0.0494117
0.0504345
0.051466
0.0524293
0.0533937
0.0544209
0.0555096
0.0566025
0.0576681
0.0587353
0.0598546
0.0610177
0.0621599
0.0632825
0.0644468
0.0656693
0.066915
0.0681787
0.0694837
0.0708295
0.0721872
0.0735521
0.0749384
0.0763386
0.0777603
0.0792143
0.0807058
0.0822246
0.0837761
0.0853499
0.0869509
0.0885748
0.0902291
0.0919264
0.0936446
0.0953978
0.0971816
0.0990233
0.100875
0.102782
0.104713
0.106691
0.108701
0.110749
0.112839
0.114961
0.117132
0.119332
0.121607
0.12388
0.1262
0.128555
0.130963
0.133437
0.135933
0.138494
0.141082
0.143701
0.146402
0.149101
0.1519
0.154704
0.157558
0.160327
0.162874
0.0266856
0.0263046
0.0261163
0.0267988
0.0279134
0.0285994
0.0286927
0.0286394
0.0290263
0.02988
0.0305496
0.0308083
0.0311258
0.0317436
0.0324998
0.033224
0.0338983
0.034574
0.0352029
0.0358747
0.0367875
0.0376776
0.0382352
0.0388276
0.039782
0.0407544
0.0414824
0.0422082
0.0430986
0.0440233
0.0448819
0.0457545
0.0467021
0.0476414
0.0485159
0.0494283
0.0504501
0.0514842
0.052447
0.0534062
0.0544304
0.0555196
0.0566135
0.0576777
0.0587405
0.0598574
0.0610228
0.0621676
0.0632902
0.0644565
0.0656827
0.0669291
0.0681893
0.06949
0.0708339
0.0721898
0.0735537
0.0749398
0.0763412
0.0777649
0.0792196
0.0807108
0.0822279
0.0837789
0.0853533
0.0869535
0.0885774
0.0902331
0.0919309
0.0936486
0.0954015
0.0971862
0.0990277
0.100879
0.102786
0.104716
0.106695
0.108704
0.110751
0.112842
0.114964
0.117135
0.119334
0.121607
0.123881
0.126202
0.128558
0.130966
0.133438
0.135933
0.138494
0.141083
0.143703
0.146404
0.149103
0.151903
0.154708
0.157565
0.160339
0.162888
0.0268224
0.0265596
0.0262878
0.0268389
0.0280142
0.0288963
0.0290447
0.0288577
0.0290949
0.0299778
0.0307961
0.0310613
0.0312394
0.0318127
0.0326427
0.0333808
0.0339796
0.0346325
0.0353155
0.0359745
0.0368184
0.0377351
0.038348
0.0388955
0.0398009
0.0408056
0.0415588
0.0422527
0.0431174
0.0440543
0.0449234
0.0457856
0.0467241
0.0476646
0.0485387
0.0494469
0.0504669
0.0515029
0.0524652
0.0534192
0.0544404
0.0555301
0.0566251
0.0576883
0.058747
0.0598614
0.061029
0.0621766
0.0632988
0.0644663
0.0656957
0.0669429
0.0681998
0.0694965
0.0708389
0.0721933
0.073556
0.0749418
0.0763441
0.0777696
0.0792249
0.0807161
0.0822317
0.0837821
0.0853573
0.0869564
0.0885804
0.0902372
0.0919356
0.0936529
0.0954054
0.097191
0.0990323
0.100883
0.10279
0.10472
0.106699
0.108707
0.110754
0.112845
0.114967
0.117138
0.119336
0.121608
0.123881
0.126203
0.128561
0.130968
0.13344
0.135934
0.138495
0.141083
0.143704
0.146406
0.149105
0.151907
0.154712
0.157572
0.160352
0.162902
0.0269326
0.0268441
0.0265344
0.0269285
0.0280743
0.0291198
0.0294112
0.0291598
0.0292005
0.030021
0.0309879
0.0313527
0.0314121
0.0318614
0.0327451
0.0335574
0.0341002
0.0346833
0.0354057
0.0360947
0.0368712
0.0377725
0.038453
0.0389874
0.0398254
0.040843
0.0416389
0.0423119
0.0431373
0.0440795
0.0449671
0.045822
0.0467475
0.0476882
0.048563
0.0494667
0.050484
0.0515225
0.0524854
0.053434
0.054451
0.0555411
0.0566376
0.0576998
0.0587541
0.0598656
0.0610353
0.0621859
0.0633076
0.064476
0.0657086
0.0669568
0.0682107
0.0695034
0.0708441
0.072197
0.0735586
0.074944
0.0763473
0.0777744
0.0792303
0.0807213
0.0822354
0.0837853
0.0853612
0.0869595
0.0885835
0.0902413
0.0919405
0.0936573
0.0954094
0.0971958
0.099037
0.100888
0.102794
0.104723
0.106703
0.10871
0.110757
0.112848
0.11497
0.117141
0.119338
0.121608
0.123882
0.126205
0.128563
0.130971
0.133441
0.135935
0.138496
0.141084
0.143705
0.146409
0.149107
0.151911
0.154717
0.157579
0.160365
0.162916
0.0269886
0.0271474
0.0268484
0.0270624
0.0281074
0.0292573
0.0297416
0.0295215
0.0293726
0.0300408
0.0311009
0.0316408
0.0316586
0.0319234
0.0327916
0.0337239
0.0342681
0.0347493
0.0354654
0.0362151
0.0369567
0.0378048
0.0385352
0.039095
0.0398673
0.0408681
0.0417131
0.042385
0.0431633
0.0440981
0.0450096
0.0458649
0.0467738
0.0477107
0.0485882
0.0494888
0.0505027
0.0515426
0.0525062
0.0534497
0.0544618
0.0555519
0.0566503
0.0577118
0.0587619
0.0598706
0.0610424
0.0621961
0.0633173
0.0644857
0.0657211
0.0669704
0.0682212
0.0695102
0.0708495
0.0722013
0.0735617
0.0749468
0.0763507
0.0777791
0.0792356
0.0807266
0.0822394
0.0837889
0.0853654
0.0869628
0.0885868
0.0902455
0.0919455
0.0936619
0.0954136
0.0972008
0.0990418
0.100892
0.102798
0.104727
0.106707
0.108714
0.11076
0.112851
0.114973
0.117144
0.11934
0.121609
0.123883
0.126207
0.128566
0.130973
0.133443
0.135936
0.138496
0.141085
0.143707
0.146411
0.149109
0.151915
0.154723
0.157586
0.160379
0.162931
0.0269685
0.0274141
0.0272112
0.0272455
0.0281343
0.029329
0.0300079
0.0299084
0.0296292
0.0300821
0.0311467
0.0318852
0.0319624
0.0320431
0.0328013
0.033848
0.0344683
0.0348556
0.0355071
0.0363147
0.0370712
0.0378528
0.0385919
0.0392029
0.0399349
0.0408893
0.0417739
0.0424693
0.0432032
0.0441127
0.045047
0.0459128
0.0468059
0.0477339
0.0486134
0.0495121
0.0505216
0.0515626
0.0525282
0.0534672
0.0544737
0.0555631
0.0566641
0.0577256
0.0587712
0.0598763
0.0610501
0.062207
0.0633273
0.0644952
0.0657335
0.0669842
0.0682324
0.0695176
0.0708555
0.072206
0.0735654
0.0749499
0.0763544
0.0777842
0.0792412
0.0807322
0.0822436
0.0837926
0.0853699
0.0869665
0.0885903
0.0902499
0.0919507
0.0936667
0.0954179
0.0972058
0.0990468
0.100897
0.102803
0.104731
0.106711
0.108717
0.110763
0.112854
0.114976
0.117147
0.119342
0.12161
0.123884
0.126209
0.128568
0.130976
0.133445
0.135937
0.138497
0.141086
0.143708
0.146414
0.149111
0.151919
0.154729
0.157594
0.160392
0.162946
0.0268944
0.0275866
0.0275831
0.0275002
0.0281885
0.0293616
0.0302028
0.0302828
0.029958
0.0301823
0.0311577
0.0320542
0.0322821
0.0322457
0.0328103
0.0339069
0.0346703
0.0350174
0.0355551
0.0363775
0.0371931
0.0379354
0.0386364
0.0392932
0.0400264
0.0409222
0.041818
0.0425553
0.0432594
0.0441279
0.0450769
0.0459631
0.0468444
0.047758
0.0486372
0.0495367
0.0505435
0.0515845
0.0525513
0.0534863
0.0544871
0.0555748
0.0566778
0.0577399
0.0587808
0.0598822
0.0610581
0.0622189
0.0633384
0.064505
0.0657457
0.0669981
0.0682435
0.0695249
0.0708614
0.0722111
0.0735696
0.0749535
0.0763584
0.0777891
0.0792465
0.0807376
0.0822478
0.0837965
0.0853738
0.0869702
0.0885939
0.0902544
0.0919561
0.0936717
0.0954222
0.097211
0.0990519
0.100902
0.102807
0.104735
0.106715
0.108721
0.110766
0.112857
0.11498
0.11715
0.119344
0.121611
0.123885
0.126211
0.128571
0.130979
0.133447
0.135939
0.138498
0.141087
0.14371
0.146416
0.149114
0.151924
0.154735
0.157603
0.160406
0.162961
0.026813
0.0276569
0.0279153
0.0278269
0.0282995
0.0293798
0.0303283
0.0306101
0.0303303
0.0303576
0.0311707
0.0321477
0.0325714
0.0325226
0.0328634
0.0339116
0.0348364
0.0352228
0.0356389
0.0364128
0.0372969
0.0380537
0.0386924
0.039355
0.0401243
0.0409775
0.0418506
0.042633
0.0433319
0.0441499
0.045099
0.0460119
0.0468895
0.0477873
0.0486626
0.0495618
0.0505658
0.0516069
0.0525748
0.0535058
0.054501
0.0555865
0.0566918
0.0577556
0.0587926
0.0598894
0.0610667
0.0622316
0.0633502
0.0645144
0.065757
0.0670117
0.0682551
0.0695328
0.0708679
0.0722168
0.0735743
0.0749575
0.0763627
0.0777944
0.0792522
0.0807435
0.0822526
0.0838008
0.085379
0.0869744
0.0885978
0.090259
0.0919618
0.0936769
0.0954269
0.0972163
0.0990571
0.100907
0.102812
0.104739
0.10672
0.108725
0.11077
0.112861
0.114983
0.117153
0.119346
0.121613
0.123886
0.126213
0.128573
0.130982
0.133449
0.13594
0.138499
0.141089
0.143712
0.146419
0.149117
0.151928
0.154742
0.157611
0.16042
0.162977
0.0267587
0.0276653
0.0281655
0.0281891
0.0284839
0.0294112
0.0303992
0.0308703
0.0307139
0.0306076
0.0312219
0.0321909
0.032795
0.032837
0.0329929
0.0338953
0.0349408
0.035444
0.0357784
0.036445
0.0373605
0.0381849
0.038782
0.0393978
0.0402086
0.0410607
0.0418876
0.042695
0.0434137
0.0441843
0.0451163
0.0460583
0.0469408
0.0478203
0.0486873
0.0495854
0.0505881
0.0516313
0.0526006
0.0535268
0.0545167
0.0556004
0.0567071
0.057772
0.0588049
0.0598965
0.0610749
0.0622445
0.0633631
0.0645245
0.0657686
0.0670257
0.0682671
0.0695409
0.0708744
0.0722226
0.0735797
0.074962
0.0763675
0.0777998
0.0792578
0.0807493
0.0822569
0.0838048
0.0853837
0.0869788
0.0886017
0.0902637
0.0919676
0.0936822
0.0954315
0.0972217
0.0990625
0.100913
0.102817
0.104743
0.106724
0.108729
0.110773
0.112864
0.114986
0.117156
0.119349
0.121614
0.123888
0.126216
0.128576
0.130984
0.133451
0.135942
0.138501
0.14109
0.143714
0.146422
0.14912
0.151933
0.15475
0.15762
0.160434
0.162993
0.0267409
0.0276675
0.0283306
0.028535
0.0287373
0.0294866
0.0304427
0.0310566
0.0310738
0.0309152
0.0313297
0.0322161
0.032945
0.0331455
0.0332037
0.0339009
0.0349837
0.0356418
0.0359666
0.036506
0.037388
0.0383016
0.0389146
0.0394481
0.0402626
0.0411558
0.0419434
0.0427427
0.0434965
0.0442356
0.0451309
0.046096
0.0469949
0.0478587
0.0487151
0.049612
0.0506114
0.0516563
0.0526292
0.0535495
0.0545315
0.0556135
0.056722
0.0577889
0.0588187
0.0599052
0.0610843
0.0622588
0.0633772
0.0645349
0.0657793
0.067039
0.0682791
0.0695496
0.0708814
0.0722291
0.0735856
0.0749668
0.0763723
0.0778053
0.0792635
0.0807556
0.0822621
0.0838092
0.085389
0.0869837
0.0886059
0.0902685
0.0919737
0.0936878
0.0954363
0.0972272
0.099068
0.100919
0.102822
0.104747
0.106729
0.108733
0.110777
0.112868
0.11499
0.11716
0.119351
0.121616
0.123889
0.126218
0.128579
0.130987
0.133453
0.135944
0.138502
0.141092
0.143716
0.146425
0.149124
0.151938
0.154757
0.15763
0.160448
0.163009
0.0267499
0.0276939
0.0284425
0.0288257
0.0290294
0.0296182
0.0304918
0.0311819
0.0313798
0.031254
0.0315009
0.0322563
0.0330365
0.0334095
0.0334698
0.0339618
0.0349909
0.0357906
0.0361782
0.0366195
0.0374055
0.0383775
0.0390697
0.0395306
0.0402899
0.0412417
0.0420276
0.0427877
0.0435683
0.0443012
0.045149
0.046126
0.047055
0.047906
0.0487433
0.0496379
0.0506344
0.0516795
0.0526584
0.0535745
0.0545466
0.0556273
0.0567398
0.0578085
0.0588342
0.0599142
0.0610933
0.0622727
0.0633915
0.0645455
0.0657902
0.0670528
0.0682918
0.0695587
0.0708885
0.0722356
0.0735919
0.0749723
0.0763777
0.0778112
0.0792695
0.0807619
0.0822671
0.0838137
0.0853944
0.086989
0.0886102
0.0902733
0.09198
0.0936936
0.0954413
0.0972329
0.0990736
0.100924
0.102827
0.104751
0.106734
0.108738
0.110781
0.112872
0.114993
0.117163
0.119354
0.121618
0.123891
0.12622
0.128582
0.13099
0.133455
0.135946
0.138504
0.141094
0.143718
0.146428
0.149128
0.151943
0.154765
0.15764
0.160462
0.163025
0.0267723
0.0277325
0.0285345
0.0290559
0.0293256
0.0297992
0.0305725
0.0312754
0.0316193
0.0315902
0.0317261
0.0323343
0.0330962
0.0336099
0.0337567
0.0340933
0.0349981
0.0358865
0.0363788
0.0367819
0.0374431
0.0384079
0.0392179
0.039663
0.0403152
0.041296
0.0421276
0.0428454
0.0436275
0.0443783
0.0451805
0.0461451
0.0471115
0.0479611
0.0487719
0.0496625
0.0506607
0.0517033
0.0526886
0.0536053
0.0545651
0.0556396
0.0567567
0.0578289
0.0588502
0.0599232
0.0611025
0.062288
0.0634078
0.064557
0.0658011
0.0670664
0.0683041
0.069568
0.0708962
0.0722429
0.0735989
0.0749782
0.0763833
0.0778169
0.0792755
0.0807684
0.0822727
0.0838184
0.0853999
0.0869948
0.0886149
0.0902782
0.0919865
0.0936995
0.0954464
0.0972387
0.0990795
0.10093
0.102833
0.104755
0.106739
0.108743
0.110785
0.112876
0.114997
0.117166
0.119357
0.12162
0.123893
0.126223
0.128584
0.130993
0.133457
0.135948
0.138506
0.141096
0.143721
0.146431
0.149133
0.151949
0.154773
0.157651
0.160476
0.163042
0.0268194
0.0277692
0.0286241
0.0292447
0.029605
0.0300115
0.0306881
0.0313656
0.0317996
0.0318928
0.0319857
0.0324619
0.0331573
0.0337512
0.0340262
0.0342828
0.0350322
0.035946
0.0365462
0.0369714
0.0375271
0.0384159
0.0393274
0.039829
0.0403667
0.0413181
0.0422266
0.0429299
0.0436808
0.0444527
0.0452253
0.046155
0.0471593
0.04803
0.0488088
0.0496839
0.0506893
0.0517309
0.0527168
0.0536364
0.0545857
0.0556497
0.0567723
0.0578526
0.0588699
0.0599337
0.0611118
0.0623036
0.0634247
0.0645681
0.0658113
0.0670804
0.0683173
0.0695779
0.0709041
0.0722504
0.0736063
0.0749843
0.0763893
0.0778231
0.0792819
0.0807752
0.0822785
0.0838232
0.0854055
0.0870011
0.0886197
0.0902828
0.0919932
0.0937058
0.0954517
0.0972443
0.0990852
0.100937
0.102838
0.10476
0.106745
0.108747
0.110789
0.11288
0.115
0.11717
0.11936
0.121623
0.123894
0.126225
0.128587
0.130997
0.13346
0.13595
0.138508
0.141098
0.143724
0.146434
0.149138
0.151955
0.154782
0.157662
0.16049
0.163058
0.026921
0.0278135
0.0287097
0.029403
0.0298595
0.0302419
0.0308281
0.0314698
0.0319465
0.0321499
0.0322547
0.0326324
0.0332434
0.0338529
0.0342522
0.0345084
0.0351099
0.0359908
0.0366749
0.0371594
0.03766
0.0384325
0.0393877
0.0400029
0.0404681
0.0413275
0.0422972
0.0430313
0.0437385
0.0445194
0.0452892
0.0461704
0.0471917
0.0481057
0.0488587
0.0496996
0.0507127
0.0517625
0.0527446
0.0536666
0.0546124
0.0556633
0.0567858
0.0578772
0.0588925
0.0599443
0.0611194
0.062319
0.0634436
0.0645805
0.0658215
0.0670947
0.068331
0.0695876
0.0709118
0.0722585
0.0736145
0.0749911
0.0763957
0.0778294
0.0792881
0.0807822
0.0822848
0.0838281
0.0854111
0.0870078
0.0886249
0.0902877
0.0920001
0.0937121
0.0954573
0.0972504
0.0990915
0.100943
0.102844
0.104764
0.10675
0.108752
0.110794
0.112885
0.115004
0.117173
0.119363
0.121626
0.123896
0.126228
0.12859
0.131
0.133462
0.135952
0.13851
0.1411
0.143727
0.146438
0.149143
0.151961
0.15479
0.157673
0.160505
0.163075
0.0270806
0.0278823
0.0287887
0.0295364
0.0300851
0.0304837
0.0309883
0.0315891
0.0320795
0.032364
0.0325123
0.0328274
0.0333634
0.0339454
0.0344296
0.0347412
0.0352313
0.0360397
0.0367736
0.0373254
0.0378251
0.0384876
0.0394143
0.0401494
0.040611
0.0413494
0.042333
0.0431376
0.0438178
0.0445798
0.0453608
0.0461964
0.047205
0.0481767
0.0489286
0.0497169
0.050726
0.0517988
0.0527805
0.0536954
0.0546398
0.0556801
0.0567965
0.0578999
0.058919
0.0599577
0.0611265
0.0623346
0.0634644
0.0645937
0.0658304
0.0671085
0.0683459
0.0695982
0.0709194
0.0722669
0.0736235
0.0749982
0.0764022
0.0778359
0.0792947
0.0807893
0.0822915
0.0838332
0.0854166
0.0870151
0.0886303
0.0902924
0.0920072
0.0937191
0.0954632
0.0972561
0.0990975
0.10095
0.10285
0.104769
0.106756
0.108757
0.110798
0.112889
0.115008
0.117177
0.119366
0.121629
0.123898
0.12623
0.128593
0.131003
0.133465
0.135954
0.138513
0.141103
0.143731
0.146441
0.149148
0.151968
0.154799
0.157685
0.16052
0.163091
0.0272689
0.0279911
0.0288778
0.0296574
0.0302766
0.0307252
0.0311699
0.0317178
0.0322079
0.032548
0.0327514
0.03303
0.0335081
0.0340499
0.034568
0.0349563
0.0353909
0.0361109
0.0368584
0.0374642
0.037994
0.0385823
0.0394306
0.0402514
0.0407756
0.0414139
0.0423519
0.0432267
0.043914
0.0446374
0.0454292
0.0462411
0.0472103
0.0482321
0.0490176
0.0497493
0.0507272
0.05183
0.0528253
0.0537248
0.054663
0.0557009
0.0568097
0.0579203
0.0589483
0.0599751
0.0611326
0.0623484
0.0634861
0.0646083
0.0658395
0.067122
0.0683616
0.0696098
0.0709267
0.0722749
0.0736332
0.0750063
0.076409
0.0778427
0.0793016
0.0807961
0.0822984
0.0838387
0.0854223
0.0870228
0.0886361
0.0902972
0.0920144
0.0937259
0.0954691
0.0972619
0.0991039
0.100957
0.102856
0.104773
0.106762
0.108763
0.110803
0.112894
0.115012
0.11718
0.11937
0.121632
0.1239
0.126233
0.128596
0.131007
0.133468
0.135957
0.138516
0.141106
0.143734
0.146445
0.149154
0.151976
0.154808
0.157696
0.160534
0.163108
0.0274603
0.0281371
0.0289886
0.0297789
0.030435
0.0309473
0.031373
0.0318604
0.032337
0.03271
0.0329673
0.033231
0.0336655
0.0341752
0.0346901
0.0351418
0.0355689
0.0362065
0.0369376
0.037579
0.0381513
0.038712
0.0394695
0.0403168
0.0409292
0.0415164
0.0423699
0.0432854
0.0440188
0.0447097
0.045494
0.0463021
0.04722
0.0482621
0.0491112
0.0498061
0.0507213
0.0518449
0.0528778
0.0537658
0.0546832
0.0557204
0.0568273
0.0579391
0.0589766
0.0599966
0.0611391
0.0623604
0.0635093
0.064625
0.0658484
0.0671346
0.0683776
0.0696226
0.0709343
0.0722828
0.0736434
0.0750154
0.076416
0.0778493
0.0793088
0.0808036
0.0823057
0.0838443
0.0854279
0.087031
0.0886422
0.0903018
0.0920215
0.0937332
0.0954758
0.0972678
0.0991102
0.100964
0.102862
0.104778
0.106768
0.108768
0.110807
0.112899
0.115016
0.117184
0.119373
0.121636
0.123902
0.126236
0.128599
0.13101
0.133471
0.135959
0.13852
0.141109
0.143738
0.14645
0.14916
0.151984
0.154817
0.157709
0.16055
0.163124
0.0276391
0.0282978
0.0291172
0.0299096
0.0305784
0.0311393
0.031582
0.03202
0.0324713
0.0328564
0.033161
0.0334341
0.0338317
0.034313
0.034808
0.0352963
0.035742
0.0363215
0.0370232
0.0376839
0.0382945
0.0388583
0.0395388
0.040362
0.0410517
0.0416433
0.0424123
0.0433224
0.0441148
0.0447966
0.0455552
0.0463689
0.0472454
0.0482727
0.0491933
0.0498914
0.0507253
0.0518385
0.0529267
0.0538229
0.0547057
0.0557317
0.0568469
0.0579615
0.0590033
0.0600209
0.0611484
0.0623704
0.0635323
0.0646433
0.0658575
0.0671467
0.068394
0.0696365
0.0709425
0.0722902
0.0736534
0.0750253
0.0764236
0.077856
0.0793161
0.0808111
0.0823135
0.0838501
0.0854336
0.0870396
0.0886484
0.0903064
0.0920293
0.093741
0.0954825
0.0972732
0.0991165
0.100972
0.102868
0.104783
0.106774
0.108774
0.110812
0.112904
0.11502
0.117188
0.119377
0.12164
0.123905
0.126239
0.128603
0.131013
0.133474
0.135961
0.138523
0.141112
0.143742
0.146454
0.149165
0.151992
0.154827
0.157721
0.160565
0.163141
0.0278115
0.0284598
0.0292559
0.0300506
0.0307251
0.031303
0.0317758
0.0321932
0.0326174
0.0329983
0.0333345
0.0336298
0.033997
0.0344552
0.0349331
0.0354341
0.0359044
0.0364528
0.0371221
0.0377806
0.0384149
0.0390003
0.0396354
0.0404126
0.0411472
0.0417762
0.0424863
0.0433525
0.0441893
0.0448921
0.0456207
0.0464325
0.0472871
0.0482774
0.049252
0.0499947
0.0507561
0.0518175
0.0529569
0.0538928
0.0547421
0.0557352
0.056861
0.0579903
0.0590317
0.0600444
0.0611603
0.0623796
0.0635543
0.064664
0.0658672
0.067158
0.0684107
0.0696512
0.0709516
0.0722977
0.0736631
0.075036
0.0764323
0.0778628
0.0793233
0.0808188
0.082322
0.0838559
0.0854391
0.087049
0.0886553
0.0903108
0.0920362
0.0937486
0.0954898
0.0972791
0.0991231
0.10098
0.102874
0.104788
0.10678
0.10878
0.110817
0.112909
0.115024
0.117192
0.119381
0.121644
0.123907
0.126242
0.128607
0.131016
0.133478
0.135964
0.138527
0.141115
0.143746
0.146459
0.149172
0.152
0.154836
0.157733
0.16058
0.163157
0.0279886
0.0286244
0.0293986
0.0301913
0.0308781
0.0314569
0.0319511
0.0323687
0.0327723
0.0331392
0.0334856
0.0338074
0.0341628
0.0346034
0.0350655
0.035565
0.0360584
0.0365884
0.037226
0.0378751
0.0385218
0.0391345
0.0397493
0.0404771
0.0412213
0.0418932
0.0425824
0.0433948
0.0442471
0.0449868
0.0456975
0.0464944
0.0473396
0.0482887
0.0492825
0.0500938
0.05082
0.0517987
0.0529599
0.053963
0.054802
0.055741
0.0568612
0.0580206
0.0590677
0.0600664
0.061172
0.0623904
0.063575
0.0646856
0.065878
0.0671684
0.0684276
0.0696665
0.0709614
0.0723056
0.0736723
0.0750468
0.0764418
0.0778704
0.0793303
0.080826
0.0823311
0.0838626
0.0854446
0.0870587
0.0886621
0.0903148
0.0920438
0.0937576
0.0954975
0.0972843
0.0991292
0.100988
0.102881
0.104793
0.106786
0.108786
0.110822
0.112915
0.115028
0.117196
0.119385
0.121648
0.12391
0.126245
0.128611
0.13102
0.133481
0.135967
0.138531
0.141119
0.14375
0.146465
0.149178
0.152009
0.154847
0.157746
0.160595
0.163173
0.0281661
0.0287948
0.029548
0.0303293
0.0310327
0.0316138
0.0321122
0.0325311
0.0329247
0.0332842
0.0336282
0.0339685
0.0343224
0.03475
0.0352019
0.0356929
0.0362024
0.0367209
0.0373321
0.0379754
0.0386239
0.0392574
0.0398691
0.0405579
0.04129
0.0419907
0.0426852
0.0434517
0.0442923
0.04507
0.0457839
0.0465602
0.0473963
0.0483147
0.0492994
0.0501736
0.0509093
0.0518002
0.0529392
0.0540142
0.0548799
0.055763
0.0568474
0.0580415
0.0591156
0.0600935
0.0611798
0.0624023
0.0635966
0.0647073
0.0658898
0.0671783
0.0684447
0.0696825
0.0709715
0.0723138
0.0736813
0.0750576
0.0764518
0.0778788
0.0793373
0.0808324
0.0823407
0.0838695
0.0854494
0.0870684
0.0886703
0.0903194
0.0920506
0.0937662
0.0955052
0.0972897
0.099136
0.100997
0.102887
0.104799
0.106793
0.108792
0.110827
0.11292
0.115033
0.117201
0.11939
0.121652
0.123913
0.126249
0.128615
0.131023
0.133485
0.13597
0.138535
0.141124
0.143754
0.14647
0.149185
0.152018
0.154857
0.157759
0.160611
0.163188
0.028333
0.0289686
0.0297099
0.0304697
0.0311793
0.0317695
0.032267
0.0326832
0.0330722
0.0334326
0.0337655
0.0341106
0.0344712
0.034894
0.0353407
0.0358156
0.0363322
0.0368512
0.0374408
0.0380782
0.0387235
0.0393686
0.0399882
0.0406518
0.041364
0.0420741
0.0427834
0.0435249
0.0443386
0.0451385
0.0458685
0.0466282
0.0474507
0.0483508
0.0493157
0.0502304
0.0510074
0.0518361
0.0529144
0.0540367
0.0549609
0.0558126
0.056832
0.0580395
0.0591669
0.0601337
0.0611826
0.0624098
0.0636215
0.0647299
0.0659012
0.067188
0.068462
0.0696995
0.0709824
0.0723222
0.0736908
0.0750687
0.0764619
0.0778882
0.0793449
0.0808386
0.0823506
0.0838776
0.0854547
0.0870787
0.0886787
0.0903233
0.0920568
0.093776
0.0955141
0.097295
0.0991426
0.101005
0.102893
0.104805
0.106799
0.108798
0.110833
0.112926
0.115037
0.117205
0.119394
0.121656
0.123917
0.126252
0.12862
0.131026
0.133489
0.135974
0.138539
0.141128
0.143758
0.146476
0.149193
0.152027
0.154868
0.157772
0.160626
0.163204
0.0284852
0.0291349
0.0298761
0.0306147
0.0313186
0.0319199
0.0324213
0.0328347
0.0332107
0.0335701
0.0338991
0.0342463
0.0346107
0.035025
0.0354705
0.0359333
0.0364519
0.0369827
0.0375544
0.0381779
0.0388189
0.0394696
0.0401007
0.0407518
0.0414458
0.0421529
0.0428733
0.0436075
0.0443917
0.0451964
0.045948
0.046703
0.0475083
0.0483908
0.049335
0.0502662
0.0510936
0.0518981
0.0529029
0.0540345
0.0550282
0.0558879
0.056836
0.0580161
0.0592075
0.0601943
0.0611898
0.0624065
0.0636482
0.0647571
0.0659106
0.0671959
0.0684793
0.0697169
0.0709938
0.0723298
0.0737
0.0750801
0.076471
0.0778978
0.079353
0.0808426
0.0823601
0.083886
0.0854595
0.0870877
0.0886876
0.0903279
0.0920629
0.093786
0.0955227
0.0972997
0.0991493
0.101014
0.102899
0.104812
0.106805
0.108804
0.110839
0.112931
0.115042
0.11721
0.119399
0.121659
0.12392
0.126256
0.128624
0.131029
0.133493
0.135978
0.138542
0.141133
0.143762
0.146482
0.1492
0.152035
0.154878
0.157785
0.160642
0.163218
0.0286275
0.0292865
0.0300363
0.0307656
0.0314564
0.0320607
0.0325667
0.0329809
0.0333413
0.0336996
0.0340336
0.0343742
0.0347333
0.0351397
0.0355919
0.036053
0.0365656
0.0371051
0.0376644
0.0382717
0.0389115
0.0395665
0.0402064
0.0408526
0.0415338
0.0422317
0.0429519
0.0436876
0.0444524
0.0452503
0.0460203
0.0467806
0.0475709
0.0484343
0.0493622
0.0502954
0.051162
0.0519733
0.0529129
0.0540183
0.0550658
0.0559684
0.05687
0.0579849
0.0592198
0.0602672
0.0612157
0.0623919
0.0636708
0.0647943
0.0659211
0.0672009
0.0684976
0.0697363
0.0710073
0.0723378
0.0737088
0.0750929
0.0764813
0.0779075
0.0793625
0.080849
0.08237
0.0838954
0.0854638
0.0870979
0.0886985
0.0903329
0.0920677
0.0937964
0.0955323
0.0973049
0.0991567
0.101023
0.102906
0.104819
0.106812
0.10881
0.110845
0.112937
0.115047
0.117215
0.119404
0.121664
0.123925
0.12626
0.128628
0.131033
0.133497
0.135983
0.138547
0.141138
0.143767
0.146488
0.149208
0.152045
0.154889
0.157798
0.160657
0.163233
0.0287689
0.0294285
0.0301846
0.0309132
0.0315892
0.0321901
0.0326973
0.0331177
0.033471
0.0338195
0.0341543
0.0344898
0.0348488
0.0352492
0.0357031
0.0361678
0.0366684
0.0372109
0.037772
0.0383685
0.039001
0.0396565
0.0403032
0.0409481
0.0416218
0.0423108
0.0430258
0.043764
0.044519
0.0453038
0.0460822
0.0468538
0.0476359
0.0484801
0.0493932
0.0503238
0.0512163
0.0520508
0.0529492
0.0540076
0.0550826
0.0560396
0.0569316
0.0579653
0.0591972
0.0603297
0.0612676
0.062371
0.0636748
0.0648385
0.0659348
0.0671982
0.0685132
0.0697564
0.0710215
0.072345
0.0737153
0.0751053
0.0764915
0.077916
0.0793699
0.0808545
0.0823798
0.0839021
0.0854681
0.0871059
0.0887082
0.0903377
0.0920716
0.0938069
0.0955419
0.0973092
0.0991633
0.101031
0.102912
0.104826
0.106818
0.108816
0.110852
0.112942
0.115051
0.117219
0.119409
0.121667
0.123928
0.126264
0.128632
0.131036
0.1335
0.135987
0.13855
0.141143
0.143772
0.146494
0.149216
0.152053
0.1549
0.157811
0.160673
0.163245
0.028913
0.0295681
0.0303208
0.0310494
0.0317145
0.0323085
0.0328123
0.0332365
0.0335878
0.0339232
0.0342605
0.0345988
0.0349573
0.0353495
0.0357982
0.0362716
0.0367683
0.0373098
0.037876
0.0384642
0.039084
0.0397385
0.0403927
0.0410363
0.0417059
0.0423901
0.0430974
0.0438319
0.0445817
0.0453567
0.0461377
0.0469221
0.0477032
0.0485294
0.0494252
0.0503512
0.051259
0.052119
0.0529989
0.0540083
0.0550854
0.0560933
0.0570097
0.0579823
0.059162
0.0603677
0.0613498
0.0623713
0.0636596
0.0648869
0.0659647
0.0671923
0.0685259
0.0697796
0.0710391
0.072355
0.0737206
0.0751172
0.0765052
0.0779264
0.0793785
0.0808616
0.0823913
0.0839144
0.0854716
0.0871146
0.088722
0.0903447
0.0920752
0.0938174
0.0955528
0.0973153
0.0991715
0.10104
0.102919
0.104834
0.106825
0.108823
0.110859
0.112947
0.115057
0.117226
0.119414
0.121672
0.123934
0.126269
0.128637
0.131041
0.133505
0.135992
0.138555
0.141148
0.143778
0.1465
0.149225
0.152063
0.154911
0.157825
0.16069
0.163292
0.0290618
0.029709
0.0304499
0.0311735
0.0318283
0.0324106
0.0329063
0.0333276
0.0336815
0.034011
0.0343486
0.0346901
0.0350486
0.0354389
0.0358841
0.0363674
0.0368675
0.0374028
0.0379711
0.0385592
0.0391692
0.0398157
0.0404756
0.0411203
0.0417853
0.0424666
0.0431653
0.0438938
0.0446383
0.0454073
0.0461871
0.0469797
0.0477663
0.048579
0.0494582
0.0503776
0.0512935
0.0521752
0.0530526
0.0540219
0.0550796
0.0561194
0.0570738
0.0580215
0.059126
0.0603565
0.0614252
0.0623996
0.0636243
0.0649147
0.0660088
0.0671848
0.068527
0.0698024
0.0710573
0.0723662
0.0737243
0.0751243
0.0765188
0.077937
0.0793808
0.0808654
0.082403
0.0839242
0.0854746
0.0871205
0.0887348
0.0903514
0.0920768
0.0938264
0.0955633
0.0973207
0.0991779
0.101046
0.102925
0.104841
0.10683
0.108828
0.110865
0.112951
0.115062
0.117231
0.119418
0.121675
0.123938
0.126274
0.12864
0.131044
0.133509
0.135996
0.138559
0.141152
0.143783
0.146506
0.149233
0.152072
0.154921
0.157838
0.160706
0.163303
0.0292199
0.0298564
0.0305784
0.0312854
0.0319249
0.0324905
0.0329729
0.033383
0.0337367
0.034064
0.0344025
0.0347534
0.0351204
0.0355154
0.0359601
0.0364509
0.0369597
0.0374937
0.0380629
0.0386557
0.0392615
0.0398943
0.0405553
0.0412046
0.0418643
0.0425448
0.0432392
0.0439609
0.0446969
0.0454618
0.0462421
0.0470366
0.0478307
0.0486367
0.0495005
0.0504091
0.0513266
0.0522262
0.0531115
0.0540573
0.0550876
0.0561393
0.0571298
0.0580866
0.059132
0.0603282
0.06148
0.0624668
0.0636023
0.064917
0.0660641
0.0671935
0.0685179
0.0698239
0.0710795
0.0723792
0.0737322
0.0751281
0.0765305
0.0779545
0.0793885
0.0808684
0.0824149
0.0839393
0.0854784
0.0871235
0.0887503
0.0903615
0.0920781
0.0938347
0.0955755
0.0973288
0.0991855
0.101052
0.102934
0.104851
0.106837
0.108836
0.110873
0.112956
0.115069
0.117238
0.119423
0.12168
0.123944
0.126279
0.128644
0.131049
0.133515
0.136002
0.138564
0.141157
0.143789
0.146513
0.149241
0.152081
0.154931
0.15785
0.16072
0.163315
0.0293993
0.0300225
0.0307225
0.0313998
0.0320103
0.0325455
0.033003
0.03339
0.0337321
0.0340553
0.0343956
0.0347589
0.0351407
0.035547
0.0359976
0.0364981
0.0370202
0.03756
0.0381281
0.0387249
0.0393335
0.0399538
0.0406085
0.041265
0.0419229
0.0426015
0.0432937
0.044009
0.0447392
0.0455014
0.0462845
0.0470778
0.0478778
0.0486862
0.0495393
0.0504351
0.0513478
0.0522593
0.0531558
0.0540914
0.0550941
0.0561412
0.0571567
0.0581367
0.059159
0.0602964
0.0614896
0.062541
0.0636082
0.0648956
0.0661082
0.0672222
0.0685042
0.0698352
0.0711049
0.0723921
0.0737424
0.0751311
0.0765346
0.0779714
0.0793988
0.0808656
0.0824211
0.0839551
0.0854787
0.0871221
0.0887646
0.0903747
0.092079
0.0938403
0.0955881
0.0973385
0.0991912
0.101057
0.102942
0.10486
0.106842
0.108842
0.110879
0.11296
0.115075
0.117244
0.119426
0.121684
0.123949
0.126284
0.128648
0.131052
0.133519
0.136006
0.138568
0.141162
0.143794
0.146519
0.149249
0.152089
0.154941
0.157863
0.160734
0.163328
0.0296039
0.0302237
0.0309153
0.0315715
0.0321559
0.0326608
0.0330908
0.0334523
0.0337747
0.0340888
0.0344258
0.034796
0.0351891
0.0356067
0.0360615
0.0365683
0.0371015
0.0376462
0.0382089
0.0387992
0.0394112
0.0400247
0.0406676
0.0413275
0.0419881
0.0426642
0.0433525
0.0440622
0.0447898
0.0455491
0.0463308
0.0471216
0.0479232
0.0487371
0.0495845
0.0504688
0.0513737
0.052291
0.0532015
0.0541376
0.0551191
0.0561501
0.0571782
0.0581818
0.0592009
0.0602868
0.0614728
0.0625948
0.0636443
0.0648672
0.0661254
0.0672637
0.0684963
0.0698331
0.0711292
0.0724068
0.0737524
0.0751377
0.076535
0.0779854
0.0794195
0.080868
0.0824234
0.0839734
0.0854891
0.0871187
0.088776
0.0903894
0.0920795
0.0938417
0.0955997
0.0973509
0.0991956
0.101058
0.102952
0.10487
0.106846
0.10885
0.110886
0.112964
0.115083
0.117252
0.11943
0.121689
0.123956
0.126289
0.128651
0.131056
0.133525
0.136011
0.138572
0.141166
0.143799
0.146525
0.149255
0.152098
0.154951
0.157874
0.160747
0.163339
0.0295524
0.0300752
0.0306918
0.0312962
0.0318514
0.0323544
0.0328145
0.0332324
0.0336155
0.0339851
0.0343654
0.0347756
0.0352045
0.0356509
0.0361187
0.0366295
0.0371714
0.0377186
0.0382764
0.0388546
0.0394659
0.0400796
0.0407116
0.0413682
0.0420328
0.0427112
0.0433966
0.0441041
0.0448325
0.0455934
0.0463703
0.0471592
0.0479644
0.0487813
0.0496278
0.0505018
0.0513977
0.0523133
0.0532351
0.0541774
0.0551423
0.0561564
0.0571897
0.0582159
0.0592452
0.0603017
0.0614577
0.0626256
0.0637036
0.0648627
0.0661241
0.0673109
0.0685084
0.0698249
0.0711485
0.0724265
0.0737631
0.0751471
0.0765345
0.0779886
0.0794392
0.0808754
0.0824151
0.0839865
0.0855045
0.0871155
0.0887862
0.0904088
0.0920844
0.0938434
0.0956131
0.0973688
0.0992019
0.10106
0.102963
0.104882
0.106851
0.108857
0.110892
0.112967
0.11509
0.117259
0.119432
0.121693
0.123962
0.126295
0.128655
0.131061
0.133531
0.136017
0.138577
0.141171
0.143805
0.146531
0.149262
0.152106
0.15496
0.157886
0.16076
0.163353
0.0308288
0.0310371
0.031216
0.0314287
0.0316921
0.0320131
0.0323927
0.03282
0.0332676
0.0337213
0.0341807
0.0346626
0.0351574
0.0356542
0.0361502
0.0366644
0.0372112
0.0377634
0.0383247
0.0388951
0.0394989
0.0401157
0.0407398
0.0413902
0.0420538
0.0427369
0.0434226
0.0441317
0.0448628
0.0456239
0.0463967
0.0471791
0.0479921
0.0488116
0.0496577
0.0505264
0.0514153
0.0523316
0.0532591
0.0542113
0.0551651
0.0561632
0.0571964
0.0582341
0.0592768
0.0603214
0.061445
0.0626235
0.063743
0.0648718
0.0661038
0.067335
0.0685318
0.0698127
0.0711531
0.0724475
0.0737713
0.0751563
0.0765402
0.0779844
0.0794578
0.0808963
0.0824071
0.0839923
0.0855247
0.0871123
0.0887879
0.0904258
0.0920861
0.0938377
0.0956217
0.097384
0.0992039
0.101056
0.102972
0.104892
0.106855
0.108863
0.110897
0.11297
0.115098
0.117265
0.119434
0.121697
0.123968
0.126299
0.128657
0.131064
0.133535
0.136021
0.13858
0.141175
0.143809
0.146536
0.149268
0.152114
0.154969
0.157895
0.160772
0.163362
0.0297482
0.0301711
0.0306846
0.0312035
0.0316832
0.0321201
0.0325291
0.0329392
0.0333571
0.0337827
0.0342185
0.03468
0.0351719
0.0356769
0.0361861
0.0366987
0.0372428
0.0378027
0.0383767
0.0389542
0.0395474
0.0401643
0.0407826
0.0414238
0.0420793
0.0427609
0.0434525
0.0441654
0.0449018
0.0456574
0.0464308
0.0472079
0.0480237
0.0488496
0.049688
0.0505566
0.0514382
0.0523543
0.0532825
0.0542381
0.0551931
0.0561733
0.0572095
0.0582529
0.0593026
0.0603555
0.0614533
0.0626247
0.0637735
0.0649029
0.0661037
0.0673453
0.0685686
0.0698165
0.0711459
0.0724716
0.0737822
0.0751609
0.0765544
0.0779727
0.0794619
0.0809251
0.0824011
0.083987
0.0855482
0.0871173
0.0887882
0.0904489
0.0920989
0.0938352
0.0956355
0.0974087
0.0992118
0.101057
0.102985
0.104906
0.106863
0.108872
0.110904
0.112975
0.115108
0.117273
0.119438
0.121704
0.123977
0.126306
0.128663
0.13107
0.133542
0.136027
0.138586
0.14118
0.143815
0.146542
0.149275
0.15212
0.154977
0.157906
0.160783
0.163376
0.0310722
0.0311678
0.0312005
0.0312738
0.0314227
0.0316579
0.031982
0.0323928
0.032878
0.0334073
0.0339576
0.0345126
0.0350795
0.0356418
0.0361929
0.0367235
0.0372635
0.0378249
0.0384019
0.0389858
0.0395694
0.040178
0.0407935
0.0414287
0.04208
0.0427564
0.0434586
0.0441789
0.0449212
0.0456713
0.0464431
0.0472243
0.0480345
0.0488689
0.0497025
0.0505713
0.0514541
0.0523665
0.0533003
0.0542508
0.0552122
0.0561816
0.0572128
0.0582661
0.0593086
0.0603756
0.0614631
0.0626171
0.0637835
0.0649186
0.0661089
0.0673394
0.0685855
0.0698326
0.0711295
0.0724839
0.0737988
0.0751569
0.0765729
0.0779705
0.0794534
0.0809561
0.0824073
0.0839732
0.0855656
0.0871249
0.0887791
0.0904599
0.0921089
0.0938251
0.0956346
0.0974257
0.0992152
0.101049
0.10299
0.104914
0.106865
0.108876
0.110907
0.112976
0.115114
0.117278
0.119439
0.121706
0.123981
0.126309
0.128664
0.131072
0.133545
0.136029
0.138588
0.141182
0.143817
0.146545
0.149278
0.152125
0.154982
0.157912
0.160793
0.163382
0.0307793
0.0307725
0.0307222
0.0307404
0.0308734
0.0311339
0.0315199
0.0320109
0.0325824
0.0331931
0.0338156
0.0344263
0.0350309
0.0356218
0.0361917
0.0367356
0.037274
0.0378324
0.0384081
0.0389933
0.0395756
0.0401764
0.0407925
0.0414271
0.042079
0.0427523
0.0434587
0.0441858
0.0449295
0.0456808
0.0464492
0.0472347
0.0480423
0.0488766
0.0497112
0.0505757
0.051462
0.0523712
0.0533085
0.0542591
0.0552212
0.0561943
0.0572185
0.0582796
0.0593202
0.0603901
0.0614839
0.0626234
0.0637946
0.0649345
0.066122
0.0673473
0.0685947
0.0698542
0.0711316
0.0724856
0.0738172
0.075157
0.0765798
0.0779815
0.0794435
0.080968
0.0824259
0.0839667
0.0855729
0.0871429
0.0887821
0.090471
0.0921298
0.0938348
0.0956412
0.097445
0.0992341
0.101056
0.103
0.104929
0.106875
0.108886
0.110917
0.112982
0.115123
0.117288
0.119445
0.121713
0.12399
0.126318
0.128671
0.131079
0.133553
0.136036
0.138594
0.141187
0.143822
0.14655
0.149284
0.152131
0.154989
0.157923
0.160807
0.163395
)
;

boundaryField
{
    zeroGradientPlanes
    {
        type            zeroGradient;
    }
    inlet
    {
        type            zeroGradient;
    }
    plate
    {
        type            zeroGradient;
    }
    frontAndBack
    {
        type            empty;
    }
}


// ************************************************************************* //
