/*--------------------------------*- C++ -*----------------------------------*\
| =========                 |                                                 |
| \\      /  F ield         | OpenFOAM: The Open Source CFD Toolbox           |
|  \\    /   O peration     | Version:  v1912                                 |
|   \\  /    A nd           | Website:  www.openfoam.com                      |
|    \\/     M anipulation  |                                                 |
\*---------------------------------------------------------------------------*/
FoamFile
{
    version     2.0;
    format      ascii;
    class       volScalarField;
    location    "1.4";
    object      p;
}
// * * * * * * * * * * * * * * * * * * * * * * * * * * * * * * * * * * * * * //

dimensions      [0 2 -2 0 0 0 0];


internalField   nonuniform List<scalar> 
9600
(
3.24937e-10
0.00247972
0.00102925
-0.00838189
0.00421482
0.0106149
0.0109803
0.0163415
0.018221
0.019932
0.0228352
0.0247368
0.0247704
0.0270907
0.028282
0.0294874
0.0310112
0.0343993
0.0367837
0.0414724
1.70561e-05
0.00244713
0.001032
-0.00806164
0.00420056
0.0105674
0.0109913
0.0163438
0.0182217
0.0199399
0.0227797
0.0247311
0.0247811
0.027091
0.0282758
0.0294888
0.0310346
0.0343501
0.0368264
0.0410472
2.62732e-05
0.00241814
0.00104833
-0.00778662
0.00416543
0.0105236
0.0110116
0.0163391
0.0182272
0.0199476
0.0227324
0.0247249
0.0247978
0.0270823
0.0282669
0.0295015
0.0310426
0.0343325
0.0368364
0.0405212
3.56504e-05
0.00241028
0.00107421
-0.00752084
0.00413098
0.0105024
0.0110419
0.0163262
0.0182399
0.0199531
0.0226827
0.0247122
0.0248161
0.0270682
0.028258
0.0295162
0.0310545
0.034228
0.03681
0.0400578
4.85145e-05
0.00242485
0.00110878
-0.00726367
0.00410391
0.0105023
0.0110831
0.016305
0.0182618
0.0199547
0.0226292
0.0246937
0.0248368
0.0270497
0.0282492
0.029529
0.0310687
0.0341781
0.0367659
0.0396308
6.71176e-05
0.0024606
0.00114836
-0.0070116
0.00408875
0.01052
0.0111326
0.0162775
0.0182933
0.0199525
0.0225725
0.0246719
0.024859
0.027027
0.0282414
0.0295388
0.0310876
0.0341179
0.0367023
0.039229
9.32768e-05
0.00251434
0.00118818
-0.00675833
0.00409
0.0105508
0.0111856
0.0162468
0.0183329
0.0199481
0.0225138
0.0246484
0.0248819
0.027002
0.0282355
0.029545
0.0311087
0.0340503
0.0366175
0.0388459
0.000127684
0.00258073
0.0012249
-0.0064974
0.00410886
0.010589
0.0112369
0.0162148
0.0183787
0.0199436
0.0224542
0.0246238
0.0249062
0.0269765
0.0282312
0.0295458
0.0311289
0.0339746
0.0365091
0.0384795
0.000169866
0.00265491
0.00125783
-0.00622476
0.00414339
0.0106305
0.0112831
0.0161822
0.0184289
0.0199404
0.0223946
0.0245984
0.0249321
0.0269509
0.0282278
0.0295401
0.031145
0.0338919
0.0363768
0.0381265
0.000218758
0.00273369
0.00128829
-0.00593929
0.00419037
0.0106729
0.0113229
0.0161491
0.0184824
0.0199389
0.0223356
0.0245723
0.0249599
0.0269255
0.0282248
0.0295277
0.0311546
0.0338035
0.0362206
0.0377839
0.000273314
0.00281527
0.00131835
-0.00564199
0.00424674
0.0107147
0.0113569
0.0161153
0.0185381
0.0199391
0.0222774
0.0245452
0.0249892
0.0268999
0.0282215
0.0295099
0.0311561
0.0337101
0.03604
0.0374491
0.000332813
0.00289862
0.00134989
-0.00533468
0.0043103
0.0107553
0.0113867
0.0160805
0.0185953
0.0199405
0.0222202
0.024517
0.0250196
0.0268741
0.0282174
0.0294877
0.0311486
0.0336122
0.0358443
0.0371242
0.000396884
0.00298313
0.00138436
-0.00501902
0.00437977
0.0107945
0.0114146
0.0160447
0.0186532
0.0199425
0.0221636
0.0244877
0.0250505
0.026848
0.0282119
0.0294623
0.0311312
0.0335097
0.035632
0.0367973
0.000465402
0.00306848
0.0014228
-0.00469613
0.00445461
0.0108323
0.0114428
0.0160079
0.0187113
0.019945
0.0221077
0.0244572
0.0250811
0.0268216
0.0282043
0.0294342
0.0311036
0.0334021
0.0354062
0.0364692
0.00053837
0.00315449
0.00146608
-0.00436675
0.00453473
0.0108693
0.0114729
0.0159702
0.0187693
0.0199479
0.0220521
0.0244255
0.0251108
0.0267949
0.0281938
0.0294043
0.0310659
0.0332881
0.0351704
0.0361392
0.00061586
0.00324116
0.00151501
-0.00403134
0.00462026
0.0109058
0.0115065
0.0159319
0.0188269
0.0199513
0.0219969
0.0243928
0.0251387
0.026768
0.02818
0.0293722
0.0310184
0.0331666
0.0349275
0.0358074
0.000697993
0.00332857
0.00157032
-0.00369019
0.00471139
0.0109421
0.0115445
0.0158932
0.0188838
0.0199554
0.0219417
0.0243595
0.0251644
0.026741
0.0281628
0.0293373
0.0309616
0.0330368
0.0346789
0.0354744
0.000784942
0.00341686
0.00163267
-0.0033436
0.00480833
0.0109785
0.0115875
0.0158542
0.0189399
0.0199605
0.0218863
0.024326
0.0251875
0.0267135
0.028142
0.0292984
0.030896
0.0328984
0.0344255
0.0351411
0.000876923
0.00350618
0.00170262
-0.00299186
0.00491129
0.0110149
0.0116359
0.0158153
0.0189946
0.019967
0.0218303
0.0242926
0.0252078
0.0266851
0.0281178
0.0292546
0.0308216
0.0327518
0.0341682
0.0348081
0.000974189
0.00359662
0.00178063
-0.00263529
0.00502047
0.0110513
0.0116895
0.0157766
0.0190477
0.0199751
0.0217732
0.0242596
0.0252255
0.0266551
0.0280906
0.029205
0.0307379
0.0325982
0.0339073
0.034476
0.00107701
0.00368825
0.00186713
-0.00227421
0.00513597
0.0110878
0.0117483
0.0157385
0.0190987
0.0199854
0.0217147
0.0242269
0.025241
0.0266224
0.0280606
0.0291494
0.0306442
0.0324388
0.0336438
0.034145
0.00118566
0.00378113
0.00196246
-0.00190894
0.00525791
0.0111243
0.0118123
0.0157013
0.0191472
0.0199982
0.0216544
0.0241944
0.0252547
0.026586
0.0280275
0.0290882
0.0305396
0.0322746
0.0333794
0.0338145
0.00130044
0.00387529
0.00206693
-0.00153979
0.00538634
0.0111612
0.0118812
0.0156651
0.0191927
0.0200141
0.0215919
0.0241618
0.0252676
0.026545
0.0279907
0.0290228
0.0304232
0.0321054
0.0331169
0.0334835
0.00142158
0.00397081
0.00218083
-0.00116704
0.00552126
0.0111986
0.0119552
0.0156304
0.0192348
0.0200335
0.0215273
0.0241284
0.0252805
0.0264989
0.0279488
0.0289548
0.0302944
0.0319303
0.0328596
0.0331513
0.00154932
0.00406783
0.00230441
-0.000790964
0.00566266
0.0112371
0.012034
0.0155974
0.0192731
0.0200568
0.0214604
0.0240931
0.0252943
0.0264473
0.0279003
0.0288857
0.0301536
0.0317475
0.0326112
0.0328191
0.00168391
0.00416657
0.00243791
-0.000411812
0.00581047
0.0112771
0.0121179
0.0155666
0.019307
0.0200845
0.0213914
0.024055
0.0253098
0.0263904
0.0278434
0.0288166
0.0300022
0.0315543
0.0323739
0.0324917
0.00182555
0.00426729
0.00258148
-2.98002e-05
0.0059646
0.0113191
0.0122068
0.0155382
0.0193362
0.0201169
0.0213206
0.0240127
0.0253279
0.0263288
0.027776
0.0287481
0.0298433
0.0313481
0.0321482
0.0321769
0.00197442
0.00437034
0.00273525
0.000354902
0.00612491
0.0113636
0.0123009
0.0155126
0.0193602
0.0201546
0.0212482
0.0239647
0.025349
0.0262636
0.0276961
0.0286803
0.0296811
0.0311263
0.0319306
0.0318834
0.00213066
0.00447618
0.00289928
0.000742115
0.00629127
0.0114111
0.0124004
0.01549
0.0193787
0.0201978
0.0211751
0.0239092
0.0253733
0.0261965
0.0276018
0.0286124
0.0295205
0.0308884
0.0317144
0.0316192
0.00229442
0.00458536
0.00307355
0.00113164
0.00646361
0.011462
0.0125054
0.0154708
0.0193909
0.0202468
0.0211024
0.0238445
0.0254007
0.0261296
0.0274911
0.0285423
0.0293663
0.0306368
0.031491
0.0313879
0.00246578
0.00469847
0.00325807
0.00152336
0.00664181
0.0115166
0.0126164
0.0154556
0.0193963
0.0203014
0.0210315
0.0237685
0.0254306
0.0260658
0.0273626
0.0284669
0.029223
0.0303773
0.0312514
0.0311833
0.0026448
0.00481621
0.00345273
0.00191708
0.00682583
0.0115752
0.0127338
0.015445
0.019394
0.0203612
0.0209645
0.0236792
0.0254614
0.0260087
0.0272155
0.0283822
0.029094
0.0301172
0.0309903
0.0309931
0.00283151
0.00493935
0.00365745
0.0023125
0.00701585
0.0116376
0.0128577
0.01544
0.0193834
0.0204257
0.0209035
0.023575
0.0254907
0.0259622
0.0270504
0.0282829
0.0289803
0.0298645
0.0307086
0.0308019
0.00302591
0.00506869
0.00387216
0.00270921
0.00721214
0.0117038
0.0129882
0.0154417
0.0193644
0.0204937
0.0208513
0.0234554
0.0255147
0.0259303
0.0268698
0.0281632
0.0288814
0.0296262
0.0304119
0.0305956
0.00322797
0.00520506
0.00409681
0.00310673
0.00741503
0.0117737
0.013125
0.0154514
0.0193377
0.0205633
0.0208109
0.023321
0.0255288
0.0259163
0.0266779
0.0280169
0.0287949
0.0294088
0.0301067
0.0303669
0.00343769
0.00534929
0.00433139
0.0035045
0.00762503
0.0118473
0.0132674
0.0154707
0.0193059
0.0206324
0.0207848
0.0231735
0.0255273
0.0259219
0.0264815
0.0278377
0.0287156
0.0292198
0.0297995
0.0301141
0.00365505
0.00550213
0.00457605
0.00390173
0.0078427
0.0119249
0.0134146
0.0155009
0.0192507
0.0206977
0.0207752
0.023016
0.0255038
0.0259461
0.0262903
0.0276214
0.0286339
0.0290674
0.029499
0.0298367
0.00388002
0.00566424
0.00483104
0.00429761
0.00806841
0.0120071
0.0135652
0.015543
0.0191679
0.0207563
0.020783
0.0228525
0.0254529
0.0259847
0.026116
0.0273691
0.028535
0.0289559
0.0292187
0.0295346
0.00411262
0.00583615
0.00509677
0.00469134
0.00830228
0.0120949
0.0137158
0.0155978
0.0190561
0.0208057
0.0208081
0.0226882
0.0253712
0.0260311
0.0259701
0.0270881
0.0284013
0.02888
0.0289761
0.0292129
0.00435291
0.00601818
0.00537397
0.00508208
0.00854392
0.0121901
0.0138657
0.0156664
0.0189718
0.020844
0.0208485
0.022528
0.0252576
0.0260769
0.0258607
0.0267903
0.0282194
0.028825
0.0287892
0.0288876
0.00460107
0.00621032
0.00566372
0.00546942
0.0087916
0.0122946
0.0140143
0.0157482
0.018907
0.0208703
0.0209016
0.0223765
0.0251132
0.0261135
0.0257912
0.0264906
0.0279846
0.0287683
0.0286666
0.0285827
0.00485745
0.00641203
0.00596717
0.00585363
0.00904223
0.0124104
0.0141617
0.0158414
0.0188489
0.0208841
0.0209643
0.0222373
0.0249409
0.0261326
0.0257602
0.0262049
0.0277013
0.0286854
0.0286
0.0283269
0.00512238
0.00662281
0.00628475
0.00623563
0.00929341
0.0125386
0.0143093
0.0159438
0.0187991
0.0208857
0.0210336
0.0221137
0.0247451
0.0261264
0.0257626
0.025949
0.0273798
0.0285564
0.0285689
0.0281441
0.00539632
0.00684219
0.00661608
0.00661717
0.00954323
0.0126792
0.0144589
0.0160531
0.0187652
0.020876
0.0211066
0.0220084
0.0245316
0.0260883
0.0257894
0.025737
0.0270353
0.0283697
0.0285475
0.0280392
0.00567983
0.00706963
0.00696038
0.00700086
0.00978973
0.0128305
0.0146128
0.0161675
0.0187388
0.0208564
0.0211807
0.0219237
0.0243073
0.0260137
0.0258291
0.0255784
0.0266861
0.0281231
0.0285083
0.0279975
0.00597347
0.00730473
0.00731604
0.00738986
0.0100319
0.012989
0.0147732
0.0162866
0.0187175
0.0208279
0.0212543
0.0218616
0.0240792
0.0259002
0.0258684
0.0254754
0.0263534
0.0278241
0.0284289
0.027996
0.00627788
0.00754716
0.00768065
0.00778709
0.01027
0.0131507
0.0149413
0.016411
0.0186986
0.020791
0.0213257
0.021824
0.023854
0.0257483
0.0258948
0.0254222
0.0260578
0.0274889
0.0282962
0.0280087
0.00659364
0.00779687
0.00805111
0.0081949
0.0105076
0.0133119
0.0151167
0.0165428
0.0186842
0.0207454
0.0213926
0.0218132
0.0236389
0.0255615
0.0258971
0.0254076
0.0258135
0.0271378
0.0281068
0.0280117
0.00692115
0.00805415
0.00842377
0.00861487
0.0107478
0.0134682
0.0152977
0.016685
0.0186759
0.0206895
0.0214515
0.0218287
0.0234425
0.0253477
0.025867
0.0254176
0.0256259
0.0267938
0.0278669
0.0279867
0.00726042
0.00831594
0.00879553
0.0090472
0.0109948
0.0136158
0.0154818
0.0168257
0.0186743
0.0206242
0.021496
0.0218656
0.0232741
0.0251173
0.0258012
0.0254361
0.0254908
0.0264773
0.0275896
0.0279212
0.00761147
0.00859121
0.00916418
0.00948933
0.0112534
0.0137548
0.0156608
0.0169974
0.0186915
0.0205532
0.0215199
0.0219167
0.0231381
0.0248828
0.0257017
0.02545
0.0253992
0.0262014
0.0272923
0.027809
0.00797409
0.00887718
0.00952798
0.00993631
0.0115282
0.0138868
0.0158263
0.017183
0.0187347
0.0204821
0.0215212
0.0219715
0.0230344
0.0246567
0.0255748
0.0254515
0.0253406
0.0259714
0.0269925
0.0276505
0.00834766
0.00917533
0.0098858
0.0103823
0.0118225
0.0140184
0.0159733
0.0173733
0.0188064
0.0204222
0.0215029
0.0220184
0.0229594
0.0244479
0.025428
0.0254367
0.0253044
0.0257876
0.0267072
0.0274521
0.00873134
0.00948694
0.0102373
0.0108218
0.0121376
0.0141507
0.0160998
0.0175558
0.0189054
0.0203854
0.0214708
0.0220506
0.0229062
0.0242609
0.0252702
0.0254048
0.0252808
0.0256456
0.0264515
0.0272271
0.00912394
0.00981286
0.0105835
0.0112501
0.0124723
0.0143121
0.0162075
0.0177194
0.0190277
0.0203778
0.0214357
0.0220675
0.0228651
0.0240958
0.0251092
0.0253579
0.025264
0.0255372
0.0262344
0.026995
0.00952387
0.0101533
0.0109264
0.0116639
0.0128213
0.0144954
0.0163037
0.0178571
0.0191618
0.0204018
0.0214092
0.0220731
0.0228296
0.0239501
0.0249491
0.0252984
0.025252
0.025455
0.0260553
0.0267748
0.00992947
0.0105077
0.0112689
0.0120614
0.013178
0.0147041
0.0164
0.0179676
0.0192914
0.0204556
0.0214007
0.0220728
0.0227984
0.0238213
0.0247922
0.0252271
0.0252425
0.0253962
0.0259095
0.0265779
0.0103392
0.0108744
0.0116139
0.0124427
0.0135348
0.014938
0.0165103
0.0180531
0.0194022
0.0205321
0.0214168
0.0220746
0.0227711
0.0237086
0.0246406
0.0251446
0.0252316
0.0253582
0.0257953
0.0264094
0.0107514
0.0112513
0.0119637
0.0128097
0.0138856
0.0151917
0.016643
0.0181255
0.0194887
0.0206147
0.0214571
0.0220879
0.022749
0.0236117
0.0244973
0.0250519
0.0252148
0.0253351
0.0257103
0.0262722
0.0111647
0.011636
0.0123192
0.0131655
0.0142266
0.0154574
0.0168
0.0182023
0.0195533
0.0206882
0.021516
0.0221191
0.0227377
0.0235299
0.0243652
0.0249517
0.0251899
0.0253214
0.0256483
0.0261662
0.0115783
0.0120258
0.0126806
0.0135133
0.014556
0.0157281
0.0169805
0.0182939
0.0196029
0.0207459
0.021581
0.0221668
0.022743
0.0234657
0.0242469
0.0248474
0.0251553
0.0253143
0.0256026
0.0260852
0.0119911
0.0124182
0.0130466
0.013856
0.0148741
0.0160034
0.0171779
0.018404
0.0196508
0.0207883
0.0216422
0.0222271
0.0227655
0.023423
0.0241464
0.0247432
0.0251089
0.025311
0.0255718
0.026021
0.0124026
0.012811
0.0134153
0.0141957
0.0151816
0.0162707
0.017384
0.0185316
0.0197083
0.020819
0.0216922
0.0222932
0.0228036
0.0234019
0.0240692
0.0246474
0.0250505
0.0253051
0.0255565
0.0259704
0.0128117
0.0132023
0.0137842
0.0145331
0.0154806
0.0165299
0.0175932
0.0186741
0.0197806
0.0208478
0.0217293
0.0223572
0.0228554
0.0234
0.0240163
0.024569
0.0249866
0.0252892
0.0255529
0.0259348
0.0132174
0.0135905
0.0141507
0.0148679
0.0157732
0.0167815
0.0178019
0.0188265
0.0198671
0.0208846
0.0217589
0.0224117
0.0229155
0.0234169
0.0239837
0.0245133
0.0249296
0.0252634
0.0255536
0.0259151
0.0136183
0.0139741
0.0145126
0.0151991
0.01606
0.0170258
0.0180073
0.0189845
0.0199658
0.0209321
0.0217882
0.0224567
0.0229749
0.0234511
0.0239698
0.0244772
0.0248886
0.0252354
0.0255543
0.0259103
0.0140127
0.0143516
0.014868
0.0155247
0.0163417
0.0172633
0.0182075
0.0191439
0.0200745
0.0209905
0.0218224
0.0224984
0.0230294
0.0234966
0.0239763
0.0244575
0.0248651
0.0252135
0.0255537
0.0259172
0.014399
0.0147213
0.0152151
0.0158429
0.0166173
0.0174943
0.0184016
0.0193018
0.0201897
0.0210596
0.0218629
0.02254
0.0230812
0.0235467
0.0240018
0.0244562
0.0248582
0.025204
0.0255541
0.0259317
0.0147751
0.0150813
0.0155522
0.0161518
0.0168853
0.0177185
0.0185892
0.019456
0.0203072
0.0211372
0.0219116
0.0225833
0.0231334
0.0236001
0.0240407
0.024474
0.0248687
0.0252115
0.025561
0.0259508
0.015139
0.0154298
0.0158776
0.0164494
0.0171441
0.0179351
0.0187693
0.0196047
0.0204234
0.0212199
0.0219683
0.0226305
0.0231875
0.0236597
0.0240908
0.0245083
0.0248962
0.0252379
0.0255814
0.0259752
0.0154884
0.0157644
0.0161894
0.016734
0.0173945
0.0181423
0.0189405
0.0197465
0.0205358
0.0213039
0.0220311
0.0226829
0.023244
0.0237261
0.0241551
0.0245599
0.0249415
0.0252845
0.0256219
0.0260109
0.0158213
0.0160829
0.0164854
0.017003
0.0176287
0.0183375
0.0191004
0.0198785
0.0206421
0.0213857
0.0220964
0.0227411
0.0233045
0.0237978
0.0242338
0.0246319
0.0250082
0.0253546
0.0256896
0.0260691
0.0161349
0.0163834
0.0167636
0.0172536
0.0178461
0.0185187
0.0192478
0.0199969
0.0207376
0.0214614
0.0221572
0.0228005
0.0233713
0.0238769
0.0243285
0.024731
0.0251051
0.0254552
0.025791
0.0261611
0.0164265
0.0166629
0.0170215
0.0174838
0.0180428
0.0186818
0.0193802
0.0201005
0.0208169
0.0215255
0.0222074
0.0228487
0.0234367
0.0239638
0.0244438
0.0248703
0.025256
0.0256136
0.0259509
0.0263101
0.0166949
0.0169181
0.017255
0.0176915
0.0182191
0.0188235
0.0194908
0.0201859
0.0208787
0.021574
0.0222462
0.0228769
0.023477
0.0240282
0.0245463
0.025029
0.0254715
0.0258824
0.0262599
0.0266323
0.0169362
0.0171463
0.0174622
0.0178734
0.0183723
0.0189439
0.0195737
0.0202373
0.0209153
0.02161
0.0222962
0.0229505
0.0235741
0.0241331
0.0246348
0.0251067
0.0255642
0.0260447
0.0265638
0.0271141
0.0171445
0.0173443
0.0176424
0.0180292
0.0185004
0.0190444
0.0196397
0.0202434
0.0208457
0.0214608
0.0220924
0.022776
0.0235519
0.0243389
0.0250868
0.025799
0.0264515
0.0270375
0.0275435
0.0279515
0.0173174
0.0175077
0.0177895
0.0181534
0.0185943
0.0191094
0.0196913
0.0203203
0.0209721
0.0216548
0.022343
0.0229895
0.023624
0.024232
0.0248103
0.0254351
0.0261326
0.026858
0.0275173
0.0280276
0.0174515
0.0176341
0.017902
0.0182468
0.0186651
0.0191547
0.0196913
0.0202512
0.0208385
0.0214729
0.0222083
0.0230073
0.0238209
0.0246506
0.0254301
0.0261422
0.0267898
0.0273615
0.0278408
0.0281908
0.0175411
0.0177186
0.0179775
0.018299
0.0186972
0.0191753
0.0197093
0.0202867
0.0209087
0.021548
0.0222312
0.0229836
0.0237827
0.0246272
0.0254473
0.0261714
0.0267941
0.0273218
0.0277618
0.0280855
0.0489017
0.041124
0.0318268
0.0255679
0.0239162
0.024817
0.026008
0.0268916
0.0274708
0.0278589
0.0281827
0.028577
0.0291318
0.0296872
0.0300897
0.0304669
0.0308365
0.0311548
0.031639
0.0323183
0.032923
0.0334017
0.0338775
0.0344047
0.0349967
0.0355937
0.0361304
0.0366469
0.037202
0.0377637
0.0383018
0.0388655
0.0395016
0.0401616
0.040784
0.0413917
0.0420345
0.0427147
0.0433977
0.0440721
0.0447578
0.045471
0.0461801
0.0468596
0.0475299
0.0482302
0.0489582
0.049702
0.0504898
0.0513295
0.0521766
0.0530225
0.0539104
0.0548019
0.0556457
0.056495
0.0573813
0.0583083
0.0592702
0.0602513
0.0612288
0.0622257
0.0632477
0.064279
0.0653371
0.066426
0.0675314
0.0686477
0.0697888
0.0709612
0.0721569
0.0733741
0.074614
0.0758807
0.0771779
0.078483
0.0798179
0.0811646
0.0825612
0.0839914
0.0854309
0.0869034
0.0883837
0.0898965
0.0914559
0.0930312
0.0946396
0.0962973
0.0979513
0.0996532
0.101392
0.103162
0.104964
0.106799
0.108652
0.110586
0.11249
0.114412
0.116349
0.118111
0.0477429
0.0409627
0.0319134
0.025716
0.0240104
0.0248644
0.0260376
0.0269115
0.0274847
0.0278694
0.0281909
0.0285835
0.0291375
0.0296928
0.0300948
0.0304715
0.0308408
0.0311583
0.0316416
0.032321
0.0329257
0.0334041
0.0338795
0.0344065
0.0349983
0.0355953
0.0361319
0.0366483
0.0372033
0.037765
0.038303
0.0388666
0.0395026
0.0401627
0.0407851
0.0413927
0.0420355
0.0427157
0.0433986
0.044073
0.0447586
0.0454718
0.0461808
0.0468603
0.0475305
0.0482309
0.0489587
0.0497026
0.0504903
0.05133
0.052177
0.0530229
0.0539108
0.0548024
0.0556461
0.0564954
0.0573817
0.0583086
0.0592705
0.0602516
0.0612291
0.062226
0.063248
0.0642792
0.0653373
0.0664262
0.0675316
0.0686479
0.069789
0.0709614
0.0721571
0.0733743
0.0746142
0.0758809
0.0771781
0.0784832
0.0798181
0.0811647
0.0825614
0.0839915
0.085431
0.0869035
0.0883838
0.0898966
0.091456
0.0930313
0.0946397
0.0962974
0.0979514
0.0996533
0.101392
0.103162
0.104964
0.106799
0.108652
0.110586
0.11249
0.114412
0.116349
0.118111
0.0468213
0.0408322
0.0321013
0.0259919
0.0241639
0.0249178
0.0260635
0.0269329
0.0275024
0.0278833
0.0282018
0.0285919
0.0291439
0.0296979
0.030099
0.0304754
0.0308448
0.0311616
0.0316443
0.0323236
0.0329281
0.0334062
0.0338814
0.0344081
0.0349998
0.0355968
0.0361333
0.0366494
0.0372044
0.037766
0.0383039
0.0388675
0.0395035
0.0401637
0.040786
0.0413935
0.0420362
0.0427164
0.0433993
0.0440736
0.0447592
0.0454724
0.0461814
0.0468609
0.0475311
0.0482314
0.0489592
0.049703
0.0504907
0.0513304
0.0521774
0.0530232
0.0539112
0.0548027
0.0556464
0.0564957
0.0573819
0.0583088
0.0592707
0.0602519
0.0612294
0.0622262
0.0632482
0.0642794
0.0653375
0.0664264
0.0675318
0.0686481
0.0697891
0.0709616
0.0721573
0.0733744
0.0746143
0.075881
0.0771782
0.0784833
0.0798182
0.0811649
0.0825615
0.0839916
0.0854312
0.0869036
0.0883839
0.0898967
0.0914561
0.0930314
0.0946398
0.0962975
0.0979515
0.0996533
0.101392
0.103162
0.104964
0.106799
0.108652
0.110586
0.11249
0.114412
0.116349
0.118112
0.0459531
0.0406761
0.0323168
0.0263272
0.0243708
0.0249927
0.0261025
0.0269668
0.0275302
0.0279044
0.0282187
0.0286057
0.0291542
0.029705
0.0301039
0.03048
0.03085
0.0311669
0.0316487
0.0323269
0.0329308
0.0334089
0.0338841
0.0344105
0.0350017
0.0355986
0.0361349
0.0366509
0.0372057
0.0377671
0.0383049
0.0388684
0.0395044
0.0401646
0.0407869
0.0413944
0.042037
0.0427172
0.0434001
0.0440744
0.04476
0.0454731
0.0461821
0.0468615
0.0475316
0.0482319
0.0489597
0.0497034
0.0504911
0.0513309
0.0521779
0.0530236
0.0539115
0.0548032
0.0556468
0.056496
0.0573822
0.0583091
0.059271
0.0602522
0.0612296
0.0622264
0.0632484
0.0642796
0.0653377
0.0664266
0.067532
0.0686482
0.0697893
0.0709618
0.0721575
0.0733746
0.0746145
0.0758812
0.0771784
0.0784834
0.0798184
0.081165
0.0825616
0.0839917
0.0854313
0.0869037
0.088384
0.0898968
0.0914562
0.0930315
0.0946399
0.0962976
0.0979516
0.0996534
0.101393
0.103162
0.104964
0.106799
0.108652
0.110586
0.11249
0.114412
0.116349
0.118112
0.0450887
0.0404821
0.0325321
0.0266779
0.0245978
0.0250779
0.0261479
0.0270093
0.0275669
0.0279329
0.0282426
0.0286262
0.0291696
0.029715
0.0301105
0.0304857
0.0308571
0.0311755
0.0316561
0.0323314
0.0329337
0.0334122
0.0338881
0.034414
0.0350043
0.0356009
0.0361374
0.0366532
0.0372074
0.0377684
0.0383061
0.0388695
0.0395054
0.0401654
0.0407878
0.0413953
0.042038
0.042718
0.0434009
0.0440753
0.0447609
0.0454739
0.0461829
0.0468623
0.0475323
0.0482325
0.0489602
0.0497039
0.0504916
0.0513314
0.0521783
0.053024
0.053912
0.0548037
0.0556473
0.0564963
0.0573825
0.0583094
0.0592713
0.0602525
0.0612299
0.0622267
0.0632487
0.0642799
0.0653379
0.0664268
0.0675322
0.0686484
0.0697895
0.0709619
0.0721576
0.0733747
0.0746147
0.0758813
0.0771786
0.0784836
0.0798185
0.0811651
0.0825617
0.0839919
0.0854314
0.0869039
0.0883841
0.0898969
0.0914563
0.0930316
0.0946399
0.0962977
0.0979516
0.0996535
0.101393
0.103162
0.104964
0.106799
0.108652
0.110586
0.11249
0.114412
0.116349
0.118113
0.0442327
0.0402548
0.0327403
0.0270302
0.0248341
0.0251676
0.0261936
0.0270544
0.0276084
0.0279661
0.028271
0.0286513
0.0291889
0.0297279
0.0301192
0.0304929
0.0308664
0.0311876
0.0316669
0.0323375
0.0329369
0.0334162
0.0338934
0.0344187
0.0350075
0.0356035
0.0361406
0.0366565
0.0372098
0.0377701
0.0383077
0.0388711
0.0395066
0.0401663
0.0407887
0.0413964
0.0420389
0.0427188
0.0434018
0.0440764
0.044762
0.045475
0.0461838
0.0468632
0.0475332
0.0482333
0.0489609
0.0497045
0.0504923
0.051332
0.0521789
0.0530245
0.0539125
0.0548043
0.0556478
0.0564967
0.0573829
0.0583098
0.0592717
0.0602528
0.0612303
0.062227
0.063249
0.0642802
0.0653382
0.0664271
0.0675324
0.0686487
0.0697897
0.0709621
0.0721578
0.0733749
0.0746149
0.0758815
0.0771787
0.0784838
0.0798187
0.0811653
0.0825618
0.083992
0.0854316
0.086904
0.0883843
0.089897
0.0914564
0.0930317
0.0946401
0.0962978
0.0979517
0.0996536
0.101393
0.103162
0.104964
0.106799
0.108652
0.110586
0.11249
0.114413
0.116349
0.118114
0.0433912
0.0399973
0.032937
0.0273801
0.0250783
0.0252618
0.0262388
0.0271002
0.0276527
0.0280023
0.0283019
0.0286789
0.0292103
0.0297425
0.0301294
0.0305016
0.0308777
0.0312029
0.0316807
0.032345
0.0329407
0.033421
0.0339
0.0344246
0.035011
0.0356061
0.0361442
0.0366608
0.0372132
0.0377724
0.03831
0.0388733
0.0395081
0.0401672
0.0407896
0.0413976
0.04204
0.0427195
0.0434025
0.0440775
0.0447633
0.0454762
0.0461849
0.0468644
0.0475344
0.0482343
0.0489616
0.0497052
0.050493
0.0513327
0.0521796
0.0530252
0.0539132
0.054805
0.0556484
0.0564972
0.0573833
0.0583103
0.0592721
0.0602533
0.0612307
0.0622274
0.0632493
0.0642805
0.0653385
0.0664274
0.0675327
0.0686489
0.06979
0.0709624
0.0721581
0.0733752
0.0746151
0.0758817
0.0771789
0.078484
0.0798189
0.0811654
0.082562
0.0839922
0.0854317
0.0869042
0.0883844
0.0898972
0.0914565
0.0930318
0.0946402
0.0962979
0.0979519
0.0996537
0.101393
0.103162
0.104964
0.106799
0.108652
0.110586
0.11249
0.114413
0.11635
0.118115
0.0425695
0.0397089
0.0331179
0.0277267
0.0253314
0.0253622
0.0262838
0.0271458
0.0276989
0.0280409
0.0283346
0.0287078
0.0292329
0.0297581
0.0301407
0.0305115
0.0308905
0.0312203
0.0316966
0.0323536
0.0329449
0.0334265
0.0339077
0.0344315
0.0350149
0.0356085
0.036148
0.0366656
0.0372171
0.0377754
0.0383132
0.0388766
0.0395102
0.0401682
0.0407908
0.0413992
0.0420413
0.04272
0.0434029
0.0440785
0.0447648
0.0454774
0.046186
0.0468658
0.047536
0.0482356
0.0489627
0.0497062
0.050494
0.0513335
0.0521802
0.0530259
0.053914
0.0548059
0.0556491
0.0564978
0.0573839
0.0583108
0.0592727
0.0602538
0.0612312
0.0622279
0.0632498
0.0642809
0.0653389
0.0664277
0.0675331
0.0686492
0.0697902
0.0709626
0.0721583
0.0733754
0.0746153
0.0758819
0.0771792
0.0784842
0.0798191
0.0811656
0.0825622
0.0839924
0.0854319
0.0869044
0.0883846
0.0898973
0.0914567
0.093032
0.0946404
0.0962981
0.097952
0.0996538
0.101393
0.103162
0.104964
0.106799
0.108652
0.110586
0.11249
0.114413
0.11635
0.118117
0.0417708
0.0393896
0.0332803
0.0280695
0.0255938
0.0254697
0.0263288
0.0271906
0.0277466
0.0280815
0.0283688
0.0287378
0.0292564
0.0297745
0.0301527
0.0305221
0.0309043
0.031239
0.0317137
0.0323632
0.0329497
0.0334325
0.0339162
0.0344391
0.0350192
0.035611
0.0361516
0.0366704
0.0372211
0.0377788
0.0383174
0.0388809
0.039513
0.0401695
0.0407923
0.0414014
0.042043
0.0427206
0.0434032
0.0440794
0.0447662
0.0454786
0.046187
0.0468672
0.0475379
0.0482373
0.048964
0.0497076
0.0504953
0.0513345
0.0521809
0.0530266
0.0539149
0.0548068
0.0556501
0.0564986
0.0573846
0.0583115
0.0592734
0.0602545
0.0612319
0.0622284
0.0632503
0.0642814
0.0653394
0.0664282
0.0675335
0.0686496
0.0697906
0.070963
0.0721586
0.0733757
0.0746156
0.0758822
0.0771794
0.0784844
0.0798193
0.0811658
0.0825624
0.0839927
0.0854322
0.0869046
0.0883848
0.0898975
0.0914569
0.0930322
0.0946406
0.0962983
0.0979522
0.099654
0.101393
0.103163
0.104964
0.106799
0.108652
0.110586
0.112491
0.114413
0.11635
0.118119
0.0409993
0.0390418
0.0334217
0.0284068
0.0258652
0.0255855
0.0263746
0.0272342
0.0277952
0.0281241
0.0284046
0.028769
0.0292809
0.0297917
0.0301653
0.0305332
0.0309186
0.0312585
0.0317318
0.0323736
0.0329551
0.0334389
0.0339251
0.0344473
0.0350239
0.0356136
0.0361552
0.036675
0.0372248
0.0377821
0.0383221
0.0388862
0.0395164
0.040171
0.040794
0.0414041
0.0420454
0.0427215
0.0434034
0.0440802
0.0447675
0.0454797
0.0461878
0.0468685
0.0475398
0.0482392
0.0489657
0.0497095
0.0504972
0.0513358
0.0521817
0.0530272
0.0539156
0.0548077
0.0556511
0.0564997
0.0573855
0.0583124
0.0592741
0.0602552
0.0612326
0.0622292
0.0632509
0.064282
0.06534
0.0664288
0.067534
0.0686501
0.069791
0.0709634
0.072159
0.0733761
0.074616
0.0758825
0.0771797
0.0784847
0.0798196
0.0811661
0.0825626
0.0839929
0.0854324
0.0869049
0.0883851
0.0898978
0.0914571
0.0930325
0.0946408
0.0962985
0.0979524
0.0996542
0.101393
0.103163
0.104964
0.1068
0.108652
0.110586
0.112491
0.114414
0.116351
0.118121
0.0402595
0.0386686
0.0335377
0.0287357
0.0261456
0.0257119
0.0264222
0.0272763
0.027844
0.0281685
0.0284421
0.0288015
0.0293066
0.0298099
0.0301785
0.0305448
0.0309335
0.0312788
0.031751
0.0323848
0.0329609
0.0334458
0.0339346
0.034456
0.0350288
0.0356163
0.0361588
0.0366794
0.0372282
0.0377854
0.0383272
0.0388921
0.0395203
0.0401727
0.0407957
0.0414071
0.0420482
0.0427229
0.0434038
0.0440809
0.0447687
0.0454806
0.0461884
0.0468697
0.0475416
0.048241
0.0489674
0.0497118
0.0504997
0.0513376
0.0521828
0.0530278
0.0539161
0.0548084
0.0556521
0.0565008
0.0573867
0.0583136
0.0592751
0.060256
0.0612335
0.0622301
0.0632517
0.0642828
0.0653408
0.0664295
0.0675347
0.0686507
0.0697916
0.0709638
0.0721595
0.0733765
0.0746164
0.0758829
0.0771801
0.0784851
0.0798199
0.0811664
0.0825629
0.0839932
0.0854328
0.0869052
0.0883854
0.0898981
0.0914574
0.0930328
0.0946411
0.0962988
0.0979527
0.0996545
0.101394
0.103163
0.104965
0.1068
0.108653
0.110586
0.112491
0.114414
0.116352
0.118123
0.0395553
0.0382741
0.0336255
0.0290549
0.026435
0.0258506
0.0264725
0.0273164
0.0278925
0.0282147
0.0284816
0.0288355
0.0293335
0.029829
0.0301924
0.0305569
0.0309491
0.0313001
0.0317713
0.0323968
0.0329671
0.033453
0.0339445
0.0344651
0.0350341
0.0356192
0.0361625
0.036684
0.0372317
0.0377886
0.0383325
0.0388986
0.0395248
0.0401746
0.0407976
0.0414103
0.0420514
0.0427246
0.0434044
0.0440817
0.0447698
0.0454813
0.0461888
0.0468706
0.0475433
0.0482426
0.048969
0.0497142
0.0505027
0.0513401
0.0521843
0.0530286
0.0539164
0.0548087
0.0556528
0.0565019
0.0573881
0.058315
0.0592762
0.0602569
0.0612345
0.062231
0.0632526
0.0642837
0.0653417
0.0664303
0.0675354
0.0686515
0.0697923
0.0709644
0.07216
0.0733771
0.0746169
0.0758833
0.0771806
0.0784855
0.0798203
0.0811667
0.0825632
0.0839936
0.0854332
0.0869055
0.0883857
0.0898984
0.0914577
0.0930331
0.0946415
0.0962992
0.0979531
0.0996549
0.101394
0.103163
0.104965
0.1068
0.108653
0.110587
0.112492
0.114415
0.116352
0.118126
0.0388884
0.0378637
0.0336839
0.0293619
0.0267314
0.0260021
0.0265267
0.0273546
0.0279402
0.0282626
0.0285232
0.0288712
0.0293618
0.0298492
0.0302073
0.0305701
0.0309657
0.0313225
0.0317926
0.0324095
0.0329738
0.0334605
0.0339548
0.0344747
0.0350398
0.0356224
0.0361665
0.0366888
0.0372355
0.0377919
0.0383379
0.0389054
0.0395296
0.0401767
0.0407994
0.0414136
0.0420549
0.0427266
0.0434053
0.0440825
0.0447709
0.0454819
0.046189
0.0468713
0.0475447
0.0482439
0.0489703
0.0497165
0.0505059
0.0513429
0.0521863
0.0530297
0.0539166
0.0548086
0.0556531
0.0565028
0.0573896
0.0583167
0.0592776
0.0602579
0.0612354
0.062232
0.0632536
0.0642847
0.0653427
0.0664312
0.0675363
0.0686524
0.0697931
0.0709652
0.0721607
0.0733777
0.0746175
0.0758838
0.0771811
0.0784861
0.0798208
0.0811671
0.0825635
0.0839939
0.0854336
0.0869059
0.0883862
0.0898988
0.0914581
0.0930335
0.094642
0.0962996
0.0979535
0.0996553
0.101395
0.103164
0.104965
0.1068
0.108654
0.110587
0.112492
0.114415
0.116353
0.118129
0.038259
0.0374438
0.0337124
0.0296528
0.0270318
0.0261675
0.0265868
0.0273915
0.0279865
0.0283116
0.028567
0.0289088
0.0293914
0.0298706
0.0302233
0.0305843
0.0309834
0.031346
0.0318149
0.032423
0.0329808
0.0334684
0.0339656
0.0344848
0.0350459
0.0356257
0.0361706
0.0366939
0.0372396
0.0377956
0.0383436
0.0389126
0.0395349
0.040179
0.0408014
0.041417
0.0420585
0.0427289
0.0434064
0.0440836
0.0447721
0.0454824
0.046189
0.0468719
0.047546
0.048245
0.0489714
0.0497187
0.0505092
0.0513461
0.0521886
0.0530311
0.0539168
0.0548082
0.055653
0.0565034
0.057391
0.0583187
0.0592792
0.060259
0.0612364
0.062233
0.0632547
0.0642859
0.0653439
0.0664322
0.0675372
0.0686534
0.0697941
0.070966
0.0721614
0.0733784
0.0746182
0.0758844
0.0771816
0.0784867
0.0798215
0.0811676
0.0825638
0.0839943
0.085434
0.0869063
0.0883866
0.0898993
0.0914585
0.093034
0.0946425
0.0963
0.097954
0.0996559
0.101395
0.103164
0.104966
0.106801
0.108654
0.110587
0.112493
0.114416
0.116354
0.118132
0.0376659
0.0370202
0.0337105
0.0299233
0.0273334
0.0263481
0.026655
0.0274275
0.0280305
0.0283611
0.0286127
0.0289485
0.0294229
0.0298934
0.0302406
0.0305998
0.0310021
0.0313705
0.0318383
0.0324372
0.0329884
0.0334767
0.0339769
0.0344954
0.0350523
0.0356295
0.0361751
0.0366995
0.0372442
0.0377996
0.0383495
0.03892
0.0395404
0.0401814
0.0408034
0.0414205
0.0420623
0.0427313
0.0434076
0.0440847
0.0447732
0.0454829
0.0461889
0.0468723
0.0475472
0.0482461
0.0489724
0.0497208
0.0505124
0.0513492
0.0521911
0.0530326
0.053917
0.0548075
0.0556526
0.0565038
0.0573923
0.0583207
0.0592811
0.0602602
0.0612374
0.062234
0.0632557
0.0642872
0.0653451
0.0664333
0.0675382
0.0686545
0.0697953
0.070967
0.0721623
0.0733793
0.0746189
0.075885
0.0771822
0.0784874
0.0798222
0.0811683
0.0825643
0.0839946
0.0854345
0.0869068
0.0883872
0.0898999
0.091459
0.0930344
0.094643
0.0963005
0.0979545
0.0996564
0.101396
0.103165
0.104966
0.106802
0.108655
0.110587
0.112494
0.114417
0.116355
0.118135
0.0371068
0.0365972
0.0336786
0.0301703
0.0276337
0.0265442
0.0267329
0.0274633
0.0280717
0.0284102
0.0286603
0.0289905
0.0294563
0.0299177
0.0302591
0.0306165
0.031022
0.0313962
0.0318627
0.0324523
0.0329964
0.0334855
0.0339888
0.0345065
0.0350592
0.0356335
0.03618
0.0367055
0.0372492
0.0378039
0.0383557
0.0389278
0.0395463
0.040184
0.0408056
0.0414242
0.0420663
0.0427337
0.0434089
0.044086
0.0447745
0.0454833
0.0461886
0.0468725
0.0475483
0.0482473
0.0489735
0.0497229
0.0505155
0.0513524
0.0521936
0.0530342
0.0539172
0.0548068
0.0556522
0.0565041
0.0573936
0.0583228
0.059283
0.0602616
0.0612385
0.062235
0.0632568
0.0642885
0.0653465
0.0664344
0.0675392
0.0686556
0.0697965
0.0709681
0.0721632
0.0733802
0.0746198
0.0758857
0.0771827
0.078488
0.079823
0.0811691
0.0825648
0.083995
0.0854349
0.0869073
0.0883878
0.0899005
0.0914595
0.0930349
0.0946436
0.096301
0.0979551
0.0996571
0.101396
0.103165
0.104967
0.106802
0.108656
0.110588
0.112494
0.114419
0.116357
0.118139
0.0365791
0.0361788
0.0336193
0.0303921
0.0279294
0.0267543
0.0268219
0.0275004
0.0281101
0.0284583
0.0287093
0.0290349
0.029492
0.0299438
0.030279
0.0306342
0.0310429
0.0314229
0.0318882
0.0324681
0.033005
0.0334948
0.0340012
0.0345182
0.0350664
0.0356378
0.0361853
0.036712
0.0372546
0.0378085
0.0383621
0.0389359
0.0395524
0.0401868
0.0408079
0.0414281
0.0420704
0.0427362
0.0434102
0.0440873
0.0447759
0.0454837
0.0461882
0.0468727
0.0475496
0.0482487
0.0489749
0.0497252
0.0505187
0.0513554
0.0521961
0.0530359
0.0539174
0.054806
0.0556518
0.0565046
0.0573951
0.0583248
0.059285
0.060263
0.0612396
0.062236
0.063258
0.0642899
0.0653479
0.0664356
0.0675402
0.0686568
0.0697977
0.0709693
0.0721642
0.0733811
0.0746208
0.0758864
0.0771833
0.0784887
0.0798239
0.0811701
0.0825654
0.0839953
0.0854353
0.0869077
0.0883885
0.0899013
0.09146
0.0930355
0.0946442
0.0963016
0.0979557
0.0996578
0.101397
0.103166
0.104968
0.106803
0.108656
0.110588
0.112495
0.11442
0.116358
0.118143
0.0360807
0.0357689
0.0335358
0.0305868
0.0282165
0.0269761
0.0269238
0.0275409
0.028146
0.0285043
0.0287591
0.0290816
0.0295303
0.0299718
0.0303002
0.030653
0.0310646
0.0314506
0.0319148
0.0324846
0.0330141
0.0335046
0.0340142
0.0345304
0.035074
0.0356425
0.0361909
0.0367189
0.0372604
0.0378132
0.0383687
0.0389442
0.0395587
0.0401898
0.0408104
0.0414323
0.0420747
0.0427389
0.0434116
0.0440888
0.0447774
0.0454842
0.0461877
0.0468729
0.0475511
0.0482507
0.048977
0.0497279
0.050522
0.0513584
0.0521986
0.0530377
0.0539177
0.0548052
0.0556515
0.0565055
0.0573968
0.0583269
0.0592869
0.0602644
0.0612407
0.0622372
0.0632592
0.0642913
0.0653494
0.0664369
0.0675413
0.068658
0.0697991
0.0709706
0.0721653
0.0733821
0.0746219
0.0758873
0.0771839
0.0784893
0.0798247
0.0811711
0.0825662
0.0839957
0.0854357
0.0869081
0.0883891
0.0899021
0.0914607
0.0930361
0.0946449
0.0963021
0.0979563
0.0996585
0.101398
0.103167
0.104968
0.106804
0.108657
0.110589
0.112496
0.114422
0.116359
0.118146
0.0356093
0.0353706
0.0334308
0.0307532
0.0284913
0.0272067
0.0270401
0.027587
0.0281799
0.0285476
0.0288088
0.0291304
0.0295713
0.0300021
0.0303228
0.0306727
0.0310872
0.0314792
0.0319423
0.032502
0.0330237
0.0335151
0.0340279
0.0345432
0.035082
0.0356474
0.0361969
0.0367263
0.0372664
0.0378182
0.0383754
0.0389527
0.0395652
0.0401928
0.040813
0.0414367
0.0420793
0.0427416
0.0434129
0.0440905
0.0447792
0.0454848
0.0461873
0.0468732
0.0475529
0.0482532
0.0489797
0.0497312
0.0505255
0.0513614
0.052201
0.0530395
0.053918
0.0548045
0.0556515
0.0565068
0.0573989
0.0583291
0.0592887
0.0602658
0.0612419
0.0622384
0.0632605
0.0642927
0.065351
0.0664382
0.0675425
0.0686592
0.0698005
0.0709719
0.0721664
0.0733832
0.074623
0.0758882
0.0771846
0.0784899
0.0798256
0.0811722
0.082567
0.0839961
0.0854361
0.0869085
0.0883898
0.0899029
0.0914614
0.0930368
0.0946456
0.0963026
0.097957
0.0996593
0.101399
0.103167
0.104969
0.106804
0.108659
0.110589
0.112497
0.114423
0.116361
0.118151
0.0351627
0.0349857
0.0333072
0.0308914
0.0287513
0.0274425
0.0271713
0.0276408
0.028213
0.0285877
0.0288574
0.0291808
0.0296152
0.030035
0.0303471
0.0306931
0.0311103
0.0315087
0.0319708
0.0325202
0.033034
0.0335261
0.0340423
0.0345565
0.0350903
0.0356526
0.0362034
0.0367341
0.0372728
0.0378232
0.0383823
0.0389615
0.0395719
0.040196
0.0408158
0.0414413
0.0420841
0.0427445
0.0434144
0.0440923
0.0447812
0.0454855
0.0461868
0.0468735
0.047555
0.0482563
0.0489833
0.0497352
0.0505294
0.0513645
0.0522035
0.0530414
0.0539185
0.054804
0.0556518
0.0565087
0.0574015
0.0583315
0.0592905
0.0602672
0.0612432
0.0622397
0.0632619
0.0642943
0.0653526
0.0664396
0.0675437
0.0686605
0.0698019
0.0709733
0.0721676
0.0733843
0.0746241
0.0758891
0.0771852
0.0784905
0.0798265
0.0811734
0.0825679
0.0839966
0.0854365
0.0869088
0.0883905
0.0899038
0.0914621
0.0930375
0.0946463
0.0963031
0.0979577
0.0996602
0.101399
0.103168
0.10497
0.106805
0.10866
0.11059
0.112498
0.114425
0.116363
0.118155
0.0347388
0.0346151
0.0331675
0.0310026
0.0289942
0.0276795
0.0273172
0.0277044
0.0282468
0.0286244
0.0289037
0.029232
0.0296619
0.0300708
0.0303732
0.0307145
0.031134
0.031539
0.0320003
0.0325391
0.0330449
0.0335378
0.0340574
0.0345704
0.0350991
0.0356582
0.0362102
0.0367424
0.0372794
0.0378285
0.0383895
0.0389706
0.0395789
0.0401994
0.0408188
0.0414462
0.0420893
0.0427476
0.043416
0.0440943
0.0447834
0.0454864
0.0461865
0.046874
0.0475574
0.04826
0.0489875
0.0497398
0.0505336
0.0513676
0.0522059
0.0530433
0.0539191
0.0548035
0.0556523
0.0565109
0.0574045
0.058334
0.0592924
0.0602686
0.0612445
0.0622411
0.0632633
0.0642959
0.0653542
0.0664411
0.0675449
0.0686619
0.0698034
0.0709747
0.0721688
0.0733855
0.0746254
0.0758901
0.077186
0.0784912
0.0798274
0.0811746
0.0825689
0.0839972
0.085437
0.0869092
0.0883912
0.0899048
0.0914629
0.0930382
0.0946471
0.0963037
0.0979584
0.099661
0.1014
0.103169
0.10497
0.106806
0.108661
0.11059
0.112499
0.114427
0.116365
0.118159
0.0343357
0.03426
0.0330145
0.0310875
0.0292179
0.027914
0.0274765
0.0277797
0.0282832
0.028658
0.0289471
0.0292833
0.0297112
0.0301097
0.0304015
0.0307367
0.031158
0.03157
0.0320309
0.032559
0.0330564
0.0335501
0.0340731
0.034585
0.0351082
0.035664
0.0362175
0.0367512
0.0372865
0.0378339
0.0383969
0.03898
0.0395861
0.0402029
0.0408219
0.0414513
0.0420947
0.0427508
0.0434176
0.0440964
0.0447859
0.0454875
0.0461863
0.0468747
0.0475602
0.0482642
0.0489923
0.0497448
0.050538
0.0513709
0.0522084
0.0530453
0.0539197
0.0548031
0.055653
0.0565134
0.0574077
0.0583367
0.0592942
0.0602699
0.0612459
0.0622426
0.0632649
0.0642975
0.0653559
0.0664426
0.0675463
0.0686634
0.069805
0.0709762
0.0721701
0.0733867
0.0746266
0.0758912
0.0771867
0.078492
0.0798284
0.0811758
0.08257
0.0839977
0.0854375
0.0869097
0.088392
0.0899058
0.0914636
0.093039
0.0946479
0.0963043
0.0979591
0.0996619
0.101401
0.10317
0.104971
0.106807
0.108662
0.110591
0.112501
0.114429
0.116367
0.118164
0.0339509
0.0339226
0.032851
0.0311463
0.0294215
0.0281432
0.0276466
0.027868
0.0283246
0.0286895
0.0289867
0.0293334
0.0297627
0.0301519
0.0304321
0.03076
0.0311826
0.0316017
0.0320625
0.0325797
0.0330686
0.0335631
0.0340897
0.0346002
0.0351178
0.0356702
0.0362253
0.0367606
0.0372939
0.0378395
0.0384045
0.0389898
0.0395937
0.0402066
0.0408252
0.0414567
0.0421003
0.0427542
0.0434194
0.0440987
0.0447886
0.0454887
0.0461862
0.0468755
0.0475632
0.0482688
0.0489975
0.0497502
0.0505428
0.0513742
0.0522109
0.0530474
0.0539205
0.0548029
0.0556538
0.056516
0.057411
0.0583394
0.0592961
0.0602714
0.0612474
0.0622442
0.0632665
0.0642993
0.0653577
0.0664441
0.0675477
0.0686649
0.0698067
0.0709777
0.0721715
0.0733879
0.074628
0.0758923
0.0771876
0.0784927
0.0798294
0.0811771
0.0825711
0.0839984
0.085438
0.0869101
0.0883928
0.0899068
0.0914645
0.0930398
0.0946488
0.0963049
0.0979599
0.0996629
0.101402
0.10317
0.104972
0.106808
0.108663
0.110592
0.112502
0.114432
0.11637
0.118168
0.0335806
0.0336048
0.0326808
0.0311787
0.0296046
0.0283653
0.0278238
0.0279696
0.0283737
0.0287203
0.0290223
0.0293813
0.0298154
0.0301974
0.0304657
0.0307848
0.0312078
0.031634
0.0320949
0.0326014
0.0330815
0.0335768
0.034107
0.0346162
0.0351279
0.0356768
0.0362335
0.0367706
0.0373017
0.0378454
0.0384124
0.0389999
0.0396016
0.0402105
0.0408287
0.0414624
0.0421063
0.0427577
0.0434212
0.0441011
0.0447915
0.0454901
0.0461862
0.0468765
0.0475664
0.0482736
0.0490029
0.0497557
0.0505477
0.0513777
0.0522135
0.0530495
0.0539213
0.0548027
0.0556547
0.0565188
0.0574145
0.0583423
0.0592981
0.0602729
0.0612489
0.0622459
0.0632682
0.064301
0.0653595
0.0664458
0.0675491
0.0686665
0.0698084
0.0709793
0.0721729
0.0733892
0.0746294
0.0758935
0.0771884
0.0784936
0.0798304
0.0811785
0.0825723
0.083999
0.0854385
0.0869106
0.0883936
0.0899079
0.0914653
0.0930406
0.0946497
0.0963056
0.0979607
0.0996639
0.101403
0.103171
0.104973
0.106809
0.108665
0.110592
0.112503
0.114434
0.116372
0.118173
0.0332184
0.0333071
0.0325098
0.0311848
0.0297666
0.0285792
0.028004
0.0280839
0.0284326
0.0287522
0.0290538
0.0294258
0.0298684
0.0302461
0.0305025
0.0308113
0.0312336
0.0316669
0.0321283
0.032624
0.0330951
0.0335912
0.0341252
0.0346329
0.0351385
0.0356837
0.0362423
0.0367811
0.0373099
0.0378515
0.0384205
0.0390105
0.0396098
0.0402146
0.0408324
0.0414684
0.0421125
0.0427614
0.0434232
0.0441036
0.0447945
0.0454917
0.0461862
0.0468775
0.0475699
0.0482786
0.0490085
0.0497615
0.0505528
0.0513814
0.0522162
0.0530517
0.0539223
0.0548027
0.0556557
0.0565216
0.057418
0.0583453
0.0593002
0.0602745
0.0612506
0.0622477
0.06327
0.0643029
0.0653615
0.0664475
0.0675506
0.0686681
0.0698102
0.070981
0.0721744
0.0733906
0.0746308
0.0758947
0.0771894
0.0784945
0.0798315
0.0811799
0.0825735
0.0839998
0.0854392
0.0869111
0.0883945
0.089909
0.0914662
0.0930415
0.0946506
0.0963063
0.0979616
0.0996649
0.101404
0.103172
0.104974
0.10681
0.108666
0.110593
0.112504
0.114437
0.116375
0.118178
0.0328571
0.0330265
0.0323455
0.0311658
0.0299052
0.0287843
0.0281846
0.0282089
0.028503
0.0287874
0.0290818
0.0294663
0.0299208
0.0302973
0.0305427
0.0308399
0.0312602
0.0317005
0.0321626
0.0326475
0.0331095
0.0336063
0.0341441
0.0346504
0.0351496
0.0356911
0.0362516
0.0367923
0.0373186
0.0378577
0.0384289
0.0390214
0.0396184
0.040219
0.0408363
0.0414746
0.042119
0.0427653
0.0434252
0.0441063
0.0447978
0.0454934
0.0461864
0.0468787
0.0475735
0.0482838
0.0490142
0.0497673
0.050558
0.0513852
0.0522189
0.053054
0.0539233
0.0548028
0.0556567
0.0565245
0.0574216
0.0583483
0.0593024
0.0602761
0.0612523
0.0622496
0.0632719
0.0643048
0.0653635
0.0664493
0.0675522
0.0686699
0.069812
0.0709828
0.0721759
0.073392
0.0746324
0.075896
0.0771903
0.0784954
0.0798327
0.0811814
0.0825748
0.0840005
0.0854398
0.0869116
0.0883954
0.0899102
0.0914671
0.0930424
0.0946516
0.096307
0.0979624
0.099666
0.101405
0.103173
0.104975
0.106811
0.108668
0.110594
0.112506
0.114439
0.116378
0.118183
0.0324904
0.032756
0.0321953
0.0311262
0.0300166
0.0289805
0.0283642
0.0283411
0.0285857
0.0288288
0.0291074
0.0295024
0.0299715
0.0303502
0.0305861
0.0308709
0.0312879
0.0317349
0.032198
0.0326719
0.0331247
0.0336221
0.0341638
0.0346688
0.0351614
0.0356989
0.0362615
0.0368042
0.0373278
0.0378643
0.0384376
0.0390327
0.0396274
0.0402236
0.0408404
0.0414811
0.0421258
0.0427693
0.0434273
0.044109
0.0448013
0.0454954
0.0461867
0.04688
0.0475774
0.0482892
0.0490199
0.0497732
0.0505635
0.0513892
0.0522218
0.0530564
0.0539245
0.054803
0.0556579
0.0565275
0.0574253
0.0583515
0.0593047
0.0602779
0.0612541
0.0622515
0.0632738
0.0643069
0.0653656
0.0664513
0.0675539
0.0686717
0.069814
0.0709846
0.0721775
0.0733935
0.074634
0.0758973
0.0771914
0.0784965
0.0798339
0.0811829
0.0825761
0.0840013
0.0854406
0.0869122
0.0883963
0.0899115
0.091468
0.0930433
0.0946527
0.0963078
0.0979633
0.0996671
0.101407
0.103174
0.104976
0.106812
0.108669
0.110595
0.112507
0.114442
0.116381
0.118189
0.0321175
0.0324842
0.0320642
0.0310743
0.030096
0.0291662
0.0285436
0.0284764
0.0286798
0.0288793
0.0291324
0.0295337
0.0300196
0.030404
0.0306326
0.0309048
0.0313169
0.0317701
0.0322345
0.0326973
0.0331404
0.0336386
0.0341845
0.034688
0.0351738
0.0357071
0.0362718
0.0368167
0.0373375
0.0378711
0.0384465
0.0390444
0.0396368
0.0402284
0.0408447
0.041488
0.0421328
0.0427736
0.0434295
0.044112
0.044805
0.0454975
0.0461872
0.0468815
0.0475814
0.0482947
0.0490257
0.0497792
0.0505691
0.0513933
0.0522248
0.0530588
0.0539258
0.0548033
0.0556592
0.0565305
0.0574289
0.0583547
0.0593071
0.0602797
0.061256
0.0622535
0.0632758
0.064309
0.0653678
0.0664533
0.0675557
0.0686736
0.069816
0.0709865
0.0721792
0.0733951
0.0746356
0.0758987
0.0771924
0.0784975
0.0798351
0.0811845
0.0825774
0.0840022
0.0854413
0.0869128
0.0883973
0.0899128
0.091469
0.0930443
0.0946538
0.0963086
0.0979643
0.0996683
0.101408
0.103175
0.104977
0.106814
0.108671
0.110596
0.112508
0.114445
0.116385
0.118194
0.0317461
0.0321977
0.0319497
0.0310227
0.030141
0.0293366
0.0287247
0.0286119
0.0287834
0.0289414
0.029159
0.0295602
0.0300644
0.0304579
0.0306814
0.0309413
0.0313476
0.0318062
0.0322722
0.032724
0.0331568
0.0336557
0.034206
0.0347082
0.035187
0.0357158
0.0362828
0.03683
0.0373478
0.0378782
0.0384557
0.0390566
0.0396466
0.0402336
0.0408492
0.0414951
0.0421403
0.042778
0.0434318
0.044115
0.044809
0.0454999
0.0461877
0.046883
0.0475856
0.0483004
0.0490316
0.0497853
0.0505749
0.0513976
0.0522279
0.0530614
0.0539272
0.0548037
0.0556606
0.0565336
0.0574327
0.058358
0.0593096
0.0602817
0.061258
0.0622557
0.0632779
0.0643111
0.0653701
0.0664553
0.0675575
0.0686756
0.0698181
0.0709884
0.072181
0.0733967
0.0746374
0.0759001
0.0771936
0.0784987
0.0798364
0.0811862
0.0825788
0.084003
0.0854422
0.0869134
0.0883983
0.0899141
0.09147
0.0930453
0.094655
0.0963094
0.0979653
0.0996695
0.101409
0.103176
0.104978
0.106815
0.108673
0.110597
0.11251
0.114448
0.116389
0.1182
0.0313899
0.0318857
0.0318412
0.0309861
0.0301551
0.0294824
0.0289088
0.0287478
0.028892
0.0290163
0.0291902
0.0295824
0.0301052
0.0305113
0.030732
0.0309803
0.03138
0.0318435
0.0323111
0.032752
0.033174
0.0336731
0.0342283
0.0347294
0.0352009
0.0357251
0.0362942
0.0368439
0.0373588
0.0378857
0.0384651
0.0390692
0.0396569
0.040239
0.040854
0.0415026
0.042148
0.0427827
0.0434343
0.0441183
0.0448132
0.0455026
0.0461885
0.0468847
0.0475901
0.0483064
0.0490376
0.0497915
0.0505808
0.0514021
0.0522311
0.053064
0.0539287
0.0548044
0.0556621
0.0565367
0.0574365
0.0583615
0.0593122
0.0602837
0.0612601
0.0622579
0.0632801
0.0643134
0.0653725
0.0664575
0.0675594
0.0686776
0.0698203
0.0709904
0.0721828
0.0733984
0.0746392
0.0759016
0.0771948
0.0784999
0.0798378
0.0811879
0.0825803
0.0840039
0.0854431
0.0869141
0.0883993
0.0899156
0.091471
0.0930463
0.0946562
0.0963103
0.0979663
0.0996708
0.10141
0.103177
0.104979
0.106816
0.108675
0.110598
0.112511
0.114452
0.116393
0.118206
0.031065
0.0315489
0.031722
0.0309741
0.030149
0.0295938
0.0290941
0.0288875
0.0290004
0.0291029
0.0292301
0.0296016
0.0301414
0.0305637
0.0307837
0.0310213
0.0314141
0.0318822
0.0323516
0.0327814
0.0331921
0.033691
0.0342512
0.0347517
0.0352157
0.0357349
0.0363063
0.0368586
0.0373704
0.0378935
0.0384748
0.0390823
0.0396677
0.0402447
0.040859
0.0415103
0.0421562
0.0427876
0.0434369
0.0441217
0.0448177
0.0455055
0.0461894
0.0468866
0.0475947
0.0483125
0.0490436
0.0497977
0.0505869
0.0514067
0.0522344
0.0530668
0.0539304
0.0548051
0.0556637
0.05654
0.0574404
0.058365
0.0593149
0.0602859
0.0612624
0.0622603
0.0632823
0.0643157
0.065375
0.0664598
0.0675614
0.0686798
0.0698225
0.0709926
0.0721848
0.0734002
0.0746411
0.0759032
0.077196
0.0785011
0.0798392
0.0811897
0.0825818
0.0840049
0.0854441
0.0869148
0.0884004
0.0899171
0.091472
0.0930474
0.0946576
0.0963113
0.0979674
0.0996722
0.101412
0.103179
0.10498
0.106818
0.108677
0.110599
0.112513
0.114455
0.116397
0.118212
0.0307859
0.0312025
0.0315724
0.0309842
0.03014
0.0296644
0.0292727
0.0290361
0.0291053
0.0291978
0.0292826
0.0296198
0.0301721
0.0306148
0.0308362
0.0310637
0.0314496
0.0319223
0.032394
0.0328125
0.0332113
0.0337093
0.0342746
0.034775
0.0352314
0.0357452
0.0363189
0.0368741
0.0373827
0.0379017
0.0384848
0.0390958
0.039679
0.0402508
0.0408643
0.0415185
0.0421646
0.0427927
0.0434396
0.0441253
0.0448225
0.0455086
0.0461905
0.0468886
0.0475996
0.0483188
0.0490497
0.049804
0.0505932
0.0514116
0.0522378
0.0530696
0.0539323
0.0548061
0.0556655
0.0565433
0.0574443
0.0583686
0.0593178
0.0602881
0.0612647
0.0622627
0.0632847
0.0643182
0.0653776
0.0664622
0.0675635
0.068682
0.0698249
0.0709947
0.0721868
0.0734021
0.0746431
0.0759048
0.0771973
0.0785025
0.0798407
0.0811915
0.0825833
0.0840059
0.0854451
0.0869155
0.0884016
0.0899187
0.0914731
0.0930486
0.0946589
0.0963123
0.0979685
0.0996736
0.101413
0.10318
0.104981
0.106819
0.108679
0.110601
0.112515
0.114459
0.116402
0.118218
0.0305568
0.0308675
0.031379
0.0310009
0.0301486
0.0296977
0.0294309
0.0291969
0.0292087
0.0292949
0.0293496
0.0296411
0.0301965
0.0306639
0.0308896
0.0311069
0.031486
0.0319636
0.0324385
0.0328456
0.0332313
0.0337281
0.0342986
0.0347992
0.0352482
0.0357561
0.0363321
0.0368905
0.0373957
0.0379103
0.038495
0.0391097
0.0396909
0.0402573
0.0408697
0.0415269
0.0421735
0.0427982
0.0434425
0.044129
0.0448275
0.0455121
0.0461918
0.0468908
0.0476047
0.0483253
0.0490559
0.0498103
0.0505997
0.0514166
0.0522413
0.0530726
0.0539343
0.0548072
0.0556675
0.0565467
0.0574483
0.0583723
0.0593207
0.0602905
0.0612672
0.0622653
0.0632871
0.0643207
0.0653803
0.0664647
0.0675657
0.0686844
0.0698273
0.070997
0.0721889
0.073404
0.0746451
0.0759065
0.0771987
0.0785039
0.0798422
0.0811934
0.0825849
0.0840069
0.0854462
0.0869163
0.0884027
0.0899203
0.0914742
0.0930498
0.0946604
0.0963133
0.0979696
0.099675
0.101415
0.103181
0.104982
0.106821
0.108681
0.110602
0.112516
0.114463
0.116406
0.118224
0.0303676
0.0305672
0.0311455
0.0310024
0.0301873
0.0297078
0.0295546
0.029367
0.0293173
0.0293876
0.0294295
0.0296711
0.0302148
0.0307093
0.0309443
0.0311504
0.0315226
0.0320057
0.0324852
0.0328817
0.0332526
0.0337471
0.0343232
0.0348244
0.035266
0.0357677
0.0363458
0.0369076
0.0374096
0.0379193
0.0385055
0.039124
0.0397034
0.0402641
0.0408754
0.0415357
0.0421829
0.0428039
0.0434455
0.044133
0.0448329
0.045516
0.0461933
0.0468931
0.0476101
0.0483321
0.0490621
0.0498167
0.0506063
0.0514218
0.052245
0.0530758
0.0539365
0.0548085
0.0556696
0.0565501
0.0574524
0.0583762
0.0593238
0.060293
0.0612698
0.062268
0.0632896
0.0643233
0.0653831
0.0664674
0.067568
0.0686868
0.0698298
0.0709994
0.072191
0.073406
0.0746473
0.0759083
0.0772002
0.0785054
0.0798438
0.0811954
0.0825866
0.084008
0.0854474
0.0869171
0.088404
0.089922
0.0914754
0.093051
0.094662
0.0963144
0.0979708
0.0996766
0.101416
0.103183
0.104983
0.106822
0.108683
0.110604
0.112518
0.114467
0.116412
0.11823
0.0302032
0.0303178
0.030891
0.0309649
0.0302496
0.0297168
0.0296367
0.0295341
0.0294387
0.0294738
0.0295165
0.029715
0.0302299
0.0307487
0.0310007
0.0311948
0.0315582
0.0320481
0.0325338
0.0329208
0.0332759
0.0337661
0.0343482
0.0348508
0.0352848
0.0357799
0.0363599
0.0369256
0.0374244
0.0379288
0.0385162
0.0391389
0.0397164
0.0402714
0.0408813
0.0415448
0.0421927
0.04281
0.0434487
0.0441371
0.0448386
0.0455202
0.046195
0.0468956
0.0476157
0.0483391
0.0490685
0.0498232
0.0506132
0.0514273
0.0522488
0.053079
0.0539389
0.0548101
0.0556718
0.0565537
0.0574565
0.0583801
0.059327
0.0602955
0.0612725
0.0622708
0.0632923
0.0643261
0.0653861
0.0664701
0.0675704
0.0686893
0.0698325
0.0710018
0.0721933
0.0734081
0.0746495
0.0759101
0.0772017
0.078507
0.0798454
0.0811974
0.0825883
0.0840092
0.0854487
0.086918
0.0884053
0.0899238
0.0914765
0.0930524
0.0946636
0.0963155
0.097972
0.0996782
0.101418
0.103184
0.104985
0.106824
0.108685
0.110605
0.11252
0.114471
0.116417
0.118237
0.0300474
0.0301212
0.0306401
0.0308757
0.0303146
0.0297475
0.0296854
0.0296817
0.0295757
0.0295589
0.0296028
0.0297745
0.0302472
0.03078
0.0310578
0.0312413
0.0315918
0.0320899
0.0325842
0.0329632
0.0333018
0.0337853
0.0343731
0.0348786
0.0353048
0.0357927
0.0363746
0.0369443
0.0374403
0.0379389
0.0385271
0.0391541
0.0397302
0.0402792
0.0408875
0.0415542
0.0422029
0.0428165
0.0434521
0.0441414
0.0448446
0.0455248
0.046197
0.0468982
0.0476216
0.0483464
0.0490749
0.0498297
0.0506202
0.0514329
0.0522528
0.0530825
0.0539415
0.0548118
0.0556743
0.0565574
0.0574608
0.0583842
0.0593304
0.0602983
0.0612754
0.0622738
0.063295
0.0643289
0.0653891
0.066473
0.0675729
0.068692
0.0698352
0.0710044
0.0721957
0.0734103
0.0746519
0.0759121
0.0772033
0.0785086
0.0798471
0.0811995
0.08259
0.0840104
0.08545
0.0869189
0.0884066
0.0899257
0.0914777
0.0930537
0.0946653
0.0963166
0.0979733
0.0996799
0.10142
0.103186
0.104986
0.106826
0.108688
0.110607
0.112522
0.114476
0.116423
0.118244
0.0298866
0.0299679
0.0304174
0.0307432
0.0303569
0.0298064
0.0297196
0.0297954
0.0297202
0.0296524
0.0296829
0.0298452
0.0302737
0.0308034
0.0311129
0.0312919
0.0316232
0.0321291
0.0326365
0.0330086
0.0333306
0.0338055
0.0343976
0.0349074
0.0353265
0.035806
0.0363895
0.036964
0.0374572
0.0379497
0.0385382
0.0391698
0.0397447
0.0402875
0.040894
0.0415639
0.0422136
0.0428234
0.0434557
0.0441459
0.044851
0.0455298
0.0461993
0.0469011
0.0476277
0.0483539
0.0490814
0.0498363
0.0506273
0.0514388
0.0522569
0.053086
0.0539444
0.0548138
0.0556769
0.0565612
0.0574651
0.0583883
0.0593338
0.0603011
0.0612784
0.0622769
0.0632979
0.0643319
0.0653923
0.0664759
0.0675754
0.0686947
0.069838
0.071007
0.0721982
0.0734126
0.0746543
0.0759141
0.077205
0.0785104
0.0798489
0.0812017
0.0825919
0.0840116
0.0854514
0.0869198
0.088408
0.0899276
0.0914789
0.0930552
0.0946671
0.0963178
0.0979747
0.0996816
0.101422
0.103187
0.104988
0.106828
0.10869
0.110609
0.112524
0.11448
0.116429
0.118251
0.0297095
0.0298457
0.030238
0.0305879
0.0303544
0.0298769
0.0297636
0.0298761
0.029856
0.0297608
0.0297594
0.0299199
0.0303135
0.030823
0.0311624
0.0313475
0.0316545
0.0321634
0.0326897
0.033058
0.0333621
0.0338271
0.0344219
0.0349367
0.0353501
0.03582
0.0364045
0.0369844
0.0374753
0.0379613
0.0385494
0.0391857
0.03976
0.0402964
0.0409006
0.0415739
0.0422248
0.0428308
0.0434596
0.0441505
0.0448578
0.0455353
0.0462019
0.0469041
0.0476341
0.0483617
0.049088
0.0498429
0.0506347
0.0514449
0.0522612
0.0530897
0.0539474
0.054816
0.0556797
0.0565651
0.0574695
0.0583926
0.0593374
0.0603041
0.0612815
0.0622801
0.0633009
0.064335
0.0653956
0.0664791
0.0675781
0.0686976
0.069841
0.0710098
0.0722007
0.073415
0.0746568
0.0759162
0.0772067
0.0785122
0.0798508
0.0812039
0.0825937
0.0840129
0.085453
0.0869209
0.0884094
0.0899297
0.0914801
0.0930567
0.094669
0.0963191
0.0979761
0.0996835
0.101423
0.103189
0.104989
0.10683
0.108693
0.110611
0.112527
0.114485
0.116435
0.118258
0.029505
0.0297405
0.0301046
0.0304357
0.0303042
0.0299348
0.0298318
0.0299405
0.0299663
0.0298793
0.0298421
0.0299921
0.030365
0.0308447
0.0312042
0.0314072
0.0316886
0.0321911
0.0327414
0.0331123
0.0333965
0.0338498
0.0344467
0.0349662
0.0353753
0.0358355
0.0364193
0.0370053
0.0374948
0.0379737
0.0385608
0.0392018
0.039776
0.0403062
0.0409075
0.0415841
0.0422365
0.0428386
0.0434638
0.0441553
0.0448649
0.0455413
0.0462048
0.0469073
0.0476407
0.0483699
0.0490948
0.0498496
0.0506422
0.0514512
0.0522656
0.0530936
0.0539506
0.0548184
0.0556827
0.0565691
0.057474
0.058397
0.0593412
0.0603072
0.0612848
0.0622835
0.063304
0.0643381
0.0653991
0.0664823
0.0675809
0.0687006
0.069844
0.0710126
0.0722034
0.0734175
0.0746594
0.0759184
0.0772086
0.0785142
0.0798527
0.0812062
0.0825957
0.0840143
0.0854546
0.0869219
0.088411
0.0899318
0.0914814
0.0930583
0.094671
0.0963204
0.0979775
0.0996854
0.101425
0.103191
0.104991
0.106832
0.108695
0.110613
0.112529
0.11449
0.116442
0.118266
0.0292621
0.0296356
0.0300116
0.0303099
0.030223
0.0299547
0.0299134
0.0300119
0.0300473
0.0299924
0.0299383
0.0300628
0.0304224
0.0308737
0.0312392
0.0314677
0.0317288
0.0322131
0.0327878
0.0331714
0.0334353
0.0338728
0.0344723
0.0349967
0.0354017
0.0358524
0.0364342
0.0370264
0.0375157
0.0379872
0.0385724
0.0392182
0.0397928
0.0403167
0.0409147
0.0415945
0.0422488
0.042847
0.0434682
0.0441604
0.0448724
0.0455478
0.0462081
0.0469107
0.0476476
0.0483783
0.0491017
0.0498563
0.0506499
0.0514578
0.0522702
0.0530977
0.0539542
0.0548211
0.055686
0.0565733
0.0574786
0.0584016
0.059345
0.0603104
0.0612883
0.0622871
0.0633072
0.0643414
0.0654027
0.0664857
0.0675839
0.0687037
0.0698472
0.0710155
0.0722062
0.07342
0.0746622
0.0759206
0.0772106
0.0785163
0.0798547
0.0812086
0.0825977
0.0840157
0.0854563
0.0869231
0.0884126
0.089934
0.0914827
0.0930599
0.0946731
0.0963218
0.0979791
0.0996874
0.101427
0.103193
0.104992
0.106834
0.108698
0.110615
0.112532
0.114496
0.116449
0.118273
0.0289761
0.0295101
0.0299488
0.0302232
0.0301342
0.0299263
0.0299839
0.0301086
0.0301149
0.0300817
0.0300441
0.030141
0.0304807
0.03091
0.0312708
0.031526
0.0317773
0.0322326
0.0328251
0.0332332
0.0334809
0.0338959
0.0344974
0.0350292
0.0354295
0.0358703
0.0364497
0.0370475
0.0375377
0.038002
0.0385842
0.0392347
0.0398103
0.040328
0.0409224
0.0416051
0.0422616
0.0428561
0.0434728
0.0441656
0.0448803
0.0455549
0.0462119
0.0469142
0.0476547
0.0483871
0.0491087
0.049863
0.0506577
0.0514647
0.0522749
0.0531019
0.053958
0.0548241
0.0556894
0.0565777
0.0574833
0.0584062
0.0593491
0.0603137
0.0612919
0.0622909
0.0633106
0.0643449
0.0654064
0.0664892
0.0675869
0.0687069
0.0698505
0.0710186
0.0722091
0.0734227
0.074665
0.075923
0.0772126
0.0785184
0.0798567
0.0812111
0.0825998
0.0840172
0.0854581
0.0869243
0.0884142
0.0899362
0.091484
0.0930617
0.0946753
0.0963231
0.0979807
0.0996896
0.101429
0.103195
0.104994
0.106836
0.108701
0.110618
0.112535
0.114501
0.116457
0.118281
0.0286589
0.0293412
0.0299005
0.0301782
0.0300641
0.0298622
0.0300159
0.0302254
0.0301937
0.0301402
0.0301431
0.030234
0.0305423
0.0309503
0.0313017
0.03158
0.0318336
0.0322543
0.0328515
0.0332936
0.0335348
0.0339207
0.0345201
0.0350637
0.03546
0.0358887
0.0364656
0.0370689
0.0375606
0.0380182
0.0385963
0.0392513
0.0398287
0.0403401
0.0409303
0.0416159
0.0422748
0.0428659
0.0434779
0.0441708
0.0448885
0.0455625
0.046216
0.046918
0.0476621
0.0483963
0.049116
0.0498698
0.0506657
0.0514718
0.0522799
0.0531063
0.053962
0.0548273
0.0556931
0.0565822
0.0574881
0.058411
0.0593533
0.0603173
0.0612956
0.0622948
0.0633141
0.0643484
0.0654103
0.0664929
0.0675901
0.0687102
0.0698539
0.0710217
0.0722122
0.0734255
0.0746679
0.0759255
0.0772148
0.0785207
0.0798589
0.0812136
0.0826019
0.0840188
0.08546
0.0869256
0.088416
0.0899386
0.0914854
0.0930636
0.0946776
0.0963246
0.0979823
0.0996918
0.101432
0.103197
0.104996
0.106839
0.108704
0.11062
0.112538
0.114507
0.116464
0.118289
0.028338
0.029114
0.0298423
0.0301689
0.0300318
0.0297859
0.0299913
0.0303363
0.0303076
0.0301844
0.030214
0.0303368
0.0306163
0.0309932
0.0313319
0.0316288
0.031896
0.0322831
0.0328684
0.0333474
0.0335967
0.0339505
0.0345392
0.0350984
0.035495
0.0359083
0.0364807
0.037091
0.0375845
0.0380355
0.038609
0.0392678
0.0398478
0.0403533
0.0409386
0.0416269
0.0422886
0.0428763
0.0434834
0.0441762
0.0448971
0.0455709
0.0462207
0.0469219
0.0476697
0.0484058
0.0491234
0.0498766
0.0506739
0.0514792
0.052285
0.0531108
0.0539663
0.0548309
0.0556971
0.0565868
0.057493
0.0584159
0.0593576
0.0603209
0.0612995
0.0622989
0.0633177
0.0643521
0.0654143
0.0664967
0.0675934
0.0687137
0.0698575
0.071025
0.0722153
0.0734284
0.074671
0.0759281
0.077217
0.0785231
0.0798611
0.0812162
0.0826042
0.0840204
0.085462
0.0869269
0.0884178
0.089941
0.0914867
0.0930655
0.09468
0.0963261
0.0979841
0.0996941
0.101434
0.103199
0.104997
0.106841
0.108707
0.110623
0.112541
0.114513
0.116472
0.118298
0.0280476
0.0288346
0.0297453
0.0301809
0.0300455
0.0297254
0.0299155
0.0304099
0.0304581
0.0302422
0.0302465
0.0304306
0.0307096
0.0310443
0.03136
0.0316707
0.0319613
0.0323229
0.0328799
0.0333898
0.0336635
0.0339885
0.0345555
0.0351304
0.035535
0.0359311
0.0364943
0.0371131
0.0376103
0.0380538
0.038622
0.0392844
0.0398677
0.0403676
0.0409471
0.0416379
0.0423031
0.0428875
0.0434894
0.0441818
0.044906
0.04558
0.0462258
0.046926
0.0476775
0.0484157
0.0491311
0.0498835
0.0506822
0.0514868
0.0522904
0.0531156
0.0539709
0.0548347
0.0557013
0.0565917
0.0574981
0.058421
0.0593621
0.0603247
0.0613036
0.0623032
0.0633215
0.064356
0.0654184
0.0665006
0.0675968
0.0687173
0.0698612
0.0710284
0.0722186
0.0734314
0.0746741
0.0759308
0.0772194
0.0785256
0.0798634
0.0812189
0.0826065
0.0840222
0.0854641
0.0869284
0.0884197
0.0899435
0.0914881
0.0930676
0.0946825
0.0963276
0.0979859
0.0996966
0.101436
0.103201
0.104999
0.106844
0.108711
0.110626
0.112544
0.114519
0.116481
0.118306
0.0278202
0.0285296
0.0295875
0.0301912
0.0301024
0.0297056
0.0298123
0.0304183
0.0306198
0.0303452
0.0302568
0.0304905
0.0308158
0.0311145
0.0313882
0.0317027
0.0320249
0.0323764
0.0328924
0.0334178
0.03373
0.034037
0.0345717
0.0351573
0.0355783
0.0359597
0.0365068
0.0371333
0.0376382
0.038074
0.038635
0.0393011
0.0398883
0.0403831
0.0409561
0.0416487
0.0423182
0.0428997
0.0434958
0.0441874
0.0449152
0.0455897
0.0462317
0.0469302
0.0476855
0.0484261
0.049139
0.0498904
0.0506906
0.0514948
0.0522959
0.0531206
0.0539758
0.0548389
0.0557058
0.0565967
0.0575033
0.0584262
0.0593668
0.0603287
0.0613079
0.0623077
0.0633254
0.06436
0.0654228
0.0665047
0.0676003
0.068721
0.069865
0.0710319
0.072222
0.0734346
0.0746774
0.0759336
0.0772219
0.0785282
0.0798658
0.0812216
0.082609
0.084024
0.0854663
0.0869299
0.0884217
0.0899461
0.0914896
0.0930698
0.0946851
0.0963291
0.0979879
0.0996992
0.101438
0.103203
0.105001
0.106847
0.108714
0.110629
0.112548
0.114526
0.116489
0.118315
0.0276708
0.0282343
0.0293677
0.0301698
0.0301885
0.029741
0.0297115
0.0303551
0.0307581
0.0305045
0.0302762
0.0305014
0.0309134
0.0312121
0.0314265
0.0317229
0.0320797
0.0324422
0.0329144
0.0334322
0.0337894
0.0340963
0.0345918
0.0351776
0.0356219
0.0359955
0.0365207
0.0371502
0.0376673
0.0380971
0.0386479
0.0393172
0.03991
0.0403999
0.0409656
0.0416593
0.0423336
0.0429131
0.0435028
0.0441931
0.0449247
0.0456002
0.0462382
0.0469346
0.0476936
0.0484369
0.0491473
0.0498972
0.0506992
0.0515031
0.0523017
0.0531258
0.0539811
0.0548433
0.0557105
0.056602
0.0575086
0.0584315
0.0593716
0.0603328
0.0613124
0.0623124
0.0633295
0.0643641
0.0654273
0.066509
0.067604
0.0687249
0.069869
0.0710355
0.0722255
0.0734378
0.0746807
0.0759365
0.0772245
0.078531
0.0798683
0.0812244
0.0826115
0.0840259
0.0854685
0.0869316
0.0884238
0.0899488
0.0914911
0.0930721
0.0946879
0.0963307
0.0979899
0.0997019
0.101441
0.103206
0.105003
0.10685
0.108717
0.110632
0.112552
0.114532
0.116498
0.118324
0.0275936
0.0279833
0.0291072
0.030091
0.0302806
0.029833
0.029644
0.0302387
0.0308364
0.0306993
0.0303422
0.0304771
0.0309733
0.03133
0.0314895
0.0317359
0.0321174
0.0325137
0.0329541
0.0334392
0.0338342
0.0341635
0.0346204
0.0351919
0.0356625
0.036038
0.0365388
0.0371638
0.0376955
0.0381241
0.0386617
0.039332
0.0399324
0.0404184
0.0409756
0.0416697
0.0423493
0.0429276
0.0435106
0.0441986
0.0449344
0.0456116
0.0462455
0.0469393
0.0477018
0.0484482
0.0491561
0.0499041
0.0507078
0.0515118
0.0523077
0.0531311
0.0539866
0.0548481
0.0557155
0.0566075
0.0575142
0.0584369
0.0593766
0.0603371
0.0613169
0.0623174
0.0633338
0.0643683
0.0654319
0.0665134
0.0676078
0.0687289
0.0698732
0.0710393
0.0722291
0.0734412
0.0746842
0.0759396
0.0772272
0.0785338
0.0798709
0.0812273
0.0826141
0.0840278
0.0854709
0.0869334
0.0884261
0.0899514
0.0914926
0.0930745
0.0946907
0.0963323
0.0979921
0.0997047
0.101443
0.103209
0.105006
0.106853
0.108721
0.110635
0.112556
0.114539
0.116507
0.118333
0.0275714
0.0277958
0.0288365
0.0299459
0.0303486
0.0299689
0.0296336
0.0300996
0.0308339
0.030894
0.0304774
0.0304491
0.030975
0.0314447
0.031589
0.0317559
0.0321327
0.0325792
0.0330154
0.03345
0.0338593
0.0342312
0.0346623
0.0352029
0.0356966
0.0360857
0.036563
0.0371759
0.0377209
0.038154
0.0386782
0.0393453
0.0399549
0.040439
0.0409863
0.0416797
0.0423653
0.0429432
0.0435194
0.0442042
0.0449441
0.0456238
0.0462536
0.0469441
0.04771
0.0484598
0.0491653
0.0499111
0.0507164
0.0515208
0.0523141
0.0531366
0.0539925
0.0548533
0.0557208
0.0566132
0.0575199
0.0584425
0.0593817
0.0603416
0.0613217
0.0623226
0.0633383
0.0643727
0.0654367
0.066518
0.0676118
0.068733
0.0698775
0.0710431
0.0722329
0.0734447
0.0746877
0.0759428
0.07723
0.0785368
0.0798736
0.0812303
0.0826169
0.0840299
0.0854733
0.0869353
0.0884284
0.0899542
0.0914942
0.0930771
0.0946937
0.0963339
0.0979944
0.0997077
0.101446
0.103211
0.105008
0.106857
0.108725
0.110639
0.112561
0.114546
0.116516
0.118343
0.0275848
0.0276733
0.0285861
0.0297479
0.0303647
0.0301248
0.0296909
0.0299736
0.0307558
0.0310475
0.0306712
0.0304581
0.0309262
0.0315242
0.0317196
0.0318023
0.0321301
0.0326239
0.0330922
0.0334787
0.0338675
0.0342885
0.0347198
0.0352165
0.0357207
0.0361356
0.0365949
0.0371883
0.0377431
0.0381851
0.0386983
0.0393582
0.0399761
0.0404617
0.0409983
0.041689
0.0423814
0.04296
0.0435291
0.04421
0.0449538
0.0456368
0.0462627
0.0469492
0.0477184
0.0484719
0.0491749
0.0499182
0.0507251
0.0515301
0.0523207
0.0531423
0.0539986
0.0548588
0.0557264
0.0566191
0.0575257
0.0584482
0.0593871
0.0603462
0.0613267
0.062328
0.0633429
0.0643772
0.0654416
0.0665227
0.067616
0.0687373
0.0698819
0.0710472
0.0722369
0.0734484
0.0746914
0.0759461
0.077233
0.0785399
0.0798764
0.0812333
0.0826197
0.0840321
0.0854759
0.0869373
0.0884308
0.0899569
0.0914958
0.0930799
0.0946967
0.0963356
0.0979968
0.0997109
0.101448
0.103214
0.105011
0.10686
0.108729
0.110642
0.112566
0.114553
0.116526
0.118353
0.0276153
0.0276076
0.0283766
0.0295218
0.0303153
0.0302706
0.0298094
0.0298932
0.0306282
0.0311267
0.0308904
0.0305366
0.0308572
0.0315419
0.0318568
0.0318925
0.0321273
0.032636
0.0331695
0.0335361
0.033871
0.034324
0.0347879
0.0352417
0.0357338
0.0361828
0.0366357
0.0372027
0.0377623
0.0382161
0.0387215
0.0393721
0.0399959
0.0404856
0.0410125
0.0416978
0.0423971
0.0429782
0.04354
0.0442159
0.0449635
0.0456506
0.0462729
0.0469544
0.0477266
0.0484846
0.0491849
0.0499252
0.0507339
0.0515398
0.0523277
0.0531483
0.054005
0.0548646
0.0557324
0.0566253
0.0575316
0.0584541
0.0593926
0.060351
0.0613319
0.0623338
0.0633478
0.0643819
0.0654467
0.0665275
0.0676203
0.0687417
0.0698866
0.0710513
0.0722409
0.0734521
0.0746952
0.0759496
0.0772361
0.0785432
0.0798793
0.0812364
0.0826227
0.0840343
0.0854784
0.0869396
0.0884334
0.0899597
0.0914975
0.0930828
0.0946999
0.0963373
0.0979993
0.0997142
0.101451
0.103217
0.105013
0.106864
0.108733
0.110646
0.112571
0.114561
0.116536
0.118363
0.0276456
0.0275873
0.0282163
0.0292945
0.0302042
0.030378
0.0299677
0.0298774
0.0304861
0.0311225
0.0310931
0.030688
0.0308084
0.0314977
0.0319668
0.0320242
0.0321486
0.0326177
0.0332265
0.0336209
0.0338875
0.0343335
0.0348538
0.035287
0.0357407
0.0362201
0.0366854
0.0372223
0.037778
0.0382465
0.0387471
0.0393876
0.0400151
0.0405096
0.0410286
0.0417068
0.0424119
0.0429977
0.0435524
0.0442217
0.0449731
0.0456652
0.0462842
0.0469601
0.0477346
0.0484979
0.0491958
0.0499322
0.0507426
0.0515499
0.0523349
0.0531545
0.0540119
0.0548707
0.0557387
0.0566318
0.0575377
0.0584601
0.0593985
0.060356
0.0613371
0.0623397
0.0633528
0.0643867
0.0654519
0.0665326
0.0676247
0.0687462
0.0698914
0.0710556
0.0722451
0.0734561
0.074699
0.0759532
0.0772393
0.0785466
0.0798823
0.0812396
0.0826259
0.0840367
0.0854811
0.086942
0.0884361
0.0899625
0.0914993
0.0930859
0.0947031
0.096339
0.098002
0.0997177
0.101453
0.10322
0.105016
0.106868
0.108738
0.11065
0.112577
0.114569
0.116545
0.118373
0.0276602
0.0276002
0.028105
0.0290882
0.0300485
0.0304284
0.0301386
0.0299277
0.0303664
0.031051
0.0312401
0.0308866
0.0308171
0.0314182
0.0320191
0.032173
0.0322169
0.0325888
0.0332441
0.033717
0.0339352
0.0343265
0.0349011
0.0353534
0.035753
0.0362404
0.0367393
0.037252
0.0377902
0.0382747
0.0387753
0.0394044
0.0400345
0.0405338
0.0410459
0.0417165
0.0424261
0.0430177
0.0435667
0.0442278
0.0449822
0.0456806
0.0462967
0.046966
0.0477424
0.0485115
0.0492075
0.0499391
0.0507511
0.0515605
0.0523425
0.0531608
0.0540191
0.0548773
0.0557451
0.0566385
0.057544
0.0584661
0.0594045
0.0603612
0.0613426
0.062346
0.063358
0.0643916
0.0654573
0.0665379
0.0676294
0.0687509
0.0698964
0.07106
0.0722494
0.0734602
0.074703
0.075957
0.0772427
0.07855
0.0798855
0.0812428
0.0826291
0.0840391
0.0854838
0.0869445
0.0884389
0.0899653
0.0915012
0.0930892
0.0947064
0.0963407
0.0980048
0.0997214
0.101456
0.103223
0.105019
0.106872
0.108742
0.110654
0.112583
0.114577
0.116555
0.118384
0.0276464
0.027634
0.0280378
0.0289169
0.0298713
0.0304162
0.030294
0.0300313
0.0302942
0.0309415
0.031311
0.031095
0.0308975
0.0313403
0.0320074
0.0323048
0.0323346
0.0325776
0.0332188
0.0337998
0.0340209
0.0343222
0.0349171
0.0354292
0.0357851
0.0362446
0.036787
0.0372965
0.0378023
0.0382974
0.0388068
0.0394229
0.0400534
0.0405591
0.0410641
0.0417266
0.0424402
0.043038
0.0435825
0.0442346
0.0449906
0.0456966
0.0463109
0.0469724
0.0477498
0.0485254
0.0492202
0.0499463
0.0507592
0.0515715
0.0523507
0.0531672
0.0540266
0.0548843
0.0557519
0.0566454
0.0575506
0.0584723
0.0594107
0.0603667
0.0613482
0.0623524
0.0633635
0.0643967
0.0654628
0.0665433
0.0676342
0.0687556
0.0699015
0.0710646
0.0722539
0.0734643
0.074707
0.0759609
0.0772462
0.0785537
0.0798888
0.0812461
0.0826326
0.0840417
0.0854865
0.0869473
0.0884418
0.089968
0.0915032
0.0930927
0.0947097
0.0963425
0.0980078
0.0997253
0.101458
0.103227
0.105023
0.106876
0.108747
0.110658
0.112589
0.114585
0.116565
0.118395
0.0275938
0.0276751
0.0280067
0.0287846
0.029697
0.0303489
0.0304108
0.0301677
0.0302789
0.0308275
0.0313101
0.0312733
0.0310362
0.0313009
0.0319517
0.0323879
0.0324785
0.0326118
0.0331701
0.0338433
0.0341319
0.034344
0.0349038
0.0354949
0.035846
0.0362447
0.0368161
0.0373539
0.0378228
0.0383109
0.038839
0.0394461
0.040071
0.0405851
0.0410841
0.0417364
0.0424541
0.043059
0.0435995
0.0442422
0.0449988
0.0457129
0.0463267
0.0469795
0.0477566
0.0485396
0.0492338
0.0499537
0.050767
0.0515828
0.0523595
0.0531739
0.0540343
0.0548917
0.0557591
0.0566525
0.0575572
0.0584788
0.0594171
0.0603724
0.0613541
0.0623592
0.0633691
0.0644019
0.0654685
0.0665489
0.0676392
0.0687605
0.0699068
0.0710694
0.0722584
0.0734687
0.0747112
0.075965
0.0772499
0.0785574
0.0798922
0.0812494
0.0826362
0.0840444
0.0854893
0.0869504
0.0884449
0.0899707
0.0915054
0.0930964
0.0947131
0.0963444
0.098011
0.0997293
0.101461
0.10323
0.105026
0.10688
0.108752
0.110663
0.112596
0.114594
0.116575
0.118406
0.0274986
0.0277082
0.028004
0.0286874
0.0295438
0.0302455
0.0304747
0.0303121
0.0303174
0.0307369
0.0312579
0.0313951
0.0312042
0.0313192
0.0318831
0.0324131
0.0326162
0.0326987
0.0331282
0.0338358
0.0342423
0.0344083
0.0348796
0.035531
0.035929
0.0362587
0.0368204
0.0374126
0.0378615
0.0383172
0.0388651
0.0394764
0.0400889
0.0406094
0.0411069
0.0417463
0.0424667
0.0430814
0.0436179
0.0442501
0.0450068
0.0457296
0.046344
0.0469874
0.0477627
0.0485539
0.0492486
0.0499615
0.0507746
0.0515942
0.0523688
0.053181
0.0540422
0.0548995
0.0557667
0.0566599
0.0575639
0.0584854
0.0594239
0.0603782
0.0613601
0.0623663
0.063375
0.0644072
0.0654743
0.0665546
0.0676445
0.0687655
0.0699123
0.0710743
0.0722631
0.0734731
0.0747154
0.0759693
0.0772537
0.0785612
0.0798957
0.0812528
0.0826399
0.0840472
0.0854921
0.0869536
0.088448
0.0899733
0.0915077
0.0931004
0.0947164
0.0963463
0.0980143
0.0997335
0.101464
0.103234
0.10503
0.106884
0.108757
0.110668
0.112603
0.114603
0.116586
0.118417
0.0273674
0.0277186
0.0280226
0.0286202
0.0294181
0.0301295
0.0304848
0.0304384
0.0303967
0.0306863
0.0311807
0.0314545
0.0313677
0.0313915
0.0318335
0.0323941
0.0327177
0.0328192
0.0331234
0.0337922
0.0343218
0.0345104
0.0348697
0.0355295
0.0360146
0.0363031
0.0368087
0.0374557
0.0379223
0.0383267
0.0388772
0.0395119
0.0401127
0.0406298
0.0411311
0.0417588
0.0424773
0.0431041
0.0436389
0.0442579
0.045014
0.045747
0.0463629
0.0469962
0.0477682
0.048568
0.0492646
0.0499696
0.0507818
0.051606
0.0523787
0.0531884
0.0540505
0.0549076
0.0557746
0.0566676
0.0575708
0.058492
0.059431
0.0603843
0.0613661
0.0623737
0.0633811
0.0644126
0.0654802
0.0665606
0.0676499
0.0687706
0.069918
0.0710794
0.072268
0.0734777
0.0747197
0.0759737
0.0772577
0.0785652
0.0798994
0.0812562
0.0826438
0.0840501
0.0854949
0.0869572
0.0884513
0.0899759
0.0915102
0.0931045
0.0947197
0.0963483
0.0980179
0.0997379
0.101466
0.103237
0.105035
0.106888
0.108762
0.110673
0.11261
0.114612
0.116596
0.118428
0.0272148
0.0276957
0.0280526
0.0285809
0.0293169
0.0300196
0.0304555
0.030528
0.0304959
0.0306809
0.0311049
0.0314616
0.0314994
0.0314986
0.0318222
0.0323547
0.0327718
0.0329444
0.0331677
0.0337415
0.0343519
0.0346263
0.034897
0.0355029
0.0360792
0.0363801
0.0368006
0.0374696
0.0379948
0.0383543
0.038873
0.0395425
0.0401483
0.0406489
0.041152
0.041775
0.0424875
0.0431251
0.0436629
0.044267
0.0450192
0.0457649
0.0463843
0.0470059
0.0477728
0.0485817
0.0492819
0.0499783
0.0507884
0.051618
0.0523891
0.0531959
0.0540591
0.054916
0.0557826
0.0566756
0.0575778
0.0584987
0.0594385
0.0603907
0.0613722
0.0623813
0.0633876
0.064418
0.0654862
0.0665668
0.0676556
0.0687758
0.0699238
0.0710847
0.0722729
0.0734825
0.0747242
0.0759782
0.0772619
0.0785693
0.0799032
0.0812597
0.0826478
0.0840531
0.0854978
0.086961
0.0884546
0.0899784
0.0915129
0.0931089
0.094723
0.0963503
0.0980216
0.0997423
0.101469
0.103241
0.105039
0.106892
0.108767
0.110678
0.112617
0.114621
0.116606
0.118439
0.0270573
0.0276378
0.0280789
0.0285688
0.0292372
0.0299218
0.0304062
0.030577
0.0305917
0.0307141
0.0310508
0.0314344
0.0315867
0.0316164
0.0318517
0.0323193
0.0327868
0.0330482
0.0332482
0.0337138
0.0343393
0.034726
0.0349668
0.0354758
0.0361065
0.0364729
0.0368171
0.0374561
0.03806
0.0384112
0.0388638
0.0395554
0.040195
0.0406751
0.0411658
0.0417921
0.0425009
0.0431441
0.0436881
0.0442789
0.0450226
0.0457817
0.0464087
0.0470172
0.0477761
0.048595
0.0493005
0.0499877
0.0507944
0.0516303
0.0524005
0.0532036
0.0540679
0.0549251
0.0557908
0.0566838
0.0575851
0.0585054
0.0594461
0.0603976
0.0613785
0.062389
0.0633943
0.0644237
0.0654922
0.0665732
0.0676614
0.0687811
0.0699298
0.0710902
0.0722779
0.0734874
0.0747287
0.0759828
0.0772662
0.0785735
0.0799071
0.0812633
0.0826519
0.0840562
0.0855007
0.0869651
0.088458
0.0899809
0.0915159
0.0931134
0.0947262
0.0963526
0.0980256
0.0997469
0.101472
0.103245
0.105045
0.106897
0.108773
0.110684
0.112625
0.114631
0.116617
0.118451
0.0269089
0.0275532
0.0280867
0.0285777
0.0291815
0.0298348
0.0303502
0.0305956
0.0306677
0.0307697
0.0310286
0.0313942
0.0316311
0.0317216
0.031911
0.0323049
0.032779
0.033119
0.0333421
0.0337241
0.0343087
0.0347865
0.035061
0.0354734
0.0361001
0.0365582
0.036869
0.0374328
0.038098
0.0384921
0.0388682
0.039543
0.0402412
0.0407181
0.0411752
0.0418031
0.0425189
0.0431641
0.0437123
0.0442936
0.0450257
0.0457961
0.0464356
0.0470315
0.0477778
0.048607
0.0493207
0.0499981
0.0507997
0.0516426
0.052413
0.0532115
0.0540766
0.0549347
0.0557994
0.056692
0.0575927
0.0585125
0.059454
0.0604046
0.0613851
0.0623969
0.0634012
0.0644294
0.0654983
0.0665798
0.0676676
0.0687864
0.0699359
0.0710959
0.072283
0.0734923
0.0747334
0.0759876
0.0772706
0.0785778
0.0799112
0.081267
0.0826562
0.0840594
0.0855037
0.0869694
0.0884614
0.0899832
0.0915191
0.0931182
0.0947294
0.0963549
0.0980298
0.0997515
0.101475
0.103249
0.10505
0.106901
0.108778
0.11069
0.112633
0.11464
0.116627
0.118463
0.0267805
0.0274565
0.0280696
0.0285933
0.0291526
0.02976
0.0302909
0.0305952
0.0307201
0.0308295
0.0310363
0.0313604
0.0316441
0.0318013
0.0319834
0.0323159
0.0327653
0.0331591
0.0334292
0.0337657
0.0342863
0.0348082
0.0351532
0.0355073
0.0360796
0.0366154
0.0369481
0.0374227
0.0381017
0.038577
0.0389037
0.0395141
0.0402696
0.0407807
0.0411915
0.0418021
0.0425367
0.0431897
0.0437362
0.0443087
0.0450298
0.0458082
0.0464635
0.0470497
0.0477786
0.0486167
0.0493426
0.05001
0.0508041
0.0516547
0.0524267
0.0532199
0.0540851
0.0549446
0.0558083
0.0567003
0.0576004
0.0585198
0.0594621
0.0604118
0.0613918
0.0624052
0.0634084
0.0644353
0.0655046
0.0665865
0.0676739
0.0687919
0.0699421
0.0711019
0.0722883
0.0734974
0.0747382
0.0759926
0.0772753
0.0785821
0.0799154
0.0812708
0.0826606
0.0840628
0.0855067
0.086974
0.0884648
0.0899856
0.0915227
0.093123
0.0947324
0.0963575
0.0980342
0.099756
0.101478
0.103253
0.105056
0.106906
0.108783
0.110697
0.112641
0.11465
0.116638
0.118474
0.0266777
0.027362
0.0280324
0.0286018
0.0291458
0.0297047
0.0302297
0.0305822
0.0307538
0.0308813
0.0310619
0.0313434
0.0316407
0.0318539
0.0320537
0.0323475
0.0327584
0.0331772
0.0334985
0.0338228
0.0342858
0.0348091
0.0352226
0.035569
0.0360679
0.0366384
0.0370334
0.0374428
0.0380837
0.0386436
0.0389732
0.0394892
0.0402654
0.0408504
0.0412285
0.0417913
0.0425452
0.0432222
0.0437646
0.0443224
0.0450333
0.0458195
0.0464915
0.0470714
0.0477798
0.0486231
0.0493655
0.0500242
0.0508075
0.0516662
0.0524417
0.053229
0.0540934
0.0549547
0.0558176
0.0567088
0.0576081
0.0585273
0.0594707
0.0604191
0.0613985
0.0624137
0.0634159
0.0644411
0.0655109
0.0665935
0.0676804
0.0687974
0.0699484
0.071108
0.0722936
0.0735026
0.0747431
0.0759976
0.0772801
0.0785866
0.0799197
0.0812748
0.082665
0.0840662
0.0855098
0.0869788
0.0884682
0.0899879
0.0915266
0.0931279
0.0947353
0.0963603
0.0980388
0.0997606
0.101481
0.103257
0.105061
0.10691
0.108789
0.110704
0.11265
0.11466
0.116648
0.118486
0.0265989
0.0272796
0.0279852
0.0285976
0.0291492
0.0296739
0.0301735
0.0305583
0.0307739
0.0309222
0.031093
0.0313421
0.031634
0.031884
0.0321124
0.0323907
0.0327653
0.0331841
0.0335477
0.0338825
0.0343049
0.0348069
0.035264
0.035639
0.0360811
0.0366393
0.0371036
0.037493
0.0380647
0.0386777
0.0390598
0.0394905
0.0402327
0.0409069
0.0412938
0.0417838
0.0425352
0.0432553
0.0438034
0.0443375
0.045033
0.0458295
0.0465207
0.0470959
0.047782
0.0486266
0.0493882
0.0500415
0.0508103
0.0516764
0.0524582
0.0532389
0.0541014
0.0549649
0.0558271
0.0567177
0.057616
0.0585348
0.0594797
0.0604268
0.061405
0.0624223
0.063424
0.0644469
0.0655171
0.0666008
0.0676871
0.068803
0.0699548
0.0711144
0.0722991
0.0735079
0.0747481
0.0760027
0.0772851
0.078591
0.0799241
0.081279
0.0826695
0.0840699
0.085513
0.0869838
0.0884716
0.0899902
0.0915309
0.0931328
0.0947381
0.0963633
0.0980437
0.099765
0.101484
0.103261
0.105068
0.106916
0.108794
0.110711
0.112659
0.114669
0.116659
0.118498
0.0265381
0.0272141
0.0279371
0.028583
0.0291516
0.0296635
0.0301314
0.0305272
0.0307821
0.0309538
0.0311239
0.0313499
0.0316301
0.0318991
0.0321549
0.0324355
0.0327856
0.033191
0.0335797
0.0339373
0.034337
0.034812
0.0352865
0.0356984
0.0361182
0.0366375
0.0371477
0.0375591
0.0380635
0.038683
0.0391408
0.0395279
0.0401915
0.0409306
0.0413767
0.0417977
0.0425079
0.0432766
0.0438541
0.0443609
0.0450273
0.0458345
0.0465526
0.047124
0.0477845
0.0486278
0.0494103
0.0500616
0.0508135
0.0516848
0.0524759
0.0532501
0.0541091
0.0549751
0.0558366
0.0567268
0.0576244
0.0585425
0.0594888
0.060435
0.0614114
0.0624307
0.0634327
0.064453
0.0655232
0.0666083
0.0676941
0.0688086
0.0699613
0.071121
0.0723046
0.0735132
0.0747533
0.0760079
0.0772903
0.0785955
0.0799284
0.0812833
0.0826739
0.0840736
0.0855164
0.086989
0.0884749
0.0899926
0.0915356
0.0931377
0.0947408
0.0963666
0.0980487
0.0997693
0.101488
0.103265
0.105074
0.106921
0.108799
0.110719
0.112668
0.114679
0.11667
0.11851
0.02649
0.027165
0.0278948
0.0285632
0.029148
0.0296623
0.0301076
0.0304961
0.03078
0.0309767
0.0311535
0.0313633
0.0316301
0.0319068
0.032182
0.0324733
0.0328117
0.0332032
0.0336007
0.0339817
0.0343762
0.0348274
0.0353032
0.0357409
0.036165
0.0366478
0.0371689
0.0376227
0.0380875
0.0386762
0.0391994
0.0395912
0.0401644
0.0409175
0.0414554
0.0418459
0.0424785
0.0432744
0.0439085
0.044401
0.045021
0.0458285
0.0465848
0.0471592
0.047787
0.0486252
0.0494321
0.0500843
0.0508173
0.0516914
0.0524941
0.0532629
0.0541166
0.0549852
0.0558461
0.0567359
0.0576332
0.0585503
0.0594981
0.0604436
0.061418
0.0624387
0.0634417
0.0644596
0.065529
0.0666158
0.0677014
0.0688141
0.0699675
0.0711279
0.0723103
0.0735186
0.0747586
0.0760132
0.0772956
0.0786001
0.0799329
0.0812879
0.0826784
0.0840775
0.0855199
0.086994
0.0884782
0.0899951
0.0915407
0.0931423
0.0947434
0.0963703
0.0980539
0.0997734
0.101492
0.10327
0.10508
0.106926
0.108805
0.110727
0.112677
0.114689
0.11668
0.118522
0.0264524
0.0271283
0.0278624
0.028544
0.0291397
0.0296607
0.0300975
0.0304714
0.0307698
0.0309898
0.0311789
0.0313811
0.0316336
0.0319129
0.0321991
0.0325017
0.0328371
0.0332192
0.0336177
0.034014
0.0344154
0.03485
0.0353211
0.0357731
0.036209
0.036674
0.0371811
0.0376702
0.0381295
0.0386726
0.0392319
0.0396621
0.0401664
0.0408849
0.041507
0.0419204
0.0424669
0.0432474
0.0439517
0.0444603
0.0450241
0.0458091
0.0466105
0.0472048
0.047793
0.0486162
0.0494536
0.0501109
0.0508214
0.0516962
0.0525126
0.0532771
0.0541242
0.0549949
0.0558557
0.056745
0.0576424
0.0585585
0.0595074
0.0604526
0.0614247
0.0624465
0.063451
0.0644666
0.0655349
0.0666232
0.067709
0.06882
0.0699737
0.071135
0.0723161
0.0735239
0.074764
0.0760187
0.0773011
0.0786046
0.0799374
0.0812927
0.0826827
0.0840816
0.0855238
0.086999
0.0884814
0.0899978
0.0915461
0.0931468
0.0947459
0.0963744
0.0980592
0.0997773
0.101496
0.103275
0.105086
0.106932
0.10881
0.110736
0.112687
0.114698
0.116691
0.118535
0.0264267
0.0270999
0.0278393
0.0285303
0.0291321
0.0296564
0.0300934
0.0304557
0.0307558
0.0309926
0.0311954
0.0313988
0.0316398
0.0319181
0.0322113
0.0325221
0.03286
0.0332362
0.0336348
0.0340386
0.0344498
0.0348767
0.0353396
0.0358009
0.0362454
0.036708
0.0371976
0.0377
0.0381767
0.0386825
0.0392452
0.0397244
0.0401946
0.0408531
0.0415244
0.0420009
0.0424898
0.0432115
0.0439681
0.0445286
0.0450481
0.0457816
0.0466196
0.0472588
0.0478095
0.0485989
0.0494709
0.050144
0.0508262
0.0516982
0.0525318
0.0532927
0.054132
0.0550046
0.0558651
0.0567541
0.0576518
0.058567
0.0595168
0.0604618
0.0614315
0.0624539
0.0634605
0.0644737
0.0655409
0.0666308
0.0677166
0.0688259
0.0699797
0.0711421
0.0723222
0.0735293
0.0747693
0.0760242
0.0773066
0.078609
0.079942
0.0812978
0.0826869
0.0840858
0.0855279
0.0870037
0.0884847
0.0900007
0.0915519
0.0931509
0.0947484
0.096379
0.0980645
0.099781
0.1015
0.10328
0.105092
0.106938
0.108816
0.110744
0.112697
0.114707
0.116702
0.118547
0.0264156
0.0270797
0.0278226
0.0285225
0.0291288
0.0296522
0.0300906
0.0304472
0.0307432
0.0309881
0.0312023
0.031412
0.0316466
0.0319204
0.0322189
0.0325351
0.0328777
0.033252
0.0336511
0.03406
0.034479
0.0349061
0.0353593
0.0358263
0.0362774
0.0367404
0.0372222
0.0377198
0.0382169
0.0387072
0.0392508
0.0397696
0.0402377
0.0408371
0.0415186
0.0420649
0.0425419
0.0431885
0.0439557
0.0445892
0.0450985
0.0457593
0.0466053
0.0473116
0.0478446
0.0485771
0.0494772
0.0501845
0.050835
0.0516945
0.0525509
0.0533104
0.0541393
0.0550144
0.0558746
0.056763
0.0576617
0.0585757
0.0595262
0.0604716
0.0614384
0.0624612
0.0634706
0.064481
0.0655466
0.0666387
0.0677244
0.068832
0.0699857
0.0711492
0.0723284
0.0735348
0.0747749
0.0760298
0.0773123
0.0786134
0.0799466
0.0813031
0.082691
0.0840902
0.0855322
0.0870081
0.088488
0.090004
0.0915577
0.0931548
0.0947507
0.0963841
0.0980697
0.0997845
0.101505
0.103286
0.105098
0.106944
0.108821
0.110753
0.112707
0.114716
0.116712
0.118559
0.0264199
0.0270707
0.0278115
0.0285185
0.0291303
0.02965
0.030087
0.0304409
0.0307328
0.0309801
0.0312015
0.031418
0.0316516
0.0319205
0.0322222
0.0325431
0.0328891
0.0332652
0.0336649
0.0340789
0.0345033
0.0349349
0.0353817
0.035849
0.0363083
0.0367696
0.0372502
0.0377388
0.038244
0.0387391
0.039259
0.0397969
0.0402845
0.0408405
0.0415057
0.0421035
0.0426047
0.0431942
0.0439288
0.0446235
0.0451651
0.045758
0.0465721
0.0473501
0.0479007
0.0485612
0.0494663
0.0502282
0.050854
0.0516848
0.0525674
0.0533321
0.0541461
0.0550236
0.0558846
0.0567713
0.0576716
0.0585845
0.0595354
0.0604817
0.061445
0.0624676
0.0634811
0.0644884
0.0655515
0.0666467
0.0677325
0.0688378
0.0699915
0.0711565
0.0723345
0.0735403
0.0747806
0.0760353
0.077318
0.0786179
0.0799513
0.0813086
0.0826951
0.0840948
0.0855368
0.087012
0.0884915
0.0900079
0.0915636
0.0931583
0.0947531
0.0963897
0.0980748
0.0997876
0.10151
0.103292
0.105103
0.10695
0.108827
0.110761
0.112717
0.114725
0.116722
0.118571
0.0264377
0.027076
0.0278095
0.0285179
0.0291359
0.0296519
0.0300829
0.0304331
0.030721
0.0309679
0.0311922
0.0314139
0.0316508
0.0319177
0.0322204
0.0325475
0.0328968
0.0332759
0.0336777
0.0340955
0.0345246
0.0349607
0.0354059
0.0358695
0.0363359
0.0367972
0.0372762
0.0377607
0.0382614
0.0387675
0.0392754
0.0398119
0.0403258
0.0408596
0.041497
0.042124
0.0426604
0.0432256
0.0439083
0.0446269
0.045229
0.0457863
0.0465339
0.0473606
0.047968
0.0485634
0.0494382
0.0502654
0.0508882
0.0516729
0.0525761
0.0533585
0.0541545
0.0550308
0.0558958
0.0567797
0.0576813
0.0585938
0.0595447
0.0604926
0.0614519
0.0624735
0.0634925
0.0644969
0.0655558
0.0666545
0.0677414
0.0688439
0.069997
0.071164
0.0723407
0.0735455
0.0747865
0.0760409
0.0773233
0.0786223
0.0799561
0.081314
0.082699
0.0840996
0.0855415
0.0870153
0.0884951
0.0900122
0.0915693
0.0931615
0.0947556
0.0963958
0.0980799
0.0997905
0.101515
0.103298
0.105109
0.106956
0.108834
0.11077
0.112728
0.114734
0.116733
0.118584
0.0264667
0.0270968
0.0278203
0.0285232
0.0291441
0.0296586
0.03008
0.030423
0.0307047
0.0309492
0.0311738
0.0313984
0.0316397
0.031908
0.0322122
0.0325463
0.0329014
0.033284
0.0336903
0.0341113
0.0345447
0.0349847
0.0354307
0.0358911
0.0363595
0.0368232
0.0372983
0.0377817
0.0382758
0.0387861
0.0392968
0.0398237
0.0403567
0.0408896
0.0414964
0.0421345
0.0427018
0.0432669
0.0439096
0.0446139
0.0452715
0.0458383
0.0465104
0.0473428
0.0480306
0.0485934
0.0494032
0.0502842
0.050936
0.051666
0.0525723
0.0533858
0.0541672
0.0550349
0.0559066
0.0567889
0.0576898
0.0586025
0.0595536
0.0605038
0.0614587
0.062478
0.0635038
0.064506
0.0655594
0.0666614
0.0677507
0.0688503
0.0700019
0.0711714
0.0723473
0.0735505
0.0747924
0.0760467
0.0773286
0.0786267
0.0799612
0.0813194
0.0827027
0.0841046
0.0855463
0.0870179
0.088499
0.0900172
0.0915746
0.0931641
0.0947581
0.0964022
0.0980847
0.0997929
0.10152
0.103304
0.105114
0.106962
0.10884
0.110778
0.112737
0.114743
0.116742
0.118595
0.0265057
0.0271327
0.0278456
0.0285376
0.0291536
0.029666
0.0300769
0.0304087
0.0306814
0.0309206
0.0311446
0.0313698
0.0316153
0.0318884
0.0321971
0.0325388
0.0329023
0.0332901
0.033702
0.0341273
0.0345637
0.0350072
0.0354536
0.0359132
0.0363806
0.0368455
0.0373176
0.0377982
0.03829
0.0387979
0.0393161
0.0398391
0.0403786
0.0409239
0.0415061
0.0421397
0.0427328
0.0433047
0.043928
0.0446023
0.0452852
0.0458958
0.0465159
0.0473096
0.0480717
0.0486469
0.0493776
0.0502796
0.0509892
0.0516759
0.0525593
0.053409
0.054188
0.0550386
0.0559155
0.0568004
0.0576989
0.0586105
0.0595629
0.0605162
0.0614659
0.0624818
0.0635152
0.0645164
0.0655628
0.0666675
0.0677601
0.0688574
0.0700066
0.0711783
0.0723544
0.0735556
0.0747981
0.0760524
0.0773338
0.078631
0.0799664
0.081325
0.0827065
0.0841098
0.0855512
0.0870202
0.0885032
0.090023
0.0915795
0.0931666
0.0947611
0.0964091
0.0980895
0.0997953
0.101526
0.10331
0.105119
0.106968
0.108847
0.110787
0.112747
0.114751
0.116752
0.118607
0.0265602
0.0271847
0.0278872
0.028564
0.0291663
0.0296705
0.0300692
0.0303853
0.0306453
0.0308751
0.0310979
0.031325
0.031576
0.0318576
0.0321746
0.0325259
0.0328999
0.0332965
0.033714
0.0341445
0.0345825
0.035028
0.0354743
0.0359319
0.0363981
0.0368615
0.0373324
0.0378093
0.0383012
0.0388079
0.0393298
0.0398578
0.0403976
0.0409553
0.0415259
0.0421424
0.0427559
0.0433363
0.0439508
0.0446042
0.0452813
0.0459378
0.0465476
0.0472775
0.0480811
0.0487076
0.0493725
0.0502554
0.0510303
0.0517027
0.0525432
0.0534187
0.0542129
0.055045
0.0559192
0.0568117
0.0577091
0.0586161
0.059571
0.0605296
0.0614735
0.0624843
0.063526
0.0645277
0.0655663
0.0666723
0.0677689
0.0688649
0.0700113
0.0711844
0.0723614
0.0735607
0.0748032
0.0760576
0.0773388
0.0786354
0.0799712
0.0813301
0.0827103
0.0841149
0.0855554
0.0870218
0.0885075
0.090029
0.0915836
0.0931685
0.0947643
0.0964158
0.0980937
0.0997972
0.101532
0.103317
0.105123
0.106973
0.108853
0.110795
0.112757
0.114759
0.116762
0.118618
0.0266408
0.0272564
0.0279453
0.0286029
0.0291827
0.0296679
0.0300497
0.0303449
0.0305878
0.0308059
0.0310272
0.0312612
0.0315217
0.0318164
0.032147
0.0325119
0.0328986
0.0333055
0.0337287
0.0341633
0.0346024
0.0350471
0.0354933
0.0359467
0.036411
0.0368715
0.037341
0.0378179
0.0383098
0.0388193
0.0393414
0.0398769
0.0404193
0.0409814
0.0415522
0.0421485
0.0427711
0.0433657
0.043972
0.0446186
0.0452791
0.0459582
0.0465939
0.0472681
0.048068
0.0487625
0.0493949
0.0502292
0.0510536
0.051743
0.052539
0.0534173
0.0542372
0.0550601
0.0559211
0.0568207
0.0577228
0.0586215
0.0595765
0.0605443
0.0614824
0.0624853
0.0635354
0.0645399
0.0655705
0.0666761
0.0677771
0.0688732
0.0700168
0.0711903
0.0723685
0.0735666
0.0748086
0.0760624
0.077344
0.0786409
0.0799765
0.0813349
0.0827148
0.0841207
0.0855593
0.0870234
0.0885128
0.0900358
0.0915872
0.0931703
0.0947682
0.0964229
0.0980979
0.0997992
0.101538
0.103323
0.105127
0.106979
0.10886
0.110803
0.112766
0.114767
0.116771
0.118629
0.0267669
0.0273582
0.0280192
0.0286411
0.0291786
0.0296217
0.0299719
0.0302431
0.0304728
0.03069
0.0309211
0.0311732
0.0314527
0.0317683
0.0321186
0.0325005
0.0329013
0.0333166
0.0337434
0.0341792
0.0346168
0.0350565
0.0355009
0.0359503
0.0364121
0.0368733
0.0373414
0.0378226
0.0383163
0.0388287
0.0393521
0.0398911
0.0404405
0.0410007
0.0415749
0.0421597
0.042777
0.0433887
0.0439889
0.0446326
0.0452849
0.0459601
0.046631
0.0472804
0.0480422
0.0487927
0.0494316
0.0502091
0.0510558
0.0517795
0.0525476
0.0534093
0.0542508
0.0550806
0.0559246
0.0568238
0.0577376
0.0586289
0.0595787
0.0605589
0.0614947
0.0624859
0.0635431
0.0645532
0.0655759
0.0666785
0.0677839
0.0688811
0.0700222
0.0711957
0.0723748
0.0735718
0.0748133
0.0760662
0.0773479
0.0786465
0.0799814
0.0813383
0.0827186
0.0841264
0.0855624
0.0870239
0.0885179
0.0900426
0.0915896
0.0931714
0.0947723
0.0964294
0.0981014
0.0998008
0.101543
0.103329
0.105131
0.106984
0.108867
0.110811
0.112774
0.114775
0.11678
0.11864
0.0270682
0.0276029
0.0281765
0.028698
0.029138
0.0294946
0.0297872
0.0300349
0.0302691
0.030512
0.0307809
0.0310776
0.0313993
0.031751
0.0321277
0.0325249
0.0329327
0.0333451
0.0337645
0.0341937
0.0346257
0.0350593
0.0355001
0.035948
0.0364088
0.0368749
0.0373445
0.0378303
0.0383296
0.0388412
0.0393664
0.0399053
0.0404609
0.0410201
0.041594
0.0421803
0.0427847
0.0434066
0.0440096
0.0446447
0.0453007
0.0459614
0.0466532
0.0473112
0.0480264
0.0488033
0.0494753
0.0502075
0.0510499
0.0518078
0.0525678
0.0534059
0.0542543
0.0551015
0.0559348
0.0568223
0.0577498
0.0586397
0.0595773
0.0605697
0.0615094
0.0624858
0.0635462
0.0645665
0.0655828
0.0666795
0.0677895
0.0688896
0.0700278
0.0712017
0.0723824
0.0735769
0.0748178
0.0760704
0.0773518
0.0786528
0.0799876
0.0813419
0.0827226
0.0841322
0.0855658
0.0870251
0.0885234
0.0900497
0.0915921
0.0931725
0.094777
0.096436
0.0981047
0.0998026
0.101549
0.103336
0.105135
0.106989
0.108874
0.110818
0.112782
0.114782
0.116788
0.11865
0.0276388
0.0280851
0.0284395
0.0287128
0.0289373
0.0291454
0.0293674
0.0296147
0.0298971
0.0302174
0.0305751
0.0309593
0.0313538
0.0317526
0.0321546
0.0325605
0.0329661
0.0333678
0.0337724
0.0341894
0.0346149
0.035046
0.0354849
0.0359345
0.0363988
0.0368721
0.0373473
0.0378347
0.0383403
0.038852
0.039377
0.0399154
0.040472
0.0410352
0.0416053
0.0421973
0.0427939
0.0434136
0.0440288
0.0446533
0.0453151
0.0459687
0.0466584
0.0473412
0.0480234
0.0487966
0.0495096
0.050217
0.05104
0.0518232
0.0525891
0.053411
0.0542522
0.0551161
0.0559534
0.0568213
0.0577566
0.0586567
0.0595774
0.060576
0.0615292
0.0624896
0.0635454
0.0645806
0.0655936
0.0666789
0.0677933
0.0688986
0.0700322
0.0712061
0.0723906
0.073582
0.0748199
0.0760737
0.0773557
0.0786579
0.079993
0.0813455
0.0827261
0.0841364
0.0855682
0.0870268
0.0885284
0.0900554
0.0915938
0.0931733
0.0947814
0.0964418
0.0981075
0.0998043
0.101554
0.103341
0.105138
0.106993
0.10888
0.110825
0.112789
0.114789
0.116796
0.118659
0.0281931
0.0282677
0.0282683
0.0282943
0.0283949
0.0285827
0.0288581
0.0292016
0.0295911
0.0300095
0.0304455
0.0308902
0.031328
0.0317505
0.0321624
0.0325724
0.032979
0.0333788
0.0337754
0.0341818
0.0346013
0.0350312
0.0354688
0.0359187
0.0363874
0.0368663
0.0373491
0.0378377
0.0383462
0.0388626
0.0393869
0.0399256
0.0404789
0.0410474
0.0416174
0.0422093
0.0428082
0.0434187
0.0440451
0.0446647
0.0453224
0.0459822
0.0466573
0.0473615
0.0480369
0.0487858
0.0495339
0.0502368
0.0510341
0.0518331
0.0526056
0.0534221
0.0542518
0.0551182
0.0559736
0.056825
0.0577525
0.0586735
0.0595799
0.0605717
0.061548
0.0624977
0.0635375
0.0645908
0.0656083
0.0666766
0.0677937
0.0689087
0.0700368
0.0712086
0.0723996
0.0735892
0.074821
0.0760754
0.0773605
0.0786636
0.0799975
0.0813493
0.0827307
0.08414
0.0855698
0.0870296
0.0885343
0.0900605
0.0915953
0.0931748
0.0947863
0.0964472
0.0981101
0.0998063
0.101559
0.103347
0.105142
0.106997
0.108886
0.110831
0.112795
0.114795
0.116803
0.118667
0.028317
0.0283937
0.028361
0.0283343
0.0283802
0.0285243
0.0287712
0.0291036
0.0294935
0.0299181
0.0303635
0.0308214
0.0312759
0.0317163
0.0321411
0.0325593
0.0329727
0.0333805
0.0337806
0.0341823
0.0345983
0.035026
0.0354637
0.0359116
0.0363804
0.036862
0.0373507
0.0378432
0.0383488
0.0388704
0.0393956
0.0399339
0.0404845
0.0410551
0.0416315
0.0422172
0.0428205
0.0434267
0.0440559
0.0446807
0.0453265
0.0459964
0.046661
0.0473673
0.0480576
0.048777
0.0495418
0.0502597
0.0510287
0.0518383
0.0526172
0.0534317
0.0542612
0.0551141
0.0559892
0.0568408
0.0577442
0.0586874
0.059594
0.0605636
0.0615636
0.0625164
0.0635289
0.0645955
0.0656278
0.0666763
0.0677904
0.0689192
0.0700425
0.0712088
0.072407
0.0735975
0.0748223
0.0760753
0.0773645
0.0786701
0.0800015
0.0813517
0.0827357
0.0841436
0.0855699
0.0870316
0.08854
0.0900649
0.0915958
0.0931756
0.0947907
0.0964519
0.098112
0.0998081
0.101563
0.103351
0.105145
0.107001
0.108891
0.110837
0.112801
0.1148
0.11681
0.118674
0.0283534
0.0283389
0.0282488
0.0281912
0.0282186
0.0283501
0.0285891
0.0289253
0.0293294
0.0297754
0.0302407
0.0307152
0.031187
0.0316465
0.0320887
0.0325194
0.0329451
0.0333641
0.0337748
0.0341789
0.0345932
0.0350177
0.0354564
0.0359067
0.0363718
0.0368534
0.0373453
0.0378447
0.0383482
0.0388709
0.0394006
0.0399379
0.040489
0.0410579
0.0416409
0.0422229
0.0428255
0.0434359
0.0440614
0.0446942
0.0453309
0.0460027
0.0466704
0.0473661
0.0480752
0.0487815
0.0495396
0.0502824
0.0510308
0.0518397
0.0526297
0.0534351
0.0542732
0.0551119
0.0559912
0.0568604
0.0577376
0.0586883
0.0596116
0.0605557
0.0615655
0.0625363
0.0635234
0.0645905
0.0656447
0.0666801
0.0677843
0.0689266
0.0700494
0.0712084
0.0724118
0.0736054
0.0748244
0.0760746
0.0773668
0.0786755
0.0800053
0.0813529
0.0827392
0.0841476
0.0855703
0.087033
0.0885447
0.0900691
0.0915968
0.0931761
0.0947943
0.0964561
0.0981135
0.0998093
0.101567
0.103355
0.105147
0.107004
0.108894
0.110842
0.112805
0.114804
0.116814
0.118679
0.0282287
0.0282007
0.0281042
0.0280516
0.0280904
0.0282343
0.0284823
0.0288254
0.0292385
0.0296955
0.0301713
0.0306533
0.0311325
0.0315994
0.0320502
0.0324871
0.0329186
0.0333434
0.0337611
0.0341707
0.0345853
0.0350092
0.0354496
0.0359039
0.0363664
0.0368457
0.0373385
0.0378411
0.0383455
0.0388661
0.0393992
0.039937
0.0404902
0.0410592
0.041644
0.0422275
0.0428272
0.0434419
0.0440657
0.0447005
0.045337
0.0460047
0.0466783
0.0473677
0.0480803
0.0487894
0.0495362
0.050291
0.0510374
0.0518381
0.0526382
0.0534385
0.0542805
0.0551194
0.055991
0.0568747
0.0577447
0.058687
0.0596261
0.0605614
0.0615652
0.0625515
0.0635308
0.0645879
0.0656545
0.066689
0.0677828
0.0689302
0.0700564
0.0712104
0.0724152
0.0736121
0.0748288
0.0760764
0.0773695
0.0786801
0.0800101
0.0813559
0.0827426
0.084152
0.0855727
0.0870348
0.0885482
0.0900729
0.0915991
0.0931775
0.094797
0.09646
0.0981163
0.0998113
0.10157
0.103359
0.105151
0.107007
0.108899
0.110846
0.11281
0.114809
0.116819
0.118686
)
;

boundaryField
{
    zeroGradientPlanes
    {
        type            zeroGradient;
    }
    inlet
    {
        type            zeroGradient;
    }
    plate
    {
        type            zeroGradient;
    }
    frontAndBack
    {
        type            empty;
    }
}


// ************************************************************************* //
