/*--------------------------------*- C++ -*----------------------------------*\
| =========                 |                                                 |
| \\      /  F ield         | OpenFOAM: The Open Source CFD Toolbox           |
|  \\    /   O peration     | Version:  v1912                                 |
|   \\  /    A nd           | Website:  www.openfoam.com                      |
|    \\/     M anipulation  |                                                 |
\*---------------------------------------------------------------------------*/
FoamFile
{
    version     2.0;
    format      ascii;
    class       volScalarField;
    location    "3.9";
    object      p;
}
// * * * * * * * * * * * * * * * * * * * * * * * * * * * * * * * * * * * * * //

dimensions      [0 2 -2 0 0 0 0];


internalField   nonuniform List<scalar> 
9600
(
-3.63266e-10
-4.43256e-05
-0.000797296
0.00973795
0.00993717
0.00801353
0.0120134
0.017972
0.0136948
0.0171108
0.017491
0.0193455
0.018958
0.0201792
0.0198401
0.021269
0.0226429
0.0249999
0.0239509
0.026354
7.53322e-07
-6.11645e-05
-0.000787255
0.00993843
0.00989323
0.0080047
0.0120286
0.0179753
0.0136967
0.0170719
0.0174779
0.0193409
0.0189846
0.0201719
0.0198386
0.0212837
0.0226374
0.0249803
0.0240398
0.0262583
4.54443e-07
-6.42709e-05
-0.000768106
0.00997548
0.00982405
0.00803133
0.0120619
0.0179765
0.0136899
0.0170108
0.0174728
0.0193373
0.0190074
0.0201687
0.019851
0.021304
0.0226437
0.0249419
0.0240903
0.0261251
2.15082e-06
-4.44961e-05
-0.000722791
0.00998558
0.00975528
0.00810421
0.0121192
0.0179746
0.0136904
0.0169315
0.0174692
0.0193308
0.0190316
0.0201723
0.0198657
0.0213197
0.0226495
0.0248678
0.0241197
0.025982
6.98443e-06
1.10296e-06
-0.000644646
0.00996588
0.0096964
0.00822256
0.0122021
0.017969
0.0137071
0.0168401
0.0174644
0.0193239
0.0190603
0.0201729
0.0198753
0.0213265
0.0226404
0.0247676
0.0241376
0.0258205
1.59263e-05
7.13697e-05
-0.000531328
0.00992169
0.00965535
0.00837858
0.0123052
0.0179591
0.0137468
0.0167483
0.0174583
0.0193179
0.019093
0.0201669
0.0198805
0.0213255
0.0225889
0.0246595
0.0241403
0.025636
2.93891e-05
0.000162126
-0.000390835
0.00986038
0.00963705
0.00855945
0.0124198
0.0179434
0.0138102
0.0166621
0.0174529
0.0193121
0.0191299
0.0201568
0.0198841
0.0213203
0.0225596
0.0245473
0.0241215
0.0254331
4.71998e-05
0.000268712
-0.000233599
0.00978785
0.00963793
0.0087513
0.0125362
0.0179204
0.0138947
0.016586
0.0174504
0.0193054
0.0191714
0.0201448
0.0198883
0.0213138
0.0225281
0.0244314
0.0240828
0.0252205
6.88964e-05
0.000389133
-6.77457e-05
0.00970694
0.0096483
0.00894247
0.0126455
0.0178892
0.0139973
0.016521
0.0174518
0.0192968
0.0192171
0.0201315
0.0198964
0.0213083
0.0224954
0.0243147
0.024032
0.0250039
9.40393e-05
0.000524276
0.000103915
0.00961957
0.00965996
0.00912517
0.0127406
0.0178494
0.0141149
0.0164664
0.0174576
0.0192853
0.0192655
0.0201202
0.0199109
0.0213045
0.022463
0.0242038
0.0239761
0.0247837
0.000122284
0.000676105
0.000281404
0.00952877
0.00967068
0.0092955
0.0128165
0.0178015
0.014244
0.0164207
0.0174684
0.0192704
0.019315
0.0201108
0.0199322
0.0213026
0.0224346
0.0241046
0.0239177
0.0245619
0.000153782
0.000845574
0.000464853
0.00943899
0.00968345
0.00945276
0.012871
0.0177465
0.0143808
0.0163823
0.0174847
0.0192528
0.0193646
0.0201037
0.0199596
0.0213032
0.0224125
0.0240187
0.0238601
0.0243457
0.000189087
0.00103155
0.000653513
0.00935459
0.00970352
0.00959863
0.012905
0.0176855
0.0145218
0.0163497
0.0175063
0.0192336
0.0194137
0.0200992
0.0199911
0.0213073
0.0223969
0.0239445
0.0238082
0.024141
0.000228887
0.001231
0.000846248
0.009278
0.00973435
0.00973567
0.0129217
0.0176198
0.0146643
0.0163217
0.0175322
0.0192139
0.0194621
0.0200979
0.0200242
0.0213149
0.0223873
0.0238781
0.0237632
0.023948
0.00027374
0.00144028
0.00104226
0.00920952
0.00977576
0.00986613
0.0129266
0.0175504
0.0148069
0.0162969
0.0175611
0.0191951
0.0195097
0.0201002
0.0200569
0.0213256
0.0223826
0.0238143
0.0237226
0.023766
0.000324023
0.00165626
0.00124134
0.00914812
0.0098253
0.00999136
0.0129254
0.0174782
0.0149489
0.0162744
0.0175915
0.019178
0.0195563
0.0201065
0.0200882
0.0213381
0.0223815
0.0237488
0.0236832
0.023596
0.000379995
0.00187676
0.00144386
0.00909235
0.00988014
0.010112
0.0129231
0.017404
0.0150902
0.0162541
0.0176223
0.0191636
0.0196015
0.0201236
0.0201169
0.0213513
0.0223837
0.0236792
0.0236432
0.0234399
0.000441909
0.00210028
0.00165046
0.00904122
0.00993825
0.0102282
0.0129227
0.0173283
0.0152308
0.0162359
0.0176528
0.0191528
0.0196445
0.0201388
0.0201434
0.0213637
0.022389
0.0236055
0.0236012
0.0232988
0.000510048
0.00232581
0.00186169
0.00899442
0.00999858
0.0103399
0.0129261
0.0172521
0.0153704
0.0162203
0.0176825
0.0191464
0.0196848
0.0201565
0.0201682
0.0213741
0.0223972
0.0235287
0.0235556
0.0231736
0.000584725
0.00255259
0.00207802
0.00895214
0.0100608
0.010447
0.0129343
0.0171761
0.0155088
0.0162076
0.0177108
0.019145
0.0197222
0.0201763
0.0201923
0.0213818
0.0224079
0.0234501
0.0235046
0.0230655
0.000666289
0.00278002
0.00229987
0.00891476
0.0101249
0.0105494
0.0129476
0.017101
0.0156454
0.0161984
0.0177373
0.0191492
0.0197566
0.0201977
0.0202163
0.0213867
0.0224207
0.023371
0.0234466
0.0229751
0.000755124
0.00300759
0.00252762
0.00888267
0.010191
0.0106471
0.0129661
0.0170278
0.0157798
0.0161931
0.0177613
0.0191593
0.0197883
0.0202199
0.0202406
0.0213883
0.0224354
0.0232934
0.0233797
0.022902
0.000851646
0.00323484
0.00276156
0.00885627
0.0102591
0.0107401
0.0129895
0.0169572
0.0159115
0.0161923
0.0177822
0.0191755
0.0198179
0.0202421
0.0202653
0.021386
0.0224516
0.0232202
0.0233024
0.0228427
0.000956304
0.00346132
0.00300196
0.00883587
0.0103292
0.0108285
0.0130171
0.01689
0.0160401
0.0161964
0.0177994
0.0191979
0.0198462
0.0202638
0.020291
0.0213794
0.0224679
0.0231548
0.0232158
0.0227917
0.0010696
0.00368655
0.0032489
0.00882178
0.0104013
0.0109125
0.0130484
0.0168271
0.0161653
0.0162056
0.0178125
0.0192262
0.0198738
0.0202842
0.0203183
0.0213689
0.022482
0.0231
0.0231234
0.0227418
0.00119205
0.00391007
0.00350241
0.00881432
0.0104756
0.0109924
0.0130824
0.016769
0.0162871
0.0162205
0.0178214
0.01926
0.0199016
0.0203024
0.020348
0.0213556
0.0224916
0.0230572
0.0230312
0.0226866
0.00132418
0.00413139
0.00376248
0.0088138
0.010552
0.0110688
0.0131184
0.0167162
0.0164055
0.0162414
0.0178256
0.0192988
0.0199306
0.0203172
0.0203803
0.0213414
0.0224948
0.023026
0.0229458
0.0226233
0.00146653
0.00435007
0.00402899
0.00882061
0.0106306
0.0111423
0.0131556
0.0166691
0.0165207
0.0162689
0.0178253
0.0193418
0.0199624
0.0203277
0.0204151
0.0213285
0.0224902
0.0230037
0.022873
0.0225554
0.00161962
0.00456572
0.00430181
0.00883516
0.0107112
0.0112139
0.0131935
0.0166276
0.0166327
0.0163033
0.0178205
0.0193878
0.0199982
0.0203333
0.0204513
0.0213201
0.0224777
0.0229855
0.0228165
0.0224912
0.00178396
0.00477799
0.00458074
0.008858
0.0107938
0.0112843
0.0132317
0.0165915
0.0167418
0.0163452
0.0178115
0.0194356
0.0200398
0.0203336
0.0204861
0.0213194
0.0224603
0.0229668
0.0227759
0.0224394
0.00196007
0.00498658
0.00486535
0.00888984
0.0108781
0.0113549
0.0132704
0.0165603
0.0168479
0.0163951
0.0177985
0.0194834
0.0200888
0.0203297
0.0205165
0.0213279
0.0224424
0.0229452
0.0227457
0.0224048
0.00214841
0.00519126
0.00515509
0.00893142
0.0109637
0.0114269
0.0133098
0.0165335
0.0169511
0.0164534
0.0177821
0.019529
0.0201463
0.0203236
0.0205398
0.0213452
0.0224284
0.0229216
0.0227216
0.0223862
0.00234943
0.00539204
0.00544922
0.00898354
0.0110503
0.0115018
0.0133504
0.0165107
0.0170513
0.0165203
0.0177636
0.0195704
0.0202125
0.0203177
0.0205532
0.0213695
0.0224218
0.0228986
0.0227023
0.0223808
0.00256356
0.00558896
0.00574682
0.0090471
0.0111378
0.0115801
0.0133926
0.0164918
0.0171487
0.0165956
0.0177436
0.0196056
0.0202878
0.020315
0.020555
0.0213986
0.0224256
0.0228772
0.0226868
0.0223866
0.00279115
0.00578225
0.00604685
0.00912308
0.011226
0.0116627
0.0134366
0.0164761
0.0172434
0.01668
0.0177234
0.0196321
0.0203714
0.0203189
0.0205434
0.0214289
0.0224441
0.0228598
0.0226725
0.0224024
0.00303244
0.00597243
0.00634809
0.00921217
0.0113154
0.0117501
0.013483
0.0164638
0.0173354
0.0167733
0.0177049
0.0196482
0.0204615
0.0203335
0.0205185
0.0214537
0.0224795
0.0228524
0.0226567
0.0224259
0.00328764
0.00616017
0.00664932
0.00931489
0.0114066
0.0118427
0.0135318
0.0164548
0.0174251
0.0168749
0.0176896
0.0196529
0.0205551
0.020364
0.0204833
0.0214661
0.0225305
0.0228634
0.022637
0.022449
0.00355687
0.00634621
0.00694938
0.00943167
0.0115
0.0119414
0.0135836
0.016448
0.0175124
0.0169852
0.0176789
0.0196456
0.0206499
0.0204093
0.020441
0.0214598
0.0225932
0.0229031
0.0226169
0.0224596
0.00384015
0.00653162
0.00724705
0.00956254
0.0115966
0.0120466
0.0136386
0.0164437
0.0175972
0.0171039
0.0176752
0.0196253
0.0207421
0.0204655
0.0203984
0.0214273
0.0226563
0.0229805
0.0226136
0.0224477
0.00413741
0.00671751
0.0075414
0.00970716
0.0116972
0.0121594
0.0136974
0.0164415
0.0176797
0.0172303
0.017681
0.0195936
0.0208263
0.0205586
0.0203656
0.0213685
0.0227051
0.0230915
0.0226467
0.0224167
0.00444859
0.00690489
0.00783164
0.00986563
0.0118019
0.0122798
0.0137616
0.0164412
0.0177593
0.0173641
0.0176973
0.0195528
0.0209
0.0206675
0.0203495
0.02129
0.0227295
0.0232235
0.0227319
0.0223885
0.00477333
0.00709522
0.00811703
0.0100375
0.0119115
0.0124082
0.0138315
0.0164429
0.0178356
0.0175044
0.0177271
0.019504
0.0209598
0.0207894
0.0203546
0.0211973
0.022718
0.0233632
0.0228744
0.0223917
0.00511117
0.00729006
0.00839692
0.0102222
0.0120266
0.0125449
0.0139089
0.0164464
0.0179081
0.0176501
0.0177723
0.019452
0.0210012
0.0209212
0.0203902
0.0211002
0.0226655
0.023482
0.0230609
0.0224559
0.00546163
0.00749106
0.00867046
0.0104196
0.0121483
0.012688
0.0139953
0.0164538
0.0179763
0.0177997
0.0178334
0.0193996
0.0210243
0.0210568
0.0204587
0.0210153
0.0225848
0.0235705
0.0232622
0.022589
0.00582387
0.00770009
0.00893726
0.0106284
0.0122779
0.012837
0.0140909
0.0164664
0.0180402
0.0179512
0.0179119
0.0193513
0.0210277
0.021198
0.0205644
0.0209582
0.0224966
0.0236345
0.0234531
0.0227259
0.006197
0.00791907
0.00919671
0.0108477
0.0124173
0.0129898
0.0141964
0.0164861
0.0181001
0.0181032
0.0180066
0.0193123
0.021014
0.0213326
0.0207069
0.0209362
0.0224072
0.0236833
0.0236325
0.0228404
0.00657992
0.00814982
0.00944897
0.0110755
0.012569
0.013146
0.0143104
0.0165148
0.0181574
0.0182552
0.0181177
0.0192829
0.0209863
0.0214535
0.0208707
0.0209428
0.0222812
0.023654
0.0237858
0.023037
0.00697142
0.00839395
0.00969471
0.0113096
0.0127351
0.0133065
0.0144305
0.0165531
0.0182147
0.0184064
0.0182439
0.0192671
0.0209444
0.0215547
0.0210513
0.0209861
0.0221612
0.0235913
0.0239172
0.0232327
0.00737008
0.0086527
0.00993584
0.0115471
0.0129169
0.0134727
0.0145544
0.0166003
0.0182743
0.0185575
0.0183846
0.019265
0.0208899
0.0216595
0.021242
0.0210666
0.0220582
0.0234794
0.0239897
0.0234429
0.00777441
0.00892703
0.010175
0.0117845
0.0131142
0.013648
0.0146797
0.0166542
0.0183384
0.0187091
0.0185383
0.019278
0.0208276
0.0217167
0.0214305
0.0211857
0.0219781
0.0233303
0.0240175
0.0236641
0.00818288
0.00921738
0.0104152
0.012019
0.0133255
0.0138364
0.0148067
0.0167107
0.018407
0.0188625
0.0187038
0.0193098
0.0207608
0.021749
0.0216166
0.0213377
0.0219297
0.0231727
0.0240075
0.0238716
0.00859404
0.00952404
0.0106599
0.0122483
0.0135479
0.0140426
0.014937
0.0167645
0.0184779
0.0190195
0.0188803
0.0193609
0.0206966
0.0217611
0.0217911
0.0215126
0.0219287
0.0230301
0.0239566
0.0240436
0.00900681
0.00984671
0.0109117
0.0124719
0.0137777
0.0142677
0.0150745
0.0168133
0.0185462
0.0191802
0.0190687
0.0194344
0.0206427
0.0217527
0.0219459
0.0217065
0.0219813
0.0229183
0.023872
0.0241679
0.0094201
0.0101845
0.0111736
0.0126901
0.0140097
0.0145114
0.0152262
0.0168576
0.018604
0.0193425
0.019271
0.0195326
0.0206035
0.0217293
0.0220807
0.0219104
0.0220764
0.0228485
0.0237777
0.0242385
0.00983313
0.0105359
0.0114479
0.0129043
0.0142394
0.0147714
0.0153989
0.0169003
0.0186448
0.0195006
0.0194878
0.0196587
0.0205866
0.0216977
0.022187
0.0221113
0.0222054
0.0228299
0.023701
0.0242654
0.0102454
0.0108989
0.0117365
0.0131175
0.0144628
0.0150424
0.0155982
0.01695
0.0186655
0.0196439
0.0197169
0.0198166
0.0205978
0.0216625
0.0222664
0.0223074
0.0223671
0.0228563
0.0236505
0.0242724
0.0106564
0.0112711
0.0120402
0.0133335
0.0146776
0.0153165
0.0158256
0.0170183
0.0186671
0.0197616
0.0199522
0.0200074
0.0206433
0.0216334
0.022321
0.0224854
0.0225499
0.0229214
0.0236263
0.024284
0.0110662
0.0116495
0.0123594
0.0135563
0.0148832
0.0155856
0.0160779
0.0171176
0.0186599
0.0198449
0.0201808
0.0202279
0.0207283
0.0216208
0.0223564
0.0226359
0.0227437
0.0230312
0.0236319
0.0243041
0.0114748
0.0120317
0.0126931
0.0137885
0.0150801
0.0158455
0.0163469
0.0172539
0.0186629
0.0198929
0.0203867
0.0204706
0.0208542
0.0216332
0.0223706
0.0227569
0.0229337
0.0231808
0.0236722
0.0243217
0.0118824
0.0124152
0.013039
0.0140332
0.0152706
0.0160938
0.0166229
0.0174254
0.0186923
0.0199171
0.0205572
0.0207206
0.0210186
0.0216782
0.0223994
0.0228568
0.0231031
0.0233518
0.0237577
0.0243474
0.0122892
0.0127982
0.0133929
0.0142923
0.0154601
0.0163294
0.0168986
0.0176254
0.0187566
0.0199363
0.0206891
0.02096
0.0212159
0.0217598
0.0224377
0.0229445
0.0232504
0.0235231
0.0238855
0.0244052
0.0126948
0.0131797
0.0137501
0.014566
0.015655
0.0165526
0.0171683
0.0178455
0.018856
0.0199668
0.02079
0.0211742
0.0214323
0.0218805
0.0224921
0.023025
0.0233839
0.0236815
0.0240354
0.0245035
0.0130989
0.0135587
0.0141067
0.0148532
0.0158602
0.0167653
0.0174277
0.0180783
0.0189878
0.0200178
0.0208741
0.0213592
0.0216493
0.0220353
0.0225722
0.023103
0.0235102
0.0238307
0.0241865
0.024632
0.0135001
0.0139347
0.0144604
0.0151511
0.0160784
0.0169716
0.0176743
0.0183169
0.0191467
0.0200937
0.020953
0.0215183
0.021856
0.0222106
0.0226841
0.0231871
0.0236281
0.0239773
0.0243323
0.0247719
0.0138975
0.0143071
0.01481
0.0154562
0.0163103
0.0171762
0.0179078
0.018555
0.0193262
0.0201957
0.0210359
0.0216573
0.0220491
0.0223933
0.0228236
0.0232888
0.0237374
0.0241201
0.0244776
0.0249114
0.0142897
0.0146752
0.0151545
0.0157645
0.0165545
0.0173825
0.0181297
0.0187885
0.019519
0.0203221
0.0211303
0.021782
0.0222271
0.0225778
0.022979
0.0234128
0.0238469
0.0242541
0.0246258
0.0250516
0.0146751
0.0150385
0.0154931
0.0160724
0.0168088
0.017593
0.018342
0.0190145
0.0197191
0.0204685
0.0212408
0.0219006
0.022389
0.0227604
0.0231436
0.0235553
0.0239679
0.0243802
0.0247723
0.0251943
0.0150523
0.0153958
0.0158253
0.0163768
0.0170695
0.0178092
0.018548
0.0192309
0.0199208
0.0206298
0.0213675
0.0220217
0.0225372
0.0229359
0.0233151
0.0237096
0.0241035
0.024505
0.024912
0.0253389
0.0154197
0.0157453
0.0161502
0.016676
0.0173323
0.0180296
0.0187504
0.0194381
0.0201199
0.0208009
0.0215075
0.0221493
0.0226793
0.0231016
0.0234887
0.0238722
0.0242501
0.0246353
0.0250461
0.0254838
0.0157759
0.0160854
0.0164664
0.0169677
0.0175943
0.0182528
0.0189494
0.0196353
0.0203137
0.0209782
0.0216574
0.0222827
0.0228217
0.0232606
0.0236574
0.0240389
0.0244087
0.0247783
0.0251816
0.0256271
0.0161186
0.0164145
0.0167728
0.0172498
0.0178508
0.0184766
0.0191468
0.0198225
0.0204975
0.0211566
0.0218158
0.0224214
0.0229669
0.0234197
0.0238219
0.0242036
0.0245703
0.0249318
0.0253223
0.0257663
0.0164462
0.0167302
0.0170676
0.0175211
0.0180983
0.0186958
0.0193413
0.0200028
0.0206703
0.0213283
0.0219769
0.0225626
0.0231103
0.0235821
0.0239927
0.0243728
0.0247456
0.0251029
0.0254797
0.0259131
0.016756
0.017031
0.0173491
0.0177788
0.0183341
0.0189069
0.0195269
0.0201728
0.0208354
0.021494
0.0221398
0.0227113
0.0232498
0.0237302
0.024151
0.0245286
0.0249003
0.0252684
0.0256355
0.026057
0.0170456
0.0173129
0.0176154
0.0180223
0.0185557
0.0191071
0.0197026
0.0203248
0.0209807
0.0216427
0.0222943
0.0228806
0.0234288
0.0239246
0.0243496
0.0246935
0.0249745
0.0252952
0.0256519
0.026049
0.0173131
0.0175727
0.0178612
0.0182473
0.0187596
0.0192925
0.0198699
0.0204687
0.0211064
0.0217586
0.0223924
0.0229741
0.0235478
0.0240869
0.0246123
0.0250989
0.0255848
0.0259684
0.0263236
0.0266797
0.017557
0.0178107
0.0180852
0.0184474
0.0189376
0.019452
0.0200138
0.0206042
0.0212473
0.0219253
0.0225912
0.0231805
0.0237427
0.0242216
0.0246462
0.0249973
0.0252555
0.0255751
0.025893
0.0262538
0.0177727
0.0180231
0.0182882
0.0186299
0.0190899
0.0195785
0.0201006
0.0206385
0.0212158
0.0218163
0.022469
0.0231464
0.0238892
0.0246154
0.0252326
0.0258032
0.0263759
0.026884
0.0273632
0.0278055
0.0179512
0.0181925
0.0184606
0.018805
0.0192606
0.0197397
0.020268
0.0208275
0.021464
0.022134
0.0228229
0.0234389
0.0239974
0.0244806
0.0248674
0.025211
0.0254994
0.0258028
0.0260958
0.0264069
0.0181057
0.0183344
0.0185632
0.0188561
0.019269
0.0197404
0.0202836
0.0208745
0.0215302
0.0221533
0.0228065
0.0234553
0.0240768
0.0247136
0.0253357
0.0259255
0.0265062
0.0270324
0.0275244
0.0279214
0.0182347
0.0184888
0.0187452
0.0190595
0.0194787
0.019929
0.0204036
0.0208861
0.0214804
0.0221284
0.0228522
0.0236163
0.0242666
0.0248102
0.0252737
0.025686
0.0261101
0.0265456
0.0269753
0.0273437
0.0294928
0.0251677
0.0193745
0.0154502
0.0154249
0.0173837
0.0194869
0.0213624
0.0229109
0.0241124
0.0251362
0.0260799
0.0268794
0.02757
0.0282793
0.0291105
0.0300381
0.0309083
0.0317399
0.0326902
0.033706
0.0346297
0.0354057
0.0361355
0.0370112
0.0380178
0.0389111
0.0396776
0.0405567
0.0415802
0.0425394
0.0433948
0.0443233
0.0453784
0.046441
0.0475003
0.048593
0.0496979
0.0507885
0.0518634
0.0529316
0.0539936
0.055065
0.0561529
0.0572925
0.0584842
0.0597031
0.0609134
0.062139
0.0634232
0.0647401
0.0660611
0.0674067
0.0688098
0.0702246
0.0716013
0.0728917
0.0741634
0.0756104
0.0772293
0.0788469
0.0804683
0.0820888
0.0836381
0.0851811
0.0867846
0.0885229
0.0903334
0.0921332
0.0938834
0.0956839
0.0975386
0.0994195
0.101329
0.103279
0.105311
0.107329
0.10938
0.111508
0.113687
0.115935
0.118203
0.120412
0.12271
0.125087
0.127505
0.130045
0.132607
0.135086
0.137607
0.140233
0.142979
0.145678
0.148485
0.151274
0.15402
0.156781
0.159559
0.162124
0.164436
0.0291725
0.0251082
0.0194901
0.0156145
0.0155173
0.0174242
0.019513
0.021383
0.0229271
0.0241245
0.0251455
0.0260878
0.0268863
0.027576
0.0282845
0.0291151
0.0300424
0.0309122
0.0317431
0.0326929
0.0337087
0.0346324
0.0354082
0.0361375
0.0370127
0.0380194
0.0389128
0.039679
0.0405577
0.0415814
0.0425406
0.0433959
0.0443242
0.0453793
0.0464419
0.0475011
0.0485938
0.0496987
0.0507892
0.0518641
0.0529323
0.0539943
0.0550657
0.0561535
0.0572931
0.0584848
0.0597036
0.060914
0.0621395
0.0634237
0.0647406
0.0660616
0.0674071
0.0688102
0.070225
0.0716017
0.0728921
0.0741637
0.0756107
0.0772296
0.0788472
0.0804686
0.0820891
0.0836385
0.0851814
0.0867848
0.0885231
0.0903336
0.0921335
0.0938837
0.0956841
0.0975388
0.0994197
0.101329
0.103279
0.105311
0.107329
0.10938
0.111508
0.113687
0.115935
0.118203
0.120412
0.12271
0.125087
0.127505
0.130046
0.132607
0.135086
0.137607
0.140233
0.142979
0.145678
0.148485
0.151275
0.15402
0.156781
0.159559
0.162124
0.164436
0.0287875
0.0249724
0.0196386
0.015894
0.0156795
0.0174783
0.0195335
0.0213986
0.0229427
0.0241391
0.0251577
0.0260974
0.0268936
0.0275817
0.0282892
0.0291193
0.0300464
0.0309159
0.0317462
0.0326957
0.0337113
0.0346348
0.0354103
0.0361392
0.0370142
0.038021
0.0389143
0.03968
0.0405586
0.0415824
0.0425418
0.0433967
0.0443249
0.04538
0.0464426
0.0475017
0.0485944
0.0496993
0.0507898
0.0518648
0.0529329
0.0539948
0.0550662
0.056154
0.0572936
0.0584852
0.0597041
0.0609144
0.0621399
0.0634241
0.064741
0.0660619
0.0674074
0.0688105
0.0702254
0.0716021
0.0728925
0.0741639
0.0756108
0.0772298
0.0788475
0.0804688
0.0820894
0.0836388
0.0851816
0.086785
0.0885233
0.0903338
0.0921337
0.0938839
0.0956842
0.097539
0.0994199
0.101329
0.103279
0.105311
0.107329
0.10938
0.111508
0.113687
0.115935
0.118203
0.120413
0.12271
0.125087
0.127505
0.130046
0.132607
0.135086
0.137607
0.140233
0.142979
0.145678
0.148485
0.151275
0.154021
0.156781
0.159559
0.162124
0.164436
0.028402
0.0248278
0.0198163
0.016254
0.0159143
0.0175628
0.0195665
0.0214227
0.0229653
0.0241587
0.0251735
0.0261097
0.0269033
0.02759
0.0282966
0.0291254
0.0300517
0.0309207
0.0317506
0.0326995
0.0337145
0.0346376
0.0354132
0.036142
0.0370166
0.038023
0.038916
0.0396815
0.0405599
0.0415837
0.042543
0.0433976
0.0443256
0.0453809
0.0464435
0.0475025
0.0485952
0.0497
0.0507906
0.0518655
0.0529335
0.0539954
0.0550667
0.0561545
0.057294
0.0584857
0.0597046
0.0609149
0.0621403
0.0634245
0.0647414
0.0660623
0.0674078
0.0688109
0.0702258
0.0716026
0.0728929
0.0741641
0.0756109
0.0772301
0.0788478
0.080469
0.0820898
0.0836391
0.0851818
0.0867851
0.0885234
0.090334
0.0921339
0.0938841
0.0956844
0.0975392
0.0994201
0.101329
0.103279
0.105311
0.10733
0.10938
0.111508
0.113687
0.115936
0.118203
0.120413
0.12271
0.125087
0.127505
0.130046
0.132607
0.135086
0.137607
0.140233
0.142979
0.145678
0.148485
0.151275
0.154021
0.156781
0.159559
0.162125
0.164436
0.0280191
0.0246954
0.0200149
0.0166388
0.0161773
0.017664
0.0196074
0.0214531
0.0229935
0.0241827
0.0251925
0.0261239
0.0269146
0.0276013
0.0283081
0.0291354
0.0300595
0.0309277
0.0317574
0.0327051
0.0337181
0.0346405
0.035417
0.0361468
0.0370206
0.0380257
0.0389182
0.0396838
0.0405621
0.0415855
0.0425444
0.0433988
0.0443266
0.0453819
0.0464444
0.0475034
0.0485961
0.0497008
0.0507914
0.0518664
0.0529343
0.053996
0.0550673
0.056155
0.0572946
0.0584862
0.0597051
0.0609154
0.0621408
0.063425
0.0647418
0.0660627
0.0674082
0.0688113
0.0702263
0.0716031
0.0728934
0.0741642
0.075611
0.0772305
0.0788482
0.0804693
0.0820901
0.0836395
0.085182
0.0867852
0.0885236
0.0903343
0.0921342
0.0938843
0.0956846
0.0975393
0.0994202
0.101329
0.10328
0.105312
0.10733
0.10938
0.111508
0.113688
0.115936
0.118203
0.120413
0.12271
0.125087
0.127505
0.130046
0.132608
0.135086
0.137607
0.140233
0.142979
0.145678
0.148485
0.151275
0.154021
0.156781
0.159559
0.162125
0.164437
0.0276478
0.0245809
0.0202121
0.0170222
0.016453
0.0177743
0.0196511
0.0214861
0.0230252
0.0242092
0.0252122
0.0261374
0.0269253
0.0276139
0.0283233
0.0291496
0.0300708
0.0309377
0.0317672
0.0327128
0.0337222
0.0346429
0.0354215
0.0361537
0.0370267
0.0380293
0.0389211
0.0396876
0.0405659
0.0415881
0.0425464
0.0434006
0.0443281
0.045383
0.0464455
0.0475045
0.048597
0.0497017
0.0507925
0.0518676
0.0529352
0.0539966
0.0550678
0.0561557
0.0572952
0.0584868
0.0597056
0.060916
0.0621413
0.0634255
0.0647423
0.0660632
0.0674087
0.0688118
0.0702268
0.0716037
0.0728938
0.0741643
0.0756111
0.0772309
0.0788486
0.0804696
0.0820906
0.08364
0.0851823
0.0867854
0.0885238
0.0903346
0.0921345
0.0938846
0.0956848
0.0975396
0.0994205
0.10133
0.10328
0.105312
0.10733
0.10938
0.111508
0.113688
0.115936
0.118204
0.120413
0.12271
0.125087
0.127505
0.130046
0.132608
0.135086
0.137607
0.140233
0.14298
0.145678
0.148485
0.151275
0.154021
0.156782
0.15956
0.162126
0.164437
0.0272951
0.0244756
0.0203938
0.0173977
0.0167416
0.0178955
0.0196978
0.021521
0.0230596
0.0242376
0.0252322
0.0261496
0.0269342
0.0276259
0.0283401
0.029167
0.0300855
0.0309512
0.0317802
0.0327228
0.0337268
0.0346448
0.0354263
0.0361625
0.0370347
0.0380334
0.0389244
0.0396929
0.0405714
0.0415919
0.0425491
0.0434034
0.0443305
0.0453846
0.0464467
0.0475057
0.0485979
0.0497024
0.0507936
0.0518692
0.0529366
0.0539974
0.0550686
0.0561566
0.0572961
0.0584874
0.0597062
0.0609166
0.062142
0.0634261
0.0647428
0.0660637
0.0674093
0.0688124
0.0702274
0.0716043
0.0728943
0.0741644
0.0756113
0.0772314
0.078849
0.0804699
0.082091
0.0836405
0.0851826
0.0867855
0.0885241
0.0903349
0.0921349
0.0938849
0.095685
0.0975398
0.0994207
0.10133
0.10328
0.105312
0.10733
0.109381
0.111509
0.113688
0.115936
0.118204
0.120413
0.122711
0.125088
0.127505
0.130046
0.132608
0.135087
0.137607
0.140233
0.14298
0.145679
0.148485
0.151275
0.154021
0.156782
0.15956
0.162127
0.164438
0.0269585
0.0243713
0.0205555
0.0177671
0.0170478
0.018032
0.0197489
0.0215576
0.0230966
0.0242683
0.025253
0.0261615
0.0269421
0.027637
0.0283569
0.0291855
0.0301023
0.0309673
0.031796
0.0327348
0.0337322
0.0346464
0.0354311
0.0361725
0.0370439
0.0380378
0.0389279
0.0396994
0.0405786
0.0415967
0.0425529
0.0434075
0.044334
0.0453868
0.0464483
0.0475072
0.0485987
0.0497027
0.0507946
0.0518709
0.0529382
0.0539985
0.0550696
0.0561579
0.0572973
0.0584882
0.0597068
0.0609173
0.0621429
0.0634268
0.0647432
0.0660642
0.0674099
0.0688131
0.0702281
0.0716051
0.0728949
0.0741646
0.0756115
0.0772319
0.0788495
0.0804701
0.0820916
0.0836412
0.0851829
0.0867858
0.0885244
0.0903353
0.0921353
0.0938853
0.0956853
0.0975401
0.099421
0.10133
0.10328
0.105312
0.10733
0.109381
0.111509
0.113688
0.115936
0.118204
0.120413
0.122711
0.125088
0.127505
0.130046
0.132608
0.135087
0.137607
0.140233
0.14298
0.145679
0.148485
0.151276
0.154021
0.156782
0.159561
0.162129
0.164439
0.0266319
0.0242659
0.0207027
0.0181333
0.0173733
0.0181859
0.0198051
0.0215954
0.0231361
0.0243017
0.0252755
0.0261743
0.0269505
0.0276481
0.0283736
0.0292043
0.03012
0.0309849
0.0318137
0.0327485
0.0337384
0.0346483
0.0354361
0.0361831
0.0370539
0.0380423
0.0389313
0.0397065
0.0405866
0.0416022
0.0425576
0.043413
0.044339
0.04539
0.0464505
0.0475091
0.0485996
0.0497026
0.0507951
0.0518726
0.05294
0.0539999
0.055071
0.0561596
0.057299
0.0584894
0.0597076
0.0609182
0.0621439
0.0634276
0.0647436
0.0660646
0.0674105
0.0688138
0.0702289
0.071606
0.0728956
0.074165
0.0756118
0.0772324
0.0788498
0.0804703
0.0820921
0.083642
0.0851833
0.086786
0.0885248
0.0903357
0.0921357
0.0938858
0.0956857
0.0975404
0.0994214
0.10133
0.10328
0.105312
0.107331
0.109381
0.111509
0.113688
0.115936
0.118204
0.120413
0.122711
0.125088
0.127506
0.130046
0.132608
0.135087
0.137607
0.140233
0.14298
0.145679
0.148485
0.151276
0.154022
0.156783
0.159562
0.162131
0.164441
0.0263138
0.0241668
0.0208426
0.0184936
0.017714
0.0183571
0.019867
0.021634
0.0231777
0.0243383
0.0253008
0.0261891
0.0269606
0.0276605
0.0283908
0.029223
0.0301378
0.0310031
0.0318324
0.0327634
0.0337456
0.0346505
0.0354411
0.0361941
0.0370643
0.0380469
0.0389347
0.0397138
0.0405949
0.0416079
0.0425626
0.0434194
0.044345
0.0453941
0.0464533
0.0475115
0.0486007
0.0497023
0.0507951
0.0518738
0.0529416
0.0540013
0.0550727
0.056162
0.0573013
0.0584908
0.0597086
0.0609194
0.0621453
0.0634285
0.064744
0.0660649
0.0674109
0.0688143
0.0702294
0.0716068
0.0728966
0.0741657
0.0756125
0.0772331
0.0788501
0.0804702
0.0820926
0.0836429
0.0851839
0.0867864
0.0885252
0.0903361
0.0921362
0.0938863
0.0956862
0.0975408
0.0994219
0.101331
0.103281
0.105313
0.107331
0.109381
0.111509
0.113688
0.115936
0.118205
0.120414
0.122711
0.125088
0.127506
0.130046
0.132609
0.135087
0.137607
0.140233
0.14298
0.145679
0.148486
0.151276
0.154022
0.156783
0.159564
0.162133
0.164442
0.0260104
0.0240826
0.0209768
0.0188413
0.0180654
0.0185471
0.0199358
0.0216729
0.0232206
0.024378
0.025329
0.0262065
0.0269734
0.0276756
0.0284097
0.0292423
0.0301556
0.0310215
0.0318519
0.0327793
0.0337537
0.034653
0.0354463
0.0362053
0.0370751
0.0380517
0.0389381
0.0397212
0.0406032
0.0416133
0.0425676
0.0434263
0.0443519
0.0453989
0.0464568
0.0475145
0.0486022
0.0497019
0.0507946
0.0518744
0.0529427
0.0540025
0.0550746
0.0561648
0.0573041
0.0584927
0.0597098
0.0609208
0.062147
0.0634298
0.0647445
0.0660652
0.0674113
0.0688144
0.0702295
0.0716073
0.0728974
0.0741667
0.0756137
0.0772343
0.0788504
0.0804698
0.0820928
0.0836438
0.0851845
0.0867869
0.0885257
0.0903364
0.0921366
0.0938869
0.0956867
0.0975413
0.0994225
0.101331
0.103281
0.105313
0.107331
0.109382
0.11151
0.113689
0.115937
0.118205
0.120414
0.122711
0.125088
0.127506
0.130047
0.132609
0.135087
0.137608
0.140234
0.14298
0.145679
0.148486
0.151277
0.154022
0.156784
0.159566
0.162136
0.164444
0.0257277
0.0240141
0.0211039
0.0191722
0.0184255
0.0187574
0.0200127
0.0217112
0.0232633
0.0244201
0.0253601
0.0262269
0.0269897
0.0276942
0.0284312
0.0292628
0.0301736
0.0310401
0.0318717
0.0327958
0.0337624
0.034656
0.0354517
0.0362169
0.0370863
0.0380567
0.0389417
0.0397287
0.0406116
0.0416184
0.0425721
0.0434331
0.0443592
0.0454043
0.0464607
0.0475179
0.0486041
0.0497017
0.0507938
0.0518744
0.0529433
0.0540035
0.0550766
0.0561679
0.0573073
0.0584949
0.0597112
0.0609225
0.0621491
0.0634313
0.0647452
0.0660657
0.0674116
0.0688142
0.0702291
0.0716072
0.0728979
0.0741677
0.0756155
0.0772362
0.0788511
0.0804692
0.0820926
0.0836445
0.0851852
0.0867877
0.0885265
0.0903368
0.0921369
0.0938875
0.0956872
0.0975417
0.0994231
0.101332
0.103282
0.105314
0.107332
0.109382
0.11151
0.113689
0.115937
0.118206
0.120414
0.122711
0.125088
0.127506
0.130047
0.132609
0.135088
0.137608
0.140234
0.142981
0.145679
0.148486
0.151277
0.154023
0.156785
0.159568
0.16214
0.164447
0.0254629
0.0239582
0.0212258
0.0194857
0.018791
0.0189878
0.0200988
0.0217488
0.0233046
0.0244637
0.0253939
0.0262501
0.0270093
0.0277165
0.0284559
0.0292849
0.0301921
0.0310586
0.0318916
0.0328128
0.0337716
0.0346592
0.0354572
0.0362289
0.0370981
0.0380621
0.0389453
0.0397366
0.0406204
0.0416234
0.0425761
0.0434395
0.0443665
0.0454101
0.0464649
0.0475216
0.0486063
0.0497017
0.0507929
0.0518741
0.0529435
0.0540041
0.0550785
0.0561713
0.057311
0.0584973
0.0597128
0.0609244
0.0621514
0.0634331
0.064746
0.0660663
0.067412
0.0688139
0.0702281
0.0716062
0.0728976
0.0741684
0.0756175
0.0772388
0.0788524
0.0804684
0.0820918
0.0836447
0.0851856
0.0867886
0.0885276
0.0903373
0.0921371
0.093888
0.0956877
0.0975421
0.0994237
0.101333
0.103282
0.105315
0.107333
0.109383
0.111511
0.113689
0.115937
0.118206
0.120415
0.122711
0.125089
0.127506
0.130047
0.13261
0.135088
0.137608
0.140234
0.142981
0.14568
0.148486
0.151277
0.154023
0.156786
0.159571
0.162144
0.164449
0.0252113
0.0239142
0.0213461
0.0197793
0.0191554
0.0192361
0.0201956
0.0217862
0.0233435
0.0245075
0.0254298
0.0262759
0.0270318
0.027742
0.0284837
0.0293093
0.0302114
0.0310771
0.0319114
0.0328299
0.0337813
0.034663
0.0354632
0.0362414
0.0371104
0.0380678
0.0389492
0.039745
0.0406298
0.0416287
0.0425795
0.0434454
0.0443738
0.0454162
0.0464694
0.0475255
0.0486089
0.0497021
0.050792
0.0518735
0.0529435
0.0540047
0.0550804
0.0561748
0.0573148
0.0585001
0.0597145
0.0609263
0.0621539
0.0634351
0.0647471
0.0660671
0.0674125
0.0688134
0.0702266
0.0716045
0.0728964
0.0741682
0.0756192
0.0772419
0.0788543
0.0804678
0.0820904
0.0836443
0.0851856
0.0867895
0.0885291
0.0903381
0.0921374
0.0938884
0.095688
0.0975424
0.0994243
0.101334
0.103283
0.105315
0.107334
0.109384
0.111511
0.11369
0.115937
0.118207
0.120415
0.122712
0.125089
0.127506
0.130046
0.13261
0.135089
0.137608
0.140234
0.142981
0.14568
0.148486
0.151278
0.154024
0.156787
0.159574
0.162149
0.164452
0.0249705
0.0238817
0.021466
0.0200488
0.0195108
0.0194989
0.0203042
0.0218243
0.0233793
0.0245506
0.0254673
0.026304
0.0270568
0.0277703
0.0285144
0.0293359
0.0302316
0.0310956
0.031931
0.0328473
0.0337915
0.0346673
0.0354695
0.0362544
0.0371233
0.0380739
0.0389535
0.0397542
0.0406404
0.0416347
0.0425827
0.0434508
0.0443811
0.0454226
0.0464743
0.0475296
0.0486117
0.0497027
0.0507914
0.0518729
0.0529436
0.0540055
0.0550824
0.0561784
0.0573188
0.058503
0.0597163
0.0609283
0.0621565
0.0634373
0.0647482
0.066068
0.0674131
0.0688128
0.0702246
0.0716021
0.0728944
0.0741671
0.0756202
0.0772448
0.0788564
0.0804672
0.0820884
0.0836431
0.085185
0.0867901
0.0885307
0.0903392
0.0921377
0.0938886
0.0956883
0.0975427
0.0994248
0.101334
0.103284
0.105316
0.107335
0.109385
0.111513
0.11369
0.115937
0.118207
0.120416
0.122713
0.12509
0.127506
0.130046
0.13261
0.135089
0.137609
0.140235
0.142981
0.14568
0.148486
0.151278
0.154024
0.156788
0.159578
0.162155
0.164456
0.0247396
0.0238578
0.0215855
0.0202925
0.0198509
0.0197719
0.0204256
0.0218644
0.0234122
0.0245929
0.0255068
0.0263347
0.0270841
0.0278009
0.0285477
0.0293649
0.030253
0.0311143
0.0319507
0.0328649
0.0338023
0.0346721
0.0354763
0.036268
0.0371368
0.0380803
0.0389581
0.0397643
0.0406521
0.0416415
0.042586
0.043456
0.0443887
0.0454296
0.0464794
0.0475338
0.0486147
0.0497037
0.050791
0.0518724
0.052944
0.0540064
0.0550845
0.0561821
0.0573229
0.058506
0.059718
0.0609302
0.0621592
0.0634396
0.0647495
0.066069
0.0674137
0.0688119
0.0702223
0.0715992
0.0728918
0.0741653
0.0756204
0.0772471
0.0788583
0.0804666
0.0820857
0.0836411
0.0851838
0.0867904
0.0885323
0.0903405
0.0921381
0.0938888
0.0956884
0.0975429
0.0994254
0.101335
0.103284
0.105317
0.107336
0.109386
0.111514
0.113691
0.115937
0.118207
0.120417
0.122714
0.125091
0.127506
0.130045
0.132609
0.135089
0.137609
0.140235
0.142981
0.14568
0.148486
0.151279
0.154025
0.156789
0.159582
0.162161
0.164459
0.0245165
0.0238389
0.0217066
0.0205126
0.0201715
0.0200514
0.0205612
0.0219092
0.0234431
0.0246342
0.0255483
0.0263684
0.0271138
0.0278335
0.0285831
0.029396
0.0302757
0.0311335
0.0319708
0.032883
0.0338137
0.0346775
0.0354836
0.0362822
0.0371511
0.0380873
0.0389633
0.0397753
0.0406651
0.0416492
0.0425897
0.0434616
0.044397
0.0454372
0.046485
0.0475381
0.0486179
0.049705
0.0507909
0.0518722
0.0529446
0.0540077
0.0550868
0.0561859
0.0573272
0.0585092
0.0597198
0.0609322
0.062162
0.063442
0.0647508
0.06607
0.0674143
0.068811
0.0702196
0.0715959
0.0728888
0.0741632
0.0756199
0.0772486
0.0788597
0.0804657
0.0820823
0.0836383
0.0851823
0.0867905
0.0885338
0.0903418
0.0921386
0.0938889
0.0956884
0.097543
0.0994259
0.101335
0.103285
0.105317
0.107336
0.109387
0.111516
0.113692
0.115937
0.118207
0.120417
0.122715
0.125092
0.127506
0.130044
0.132609
0.135089
0.137609
0.140236
0.142982
0.145681
0.148486
0.151279
0.154025
0.156791
0.159587
0.162168
0.164463
0.0243004
0.0238224
0.0218324
0.0207128
0.0204702
0.020335
0.0207133
0.0219611
0.0234728
0.0246742
0.0255916
0.0264052
0.0271461
0.027868
0.0286204
0.0294288
0.0302996
0.0311534
0.0319914
0.0329017
0.0338256
0.0346835
0.0354915
0.0362972
0.037166
0.0380947
0.0389688
0.0397871
0.040679
0.0416575
0.0425939
0.043468
0.0444063
0.0454456
0.046491
0.0475426
0.0486212
0.0497066
0.0507911
0.0518723
0.0529455
0.0540094
0.0550892
0.0561898
0.0573316
0.0585125
0.0597215
0.0609341
0.0621647
0.0634446
0.0647521
0.0660711
0.067415
0.0688101
0.0702166
0.0715922
0.0728859
0.0741616
0.0756193
0.0772495
0.0788604
0.0804647
0.0820783
0.0836348
0.0851807
0.0867907
0.0885352
0.0903429
0.0921389
0.0938889
0.0956884
0.0975432
0.0994265
0.101336
0.103285
0.105318
0.107337
0.109388
0.111517
0.113694
0.115937
0.118206
0.120417
0.122716
0.125094
0.127507
0.130043
0.132607
0.135089
0.13761
0.140237
0.142982
0.145681
0.148486
0.15128
0.154026
0.156792
0.159592
0.162175
0.164467
0.024092
0.0238061
0.0219646
0.0208977
0.0207467
0.0206212
0.0208838
0.0220228
0.0235022
0.0247124
0.025636
0.0264449
0.0271814
0.0279046
0.0286591
0.029463
0.0303246
0.0311742
0.032013
0.0329216
0.0338385
0.03469
0.0354999
0.0363129
0.0371817
0.0381025
0.0389747
0.0397994
0.0406936
0.0416664
0.0425987
0.0434756
0.0444171
0.0454548
0.0464975
0.0475474
0.0486247
0.0497084
0.0507915
0.0518727
0.0529467
0.0540112
0.0550918
0.0561939
0.0573363
0.058516
0.0597234
0.060936
0.0621676
0.0634472
0.0647536
0.0660723
0.0674158
0.0688092
0.0702134
0.0715883
0.0728836
0.0741612
0.0756194
0.0772499
0.0788606
0.0804634
0.0820742
0.0836311
0.0851795
0.0867913
0.0885365
0.0903437
0.0921391
0.0938888
0.0956885
0.0975434
0.0994271
0.101337
0.103286
0.105319
0.107338
0.109389
0.111518
0.113695
0.115937
0.118205
0.120417
0.122716
0.125095
0.127508
0.130042
0.132605
0.135088
0.13761
0.140238
0.142983
0.145682
0.148486
0.15128
0.154026
0.156794
0.159598
0.162183
0.164472
0.0238934
0.0237866
0.0221028
0.0210731
0.0210016
0.020907
0.0210731
0.0220963
0.0235325
0.0247485
0.0256808
0.0264873
0.0272197
0.0279435
0.0286994
0.0294984
0.0303506
0.031196
0.0320359
0.0329429
0.0338525
0.0346973
0.035509
0.0363295
0.0371982
0.0381109
0.0389809
0.0398122
0.0407087
0.0416756
0.0426041
0.0434847
0.0444294
0.0454649
0.0465045
0.0475526
0.0486284
0.0497103
0.050792
0.0518732
0.052948
0.0540131
0.0550945
0.0561981
0.0573412
0.0585199
0.0597255
0.0609381
0.0621706
0.0634498
0.0647551
0.0660735
0.0674167
0.0688083
0.0702101
0.0715845
0.0728821
0.0741626
0.0756209
0.0772505
0.0788605
0.0804622
0.0820703
0.0836274
0.0851792
0.0867929
0.0885381
0.0903441
0.0921388
0.0938887
0.0956888
0.0975438
0.0994278
0.101337
0.103287
0.10532
0.107339
0.10939
0.111519
0.113695
0.115936
0.118203
0.120416
0.122716
0.125096
0.127508
0.13004
0.132603
0.135088
0.13761
0.140239
0.142984
0.145682
0.148485
0.15128
0.154027
0.156796
0.159604
0.162191
0.164476
0.0237074
0.0237606
0.022246
0.0212444
0.0212357
0.0211886
0.0212802
0.0221839
0.0235656
0.0247826
0.0257251
0.0265317
0.027261
0.0279852
0.0287415
0.029535
0.0303778
0.031219
0.0320604
0.0329661
0.0338679
0.0347052
0.0355187
0.0363469
0.0372156
0.0381198
0.0389874
0.0398253
0.0407243
0.0416852
0.0426102
0.0434952
0.0444432
0.0454757
0.0465119
0.0475581
0.0486324
0.0497124
0.0507927
0.051874
0.0529496
0.0540151
0.0550972
0.0562024
0.0573464
0.058524
0.0597278
0.0609403
0.0621738
0.0634526
0.0647566
0.0660749
0.0674177
0.0688074
0.0702067
0.0715807
0.0728817
0.0741665
0.0756245
0.0772515
0.0788605
0.080461
0.0820668
0.0836244
0.0851802
0.0867957
0.08854
0.0903442
0.0921383
0.0938885
0.0956893
0.0975445
0.0994285
0.101338
0.103288
0.105321
0.10734
0.109391
0.11152
0.113696
0.115936
0.118201
0.120415
0.122716
0.125097
0.127509
0.130039
0.1326
0.135086
0.13761
0.14024
0.142985
0.145683
0.148485
0.15128
0.154027
0.156797
0.159609
0.1622
0.164481
0.0235385
0.023726
0.0223911
0.0214161
0.0214505
0.0214617
0.021503
0.0222877
0.0236037
0.0248153
0.0257683
0.0265774
0.0273053
0.0280298
0.0287858
0.0295729
0.030406
0.0312433
0.0320866
0.0329913
0.0338849
0.0347141
0.0355291
0.0363652
0.0372339
0.0381295
0.0389945
0.0398391
0.0407405
0.0416953
0.0426169
0.043507
0.0444583
0.0454871
0.0465196
0.0475641
0.0486366
0.0497145
0.0507934
0.051875
0.0529513
0.0540171
0.0550999
0.0562068
0.0573518
0.0585283
0.0597304
0.0609429
0.0621774
0.0634555
0.0647582
0.0660762
0.0674188
0.0688066
0.0702033
0.071577
0.0728825
0.0741727
0.0756303
0.0772532
0.0788606
0.0804599
0.082064
0.0836222
0.0851825
0.0867998
0.0885424
0.090344
0.0921373
0.0938883
0.0956901
0.0975454
0.0994294
0.101339
0.103289
0.105321
0.107341
0.109393
0.111521
0.113696
0.115935
0.118199
0.120415
0.122716
0.125099
0.12751
0.130037
0.132596
0.135085
0.137609
0.14024
0.142986
0.145684
0.148485
0.15128
0.154028
0.156799
0.159615
0.162209
0.164486
0.0233915
0.0236834
0.0225336
0.0215912
0.0216488
0.0217229
0.0217383
0.0224095
0.0236491
0.0248477
0.0258102
0.0266237
0.0273522
0.0280779
0.0288327
0.0296124
0.0304354
0.0312687
0.0321146
0.0330184
0.0339033
0.0347238
0.0355403
0.0363844
0.0372532
0.03814
0.0390023
0.0398535
0.0407574
0.0417059
0.0426241
0.0435198
0.0444743
0.045499
0.0465276
0.0475705
0.0486412
0.0497168
0.0507943
0.0518762
0.0529531
0.0540192
0.0551027
0.0562114
0.0573574
0.0585328
0.0597331
0.0609458
0.0621813
0.0634586
0.0647599
0.0660777
0.0674201
0.0688059
0.0702001
0.0715734
0.0728841
0.0741812
0.0756381
0.0772555
0.0788608
0.080459
0.0820616
0.0836207
0.0851857
0.0868048
0.0885452
0.0903437
0.0921361
0.0938881
0.0956911
0.0975466
0.0994302
0.101341
0.10329
0.105322
0.107342
0.109394
0.111523
0.113697
0.115934
0.118197
0.120414
0.122716
0.1251
0.127511
0.130036
0.132593
0.135083
0.137609
0.140241
0.142987
0.145684
0.148485
0.15128
0.154029
0.156801
0.159621
0.162218
0.164491
0.0232704
0.0236371
0.0226685
0.02177
0.0218349
0.0219695
0.0219817
0.0225506
0.0237043
0.0248808
0.0258504
0.0266699
0.0274013
0.0281293
0.0288827
0.0296541
0.0304661
0.0312953
0.0321441
0.0330475
0.0339232
0.0347344
0.0355524
0.0364047
0.0372735
0.0381514
0.0390108
0.0398686
0.0407751
0.0417172
0.0426319
0.0435333
0.044491
0.0455114
0.046536
0.0475774
0.0486461
0.0497192
0.0507953
0.0518776
0.0529552
0.0540213
0.0551056
0.0562161
0.0573632
0.0585374
0.0597361
0.0609489
0.0621855
0.0634617
0.0647616
0.0660791
0.0674214
0.0688052
0.0701969
0.07157
0.0728866
0.0741912
0.0756474
0.0772582
0.0788609
0.080458
0.0820595
0.0836198
0.0851896
0.0868105
0.0885483
0.0903433
0.0921346
0.0938879
0.0956923
0.0975479
0.0994311
0.101342
0.103292
0.105322
0.107343
0.109396
0.111524
0.113698
0.115934
0.118196
0.120414
0.122716
0.125101
0.127513
0.130036
0.132589
0.135081
0.137609
0.140242
0.142987
0.145685
0.148485
0.15128
0.154029
0.156804
0.159627
0.162227
0.164497
0.0231754
0.0235943
0.0227921
0.0219501
0.0220143
0.0222007
0.0222275
0.0227107
0.0237718
0.0249163
0.0258896
0.0267156
0.0274518
0.028184
0.0289362
0.0296981
0.0304982
0.0313229
0.0321751
0.0330783
0.0339444
0.0347459
0.0355655
0.036426
0.037295
0.0381636
0.03902
0.0398846
0.0407938
0.0417291
0.0426401
0.0435471
0.0445081
0.0455242
0.0465446
0.0475845
0.0486514
0.0497219
0.0507966
0.0518793
0.0529575
0.0540234
0.0551085
0.0562211
0.0573692
0.0585422
0.0597391
0.0609523
0.06219
0.0634649
0.0647633
0.0660806
0.0674228
0.0688047
0.0701937
0.0715667
0.0728895
0.0742021
0.0756577
0.0772613
0.078861
0.0804571
0.0820576
0.0836192
0.0851936
0.0868164
0.0885516
0.0903429
0.0921331
0.0938877
0.0956936
0.0975494
0.099432
0.101343
0.103294
0.105323
0.107344
0.109399
0.111526
0.113699
0.115934
0.118194
0.120415
0.122717
0.125103
0.127515
0.130035
0.132586
0.135079
0.137609
0.140243
0.142988
0.145685
0.148485
0.15128
0.154031
0.156807
0.159634
0.162237
0.164503
0.0231011
0.0235633
0.0229048
0.0221268
0.0221912
0.0224177
0.0224704
0.0228885
0.0238542
0.0249558
0.0259283
0.0267606
0.0275029
0.0282414
0.0289931
0.0297449
0.030532
0.0313517
0.0322077
0.0331108
0.0339667
0.0347582
0.0355795
0.0364485
0.0373175
0.0381767
0.03903
0.0399014
0.0408132
0.0417416
0.0426488
0.0435614
0.0445255
0.0455373
0.0465536
0.0475921
0.0486571
0.0497248
0.050798
0.0518814
0.05296
0.0540257
0.0551115
0.0562262
0.0573755
0.058547
0.0597422
0.0609559
0.0621946
0.0634683
0.0647651
0.0660822
0.0674243
0.0688042
0.0701907
0.0715636
0.0728927
0.0742133
0.0756683
0.0772645
0.078861
0.0804561
0.0820557
0.0836188
0.0851977
0.0868223
0.0885549
0.0903426
0.0921316
0.0938876
0.095695
0.0975508
0.0994329
0.101345
0.103296
0.105324
0.107345
0.109401
0.111527
0.1137
0.115934
0.118194
0.120415
0.122719
0.125105
0.127517
0.130035
0.132583
0.135078
0.13761
0.140244
0.142989
0.145686
0.148484
0.15128
0.154033
0.15681
0.159641
0.162246
0.164509
0.0230388
0.0235495
0.0230128
0.0222953
0.0223662
0.0226236
0.0227063
0.0230808
0.023954
0.0250014
0.0259671
0.0268051
0.0275543
0.0283009
0.0290534
0.0297947
0.0305676
0.0313819
0.0322418
0.0331448
0.0339902
0.0347714
0.0355947
0.0364723
0.0373411
0.0381906
0.0390406
0.039919
0.0408336
0.0417549
0.042658
0.0435759
0.0445433
0.0455509
0.0465629
0.0476
0.0486632
0.049728
0.0507996
0.0518837
0.0529629
0.0540282
0.0551146
0.0562315
0.057382
0.0585521
0.0597454
0.0609596
0.0621995
0.0634718
0.0647669
0.0660837
0.0674259
0.0688038
0.0701877
0.0715607
0.0728959
0.0742244
0.075679
0.0772679
0.0788608
0.0804551
0.0820536
0.0836183
0.0852016
0.0868281
0.0885582
0.0903423
0.0921302
0.0938875
0.0956963
0.0975523
0.099434
0.101347
0.103298
0.105324
0.107347
0.109404
0.111529
0.113702
0.115934
0.118194
0.120416
0.122721
0.125106
0.127519
0.130035
0.13258
0.135077
0.137611
0.140246
0.142989
0.145687
0.148484
0.15128
0.154035
0.156815
0.159648
0.162257
0.164515
0.0229781
0.023551
0.0231247
0.0224541
0.0225356
0.0228226
0.0229334
0.0232824
0.0240728
0.0250559
0.0260066
0.0268492
0.0276058
0.0283616
0.0291169
0.0298477
0.0306053
0.0314137
0.0322778
0.0331804
0.0340147
0.0347856
0.0356109
0.0364972
0.0373658
0.0382054
0.0390517
0.0399374
0.0408548
0.0417689
0.0426677
0.0435907
0.0445614
0.0455648
0.0465726
0.0476083
0.0486698
0.0497315
0.0508016
0.0518865
0.0529662
0.0540307
0.0551178
0.0562371
0.0573887
0.0585573
0.0597488
0.0609634
0.0622044
0.0634755
0.0647689
0.0660854
0.0674276
0.0688035
0.0701849
0.0715578
0.0728991
0.0742354
0.0756896
0.0772713
0.0788607
0.0804541
0.0820515
0.0836178
0.0852054
0.0868337
0.0885614
0.0903422
0.0921289
0.0938875
0.0956977
0.0975537
0.099435
0.101348
0.1033
0.105325
0.107348
0.109406
0.111531
0.113704
0.115935
0.118194
0.120418
0.122724
0.125108
0.127521
0.130035
0.132578
0.135076
0.137613
0.140248
0.14299
0.145687
0.148483
0.15128
0.154037
0.156819
0.159656
0.162267
0.164522
0.0229115
0.0235583
0.0232481
0.0226077
0.0226943
0.0230179
0.0231534
0.0234866
0.0242099
0.0251232
0.0260477
0.0268932
0.0276574
0.0284229
0.029183
0.0299042
0.0306454
0.0314473
0.0323158
0.0332177
0.0340402
0.0348007
0.0356283
0.0365234
0.0373918
0.038221
0.0390635
0.0399564
0.0408769
0.0417837
0.042678
0.043606
0.04458
0.0455792
0.0465826
0.0476171
0.0486768
0.0497354
0.0508038
0.0518897
0.0529698
0.0540335
0.0551211
0.0562428
0.0573957
0.0585628
0.0597522
0.0609673
0.0622096
0.0634794
0.0647709
0.0660871
0.0674293
0.0688034
0.0701822
0.0715552
0.0729023
0.0742461
0.0756999
0.0772748
0.0788607
0.0804531
0.0820494
0.0836174
0.0852091
0.0868392
0.0885647
0.0903421
0.0921277
0.0938876
0.0956992
0.0975552
0.0994361
0.10135
0.103302
0.105326
0.107349
0.109409
0.111533
0.113706
0.115935
0.118194
0.12042
0.122727
0.12511
0.127524
0.130036
0.132577
0.135076
0.137615
0.14025
0.14299
0.145688
0.148483
0.15128
0.15404
0.156825
0.159665
0.162278
0.16453
0.0228397
0.0235599
0.0233836
0.0227648
0.0228386
0.0232077
0.0233699
0.0236886
0.0243624
0.0252065
0.026092
0.0269366
0.0277097
0.0284849
0.0292508
0.0299637
0.0306881
0.031483
0.0323561
0.0332568
0.0340667
0.0348168
0.035647
0.0365508
0.037419
0.0382377
0.039076
0.0399761
0.0408999
0.0417994
0.0426889
0.0436217
0.0445991
0.0455942
0.046593
0.0476262
0.0486844
0.0497396
0.0508063
0.0518932
0.0529739
0.0540364
0.0551244
0.0562488
0.057403
0.0585684
0.0597557
0.0609712
0.0622149
0.0634834
0.064773
0.0660889
0.0674311
0.0688033
0.0701796
0.0715528
0.0729055
0.0742566
0.0757099
0.0772784
0.0788608
0.0804522
0.0820474
0.0836169
0.0852126
0.0868445
0.0885679
0.0903422
0.0921266
0.0938878
0.0957006
0.0975566
0.0994373
0.101352
0.103305
0.105327
0.107351
0.109412
0.111536
0.113708
0.115936
0.118194
0.120422
0.12273
0.125113
0.127526
0.130036
0.132575
0.135076
0.137618
0.140252
0.14299
0.145688
0.148482
0.15128
0.154043
0.15683
0.159674
0.162289
0.164537
0.0227712
0.023547
0.0235239
0.0229354
0.0229703
0.0233848
0.0235866
0.0238882
0.0245243
0.0253081
0.026143
0.0269789
0.027763
0.028548
0.0293196
0.0300256
0.0307334
0.0315213
0.0323992
0.0332981
0.0340943
0.0348338
0.035667
0.0365795
0.0374474
0.0382555
0.0390893
0.0399966
0.0409239
0.041816
0.0427005
0.0436379
0.0446186
0.0456095
0.0466039
0.0476359
0.0486925
0.0497442
0.0508091
0.0518972
0.0529783
0.0540396
0.0551279
0.0562549
0.0574106
0.0585743
0.0597594
0.0609753
0.0622205
0.0634877
0.0647752
0.0660908
0.067433
0.0688034
0.0701772
0.0715507
0.0729088
0.0742668
0.0757198
0.0772821
0.0788611
0.0804513
0.0820454
0.0836166
0.0852161
0.0868496
0.0885712
0.0903423
0.0921255
0.093888
0.0957021
0.0975581
0.0994386
0.101354
0.103307
0.105328
0.107353
0.109415
0.111538
0.11371
0.115937
0.118194
0.120425
0.122733
0.125115
0.127528
0.130037
0.132574
0.135076
0.137622
0.140254
0.14299
0.145688
0.148482
0.15128
0.154047
0.156836
0.159683
0.162301
0.164546
0.0227135
0.0235195
0.0236581
0.0231253
0.0230985
0.0235425
0.0238025
0.0240888
0.0246893
0.0254269
0.0262057
0.0270204
0.0278168
0.0286134
0.0293891
0.030089
0.0307811
0.0315624
0.0324453
0.0333418
0.0341233
0.034852
0.0356883
0.0366097
0.0374772
0.0382744
0.0391033
0.0400179
0.0409489
0.0418335
0.0427128
0.0436546
0.0446388
0.0456255
0.0466151
0.047646
0.048701
0.0497492
0.0508123
0.0519017
0.0529832
0.0540431
0.0551315
0.0562613
0.0574185
0.0585804
0.0597632
0.0609795
0.0622262
0.0634922
0.0647775
0.0660928
0.067435
0.0688036
0.070175
0.0715488
0.0729121
0.0742768
0.0757294
0.077286
0.0788615
0.0804506
0.0820436
0.0836164
0.0852195
0.0868547
0.0885745
0.0903425
0.0921246
0.0938884
0.0957037
0.0975595
0.0994399
0.101356
0.103309
0.10533
0.107354
0.109418
0.111541
0.113712
0.115938
0.118195
0.120427
0.122737
0.125117
0.127531
0.130038
0.132572
0.135077
0.137625
0.140257
0.14299
0.145689
0.148481
0.15128
0.15405
0.156843
0.159693
0.162314
0.164554
0.0226712
0.023484
0.0237751
0.0233286
0.0232364
0.0236807
0.0240102
0.0242944
0.024855
0.0255584
0.026284
0.0270634
0.0278694
0.0286821
0.02946
0.0301526
0.0308309
0.0316065
0.0324949
0.033388
0.0341537
0.0348714
0.0357109
0.0366413
0.0375084
0.0382946
0.0391181
0.0400399
0.0409751
0.0418522
0.0427257
0.0436719
0.0446596
0.0456422
0.0466269
0.0476566
0.0487102
0.0497547
0.0508159
0.0519066
0.0529886
0.0540469
0.0551353
0.0562678
0.0574268
0.0585867
0.059767
0.0609838
0.0622321
0.0634969
0.06478
0.0660949
0.0674371
0.068804
0.0701729
0.0715472
0.0729155
0.0742866
0.0757387
0.07729
0.0788621
0.08045
0.082042
0.0836163
0.0852228
0.0868597
0.0885778
0.0903428
0.0921237
0.0938888
0.0957053
0.097561
0.0994413
0.101358
0.103312
0.105331
0.107356
0.109421
0.111543
0.113714
0.115939
0.118195
0.12043
0.12274
0.125119
0.127533
0.130039
0.132571
0.135078
0.137629
0.140259
0.142991
0.145689
0.148481
0.15128
0.154054
0.15685
0.159703
0.162327
0.164564
0.0226457
0.0234496
0.0238704
0.0235328
0.0233933
0.0238074
0.0242004
0.0245049
0.0250259
0.0256968
0.0263781
0.0271126
0.0279196
0.0287538
0.0295337
0.0302156
0.0308818
0.0316538
0.032548
0.0334373
0.034186
0.0348921
0.0357348
0.0366742
0.0375412
0.0383162
0.0391339
0.0400628
0.0410024
0.041872
0.0427394
0.0436897
0.0446811
0.0456595
0.0466392
0.0476678
0.0487201
0.0497607
0.0508199
0.051912
0.0529946
0.054051
0.0551391
0.0562746
0.0574354
0.0585934
0.0597711
0.0609883
0.0622383
0.0635019
0.0647825
0.066097
0.0674394
0.0688045
0.0701711
0.0715458
0.072919
0.0742962
0.075748
0.0772941
0.0788629
0.0804494
0.0820405
0.0836164
0.085226
0.0868646
0.0885812
0.0903432
0.0921229
0.0938893
0.0957069
0.0975626
0.0994427
0.10136
0.103314
0.105332
0.107358
0.109424
0.111546
0.113716
0.11594
0.118195
0.120433
0.122744
0.125121
0.127535
0.13004
0.13257
0.135079
0.137632
0.140262
0.142991
0.14569
0.148481
0.15128
0.154058
0.156857
0.159713
0.16234
0.164573
0.022637
0.0234232
0.023949
0.0237255
0.0235667
0.023936
0.024369
0.0247117
0.0252069
0.0258394
0.0264843
0.0271729
0.0279691
0.0288268
0.0296119
0.0302781
0.0309323
0.031704
0.0326047
0.0334901
0.0342208
0.0349143
0.0357601
0.0367085
0.0375755
0.0383393
0.0391505
0.0400866
0.0410311
0.0418931
0.0427539
0.0437081
0.0447032
0.0456775
0.0466521
0.0476795
0.0487305
0.0497673
0.0508244
0.0519179
0.0530011
0.0540555
0.0551431
0.0562815
0.0574443
0.0586003
0.0597753
0.0609929
0.0622447
0.0635072
0.0647852
0.0660992
0.0674418
0.0688052
0.0701694
0.0715448
0.0729228
0.0743057
0.0757571
0.0772983
0.0788639
0.080449
0.0820392
0.0836166
0.0852292
0.0868694
0.0885847
0.0903437
0.0921222
0.0938899
0.0957086
0.0975641
0.0994442
0.101363
0.103317
0.105334
0.10736
0.109427
0.111549
0.113718
0.115941
0.118196
0.120435
0.122747
0.125124
0.127538
0.13004
0.132569
0.135079
0.137636
0.140265
0.142991
0.145691
0.148481
0.15128
0.154062
0.156864
0.159723
0.162354
0.164584
0.0226469
0.0234088
0.0240178
0.0238982
0.0237435
0.0240793
0.0245244
0.0249038
0.0253982
0.0259916
0.0265968
0.0272449
0.028022
0.0288993
0.0296947
0.0303417
0.0309814
0.0317565
0.032665
0.0335464
0.0342587
0.034938
0.0357867
0.0367444
0.0376115
0.0383639
0.0391681
0.0401111
0.0410611
0.0419155
0.0427692
0.0437271
0.044726
0.0456963
0.0466656
0.0476917
0.0487416
0.0497745
0.0508292
0.0519243
0.0530082
0.0540605
0.0551473
0.0562887
0.0574537
0.0586076
0.0597797
0.0609976
0.0622514
0.0635128
0.0647881
0.0661016
0.0674444
0.0688061
0.070168
0.0715441
0.0729266
0.074315
0.075766
0.0773026
0.078865
0.0804487
0.0820381
0.0836169
0.0852323
0.0868741
0.0885883
0.0903443
0.0921215
0.0938906
0.0957103
0.0975657
0.0994457
0.101365
0.10332
0.105336
0.107362
0.10943
0.111551
0.11372
0.115942
0.118196
0.120438
0.122751
0.125126
0.12754
0.130041
0.132567
0.13508
0.137639
0.140267
0.142992
0.145691
0.148481
0.151281
0.154067
0.156871
0.159734
0.162368
0.164595
0.0226796
0.0234127
0.0240834
0.0240512
0.0239089
0.0242372
0.0246813
0.0250743
0.0255902
0.0261607
0.0267141
0.0273243
0.0280834
0.0289723
0.0297802
0.0304078
0.0310289
0.0318102
0.0327287
0.0336062
0.0343005
0.0349638
0.0358141
0.0367822
0.0376494
0.0383901
0.0391867
0.0401364
0.0410926
0.0419394
0.0427853
0.0437467
0.0447496
0.0457158
0.0466798
0.0477045
0.0487533
0.0497824
0.0508347
0.0519313
0.053016
0.0540659
0.0551516
0.0562961
0.0574634
0.0586153
0.0597843
0.0610024
0.0622583
0.0635186
0.064791
0.066104
0.0674472
0.0688071
0.0701668
0.0715437
0.0729306
0.074324
0.0757748
0.077307
0.0788663
0.0804484
0.0820371
0.0836173
0.0852353
0.0868788
0.0885919
0.090345
0.092121
0.0938914
0.0957121
0.0975673
0.0994474
0.101367
0.103323
0.105338
0.107364
0.109433
0.111554
0.113722
0.115943
0.118196
0.12044
0.122754
0.125129
0.127542
0.130042
0.132566
0.135081
0.137643
0.14027
0.142992
0.145692
0.148481
0.151281
0.154072
0.156879
0.159745
0.162383
0.164606
0.0227312
0.0234433
0.024153
0.0241921
0.0240513
0.0243947
0.0248557
0.0252319
0.0257683
0.0263477
0.0268432
0.0274051
0.0281536
0.0290502
0.0298669
0.0304774
0.031076
0.0318632
0.0327955
0.0336694
0.0343462
0.0349926
0.0358423
0.0368214
0.0376898
0.0384177
0.039206
0.0401626
0.0411256
0.041965
0.0428023
0.0437669
0.0447739
0.0457361
0.0466946
0.047718
0.0487658
0.0497909
0.0508407
0.0519387
0.0530244
0.0540718
0.0551562
0.0563036
0.0574734
0.0586234
0.059789
0.0610074
0.0622655
0.0635247
0.0647942
0.0661065
0.0674502
0.0688084
0.0701659
0.0715435
0.0729347
0.0743329
0.0757834
0.0773115
0.0788678
0.0804483
0.0820364
0.0836179
0.0852383
0.0868833
0.0885955
0.0903458
0.0921205
0.0938923
0.095714
0.0975691
0.0994491
0.10137
0.103325
0.105339
0.107367
0.109437
0.111557
0.113725
0.115944
0.118196
0.120443
0.122758
0.125131
0.127545
0.130043
0.132565
0.135082
0.137646
0.140273
0.142993
0.145693
0.148481
0.151282
0.154077
0.156888
0.159756
0.162399
0.164618
0.0227867
0.023506
0.0242341
0.0243289
0.0241697
0.0245316
0.0250516
0.0253967
0.0259223
0.0265416
0.0269946
0.0274856
0.0282265
0.0291366
0.0299556
0.0305499
0.0311247
0.0319145
0.0328643
0.0337371
0.0343958
0.0350245
0.0358714
0.0368616
0.0377331
0.0384474
0.0392258
0.0401895
0.0411603
0.0419923
0.04282
0.0437876
0.0447993
0.0457574
0.0467101
0.0477321
0.048779
0.0498002
0.0508472
0.0519467
0.0530334
0.0540784
0.0551611
0.0563112
0.0574839
0.0586319
0.0597941
0.0610125
0.0622729
0.0635311
0.0647974
0.0661091
0.0674534
0.06881
0.0701652
0.0715437
0.0729389
0.0743416
0.0757918
0.0773161
0.0788695
0.0804484
0.0820359
0.0836187
0.0852412
0.0868877
0.0885992
0.0903467
0.0921201
0.0938933
0.0957159
0.0975708
0.0994509
0.101372
0.103328
0.105341
0.107369
0.10944
0.111559
0.113727
0.115946
0.118197
0.120445
0.122761
0.125134
0.127547
0.130044
0.132564
0.135083
0.137649
0.140275
0.142993
0.145693
0.148482
0.151282
0.154082
0.156897
0.159768
0.162415
0.164631
0.0228272
0.023597
0.0243343
0.0244704
0.0242767
0.0246294
0.0252511
0.0255912
0.0260574
0.0267232
0.027174
0.0275766
0.0282946
0.0292299
0.03005
0.0306251
0.0311761
0.0319634
0.0329328
0.0338101
0.0344499
0.0350593
0.0359024
0.0369028
0.0377791
0.0384799
0.039246
0.0402166
0.0411968
0.0420218
0.0428388
0.0438085
0.0448255
0.0457798
0.0467262
0.0477469
0.0487932
0.0498103
0.0508543
0.0519554
0.0530431
0.0540854
0.0551662
0.056319
0.0574947
0.0586409
0.0597994
0.0610178
0.0622807
0.0635379
0.0648009
0.0661118
0.0674569
0.0688118
0.0701648
0.0715442
0.0729433
0.0743501
0.0758001
0.0773207
0.0788713
0.0804485
0.0820356
0.0836196
0.085244
0.086892
0.0886029
0.0903478
0.0921198
0.0938944
0.0957179
0.0975726
0.0994528
0.101375
0.103331
0.105344
0.107371
0.109443
0.111562
0.11373
0.115947
0.118197
0.120448
0.122765
0.125137
0.12755
0.130045
0.132563
0.135084
0.137653
0.140278
0.142994
0.145694
0.148483
0.151283
0.154088
0.156906
0.15978
0.162431
0.164644
0.0228359
0.0236998
0.0244563
0.0246208
0.0243879
0.0246847
0.0254281
0.0258301
0.0261974
0.026872
0.0273707
0.0276941
0.0283561
0.029322
0.0301533
0.0307058
0.0312314
0.03201
0.0329983
0.0338883
0.03451
0.0350959
0.0359348
0.0369457
0.0378275
0.0385158
0.0392673
0.0402434
0.0412349
0.0420537
0.0428587
0.0438296
0.0448525
0.0458034
0.046743
0.0477621
0.0488082
0.0498214
0.050862
0.0519646
0.0530538
0.0540932
0.0551716
0.0563271
0.0575059
0.0586503
0.059805
0.0610232
0.0622886
0.063545
0.0648046
0.0661146
0.0674605
0.0688139
0.0701647
0.0715449
0.0729478
0.0743583
0.0758082
0.0773255
0.0788733
0.0804489
0.0820355
0.0836206
0.0852468
0.0868962
0.0886066
0.0903489
0.0921197
0.0938956
0.09572
0.0975745
0.0994548
0.101377
0.103335
0.105346
0.107374
0.109447
0.111565
0.113732
0.115948
0.118198
0.120451
0.122768
0.125139
0.127553
0.130046
0.132562
0.135085
0.137656
0.140281
0.142995
0.145695
0.148484
0.151285
0.154093
0.156916
0.159792
0.162448
0.164659
0.0228172
0.0237915
0.0245947
0.0247811
0.0245162
0.0247134
0.0255552
0.0261027
0.0263721
0.0269803
0.02756
0.0278513
0.0284233
0.0294026
0.0302626
0.0307971
0.0312932
0.0320553
0.0330584
0.0339707
0.0345786
0.0351344
0.0359674
0.036991
0.0378785
0.0385546
0.0392903
0.0402698
0.0412741
0.0420885
0.04288
0.043851
0.0448803
0.0458285
0.0467608
0.0477778
0.048824
0.0498335
0.0508703
0.0519742
0.0530651
0.0541017
0.0551771
0.0563353
0.0575176
0.0586604
0.0598109
0.0610287
0.0622968
0.0635524
0.0648084
0.0661175
0.0674644
0.0688164
0.0701648
0.071546
0.0729523
0.0743663
0.075816
0.0773303
0.0788754
0.0804494
0.0820358
0.0836219
0.0852495
0.0869002
0.0886104
0.0903502
0.0921197
0.093897
0.0957222
0.0975764
0.0994569
0.10138
0.103338
0.105348
0.107376
0.10945
0.111568
0.113735
0.115949
0.118199
0.120453
0.122772
0.125142
0.127555
0.130047
0.132561
0.135085
0.137659
0.140284
0.142996
0.145696
0.148486
0.151286
0.154099
0.156926
0.159804
0.162466
0.164673
0.0227936
0.0238473
0.0247366
0.0249562
0.0246711
0.0247386
0.0256179
0.0263783
0.026608
0.0270674
0.0277106
0.0280423
0.0285156
0.0294674
0.030368
0.0309011
0.0313658
0.0321011
0.0331108
0.034054
0.0346579
0.0351768
0.035998
0.0370388
0.0379339
0.0385962
0.0393151
0.0402963
0.0413137
0.042126
0.0429033
0.0438724
0.0449087
0.0458549
0.0467797
0.0477942
0.0488407
0.0498467
0.0508795
0.0519843
0.0530773
0.0541113
0.0551831
0.0563435
0.0575297
0.0586709
0.059817
0.0610344
0.0623054
0.0635602
0.0648125
0.0661206
0.0674685
0.0688192
0.0701654
0.0715473
0.0729571
0.0743742
0.0758237
0.0773352
0.0788778
0.0804501
0.0820363
0.0836233
0.0852521
0.0869042
0.0886142
0.0903516
0.0921198
0.0938985
0.0957244
0.0975783
0.0994591
0.101383
0.103341
0.105351
0.107379
0.109454
0.111571
0.113738
0.115951
0.118199
0.120456
0.122775
0.125145
0.127558
0.130048
0.132561
0.135086
0.137662
0.140286
0.142998
0.145697
0.148488
0.151288
0.154106
0.156936
0.159817
0.162484
0.164689
0.0227682
0.0238373
0.0248677
0.0251622
0.0248674
0.0247906
0.0256268
0.0266199
0.0269103
0.0271675
0.0278018
0.0282417
0.0286525
0.0295291
0.0304585
0.0310133
0.0314532
0.032152
0.0331547
0.0341331
0.034748
0.0352268
0.0360247
0.0370862
0.0379953
0.0386414
0.039341
0.0403234
0.0413539
0.0421659
0.0429289
0.0438941
0.0449375
0.0458829
0.0467997
0.0478112
0.0488581
0.0498609
0.0508897
0.051995
0.05309
0.0541217
0.0551896
0.0563518
0.0575422
0.0586823
0.0598235
0.0610401
0.0623142
0.0635684
0.0648168
0.0661238
0.0674729
0.0688224
0.0701663
0.0715489
0.0729619
0.0743819
0.0758312
0.0773402
0.0788803
0.080451
0.0820372
0.083625
0.0852547
0.0869081
0.0886181
0.0903532
0.09212
0.0939001
0.0957268
0.0975803
0.0994614
0.101386
0.103344
0.105353
0.107382
0.109457
0.111574
0.113741
0.115952
0.1182
0.120459
0.122779
0.125148
0.127561
0.130049
0.13256
0.135088
0.137666
0.140289
0.142999
0.145699
0.14849
0.15129
0.154112
0.156947
0.15983
0.162502
0.164706
0.0227218
0.0237597
0.0249807
0.0254096
0.0251205
0.0249018
0.025613
0.0267939
0.0272516
0.0273234
0.0278454
0.0284144
0.0288351
0.0296093
0.0305322
0.0311235
0.0315556
0.0322154
0.0331941
0.0342021
0.0348463
0.0352895
0.0360487
0.0371294
0.0380635
0.0386928
0.0393669
0.0403505
0.0413955
0.0422076
0.0429567
0.0439165
0.0449668
0.0459124
0.0468208
0.0478288
0.0488767
0.0498762
0.0509006
0.0520064
0.0531036
0.054133
0.0551967
0.0563601
0.057555
0.0586943
0.0598304
0.0610458
0.0623234
0.0635773
0.0648214
0.0661271
0.0674776
0.0688259
0.0701675
0.0715508
0.0729668
0.0743895
0.0758384
0.0773452
0.0788831
0.0804521
0.0820383
0.0836269
0.0852573
0.0869119
0.0886221
0.0903548
0.0921204
0.0939019
0.0957293
0.0975823
0.0994637
0.101389
0.103348
0.105356
0.107385
0.109461
0.111577
0.113744
0.115954
0.118201
0.120461
0.122782
0.125151
0.127564
0.13005
0.13256
0.135089
0.137669
0.140292
0.143001
0.1457
0.148492
0.151292
0.154119
0.156959
0.159844
0.16252
0.164723
0.0226462
0.0236331
0.0250594
0.0256865
0.0254256
0.0250845
0.0256119
0.0268819
0.0275885
0.0275654
0.0278792
0.0285255
0.0290378
0.0297303
0.0306026
0.0312209
0.0316639
0.0322972
0.0332379
0.0342571
0.0349455
0.0353699
0.0360745
0.037164
0.0381364
0.0387546
0.0393935
0.0403758
0.0414394
0.0422521
0.0429858
0.0439396
0.0449968
0.0459434
0.0468433
0.0478469
0.0488961
0.049893
0.0509122
0.0520185
0.0531181
0.0541453
0.0552043
0.0563686
0.0575682
0.0587071
0.0598379
0.0610516
0.0623326
0.0635866
0.0648263
0.0661305
0.0674826
0.0688299
0.0701693
0.071553
0.0729718
0.074397
0.0758456
0.0773504
0.0788861
0.0804534
0.0820398
0.0836291
0.0852598
0.0869156
0.0886262
0.0903567
0.0921209
0.0939039
0.0957319
0.0975844
0.0994662
0.101392
0.103351
0.105358
0.107388
0.109465
0.111581
0.113747
0.115956
0.118203
0.120464
0.122785
0.125155
0.127567
0.130051
0.13256
0.13509
0.137672
0.140295
0.143002
0.145702
0.148495
0.151295
0.154126
0.156971
0.159858
0.162539
0.164741
0.0226788
0.0235191
0.0250659
0.0259427
0.0257678
0.0253361
0.0256508
0.0268932
0.0278677
0.0278846
0.0279525
0.0285724
0.029221
0.0298954
0.0306918
0.0313047
0.0317646
0.0323937
0.0332972
0.0343007
0.035035
0.0354675
0.0361097
0.0371869
0.0382084
0.0388293
0.0394238
0.0403964
0.0414847
0.0423012
0.0430161
0.0439626
0.0450279
0.0459763
0.0468673
0.0478654
0.0489164
0.0499115
0.0509248
0.0520308
0.0531338
0.0541587
0.0552123
0.0563773
0.0575818
0.0587206
0.0598461
0.0610576
0.062342
0.0635964
0.0648317
0.066134
0.0674877
0.0688342
0.0701713
0.0715555
0.0729768
0.0744044
0.0758526
0.0773555
0.0788893
0.0804549
0.0820415
0.0836316
0.0852624
0.0869192
0.0886303
0.0903588
0.0921215
0.0939059
0.0957346
0.0975865
0.0994688
0.101395
0.103355
0.105361
0.107391
0.109469
0.111584
0.113751
0.115958
0.118204
0.120467
0.122789
0.125158
0.12757
0.130053
0.132559
0.135091
0.137675
0.140298
0.143004
0.145704
0.148497
0.151298
0.154133
0.156984
0.159872
0.162559
0.164759
0.0227785
0.0234443
0.0250014
0.0261331
0.026129
0.0256548
0.0257513
0.0268613
0.0280519
0.0282429
0.0281158
0.028588
0.0293445
0.0300814
0.030821
0.0313903
0.0318465
0.032492
0.0333815
0.0343456
0.035106
0.0355748
0.0361634
0.0372005
0.0382723
0.0389177
0.0394633
0.0404114
0.0415283
0.0423567
0.043049
0.043984
0.0450597
0.0460119
0.0468929
0.0478841
0.0489371
0.0499317
0.0509387
0.0520433
0.0531502
0.0541736
0.0552209
0.0563858
0.0575958
0.058735
0.0598546
0.0610636
0.0623515
0.0636067
0.0648376
0.0661377
0.0674932
0.0688391
0.0701739
0.0715584
0.072982
0.0744117
0.0758596
0.0773607
0.0788928
0.0804567
0.0820435
0.0836343
0.085265
0.0869226
0.0886346
0.0903611
0.0921222
0.0939082
0.0957376
0.0975888
0.0994714
0.101399
0.103359
0.105364
0.107394
0.109472
0.111587
0.113754
0.115959
0.118206
0.12047
0.122792
0.125161
0.127573
0.130054
0.132559
0.135093
0.137678
0.1403
0.143006
0.145706
0.1485
0.151302
0.154141
0.156997
0.159887
0.162578
0.164779
0.0229561
0.0234368
0.0248977
0.0262334
0.0264817
0.0260332
0.0259267
0.0268243
0.028134
0.0285925
0.0283837
0.0286198
0.0293987
0.0302542
0.0309924
0.0315006
0.0319144
0.0325746
0.0334851
0.0344093
0.0351589
0.0356775
0.0362414
0.0372147
0.0383204
0.0390149
0.039518
0.0404226
0.0415663
0.0424186
0.0430876
0.0440032
0.0450906
0.0460509
0.0469208
0.0479029
0.0489581
0.0499536
0.0509542
0.0520561
0.0531672
0.0541902
0.0552306
0.056394
0.05761
0.0587505
0.0598639
0.0610698
0.0623613
0.0636175
0.064844
0.0661417
0.0674989
0.0688444
0.0701769
0.0715616
0.0729872
0.074419
0.0758666
0.0773659
0.0788965
0.0804588
0.0820457
0.0836373
0.0852677
0.0869259
0.0886389
0.0903636
0.0921231
0.0939104
0.0957407
0.0975911
0.0994741
0.101402
0.103363
0.105367
0.107398
0.109477
0.111591
0.113757
0.115962
0.118208
0.120473
0.122795
0.125164
0.127577
0.130055
0.13256
0.135094
0.137682
0.140303
0.143009
0.145708
0.148504
0.151306
0.154149
0.157011
0.159902
0.162598
0.164799
0.023187
0.0235016
0.0247983
0.0262465
0.0267835
0.0264478
0.026182
0.0268218
0.0281351
0.0288809
0.0287273
0.0287198
0.0294083
0.0303751
0.031183
0.0316543
0.0319882
0.0326276
0.0335884
0.0345063
0.0352098
0.0357601
0.0363377
0.0372422
0.03835
0.0391117
0.0395924
0.0404353
0.041595
0.0424842
0.0431348
0.0440214
0.045118
0.0460932
0.0469529
0.0479217
0.0489787
0.049977
0.0509719
0.0520698
0.0531844
0.0542081
0.0552415
0.0564021
0.0576242
0.0587674
0.0598741
0.0610759
0.0623712
0.0636289
0.0648508
0.0661458
0.0675049
0.0688502
0.0701803
0.0715651
0.0729926
0.0744262
0.0758736
0.0773713
0.0789003
0.0804612
0.0820483
0.0836407
0.0852705
0.0869291
0.0886433
0.0903664
0.0921241
0.0939129
0.095744
0.0975934
0.0994769
0.101406
0.103367
0.105371
0.107401
0.109481
0.111594
0.113761
0.115964
0.11821
0.120477
0.122798
0.125168
0.12758
0.130057
0.13256
0.135096
0.137685
0.140306
0.143011
0.145711
0.148508
0.15131
0.154157
0.157025
0.159918
0.162618
0.16482
0.0234423
0.0236301
0.0247478
0.0262078
0.0270002
0.0268592
0.0265124
0.0268869
0.0280939
0.0290738
0.0290986
0.0289179
0.0294141
0.0304289
0.0313592
0.031851
0.0320952
0.0326582
0.0336651
0.0346318
0.035283
0.0358179
0.0364345
0.0372958
0.0383698
0.0391962
0.0396856
0.0404572
0.0416132
0.0425492
0.0431923
0.0440419
0.0451405
0.0461366
0.0469905
0.0479417
0.0489982
0.0500017
0.0509916
0.0520841
0.0532021
0.0542274
0.055254
0.0564102
0.0576379
0.0587853
0.0598853
0.0610818
0.0623811
0.0636409
0.0648582
0.0661501
0.0675113
0.0688567
0.0701842
0.0715689
0.0729982
0.0744334
0.0758806
0.0773768
0.0789044
0.0804638
0.0820511
0.0836443
0.0852734
0.0869323
0.0886478
0.0903695
0.0921253
0.0939154
0.0957476
0.097596
0.0994797
0.101409
0.103371
0.105374
0.107405
0.109485
0.111598
0.113764
0.115966
0.118212
0.12048
0.122802
0.125171
0.127584
0.130059
0.13256
0.135097
0.137688
0.140309
0.143014
0.145713
0.148511
0.151316
0.154165
0.15704
0.159934
0.162638
0.164841
0.02371
0.0238126
0.0247589
0.0261553
0.0271275
0.0272213
0.0268929
0.0270387
0.0280545
0.0291697
0.0294415
0.0292067
0.0294668
0.0304326
0.0314858
0.0320675
0.0322573
0.0326918
0.0336961
0.034761
0.0354008
0.0358688
0.0365098
0.0373733
0.0383964
0.0392599
0.0397886
0.0404969
0.0416234
0.0426086
0.0432594
0.0440676
0.0451581
0.0461784
0.0470341
0.0479652
0.0490159
0.0500265
0.0510139
0.0520997
0.05322
0.0542479
0.0552678
0.0564184
0.0576514
0.0588042
0.0598981
0.061088
0.0623911
0.0636538
0.0648662
0.0661544
0.0675178
0.0688638
0.0701887
0.071573
0.0730041
0.0744407
0.0758875
0.0773824
0.0789087
0.0804667
0.0820543
0.0836482
0.0852765
0.0869354
0.0886523
0.0903728
0.0921267
0.0939179
0.0957512
0.0975988
0.0994827
0.101413
0.103375
0.105377
0.107408
0.109489
0.111602
0.113768
0.115968
0.118214
0.120484
0.122805
0.125175
0.127587
0.13006
0.132561
0.135099
0.137692
0.140312
0.143017
0.145717
0.148516
0.151321
0.154174
0.157055
0.159951
0.162659
0.164863
0.0239817
0.0240419
0.0248228
0.0261166
0.0271903
0.027508
0.0272878
0.0272764
0.0280587
0.0291954
0.0297121
0.0295487
0.0296025
0.0304198
0.0315457
0.0322725
0.0324739
0.0327598
0.0336875
0.0348606
0.0355616
0.0359417
0.0365524
0.0374546
0.0384479
0.0393082
0.0398865
0.0405586
0.0416333
0.042657
0.0433336
0.0441021
0.0451733
0.0462166
0.0470816
0.0479938
0.0490332
0.0500501
0.0510384
0.0521171
0.0532381
0.05427
0.0552835
0.056427
0.0576646
0.0588239
0.0599122
0.0610943
0.0624005
0.0636672
0.064875
0.0661589
0.0675246
0.0688717
0.0701938
0.0715771
0.07301
0.074448
0.0758944
0.0773882
0.0789133
0.0804698
0.0820577
0.0836524
0.0852797
0.0869385
0.0886568
0.0903764
0.0921283
0.0939206
0.0957551
0.0976016
0.0994857
0.101417
0.103379
0.105381
0.107412
0.109494
0.111606
0.113772
0.115971
0.118217
0.120487
0.122808
0.125178
0.127591
0.130062
0.132562
0.135101
0.137695
0.140315
0.14302
0.14572
0.14852
0.151327
0.154184
0.15707
0.159968
0.16268
0.164886
0.0242336
0.0243068
0.0249365
0.0261042
0.0272188
0.0277212
0.0276577
0.0275778
0.0281312
0.0291894
0.0298966
0.0298956
0.0298263
0.0304337
0.0315499
0.0324324
0.0327203
0.0328891
0.0336685
0.0349026
0.0357373
0.0360673
0.0365793
0.0375125
0.0385274
0.0393603
0.0399658
0.0406356
0.0416543
0.042693
0.0434097
0.0441476
0.0451875
0.0462502
0.0471313
0.0480284
0.049052
0.0500717
0.051064
0.0521371
0.0532569
0.054293
0.0553008
0.0564354
0.0576772
0.0588442
0.0599276
0.0611013
0.06241
0.0636814
0.064885
0.0661636
0.0675312
0.0688802
0.0701997
0.0715815
0.073016
0.0744556
0.0759014
0.0773941
0.0789181
0.0804731
0.0820614
0.083657
0.0852831
0.0869417
0.0886615
0.0903803
0.0921301
0.0939233
0.0957591
0.0976048
0.0994888
0.101421
0.103384
0.105385
0.107415
0.109498
0.11161
0.113776
0.115973
0.11822
0.120491
0.122811
0.125182
0.127595
0.130064
0.132563
0.135103
0.137699
0.140318
0.143023
0.145725
0.148525
0.151334
0.154194
0.157086
0.159986
0.162701
0.164909
0.0244353
0.0245841
0.0251047
0.0261254
0.0272344
0.027878
0.0279794
0.0279114
0.0282757
0.0291914
0.0300087
0.0302002
0.0301107
0.0305106
0.0315284
0.0325284
0.0329639
0.0330839
0.0336757
0.0348882
0.0358893
0.0362506
0.0366241
0.0375284
0.0386128
0.039439
0.0400289
0.0407114
0.041695
0.0427223
0.0434794
0.044205
0.0452048
0.0462786
0.0471819
0.048068
0.0490739
0.0500926
0.051089
0.0521591
0.0532768
0.0543166
0.0553203
0.0564447
0.0576894
0.0588657
0.0599448
0.0611086
0.062419
0.063696
0.0648957
0.0661685
0.0675378
0.0688893
0.0702066
0.0715862
0.073022
0.0744634
0.0759084
0.0774002
0.0789233
0.0804766
0.0820654
0.083662
0.0852866
0.0869447
0.0886662
0.0903844
0.0921322
0.0939261
0.0957632
0.0976081
0.099492
0.101425
0.103388
0.105389
0.107419
0.109502
0.111614
0.11378
0.115976
0.118223
0.120495
0.122815
0.125185
0.127599
0.130066
0.132564
0.135106
0.137703
0.140321
0.143026
0.145729
0.14853
0.151341
0.154204
0.157102
0.160004
0.162722
0.164933
0.0245791
0.024843
0.025322
0.0261936
0.0272506
0.0279939
0.0282472
0.0282432
0.0284802
0.02923
0.0300754
0.0304423
0.0304177
0.0306631
0.031521
0.0325653
0.033169
0.0333226
0.0337411
0.034846
0.0359818
0.0364635
0.036725
0.0375161
0.0386708
0.0395526
0.0400976
0.0407686
0.0417511
0.0427581
0.043538
0.0442706
0.0452298
0.0463005
0.0472316
0.0481133
0.0490991
0.0501136
0.051113
0.0521821
0.0532989
0.0543415
0.0553419
0.0564549
0.0577004
0.0588876
0.0599635
0.0611158
0.0624275
0.0637116
0.0649079
0.0661738
0.0675445
0.0688987
0.0702141
0.0715913
0.0730279
0.0744713
0.0759156
0.0774064
0.0789289
0.0804803
0.0820695
0.0836673
0.0852903
0.0869479
0.0886711
0.0903888
0.0921346
0.093929
0.0957675
0.0976117
0.0994953
0.101429
0.103393
0.105394
0.107423
0.109507
0.111619
0.113784
0.115979
0.118226
0.120499
0.122818
0.125189
0.127603
0.130069
0.132566
0.135108
0.137706
0.140324
0.14303
0.145734
0.148535
0.151349
0.154215
0.157118
0.160023
0.162744
0.164957
0.0246889
0.0250589
0.0255605
0.0263167
0.0272835
0.0280804
0.0284639
0.0285508
0.0287262
0.029319
0.0301245
0.030624
0.030709
0.0308737
0.031561
0.0325673
0.0333144
0.0335744
0.0338753
0.0348132
0.0360076
0.0366646
0.0368966
0.037513
0.0386744
0.0396779
0.0401999
0.0408056
0.041804
0.0428124
0.0435881
0.0443347
0.0452677
0.0463191
0.047276
0.0481643
0.0491282
0.0501351
0.0511376
0.0522054
0.0533222
0.0543678
0.0553647
0.0564658
0.0577103
0.0589101
0.0599849
0.0611239
0.0624353
0.063728
0.0649214
0.066179
0.067551
0.0689088
0.0702225
0.071597
0.0730339
0.0744793
0.075923
0.0774127
0.0789347
0.0804843
0.0820738
0.0836731
0.0852942
0.0869509
0.0886762
0.0903935
0.0921371
0.0939319
0.095772
0.0976156
0.0994988
0.101433
0.103398
0.105398
0.107427
0.109512
0.111624
0.113788
0.115982
0.118229
0.120503
0.122821
0.125193
0.127607
0.130071
0.132568
0.135111
0.13771
0.140328
0.143034
0.14574
0.148541
0.151357
0.154227
0.157134
0.160042
0.162766
0.164981
0.0247878
0.0252315
0.0257832
0.0264833
0.0273539
0.0281547
0.0286371
0.0288223
0.0289897
0.0294573
0.0301777
0.0307572
0.030966
0.0311167
0.0316606
0.032568
0.0333997
0.033806
0.0340651
0.0348227
0.0359896
0.0368146
0.0371133
0.0375627
0.0386328
0.0397764
0.040351
0.0408468
0.0418314
0.0428837
0.0436446
0.0443888
0.0453169
0.0463414
0.0473113
0.0482194
0.049165
0.0501562
0.0511617
0.0522291
0.0533455
0.0543958
0.0553902
0.0564782
0.0577197
0.0589326
0.060009
0.0611327
0.0624412
0.0637448
0.064937
0.0661845
0.0675574
0.0689197
0.0702315
0.071603
0.0730402
0.0744874
0.0759306
0.0774193
0.0789409
0.0804886
0.0820782
0.0836793
0.0852985
0.0869539
0.0886813
0.0903986
0.0921399
0.0939349
0.0957766
0.0976196
0.0995024
0.101438
0.103403
0.105403
0.107431
0.109516
0.111628
0.113793
0.115986
0.118233
0.120507
0.122825
0.125196
0.127612
0.130073
0.13257
0.135114
0.137714
0.140331
0.143037
0.145746
0.148547
0.151365
0.154239
0.157151
0.160062
0.162788
0.165006
0.0248801
0.0253856
0.0259805
0.0266706
0.0274666
0.0282351
0.028778
0.0290557
0.0292479
0.0296336
0.0302544
0.0308583
0.0311845
0.0313667
0.0318076
0.0325964
0.0334444
0.0339927
0.0342844
0.0348897
0.0359625
0.0369006
0.0373328
0.0376884
0.0385859
0.0398112
0.0405288
0.0409268
0.041827
0.0429514
0.0437227
0.0444319
0.0453666
0.0463764
0.0473381
0.0482712
0.0492121
0.0501788
0.0511831
0.0522545
0.0533697
0.0544249
0.0554185
0.0564918
0.0577277
0.0589544
0.0600354
0.0611433
0.0624456
0.0637616
0.0649552
0.0661906
0.0675628
0.0689312
0.0702414
0.0716091
0.0730468
0.0744958
0.0759383
0.077426
0.0789473
0.0804931
0.0820826
0.0836859
0.0853031
0.0869568
0.0886865
0.090404
0.0921428
0.0939378
0.0957815
0.097624
0.0995061
0.101442
0.103408
0.105408
0.107435
0.109521
0.111633
0.113797
0.115989
0.118237
0.120512
0.122828
0.1252
0.127616
0.130076
0.132572
0.135117
0.137718
0.140335
0.143042
0.145752
0.148553
0.151374
0.154252
0.157168
0.160082
0.16281
0.16503
0.0249617
0.0255381
0.026164
0.0268538
0.0276029
0.0283341
0.0289064
0.0292594
0.0294879
0.0298265
0.0303618
0.0309454
0.0313627
0.0316063
0.0319842
0.0326657
0.0334766
0.0341275
0.0345047
0.0350096
0.0359568
0.0369396
0.0375145
0.0378712
0.0385806
0.0397796
0.0406902
0.0410719
0.0418153
0.0429876
0.0438264
0.0444808
0.0454047
0.0464254
0.0473644
0.0483109
0.0492682
0.0502104
0.0512002
0.0522798
0.0533969
0.0544538
0.0554486
0.0565073
0.0577342
0.0589759
0.0600649
0.0611563
0.0624484
0.0637771
0.0649757
0.0661981
0.0675672
0.0689434
0.0702527
0.0716151
0.0730533
0.0745048
0.0759462
0.0774329
0.0789541
0.0804979
0.0820871
0.0836928
0.0853084
0.0869596
0.0886917
0.09041
0.0921461
0.0939406
0.0957865
0.0976287
0.09951
0.101446
0.103413
0.105413
0.107439
0.109526
0.111639
0.113801
0.115992
0.118241
0.120516
0.122832
0.125205
0.12762
0.130078
0.132574
0.135121
0.137721
0.140339
0.143046
0.145759
0.14856
0.151383
0.154266
0.157185
0.160102
0.162833
0.165055
0.025033
0.0256769
0.0263394
0.0270289
0.0277499
0.0284538
0.0290357
0.0294395
0.0297056
0.0300184
0.0304952
0.0310402
0.0315072
0.031825
0.0321756
0.0327703
0.033521
0.0342198
0.0347
0.0351666
0.0359893
0.0369589
0.037643
0.0380716
0.0386476
0.0397205
0.0407895
0.0412666
0.0418359
0.0429768
0.0439342
0.0445544
0.0454266
0.0464786
0.0474041
0.0483366
0.0493232
0.0502565
0.0512151
0.0522988
0.0534277
0.0544848
0.0554798
0.056526
0.0577403
0.0589959
0.0600969
0.0611715
0.0624498
0.0637913
0.0649983
0.0662079
0.0675709
0.0689552
0.0702655
0.0716214
0.0730595
0.0745143
0.0759547
0.0774397
0.0789611
0.0805032
0.0820916
0.0836998
0.0853142
0.0869624
0.0886966
0.0904164
0.0921498
0.0939433
0.0957918
0.0976338
0.0995137
0.10145
0.103419
0.105418
0.107443
0.109531
0.111644
0.113806
0.115996
0.118246
0.12052
0.122836
0.125209
0.127625
0.130081
0.132577
0.135125
0.137725
0.140344
0.143051
0.145766
0.148568
0.151392
0.15428
0.157203
0.160122
0.162856
0.165081
0.0251077
0.0257928
0.0265027
0.0272046
0.0279063
0.0285853
0.0291648
0.0296027
0.0299084
0.0302071
0.030642
0.0311523
0.0316289
0.0320123
0.0323715
0.0329008
0.0335893
0.0342898
0.034858
0.0353404
0.0360598
0.0369818
0.0377312
0.0382523
0.0387774
0.0396821
0.0408113
0.0414667
0.0419249
0.0429388
0.0440141
0.0446627
0.0454456
0.0465194
0.0474637
0.0483582
0.0493649
0.0503176
0.0512384
0.0523077
0.0534578
0.0545215
0.0555115
0.0565457
0.0577458
0.0590133
0.0601318
0.0611906
0.0624502
0.0638039
0.0650222
0.0662196
0.0675745
0.0689665
0.0702796
0.0716286
0.073065
0.0745239
0.0759642
0.0774467
0.078968
0.0805089
0.0820963
0.0837069
0.0853207
0.0869654
0.0887014
0.0904232
0.0921539
0.0939457
0.0957973
0.0976395
0.0995175
0.101455
0.103424
0.105423
0.107447
0.109536
0.111649
0.113811
0.116
0.11825
0.120524
0.12284
0.125214
0.127629
0.130084
0.13258
0.135129
0.137729
0.140348
0.143056
0.145773
0.148576
0.151402
0.154294
0.157221
0.160142
0.16288
0.165106
0.0252068
0.0259006
0.0266483
0.027375
0.0280672
0.0287223
0.0292946
0.0297543
0.030099
0.0303938
0.03079
0.0312752
0.0317453
0.032171
0.0325626
0.0330492
0.03368
0.0343566
0.0349792
0.0355101
0.0361607
0.037021
0.0377999
0.0383957
0.0389356
0.0397006
0.0407849
0.041622
0.0420818
0.0429153
0.0440426
0.04479
0.0454842
0.0465359
0.0475334
0.0483916
0.0493867
0.0503818
0.0512807
0.0523108
0.0534794
0.0545658
0.0555479
0.0565647
0.0577509
0.0590285
0.0601686
0.0612142
0.0624492
0.0638142
0.0650476
0.0662333
0.0675784
0.0689773
0.0702944
0.0716369
0.0730702
0.0745332
0.0759746
0.0774543
0.0789748
0.0805147
0.0821011
0.0837142
0.0853279
0.0869684
0.0887059
0.0904305
0.0921586
0.0939478
0.0958029
0.0976457
0.0995211
0.101459
0.10343
0.105428
0.107452
0.109542
0.111654
0.113815
0.116004
0.118255
0.120529
0.122844
0.125218
0.127633
0.130088
0.132583
0.135134
0.137733
0.140353
0.143062
0.145781
0.148585
0.151412
0.154309
0.157239
0.160163
0.162903
0.165131
0.0253317
0.026019
0.0267808
0.0275298
0.0282269
0.0288666
0.0294283
0.0298934
0.0302712
0.0305789
0.0309403
0.031402
0.0318664
0.0323103
0.0327368
0.0332055
0.0337881
0.0344343
0.0350779
0.0356606
0.0362799
0.0370778
0.0378642
0.038509
0.0390903
0.0397764
0.0407532
0.0417062
0.0422674
0.042947
0.0440283
0.0449044
0.0455603
0.0465381
0.0475951
0.0484488
0.0493972
0.050432
0.0513425
0.0523194
0.053485
0.0546107
0.0555959
0.0565853
0.0577533
0.0590416
0.0602067
0.061243
0.0624479
0.063821
0.0650743
0.0662492
0.0675821
0.068988
0.07031
0.0716461
0.0730754
0.0745419
0.0759856
0.0774627
0.0789817
0.0805207
0.0821059
0.0837216
0.0853358
0.0869718
0.08871
0.0904381
0.0921638
0.0939498
0.0958086
0.0976526
0.0995247
0.101463
0.103436
0.105434
0.107456
0.109547
0.11166
0.11382
0.116009
0.11826
0.120533
0.122848
0.125224
0.127637
0.130091
0.132586
0.135139
0.137737
0.140358
0.143068
0.145788
0.148594
0.151422
0.154324
0.157258
0.160183
0.162926
0.165157
0.0254696
0.0261551
0.0269157
0.0276716
0.0283789
0.0290124
0.029566
0.0300277
0.0304262
0.0307589
0.0310934
0.0315244
0.0319868
0.0324389
0.0328897
0.033361
0.033912
0.0345279
0.0351674
0.0357863
0.0364052
0.0371516
0.0379308
0.0386068
0.0392247
0.0398855
0.0407523
0.0417329
0.0424342
0.0430438
0.0440066
0.0449782
0.0456667
0.0465473
0.0476322
0.0485262
0.0494166
0.0504595
0.0514125
0.0523472
0.0534779
0.0546435
0.0556554
0.0566135
0.0577497
0.0590502
0.0602471
0.0612779
0.0624483
0.0638237
0.0651018
0.0662684
0.0675851
0.0689985
0.0703269
0.0716559
0.0730805
0.0745501
0.0759968
0.077472
0.0789892
0.0805266
0.0821103
0.0837291
0.0853447
0.0869753
0.0887135
0.0904462
0.0921695
0.0939514
0.0958141
0.0976602
0.0995284
0.101468
0.103443
0.10544
0.10746
0.109553
0.111665
0.113825
0.116014
0.118265
0.120537
0.122853
0.125229
0.127641
0.130095
0.13259
0.135144
0.137742
0.140362
0.143075
0.145796
0.148603
0.151433
0.154339
0.157277
0.160204
0.162949
0.165182
0.0256088
0.0262984
0.02706
0.027809
0.0285197
0.029155
0.0297078
0.0301679
0.0305671
0.0309211
0.0312457
0.0316459
0.0321035
0.0325611
0.0330263
0.0335064
0.0340422
0.0346328
0.0352581
0.0358946
0.0365268
0.0372395
0.0380003
0.0386978
0.0393406
0.0400033
0.0407931
0.0417358
0.042551
0.0431803
0.0440146
0.0450092
0.0457776
0.0465824
0.0476444
0.0486032
0.0494595
0.050471
0.0514731
0.0523997
0.0534743
0.0546563
0.0557187
0.0566592
0.057743
0.0590474
0.0602882
0.0613196
0.0624501
0.0638214
0.0651287
0.0662918
0.0675877
0.0690078
0.0703458
0.0716668
0.0730856
0.0745582
0.0760081
0.0774818
0.0789974
0.080533
0.082114
0.0837365
0.0853547
0.0869792
0.0887164
0.0904546
0.0921759
0.0939529
0.0958196
0.0976685
0.0995317
0.101472
0.103449
0.105446
0.107465
0.109559
0.11167
0.11383
0.116019
0.118269
0.120542
0.122857
0.125235
0.127645
0.130099
0.132594
0.135148
0.137747
0.140368
0.143082
0.145804
0.148613
0.151445
0.154354
0.157295
0.160224
0.162972
0.165207
0.0257443
0.0264365
0.0272064
0.0279516
0.0286567
0.0292955
0.029848
0.030309
0.0306976
0.0310636
0.0313976
0.0317719
0.0322169
0.0326753
0.033149
0.0336371
0.0341698
0.0347456
0.0353528
0.0359929
0.0366369
0.0373341
0.0380746
0.0387852
0.0394471
0.0401154
0.0408644
0.0417459
0.0426176
0.0433193
0.0440686
0.0450211
0.04587
0.046647
0.0476494
0.0486622
0.0495251
0.0504848
0.051511
0.0524621
0.0534877
0.0546513
0.0557709
0.056727
0.0577462
0.0590296
0.0603254
0.0613723
0.0624564
0.0638135
0.0651532
0.0663196
0.0675905
0.0690139
0.0703657
0.0716796
0.0730899
0.0745655
0.0760199
0.0774918
0.0790065
0.0805407
0.0821168
0.0837431
0.0853663
0.086984
0.0887182
0.0904634
0.0921834
0.0939543
0.095825
0.0976773
0.0995356
0.101476
0.103456
0.105452
0.107469
0.109565
0.111676
0.113835
0.116025
0.118274
0.120546
0.122862
0.125241
0.127649
0.130103
0.132599
0.135153
0.137752
0.140373
0.14309
0.145812
0.148623
0.151457
0.15437
0.157314
0.160245
0.162995
0.165232
0.0258798
0.0265697
0.0273482
0.0280983
0.0287942
0.0294286
0.029976
0.0304409
0.0308275
0.0311934
0.0315429
0.0319003
0.0323257
0.0327804
0.0332614
0.0337588
0.0342879
0.0348585
0.0354517
0.0360879
0.0367371
0.037427
0.0381529
0.0388672
0.0395478
0.0402208
0.0409495
0.0417793
0.0426554
0.043433
0.0441577
0.0450391
0.045934
0.0467266
0.0476639
0.0486976
0.0495979
0.0505166
0.0515342
0.0525185
0.0535229
0.054644
0.0557966
0.0568033
0.0577721
0.0589983
0.0603472
0.061437
0.0624729
0.0637995
0.0651742
0.0663534
0.0675961
0.069017
0.070386
0.0716958
0.0730941
0.0745715
0.0760319
0.0775013
0.0790154
0.0805499
0.082119
0.0837481
0.0853789
0.0869896
0.0887189
0.0904718
0.0921914
0.0939555
0.0958297
0.0976865
0.0995393
0.101479
0.103463
0.105458
0.107474
0.109571
0.111681
0.11384
0.116031
0.118279
0.120551
0.122867
0.125246
0.127653
0.130107
0.132604
0.135158
0.137758
0.140378
0.143097
0.145821
0.148632
0.151469
0.154385
0.157333
0.160266
0.163018
0.165256
0.0260208
0.0267032
0.027481
0.0282382
0.0289264
0.0295505
0.0300941
0.0305621
0.0309553
0.031314
0.0316719
0.0320234
0.0324304
0.0328816
0.0333639
0.0338697
0.0343956
0.0349676
0.0355553
0.0361806
0.0368295
0.0375135
0.038234
0.0389464
0.0396405
0.0403209
0.0410356
0.0418337
0.0426872
0.0435127
0.044259
0.0450795
0.0459794
0.0468063
0.0476968
0.0487182
0.0496614
0.0505662
0.0515571
0.0525591
0.0535686
0.0546519
0.0558009
0.0568704
0.0578288
0.0589684
0.0603403
0.061505
0.0625061
0.0637791
0.065186
0.0663912
0.0676052
0.0690164
0.070405
0.0717165
0.0731
0.0745762
0.076045
0.0775118
0.0790246
0.0805616
0.0821218
0.0837517
0.0853928
0.0869975
0.088719
0.09048
0.0922017
0.0939574
0.0958348
0.0976955
0.099544
0.101484
0.10347
0.105464
0.10748
0.109577
0.111687
0.113845
0.116038
0.118283
0.120556
0.122873
0.125252
0.127658
0.130111
0.132609
0.135162
0.137763
0.140385
0.143105
0.14583
0.148643
0.151482
0.1544
0.157351
0.160286
0.16304
0.16528
0.0261635
0.0268376
0.0276073
0.0283656
0.0290523
0.0296679
0.0302067
0.0306705
0.0310698
0.0314225
0.03178
0.0321374
0.0325315
0.0329766
0.0334557
0.0339689
0.0344971
0.0350666
0.0356551
0.036271
0.0369202
0.0375984
0.0383128
0.0390232
0.0397227
0.0404168
0.0411203
0.0418968
0.0427258
0.0435661
0.0443516
0.0451404
0.0460179
0.0468762
0.0477454
0.0487376
0.0497111
0.0506245
0.051591
0.0525893
0.0536095
0.0546778
0.0557992
0.056913
0.057907
0.0589609
0.0603057
0.0615638
0.0625644
0.06376
0.0651852
0.0664323
0.0676192
0.0690112
0.0704193
0.0717391
0.073107
0.0745771
0.0760562
0.0775219
0.0790319
0.0805738
0.0821252
0.0837526
0.0854058
0.0870063
0.0887183
0.0904854
0.0922093
0.0939593
0.0958383
0.0977047
0.0995488
0.101487
0.103476
0.10547
0.107485
0.109582
0.111692
0.11385
0.116044
0.118288
0.12056
0.122879
0.125257
0.127661
0.130116
0.132615
0.135167
0.137768
0.140391
0.143112
0.145838
0.148652
0.151495
0.154416
0.157369
0.160306
0.163062
0.165303
0.0263034
0.0269727
0.0277318
0.0284841
0.029171
0.029778
0.0303076
0.0307622
0.0311622
0.0315172
0.0318723
0.0322371
0.0326247
0.033063
0.0335396
0.0340548
0.0345893
0.0351552
0.0357498
0.036364
0.0370082
0.0376781
0.0383836
0.0390982
0.0397989
0.0405044
0.0412039
0.0419611
0.042774
0.0436075
0.0444236
0.0452114
0.0460592
0.0469346
0.0478004
0.0487595
0.0497475
0.0506806
0.0516347
0.0526204
0.0536418
0.0547123
0.0558082
0.0569319
0.057986
0.0589897
0.060257
0.0615958
0.0626463
0.0637546
0.0651697
0.0664762
0.0676444
0.0690062
0.0704319
0.0717668
0.0731208
0.0745786
0.0760669
0.0775349
0.0790405
0.0805876
0.0821313
0.0837529
0.0854186
0.0870182
0.088719
0.0904941
0.092221
0.0939628
0.0958442
0.0977132
0.0995552
0.101492
0.103483
0.105476
0.107492
0.109589
0.111699
0.113857
0.116051
0.118293
0.120565
0.122886
0.125262
0.127666
0.130121
0.132621
0.135172
0.137775
0.140399
0.14312
0.145848
0.148663
0.151508
0.154431
0.157386
0.160326
0.163084
0.165326
0.0264459
0.027109
0.0278573
0.0285964
0.029276
0.029873
0.0303914
0.030836
0.0312323
0.0315926
0.0319452
0.0323142
0.0327034
0.0331364
0.033613
0.0341297
0.0346731
0.03524
0.0358373
0.0364528
0.0370899
0.0377551
0.038452
0.0391686
0.0398697
0.0405805
0.0412853
0.0420242
0.0428232
0.0436461
0.0444768
0.0452821
0.0461069
0.0469844
0.0478558
0.0487848
0.0497742
0.0507272
0.0516793
0.0526543
0.0536648
0.0547394
0.0558272
0.0569362
0.0580403
0.0590472
0.0602135
0.0615827
0.0627301
0.0637712
0.0651339
0.0665068
0.0676773
0.0689958
0.0704342
0.0717927
0.0731358
0.0745784
0.0760729
0.0775453
0.0790482
0.0806003
0.0821381
0.083752
0.0854291
0.0870298
0.0887188
0.090497
0.0922317
0.0939675
0.0958455
0.0977206
0.0995622
0.101497
0.103488
0.105482
0.107498
0.109594
0.111704
0.113863
0.116056
0.118296
0.12057
0.122892
0.125266
0.127669
0.130126
0.132627
0.135176
0.137779
0.140406
0.143127
0.145856
0.148673
0.15152
0.154446
0.157403
0.160345
0.163104
0.165348
0.026583
0.0272439
0.0279868
0.028714
0.0293824
0.0299698
0.0304759
0.0309092
0.0312953
0.0316547
0.0320068
0.0323776
0.0327738
0.0332075
0.0336863
0.034205
0.0347539
0.0353256
0.0359233
0.0365444
0.037179
0.0378383
0.038525
0.0392379
0.0399427
0.040653
0.0413676
0.0420956
0.0428783
0.0436939
0.0445229
0.0453483
0.0461671
0.0470366
0.0479162
0.0488227
0.0498025
0.0507726
0.0517288
0.0526999
0.0536973
0.0547636
0.0558576
0.056949
0.0580717
0.0591241
0.0602137
0.0615436
0.0628014
0.0638316
0.0651039
0.0665222
0.0677277
0.0689955
0.0704306
0.0718214
0.0731575
0.0745819
0.0760792
0.0775549
0.0790574
0.0806155
0.0821468
0.0837508
0.0854392
0.0870435
0.0887208
0.0905009
0.0922439
0.0939738
0.0958478
0.0977271
0.099571
0.101502
0.103492
0.105489
0.107505
0.1096
0.11171
0.11387
0.116062
0.118301
0.120576
0.1229
0.125272
0.127674
0.130133
0.132633
0.135181
0.137786
0.140414
0.143135
0.145864
0.148684
0.151533
0.154461
0.157419
0.160364
0.163124
0.165368
0.0265606
0.0272127
0.0279528
0.0286739
0.0293358
0.0299189
0.0304201
0.0308512
0.0312373
0.0316042
0.0319704
0.0323553
0.0327709
0.0332208
0.0337104
0.0342396
0.0347974
0.0353794
0.0359822
0.0366085
0.0372446
0.0378977
0.0385768
0.0392832
0.0399927
0.0407034
0.0414268
0.0421558
0.0429204
0.0437308
0.0445529
0.0453906
0.0462189
0.0470787
0.0479623
0.0488563
0.0498201
0.0508008
0.0517641
0.052737
0.0537304
0.0547787
0.0558775
0.0569666
0.058079
0.0591789
0.060245
0.0614908
0.0628187
0.0639058
0.0650887
0.0665052
0.067774
0.0690061
0.0704146
0.0718434
0.0731829
0.074586
0.0760853
0.077562
0.0790631
0.0806314
0.0821581
0.0837483
0.0854468
0.0870579
0.0887216
0.0905004
0.0922552
0.0939814
0.095847
0.0977321
0.099582
0.101507
0.103494
0.105497
0.107513
0.109605
0.111716
0.113876
0.116067
0.118306
0.120582
0.122906
0.125275
0.127678
0.130139
0.132639
0.135184
0.137791
0.140422
0.143142
0.145872
0.148694
0.151545
0.154474
0.157434
0.160381
0.163143
0.165388
0.0271313
0.0276964
0.028361
0.0289994
0.0295765
0.0300846
0.030525
0.0309134
0.0312724
0.031624
0.0319886
0.0323783
0.0328033
0.0332653
0.0337637
0.034301
0.034865
0.0354522
0.0360578
0.0366828
0.0373198
0.0379676
0.0386376
0.0393362
0.0400473
0.0407602
0.0414854
0.0422216
0.0429742
0.0437757
0.044594
0.0454319
0.0462745
0.0471295
0.0480114
0.0489031
0.0498488
0.0508309
0.0518001
0.0527756
0.0537729
0.0548023
0.0558931
0.0569909
0.0580898
0.059216
0.060304
0.0614741
0.0628032
0.0639786
0.0651146
0.0664782
0.0678082
0.0690367
0.0703988
0.0718545
0.0732116
0.0745926
0.0760898
0.0775691
0.0790653
0.0806447
0.0821744
0.0837461
0.0854494
0.0870748
0.0887261
0.0904987
0.0922682
0.0939938
0.0958452
0.097735
0.0995949
0.101512
0.103493
0.105503
0.107521
0.109609
0.111722
0.113883
0.116072
0.11831
0.120589
0.122913
0.12528
0.127682
0.130146
0.132645
0.135189
0.137797
0.14043
0.14315
0.14588
0.148704
0.151557
0.154488
0.157448
0.160397
0.163161
0.165406
0.0267057
0.0273048
0.0279734
0.0286396
0.0292522
0.0297933
0.0302692
0.0307001
0.0311111
0.0315167
0.0319319
0.0323626
0.032817
0.0333015
0.0338137
0.034359
0.0349261
0.0355138
0.0361166
0.0367386
0.0373746
0.0380218
0.0386843
0.0393761
0.0400865
0.0408014
0.0415279
0.0422705
0.0430237
0.043814
0.0446303
0.0454657
0.0463153
0.0471731
0.0480488
0.0489458
0.0498769
0.0508524
0.0518287
0.0528067
0.0538138
0.0548322
0.0559072
0.0570104
0.058104
0.0592357
0.0603559
0.0614855
0.0627701
0.0640192
0.0651647
0.0664559
0.06782
0.0690793
0.0703939
0.0718547
0.073243
0.074608
0.0760947
0.0775812
0.0790684
0.0806527
0.0821964
0.0837488
0.0854454
0.0870917
0.088734
0.0904906
0.0922775
0.0940083
0.095841
0.097736
0.0996121
0.101521
0.103493
0.105512
0.107532
0.109615
0.111729
0.11389
0.116077
0.118316
0.120596
0.122919
0.125284
0.127687
0.130153
0.132651
0.135193
0.137803
0.140438
0.143157
0.145888
0.148714
0.151569
0.1545
0.157461
0.160414
0.163178
0.165424
0.0281157
0.0282921
0.0284291
0.0286126
0.028884
0.0292507
0.0296982
0.0301847
0.0306906
0.0312034
0.0317192
0.0322377
0.0327573
0.0332896
0.0338307
0.0343918
0.0349641
0.035552
0.0361515
0.0367699
0.0374053
0.0380535
0.0387149
0.0393982
0.0401063
0.0408216
0.0415514
0.0422995
0.04306
0.0438458
0.0446573
0.045494
0.0463425
0.0472067
0.0480793
0.0489815
0.0499066
0.0508657
0.0518492
0.0528282
0.0538422
0.0548605
0.0559153
0.0570179
0.0581164
0.059248
0.060392
0.0615136
0.0627448
0.0640253
0.0652178
0.0664527
0.0678066
0.0691154
0.0704007
0.0718367
0.073263
0.0746258
0.0760915
0.0775919
0.0790703
0.0806487
0.0822197
0.0837578
0.0854342
0.0871071
0.0887481
0.0904822
0.0922862
0.0940269
0.0958362
0.0977327
0.0996275
0.101527
0.103487
0.105515
0.10754
0.109618
0.111733
0.113894
0.11608
0.118321
0.120602
0.122923
0.125287
0.127691
0.130159
0.132656
0.135196
0.137808
0.140445
0.143163
0.145893
0.148722
0.151579
0.154512
0.157471
0.160424
0.163193
0.165438
0.0268031
0.0273147
0.0279066
0.0284847
0.0290293
0.0295181
0.0299648
0.0303917
0.0308183
0.0312627
0.0317305
0.0322326
0.0327556
0.0333002
0.0338544
0.0344242
0.0350055
0.0355978
0.0362015
0.0368178
0.0374543
0.038104
0.0387676
0.0394416
0.0401376
0.0408508
0.0415786
0.0423323
0.043098
0.0438869
0.0446929
0.0455286
0.0463745
0.047236
0.0481143
0.0490162
0.049943
0.0508859
0.0518685
0.0528579
0.0538676
0.0548959
0.055935
0.0570258
0.0581357
0.0592597
0.0604183
0.061548
0.0627417
0.064019
0.0652567
0.0664816
0.0677934
0.0691399
0.0704377
0.0718224
0.0732771
0.0746614
0.076089
0.0776075
0.0790856
0.0806361
0.0822437
0.0837792
0.0854171
0.087119
0.088768
0.0904693
0.0922909
0.0940487
0.0958316
0.0977301
0.0996484
0.10154
0.103487
0.105524
0.107554
0.109628
0.111743
0.113902
0.116086
0.11833
0.120611
0.12293
0.125292
0.127698
0.130166
0.132662
0.135201
0.137814
0.140453
0.143171
0.145901
0.148731
0.15159
0.154523
0.157492
0.160444
0.163208
0.165452
0.0281671
0.0282599
0.0282967
0.0283844
0.0285646
0.0288579
0.0292557
0.0297377
0.030273
0.0308466
0.0314383
0.0320458
0.0326546
0.0332602
0.0338572
0.0344454
0.0350338
0.035624
0.0362245
0.036835
0.037466
0.0381181
0.0387829
0.0394564
0.040141
0.0408539
0.0415824
0.0423407
0.043114
0.0439059
0.0447157
0.0455465
0.0463942
0.0472502
0.0481334
0.0490391
0.0499634
0.0509041
0.0518744
0.0528768
0.0538811
0.0549113
0.0559555
0.0570252
0.0581486
0.0592683
0.0604287
0.0615768
0.0627461
0.0640112
0.0652665
0.0665077
0.0677898
0.0691312
0.0704701
0.0718134
0.0732615
0.0746934
0.0760837
0.077605
0.0791088
0.080617
0.082249
0.0838098
0.085399
0.0871178
0.0887939
0.0904579
0.0922874
0.0940729
0.0958279
0.097718
0.0996628
0.101548
0.103478
0.105524
0.10756
0.109629
0.111746
0.113904
0.116086
0.118333
0.120616
0.122932
0.125293
0.1277
0.13017
0.132665
0.135203
0.137817
0.140457
0.143174
0.145904
0.148736
0.151596
0.154531
0.157498
0.160453
0.163219
0.165462
0.0275686
0.0276483
0.0276912
0.0278034
0.0280266
0.028371
0.0288277
0.0293788
0.0299922
0.0306439
0.0313086
0.0319719
0.0326221
0.0332544
0.0338696
0.0344673
0.0350574
0.0356469
0.0362431
0.0368509
0.037477
0.0381297
0.0387944
0.0394683
0.0401504
0.0408599
0.0415903
0.0423482
0.0431259
0.0439183
0.0447309
0.0455604
0.0464065
0.0472632
0.0481446
0.0490547
0.049976
0.050919
0.0518849
0.0528879
0.0538969
0.0549206
0.0559739
0.0570337
0.0581561
0.0592829
0.060435
0.0615972
0.0627617
0.0640151
0.0652769
0.0665278
0.06781
0.0691339
0.0704932
0.071839
0.0732582
0.0747162
0.0761027
0.0776038
0.0791325
0.0806224
0.0822444
0.0838363
0.0854027
0.0871091
0.0888128
0.0904627
0.0922796
0.0940879
0.0958391
0.0977128
0.099673
0.101567
0.103485
0.105531
0.107574
0.109641
0.111757
0.113916
0.116094
0.118342
0.120626
0.122941
0.1253
0.127707
0.130178
0.132673
0.13521
0.137824
0.140466
0.143182
0.145912
0.148745
0.151605
0.154541
0.157508
0.160463
0.163231
0.165473
)
;

boundaryField
{
    zeroGradientPlanes
    {
        type            zeroGradient;
    }
    inlet
    {
        type            zeroGradient;
    }
    plate
    {
        type            zeroGradient;
    }
    frontAndBack
    {
        type            empty;
    }
}


// ************************************************************************* //
