/*--------------------------------*- C++ -*----------------------------------*\
| =========                 |                                                 |
| \\      /  F ield         | OpenFOAM: The Open Source CFD Toolbox           |
|  \\    /   O peration     | Version:  v1912                                 |
|   \\  /    A nd           | Website:  www.openfoam.com                      |
|    \\/     M anipulation  |                                                 |
\*---------------------------------------------------------------------------*/
FoamFile
{
    version     2.0;
    format      ascii;
    class       volScalarField;
    location    "1.7";
    object      p;
}
// * * * * * * * * * * * * * * * * * * * * * * * * * * * * * * * * * * * * * //

dimensions      [0 2 -2 0 0 0 0];


internalField   nonuniform List<scalar> 
9600
(
-2.92629e-10
0.00744486
0.011724
0.00566941
-0.00186529
0.0076002
0.0117356
0.0114804
0.0158939
0.0181956
0.0162173
0.0203716
0.021065
0.0215504
0.0213225
0.0236857
0.023807
0.0264594
0.0295809
0.0348256
4.65691e-06
0.00745354
0.0117064
0.0056806
-0.00184613
0.007581
0.0117205
0.0115127
0.0158972
0.0181899
0.0162229
0.0202864
0.0210229
0.0215435
0.0213464
0.0236858
0.0238378
0.0264437
0.0295857
0.03419
1.08657e-05
0.00747186
0.0116935
0.00570317
-0.00182877
0.00755125
0.0117051
0.0115658
0.0159035
0.0181801
0.0162268
0.0201871
0.0209831
0.0215463
0.0213697
0.0236854
0.0238677
0.0264163
0.029549
0.0336012
2.17317e-05
0.00750836
0.0116731
0.00573801
-0.00179166
0.00754399
0.0116911
0.0116396
0.0159139
0.0181658
0.0162355
0.0200718
0.0209459
0.021546
0.0213892
0.0236797
0.0238987
0.0263708
0.0294982
0.0330586
4.23397e-05
0.00755771
0.0116832
0.00578399
-0.001724
0.00756364
0.0116721
0.0117303
0.0159285
0.0181482
0.0162527
0.0199454
0.0209067
0.0215412
0.0214095
0.0236682
0.0239307
0.0263119
0.0294333
0.0325478
7.60979e-05
0.00760763
0.0116259
0.00583886
-0.00161895
0.00760413
0.0116458
0.0118327
0.0159466
0.0181279
0.0162791
0.0198171
0.0208678
0.0215365
0.0214348
0.0236512
0.0239637
0.0262415
0.0293499
0.0320635
0.000124529
0.00765085
0.0115526
0.00589918
-0.0014795
0.00765988
0.0116138
0.0119414
0.0159674
0.0181047
0.0163136
0.0196965
0.0208332
0.021534
0.0214652
0.0236286
0.0239972
0.0261613
0.0292468
0.0316038
0.000187848
0.00768566
0.0114685
0.0059619
-0.001312
0.00772616
0.0115783
0.0120513
0.0159897
0.018078
0.0163551
0.0195861
0.0208036
0.0215324
0.0214994
0.0236008
0.0240294
0.0260734
0.0291225
0.031168
0.000265199
0.00771335
0.011379
0.00602537
-0.00112112
0.00779672
0.011539
0.0121565
0.0160115
0.0180479
0.0164026
0.0194856
0.0207782
0.0215298
0.0215351
0.023568
0.0240578
0.0259795
0.0289767
0.0307572
0.000354945
0.0077364
0.0112877
0.00608937
-0.000908303
0.00786601
0.0114957
0.0122539
0.0160305
0.0180143
0.016455
0.0193935
0.0207565
0.0215238
0.02157
0.0235311
0.0240804
0.0258812
0.0288108
0.0303708
0.000455074
0.00775733
0.0111959
0.00615491
-0.000672964
0.0079317
0.011449
0.0123409
0.0160447
0.0179774
0.0165106
0.0193095
0.0207386
0.021513
0.0216019
0.023491
0.0240955
0.0257795
0.0286272
0.0300057
0.000563601
0.00777796
0.0111039
0.00622337
-0.000414475
0.00799431
0.0114009
0.0124163
0.0160534
0.0179376
0.0165676
0.0192328
0.0207246
0.0214977
0.0216294
0.0234487
0.0241017
0.0256755
0.0284283
0.0296574
0.000678846
0.00779921
0.0110115
0.00629566
-0.000133607
0.00805586
0.0113538
0.0124808
0.0160572
0.0178954
0.0166246
0.0191618
0.0207139
0.0214787
0.0216519
0.0234051
0.0240984
0.0255688
0.0282163
0.0293226
0.000799574
0.00782131
0.0109184
0.00637191
0.000166895
0.00811852
0.01131
0.012536
0.0160578
0.0178514
0.0166804
0.019095
0.0207055
0.0214576
0.0216692
0.0233606
0.0240852
0.0254588
0.0279937
0.028999
0.000924974
0.00784429
0.0108249
0.00645158
0.000483004
0.00818315
0.0112708
0.0125832
0.0160567
0.0178059
0.0167344
0.0190312
0.0206978
0.0214358
0.0216814
0.0233152
0.0240623
0.025344
0.0277626
0.0286845
0.00105457
0.00786829
0.0107314
0.00653378
0.000810639
0.00823638
0.0112368
0.0126237
0.0160557
0.0177593
0.016786
0.0189696
0.0206892
0.0214144
0.0216885
0.0232681
0.0240304
0.0252232
0.0275241
0.0283775
0.00118813
0.00789343
0.0106384
0.00661773
0.00114644
0.00830903
0.0112079
0.0126583
0.0160562
0.0177119
0.0168348
0.0189102
0.0206785
0.021394
0.0216905
0.0232184
0.0239904
0.0250958
0.0272788
0.0280771
0.00132555
0.0079198
0.0105465
0.00670288
0.00148788
0.00838554
0.0111842
0.0126877
0.0160588
0.0176643
0.0168804
0.0188531
0.0206647
0.021375
0.0216872
0.0231646
0.0239429
0.0249616
0.027027
0.0277827
0.00146679
0.00794747
0.0104564
0.00678892
0.00183321
0.00846542
0.0111661
0.0127124
0.0160641
0.0176169
0.0169224
0.0187989
0.0206471
0.0213573
0.021679
0.0231058
0.0238883
0.0248208
0.0267691
0.0274942
0.00161189
0.00797649
0.0103687
0.00687566
0.00218118
0.00854856
0.0111537
0.0127324
0.016072
0.0175702
0.01696
0.0187479
0.0206251
0.0213406
0.0216662
0.0230408
0.0238267
0.0246747
0.026505
0.0272112
0.00176089
0.00800686
0.0102842
0.00696303
0.00253078
0.00863474
0.0111476
0.012748
0.0160824
0.0175249
0.0169928
0.0187006
0.0205984
0.0213244
0.0216495
0.0229689
0.023758
0.024525
0.0262349
0.0269327
0.00191389
0.00803854
0.0102035
0.00705107
0.00288123
0.00872366
0.0111481
0.0127594
0.0160946
0.0174818
0.0170198
0.0186571
0.020567
0.021308
0.0216293
0.0228893
0.0236814
0.0243737
0.0259599
0.0266565
0.002071
0.00807147
0.0101273
0.00713975
0.00323187
0.00881501
0.0111554
0.0127669
0.0161081
0.0174417
0.0170408
0.0186173
0.020531
0.0212901
0.0216061
0.022802
0.0235961
0.0242228
0.0256819
0.0263799
0.00223234
0.00810553
0.0100563
0.00722909
0.00358202
0.00890854
0.0111697
0.012771
0.0161218
0.0174054
0.017055
0.0185808
0.020491
0.0212699
0.02158
0.0227072
0.0235011
0.0240733
0.0254041
0.0261005
0.00239804
0.0081406
0.00999082
0.00731915
0.00393101
0.00900404
0.0111912
0.0127722
0.0161348
0.017374
0.0170622
0.018547
0.0204481
0.021246
0.0215512
0.0226057
0.0233954
0.0239254
0.0251302
0.0258173
0.00256827
0.00817649
0.00993159
0.00741001
0.0042782
0.00910137
0.0112201
0.0127713
0.016146
0.017348
0.0170622
0.0185148
0.0204033
0.0212174
0.0215194
0.0224987
0.0232784
0.0237782
0.0248632
0.0255317
0.00274318
0.00821307
0.00987907
0.00750178
0.00462297
0.0092005
0.0112562
0.0127692
0.0161543
0.0173283
0.0170554
0.0184828
0.020358
0.021183
0.0214837
0.0223879
0.0231505
0.0236297
0.0246055
0.0252476
0.00292293
0.00825021
0.00983372
0.00759459
0.00496463
0.00930147
0.0112993
0.0127672
0.0161585
0.0173153
0.0170425
0.0184492
0.0203133
0.0211426
0.0214427
0.0222747
0.0230135
0.0234776
0.0243562
0.0249695
0.00310767
0.00828778
0.00979599
0.00768866
0.00530249
0.00940439
0.0113494
0.0127661
0.0161576
0.0173095
0.0170243
0.0184119
0.0202705
0.0210966
0.0213947
0.0221602
0.0228702
0.0233208
0.0241124
0.0246994
0.00329756
0.00832571
0.00976624
0.00778425
0.00563588
0.00950944
0.011406
0.0127672
0.0161507
0.0173109
0.0170025
0.0183688
0.0202301
0.0210467
0.0213377
0.0220441
0.0227231
0.0231608
0.0238713
0.0244339
0.00349274
0.00836397
0.00974472
0.00788169
0.00596413
0.00961676
0.0114687
0.0127715
0.0161369
0.017319
0.0169789
0.0183175
0.0201918
0.0209951
0.0212703
0.0219253
0.0225743
0.0230002
0.0236333
0.0241673
0.00369331
0.00840264
0.00973157
0.00798137
0.00628678
0.00972652
0.0115372
0.0127801
0.0161157
0.0173329
0.0169561
0.018256
0.0201536
0.0209447
0.021192
0.0218024
0.022425
0.0228404
0.0234017
0.0238966
0.00389934
0.00844191
0.00972694
0.00808364
0.00660326
0.00983895
0.0116109
0.0127941
0.0160869
0.0173513
0.0169366
0.0181831
0.0201136
0.0208985
0.021103
0.0216732
0.0222768
0.0226816
0.0231787
0.0236238
0.0041109
0.00848196
0.00973082
0.00818902
0.00691303
0.00995429
0.0116891
0.0128145
0.0160506
0.0173725
0.0169228
0.0180989
0.0200685
0.020859
0.0210053
0.0215342
0.0221315
0.0225257
0.0229638
0.0233533
0.004328
0.00852312
0.00973914
0.00829798
0.00721577
0.0100727
0.0117712
0.0128422
0.0160074
0.0173945
0.0169169
0.0180039
0.0200141
0.0208283
0.0209029
0.0213806
0.0219881
0.0223784
0.0227561
0.0230865
0.00455065
0.00856591
0.00975923
0.00841085
0.00751128
0.0101943
0.0118565
0.0128779
0.0159581
0.0174153
0.0169203
0.0178999
0.0199456
0.0208063
0.0208016
0.0212087
0.0218411
0.0222455
0.0225599
0.022822
0.00477883
0.00861077
0.00978739
0.00852792
0.00779934
0.0103193
0.0119441
0.0129223
0.0159044
0.0174328
0.0169337
0.0177898
0.0198589
0.0207903
0.020709
0.0210192
0.0216818
0.0221283
0.0223854
0.0225609
0.00501248
0.00865815
0.00982363
0.0086496
0.00807972
0.0104479
0.0120335
0.0129754
0.0158479
0.0174449
0.0169571
0.0176771
0.019751
0.0207759
0.0206323
0.0208175
0.0215
0.0220204
0.0222423
0.0223121
0.00525157
0.00870848
0.00986773
0.00877622
0.00835228
0.0105803
0.0121238
0.0130367
0.0157906
0.0174501
0.0169897
0.0175653
0.0196215
0.0207575
0.0205763
0.0206116
0.0212886
0.0219101
0.0221354
0.022091
0.00549608
0.00876211
0.00991977
0.00890796
0.00861654
0.0107174
0.0122148
0.0131052
0.0157346
0.0174473
0.01703
0.0174579
0.0194713
0.0207293
0.0205412
0.0204117
0.021048
0.0217824
0.0220588
0.0219137
0.00574602
0.00881922
0.00998054
0.0090454
0.00887146
0.0108594
0.0123069
0.0131796
0.0156817
0.0174361
0.0170759
0.0173582
0.0193023
0.0206852
0.0205248
0.020229
0.0207843
0.021623
0.0219987
0.0217923
0.00600147
0.00887973
0.0100503
0.00918942
0.00911593
0.0110066
0.0124008
0.0132582
0.0156328
0.0174162
0.0171257
0.0172694
0.019118
0.0206193
0.0205223
0.0200738
0.0205071
0.021424
0.0219356
0.0217253
0.00626248
0.00894396
0.0101285
0.00934089
0.00934879
0.0111586
0.0124984
0.0133395
0.0155887
0.0173882
0.0171772
0.0171944
0.0189228
0.0205264
0.0205271
0.0199545
0.0202287
0.021184
0.0218484
0.0216949
0.00652897
0.0090123
0.0102146
0.00950133
0.00956946
0.0113133
0.0126019
0.0134229
0.0155491
0.0173522
0.017228
0.0171352
0.0187217
0.0204033
0.02053
0.0198736
0.0199648
0.0209089
0.0217203
0.021677
0.0068009
0.00908544
0.0103074
0.00967271
0.00977859
0.0114673
0.0127135
0.0135093
0.0155133
0.0173081
0.0172765
0.0170934
0.0185182
0.02025
0.0205214
0.0198271
0.0197304
0.0206106
0.0215432
0.0216457
0.0070782
0.00916436
0.0104049
0.00985666
0.00997806
0.0116159
0.0128336
0.0136006
0.015481
0.0172562
0.0173208
0.0170694
0.0183233
0.0200686
0.0204939
0.019808
0.0195356
0.0203017
0.0213175
0.0215838
0.00736058
0.00925023
0.0105049
0.010054
0.0101713
0.011755
0.0129608
0.0136989
0.0154525
0.0171963
0.017359
0.0170635
0.0181393
0.0198626
0.020441
0.0198076
0.0193865
0.0199961
0.0210473
0.0214837
0.00764755
0.00934464
0.010605
0.0102644
0.0103629
0.0118823
0.0130926
0.0138063
0.0154286
0.0171279
0.0173892
0.0170757
0.0179709
0.0196367
0.020357
0.0198143
0.0192845
0.019712
0.0207408
0.0213392
0.00793848
0.00944947
0.0107034
0.0104858
0.0105581
0.0119971
0.013224
0.0139248
0.0154113
0.0170504
0.0174085
0.0171039
0.0178235
0.0193973
0.0202396
0.0198158
0.0192222
0.0194684
0.0204155
0.0211442
0.00823263
0.00956649
0.0107994
0.0107141
0.0107622
0.0121007
0.0133482
0.0140553
0.0154055
0.0169651
0.0174128
0.017144
0.0177016
0.0191528
0.0200903
0.0198038
0.0191874
0.019273
0.0200958
0.0209011
0.00852908
0.00969719
0.0108931
0.0109436
0.0109791
0.0121969
0.0134577
0.0141957
0.0154168
0.0168764
0.0173991
0.0171887
0.0176078
0.0189133
0.0199129
0.0197754
0.0191694
0.0191201
0.0198034
0.0206265
0.00882682
0.00984272
0.0109854
0.0111689
0.0112103
0.0122929
0.0135483
0.0143382
0.0154486
0.0167931
0.0173674
0.017229
0.0175408
0.0186886
0.0197131
0.0197273
0.0191635
0.0190025
0.0195479
0.0203433
0.00912487
0.0100036
0.0110782
0.0113856
0.0114548
0.0123963
0.01362
0.014471
0.0155005
0.0167243
0.0173221
0.0172586
0.0174949
0.0184873
0.0195001
0.0196541
0.0191643
0.018917
0.0193298
0.0200715
0.00942218
0.01018
0.0111749
0.0115904
0.0117083
0.0125137
0.0136763
0.0145839
0.0155676
0.0166764
0.0172711
0.0172746
0.0174627
0.0183113
0.019285
0.0195555
0.0191634
0.0188617
0.0191474
0.0198242
0.00971756
0.0103716
0.0112791
0.0117812
0.0119642
0.0126501
0.0137249
0.0146709
0.0156396
0.016652
0.0172244
0.0172788
0.017438
0.01816
0.019075
0.0194367
0.0191533
0.0188315
0.0189985
0.0196037
0.0100099
0.0105776
0.0113949
0.0119572
0.0122146
0.0128075
0.0137768
0.0147312
0.0157031
0.0166496
0.0171905
0.0172757
0.0174178
0.0180288
0.0188729
0.0193027
0.0191301
0.0188204
0.0188837
0.019405
0.0102987
0.0107964
0.011525
0.0121193
0.0124521
0.0129839
0.0138432
0.0147695
0.0157463
0.0166609
0.0171753
0.0172724
0.0174002
0.0179172
0.0186817
0.0191565
0.0190911
0.0188206
0.0188063
0.0192287
0.0105834
0.0110256
0.0116702
0.0122711
0.0126732
0.0131729
0.0139306
0.0147993
0.015765
0.0166706
0.0171784
0.0172778
0.0173858
0.0178243
0.0185068
0.0190014
0.019034
0.0188217
0.0187638
0.019085
0.0108635
0.0112622
0.0118311
0.0124176
0.0128768
0.0133652
0.0140385
0.0148363
0.0157633
0.016665
0.0171914
0.0172976
0.0173786
0.0177466
0.0183508
0.0188445
0.0189593
0.0188143
0.0187443
0.0189829
0.0111388
0.0115028
0.0120068
0.0125637
0.0130636
0.0135545
0.0141628
0.0148878
0.0157543
0.0166407
0.0172003
0.0173301
0.0173855
0.0176827
0.0182131
0.0186925
0.0188711
0.0187951
0.018733
0.0189167
0.0114095
0.0117447
0.0121957
0.0127141
0.0132353
0.0137363
0.0142968
0.0149544
0.015751
0.0166017
0.017195
0.0173674
0.0174082
0.0176379
0.0180934
0.0185481
0.0187745
0.0187661
0.0187227
0.0188727
0.0116757
0.0119861
0.0123949
0.0128711
0.0133951
0.0139077
0.0144352
0.0150348
0.0157606
0.0165576
0.0171719
0.0174
0.0174432
0.0176154
0.0179971
0.0184139
0.0186711
0.0187285
0.0187142
0.018841
0.0119379
0.0122256
0.012601
0.0130355
0.0135471
0.0140675
0.0145738
0.015125
0.0157849
0.0165192
0.0171338
0.0174198
0.0174852
0.0176149
0.0179288
0.0182984
0.0185648
0.0186793
0.0187067
0.0188204
0.012196
0.0124626
0.0128105
0.013207
0.013695
0.0142158
0.0147094
0.0152213
0.0158228
0.0164937
0.0170891
0.0174224
0.0175278
0.0176278
0.0178822
0.01821
0.0184659
0.0186182
0.0186949
0.0188107
0.0124499
0.0126963
0.0130206
0.0133842
0.0138417
0.0143539
0.0148393
0.0153208
0.0158717
0.0164823
0.0170477
0.0174099
0.0175623
0.0176544
0.0178534
0.0181432
0.0183856
0.0185531
0.0186741
0.0188079
0.012699
0.0129263
0.013229
0.0135649
0.013989
0.0144838
0.0149619
0.0154213
0.0159291
0.0164841
0.0170147
0.0173904
0.0175836
0.0176904
0.0178442
0.0180915
0.018325
0.018494
0.0186442
0.018806
0.0129427
0.013152
0.0134345
0.0137465
0.0141373
0.0146079
0.0150768
0.01552
0.0159928
0.0164985
0.0169916
0.017371
0.0175939
0.0177228
0.0178551
0.0180571
0.0182787
0.0184481
0.0186105
0.0188004
0.0131802
0.0133728
0.0136356
0.013927
0.0142864
0.0147277
0.0151838
0.0156151
0.0160602
0.0165239
0.0169796
0.0173547
0.0175993
0.0177455
0.0178775
0.0180448
0.0182456
0.0184167
0.0185806
0.0187895
0.0134107
0.0135881
0.0138312
0.0141037
0.0144353
0.0148446
0.0152836
0.0157053
0.0161284
0.0165574
0.0169795
0.0173436
0.0176043
0.0177634
0.0179018
0.0180512
0.0182288
0.0183986
0.0185619
0.018778
0.0136332
0.0137968
0.0140208
0.0142752
0.0145819
0.014959
0.0153771
0.0157897
0.0161954
0.0165962
0.0169906
0.0173399
0.0176116
0.017803
0.0179339
0.0180714
0.0182301
0.0183946
0.0185587
0.0187731
0.0138466
0.0139978
0.0142031
0.0144401
0.0147247
0.0150702
0.0154644
0.0158671
0.0162588
0.0166373
0.0170115
0.0173472
0.0176163
0.0177965
0.0179646
0.0181011
0.0182472
0.0184054
0.0185712
0.0187819
0.0140499
0.0141904
0.0143774
0.0145966
0.0148616
0.0151773
0.0155457
0.0159377
0.0163176
0.0166754
0.017034
0.0173664
0.0176498
0.0179087
0.0180322
0.0181545
0.018287
0.0184372
0.0186038
0.0188129
0.0142417
0.0143728
0.014543
0.0147439
0.0149902
0.0152785
0.0156197
0.0159992
0.0163724
0.016717
0.0170519
0.017363
0.0176315
0.0178245
0.0180337
0.0181876
0.0183203
0.0184671
0.0186395
0.0188534
0.0144213
0.0145438
0.0146983
0.0148805
0.0151084
0.0153725
0.0156874
0.0160467
0.0164089
0.0167615
0.0171105
0.0174262
0.0177092
0.017967
0.0181651
0.0183269
0.0184425
0.0185633
0.0187027
0.0188911
0.0145877
0.0147031
0.0148419
0.0150047
0.0152133
0.0154552
0.0157503
0.0160908
0.0164131
0.0167195
0.0170444
0.0173423
0.0176814
0.0179698
0.0182305
0.0184694
0.0186741
0.018854
0.0190318
0.0192325
0.0147394
0.0148479
0.0149725
0.0151174
0.0153061
0.0155218
0.0157933
0.016141
0.0165055
0.0168502
0.0171921
0.0175366
0.0178193
0.0180722
0.0182636
0.0184291
0.0185718
0.018701
0.0188508
0.019047
0.0148744
0.0149755
0.0150884
0.0152186
0.0153925
0.0155831
0.0157961
0.0160421
0.0162886
0.016557
0.0169213
0.0173402
0.0178487
0.0183871
0.0188252
0.0192098
0.0195729
0.0199029
0.0201889
0.0203987
0.0149892
0.0150839
0.0151874
0.0153046
0.0154641
0.015657
0.0159067
0.0162232
0.0165524
0.0168533
0.0171539
0.017406
0.0176202
0.0178874
0.0181702
0.0184577
0.0188346
0.0192932
0.0197873
0.0202162
0.0150818
0.0151734
0.0152673
0.0153718
0.0155037
0.0156493
0.0158206
0.0160338
0.0163076
0.0166407
0.0170823
0.0176111
0.018092
0.0185336
0.0189853
0.0193986
0.0197616
0.0200804
0.0203583
0.0205538
0.015156
0.0152547
0.0153563
0.0154642
0.0156044
0.0157744
0.0159953
0.0162458
0.0165128
0.0167734
0.0170337
0.01737
0.0177881
0.0182434
0.0187228
0.0191574
0.0195279
0.0198439
0.0201111
0.0203085
0.0380844
0.0317723
0.0232438
0.0167472
0.0147784
0.0158423
0.0173818
0.0182697
0.0185358
0.0187915
0.0192367
0.0195915
0.0197826
0.0200625
0.0204943
0.0208067
0.0209624
0.021161
0.0213464
0.0215052
0.021836
0.0222831
0.0226245
0.0228761
0.0231953
0.0236165
0.0240408
0.0243804
0.0246867
0.0250685
0.025477
0.0258332
0.0261939
0.0265923
0.0269706
0.0273448
0.0277682
0.0282171
0.0286566
0.0290855
0.0295255
0.0300039
0.0304973
0.030951
0.0313614
0.0317885
0.0322537
0.0327128
0.0331375
0.0335983
0.0341276
0.0346468
0.035146
0.0357028
0.0363007
0.0369179
0.0375311
0.0380493
0.038496
0.0390284
0.0396782
0.0403543
0.0410126
0.0416468
0.0422759
0.0429294
0.0436077
0.0442909
0.0449936
0.0457007
0.0464326
0.0471773
0.0479447
0.048712
0.0495039
0.050316
0.051148
0.0519947
0.0528465
0.0537381
0.0546467
0.0555893
0.0565175
0.057462
0.0584229
0.0594087
0.0604216
0.0614602
0.0624978
0.0635548
0.0646297
0.0657235
0.0668197
0.0679687
0.0690747
0.0702386
0.0713685
0.0724205
0.0734572
0.0743127
0.0372146
0.0316051
0.0233232
0.0169012
0.0148804
0.0158926
0.0174127
0.0182911
0.0185507
0.0188027
0.0192465
0.0196002
0.0197897
0.0200682
0.0204997
0.0208118
0.0209667
0.0211649
0.02135
0.0215081
0.0218384
0.0222855
0.0226268
0.0228781
0.023197
0.023618
0.0240423
0.0243818
0.0246879
0.0250696
0.0254781
0.0258342
0.0261949
0.0265932
0.0269716
0.0273457
0.027769
0.0282179
0.0286574
0.0290863
0.0295262
0.0300046
0.030498
0.0309517
0.0313621
0.0317891
0.0322543
0.0327133
0.0331381
0.0335988
0.0341281
0.0346473
0.0351465
0.0357032
0.036301
0.0369183
0.0375315
0.0380497
0.0384964
0.0390287
0.0396785
0.0403546
0.0410129
0.0416471
0.0422762
0.0429297
0.0436079
0.0442911
0.0449938
0.0457009
0.0464327
0.0471775
0.0479449
0.0487122
0.0495041
0.0503161
0.0511482
0.0519949
0.0528466
0.0537382
0.0546469
0.0555894
0.0565176
0.0574621
0.058423
0.0594088
0.0604217
0.0614603
0.0624979
0.0635549
0.0646298
0.0657236
0.0668198
0.0679688
0.0690747
0.0702386
0.0713686
0.0724205
0.0734571
0.0743127
0.0364653
0.031453
0.0235012
0.0171945
0.0150538
0.0159547
0.0174395
0.018311
0.0185678
0.0188166
0.0192574
0.0196089
0.0197971
0.0200747
0.0205054
0.0208167
0.0209705
0.0211684
0.0213532
0.0215106
0.0218406
0.0222878
0.0226289
0.0228798
0.0231985
0.0236195
0.0240437
0.024383
0.0246889
0.0250705
0.0254791
0.0258351
0.0261957
0.026594
0.0269723
0.0273463
0.0277697
0.0282186
0.0286581
0.0290869
0.0295268
0.0300051
0.0304986
0.0309523
0.0313626
0.0317896
0.0322548
0.0327138
0.0331385
0.0335992
0.0341285
0.0346477
0.0351468
0.0357035
0.0363014
0.0369186
0.0375319
0.0380501
0.0384966
0.0390288
0.0396788
0.0403549
0.0410131
0.0416473
0.0422764
0.0429299
0.0436081
0.0442913
0.044994
0.0457011
0.0464329
0.0471776
0.0479451
0.0487124
0.0495042
0.0503163
0.0511483
0.051995
0.0528467
0.0537384
0.054647
0.0555895
0.0565177
0.0574622
0.0584231
0.0594089
0.0604218
0.0614604
0.062498
0.063555
0.0646299
0.0657237
0.0668198
0.0679689
0.0690748
0.0702387
0.0713687
0.0724206
0.0734572
0.0743128
0.0357376
0.0312806
0.0237098
0.0175511
0.0152878
0.0160441
0.017479
0.0183396
0.0185943
0.0188394
0.0192733
0.0196198
0.0198064
0.0200834
0.0205131
0.0208231
0.0209759
0.0211733
0.0213581
0.0215148
0.0218439
0.0222904
0.0226312
0.0228821
0.0232008
0.0236215
0.0240455
0.0243846
0.0246902
0.0250717
0.0254802
0.0258361
0.0261965
0.0265948
0.0269731
0.027347
0.0277704
0.0282193
0.0286588
0.0290876
0.0295274
0.0300058
0.0304992
0.0309529
0.0313632
0.0317901
0.0322553
0.0327144
0.033139
0.0335996
0.0341289
0.0346482
0.0351472
0.0357038
0.0363017
0.0369189
0.0375323
0.0380506
0.0384969
0.039029
0.039679
0.0403552
0.0410134
0.0416476
0.0422766
0.0429301
0.0436083
0.0442915
0.0449942
0.0457012
0.0464331
0.0471778
0.0479452
0.0487125
0.0495044
0.0503164
0.0511485
0.0519951
0.0528469
0.0537385
0.0546471
0.0555896
0.0565179
0.0574624
0.0584232
0.059409
0.0604219
0.0614604
0.062498
0.0635551
0.06463
0.0657238
0.0668199
0.067969
0.0690749
0.0702388
0.0713688
0.0724206
0.0734573
0.0743129
0.0350005
0.0310719
0.0239172
0.0179255
0.015547
0.0161478
0.0175241
0.0183731
0.0186295
0.0188719
0.0192957
0.0196343
0.0198191
0.0200952
0.0205227
0.0208308
0.0209829
0.0211804
0.0213657
0.0215223
0.0218494
0.0222936
0.0226339
0.0228855
0.0232045
0.0236245
0.0240478
0.0243867
0.0246922
0.0250735
0.0254818
0.0258374
0.0261976
0.0265958
0.0269739
0.0273477
0.0277711
0.02822
0.0286594
0.0290883
0.0295281
0.0300065
0.0305
0.0309536
0.0313638
0.0317907
0.0322559
0.0327149
0.0331395
0.0336001
0.0341294
0.0346486
0.0351476
0.0357042
0.0363021
0.0369193
0.0375328
0.0380511
0.0384971
0.0390291
0.0396793
0.0403555
0.0410137
0.0416479
0.0422769
0.0429303
0.0436085
0.0442917
0.0449944
0.0457014
0.0464332
0.047178
0.0479454
0.0487127
0.0495045
0.0503166
0.0511486
0.0519953
0.052847
0.0537386
0.0546472
0.0555898
0.056518
0.0574625
0.0584233
0.0594091
0.060422
0.0614605
0.0624982
0.0635551
0.0646301
0.0657239
0.06682
0.067969
0.069075
0.0702388
0.0713689
0.0724208
0.0734576
0.074313
0.0342583
0.030829
0.0241179
0.0183047
0.0158195
0.0162589
0.0175693
0.0184073
0.0186689
0.0189106
0.0193231
0.0196522
0.0198351
0.0201097
0.0205333
0.0208392
0.0209913
0.0211892
0.0213763
0.0215339
0.0218583
0.022298
0.0226369
0.02289
0.0232098
0.0236286
0.0240507
0.0243896
0.0246953
0.0250761
0.0254839
0.0258393
0.0261993
0.026597
0.0269748
0.0273486
0.027772
0.0282207
0.0286599
0.0290889
0.029529
0.0300074
0.0305007
0.0309544
0.0313646
0.0317915
0.0322566
0.0327155
0.0331401
0.0336006
0.0341299
0.0346491
0.0351481
0.0357047
0.0363025
0.0369197
0.0375334
0.0380517
0.0384974
0.0390293
0.0396796
0.0403559
0.0410141
0.0416482
0.0422772
0.0429306
0.0436088
0.044292
0.0449946
0.0457016
0.0464334
0.0471782
0.0479456
0.0487129
0.0495047
0.0503167
0.0511488
0.0519954
0.0528471
0.0537387
0.0546473
0.0555899
0.0565181
0.0574626
0.0584234
0.0594092
0.0604221
0.0614607
0.0624983
0.0635552
0.0646302
0.065724
0.0668201
0.0679691
0.0690751
0.0702389
0.0713691
0.072421
0.0734579
0.0743132
0.0335216
0.0305604
0.0243116
0.0186832
0.0161001
0.0163754
0.0176141
0.0184411
0.0187107
0.0189531
0.0193539
0.0196728
0.0198536
0.0201262
0.0205445
0.0208476
0.0209998
0.021199
0.0213893
0.0215495
0.0218705
0.0223041
0.0226408
0.0228959
0.0232166
0.0236336
0.024054
0.0243931
0.0246993
0.0250796
0.0254866
0.0258419
0.0262017
0.0265988
0.0269761
0.0273498
0.0277732
0.0282214
0.0286603
0.0290893
0.0295298
0.0300083
0.0305014
0.0309551
0.0313656
0.0317925
0.0322574
0.0327163
0.0331408
0.0336013
0.0341305
0.0346496
0.0351486
0.0357052
0.036303
0.0369202
0.0375341
0.0380523
0.0384978
0.0390295
0.03968
0.0403564
0.0410146
0.0416486
0.0422775
0.0429309
0.0436091
0.0442923
0.0449949
0.0457019
0.0464337
0.0471784
0.0479458
0.0487131
0.0495049
0.0503169
0.0511489
0.0519956
0.0528473
0.0537389
0.0546475
0.0555901
0.0565183
0.0574627
0.0584236
0.0594093
0.0604222
0.0614608
0.0624984
0.0635554
0.0646303
0.0657241
0.0668202
0.0679693
0.0690752
0.0702391
0.0713693
0.0724213
0.0734584
0.0743135
0.0328016
0.0302718
0.0244931
0.0190546
0.0163854
0.0164974
0.0176594
0.0184747
0.0187541
0.0189984
0.0193873
0.0196953
0.0198737
0.0201439
0.0205564
0.020856
0.0210083
0.0212088
0.0214034
0.0215675
0.0218853
0.0223119
0.022646
0.0229032
0.0232248
0.0236393
0.0240575
0.0243971
0.0247043
0.0250837
0.0254897
0.0258451
0.0262049
0.0266013
0.0269778
0.0273516
0.0277749
0.0282224
0.0286605
0.0290897
0.0295306
0.0300091
0.030502
0.0309558
0.0313668
0.0317938
0.0322584
0.0327171
0.0331418
0.0336023
0.0341312
0.0346501
0.0351492
0.0357058
0.0363034
0.0369208
0.037535
0.0380531
0.0384982
0.0390298
0.0396804
0.040357
0.0410151
0.0416491
0.042278
0.0429313
0.0436095
0.0442926
0.0449953
0.0457022
0.046434
0.0471787
0.0479461
0.0487133
0.0495051
0.0503171
0.0511491
0.0519958
0.0528475
0.053739
0.0546477
0.0555903
0.0565185
0.0574629
0.0584237
0.0594095
0.0604224
0.0614609
0.0624985
0.0635555
0.0646304
0.0657242
0.0668203
0.0679694
0.0690754
0.0702392
0.0713696
0.0724218
0.0734592
0.0743139
0.032108
0.0299635
0.0246549
0.0194149
0.016675
0.0166266
0.0177063
0.0185077
0.0187982
0.0190459
0.0194229
0.0197191
0.0198947
0.0201628
0.0205691
0.020865
0.0210171
0.0212188
0.0214179
0.0215865
0.0219016
0.0223209
0.0226523
0.0229117
0.0232341
0.0236455
0.0240611
0.0244014
0.0247098
0.0250884
0.0254931
0.0258488
0.0262088
0.0266044
0.0269802
0.0273539
0.0277772
0.0282239
0.0286611
0.0290901
0.0295314
0.0300098
0.0305022
0.0309563
0.0313681
0.0317953
0.0322595
0.0327181
0.0331431
0.0336036
0.034132
0.0346508
0.0351498
0.0357063
0.0363038
0.0369213
0.0375359
0.0380541
0.0384988
0.0390302
0.039681
0.0403576
0.0410156
0.0416496
0.0422785
0.0429318
0.04361
0.0442931
0.0449957
0.0457026
0.0464344
0.047179
0.0479464
0.0487136
0.0495053
0.0503174
0.0511494
0.051996
0.0528477
0.0537392
0.0546478
0.0555905
0.0565187
0.0574631
0.0584239
0.0594096
0.0604225
0.0614611
0.0624987
0.0635557
0.0646306
0.0657244
0.0668205
0.0679696
0.0690756
0.0702394
0.0713699
0.0724224
0.0734601
0.0743144
0.0314452
0.0296341
0.0247937
0.0197647
0.0169699
0.0167639
0.0177548
0.018539
0.0188421
0.0190951
0.0194603
0.019744
0.0199165
0.0201824
0.0205828
0.0208748
0.0210266
0.0212291
0.0214326
0.021606
0.0219184
0.0223306
0.0226593
0.0229212
0.0232442
0.0236521
0.0240648
0.0244059
0.0247159
0.0250934
0.0254967
0.0258525
0.0262129
0.0266079
0.0269832
0.0273569
0.02778
0.0282259
0.028662
0.0290907
0.0295323
0.0300103
0.0305021
0.0309564
0.0313693
0.031797
0.0322607
0.0327192
0.0331447
0.0336053
0.0341332
0.0346517
0.0351508
0.0357069
0.0363039
0.0369215
0.0375366
0.0380551
0.0384995
0.0390308
0.0396817
0.0403583
0.0410162
0.0416503
0.0422792
0.0429324
0.0436105
0.0442937
0.0449963
0.0457031
0.0464349
0.0471795
0.0479468
0.0487139
0.0495057
0.0503177
0.0511497
0.0519963
0.0528479
0.0537394
0.0546481
0.0555907
0.0565189
0.0574632
0.0584241
0.0594098
0.0604227
0.0614613
0.0624989
0.0635559
0.0646308
0.0657246
0.0668207
0.0679697
0.0690759
0.0702396
0.0713704
0.0724233
0.0734613
0.074315
0.0308142
0.0292862
0.0249101
0.0201047
0.0172686
0.016909
0.0178046
0.0185683
0.0188851
0.0191458
0.0194998
0.0197701
0.0199387
0.0202025
0.0205972
0.0208856
0.021037
0.0212402
0.0214476
0.0216257
0.0219357
0.0223407
0.0226668
0.0229313
0.023255
0.0236592
0.0240686
0.0244106
0.0247222
0.0250988
0.0255003
0.0258562
0.0262171
0.0266117
0.0269866
0.0273603
0.0277833
0.0282283
0.0286634
0.0290918
0.0295334
0.0300108
0.0305016
0.0309562
0.0313703
0.0317986
0.0322618
0.0327202
0.0331464
0.0336073
0.0341348
0.0346531
0.0351522
0.0357077
0.0363039
0.0369213
0.0375371
0.0380561
0.0385005
0.0390316
0.0396826
0.040359
0.0410168
0.0416509
0.0422799
0.042933
0.0436112
0.0442944
0.0449969
0.0457037
0.0464355
0.0471801
0.0479474
0.0487144
0.0495061
0.0503181
0.0511501
0.0519966
0.0528482
0.0537397
0.0546483
0.055591
0.0565192
0.0574635
0.0584243
0.05941
0.0604229
0.0614615
0.0624992
0.0635561
0.064631
0.0657248
0.0668209
0.06797
0.0690762
0.0702399
0.0713709
0.0724244
0.0734628
0.0743157
0.0302168
0.0289255
0.0250039
0.0204325
0.0175691
0.0170626
0.0178574
0.0185958
0.0189268
0.0191974
0.0195412
0.0197976
0.0199615
0.0202229
0.020612
0.0208971
0.0210485
0.0212521
0.0214631
0.0216457
0.0219532
0.0223509
0.0226746
0.0229419
0.0232664
0.0236667
0.0240727
0.0244155
0.0247289
0.0251044
0.025504
0.0258599
0.0262214
0.0266155
0.0269902
0.0273642
0.0277869
0.0282309
0.028665
0.0290933
0.0295349
0.0300113
0.0305009
0.0309557
0.0313712
0.0318001
0.0322629
0.0327211
0.0331482
0.0336095
0.0341365
0.0346548
0.0351542
0.035709
0.0363039
0.0369207
0.0375369
0.0380566
0.0385013
0.0390327
0.0396838
0.0403599
0.0410174
0.0416515
0.0422807
0.0429338
0.043612
0.0442952
0.0449977
0.0457045
0.0464362
0.0471808
0.047948
0.048715
0.0495067
0.0503187
0.0511505
0.0519971
0.0528485
0.05374
0.0546486
0.0555913
0.0565195
0.0574637
0.0584245
0.0594103
0.0604232
0.0614618
0.0624994
0.0635563
0.0646312
0.0657251
0.0668212
0.0679702
0.0690767
0.0702403
0.0713715
0.0724259
0.0734646
0.0743166
0.0296543
0.0285561
0.0250721
0.0207447
0.017871
0.0172274
0.0179156
0.018622
0.0189662
0.0192496
0.019585
0.0198271
0.0199851
0.0202436
0.0206273
0.0209093
0.0210609
0.0212651
0.0214794
0.0216662
0.021971
0.0223613
0.0226825
0.022953
0.0232786
0.0236748
0.024077
0.0244206
0.0247358
0.0251103
0.025508
0.0258638
0.0262257
0.0266195
0.0269939
0.0273683
0.0277908
0.0282338
0.0286669
0.0290952
0.0295367
0.0300119
0.0305
0.0309548
0.0313719
0.0318016
0.0322638
0.032722
0.03315
0.0336118
0.0341382
0.0346566
0.0351566
0.0357108
0.036304
0.0369197
0.037536
0.0380564
0.0385018
0.0390339
0.0396854
0.0403612
0.041018
0.0416521
0.0422814
0.0429346
0.0436127
0.044296
0.0449986
0.0457053
0.0464371
0.0471816
0.0479488
0.0487158
0.0495074
0.0503193
0.0511512
0.0519976
0.0528489
0.0537403
0.0546489
0.0555916
0.0565198
0.057464
0.0584248
0.0594105
0.0604234
0.0614621
0.0624997
0.0635566
0.0646315
0.0657254
0.0668216
0.0679706
0.0690772
0.0702408
0.0713723
0.0724277
0.0734669
0.0743176
0.029126
0.0281801
0.0251122
0.0210405
0.0181752
0.0174054
0.0179808
0.0186468
0.0190026
0.019302
0.0196315
0.0198591
0.02001
0.0202649
0.0206431
0.0209222
0.0210742
0.0212791
0.0214964
0.0216871
0.0219891
0.0223719
0.0226906
0.0229647
0.0232914
0.0236834
0.0240816
0.0244259
0.0247431
0.0251165
0.0255121
0.0258679
0.0262303
0.0266235
0.0269978
0.0273726
0.027795
0.0282368
0.0286689
0.0290973
0.0295389
0.0300128
0.030499
0.0309538
0.0313725
0.0318031
0.0322648
0.0327227
0.0331517
0.033614
0.0341399
0.0346585
0.0351592
0.035713
0.0363044
0.0369184
0.0375344
0.0380554
0.0385017
0.0390349
0.0396873
0.0403628
0.0410188
0.0416525
0.042282
0.0429353
0.0436136
0.0442969
0.0449995
0.0457062
0.0464381
0.0471826
0.0479497
0.0487166
0.0495083
0.0503201
0.0511519
0.0519984
0.0528495
0.0537407
0.0546492
0.055592
0.0565203
0.0574644
0.0584251
0.0594108
0.0604237
0.0614623
0.0625001
0.0635569
0.0646319
0.0657258
0.066822
0.0679709
0.0690778
0.0702413
0.0713732
0.0724299
0.0734695
0.0743188
0.0286294
0.0277992
0.025125
0.0213197
0.0184802
0.0175963
0.0180544
0.0186715
0.0190362
0.0193544
0.0196808
0.0198939
0.0200365
0.020287
0.0206596
0.0209359
0.0210885
0.0212939
0.0215141
0.0217086
0.0220077
0.0223828
0.0226991
0.0229769
0.023305
0.0236925
0.0240865
0.0244315
0.0247507
0.0251229
0.0255164
0.0258723
0.0262352
0.0266279
0.0270018
0.0273772
0.0277994
0.02824
0.0286711
0.0290996
0.0295415
0.0300139
0.0304981
0.0309527
0.0313731
0.0318046
0.0322657
0.0327234
0.0331534
0.0336163
0.0341416
0.0346602
0.0351619
0.0357154
0.0363048
0.0369168
0.0375321
0.0380537
0.0385009
0.0390355
0.0396894
0.0403648
0.0410197
0.0416529
0.0422826
0.0429361
0.0436145
0.0442979
0.0450004
0.0457072
0.0464391
0.0471836
0.0479506
0.0487176
0.0495092
0.050321
0.0511528
0.0519992
0.0528503
0.0537412
0.0546496
0.0555923
0.0565207
0.0574649
0.0584255
0.0594111
0.060424
0.0614626
0.0625004
0.0635573
0.0646322
0.0657261
0.0668224
0.0679713
0.0690786
0.0702419
0.0713742
0.0724325
0.0734725
0.0743201
0.028162
0.0274169
0.0251122
0.0215803
0.0187825
0.0177995
0.0181388
0.018698
0.0190669
0.019406
0.0197325
0.0199315
0.0200646
0.0203101
0.020677
0.0209505
0.0211036
0.0213094
0.0215324
0.0217307
0.022027
0.0223942
0.0227079
0.0229897
0.0233193
0.0237022
0.0240917
0.0244373
0.0247587
0.0251298
0.025521
0.025877
0.0262406
0.0266325
0.027006
0.0273822
0.0278042
0.0282433
0.0286733
0.0291021
0.0295443
0.0300153
0.0304972
0.0309515
0.0313735
0.0318061
0.0322667
0.032724
0.0331552
0.0336187
0.0341433
0.0346619
0.0351645
0.0357179
0.0363054
0.0369149
0.0375291
0.0380512
0.0384997
0.0390358
0.0396913
0.040367
0.0410207
0.0416534
0.0422831
0.0429368
0.0436154
0.0442989
0.0450013
0.0457082
0.0464403
0.0471847
0.0479515
0.0487185
0.0495103
0.050322
0.0511537
0.0520002
0.0528512
0.0537418
0.0546499
0.0555926
0.0565212
0.0574655
0.058426
0.0594115
0.0604243
0.0614628
0.0625008
0.0635576
0.0646326
0.0657265
0.0668229
0.0679717
0.0690794
0.0702426
0.0713753
0.0724354
0.073476
0.0743217
0.0277223
0.0270368
0.0250746
0.0218195
0.0190792
0.0180144
0.0182361
0.0187281
0.0190945
0.0194557
0.019786
0.0199719
0.0200947
0.0203345
0.0206956
0.0209661
0.0211195
0.0213256
0.0215513
0.0217536
0.0220471
0.0224063
0.0227173
0.0230031
0.0233344
0.0237124
0.0240971
0.0244434
0.0247671
0.0251369
0.0255259
0.0258821
0.0262463
0.0266374
0.0270106
0.0273876
0.0278095
0.0282469
0.0286756
0.0291048
0.0295474
0.0300169
0.0304965
0.0309503
0.031374
0.0318077
0.0322676
0.0327247
0.033157
0.0336212
0.034145
0.0346635
0.0351671
0.0357204
0.036306
0.0369129
0.0375255
0.0380482
0.0384983
0.039036
0.039693
0.0403692
0.0410218
0.0416538
0.0422836
0.0429375
0.0436164
0.0443
0.0450022
0.0457092
0.0464415
0.0471858
0.0479525
0.0487196
0.0495115
0.0503231
0.0511546
0.0520012
0.0528523
0.0537427
0.0546504
0.0555929
0.0565216
0.057466
0.0584267
0.059412
0.0604246
0.061463
0.0625011
0.063558
0.064633
0.065727
0.0668235
0.0679721
0.0690802
0.0702434
0.0713765
0.0724386
0.0734798
0.0743234
0.0273091
0.0266611
0.0250129
0.0220362
0.0193684
0.0182389
0.018347
0.0187632
0.0191193
0.0195028
0.0198409
0.020015
0.0201268
0.0203603
0.0207153
0.0209827
0.0211361
0.0213424
0.0215708
0.0217775
0.0220683
0.0224192
0.0227274
0.0230173
0.0233502
0.0237232
0.0241028
0.0244498
0.0247759
0.0251445
0.025531
0.0258874
0.0262523
0.0266426
0.0270154
0.0273933
0.0278151
0.0282506
0.0286779
0.0291075
0.0295507
0.0300187
0.0304958
0.0309491
0.0313745
0.0318093
0.0322687
0.0327254
0.0331589
0.0336238
0.0341469
0.0346652
0.0351696
0.0357229
0.0363068
0.0369108
0.0375215
0.038045
0.0384972
0.0390364
0.0396946
0.0403711
0.0410229
0.0416542
0.0422842
0.0429383
0.0436174
0.044301
0.0450032
0.0457102
0.0464428
0.047187
0.0479535
0.0487206
0.0495127
0.0503243
0.0511556
0.0520022
0.0528535
0.0537436
0.0546509
0.0555931
0.056522
0.0574666
0.0584273
0.0594126
0.060425
0.0614632
0.0625014
0.0635583
0.0646333
0.0657274
0.0668241
0.0679725
0.0690812
0.0702443
0.0713778
0.0724421
0.0734839
0.0743253
0.0269214
0.0262915
0.0249286
0.0222312
0.0196479
0.0184692
0.0184718
0.0188056
0.0191426
0.0195468
0.0198961
0.0200605
0.0201611
0.0203878
0.0207365
0.0210004
0.0211536
0.0213597
0.0215911
0.0218024
0.0220906
0.0224331
0.0227382
0.0230322
0.0233667
0.0237346
0.0241089
0.0244565
0.0247851
0.0251525
0.0255364
0.0258929
0.0262587
0.026648
0.0270206
0.0273995
0.0278211
0.0282546
0.0286804
0.0291103
0.0295542
0.0300207
0.0304952
0.0309478
0.031375
0.031811
0.0322698
0.0327262
0.033161
0.0336268
0.0341491
0.034667
0.0351721
0.0357255
0.0363077
0.036909
0.0375174
0.0380418
0.0384969
0.0390377
0.0396963
0.0403729
0.0410238
0.0416547
0.0422849
0.0429392
0.0436184
0.0443022
0.0450042
0.0457113
0.046444
0.0471882
0.0479545
0.0487217
0.049514
0.0503255
0.0511566
0.0520033
0.0528547
0.0537447
0.0546515
0.0555933
0.0565223
0.0574672
0.0584281
0.0594133
0.0604255
0.0614633
0.0625017
0.0635587
0.0646338
0.0657278
0.0668247
0.067973
0.0690822
0.0702452
0.0713793
0.0724458
0.0734884
0.0743273
0.0265583
0.0259295
0.0248239
0.022405
0.0199153
0.0187013
0.0186107
0.0188578
0.0191658
0.0195871
0.0199506
0.020108
0.0201976
0.0204173
0.0207593
0.0210193
0.0211718
0.0213776
0.021612
0.0218284
0.0221143
0.0224479
0.0227497
0.0230479
0.023384
0.0237466
0.0241154
0.0244636
0.0247948
0.0251608
0.025542
0.0258987
0.0262653
0.0266538
0.0270259
0.0274059
0.0278275
0.0282589
0.0286829
0.0291132
0.0295578
0.0300229
0.0304948
0.0309467
0.0313755
0.0318127
0.0322709
0.0327271
0.0331634
0.0336299
0.0341515
0.0346691
0.0351748
0.0357282
0.036309
0.0369074
0.0375134
0.038039
0.0384978
0.0390402
0.0396982
0.0403743
0.0410245
0.0416552
0.0422857
0.0429403
0.0436195
0.0443033
0.0450053
0.0457125
0.0464453
0.0471895
0.0479556
0.0487228
0.0495153
0.0503268
0.0511577
0.0520044
0.052856
0.0537459
0.0546522
0.0555935
0.0565226
0.0574678
0.0584288
0.0594141
0.060426
0.0614635
0.062502
0.063559
0.0646342
0.0657283
0.0668253
0.0679735
0.0690833
0.0702462
0.0713808
0.0724498
0.0734931
0.0743296
0.02622
0.0255774
0.0247003
0.0225575
0.0201686
0.0189319
0.0187632
0.0189218
0.0191902
0.0196235
0.0200033
0.0201569
0.0202365
0.020449
0.0207841
0.0210395
0.0211907
0.021396
0.0216337
0.0218556
0.0221391
0.0224638
0.022762
0.0230643
0.0234021
0.0237591
0.0241223
0.024471
0.0248049
0.0251695
0.0255479
0.0259047
0.0262722
0.0266597
0.0270315
0.0274126
0.0278341
0.0282634
0.0286856
0.0291161
0.0295615
0.0300252
0.0304944
0.0309455
0.0313761
0.0318146
0.0322722
0.0327282
0.033166
0.0336334
0.0341542
0.0346713
0.0351776
0.035731
0.0363105
0.0369062
0.0375096
0.0380368
0.0385
0.0390441
0.0397006
0.0403754
0.0410251
0.0416557
0.0422867
0.0429416
0.0436207
0.0443044
0.0450065
0.0457138
0.0464467
0.0471908
0.0479568
0.048724
0.0495166
0.0503281
0.0511588
0.0520055
0.0528573
0.0537471
0.054653
0.0555937
0.0565229
0.0574684
0.0584296
0.0594149
0.0604265
0.0614637
0.0625023
0.0635594
0.0646346
0.0657287
0.066826
0.067974
0.0690844
0.0702473
0.0713824
0.0724539
0.0734981
0.074332
0.0259064
0.0252375
0.0245585
0.0226885
0.0204074
0.0191583
0.018927
0.018999
0.0192181
0.0196565
0.0200536
0.0202064
0.0202773
0.0204831
0.0208112
0.0210613
0.0212104
0.021415
0.0216562
0.0218838
0.0221651
0.0224805
0.022775
0.0230815
0.023421
0.0237724
0.0241296
0.0244789
0.0248155
0.0251786
0.025554
0.025911
0.0262794
0.026666
0.0270372
0.0274195
0.027841
0.0282682
0.0286885
0.0291192
0.0295653
0.0300277
0.0304941
0.0309445
0.0313768
0.0318166
0.0322736
0.0327295
0.0331688
0.0336372
0.0341571
0.0346738
0.0351805
0.0357339
0.0363122
0.0369053
0.0375061
0.038035
0.0385033
0.0390493
0.0397035
0.0403763
0.0410254
0.0416561
0.0422878
0.0429431
0.043622
0.0443055
0.0450077
0.0457152
0.0464481
0.0471921
0.047958
0.0487253
0.049518
0.0503295
0.05116
0.0520067
0.0528587
0.0537484
0.0546538
0.055594
0.0565233
0.057469
0.0584305
0.0594157
0.0604271
0.061464
0.0625026
0.0635598
0.0646351
0.0657292
0.0668267
0.0679746
0.0690856
0.0702484
0.0713841
0.0724582
0.0735034
0.0743345
0.0256162
0.0249128
0.0243998
0.0227978
0.0206319
0.0193779
0.019099
0.0190905
0.019252
0.0196871
0.0201007
0.0202555
0.0203198
0.0205198
0.0208409
0.021085
0.0212311
0.0214344
0.0216793
0.0219132
0.0221922
0.022498
0.0227885
0.0230993
0.0234407
0.0237863
0.0241374
0.0244872
0.0248267
0.0251882
0.0255604
0.0259176
0.026287
0.0266725
0.0270432
0.0274265
0.0278481
0.0282733
0.0286915
0.0291224
0.0295692
0.0300303
0.0304939
0.0309435
0.0313776
0.0318188
0.0322752
0.0327309
0.0331719
0.0336413
0.0341603
0.0346765
0.0351836
0.0357369
0.0363141
0.0369048
0.0375028
0.0380337
0.0385075
0.0390555
0.0397069
0.040377
0.0410255
0.0416566
0.042289
0.0429446
0.0436233
0.0443066
0.045009
0.0457168
0.0464496
0.0471934
0.0479593
0.0487267
0.0495195
0.0503308
0.0511612
0.0520079
0.0528602
0.0537498
0.0546548
0.0555943
0.0565236
0.0574697
0.0584313
0.0594166
0.0604278
0.0614642
0.0625029
0.0635602
0.0646356
0.0657298
0.0668275
0.0679751
0.0690868
0.0702497
0.071386
0.0724626
0.073509
0.0743373
0.0253461
0.0246068
0.0242275
0.0228844
0.0208422
0.0195889
0.0192752
0.0191966
0.0192944
0.0197167
0.0201443
0.0203033
0.020363
0.0205589
0.0208735
0.0211107
0.0212528
0.0214543
0.021703
0.0219436
0.0222204
0.0225162
0.0228027
0.0231178
0.0234613
0.0238008
0.0241456
0.024496
0.0248384
0.0251983
0.0255671
0.0259245
0.0262951
0.0266794
0.0270493
0.0274337
0.0278555
0.0282787
0.0286948
0.0291256
0.0295733
0.0300331
0.0304939
0.0309425
0.0313784
0.0318211
0.0322768
0.0327325
0.0331753
0.0336456
0.0341638
0.0346793
0.0351869
0.0357401
0.0363161
0.0369045
0.0374997
0.0380327
0.0385122
0.0390623
0.0397106
0.0403776
0.0410256
0.0416571
0.0422903
0.0429463
0.0436247
0.0443078
0.0450104
0.0457184
0.0464512
0.0471948
0.0479607
0.0487281
0.049521
0.0503323
0.0511625
0.0520092
0.0528617
0.0537513
0.0546558
0.0555947
0.056524
0.0574704
0.0584322
0.0594175
0.0604284
0.0614645
0.0625033
0.0635606
0.0646361
0.0657303
0.0668283
0.0679758
0.0690881
0.0702511
0.0713879
0.0724673
0.0735148
0.0743403
0.0250909
0.0243209
0.0240464
0.0229474
0.0210378
0.0197904
0.019452
0.0193165
0.0193474
0.0197469
0.0201844
0.0203489
0.0204062
0.0206001
0.0209094
0.021139
0.0212757
0.0214749
0.0217273
0.0219748
0.0222497
0.0225353
0.0228173
0.023137
0.0234826
0.0238161
0.0241543
0.0245052
0.0248507
0.0252088
0.0255741
0.0259317
0.0263035
0.0266866
0.0270556
0.0274411
0.0278632
0.0282843
0.0286982
0.029129
0.0295776
0.0300362
0.030494
0.0309417
0.0313794
0.0318236
0.0322787
0.0327342
0.0331788
0.0336502
0.0341674
0.0346823
0.0351903
0.0357432
0.0363182
0.036904
0.0374968
0.0380319
0.0385171
0.0390694
0.0397144
0.0403783
0.0410256
0.0416576
0.0422916
0.0429479
0.0436261
0.044309
0.0450119
0.04572
0.0464528
0.0471962
0.0479621
0.0487296
0.0495227
0.0503338
0.0511638
0.0520106
0.0528633
0.0537528
0.0546569
0.0555951
0.0565244
0.0574711
0.0584331
0.0594185
0.0604292
0.0614648
0.0625037
0.0635611
0.0646366
0.0657309
0.0668292
0.0679764
0.0690895
0.0702526
0.07139
0.0724721
0.0735209
0.0743434
0.0248448
0.0240541
0.023862
0.0229881
0.0212176
0.0199818
0.0196264
0.019448
0.0194126
0.0197801
0.0202216
0.0203919
0.0204484
0.0206427
0.0209486
0.0211702
0.0213001
0.021496
0.0217522
0.0220069
0.02228
0.0225551
0.0228325
0.0231569
0.0235049
0.0238322
0.0241635
0.0245148
0.0248635
0.0252199
0.0255815
0.0259393
0.0263124
0.0266943
0.0270622
0.0274487
0.0278711
0.0282903
0.0287018
0.0291325
0.0295821
0.0300394
0.0304943
0.0309409
0.0313805
0.0318262
0.0322806
0.032736
0.0331825
0.033655
0.0341712
0.0346855
0.0351938
0.0357465
0.0363203
0.0369037
0.0374941
0.0380312
0.0385222
0.0390766
0.0397183
0.0403789
0.0410257
0.0416582
0.042293
0.0429497
0.0436276
0.0443103
0.0450134
0.0457218
0.0464545
0.0471977
0.0479636
0.0487312
0.0495243
0.0503354
0.0511653
0.052012
0.0528649
0.0537543
0.054658
0.0555956
0.0565249
0.0574719
0.0584341
0.0594194
0.0604299
0.0614651
0.0625041
0.0635616
0.0646372
0.0657315
0.0668301
0.0679772
0.0690909
0.0702542
0.0713923
0.0724772
0.0735274
0.0743468
0.0246035
0.0238023
0.0236783
0.0230101
0.0213801
0.0201624
0.0197967
0.019588
0.0194907
0.0198188
0.0202572
0.0204316
0.0204887
0.0206861
0.020991
0.0212047
0.0213261
0.0215178
0.0217777
0.0220398
0.0223112
0.0225758
0.0228483
0.0231774
0.0235281
0.0238491
0.0241732
0.0245249
0.024877
0.0252315
0.0255893
0.0259473
0.0263217
0.0267023
0.027069
0.0274565
0.0278794
0.0282965
0.0287056
0.0291361
0.0295867
0.0300429
0.0304947
0.0309401
0.0313818
0.031829
0.0322827
0.0327379
0.0331863
0.0336599
0.0341751
0.0346887
0.0351974
0.0357498
0.0363224
0.0369033
0.0374915
0.0380305
0.0385272
0.0390838
0.0397223
0.0403797
0.0410259
0.0416588
0.0422944
0.0429515
0.0436291
0.0443117
0.045015
0.0457236
0.0464562
0.0471993
0.0479652
0.0487328
0.0495261
0.050337
0.0511668
0.0520135
0.0528667
0.053756
0.0546592
0.0555961
0.0565254
0.0574728
0.0584351
0.0594205
0.0604307
0.0614655
0.0625046
0.0635622
0.0646378
0.0657322
0.066831
0.0679779
0.0690924
0.0702559
0.0713946
0.0724824
0.0735341
0.0743505
0.0243674
0.0235597
0.0234952
0.0230192
0.0215249
0.02033
0.0199621
0.0197337
0.0195814
0.0198652
0.0202926
0.0204681
0.0205266
0.0207295
0.0210361
0.0212426
0.0213543
0.0215405
0.021804
0.0220736
0.0223433
0.0225973
0.0228648
0.0231986
0.0235521
0.0238668
0.0241834
0.0245355
0.024891
0.0252438
0.0255975
0.0259556
0.0263315
0.0267107
0.027076
0.0274645
0.027888
0.0283031
0.0287095
0.0291398
0.0295916
0.0300467
0.0304953
0.0309395
0.0313831
0.031832
0.032285
0.0327398
0.0331902
0.0336651
0.0341792
0.034692
0.0352011
0.0357532
0.0363245
0.036903
0.037489
0.03803
0.0385322
0.0390909
0.0397264
0.0403806
0.0410261
0.0416595
0.0422959
0.0429533
0.0436307
0.0443131
0.0450167
0.0457255
0.0464581
0.047201
0.0479668
0.0487345
0.0495279
0.0503388
0.0511683
0.0520151
0.0528685
0.0537577
0.0546605
0.0555967
0.0565259
0.0574736
0.0584361
0.0594215
0.0604315
0.0614659
0.0625051
0.0635628
0.0646384
0.0657328
0.0668321
0.0679788
0.069094
0.0702578
0.0713971
0.0724878
0.0735412
0.0743544
0.0241422
0.0233229
0.023308
0.0230207
0.0216551
0.0204813
0.0201213
0.0198836
0.019683
0.0199208
0.0203302
0.0205017
0.0205614
0.0207719
0.0210834
0.021284
0.0213849
0.0215643
0.0218309
0.0221084
0.0223764
0.0226195
0.0228819
0.0232206
0.0235772
0.0238854
0.0241943
0.0245466
0.0249058
0.0252567
0.0256061
0.0259644
0.0263419
0.0267196
0.0270833
0.0274727
0.027897
0.0283101
0.0287137
0.0291436
0.0295966
0.0300507
0.030496
0.0309389
0.0313846
0.0318352
0.0322874
0.0327419
0.0331941
0.0336704
0.0341835
0.0346954
0.0352049
0.0357567
0.0363266
0.0369028
0.0374867
0.0380296
0.0385372
0.0390979
0.0397304
0.0403817
0.0410264
0.0416602
0.0422974
0.0429552
0.0436324
0.0443146
0.0450184
0.0457274
0.04646
0.0472027
0.0479685
0.0487363
0.0495298
0.0503406
0.05117
0.0520168
0.0528703
0.0537594
0.0546618
0.0555973
0.0565265
0.0574746
0.0584372
0.0594226
0.0604324
0.0614663
0.0625056
0.0635634
0.0646391
0.0657336
0.0668331
0.0679796
0.0690956
0.0702598
0.0713997
0.0724934
0.0735486
0.0743585
0.0239326
0.0230957
0.0231108
0.0230151
0.0217774
0.0206136
0.0202705
0.0200379
0.0197935
0.0199854
0.0203727
0.0205334
0.0205923
0.0208127
0.0211323
0.0213287
0.0214181
0.0215894
0.0218586
0.0221442
0.0224106
0.0226423
0.0228994
0.0232433
0.0236032
0.023905
0.0242058
0.0245582
0.0249212
0.0252702
0.0256152
0.0259735
0.0263527
0.026729
0.0270909
0.0274812
0.0279063
0.0283174
0.028718
0.0291475
0.0296019
0.030055
0.030497
0.0309384
0.0313862
0.0318386
0.03229
0.032744
0.0331982
0.0336759
0.0341878
0.0346989
0.0352088
0.0357602
0.0363288
0.0369026
0.0374845
0.0380293
0.0385421
0.0391048
0.0397345
0.0403828
0.0410268
0.041661
0.0422991
0.0429572
0.0436341
0.0443162
0.0450203
0.0457294
0.046462
0.0472045
0.0479703
0.0487381
0.0495318
0.0503425
0.0511717
0.0520185
0.0528723
0.0537612
0.0546632
0.055598
0.0565271
0.0574756
0.0584383
0.0594238
0.0604333
0.0614667
0.0625061
0.0635641
0.0646398
0.0657343
0.0668343
0.0679806
0.0690973
0.070262
0.0714025
0.0724992
0.0735564
0.074363
0.023738
0.0228875
0.0229002
0.0229956
0.0219006
0.0207289
0.0204026
0.0201965
0.0199122
0.0200575
0.0204223
0.0205654
0.0206189
0.0208513
0.0211821
0.0213763
0.0214539
0.021616
0.0218874
0.022181
0.022446
0.022666
0.0229174
0.0232667
0.0236303
0.0239256
0.0242179
0.0245703
0.0249373
0.0252845
0.0256247
0.0259831
0.0263641
0.0267389
0.0270988
0.0274899
0.0279159
0.0283251
0.0287226
0.0291515
0.0296074
0.0300597
0.0304981
0.030938
0.0313879
0.0318422
0.0322928
0.0327461
0.0332023
0.0336816
0.0341924
0.0347024
0.0352128
0.0357639
0.036331
0.0369025
0.0374825
0.0380291
0.0385469
0.0391116
0.0397387
0.0403841
0.0410274
0.0416619
0.0423008
0.0429592
0.0436359
0.0443179
0.0450222
0.0457315
0.046464
0.0472064
0.0479722
0.04874
0.0495338
0.0503444
0.0511735
0.0520204
0.0528743
0.053763
0.0546646
0.0555987
0.0565278
0.0574766
0.0584394
0.059425
0.0604342
0.0614672
0.0625067
0.0635647
0.0646405
0.0657352
0.0668355
0.0679816
0.0690991
0.0702644
0.0714055
0.0725052
0.0735645
0.0743677
0.0235511
0.0227064
0.0226803
0.0229519
0.0220301
0.0208348
0.0205099
0.0203561
0.0200416
0.0201346
0.0204792
0.020601
0.0206416
0.0208865
0.0212326
0.0214264
0.0214922
0.0216441
0.0219174
0.0222191
0.0224826
0.0226908
0.0229357
0.0232906
0.0236586
0.0239474
0.0242307
0.0245828
0.0249541
0.0252996
0.0256348
0.0259931
0.026376
0.0267492
0.027107
0.0274989
0.027926
0.0283332
0.0287275
0.0291557
0.0296131
0.0300646
0.0304995
0.0309377
0.0313898
0.031846
0.0322957
0.0327484
0.0332066
0.0336875
0.034197
0.0347061
0.0352169
0.0357677
0.0363332
0.0369025
0.0374807
0.038029
0.0385517
0.0391183
0.0397428
0.0403856
0.041028
0.0416629
0.0423025
0.0429612
0.0436377
0.0443197
0.0450242
0.0457336
0.0464662
0.0472084
0.0479742
0.048742
0.0495359
0.0503465
0.0511754
0.0520223
0.0528764
0.0537649
0.0546661
0.0555994
0.0565285
0.0574777
0.0584405
0.0594262
0.0604352
0.0614677
0.0625074
0.0635655
0.0646412
0.065736
0.0668367
0.0679827
0.0691009
0.0702669
0.0714086
0.0725115
0.073573
0.0743728
0.0233631
0.0225552
0.022463
0.0228738
0.0221618
0.0209443
0.0205888
0.0205081
0.0201854
0.0202154
0.0205409
0.0206442
0.020662
0.0209167
0.021283
0.0214787
0.0215327
0.0216737
0.0219487
0.0222586
0.0225207
0.0227166
0.0229545
0.0233148
0.0236879
0.0239704
0.0242443
0.0245958
0.0249715
0.0253155
0.0256454
0.0260035
0.0263885
0.0267602
0.0271156
0.0275081
0.0279364
0.0283417
0.0287326
0.02916
0.029619
0.0300699
0.0305012
0.0309376
0.0313918
0.0318501
0.0322989
0.0327507
0.0332109
0.0336935
0.0342019
0.0347097
0.0352211
0.0357716
0.0363355
0.0369026
0.037479
0.0380291
0.0385564
0.0391249
0.039747
0.0403872
0.0410288
0.041664
0.0423044
0.0429634
0.0436396
0.0443216
0.0450263
0.0457358
0.0464684
0.0472105
0.0479762
0.0487441
0.0495381
0.0503486
0.0511773
0.0520242
0.0528785
0.0537669
0.0546676
0.0556003
0.0565292
0.0574788
0.0584417
0.0594275
0.0604362
0.0614682
0.0625081
0.0635662
0.064642
0.065737
0.066838
0.0679839
0.0691029
0.0702697
0.071412
0.0725179
0.0735819
0.0743782
0.0231688
0.0224291
0.0222616
0.0227569
0.0222814
0.0210712
0.0206452
0.0206402
0.020344
0.0203031
0.0206033
0.0206967
0.0206837
0.0209407
0.0213325
0.0215334
0.0215752
0.0217047
0.0219809
0.0222999
0.0225605
0.0227434
0.0229739
0.0233393
0.023718
0.0239947
0.0242587
0.0246093
0.0249897
0.0253323
0.0256566
0.0260142
0.0264016
0.0267718
0.0271245
0.0275176
0.0279472
0.0283507
0.028738
0.0291644
0.0296252
0.0300756
0.0305031
0.0309375
0.031394
0.0318545
0.0323023
0.0327531
0.0332153
0.0336998
0.0342068
0.0347135
0.0352254
0.0357756
0.0363378
0.0369028
0.0374776
0.0380294
0.0385611
0.0391313
0.0397512
0.0403889
0.0410297
0.0416651
0.0423063
0.0429655
0.0436416
0.0443235
0.0450284
0.0457381
0.0464707
0.0472127
0.0479784
0.0487462
0.0495404
0.0503508
0.0511794
0.0520263
0.0528807
0.0537689
0.0546692
0.0556012
0.0565301
0.05748
0.058443
0.0594288
0.0604373
0.0614688
0.0625088
0.0635671
0.0646428
0.0657379
0.0668394
0.0679851
0.0691049
0.0702726
0.0714155
0.0725245
0.0735912
0.074384
0.0229665
0.0223197
0.0220874
0.0226089
0.0223724
0.0212193
0.0206928
0.0207418
0.0205105
0.0204047
0.0206634
0.0207563
0.020712
0.0209589
0.0213786
0.0215908
0.0216194
0.0217366
0.022014
0.0223428
0.0226028
0.0227717
0.0229936
0.0233641
0.0237488
0.0240204
0.0242742
0.0246233
0.0250086
0.0253499
0.0256685
0.0260255
0.0264152
0.0267839
0.0271338
0.0275273
0.0279583
0.0283602
0.0287437
0.029169
0.0296316
0.0300816
0.0305053
0.0309377
0.0313963
0.0318591
0.032306
0.0327556
0.0332197
0.0337062
0.034212
0.0347174
0.0352299
0.0357797
0.0363402
0.0369031
0.0374765
0.0380298
0.0385653
0.0391376
0.0397555
0.0403908
0.0410307
0.0416664
0.0423083
0.0429678
0.0436436
0.0443256
0.0450307
0.0457405
0.0464731
0.047215
0.0479806
0.0487484
0.0495428
0.0503531
0.0511815
0.0520284
0.052883
0.053771
0.0546709
0.0556021
0.0565309
0.0574813
0.0584442
0.0594302
0.0604384
0.0614694
0.0625096
0.0635679
0.0646437
0.065739
0.0668408
0.0679865
0.069107
0.0702757
0.0714193
0.0725314
0.0736008
0.0743901
0.022755
0.0222182
0.021946
0.0224461
0.0224203
0.0213767
0.0207499
0.0208123
0.0206718
0.020525
0.0207227
0.0208178
0.0207508
0.0209741
0.0214187
0.0216506
0.021666
0.0217687
0.0220476
0.022387
0.0226478
0.0228019
0.0230135
0.0233892
0.0237805
0.0240472
0.0242907
0.0246378
0.0250282
0.0253686
0.0256811
0.0260372
0.0264293
0.0267967
0.0271436
0.0275373
0.0279698
0.0283701
0.0287497
0.0291738
0.0296382
0.030088
0.0305079
0.030938
0.0313988
0.0318641
0.0323099
0.0327581
0.0332242
0.0337128
0.0342173
0.0347213
0.0352344
0.0357839
0.0363427
0.0369036
0.0374756
0.0380304
0.0385699
0.0391438
0.0397597
0.0403929
0.0410319
0.0416677
0.0423105
0.0429701
0.0436457
0.0443277
0.0450331
0.045743
0.0464755
0.0472173
0.0479829
0.0487507
0.0495452
0.0503555
0.0511837
0.0520307
0.0528854
0.0537731
0.0546726
0.0556031
0.0565318
0.0574826
0.0584455
0.0594316
0.0604396
0.0614701
0.0625104
0.0635688
0.0646446
0.0657401
0.0668423
0.067988
0.0691093
0.070279
0.0714233
0.0725384
0.0736108
0.0743967
0.0225302
0.0221162
0.0218368
0.0222864
0.0224225
0.0215246
0.0208289
0.0208637
0.0208133
0.0206608
0.020789
0.0208768
0.0207998
0.0209916
0.0214513
0.0217111
0.0217161
0.0218003
0.0220812
0.0224325
0.0226952
0.022835
0.0230339
0.023414
0.0238133
0.0240753
0.024308
0.0246528
0.0250483
0.0253882
0.0256944
0.0260494
0.0264441
0.0268102
0.0271539
0.0275476
0.0279817
0.0283806
0.0287561
0.0291787
0.0296451
0.0300949
0.0305108
0.0309384
0.0314015
0.0318693
0.0323141
0.0327608
0.0332288
0.0337197
0.0342228
0.0347253
0.035239
0.0357882
0.0363452
0.0369042
0.0374749
0.0380312
0.0385744
0.0391498
0.039764
0.0403951
0.0410332
0.0416692
0.0423127
0.0429725
0.0436479
0.04433
0.0450356
0.0457455
0.0464781
0.0472198
0.0479853
0.0487531
0.0495477
0.050358
0.051186
0.052033
0.0528878
0.0537753
0.0546744
0.0556042
0.0565328
0.057484
0.0584468
0.0594331
0.0604408
0.0614708
0.0625113
0.0635698
0.0646456
0.0657413
0.0668439
0.0679896
0.0691116
0.0702825
0.0714276
0.0725456
0.0736212
0.0744037
0.0222879
0.0220041
0.021755
0.022145
0.0223898
0.0216445
0.0209245
0.0209136
0.0209294
0.0208005
0.0208691
0.0209333
0.0208542
0.0210162
0.0214777
0.0217695
0.0217708
0.0218317
0.0221133
0.0224792
0.0227451
0.0228712
0.0230555
0.023438
0.0238469
0.0241051
0.0243261
0.0246683
0.0250693
0.025409
0.0257086
0.0260619
0.0264594
0.0268244
0.0271646
0.0275581
0.027994
0.0283916
0.028763
0.0291838
0.0296522
0.0301022
0.0305141
0.0309391
0.0314043
0.0318748
0.0323186
0.0327636
0.0332335
0.0337267
0.0342285
0.0347293
0.0352437
0.0357927
0.0363479
0.036905
0.0374745
0.0380322
0.0385789
0.0391557
0.0397683
0.0403975
0.0410347
0.0416707
0.042315
0.042975
0.0436501
0.0443324
0.0450382
0.0457482
0.0464807
0.0472224
0.0479878
0.0487556
0.0495504
0.0503605
0.0511884
0.0520354
0.0528904
0.0537775
0.0546763
0.0556054
0.0565339
0.0574854
0.0584482
0.0594346
0.0604421
0.0614715
0.0625122
0.0635708
0.0646465
0.0657426
0.0668455
0.0679913
0.069114
0.0702863
0.0714321
0.072553
0.0736319
0.0744112
0.0220283
0.0218704
0.0216932
0.0220307
0.0223374
0.0217276
0.0210192
0.0209761
0.0210301
0.0209295
0.0209619
0.0209944
0.0209095
0.0210485
0.0215016
0.0218235
0.0218302
0.0218644
0.022142
0.0225264
0.0227978
0.0229103
0.023079
0.0234616
0.0238806
0.024137
0.0243453
0.0246837
0.025091
0.0254311
0.0257238
0.0260748
0.0264752
0.0268394
0.0271758
0.0275689
0.0280066
0.0284031
0.0287702
0.0291891
0.0296596
0.0301099
0.0305179
0.03094
0.0314073
0.0318807
0.0323235
0.0327664
0.0332382
0.033734
0.0342344
0.0347335
0.0352485
0.0357973
0.0363506
0.0369059
0.0374744
0.0380334
0.0385834
0.0391615
0.0397726
0.0404001
0.0410363
0.0416724
0.0423174
0.0429775
0.0436524
0.0443348
0.0450409
0.0457509
0.0464835
0.0472251
0.0479904
0.0487582
0.0495531
0.0503632
0.0511909
0.0520379
0.052893
0.0537799
0.0546782
0.0556066
0.056535
0.0574869
0.0584496
0.0594362
0.0604434
0.0614723
0.0625132
0.0635719
0.0646476
0.065744
0.0668472
0.0679931
0.0691166
0.0702902
0.071437
0.0725607
0.0736431
0.0744191
0.0217617
0.0217024
0.0216407
0.0219475
0.0222813
0.0217805
0.021095
0.0210478
0.0211314
0.0210414
0.0210564
0.021067
0.0209665
0.0210848
0.0215262
0.0218728
0.0218934
0.0219006
0.0221663
0.0225722
0.0228542
0.0229522
0.0231043
0.0234853
0.023914
0.0241709
0.0243661
0.0246989
0.025113
0.0254546
0.02574
0.0260881
0.0264915
0.0268553
0.0271878
0.02758
0.0280197
0.0284153
0.0287779
0.0291945
0.0296672
0.0301182
0.0305222
0.030941
0.0314105
0.0318869
0.0323287
0.0327695
0.033243
0.0337414
0.0342405
0.0347377
0.0352535
0.035802
0.0363535
0.0369071
0.0374746
0.0380349
0.0385879
0.0391672
0.039777
0.0404028
0.0410381
0.0416742
0.0423199
0.0429801
0.0436549
0.0443374
0.0450437
0.0457537
0.0464863
0.0472279
0.0479931
0.0487608
0.0495559
0.050366
0.0511935
0.0520406
0.0528957
0.0537823
0.0546802
0.055608
0.0565361
0.0574886
0.0584511
0.0594379
0.0604448
0.0614732
0.0625143
0.0635731
0.0646487
0.0657455
0.066849
0.0679951
0.0691193
0.0702944
0.0714421
0.0725685
0.0736545
0.0744275
0.0215087
0.0214923
0.0215807
0.0218956
0.0222349
0.0218164
0.0211422
0.0211104
0.0212467
0.0211471
0.0211382
0.0211492
0.0210328
0.0211229
0.0215514
0.0219182
0.021959
0.0219427
0.0221867
0.0226138
0.0229145
0.0229982
0.0231306
0.0235098
0.0239474
0.0242059
0.0243891
0.0247141
0.0251349
0.0254797
0.0257576
0.0261017
0.026508
0.026872
0.0272005
0.0275913
0.0280329
0.0284281
0.0287861
0.0292001
0.0296749
0.030127
0.030527
0.0309424
0.0314138
0.0318935
0.0323344
0.0327726
0.0332477
0.0337491
0.0342468
0.034742
0.0352584
0.0358069
0.0363565
0.0369084
0.0374751
0.0380365
0.0385923
0.0391728
0.0397814
0.0404057
0.04104
0.0416761
0.0423225
0.0429829
0.0436574
0.0443401
0.0450466
0.0457566
0.0464893
0.0472308
0.047996
0.0487636
0.0495589
0.0503689
0.0511962
0.0520433
0.0528984
0.0537847
0.0546824
0.0556094
0.0565374
0.0574902
0.0584525
0.0594396
0.0604463
0.0614741
0.0625154
0.0635743
0.0646498
0.0657471
0.0668509
0.0679973
0.0691222
0.0702988
0.0714476
0.0725766
0.0736663
0.0744364
0.0212938
0.0212466
0.021491
0.0218678
0.0222081
0.0218512
0.0211684
0.0211437
0.0213712
0.0212652
0.0212004
0.0212276
0.0211154
0.0211664
0.0215744
0.0219594
0.0220259
0.0219927
0.0222053
0.0226476
0.0229772
0.0230503
0.0231577
0.0235342
0.023982
0.024242
0.0244139
0.02473
0.0251562
0.025506
0.0257769
0.0261158
0.0265249
0.0268894
0.027214
0.027603
0.0280465
0.0284416
0.028795
0.0292059
0.0296829
0.0301364
0.0305324
0.030944
0.0314172
0.0319003
0.0323405
0.032776
0.0332525
0.0337569
0.0342534
0.0347464
0.0352635
0.0358119
0.0363596
0.03691
0.0374759
0.0380384
0.0385968
0.0391783
0.0397858
0.0404087
0.0410422
0.0416782
0.0423253
0.0429857
0.04366
0.044343
0.0450496
0.0457596
0.0464923
0.0472339
0.0479989
0.0487665
0.0495619
0.0503719
0.051199
0.0520461
0.0529013
0.0537873
0.0546845
0.0556109
0.0565387
0.057492
0.0584541
0.0594414
0.0604478
0.0614751
0.0625166
0.0635756
0.064651
0.0657488
0.0668528
0.0679995
0.0691252
0.0703033
0.0714535
0.0725849
0.0736785
0.0744458
0.021139
0.0209904
0.0213526
0.0218474
0.0222063
0.0218988
0.0211903
0.0211349
0.021482
0.0214134
0.0212569
0.0212843
0.0212104
0.0212254
0.0215955
0.0219939
0.0220922
0.022052
0.0222261
0.0226716
0.0230386
0.0231104
0.0231868
0.0235566
0.0240181
0.0242802
0.0244397
0.0247466
0.0251773
0.0255329
0.0257982
0.0261306
0.0265418
0.0269077
0.0272283
0.027615
0.0280603
0.0284556
0.0288046
0.0292119
0.0296909
0.0301462
0.0305385
0.030946
0.0314207
0.0319075
0.0323471
0.0327796
0.0332573
0.0337649
0.0342602
0.0347509
0.0352686
0.0358171
0.0363629
0.0369118
0.0374771
0.0380405
0.0386012
0.0391837
0.0397902
0.040412
0.0410445
0.0416804
0.0423281
0.0429886
0.0436627
0.0443459
0.0450528
0.0457627
0.0464955
0.047237
0.0480019
0.0487695
0.0495651
0.050375
0.051202
0.052049
0.0529042
0.0537899
0.0546868
0.0556125
0.0565401
0.0574938
0.0584557
0.0594432
0.0604494
0.0614761
0.0625179
0.063577
0.0646522
0.0657506
0.0668549
0.068002
0.0691284
0.0703081
0.0714597
0.0725934
0.0736909
0.0744558
0.0210523
0.020757
0.0211642
0.0218091
0.022226
0.0219681
0.0212275
0.0210909
0.0215511
0.021591
0.021333
0.0213089
0.0213005
0.021308
0.0216225
0.0220186
0.0221533
0.0221206
0.0222544
0.0226862
0.0230934
0.0231787
0.023221
0.0235756
0.0240543
0.0243223
0.0244667
0.0247631
0.0251988
0.0255604
0.0258209
0.0261465
0.0265588
0.0269266
0.0272435
0.0276274
0.0280744
0.0284703
0.0288149
0.0292182
0.029699
0.0301566
0.0305453
0.0309483
0.0314243
0.0319151
0.0323542
0.0327834
0.0332621
0.0337731
0.0342673
0.0347556
0.0352739
0.0358224
0.0363664
0.0369138
0.0374785
0.0380429
0.0386057
0.039189
0.0397947
0.0404154
0.0410469
0.0416827
0.0423311
0.0429916
0.0436655
0.044349
0.0450561
0.0457659
0.0464988
0.0472403
0.0480051
0.0487725
0.0495684
0.0503782
0.051205
0.052052
0.0529073
0.0537926
0.0546892
0.0556142
0.0565416
0.0574958
0.0584573
0.0594451
0.0604511
0.0614772
0.0625192
0.0635784
0.0646535
0.0657526
0.066857
0.0680046
0.0691318
0.0703131
0.0714663
0.0726022
0.0737036
0.0744663
0.0210211
0.0205799
0.0209472
0.0217276
0.0222533
0.0220616
0.0212976
0.0210337
0.0215553
0.0217721
0.0214562
0.0213162
0.0213615
0.0214095
0.0216685
0.0220358
0.0222028
0.0221946
0.022296
0.0226958
0.0231361
0.0232524
0.0232643
0.0235913
0.0240877
0.0243696
0.0244968
0.0247782
0.0252201
0.0255894
0.0258449
0.0261634
0.0265762
0.0269461
0.0272597
0.0276402
0.0280887
0.0284858
0.0288259
0.0292248
0.0297073
0.0301675
0.0305529
0.0309511
0.031428
0.0319229
0.0323618
0.0327874
0.0332669
0.0337815
0.0342747
0.0347603
0.0352791
0.0358279
0.0363702
0.0369161
0.0374803
0.0380455
0.0386103
0.0391943
0.0397992
0.040419
0.0410496
0.0416852
0.0423342
0.0429947
0.0436684
0.0443522
0.0450595
0.0457693
0.0465021
0.0472437
0.0480083
0.0487758
0.0495717
0.0503815
0.0512082
0.0520551
0.0529104
0.0537954
0.0546916
0.055616
0.0565432
0.0574978
0.058459
0.0594471
0.0604529
0.0614784
0.0625207
0.0635799
0.0646548
0.0657546
0.0668593
0.0680073
0.0691354
0.0703183
0.0714733
0.0726112
0.0737166
0.0744773
0.0210228
0.0204766
0.0207333
0.0215918
0.0222647
0.0221736
0.0214101
0.0209893
0.0214921
0.0219217
0.0216372
0.0213367
0.0213763
0.0215085
0.0217446
0.0220576
0.0222357
0.0222652
0.0223539
0.0227086
0.0231633
0.0233252
0.02332
0.0236068
0.0241147
0.0244208
0.0245329
0.0247918
0.0252395
0.0256204
0.0258707
0.0261807
0.0265941
0.0269662
0.0272769
0.0276534
0.0281031
0.0285021
0.0288378
0.0292316
0.0297157
0.0301789
0.0305612
0.0309543
0.0314318
0.0319311
0.0323701
0.0327917
0.0332716
0.0337901
0.0342825
0.0347651
0.0352845
0.0358337
0.0363741
0.0369186
0.0374824
0.0380484
0.0386149
0.0391995
0.0398037
0.0404227
0.0410525
0.0416878
0.0423375
0.042998
0.0436715
0.0443555
0.0450631
0.0457727
0.0465056
0.0472473
0.0480117
0.0487791
0.0495752
0.0503849
0.0512114
0.0520583
0.0529136
0.0537983
0.0546941
0.0556179
0.0565449
0.0574999
0.0584607
0.0594491
0.0604547
0.0614797
0.0625222
0.0635816
0.0646562
0.0657569
0.0668616
0.0680102
0.0691393
0.0703237
0.0714806
0.0726205
0.0737298
0.0744889
0.0210368
0.0204414
0.020555
0.0214139
0.0222345
0.0222889
0.0215656
0.0209844
0.0213829
0.0220037
0.0218535
0.0214083
0.0213563
0.0215752
0.021846
0.0221012
0.0222559
0.0223212
0.0224239
0.0227349
0.0231773
0.0233885
0.023388
0.0236274
0.0241334
0.0244723
0.0245778
0.0248062
0.0252547
0.0256528
0.0258998
0.0261982
0.0266118
0.0269875
0.027295
0.027667
0.0281175
0.0285189
0.0288509
0.0292387
0.0297239
0.0301909
0.0305705
0.0309579
0.0314356
0.0319395
0.032379
0.0327964
0.0332762
0.0337988
0.0342907
0.0347701
0.0352897
0.0358396
0.0363783
0.0369214
0.0374849
0.0380516
0.0386196
0.0392048
0.0398083
0.0404267
0.0410555
0.0416905
0.0423409
0.0430014
0.0436746
0.044359
0.0450668
0.0457763
0.0465092
0.047251
0.0480152
0.0487825
0.0495789
0.0503885
0.0512148
0.0520616
0.0529169
0.0538013
0.0546968
0.0556199
0.0565467
0.0575021
0.0584625
0.0594512
0.0604566
0.061481
0.0625238
0.0635833
0.0646577
0.0657593
0.0668641
0.0680133
0.0691435
0.0703292
0.0714884
0.0726302
0.0737432
0.074501
0.0210484
0.0204578
0.020432
0.0212188
0.0221481
0.0223843
0.0217537
0.0210397
0.0212587
0.021998
0.0220674
0.0215556
0.0213342
0.021585
0.0219486
0.0221814
0.0222792
0.0223538
0.0224934
0.0227828
0.0231884
0.023434
0.0234626
0.0236596
0.0241448
0.0245194
0.0246317
0.0248251
0.0252648
0.025684
0.0259334
0.0262169
0.0266284
0.0270097
0.0273146
0.0276809
0.0281318
0.0285365
0.0288651
0.0292463
0.029732
0.0302034
0.0305808
0.0309621
0.0314394
0.0319482
0.0323887
0.0328016
0.0332807
0.0338075
0.0342993
0.0347753
0.035295
0.0358456
0.0363828
0.0369246
0.0374877
0.038055
0.0386244
0.03921
0.0398129
0.0404308
0.0410588
0.0416934
0.0423444
0.0430049
0.0436779
0.0443625
0.0450707
0.04578
0.0465129
0.0472548
0.0480188
0.0487861
0.0495826
0.0503921
0.0512183
0.052065
0.0529203
0.0538044
0.0546995
0.055622
0.0565485
0.0575044
0.0584644
0.0594533
0.0604586
0.0614825
0.0625255
0.0635852
0.0646593
0.0657618
0.0668668
0.0680165
0.0691479
0.070335
0.0714966
0.0726401
0.0737568
0.0745136
0.0210448
0.0205107
0.0203676
0.0210329
0.0220102
0.0224352
0.0219542
0.0211639
0.0211558
0.0219113
0.0222349
0.0217671
0.0213527
0.0215438
0.0220184
0.0222943
0.0223278
0.0223671
0.0225452
0.0228495
0.0232117
0.0234604
0.023533
0.0237077
0.0241543
0.0245569
0.0246923
0.0248525
0.025271
0.025711
0.0259713
0.026239
0.0266433
0.0270318
0.0273364
0.0276953
0.0281457
0.0285545
0.0288807
0.0292546
0.0297398
0.0302162
0.0305923
0.0309669
0.0314431
0.0319571
0.0323992
0.0328072
0.033285
0.0338163
0.0343083
0.0347808
0.0353003
0.0358518
0.0363876
0.036928
0.0374909
0.0380587
0.0386293
0.0392152
0.0398177
0.040435
0.0410622
0.0416965
0.0423481
0.0430086
0.0436814
0.0443662
0.0450747
0.0457838
0.0465167
0.0472587
0.0480226
0.0487898
0.0495865
0.0503959
0.051222
0.0520686
0.0529238
0.0538076
0.0547023
0.0556243
0.0565505
0.0575068
0.0584663
0.0594556
0.0604607
0.0614841
0.0625273
0.0635871
0.0646609
0.0657645
0.0668696
0.0680199
0.0691527
0.070341
0.0715051
0.0726504
0.0737705
0.0745267
0.02101
0.0205854
0.0203563
0.0208764
0.0218397
0.022427
0.0221406
0.0213487
0.0211081
0.0217731
0.0223201
0.0220074
0.0214475
0.0214836
0.0220253
0.022414
0.0224208
0.0223809
0.022565
0.0229187
0.0232617
0.0234785
0.0235861
0.0237693
0.0241711
0.0245821
0.0247538
0.0248916
0.0252769
0.0257315
0.0260112
0.0262665
0.0266576
0.0270523
0.0273603
0.0277113
0.0281589
0.0285728
0.0288977
0.0292635
0.0297475
0.0302293
0.0306049
0.0309726
0.0314466
0.0319661
0.0324106
0.0328134
0.0332893
0.0338251
0.0343178
0.0347865
0.0353056
0.0358581
0.0363926
0.0369318
0.0374944
0.0380626
0.0386343
0.0392205
0.0398225
0.0404395
0.0410658
0.0416997
0.0423519
0.0430124
0.043685
0.0443701
0.0450789
0.0457877
0.0465206
0.0472628
0.0480265
0.0487937
0.0495905
0.0503998
0.0512258
0.0520722
0.0529274
0.0538109
0.0547052
0.0556266
0.0565526
0.0575093
0.0584684
0.0594579
0.0604629
0.0614857
0.0625291
0.0635892
0.0646627
0.0657673
0.0668727
0.0680234
0.0691577
0.0703472
0.0715141
0.0726611
0.0737844
0.0745402
0.0209285
0.0206636
0.0203911
0.0207593
0.0216581
0.0223605
0.0222859
0.0215702
0.0211366
0.0216223
0.022311
0.0222312
0.021623
0.0214469
0.0219689
0.0225041
0.0225559
0.0224222
0.0225555
0.0229669
0.0233392
0.0235076
0.0236147
0.0238319
0.0242043
0.0245984
0.0248088
0.0249428
0.0252871
0.0257449
0.0260498
0.0262998
0.0266735
0.0270701
0.0273851
0.0277299
0.0281716
0.0285906
0.0289162
0.0292736
0.0297549
0.0302426
0.0306187
0.0309792
0.03145
0.031975
0.032423
0.0328204
0.0332933
0.0338338
0.0343278
0.0347925
0.035311
0.0358647
0.0363979
0.0369358
0.0374982
0.0380668
0.0386394
0.0392258
0.0398273
0.0404441
0.0410697
0.0417031
0.0423559
0.0430164
0.0436887
0.0443741
0.0450832
0.0457917
0.0465246
0.047267
0.0480305
0.0487977
0.0495947
0.0504038
0.0512297
0.0520759
0.052931
0.0538143
0.0547083
0.0556291
0.0565548
0.0575119
0.0584705
0.0594603
0.0604651
0.0614876
0.0625311
0.0635914
0.0646645
0.0657703
0.0668759
0.0680271
0.0691631
0.0703536
0.0715233
0.0726722
0.0737984
0.0745542
0.0207951
0.020723
0.0204634
0.0206865
0.0214858
0.0222499
0.0223731
0.0217978
0.0212423
0.0215015
0.0222237
0.0223939
0.0218515
0.0214751
0.0218779
0.0225302
0.0227059
0.0225163
0.0225397
0.0229727
0.0234253
0.023569
0.023628
0.0238782
0.0242565
0.0246166
0.0248503
0.0250017
0.025307
0.0257523
0.0260843
0.0263379
0.0266932
0.027086
0.0274089
0.0277511
0.0281852
0.0286072
0.0289359
0.0292852
0.029762
0.0302558
0.0306338
0.0309869
0.0314533
0.0319837
0.0324362
0.0328283
0.0332971
0.0338424
0.0343384
0.0347988
0.0353163
0.0358716
0.0364036
0.0369402
0.0375024
0.0380714
0.0386447
0.0392311
0.0398322
0.0404489
0.0410737
0.0417066
0.04236
0.0430206
0.0436926
0.0443782
0.0450877
0.0457959
0.0465287
0.0472714
0.0480346
0.0488018
0.0495989
0.0504078
0.0512337
0.0520797
0.0529348
0.0538178
0.0547113
0.0556317
0.0565571
0.0575146
0.0584727
0.0594627
0.0604675
0.0614895
0.0625331
0.0635937
0.0646665
0.0657734
0.0668794
0.0680309
0.0691689
0.0703603
0.0715329
0.0726836
0.0738125
0.0745686
0.0206183
0.020741
0.0205587
0.0206608
0.0213364
0.0221131
0.0223986
0.0220015
0.0214073
0.0214427
0.0220927
0.0224695
0.0220924
0.0215856
0.0217928
0.0224852
0.0228329
0.0226636
0.0225501
0.0229346
0.0234907
0.0236703
0.0236489
0.0238937
0.0243157
0.0246504
0.0248773
0.0250592
0.0253411
0.025758
0.0261116
0.026379
0.0267178
0.0271014
0.0274308
0.027774
0.0282008
0.0286232
0.0289556
0.0292984
0.0297693
0.0302687
0.0306502
0.0309958
0.0314564
0.031992
0.0324503
0.0328373
0.0333008
0.0338506
0.0343496
0.0348056
0.0353214
0.0358786
0.0364097
0.0369448
0.0375069
0.0380762
0.0386501
0.0392365
0.0398371
0.0404539
0.0410781
0.0417103
0.0423643
0.043025
0.0436967
0.0443824
0.0450923
0.0458002
0.0465329
0.0472759
0.0480389
0.0488061
0.0496033
0.050412
0.0512379
0.0520836
0.0529387
0.0538215
0.0547145
0.0556345
0.0565596
0.0575174
0.0584749
0.0594653
0.0604699
0.0614916
0.0625352
0.0635962
0.0646687
0.0657767
0.0668831
0.0680348
0.0691749
0.0703672
0.0715427
0.0726955
0.0738267
0.0745833
0.0204193
0.0207047
0.0206543
0.0206816
0.0212184
0.0219676
0.0223702
0.02216
0.0216046
0.021456
0.0219595
0.0224594
0.0222992
0.0217644
0.0217554
0.0223929
0.0229002
0.0228362
0.0226184
0.0228782
0.0235052
0.0237928
0.0237057
0.0238824
0.0243606
0.0247091
0.024901
0.0251039
0.0253886
0.0257688
0.0261295
0.0264206
0.0267482
0.0271173
0.027451
0.0277973
0.0282183
0.0286396
0.0289751
0.0293129
0.0297772
0.0302812
0.0306676
0.0310064
0.0314595
0.0319998
0.0324652
0.0328475
0.0333046
0.0338584
0.0343612
0.0348129
0.0353264
0.0358856
0.0364163
0.0369499
0.0375116
0.0380812
0.0386558
0.0392421
0.0398422
0.040459
0.0410826
0.0417142
0.0423687
0.0430296
0.0437009
0.0443867
0.0450972
0.0458047
0.0465372
0.0472806
0.0480432
0.0488106
0.0496079
0.0504163
0.0512423
0.0520875
0.0529427
0.0538253
0.0547178
0.0556373
0.0565621
0.0575203
0.0584773
0.059468
0.0604724
0.0614938
0.0625374
0.0635987
0.064671
0.06578
0.0668872
0.0680389
0.0691813
0.0703745
0.0715528
0.0727078
0.0738411
0.0745983
0.0202206
0.0206204
0.0207242
0.0207406
0.0211388
0.0218279
0.0223031
0.0222627
0.021805
0.0215339
0.0218604
0.0223885
0.0224377
0.0219785
0.0217898
0.0222894
0.022896
0.0229953
0.0227503
0.0228403
0.0234591
0.0239029
0.023816
0.0238691
0.024369
0.0247841
0.024939
0.0251296
0.0254399
0.0257932
0.026139
0.0264575
0.0267859
0.027135
0.0274687
0.0278209
0.0282374
0.0286567
0.0289948
0.0293278
0.0297855
0.0302937
0.0306859
0.0310187
0.0314628
0.0320069
0.0324808
0.0328589
0.0333083
0.0338658
0.0343734
0.0348207
0.0353314
0.0358927
0.0364234
0.0369554
0.0375166
0.0380864
0.0386617
0.0392478
0.0398473
0.0404642
0.0410873
0.0417182
0.0423734
0.0430343
0.0437052
0.0443911
0.0451021
0.0458093
0.0465417
0.0472853
0.0480478
0.0488151
0.0496125
0.0504207
0.0512468
0.0520916
0.0529467
0.0538293
0.0547211
0.0556403
0.0565648
0.0575233
0.0584798
0.0594707
0.060475
0.0614962
0.0625396
0.0636014
0.0646736
0.0657835
0.0668915
0.0680432
0.0691879
0.0703821
0.0715631
0.0727205
0.0738556
0.0746136
0.0200338
0.02051
0.0207515
0.0208189
0.0211029
0.0217043
0.0222136
0.0223094
0.0219822
0.0216586
0.0218141
0.0222905
0.0224987
0.0221865
0.0218942
0.0222136
0.0228375
0.0231039
0.0229196
0.0228586
0.023377
0.0239618
0.0239661
0.0238873
0.0243358
0.0248513
0.0250074
0.0251447
0.0254804
0.0258356
0.0261478
0.0264833
0.0268299
0.0271581
0.0274828
0.0278441
0.0282586
0.0286744
0.0290152
0.0293433
0.0297936
0.0303062
0.0307052
0.0310326
0.0314663
0.0320132
0.0324971
0.0328719
0.033312
0.0338727
0.0343862
0.0348292
0.0353363
0.0358999
0.0364308
0.0369614
0.037522
0.0380918
0.0386677
0.0392536
0.0398525
0.0404696
0.0410923
0.0417224
0.0423782
0.0430393
0.0437097
0.0443957
0.0451073
0.045814
0.0465462
0.0472903
0.0480525
0.0488199
0.0496173
0.0504253
0.0512514
0.0520957
0.0529509
0.0538334
0.0547246
0.0556435
0.0565676
0.0575264
0.0584823
0.0594735
0.0604777
0.0614988
0.062542
0.0636041
0.0646764
0.065787
0.0668961
0.0680477
0.0691947
0.0703901
0.0715736
0.0727335
0.0738702
0.0746291
0.0198564
0.0203925
0.0207382
0.020892
0.0211093
0.021606
0.0221166
0.0223109
0.0221177
0.0218066
0.0218234
0.0221988
0.0224956
0.022352
0.0220457
0.0221908
0.0227543
0.0231483
0.0230885
0.0229457
0.0232986
0.0239489
0.0241203
0.0239664
0.0242842
0.0248818
0.0251048
0.0251698
0.0254978
0.0258887
0.0261676
0.0264946
0.0268742
0.0271916
0.0274936
0.0278639
0.0282832
0.028693
0.0290355
0.0293602
0.0298013
0.030318
0.030726
0.0310484
0.0314703
0.0320184
0.0325136
0.0328868
0.0333158
0.0338787
0.0343996
0.0348384
0.0353411
0.0359072
0.0364385
0.0369678
0.0375277
0.0380973
0.0386738
0.0392597
0.0398579
0.0404752
0.0410975
0.0417267
0.0423831
0.0430446
0.0437144
0.0444003
0.0451126
0.0458189
0.0465508
0.0472953
0.0480573
0.0488248
0.0496221
0.0504299
0.0512562
0.0520999
0.0529551
0.0538376
0.054728
0.0556468
0.0565705
0.0575296
0.058485
0.0594765
0.0604805
0.0615015
0.0625445
0.0636069
0.0646795
0.0657906
0.066901
0.0680524
0.0692018
0.0703985
0.0715843
0.0727468
0.073885
0.0746448
0.0196853
0.0202739
0.0206988
0.0209414
0.0211448
0.0215404
0.0220223
0.0222829
0.0222057
0.0219515
0.0218796
0.0221368
0.0224533
0.0224579
0.0222128
0.0222268
0.0226786
0.0231395
0.0232211
0.0230801
0.0232657
0.0238815
0.0242344
0.0241043
0.0242508
0.0248586
0.025207
0.0252271
0.0254945
0.0259355
0.0262086
0.0264967
0.0269087
0.0272385
0.0275064
0.0278756
0.0283104
0.0287152
0.0290548
0.0293783
0.0298095
0.0303282
0.0307478
0.0310668
0.0314746
0.0320224
0.0325303
0.0329035
0.03332
0.0338835
0.0344135
0.0348487
0.0353457
0.0359144
0.0364469
0.0369746
0.0375338
0.0381032
0.0386801
0.0392658
0.0398634
0.040481
0.0411029
0.041731
0.0423882
0.0430501
0.0437192
0.044405
0.0451181
0.0458239
0.0465555
0.0473005
0.0480623
0.0488298
0.0496271
0.0504346
0.0512612
0.0521042
0.0529594
0.0538421
0.0547315
0.0556502
0.0565735
0.0575329
0.0584877
0.0594795
0.0604834
0.0615043
0.0625472
0.0636098
0.0646829
0.0657944
0.0669061
0.0680574
0.069209
0.0704074
0.0715953
0.0727603
0.0738999
0.0746606
0.0195286
0.0201518
0.0206462
0.0209637
0.0211907
0.0215099
0.021938
0.0222383
0.0222535
0.0220722
0.0219642
0.0221148
0.022399
0.0225078
0.0223631
0.0223092
0.0226341
0.0230994
0.0233025
0.0232278
0.0232967
0.0237986
0.0242783
0.0242667
0.0242725
0.0247973
0.0252815
0.0253254
0.0254911
0.0259582
0.0262693
0.0265035
0.0269238
0.0272943
0.0275304
0.0278772
0.0283347
0.0287446
0.0290743
0.0293952
0.0298192
0.0303371
0.0307695
0.0310885
0.0314801
0.0320247
0.0325469
0.0329224
0.0333249
0.0338869
0.0344276
0.0348605
0.0353504
0.0359213
0.0364557
0.0369819
0.03754
0.0381093
0.0386865
0.039272
0.039869
0.040487
0.0411087
0.0417356
0.0423934
0.0430559
0.0437243
0.0444099
0.0451237
0.045829
0.0465603
0.0473059
0.0480675
0.048835
0.0496321
0.0504394
0.0512662
0.0521086
0.0529638
0.0538466
0.0547351
0.0556538
0.0565767
0.0575363
0.0584907
0.0594826
0.0604865
0.0615072
0.06255
0.0636126
0.0646866
0.0657982
0.0669114
0.0680628
0.0692163
0.0704166
0.0716064
0.0727741
0.073915
0.0746766
0.0193996
0.0200288
0.0205849
0.0209659
0.0212321
0.0215089
0.0218711
0.0221847
0.022273
0.0221617
0.0220552
0.0221298
0.0223553
0.0225177
0.0224764
0.0224161
0.0226306
0.0230517
0.0233384
0.0233566
0.023377
0.023742
0.0242588
0.0244095
0.0243605
0.0247338
0.0253017
0.0254455
0.0255137
0.0259508
0.0263334
0.0265304
0.0269191
0.0273457
0.0275741
0.0278737
0.0283479
0.0287812
0.0290992
0.029409
0.0298288
0.0303465
0.0307901
0.0311127
0.0314876
0.032025
0.0325627
0.0329437
0.0333308
0.0338888
0.0344415
0.0348737
0.0353554
0.0359277
0.0364649
0.0369898
0.0375463
0.0381156
0.0386933
0.0392783
0.0398747
0.0404932
0.0411148
0.0417403
0.0423986
0.043062
0.0437296
0.0444148
0.0451295
0.0458344
0.0465651
0.0473113
0.0480728
0.0488403
0.0496372
0.0504443
0.0512714
0.0521131
0.0529682
0.0538514
0.0547387
0.0556575
0.05658
0.0575397
0.0584937
0.0594858
0.0604896
0.0615103
0.0625531
0.0636156
0.0646907
0.0658022
0.0669168
0.0680685
0.0692237
0.0704263
0.0716178
0.0727879
0.0739303
0.0746926
0.0193032
0.0199146
0.0205153
0.0209544
0.0212619
0.0215273
0.0218281
0.0221274
0.0222716
0.0222246
0.0221364
0.0221683
0.0223345
0.0225067
0.0225484
0.022523
0.0226641
0.0230163
0.0233437
0.0234523
0.0234788
0.0237343
0.0242091
0.0244963
0.0244897
0.0247075
0.0252694
0.0255554
0.0255801
0.0259291
0.0263796
0.0265842
0.0269081
0.0273783
0.0276375
0.0278777
0.0283431
0.0288177
0.0291356
0.029422
0.0298346
0.0303568
0.030811
0.0311385
0.031498
0.0320236
0.0325766
0.0329677
0.0333381
0.0338889
0.034455
0.0348885
0.035361
0.0359337
0.0364742
0.0369984
0.037553
0.0381219
0.0387004
0.0392849
0.0398803
0.0404993
0.0411212
0.0417451
0.0424039
0.0430682
0.043735
0.0444198
0.0451354
0.0458398
0.0465701
0.0473167
0.0480783
0.0488457
0.0496423
0.0504493
0.0512767
0.0521177
0.0529727
0.0538563
0.0547423
0.0556614
0.0565836
0.0575432
0.0584969
0.0594891
0.0604929
0.0615134
0.0625562
0.0636186
0.064695
0.0658065
0.0669223
0.0680747
0.0692312
0.0704362
0.0716295
0.0728018
0.0739456
0.0747088
0.0192324
0.0198189
0.0204411
0.020931
0.0212785
0.0215535
0.0218117
0.022075
0.0222526
0.0222664
0.0222039
0.0222147
0.022337
0.022493
0.0225867
0.0226116
0.0227197
0.0230034
0.0233329
0.0235163
0.0235786
0.0237686
0.0241661
0.0245243
0.0246207
0.0247394
0.025214
0.0256235
0.0256826
0.0259189
0.0263941
0.0266536
0.0269091
0.0273836
0.0277074
0.0279038
0.0283239
0.028842
0.0291853
0.0294416
0.0298332
0.0303649
0.0308343
0.0311658
0.0315107
0.0320213
0.032588
0.0329942
0.033348
0.0338868
0.0344677
0.034905
0.0353674
0.0359394
0.0364835
0.0370074
0.03756
0.0381282
0.0387074
0.0392919
0.0398862
0.0405055
0.041128
0.0417503
0.0424093
0.0430746
0.0437406
0.044425
0.0451414
0.0458454
0.0465751
0.0473222
0.048084
0.0488514
0.0496475
0.0504545
0.0512822
0.0521223
0.0529773
0.0538613
0.054746
0.0556654
0.0565872
0.0575467
0.0585003
0.0594924
0.0604964
0.0615165
0.0625596
0.0636216
0.0646995
0.065811
0.0669278
0.0680813
0.0692388
0.0704464
0.0716416
0.0728157
0.073961
0.074725
0.0191789
0.0197434
0.0203707
0.0208974
0.0212816
0.0215762
0.0218166
0.0220383
0.0222214
0.0222879
0.0222592
0.0222603
0.0223544
0.0224886
0.0226044
0.0226755
0.0227807
0.0230129
0.0233192
0.0235536
0.0236639
0.0238247
0.0241528
0.0245186
0.024719
0.0248184
0.0251711
0.0256395
0.0257937
0.0259424
0.0263833
0.0267179
0.0269354
0.0273695
0.0277649
0.0279584
0.0283051
0.0288429
0.0292404
0.0294773
0.0298279
0.0303646
0.0308602
0.0311972
0.0315245
0.032018
0.0325964
0.0330225
0.0333613
0.0338828
0.0344787
0.0349237
0.0353747
0.0359446
0.0364931
0.0370166
0.0375673
0.0381349
0.0387145
0.0392991
0.0398923
0.0405115
0.0411349
0.0417556
0.0424147
0.0430814
0.0437464
0.0444302
0.0451476
0.0458512
0.0465802
0.0473278
0.0480898
0.0488571
0.0496527
0.0504598
0.0512877
0.052127
0.0529819
0.0538664
0.0547497
0.0556695
0.0565911
0.0575502
0.0585039
0.0594957
0.0605
0.0615198
0.0625632
0.0636249
0.0647043
0.0658158
0.0669333
0.0680882
0.0692465
0.0704567
0.071654
0.0728297
0.0739763
0.0747413
0.0191396
0.0196836
0.0203101
0.0208596
0.0212737
0.0215879
0.0218302
0.0220222
0.0221879
0.0222887
0.0223006
0.0223025
0.0223773
0.0224959
0.0226154
0.0227183
0.0228358
0.0230381
0.0233126
0.0235712
0.0237311
0.0238863
0.0241661
0.0245068
0.0247734
0.024915
0.0251676
0.0256204
0.0258845
0.0260032
0.026368
0.0267596
0.0269848
0.0273547
0.0277952
0.0280308
0.0283048
0.0288196
0.0292852
0.0295337
0.0298288
0.0303512
0.0308834
0.0312368
0.0315414
0.0320119
0.0326016
0.0330522
0.0333787
0.0338774
0.0344868
0.0349442
0.0353836
0.0359489
0.0365027
0.0370264
0.0375747
0.0381418
0.0387217
0.0393065
0.0398987
0.0405175
0.0411421
0.0417612
0.04242
0.0430883
0.0437523
0.0444354
0.0451538
0.0458573
0.0465853
0.0473334
0.0480957
0.0488629
0.0496579
0.0504652
0.0512932
0.0521319
0.0529866
0.0538716
0.0547535
0.0556737
0.0565951
0.0575537
0.0585077
0.0594991
0.0605037
0.0615231
0.0625667
0.0636283
0.0647091
0.0658209
0.0669388
0.0680956
0.0692546
0.0704672
0.0716665
0.0728435
0.0739916
0.0747575
0.0191148
0.0196364
0.02026
0.0208247
0.021261
0.0215895
0.0218404
0.0220219
0.0221626
0.0222736
0.0223237
0.0223388
0.0224002
0.0225087
0.0226277
0.022747
0.0228798
0.0230699
0.0233184
0.0235792
0.0237805
0.0239461
0.0241941
0.0245062
0.0247965
0.0249988
0.0252044
0.025593
0.0259377
0.026085
0.0263692
0.0267766
0.0270416
0.0273559
0.0277993
0.0281014
0.0283357
0.0287878
0.0293039
0.0296019
0.0298483
0.0303271
0.0308943
0.0312844
0.0315667
0.0320021
0.0326016
0.0330837
0.033401
0.0338717
0.0344915
0.0349661
0.0353949
0.0359525
0.0365119
0.0370367
0.0375821
0.0381488
0.0387289
0.0393139
0.0399053
0.0405234
0.0411494
0.041767
0.0424253
0.0430957
0.0437587
0.0444405
0.04516
0.0458636
0.0465906
0.0473389
0.0481019
0.0488688
0.0496632
0.0504709
0.0512987
0.0521367
0.0529914
0.0538768
0.0547574
0.0556779
0.0565994
0.0575572
0.0585117
0.0595026
0.0605075
0.0615266
0.0625705
0.0636319
0.0647141
0.0658263
0.0669441
0.0681031
0.0692628
0.0704776
0.0716796
0.0728575
0.0740067
0.0747738
0.0191032
0.0196021
0.0202174
0.0207945
0.0212488
0.0215874
0.0218431
0.0220271
0.0221513
0.022253
0.0223286
0.0223649
0.0224213
0.0225206
0.0226403
0.0227679
0.0229117
0.0231001
0.0233329
0.0235865
0.0238141
0.0240012
0.0242304
0.0245196
0.0248095
0.0250554
0.0252628
0.0255804
0.0259545
0.0261649
0.0263952
0.02678
0.02709
0.0273774
0.0277922
0.0281524
0.0283922
0.0287682
0.0292932
0.0296654
0.0298954
0.0303051
0.0308844
0.0313321
0.0316067
0.0319909
0.0325916
0.033116
0.0334294
0.0338657
0.0344922
0.0349885
0.0354089
0.0359557
0.0365206
0.0370477
0.0375899
0.0381558
0.0387364
0.0393219
0.0399122
0.0405293
0.0411565
0.041773
0.0424304
0.0431032
0.0437652
0.0444456
0.0451659
0.0458701
0.046596
0.0473444
0.048108
0.0488748
0.0496683
0.0504766
0.0513044
0.0521417
0.0529962
0.0538818
0.0547614
0.0556821
0.0566038
0.0575606
0.0585158
0.0595061
0.0605111
0.0615302
0.0625743
0.0636359
0.0647192
0.065832
0.0669497
0.0681109
0.0692714
0.070488
0.0716925
0.0728711
0.0740215
0.0747899
0.0191003
0.0195815
0.0201818
0.0207648
0.0212368
0.0215854
0.0218417
0.0220285
0.0221507
0.0222368
0.0223207
0.0223784
0.0224385
0.0225308
0.0226496
0.0227852
0.0229344
0.0231243
0.0233499
0.0235959
0.0238367
0.0240464
0.0242699
0.0245415
0.0248257
0.0250915
0.0253226
0.025594
0.0259522
0.0262254
0.0264411
0.0267834
0.0271231
0.027411
0.0277883
0.0281786
0.0284554
0.0287758
0.0292664
0.0297052
0.0299621
0.030302
0.0308556
0.0313675
0.0316649
0.0319881
0.0325683
0.033145
0.0334673
0.0338609
0.0344877
0.035011
0.0354256
0.0359586
0.0365281
0.0370588
0.0375981
0.0381626
0.0387434
0.0393302
0.0399192
0.040535
0.0411644
0.0417795
0.0424353
0.0431111
0.0437732
0.0444509
0.0451718
0.0458769
0.0466015
0.04735
0.0481144
0.0488808
0.0496736
0.0504824
0.05131
0.0521468
0.0530012
0.0538869
0.0547655
0.0556864
0.0566084
0.0575642
0.05852
0.0595098
0.0605148
0.0615339
0.0625781
0.06364
0.0647243
0.0658377
0.0669551
0.0681188
0.0692803
0.0704984
0.071706
0.0728852
0.0740362
0.0748059
0.0191016
0.0195736
0.0201569
0.0207352
0.021222
0.0215829
0.0218399
0.0220238
0.0221503
0.0222278
0.0223062
0.0223788
0.0224469
0.0225384
0.0226543
0.0227978
0.0229526
0.0231421
0.0233667
0.023607
0.023854
0.0240811
0.0243085
0.0245678
0.0248455
0.0251177
0.0253699
0.0256262
0.0259498
0.0262611
0.0264953
0.0267971
0.0271445
0.0274474
0.0277946
0.0281891
0.0285086
0.0288082
0.0292438
0.0297146
0.0300295
0.030328
0.0308213
0.0313755
0.0317313
0.0320053
0.0325331
0.0331625
0.0335166
0.0338615
0.0344763
0.0350328
0.035446
0.0359618
0.0365348
0.0370701
0.0376072
0.0381696
0.0387501
0.0393391
0.0399266
0.0405404
0.04117
0.0417865
0.0424396
0.0431187
0.0437789
0.0444558
0.0451773
0.0458836
0.046607
0.0473552
0.0481208
0.0488868
0.0496789
0.0504882
0.0513156
0.0521518
0.0530063
0.0538916
0.0547698
0.0556907
0.056613
0.0575678
0.0585243
0.0595137
0.0605183
0.0615377
0.0625821
0.0636445
0.0647296
0.0658436
0.0669607
0.0681267
0.0692893
0.0705085
0.0717188
0.0728986
0.0740504
0.0748215
0.0191037
0.019575
0.0201454
0.0207107
0.0212028
0.0215764
0.0218375
0.0220159
0.0221428
0.0222213
0.0222898
0.0223682
0.0224449
0.0225404
0.0226552
0.0228023
0.0229665
0.0231539
0.0233799
0.0236186
0.0238687
0.0241092
0.024343
0.0245975
0.0248679
0.0251413
0.0254046
0.0256618
0.0259577
0.0262771
0.0265433
0.0268224
0.0271595
0.0274814
0.0278113
0.028195
0.0285459
0.0288509
0.0292406
0.0297069
0.0300789
0.0303783
0.0308016
0.0313545
0.031789
0.0320509
0.032497
0.0331573
0.033573
0.0338737
0.0344564
0.0350506
0.0354707
0.035965
0.03654
0.0370814
0.037617
0.0381768
0.0387559
0.0393483
0.0399349
0.0405466
0.0411883
0.0417953
0.0424438
0.0431269
0.0437899
0.0444612
0.0451828
0.0458908
0.0466128
0.0473605
0.0481275
0.0488928
0.0496842
0.050494
0.0513212
0.0521571
0.0530114
0.0538963
0.0547741
0.0556951
0.0566176
0.0575715
0.0585286
0.0595177
0.0605218
0.0615415
0.0625862
0.063649
0.0647349
0.0658494
0.0669664
0.0681348
0.0692988
0.0705188
0.0717322
0.0729127
0.0740644
0.0748371
0.0191066
0.0195813
0.0201446
0.0206953
0.0211814
0.0215631
0.0218306
0.022006
0.022128
0.0222101
0.0222727
0.0223493
0.0224332
0.0225337
0.0226523
0.0227991
0.0229734
0.0231624
0.0233878
0.02363
0.0238808
0.0241323
0.0243721
0.0246268
0.0248925
0.0251631
0.0254325
0.0256922
0.0259745
0.026286
0.0265766
0.0268554
0.0271737
0.0275091
0.0278348
0.0282016
0.0285714
0.0288925
0.0292559
0.0296991
0.0301031
0.0304337
0.0308109
0.0313197
0.03182
0.0321198
0.0324781
0.0331264
0.033626
0.0339057
0.0344319
0.0350595
0.0355005
0.0359701
0.0365428
0.0370921
0.0376274
0.0381844
0.038761
0.0393572
0.0399431
0.040551
0.0411943
0.0418037
0.0424475
0.0431342
0.0437964
0.0444662
0.0451877
0.0458978
0.0466184
0.0473654
0.048134
0.0488988
0.0496897
0.0504998
0.0513264
0.0521623
0.0530165
0.0539006
0.0547786
0.0556996
0.0566221
0.0575754
0.0585328
0.0595216
0.0605252
0.0615453
0.0625904
0.0636538
0.0647402
0.0658552
0.066972
0.0681425
0.069308
0.0705286
0.0717447
0.0729258
0.0740779
0.0748519
0.0191146
0.0195915
0.0201509
0.0206898
0.0211626
0.0215426
0.0218146
0.0219898
0.0221055
0.0221875
0.0222497
0.0223215
0.0224103
0.0225162
0.0226421
0.0227911
0.0229722
0.0231696
0.0233926
0.0236407
0.0238931
0.0241518
0.0243987
0.0246516
0.0249172
0.0251817
0.025454
0.0257155
0.0259911
0.0262959
0.0265961
0.0268889
0.0271936
0.0275298
0.0278618
0.0282109
0.0285881
0.0289283
0.0292795
0.0297017
0.030113
0.0304771
0.0308447
0.0312923
0.0318166
0.0321931
0.0324916
0.0330789
0.0336613
0.0339595
0.0344122
0.0350552
0.0355339
0.0359808
0.0365436
0.0371026
0.0376393
0.0381928
0.0387659
0.0393659
0.0399523
0.0405559
0.0412019
0.0418126
0.0424511
0.0431423
0.0438061
0.0444717
0.0451927
0.045905
0.0466244
0.0473702
0.0481406
0.0489049
0.0496953
0.0505056
0.0513318
0.0521679
0.0530217
0.0539049
0.0547833
0.0557043
0.0566265
0.0575796
0.0585372
0.0595258
0.0605286
0.0615492
0.0625948
0.0636588
0.0647456
0.0658611
0.066978
0.0681506
0.0693177
0.0705388
0.0717574
0.0729394
0.0740913
0.0748667
0.0191389
0.0196115
0.0201651
0.0206934
0.0211507
0.0215183
0.0217874
0.0219614
0.0220718
0.0221498
0.0222134
0.0222827
0.0223737
0.0224863
0.0226206
0.0227773
0.022963
0.0231727
0.0233978
0.0236504
0.0239079
0.0241684
0.0244236
0.0246729
0.0249385
0.0251984
0.0254677
0.0257332
0.0260028
0.0263055
0.0266077
0.0269145
0.0272191
0.0275454
0.0278871
0.0282249
0.0285975
0.0289586
0.0293039
0.0297092
0.0301181
0.0304991
0.0308837
0.031286
0.0317889
0.0322455
0.0325369
0.0330305
0.0336634
0.0340231
0.0344056
0.0350337
0.0355617
0.0359985
0.036541
0.0371092
0.0376518
0.0382004
0.0387701
0.0393739
0.0399602
0.0405596
0.0412085
0.0418209
0.0424536
0.04314
0.0438136
0.0444769
0.0451973
0.0459121
0.0466303
0.0473746
0.0481467
0.0489109
0.0497008
0.0505109
0.0513364
0.0521731
0.0530263
0.0539086
0.0547878
0.0557087
0.0566303
0.0575834
0.0585413
0.0595294
0.0605317
0.0615528
0.062599
0.0636636
0.0647506
0.0658663
0.0669835
0.068158
0.0693268
0.0705483
0.0717692
0.0729521
0.074104
0.0748804
0.019175
0.0196387
0.0201843
0.020703
0.0211473
0.0214986
0.0217568
0.0219248
0.022029
0.0221014
0.0221648
0.0222356
0.0223283
0.0224491
0.0225935
0.0227631
0.0229572
0.0231794
0.0234137
0.0236674
0.0239303
0.0241888
0.0244487
0.0246948
0.0249548
0.0252151
0.0254774
0.0257492
0.0260171
0.0263183
0.0266245
0.0269354
0.0272502
0.0275651
0.027909
0.0282479
0.0286066
0.0289854
0.0293331
0.0297221
0.0301315
0.0305131
0.0309177
0.0313081
0.0317619
0.0322689
0.0326055
0.0330099
0.0336392
0.0340856
0.0344281
0.0350077
0.0355796
0.0360278
0.0365425
0.0371121
0.0376668
0.0382098
0.0387738
0.0393824
0.039969
0.040564
0.0412162
0.0418313
0.0424574
0.0431463
0.0438226
0.0444827
0.0452011
0.0459189
0.0466365
0.0473787
0.0481525
0.0489173
0.0497068
0.0505165
0.0513414
0.0521791
0.0530313
0.0539126
0.0547929
0.0557137
0.0566344
0.0575879
0.0585462
0.0595333
0.0605352
0.0615567
0.0626037
0.063669
0.064756
0.0658721
0.0669897
0.0681659
0.0693362
0.0705581
0.0717807
0.0729647
0.0741164
0.074894
0.0191914
0.0196303
0.0201525
0.0206504
0.0210757
0.0214053
0.0216447
0.0218034
0.021905
0.0219788
0.0220476
0.0221298
0.0222341
0.0223715
0.0225365
0.0227292
0.0229427
0.0231789
0.0234263
0.0236806
0.0239439
0.0241992
0.0244562
0.0247018
0.0249521
0.0252148
0.0254744
0.0257513
0.026027
0.0263247
0.0266381
0.0269477
0.0272712
0.0275854
0.0279205
0.0282692
0.0286141
0.0289981
0.0293589
0.0297298
0.0301429
0.0305229
0.0309314
0.0313392
0.0317476
0.0322587
0.0326645
0.0330176
0.0335958
0.0341185
0.034468
0.0349845
0.0355762
0.0360571
0.0365497
0.0371079
0.0376789
0.0382209
0.0387757
0.0393899
0.039978
0.0405667
0.0412215
0.0418417
0.0424618
0.0431498
0.0438319
0.04449
0.0452051
0.0459257
0.0466438
0.0473829
0.0481574
0.0489239
0.0497128
0.0505211
0.0513454
0.0521844
0.0530354
0.0539157
0.0547978
0.0557179
0.0566374
0.0575915
0.0585503
0.0595365
0.060538
0.0615602
0.0626077
0.0636736
0.0647605
0.0658765
0.066995
0.0681728
0.0693447
0.0705673
0.0717919
0.0729768
0.0741285
0.0749067
0.0195214
0.0199219
0.0203771
0.0207988
0.0211507
0.0214118
0.0215892
0.0217041
0.0217828
0.0218514
0.0219253
0.0220216
0.0221444
0.0223042
0.022496
0.0227137
0.0229471
0.0231934
0.0234479
0.0237009
0.0239575
0.024208
0.0244581
0.0247042
0.0249494
0.0252114
0.025475
0.0257534
0.0260418
0.0263374
0.0266536
0.0269643
0.0272862
0.02761
0.0279342
0.0282885
0.028632
0.0290065
0.0293858
0.029743
0.0301529
0.0305417
0.0309366
0.0313675
0.0317585
0.0322383
0.0327039
0.0330546
0.0335645
0.0341252
0.0345181
0.0349843
0.0355621
0.0360817
0.0365687
0.0371041
0.0376862
0.0382353
0.0387789
0.0393947
0.0399889
0.0405706
0.0412251
0.0418542
0.0424686
0.0431505
0.0438396
0.0444972
0.0452073
0.0459304
0.0466505
0.0473868
0.0481609
0.0489299
0.0497193
0.0505258
0.0513495
0.0521902
0.0530397
0.053919
0.0548033
0.0557228
0.0566409
0.0575958
0.0585551
0.05954
0.0605411
0.0615642
0.0626121
0.063679
0.0647657
0.0658817
0.0670012
0.0681801
0.0693531
0.0705763
0.0718017
0.0729876
0.0741393
0.0749186
0.0193289
0.0197193
0.0201656
0.0205755
0.0209214
0.0211857
0.021361
0.0214809
0.0215791
0.0216793
0.0217895
0.021922
0.022081
0.0222718
0.0224882
0.0227227
0.0229657
0.0232127
0.0234632
0.0237102
0.0239575
0.0242031
0.0244494
0.0246973
0.0249442
0.0252036
0.0254738
0.0257548
0.0260525
0.0263518
0.0266644
0.0269809
0.0272966
0.0276293
0.0279522
0.0282999
0.0286522
0.0290115
0.0294022
0.0297598
0.0301559
0.0305629
0.0309432
0.0313831
0.0317839
0.0322233
0.0327178
0.0330981
0.0335525
0.0341111
0.0345548
0.0350019
0.0355453
0.0360905
0.0365921
0.0371046
0.0376859
0.0382496
0.0387855
0.039395
0.0399997
0.0405763
0.0412235
0.0418661
0.0424782
0.0431494
0.0438474
0.0445079
0.0452112
0.0459358
0.046659
0.0473922
0.0481647
0.0489362
0.0497259
0.0505306
0.0513533
0.0521952
0.0530434
0.0539219
0.0548084
0.0557269
0.0566434
0.0575992
0.0585591
0.0595428
0.0605437
0.0615679
0.0626156
0.0636831
0.0647698
0.0658852
0.0670061
0.0681864
0.0693606
0.0705851
0.0718119
0.0729988
0.0741513
0.0749304
0.0204968
0.0204615
0.0203695
0.02031
0.0203181
0.0204092
0.0205824
0.0208074
0.0210512
0.0213022
0.021552
0.0217997
0.0220403
0.0222758
0.0225079
0.0227408
0.0229748
0.0232097
0.023449
0.0236883
0.0239316
0.024177
0.0244268
0.0246801
0.0249331
0.0251934
0.0254685
0.0257548
0.0260542
0.0263592
0.0266665
0.0269878
0.0273035
0.0276366
0.0279694
0.0283072
0.0286679
0.0290197
0.029406
0.0297782
0.0301555
0.0305754
0.030954
0.0313827
0.0318072
0.0322181
0.0327126
0.0331335
0.0335567
0.0340923
0.0345727
0.0350278
0.0355403
0.0360861
0.0366134
0.0371151
0.0376795
0.0382607
0.0387973
0.0393919
0.0400095
0.0405868
0.0412189
0.041876
0.0424911
0.043145
0.0438506
0.0445176
0.0452121
0.0459375
0.0466656
0.0473958
0.0481663
0.0489412
0.0497313
0.0505344
0.0513572
0.0521996
0.0530462
0.0539246
0.0548137
0.0557309
0.0566462
0.057603
0.0585631
0.0595455
0.0605461
0.0615717
0.0626193
0.0636874
0.0647744
0.0658893
0.0670114
0.0681927
0.0693672
0.0705925
0.0718197
0.0730072
0.0741597
0.0749398
0.0204806
0.0205492
0.0204902
0.020392
0.0203225
0.0203252
0.0204185
0.0206035
0.0208515
0.0211363
0.0214321
0.0217269
0.0220099
0.0222756
0.0225239
0.0227582
0.022987
0.0232127
0.0234435
0.0236769
0.0239178
0.024164
0.0244168
0.0246751
0.0249321
0.0251957
0.0254718
0.0257623
0.0260592
0.0263654
0.0266724
0.026993
0.0273161
0.0276434
0.0279849
0.02832
0.0286784
0.029035
0.0294056
0.0297942
0.0301644
0.0305795
0.0309754
0.031382
0.0318248
0.0322328
0.0327017
0.0331597
0.0335729
0.0340788
0.0345807
0.035048
0.0355494
0.0360775
0.0366216
0.0371361
0.0376714
0.0382636
0.0388163
0.0393862
0.0400151
0.0406029
0.0412116
0.0418815
0.0425097
0.0431431
0.0438522
0.0445316
0.0452171
0.0459402
0.0466748
0.0474021
0.0481688
0.0489474
0.0497377
0.0505384
0.0513618
0.0522044
0.0530488
0.0539274
0.0548192
0.0557347
0.0566485
0.0576066
0.058567
0.0595481
0.0605485
0.0615754
0.0626227
0.0636908
0.0647782
0.0658922
0.0670159
0.0681983
0.0693735
0.0706005
0.0718288
0.0730171
0.0741709
0.074951
0.0205921
0.0204725
0.0202779
0.0201216
0.0200448
0.0200631
0.020176
0.020377
0.0206425
0.0209482
0.0212701
0.0215924
0.0219047
0.0221958
0.0224669
0.0227173
0.0229593
0.0231941
0.0234281
0.0236623
0.0239009
0.0241482
0.0244018
0.0246628
0.0249226
0.0251909
0.0254697
0.0257626
0.0260599
0.0263632
0.0266734
0.0269917
0.0273218
0.0276482
0.0279895
0.0283319
0.0286834
0.029048
0.0294086
0.0297987
0.0301784
0.030577
0.0309897
0.031386
0.0318255
0.0322532
0.032693
0.0331681
0.0335937
0.0340695
0.0345836
0.0350589
0.0355612
0.036079
0.0366167
0.0371583
0.0376727
0.0382548
0.0388371
0.0393842
0.0400105
0.0406222
0.0412059
0.041878
0.0425278
0.0431419
0.0438467
0.0445408
0.0452205
0.0459378
0.0466795
0.0474064
0.0481683
0.0489503
0.0497421
0.0505404
0.0513642
0.0522079
0.05305
0.0539281
0.0548231
0.0557374
0.0566498
0.0576089
0.0585695
0.0595496
0.0605495
0.061578
0.062625
0.0636932
0.0647813
0.0658945
0.0670192
0.0682025
0.0693773
0.0706054
0.071834
0.0730223
0.0741763
0.0749569
0.0203578
0.0202482
0.020064
0.019915
0.0198482
0.0198806
0.0200101
0.0202243
0.0205032
0.020822
0.0211587
0.0214937
0.0218166
0.0221181
0.0224012
0.0226657
0.0229204
0.0231672
0.0234082
0.0236474
0.0238861
0.0241331
0.0243867
0.0246475
0.0249098
0.0251815
0.0254642
0.0257578
0.0260567
0.0263583
0.0266698
0.0269887
0.0273197
0.0276493
0.0279871
0.0283348
0.0286848
0.0290503
0.0294124
0.0297969
0.0301856
0.0305782
0.0309924
0.0313941
0.0318237
0.0322647
0.0326969
0.0331666
0.0336094
0.0340703
0.0345835
0.0350663
0.0355665
0.0360873
0.0366142
0.037167
0.0376858
0.0382486
0.0388472
0.0393952
0.0400052
0.0406348
0.0412148
0.0418732
0.0425399
0.0431519
0.0438451
0.0445486
0.0452301
0.0459412
0.0466851
0.0474146
0.0481727
0.0489547
0.0497483
0.0505451
0.0513684
0.0522128
0.0530545
0.053931
0.0548274
0.055742
0.0566529
0.0576125
0.0585732
0.0595532
0.0605524
0.0615813
0.0626285
0.0636959
0.0647848
0.0658974
0.0670226
0.0682073
0.0693826
0.0706121
0.0718422
0.0730314
0.0741866
0.074968
)
;

boundaryField
{
    zeroGradientPlanes
    {
        type            zeroGradient;
    }
    inlet
    {
        type            zeroGradient;
    }
    plate
    {
        type            zeroGradient;
    }
    frontAndBack
    {
        type            empty;
    }
}


// ************************************************************************* //
