/*--------------------------------*- C++ -*----------------------------------*\
| =========                 |                                                 |
| \\      /  F ield         | OpenFOAM: The Open Source CFD Toolbox           |
|  \\    /   O peration     | Version:  v1912                                 |
|   \\  /    A nd           | Website:  www.openfoam.com                      |
|    \\/     M anipulation  |                                                 |
\*---------------------------------------------------------------------------*/
FoamFile
{
    version     2.0;
    format      ascii;
    class       volScalarField;
    location    "1.65";
    object      p;
}
// * * * * * * * * * * * * * * * * * * * * * * * * * * * * * * * * * * * * * //

dimensions      [0 2 -2 0 0 0 0];


internalField   nonuniform List<scalar> 
9600
(
2.76261e-10
0.00489672
0.0099205
0.00663068
-0.00153714
0.00372023
0.00626807
0.00432854
0.00685832
0.00828815
0.00518574
0.00540198
0.00566878
0.00588172
0.00483266
0.00605496
0.00485607
0.00509096
0.00433911
0.00335276
1.11579e-05
0.00490122
0.00986014
0.00661741
-0.00148664
0.0036688
0.00626382
0.00438585
0.00683214
0.00829871
0.0051969
0.0054038
0.00566916
0.00587975
0.00485214
0.00602116
0.00486831
0.00504432
0.00435646
0.00326454
2.12799e-05
0.00490486
0.00981767
0.00660261
-0.00144769
0.0036084
0.00628107
0.00443106
0.00679911
0.00830634
0.00520797
0.00540671
0.00567306
0.00588823
0.00487781
0.00596024
0.00489119
0.00496465
0.00438378
0.00315869
3.11187e-05
0.00491594
0.00976719
0.00658282
-0.00142457
0.0035859
0.00631747
0.00446886
0.00676483
0.00829116
0.00521522
0.00541681
0.00567761
0.00590661
0.00490524
0.00588295
0.0049168
0.00487562
0.00439523
0.00306033
4.50352e-05
0.00493408
0.00970862
0.00655815
-0.0014009
0.00360743
0.00636548
0.00449962
0.00672857
0.00825423
0.00522319
0.00543029
0.00567903
0.00592757
0.00493451
0.00579736
0.00494473
0.00477964
0.00439087
0.00299363
6.64397e-05
0.00495513
0.00963996
0.00652959
-0.00136846
0.00366661
0.00641495
0.00452236
0.00669072
0.00820329
0.0052333
0.00544176
0.00567778
0.00594637
0.00496582
0.00571093
0.00497298
0.00468015
0.00438061
0.00295283
9.78805e-05
0.00497585
0.00956083
0.00649793
-0.00131987
0.00375279
0.00645199
0.00453836
0.00665327
0.00814696
0.00524523
0.00545036
0.00567576
0.00596067
0.00499872
0.00562725
0.00500175
0.00458576
0.00436452
0.00292697
0.000140528
0.00499391
0.00947266
0.00646411
-0.00125091
0.00385153
0.00646817
0.00455069
0.00661787
0.00809131
0.00525917
0.00545657
0.00567366
0.00596933
0.00503282
0.00554759
0.00503192
0.00450018
0.00433857
0.00291338
0.000193876
0.00500831
0.00937828
0.00642853
-0.00116133
0.00395242
0.00646368
0.00456102
0.00658496
0.00803919
0.00527536
0.00546026
0.00567175
0.00597217
0.00506789
0.00547253
0.00506161
0.00442406
0.00430134
0.00291156
0.000256108
0.00501943
0.00928037
0.00639085
-0.00105347
0.00405104
0.00644334
0.00456952
0.00655406
0.00799082
0.00529368
0.00546134
0.00567051
0.00596937
0.00510224
0.00540156
0.00508795
0.00435817
0.00425309
0.00291949
0.000325049
0.00502821
0.00918048
0.00635067
-0.000931192
0.00414579
0.00641183
0.0045759
0.00652413
0.00794517
0.00531378
0.00545977
0.00567035
0.00596162
0.00513549
0.00533413
0.00510856
0.0043034
0.00419446
0.00293413
0.000398878
0.00503543
0.00907899
0.00630786
-0.000798493
0.00423586
0.00637454
0.00458003
0.00649396
0.00790107
0.00533513
0.00545524
0.00567186
0.00594996
0.00516718
0.00527002
0.00512158
0.00425988
0.00412665
0.00295218
0.000476386
0.00504158
0.0089757
0.00626262
-0.000658486
0.00432083
0.00633681
0.0045819
0.00646267
0.00785794
0.00535701
0.00544733
0.00567579
0.00593543
0.00519682
0.0052095
0.00512545
0.00422667
0.00405145
0.00297065
0.000556917
0.00504686
0.00887041
0.00621526
-0.000513149
0.00440077
0.00629998
0.00458163
0.00642975
0.0078156
0.00537886
0.00543578
0.00568256
0.00591899
0.00522395
0.00515291
0.00511902
0.0042021
0.00397113
0.00298717
0.000640187
0.00505133
0.00876305
0.00616614
-0.000363577
0.00447607
0.00626543
0.00457942
0.00639486
0.00777411
0.00540049
0.00542045
0.00569216
0.00590161
0.00524802
0.00510029
0.00510186
0.00418429
0.00388833
0.00300001
0.000726116
0.00505495
0.00865375
0.00611561
-0.000210288
0.0045473
0.00623406
0.00457552
0.00635773
0.00773369
0.00542195
0.00540129
0.00570432
0.00588413
0.00526833
0.00505152
0.00507446
0.00417144
0.00380567
0.00300768
0.000814716
0.00505768
0.00854277
0.00606394
-5.3516e-05
0.00461487
0.00620642
0.00457025
0.0063181
0.00769457
0.0054435
0.00537833
0.00571844
0.00586724
0.00528435
0.00500641
0.00503783
0.00416202
0.00372563
0.00300901
0.000906048
0.00505947
0.0084304
0.00601144
0.000106611
0.004679
0.00618284
0.00456396
0.00627567
0.00765692
0.00546549
0.00535163
0.00573378
0.0058516
0.00529598
0.00496472
0.00499283
0.00415466
0.00365088
0.00300364
0.00100019
0.00506023
0.00831693
0.00595838
0.000269941
0.00473977
0.00616349
0.00455706
0.0062301
0.00762092
0.00548823
0.0053212
0.00574979
0.00583756
0.00530333
0.00492645
0.00494018
0.00414844
0.00358445
0.00299187
0.00109721
0.00505988
0.00820266
0.005905
0.000436229
0.00479711
0.00614839
0.00455007
0.00618101
0.00758664
0.00551199
0.00528705
0.00576606
0.00582532
0.00530644
0.00489162
0.00488062
0.00414282
0.00352946
0.00297422
0.00119717
0.00505831
0.00808786
0.00585157
0.000605119
0.00485087
0.00613746
0.00454358
0.00612793
0.00755403
0.00553719
0.00524915
0.00578209
0.00581522
0.00530509
0.00486043
0.00481526
0.00413664
0.00348839
0.00295192
0.00130008
0.00505546
0.00797275
0.00579829
0.000776156
0.00490087
0.00613053
0.00453822
0.00607106
0.00752295
0.0055643
0.00520737
0.00579737
0.00580771
0.00529873
0.00483368
0.0047458
0.00412763
0.00346293
0.0029279
0.00140593
0.00505125
0.00785752
0.00574543
0.000948804
0.00494692
0.00612744
0.00453469
0.00600997
0.00749302
0.00559389
0.00516165
0.00581129
0.00580352
0.00528655
0.00481215
0.00467462
0.00411296
0.00345403
0.00290726
0.00151468
0.00504568
0.00774227
0.00569328
0.0011225
0.00498893
0.0061279
0.00453364
0.00594453
0.00746373
0.00562668
0.00511184
0.00582306
0.00580397
0.00526761
0.00479544
0.00460489
0.0040898
0.00346065
0.00289679
0.00162623
0.00503877
0.00762713
0.00564215
0.00129667
0.00502686
0.00613161
0.00453576
0.00587479
0.00743448
0.00566342
0.00505785
0.00583156
0.00581067
0.00524125
0.00478177
0.00454105
0.00405638
0.00347854
0.00290373
0.00174047
0.00503062
0.00751216
0.00559239
0.00147075
0.00506072
0.00613818
0.00454175
0.00580105
0.0074043
0.0057048
0.00500009
0.00583521
0.00582501
0.00520757
0.00476844
0.00448837
0.0040135
0.00350048
0.00293413
0.00185724
0.00502142
0.00739742
0.00554439
0.00164417
0.00509067
0.00614723
0.00455213
0.00572375
0.00737212
0.00575148
0.00493926
0.00583206
0.00584842
0.00516807
0.00475173
0.0044513
0.00396534
0.00351685
0.00298968
0.00197633
0.00501142
0.00728297
0.0054985
0.00181639
0.00511694
0.00615835
0.00456742
0.0056434
0.00733695
0.00580387
0.00487626
0.00581994
0.00588194
0.00512557
0.00472728
0.00443204
0.00391882
0.00351836
0.00306421
0.00209749
0.00500099
0.00716876
0.00545506
0.00198699
0.0051396
0.00617117
0.004588
0.00556085
0.00729766
0.00586209
0.00481275
0.0057964
0.00592564
0.00508398
0.00469092
0.00442948
0.0038832
0.00350043
0.00314534
0.00222043
0.00499057
0.00705481
0.00541438
0.00215544
0.00515888
0.00618546
0.00461387
0.00547693
0.00725325
0.00592621
0.00475077
0.00575892
0.00597872
0.00504812
0.0046394
0.00443901
0.00386838
0.00346625
0.00321609
0.00234476
0.00498068
0.00694116
0.00537663
0.00232108
0.00517502
0.00620115
0.00464496
0.00539213
0.0072027
0.00599605
0.00469252
0.00570567
0.00603947
0.0050231
0.00457119
0.00445397
0.00388262
0.0034261
0.00325863
0.00247005
0.00497195
0.00682781
0.00534205
0.00248355
0.00518799
0.00621816
0.00468138
0.00530715
0.00714492
0.00607104
0.00464055
0.00563553
0.00610504
0.00501424
0.00448688
0.00446596
0.00392989
0.00339397
0.00326228
0.00259582
0.00496495
0.00671491
0.00531076
0.00264383
0.00519777
0.00623645
0.00472343
0.00522273
0.00707896
0.00615033
0.00459756
0.00554769
0.00617133
0.00502711
0.00438948
0.00446557
0.00400819
0.00338615
0.00323028
0.00272151
0.0049604
0.0066027
0.00528265
0.0028018
0.00520416
0.00625594
0.00477157
0.00513931
0.00700403
0.00623279
0.00456654
0.00544203
0.00623314
0.00506637
0.00428463
0.00444436
0.00410965
0.00341709
0.0031793
0.00284655
0.00495897
0.00649159
0.00525774
0.00295743
0.00520684
0.00627626
0.00482609
0.00505746
0.00691957
0.00631687
0.00455082
0.00531992
0.00628454
0.00513464
0.00417953
0.00439645
0.00422372
0.00349437
0.00313106
0.00297037
0.00496121
0.00638214
0.00523481
0.00311098
0.00520568
0.00629684
0.00488758
0.00497802
0.00682491
0.00640046
0.00455381
0.0051841
0.00631889
0.00523264
0.00408278
0.00431822
0.00433955
0.0036179
0.00310671
0.00309238
0.00496764
0.00627497
0.00521398
0.00326327
0.00520066
0.00631661
0.00495686
0.00490227
0.00671919
0.00648121
0.00457845
0.00503861
0.00632876
0.00535868
0.00400584
0.00420734
0.00444536
0.00378434
0.00312224
0.00321205
0.00497862
0.00617109
0.00519444
0.00341519
0.00519233
0.0063339
0.00503437
0.0048319
0.00660204
0.00655624
0.00462637
0.00488923
0.00630716
0.00550645
0.00396294
0.00406512
0.00452598
0.00398924
0.00318866
0.00332892
0.00499421
0.0060719
0.00517504
0.00356698
0.00518168
0.00634643
0.00511993
0.00476942
0.00647379
0.00662211
0.00469788
0.00474319
0.00624955
0.00566532
0.00396815
0.00390104
0.00456272
0.0042221
0.00331651
0.00344262
0.00501425
0.00597903
0.00515455
0.0037189
0.00517058
0.00635157
0.00521243
0.00471807
0.00633566
0.00667541
0.00479195
0.00460778
0.00615506
0.00582287
0.00403069
0.0037322
0.00453928
0.00446262
0.00351484
0.00355294
0.00503822
0.00589464
0.00513169
0.00386967
0.00516205
0.0063474
0.00531028
0.0046812
0.00618984
0.00671247
0.00490582
0.00448998
0.00602711
0.00596639
0.00415064
0.0035791
0.00445198
0.00468196
0.00378096
0.00365982
0.00506535
0.00582119
0.00510595
0.00401615
0.00515985
0.00633328
0.00541024
0.004662
0.00603968
0.00672902
0.0050348
0.00439653
0.00587261
0.00608461
0.0043196
0.00346241
0.00431199
0.00485032
0.00409305
0.00376333
0.00509469
0.00576065
0.00507738
0.00415472
0.00516717
0.00630969
0.00550823
0.00466242
0.00588915
0.0067217
0.00517308
0.00433292
0.00570038
0.00616864
0.00452499
0.00339898
0.00413837
0.00494721
0.00441957
0.00386375
0.00512522
0.00571393
0.0050473
0.0042817
0.0051851
0.00627879
0.00560044
0.00468253
0.00574365
0.00668988
0.00531405
0.00430219
0.00552021
0.00621199
0.00475268
0.00340109
0.00395151
0.00496332
0.00472642
0.00396141
0.00515597
0.00568132
0.00501889
0.004394
0.00521327
0.0062445
0.00568355
0.0047213
0.00560937
0.00663516
0.0054513
0.00430474
0.0053419
0.00621081
0.00498622
0.00347644
0.0037738
0.00489863
0.00498453
0.0040568
0.0051859
0.00566265
0.00499555
0.00448956
0.0052496
0.00621131
0.00575557
0.00477586
0.00549058
0.0065605
0.00558051
0.00433931
0.00517376
0.00616538
0.0052079
0.00362438
0.00363116
0.00476354
0.00516976
0.00415055
0.00521406
0.00565689
0.00498083
0.00456766
0.00529022
0.00618383
0.00581672
0.00483976
0.00538791
0.00647115
0.00569987
0.00440424
0.00502162
0.00608045
0.00540229
0.00383176
0.00355042
0.00458306
0.00526113
0.00424334
0.00523977
0.00566221
0.00497812
0.00462877
0.00533028
0.0061662
0.0058686
0.00490682
0.00530075
0.00637161
0.00580791
0.0044987
0.00488986
0.00596293
0.0055594
0.00407723
0.00354938
0.00439337
0.00525015
0.00433588
0.00526261
0.0056758
0.00499108
0.00467441
0.00536357
0.00615908
0.00591565
0.00497522
0.00522648
0.00626406
0.00590239
0.00462183
0.00478427
0.00582019
0.00567351
0.00433982
0.00362779
0.00423394
0.00515692
0.00442892
0.00528269
0.00569431
0.00502137
0.00470811
0.005384
0.00616111
0.00596574
0.00504543
0.00516246
0.00615072
0.00597979
0.00477004
0.00471296
0.00566215
0.00573995
0.00460155
0.00377177
0.00413422
0.00502285
0.00452308
0.00530016
0.00571448
0.00506909
0.00473573
0.00538816
0.00616781
0.00602294
0.0051204
0.00510919
0.00603237
0.00603676
0.00493599
0.00468411
0.00550247
0.0057571
0.0048456
0.00396417
0.00410345
0.00488888
0.00461873
0.00531535
0.00573315
0.00513347
0.00476432
0.00537574
0.0061706
0.00608629
0.0052061
0.00506954
0.00591044
0.00606983
0.00511026
0.00470145
0.00535584
0.0057308
0.00505637
0.00418837
0.00413906
0.00478448
0.00471597
0.00532969
0.00574812
0.00521205
0.00480068
0.00534868
0.00616086
0.00615349
0.00530615
0.00504802
0.00578887
0.00607628
0.0052831
0.00476421
0.00523611
0.00567341
0.00522407
0.00442603
0.00423393
0.00472523
0.00481467
0.00534275
0.0057582
0.00529921
0.00485013
0.00531095
0.0061322
0.00621919
0.00542153
0.00505089
0.00567355
0.00605553
0.00544335
0.00486666
0.0051543
0.00559838
0.00534693
0.00465906
0.00437538
0.00471962
0.00491462
0.00536412
0.00576275
0.00538884
0.0049166
0.00527067
0.00608083
0.00627401
0.0055503
0.00508409
0.00557144
0.00601158
0.00558039
0.00499801
0.00511847
0.00552034
0.00542793
0.00487429
0.00454701
0.00476798
0.00501515
0.00539133
0.00576156
0.0054742
0.00500098
0.00523856
0.00600807
0.00630728
0.0056882
0.00515076
0.00549104
0.00595145
0.00568778
0.00514491
0.00512992
0.0054564
0.0054747
0.00506353
0.00473307
0.00485972
0.00511542
0.00542469
0.00575634
0.00554962
0.00510208
0.00522475
0.00591837
0.00631102
0.00582494
0.00524917
0.005442
0.00588344
0.00576373
0.0052931
0.00517994
0.00541965
0.00550071
0.00522263
0.00492255
0.00498097
0.00521447
0.00546409
0.00575062
0.00561372
0.00521137
0.00523514
0.00582757
0.00628371
0.00594551
0.00537382
0.0054309
0.00581879
0.0058114
0.00543287
0.00525847
0.00541181
0.00552014
0.00535311
0.00510779
0.00512309
0.00531112
0.00550935
0.0057469
0.00566705
0.00531883
0.0052692
0.00575242
0.00623013
0.00603798
0.00551319
0.00545685
0.00577035
0.00583777
0.00555728
0.00535753
0.00543001
0.00554116
0.00546145
0.00528115
0.00527958
0.00540424
0.00555987
0.00574802
0.00571034
0.00541976
0.00532359
0.00569967
0.00616256
0.0060985
0.00565254
0.00551472
0.00574636
0.00585294
0.0056619
0.00546916
0.00547522
0.00556774
0.00555452
0.00543823
0.00544034
0.00549313
0.00561453
0.00575622
0.00574536
0.00551169
0.005391
0.00567089
0.00609575
0.0061301
0.00577945
0.00559743
0.00574844
0.00586883
0.00575007
0.00558218
0.00554665
0.00560536
0.00563604
0.00558112
0.00559615
0.00557755
0.00567214
0.00577193
0.00577486
0.00559324
0.00546479
0.00566425
0.00603972
0.00613957
0.0058861
0.00569403
0.00577493
0.00589211
0.00582946
0.00569021
0.0056355
0.00566002
0.00570902
0.0057132
0.00574623
0.00565749
0.00573151
0.00579506
0.00580153
0.0056645
0.00554018
0.00567678
0.00599836
0.00613802
0.00597279
0.00579349
0.00582272
0.00592455
0.00590516
0.00579568
0.00573328
0.00573299
0.00577899
0.00583325
0.00589496
0.00573313
0.0057918
0.00582499
0.00582771
0.0057263
0.00561408
0.00570458
0.0059725
0.00613314
0.00604342
0.00588979
0.00588509
0.00596713
0.00597778
0.00590093
0.00583855
0.00582248
0.00585329
0.0059376
0.0060403
0.00580469
0.00585099
0.00586042
0.00585497
0.00578011
0.00568449
0.00574265
0.00596199
0.00612922
0.00610101
0.00598182
0.00595696
0.00602032
0.00604912
0.00600271
0.00594951
0.00592679
0.00594029
0.00602989
0.00617346
0.00587232
0.00590911
0.00590007
0.00588378
0.00582737
0.00575047
0.00578665
0.00596531
0.00613067
0.00614872
0.00606802
0.00603587
0.00608268
0.00612245
0.00609964
0.00606007
0.00604242
0.00604584
0.00612322
0.00629054
0.00593621
0.00596552
0.00594262
0.00591435
0.00586947
0.0058114
0.00583432
0.00597915
0.00613875
0.00619156
0.00614751
0.00611909
0.00615235
0.00619902
0.00619647
0.00616704
0.00615997
0.00616714
0.00622929
0.00639923
0.00599655
0.00601967
0.00598662
0.00594646
0.00590748
0.00586683
0.00588381
0.00600089
0.00615187
0.00623227
0.00622231
0.00620536
0.00622959
0.00627728
0.00629562
0.00627487
0.00627237
0.00629278
0.00635015
0.00651105
0.00605332
0.00607122
0.0060311
0.00597976
0.00594181
0.00591625
0.00593284
0.00602942
0.00616972
0.00626966
0.00629236
0.00629347
0.00631657
0.00635991
0.00639551
0.00639032
0.00638525
0.00641486
0.00647795
0.00662937
0.00610657
0.00611964
0.00607475
0.00601389
0.00597326
0.00595923
0.00597877
0.00606197
0.0061924
0.00630477
0.00635623
0.00637894
0.00641104
0.00645268
0.00649629
0.00651263
0.00650875
0.00653723
0.00660792
0.0067544
0.00615629
0.00616474
0.0061162
0.00604741
0.00600214
0.00599594
0.00601954
0.0060952
0.00621826
0.00633896
0.0064154
0.00645964
0.00650659
0.00655627
0.00660212
0.00663714
0.00664664
0.00667055
0.00674323
0.0068872
0.00620234
0.00620643
0.00615477
0.00607922
0.00602743
0.0060257
0.00605388
0.00612622
0.00624434
0.00637126
0.0064706
0.00653669
0.00659982
0.00666767
0.00672103
0.00676599
0.0067953
0.00682207
0.00689166
0.00703175
0.00624456
0.0062443
0.00618947
0.00610816
0.00604881
0.00604702
0.00607923
0.00615221
0.00626748
0.00639955
0.00651994
0.00661063
0.00669181
0.00678091
0.00685445
0.00690854
0.00695626
0.00699794
0.00706667
0.00720123
0.0062829
0.00627853
0.00621977
0.00613228
0.00606522
0.00605948
0.00609222
0.00616887
0.00628425
0.00642098
0.00656143
0.00667971
0.0067853
0.0068955
0.00699645
0.00706996
0.00713472
0.00719965
0.00727865
0.00741382
0.00631773
0.00630952
0.00624501
0.00615069
0.00607472
0.00606242
0.00609049
0.00616718
0.00628725
0.0064317
0.00659322
0.00674391
0.00688272
0.00701484
0.00714113
0.00724238
0.00732271
0.00741029
0.00751047
0.00765953
0.0063487
0.00633632
0.00626384
0.00616227
0.00607861
0.00605627
0.00607372
0.0061399
0.00625343
0.00641277
0.00661146
0.00682313
0.00704309
0.00723816
0.00740448
0.0075384
0.00761556
0.00766789
0.00771741
0.00780269
0.00637484
0.00635876
0.00627821
0.00616771
0.00607546
0.00604152
0.00604791
0.00609226
0.00615367
0.00625075
0.00641356
0.00664519
0.0069861
0.0073517
0.00768058
0.00801218
0.0083296
0.00863531
0.00891305
0.0091325
0.00639532
0.00637004
0.00628436
0.0061656
0.00606146
0.00601365
0.00601202
0.00608443
0.00621253
0.00638473
0.00662726
0.00686369
0.00709199
0.00732892
0.00752504
0.00774462
0.00803746
0.00840309
0.00879953
0.00912922
0.00641037
0.00638839
0.00629492
0.00616463
0.00604903
0.00598684
0.00595495
0.00597684
0.00606491
0.00621834
0.00650442
0.00688728
0.00726456
0.00766127
0.00805735
0.00842265
0.00876703
0.00906981
0.00931964
0.00947707
0.00641804
0.00638882
0.00629036
0.00615182
0.00602776
0.00596064
0.00593183
0.00596073
0.00605887
0.006201
0.00641708
0.00677147
0.00721297
0.0076765
0.00813693
0.00852757
0.00884379
0.00909117
0.00927976
0.00938858
0.00317257
0.00290366
-0.00133281
-0.00524833
-0.00574969
-0.00390787
-0.00178392
-0.000209079
0.000804238
0.00156694
0.0022133
0.00265732
0.00302337
0.00365908
0.00456336
0.0053585
0.00593399
0.00642318
0.00687165
0.0074008
0.00806671
0.00867715
0.00919103
0.00976469
0.0104097
0.0110205
0.0115846
0.0121695
0.0127866
0.013379
0.0139287
0.0144299
0.0148826
0.0153697
0.0159177
0.0164487
0.016954
0.0174931
0.0180692
0.0186383
0.0191953
0.0197781
0.020403
0.0210533
0.0216958
0.0223567
0.0230328
0.023602
0.0240422
0.0245734
0.0253109
0.0261019
0.0268613
0.0276225
0.0283576
0.0290597
0.0297667
0.0304964
0.0312639
0.0320781
0.0328879
0.0336903
0.0345193
0.0353736
0.0362289
0.0371136
0.0380298
0.0389478
0.0398753
0.0408332
0.0418165
0.0428218
0.0438444
0.0448799
0.0459504
0.0470477
0.0481696
0.0492758
0.0504063
0.0515514
0.0527507
0.0539713
0.0552111
0.0564663
0.0577214
0.059024
0.0603347
0.0616848
0.063054
0.0644517
0.0658642
0.067327
0.0688051
0.0703043
0.0718503
0.0734383
0.0750235
0.0766626
0.0783008
0.0798242
0.00308216
0.00284659
-0.00123316
-0.00510651
-0.00565993
-0.00386071
-0.00175286
-0.000187264
0.000819705
0.00157879
0.00222327
0.00266542
0.00302917
0.00366332
0.00456734
0.00536254
0.0059377
0.00642657
0.00687454
0.00740312
0.00806899
0.00867948
0.00919306
0.00976648
0.0104114
0.0110222
0.0115862
0.0121708
0.012788
0.0133803
0.01393
0.0144312
0.0148837
0.0153707
0.0159188
0.0164497
0.016955
0.0174941
0.0180702
0.0186393
0.0191962
0.0197789
0.0204038
0.021054
0.0216964
0.0223574
0.0230334
0.0236027
0.0240428
0.0245738
0.0253113
0.0261024
0.0268617
0.0276229
0.028358
0.0290601
0.0297671
0.0304968
0.0312642
0.0320784
0.0328882
0.0336906
0.0345195
0.0353738
0.0362291
0.0371138
0.03803
0.038948
0.0398755
0.0408334
0.0418167
0.0428219
0.0438446
0.04488
0.0459506
0.0470479
0.0481698
0.0492759
0.0504064
0.0515515
0.0527509
0.0539714
0.0552112
0.0564664
0.0577215
0.0590241
0.0603348
0.0616849
0.0630541
0.0644518
0.0658642
0.0673271
0.0688052
0.0703044
0.0718504
0.0734383
0.0750235
0.0766627
0.0783009
0.0798244
0.0028807
0.00276718
-0.00103463
-0.00483898
-0.00551239
-0.00380823
-0.00172873
-0.000167155
0.000837369
0.00159306
0.00223495
0.00267545
0.00303731
0.00366949
0.00457209
0.00536625
0.00594083
0.00642966
0.00687731
0.00740534
0.00807107
0.00868145
0.00919472
0.00976805
0.010413
0.0110237
0.0115875
0.012172
0.0127891
0.0133815
0.0139311
0.0144323
0.0148847
0.0153716
0.0159196
0.0164506
0.0169558
0.0174948
0.0180709
0.01864
0.0191969
0.0197795
0.0204044
0.0210546
0.021697
0.0223579
0.023034
0.0236033
0.0240433
0.0245741
0.0253116
0.0261028
0.0268621
0.0276233
0.0283584
0.0290604
0.0297674
0.030497
0.0312645
0.0320787
0.0328884
0.0336908
0.0345197
0.035374
0.0362293
0.037114
0.0380302
0.0389482
0.0398757
0.0408336
0.0418168
0.0428221
0.0438448
0.0448802
0.0459507
0.047048
0.0481699
0.0492761
0.0504066
0.0515516
0.052751
0.0539715
0.0552113
0.0564665
0.0577216
0.0590242
0.0603349
0.061685
0.0630542
0.0644519
0.0658643
0.0673272
0.0688053
0.0703045
0.0718504
0.0734384
0.0750236
0.0766627
0.078301
0.0798247
0.00269054
0.0027158
-0.000788053
-0.004513
-0.00531746
-0.00373738
-0.00169498
-0.000138442
0.000863282
0.00161354
0.00225061
0.00268983
0.00305189
0.00368211
0.00458059
0.00537113
0.0059445
0.00643395
0.00688183
0.007409
0.00807376
0.00868361
0.00919674
0.00977006
0.0104149
0.0110254
0.011589
0.0121735
0.0127905
0.0133828
0.0139324
0.0144335
0.0148857
0.0153724
0.0159205
0.0164515
0.0169567
0.0174956
0.0180717
0.0186408
0.0191976
0.0197802
0.020405
0.0210552
0.0216976
0.0223585
0.0230347
0.0236041
0.0240437
0.0245742
0.0253119
0.0261033
0.0268625
0.0276237
0.0283588
0.0290608
0.0297677
0.0304973
0.0312647
0.032079
0.0328887
0.033691
0.03452
0.0353743
0.0362295
0.0371142
0.0380304
0.0389484
0.0398758
0.0408337
0.041817
0.0428223
0.043845
0.0448803
0.0459509
0.0470482
0.0481701
0.0492762
0.0504067
0.0515517
0.0527511
0.0539716
0.0552115
0.0564666
0.0577217
0.0590243
0.060335
0.0616851
0.0630543
0.0644519
0.0658644
0.0673273
0.0688054
0.0703045
0.0718505
0.0734385
0.0750237
0.0766628
0.0783012
0.0798252
0.00252266
0.00266402
-0.000540251
-0.00417373
-0.00510553
-0.00365792
-0.00165752
-0.000104742
0.000896279
0.00164048
0.00227082
0.00270943
0.00307437
0.00370293
0.0045942
0.00537795
0.00594912
0.00644006
0.00688932
0.00741535
0.00807771
0.0086863
0.00919957
0.00977298
0.0104172
0.0110271
0.0115907
0.0121754
0.0127923
0.0133843
0.0139338
0.014435
0.0148869
0.0153734
0.0159214
0.0164524
0.0169576
0.0174966
0.0180725
0.0186415
0.0191984
0.019781
0.0204058
0.0210559
0.0216983
0.0223592
0.0230356
0.0236049
0.0240442
0.0245744
0.0253123
0.0261038
0.026863
0.0276242
0.0283593
0.0290612
0.029768
0.0304976
0.031265
0.0320793
0.032889
0.0336913
0.0345202
0.0353745
0.0362297
0.0371144
0.0380307
0.0389486
0.039876
0.0408339
0.0418172
0.0428224
0.0438451
0.0448805
0.045951
0.0470483
0.0481703
0.0492764
0.0504068
0.0515519
0.0527512
0.0539717
0.0552116
0.0564667
0.0577219
0.0590244
0.0603351
0.0616852
0.0630544
0.064452
0.0658645
0.0673273
0.0688054
0.0703046
0.0718506
0.0734385
0.0750238
0.0766629
0.0783014
0.0798259
0.00235723
0.00259451
-0.000298636
-0.00382771
-0.00488221
-0.00357343
-0.00162002
-6.99033e-05
0.000932743
0.00167129
0.00229422
0.00273305
0.00310322
0.00373065
0.00461241
0.00538683
0.00595495
0.00644822
0.00690019
0.007425
0.00808345
0.0086899
0.00920366
0.00977729
0.0104202
0.011029
0.0115925
0.0121774
0.0127942
0.0133859
0.0139354
0.0144367
0.0148886
0.0153746
0.0159222
0.0164534
0.0169588
0.0174977
0.0180734
0.0186423
0.0191993
0.019782
0.0204067
0.0210567
0.0216992
0.0223602
0.0230367
0.0236059
0.0240448
0.0245747
0.0253127
0.0261044
0.0268636
0.0276247
0.0283598
0.0290617
0.0297685
0.030498
0.0312654
0.0320797
0.0328894
0.0336916
0.0345205
0.0353748
0.03623
0.0371146
0.0380309
0.0389488
0.0398762
0.0408341
0.0418174
0.0428226
0.0438453
0.0448807
0.0459512
0.0470485
0.0481704
0.0492765
0.050407
0.051552
0.0527514
0.0539719
0.0552117
0.0564669
0.057722
0.0590245
0.0603352
0.0616853
0.0630545
0.0644521
0.0658646
0.0673274
0.0688055
0.0703047
0.0718507
0.0734386
0.0750238
0.076663
0.0783016
0.0798268
0.00219352
0.00251241
-6.02872e-05
-0.00347453
-0.00464712
-0.00348351
-0.00158258
-3.46267e-05
0.000971583
0.00170488
0.00231994
0.00275922
0.00313574
0.0037624
0.00463346
0.00539719
0.00596192
0.00645827
0.00691408
0.00743768
0.00809103
0.00869471
0.00920931
0.00978321
0.0104242
0.0110312
0.0115945
0.0121794
0.0127958
0.0133871
0.0139368
0.0144388
0.0148909
0.0153763
0.0159232
0.0164545
0.0169605
0.0174993
0.0180744
0.018643
0.0192003
0.0197832
0.0204076
0.0210575
0.0217002
0.0223614
0.0230379
0.023607
0.0240455
0.0245751
0.0253133
0.0261052
0.0268643
0.0276254
0.0283605
0.0290623
0.029769
0.0304984
0.0312658
0.0320801
0.0328899
0.033692
0.0345209
0.0353752
0.0362303
0.0371149
0.0380312
0.0389491
0.0398765
0.0408344
0.0418176
0.0428228
0.0438455
0.0448809
0.0459514
0.0470487
0.0481707
0.0492767
0.0504071
0.0515521
0.0527515
0.0539721
0.0552119
0.056467
0.0577221
0.0590247
0.0603353
0.0616854
0.0630546
0.0644522
0.0658647
0.0673275
0.0688056
0.0703048
0.0718507
0.0734387
0.075024
0.0766631
0.0783019
0.0798279
0.00203967
0.0024223
0.000173168
-0.0031153
-0.00439923
-0.0033864
-0.00154444
9.2707e-07
0.00101265
0.00174135
0.00234796
0.00278716
0.0031702
0.00379635
0.0046563
0.00540867
0.00596982
0.0064697
0.00693004
0.00745246
0.00810008
0.00870073
0.00921642
0.00979062
0.0104293
0.0110341
0.0115969
0.0121816
0.0127971
0.0133876
0.0139377
0.0144409
0.0148938
0.0153784
0.0159242
0.0164556
0.0169625
0.0175014
0.0180757
0.0186439
0.0192016
0.0197845
0.0204085
0.0210581
0.0217011
0.0223627
0.0230394
0.0236084
0.0240466
0.0245758
0.025314
0.026106
0.0268651
0.0276261
0.0283613
0.0290631
0.0297696
0.030499
0.0312664
0.0320807
0.0328904
0.0336926
0.0345214
0.0353756
0.0362307
0.0371153
0.0380315
0.0389494
0.0398768
0.0408346
0.0418178
0.0428231
0.0438458
0.0448811
0.0459516
0.0470489
0.0481709
0.0492769
0.0504073
0.0515523
0.0527517
0.0539722
0.0552121
0.0564672
0.0577223
0.0590248
0.0603354
0.0616855
0.0630548
0.0644524
0.0658648
0.0673277
0.0688058
0.0703049
0.0718508
0.0734387
0.0750241
0.0766632
0.0783021
0.0798292
0.00190114
0.00232487
0.000397557
-0.00275158
-0.00413717
-0.00327996
-0.00150472
3.6536e-05
0.00105581
0.00178091
0.00237837
0.00281651
0.00320589
0.00383183
0.00468064
0.00542125
0.0059785
0.00648202
0.00694723
0.00746856
0.00811018
0.00870774
0.00922473
0.00979918
0.0104352
0.0110377
0.0116
0.0121842
0.0127981
0.0133873
0.0139376
0.0144426
0.0148969
0.0153811
0.0159255
0.0164569
0.0169649
0.0175041
0.0180774
0.0186452
0.0192033
0.0197864
0.0204095
0.0210585
0.0217018
0.0223639
0.0230407
0.0236098
0.0240481
0.024577
0.0253149
0.0261069
0.0268659
0.0276268
0.0283621
0.029064
0.0297704
0.0304997
0.0312671
0.0320814
0.0328911
0.0336932
0.034522
0.0353761
0.0362312
0.0371158
0.038032
0.0389498
0.0398772
0.040835
0.0418181
0.0428234
0.043846
0.0448813
0.0459518
0.0470492
0.0481712
0.0492771
0.0504075
0.0515525
0.0527519
0.0539725
0.0552123
0.0564674
0.0577225
0.059025
0.0603356
0.0616857
0.0630549
0.0644525
0.065865
0.0673278
0.0688059
0.070305
0.0718509
0.0734388
0.0750242
0.0766632
0.0783023
0.0798308
0.00178132
0.00222055
0.000608768
-0.00238491
-0.00385979
-0.0031621
-0.00146248
7.19127e-05
0.00110067
0.0018236
0.00241127
0.00284724
0.00324268
0.00386876
0.00470653
0.00543495
0.00598789
0.00649494
0.0069652
0.00748552
0.00812104
0.00871549
0.00923394
0.00980863
0.0104418
0.0110418
0.0116037
0.0121873
0.0127991
0.0133863
0.0139365
0.0144436
0.0149001
0.0153841
0.015927
0.0164583
0.0169676
0.0175071
0.0180795
0.0186469
0.0192056
0.0197888
0.0204109
0.0210589
0.0217023
0.0223648
0.0230415
0.023611
0.0240497
0.0245787
0.0253164
0.0261082
0.0268668
0.0276274
0.0283628
0.0290649
0.0297713
0.0305006
0.031268
0.0320823
0.0328919
0.0336941
0.0345227
0.0353768
0.0362319
0.0371164
0.0380325
0.0389504
0.0398776
0.0408354
0.0418185
0.0428237
0.0438463
0.0448816
0.0459521
0.0470494
0.0481715
0.0492774
0.0504077
0.0515527
0.0527521
0.0539727
0.0552125
0.0564677
0.0577227
0.0590252
0.0603358
0.0616859
0.0630551
0.0644527
0.0658651
0.067328
0.0688061
0.0703051
0.0718511
0.0734388
0.0750244
0.0766633
0.0783025
0.0798326
0.00168285
0.00211094
0.000803615
-0.002017
-0.00356675
-0.00303111
-0.00141679
0.000106792
0.00114669
0.00186934
0.00244684
0.00287948
0.00328066
0.00390719
0.00473396
0.00544979
0.00599798
0.0065084
0.00698379
0.00750319
0.00813253
0.00872385
0.00924389
0.00981885
0.0104489
0.0110463
0.0116079
0.0121909
0.0128003
0.013385
0.0139348
0.0144439
0.014903
0.0153874
0.0159287
0.0164597
0.0169704
0.0175102
0.0180818
0.0186489
0.0192084
0.0197918
0.0204127
0.0210594
0.0217027
0.0223652
0.0230416
0.0236114
0.0240512
0.0245807
0.0253185
0.0261101
0.0268681
0.027628
0.0283634
0.0290658
0.0297723
0.0305017
0.0312691
0.0320832
0.0328929
0.0336951
0.0345237
0.0353777
0.0362327
0.0371172
0.0380332
0.038951
0.0398783
0.040836
0.041819
0.0428241
0.0438467
0.0448819
0.0459524
0.0470498
0.0481718
0.0492777
0.050408
0.051553
0.0527523
0.053973
0.0552128
0.0564679
0.0577229
0.0590255
0.0603361
0.0616862
0.0630554
0.064453
0.0658654
0.0673282
0.0688063
0.0703053
0.0718513
0.0734388
0.0750247
0.0766634
0.0783026
0.0798346
0.00160794
0.00199893
0.000979818
-0.00165015
-0.00325883
-0.00288553
-0.00136638
0.000141085
0.00119331
0.00191804
0.00248536
0.00291351
0.0033199
0.00394708
0.00476291
0.00546578
0.00600885
0.00652251
0.00700308
0.0075216
0.00814465
0.00873283
0.00925461
0.00982981
0.0104565
0.0110511
0.0116125
0.0121951
0.0128018
0.0133835
0.0139326
0.0144439
0.0149058
0.0153907
0.0159306
0.0164613
0.0169732
0.0175135
0.0180841
0.0186511
0.0192116
0.0197954
0.0204149
0.0210602
0.0217031
0.0223652
0.0230409
0.0236109
0.0240519
0.0245826
0.025321
0.0261127
0.0268699
0.0276287
0.0283637
0.0290664
0.0297731
0.0305028
0.0312704
0.0320843
0.0328938
0.0336961
0.0345248
0.0353787
0.0362337
0.0371181
0.0380341
0.0389519
0.0398791
0.0408367
0.0418196
0.0428247
0.0438472
0.0448823
0.0459527
0.0470502
0.0481722
0.049278
0.0504083
0.0515532
0.0527526
0.0539732
0.0552131
0.0564682
0.0577232
0.0590257
0.0603364
0.0616865
0.0630557
0.0644532
0.0658657
0.0673284
0.0688065
0.0703055
0.0718515
0.0734388
0.075025
0.0766634
0.0783026
0.0798369
0.00155841
0.00188824
0.0011355
-0.00128739
-0.0029374
-0.00272394
-0.0013097
0.000174922
0.00123989
0.00196953
0.00252713
0.00294964
0.00336053
0.00398842
0.00479337
0.00548301
0.00602063
0.00653738
0.00702319
0.0075409
0.00815758
0.00874258
0.0092662
0.00984156
0.0104645
0.0110563
0.0116176
0.0121998
0.0128036
0.013382
0.0139302
0.0144437
0.0149087
0.0153942
0.0159326
0.0164629
0.0169761
0.0175168
0.0180866
0.0186534
0.019215
0.0197993
0.0204175
0.0210611
0.0217034
0.0223649
0.0230395
0.0236093
0.0240517
0.0245839
0.0253236
0.0261158
0.0268724
0.0276296
0.0283639
0.0290666
0.0297737
0.030504
0.0312719
0.0320856
0.0328949
0.0336973
0.0345259
0.0353798
0.0362349
0.0371192
0.038035
0.0389528
0.0398802
0.0408376
0.0418204
0.0428253
0.0438478
0.0448827
0.0459531
0.0470505
0.0481727
0.0492785
0.0504087
0.0515535
0.0527528
0.0539735
0.0552133
0.0564686
0.0577236
0.059026
0.0603367
0.0616868
0.063056
0.0644536
0.065866
0.0673288
0.0688069
0.0703058
0.0718518
0.0734388
0.0750253
0.0766635
0.0783025
0.0798394
0.00153518
0.00178276
0.0012694
-0.000931829
-0.00260417
-0.00254525
-0.00124517
0.000208722
0.00128589
0.00202354
0.00257242
0.00298816
0.00340263
0.0040312
0.00482536
0.00550156
0.00603342
0.00655309
0.00704426
0.00756129
0.00817154
0.00875333
0.00927882
0.00985414
0.010473
0.0110616
0.0116231
0.0122051
0.0128059
0.0133807
0.0139277
0.0144436
0.0149118
0.0153978
0.0159347
0.0164647
0.0169792
0.0175203
0.018089
0.0186556
0.0192184
0.0198033
0.0204204
0.0210622
0.0217036
0.0223642
0.0230374
0.0236068
0.0240506
0.0245844
0.0253257
0.0261191
0.0268753
0.0276309
0.028364
0.0290666
0.029774
0.030505
0.0312736
0.0320871
0.032896
0.0336984
0.0345271
0.035381
0.0362363
0.0371205
0.038036
0.0389538
0.0398813
0.0408388
0.0418213
0.0428262
0.0438485
0.0448833
0.0459535
0.0470509
0.0481732
0.049279
0.0504092
0.0515539
0.0527531
0.0539737
0.0552136
0.0564689
0.057724
0.0590264
0.0603371
0.0616872
0.0630564
0.0644539
0.0658664
0.0673291
0.0688072
0.0703062
0.0718521
0.0734388
0.0750258
0.0766636
0.0783024
0.079842
0.0015377
0.00168641
0.00138127
-0.000586702
-0.00226134
-0.00234883
-0.00117099
0.000243456
0.00133094
0.00207952
0.00262119
0.00302925
0.00344631
0.00407548
0.00485896
0.00552155
0.0060473
0.00656973
0.00706644
0.00758299
0.00818674
0.00876521
0.00929254
0.0098676
0.010482
0.0110673
0.0116289
0.0122109
0.0128087
0.0133795
0.0139252
0.0144436
0.0149152
0.0154017
0.0159368
0.0164664
0.0169824
0.017524
0.0180916
0.0186579
0.0192219
0.0198075
0.0204234
0.0210633
0.0217037
0.0223632
0.0230346
0.0236036
0.0240489
0.0245843
0.0253274
0.0261223
0.0268784
0.0276323
0.0283641
0.0290664
0.029774
0.0305059
0.0312752
0.0320887
0.0328973
0.0336996
0.0345282
0.0353823
0.0362377
0.0371218
0.0380371
0.0389549
0.0398826
0.0408401
0.0418224
0.0428271
0.0438494
0.0448841
0.045954
0.0470512
0.0481736
0.0492796
0.0504098
0.0515544
0.0527535
0.053974
0.0552139
0.0564692
0.0577244
0.0590267
0.0603374
0.0616876
0.0630568
0.0644544
0.0658669
0.0673295
0.0688077
0.0703066
0.0718526
0.0734388
0.0750263
0.0766638
0.0783022
0.0798448
0.00156402
0.00160342
0.00147189
-0.000255608
-0.00191156
-0.00213436
-0.00108515
0.000280596
0.00137487
0.00213657
0.00267312
0.00307307
0.00349187
0.0041215
0.00489433
0.00554305
0.0060623
0.00658735
0.00708986
0.00760612
0.00820321
0.00877821
0.00930734
0.00988195
0.0104915
0.0110732
0.0116351
0.0122173
0.012812
0.0133786
0.013923
0.0144438
0.014919
0.0154057
0.0159391
0.0164683
0.0169857
0.0175279
0.0180943
0.0186601
0.0192253
0.0198117
0.0204264
0.0210645
0.0217037
0.0223618
0.0230313
0.0235999
0.0240471
0.0245842
0.0253287
0.026125
0.0268813
0.0276338
0.0283641
0.029066
0.029774
0.0305067
0.0312769
0.0320904
0.0328986
0.0337008
0.0345294
0.0353836
0.0362392
0.0371233
0.0380382
0.038956
0.0398839
0.0408415
0.0418236
0.0428282
0.0438505
0.0448851
0.0459546
0.0470514
0.0481739
0.0492801
0.0504105
0.0515551
0.0527539
0.0539742
0.0552141
0.0564694
0.0577248
0.0590271
0.0603378
0.061688
0.0630572
0.0644548
0.0658674
0.06733
0.0688081
0.0703071
0.0718531
0.0734388
0.0750268
0.076664
0.0783019
0.0798478
0.00161142
0.00153817
0.00154278
5.78816e-05
-0.00155743
-0.00190187
-0.000985869
0.000321627
0.00141752
0.00219376
0.00272795
0.00311997
0.00353971
0.00416954
0.00493158
0.00556604
0.0060784
0.00660605
0.0071146
0.00763068
0.0082209
0.00879223
0.00932316
0.00989719
0.0105015
0.0110794
0.0116417
0.0122242
0.0128157
0.013378
0.0139208
0.0144443
0.014923
0.01541
0.0159413
0.0164702
0.0169894
0.0175321
0.0180972
0.0186625
0.0192288
0.019816
0.0204295
0.0210658
0.0217037
0.0223602
0.0230274
0.0235959
0.0240458
0.0245848
0.0253301
0.0261273
0.0268839
0.0276352
0.0283641
0.0290657
0.0297742
0.0305077
0.0312786
0.032092
0.0329
0.0337021
0.0345307
0.0353849
0.0362408
0.0371249
0.0380395
0.0389571
0.0398853
0.040843
0.0418249
0.0428292
0.0438515
0.0448862
0.0459553
0.0470517
0.048174
0.0492805
0.0504113
0.051556
0.0527544
0.0539744
0.0552142
0.0564696
0.0577252
0.0590275
0.0603383
0.0616884
0.0630576
0.0644552
0.0658679
0.0673304
0.0688086
0.0703076
0.0718536
0.0734388
0.0750275
0.0766643
0.0783016
0.079851
0.00167657
0.00149419
0.0015959
0.000350954
-0.00120116
-0.00165223
-0.000872049
0.000367985
0.0014593
0.00225057
0.0027854
0.00317016
0.00359011
0.00421979
0.00497085
0.00559058
0.00609562
0.00662585
0.00714069
0.00765664
0.0082397
0.00880714
0.00933987
0.0099133
0.0105122
0.011086
0.0116486
0.0122315
0.0128198
0.0133776
0.0139189
0.014445
0.0149273
0.0154144
0.0159436
0.0164723
0.0169933
0.0175367
0.0181004
0.018665
0.0192324
0.0198203
0.0204328
0.0210672
0.0217039
0.0223585
0.0230233
0.0235921
0.0240426
0.024587
0.0253322
0.0261293
0.0268859
0.0276363
0.0283639
0.0290654
0.0297747
0.030509
0.0312804
0.0320937
0.0329014
0.0337034
0.034532
0.0353863
0.0362424
0.0371265
0.0380407
0.0389582
0.0398867
0.0408446
0.0418263
0.0428304
0.0438527
0.0448873
0.0459562
0.047052
0.0481741
0.0492808
0.0504121
0.0515569
0.052755
0.0539747
0.0552143
0.0564698
0.0577256
0.059028
0.0603388
0.0616889
0.063058
0.0644557
0.0658685
0.0673309
0.0688092
0.0703082
0.0718543
0.0734389
0.0750282
0.0766646
0.0783014
0.0798543
0.00175485
0.0014736
0.00163449
0.000621898
-0.00084522
-0.00138733
-0.00074299
0.000421626
0.00150151
0.00230675
0.00284477
0.00322345
0.00364321
0.00427252
0.00501241
0.0056168
0.00611397
0.00664676
0.00716812
0.00768395
0.00825953
0.00882281
0.00935737
0.00993026
0.0105235
0.011093
0.011656
0.0122392
0.0128243
0.0133775
0.0139172
0.0144459
0.0149318
0.0154191
0.015946
0.0164745
0.0169975
0.0175415
0.0181039
0.0186676
0.0192361
0.0198248
0.0204363
0.0210689
0.0217042
0.0223568
0.0230191
0.0235886
0.0240442
0.0245915
0.0253356
0.0261313
0.0268875
0.0276371
0.0283637
0.0290653
0.0297756
0.0305109
0.0312824
0.0320952
0.0329026
0.0337048
0.0345335
0.0353877
0.0362441
0.0371282
0.0380421
0.0389594
0.0398882
0.0408463
0.0418278
0.0428315
0.0438538
0.0448886
0.0459572
0.0470524
0.0481741
0.0492811
0.0504129
0.051558
0.0527557
0.053975
0.0552144
0.0564699
0.057726
0.0590284
0.0603393
0.0616894
0.0630585
0.0644562
0.0658691
0.0673313
0.0688097
0.0703088
0.0718549
0.0734389
0.0750289
0.0766649
0.0783011
0.0798576
0.0018404
0.00147758
0.00166358
0.00086931
-0.000493143
-0.00110936
-0.000597784
0.000484908
0.00154577
0.00236197
0.00290498
0.00327938
0.00369921
0.00432813
0.00505658
0.00564485
0.00613347
0.00666878
0.0071969
0.00771259
0.00828034
0.00883915
0.00937558
0.00994804
0.0105356
0.0111005
0.0116637
0.0122474
0.0128292
0.0133777
0.0139156
0.0144472
0.0149367
0.0154241
0.0159486
0.016477
0.0170021
0.0175468
0.0181077
0.0186706
0.0192399
0.0198295
0.0204399
0.0210707
0.0217046
0.0223552
0.023015
0.0235858
0.0240477
0.0245986
0.0253406
0.0261335
0.0268887
0.0276376
0.0283634
0.0290654
0.0297771
0.0305132
0.0312846
0.0320967
0.0329039
0.0337063
0.0345351
0.0353893
0.0362458
0.0371299
0.0380434
0.0389606
0.0398898
0.040848
0.0418294
0.0428327
0.043855
0.0448899
0.0459583
0.0470528
0.0481741
0.0492813
0.0504136
0.051559
0.0527565
0.0539753
0.0552145
0.05647
0.0577264
0.0590288
0.0603398
0.0616899
0.0630589
0.0644567
0.0658697
0.0673318
0.0688102
0.0703094
0.0718557
0.073439
0.0750296
0.0766654
0.0783008
0.0798611
0.00192757
0.00150687
0.00168893
0.00109155
-0.000148612
-0.00081991
-0.000435873
0.000559489
0.0015937
0.00241629
0.00296522
0.00333747
0.00375821
0.00438695
0.00510364
0.00567491
0.00615419
0.00669188
0.00722704
0.00774259
0.00830212
0.00885613
0.00939447
0.00996667
0.0105484
0.0111086
0.0116718
0.0122561
0.0128345
0.0133781
0.0139145
0.0144487
0.014942
0.0154294
0.0159514
0.0164798
0.0170072
0.0175525
0.0181118
0.0186737
0.019244
0.0198343
0.0204437
0.0210728
0.0217053
0.0223538
0.023011
0.0235836
0.0240531
0.0246082
0.0253472
0.0261359
0.0268896
0.0276378
0.028363
0.0290657
0.0297789
0.030516
0.031287
0.0320982
0.0329051
0.0337078
0.0345368
0.035391
0.0362476
0.0371316
0.0380448
0.038962
0.0398914
0.0408497
0.041831
0.042834
0.0438562
0.0448912
0.0459595
0.0470533
0.0481742
0.0492815
0.0504144
0.0515601
0.0527574
0.0539757
0.0552146
0.0564701
0.0577268
0.0590293
0.0603404
0.0616904
0.0630594
0.0644572
0.0658704
0.0673324
0.0688108
0.07031
0.0718564
0.073439
0.0750303
0.0766659
0.0783007
0.0798647
0.00201117
0.00156045
0.00171656
0.00128798
0.00018538
-0.00052026
-0.000257897
0.000646021
0.0016471
0.00247069
0.00302509
0.003397
0.00381998
0.00444916
0.00515393
0.0057072
0.00617627
0.0067161
0.00725852
0.00777402
0.00832493
0.00887378
0.00941407
0.00998618
0.010562
0.0111171
0.0116804
0.0122652
0.0128403
0.0133789
0.0139135
0.0144506
0.0149477
0.0154351
0.0159545
0.0164829
0.0170127
0.0175586
0.0181162
0.018677
0.0192482
0.0198393
0.0204476
0.0210749
0.021706
0.0223527
0.0230072
0.0235819
0.0240598
0.0246198
0.0253552
0.0261387
0.0268903
0.0276378
0.0283625
0.0290661
0.0297811
0.030519
0.0312895
0.0320997
0.0329063
0.0337095
0.0345387
0.0353927
0.0362495
0.0371335
0.0380463
0.0389634
0.0398931
0.0408516
0.0418327
0.0428353
0.0438575
0.0448926
0.0459607
0.0470539
0.0481742
0.0492818
0.0504153
0.0515613
0.0527583
0.0539761
0.0552148
0.0564702
0.0577272
0.0590298
0.0603409
0.061691
0.0630599
0.0644578
0.0658711
0.0673329
0.0688114
0.0703106
0.0718572
0.0734391
0.0750311
0.0766664
0.0783005
0.0798683
0.00208572
0.00163388
0.00175317
0.00146037
0.000505695
-0.000212206
-6.49492e-05
0.000745044
0.00170802
0.00252671
0.00308426
0.00345699
0.00388404
0.0045149
0.00520785
0.00574205
0.00619987
0.00674147
0.00729133
0.00780691
0.00834887
0.00889215
0.00943445
0.0100066
0.0105764
0.0111263
0.0116895
0.0122749
0.0128465
0.0133801
0.0139129
0.0144528
0.0149538
0.0154412
0.0159579
0.0164864
0.0170186
0.0175651
0.0181209
0.0186805
0.0192526
0.0198446
0.0204518
0.0210771
0.0217069
0.0223518
0.0230037
0.0235806
0.0240674
0.0246326
0.025364
0.0261418
0.026891
0.0276377
0.028362
0.0290667
0.0297834
0.0305223
0.0312922
0.0321013
0.0329076
0.0337112
0.0345406
0.0353945
0.0362514
0.0371354
0.0380478
0.0389649
0.039895
0.0408535
0.0418344
0.0428367
0.0438588
0.0448941
0.0459621
0.0470546
0.0481744
0.0492821
0.0504162
0.0515625
0.0527593
0.0539766
0.0552149
0.0564703
0.0577277
0.0590303
0.0603415
0.0616916
0.0630604
0.0644583
0.0658719
0.0673335
0.068812
0.0703113
0.071858
0.0734392
0.0750318
0.0766671
0.0783005
0.0798721
0.00214722
0.00171988
0.00180525
0.00161262
0.000808379
0.000101841
0.000142453
0.000856803
0.00177815
0.00258622
0.00314274
0.00351649
0.00394967
0.00458407
0.0052658
0.00577994
0.00622519
0.00676806
0.00732548
0.0078413
0.00837404
0.00891136
0.00945565
0.0100281
0.0105918
0.011136
0.011699
0.0122851
0.0128533
0.0133817
0.0139126
0.0144555
0.0149604
0.0154476
0.0159615
0.0164901
0.017025
0.017572
0.0181258
0.0186842
0.0192572
0.0198501
0.0204561
0.0210793
0.0217079
0.0223511
0.0230004
0.0235796
0.0240755
0.024646
0.0253735
0.0261451
0.0268917
0.0276375
0.0283616
0.0290673
0.0297859
0.0305256
0.031295
0.032103
0.0329089
0.033713
0.0345427
0.0353964
0.0362534
0.0371374
0.0380494
0.0389664
0.0398969
0.0408555
0.0418363
0.0428382
0.0438602
0.0448956
0.0459635
0.0470554
0.0481746
0.0492825
0.0504172
0.0515637
0.0527603
0.0539771
0.0552151
0.0564705
0.0577282
0.0590309
0.0603421
0.0616922
0.0630609
0.0644589
0.0658726
0.0673341
0.0688126
0.070312
0.0718588
0.0734393
0.0750325
0.0766678
0.0783005
0.0798758
0.00219612
0.00180922
0.00187669
0.00175062
0.00108934
0.000418953
0.000364618
0.000980736
0.0018583
0.00265151
0.00320134
0.00357475
0.00401591
0.00465632
0.00532808
0.00582142
0.00625249
0.00679588
0.00736097
0.00787721
0.00840056
0.00893153
0.00947776
0.0100506
0.0106081
0.0111464
0.0117092
0.0122959
0.0128606
0.0133837
0.0139127
0.0144585
0.0149673
0.0154544
0.0159654
0.0164941
0.0170318
0.0175792
0.018131
0.018688
0.019262
0.0198558
0.0204606
0.0210816
0.021709
0.0223505
0.0229974
0.0235788
0.0240838
0.0246597
0.0253832
0.0261485
0.0268924
0.0276374
0.0283613
0.0290681
0.0297884
0.030529
0.0312978
0.0321047
0.0329103
0.0337149
0.0345448
0.0353984
0.0362555
0.0371394
0.0380511
0.0389681
0.0398989
0.0408576
0.0418382
0.0428398
0.0438617
0.0448972
0.045965
0.0470562
0.0481748
0.049283
0.0504183
0.051565
0.0527613
0.0539776
0.0552153
0.0564706
0.0577288
0.0590315
0.0603427
0.0616928
0.0630615
0.0644596
0.0658734
0.0673347
0.0688133
0.0703127
0.0718597
0.0734394
0.0750332
0.0766686
0.0783006
0.0798796
0.00223876
0.00189116
0.00196655
0.0018833
0.00134611
0.000734886
0.000602276
0.00111607
0.00194831
0.00272493
0.00326165
0.00363132
0.00408176
0.00473117
0.00539484
0.00586701
0.00628209
0.00682495
0.00739787
0.00791476
0.00842847
0.00895274
0.00950083
0.0100742
0.0106254
0.0111576
0.0117198
0.0123074
0.0128686
0.0133863
0.0139132
0.0144619
0.0149747
0.0154615
0.0159695
0.0164984
0.0170389
0.0175869
0.0181364
0.018692
0.0192669
0.0198617
0.0204652
0.0210839
0.0217101
0.0223502
0.0229947
0.0235783
0.0240921
0.0246734
0.0253929
0.0261521
0.0268933
0.0276373
0.028361
0.0290689
0.0297909
0.0305325
0.0313008
0.0321065
0.0329118
0.0337169
0.0345471
0.0354004
0.0362577
0.0371416
0.0380529
0.0389698
0.0399009
0.0408598
0.0418402
0.0428415
0.0438632
0.0448989
0.0459666
0.0470571
0.0481752
0.0492835
0.0504194
0.0515664
0.0527624
0.0539782
0.0552156
0.0564708
0.0577294
0.0590321
0.0603434
0.0616935
0.0630621
0.0644603
0.0658743
0.0673353
0.068814
0.0703135
0.0718606
0.0734396
0.0750339
0.0766695
0.0783009
0.0798835
0.00228645
0.00195685
0.0020678
0.00202139
0.00157927
0.00104325
0.000855731
0.00126303
0.00204734
0.00280821
0.0033259
0.00368613
0.00414624
0.00480795
0.00546594
0.00591709
0.00631454
0.00685544
0.00743619
0.00795407
0.00845784
0.00897501
0.00952493
0.010099
0.0106438
0.0111695
0.0117311
0.0123195
0.0128772
0.0133893
0.0139141
0.0144657
0.0149826
0.015469
0.0159738
0.0165028
0.0170463
0.017595
0.0181422
0.0186962
0.019272
0.0198679
0.0204701
0.0210863
0.0217112
0.0223501
0.0229923
0.023578
0.0241004
0.024687
0.0254027
0.0261559
0.0268944
0.0276373
0.0283608
0.0290698
0.0297936
0.030536
0.0313038
0.0321085
0.0329134
0.033719
0.0345494
0.0354026
0.0362599
0.0371439
0.0380547
0.0389716
0.0399031
0.0408621
0.0418423
0.0428432
0.0438648
0.0449006
0.0459682
0.047058
0.0481756
0.0492841
0.0504206
0.0515678
0.0527635
0.0539788
0.0552158
0.056471
0.05773
0.0590327
0.0603441
0.0616942
0.0630627
0.064461
0.0658751
0.067336
0.0688147
0.0703143
0.0718615
0.0734398
0.0750346
0.0766706
0.0783012
0.0798874
0.00235296
0.00200521
0.00216918
0.00217358
0.00179361
0.00133643
0.00112348
0.0014236
0.00215381
0.00290198
0.00339699
0.00373992
0.00420834
0.00488571
0.00554105
0.0059719
0.00635051
0.00688768
0.00747584
0.00799516
0.00848878
0.00899832
0.00955008
0.0101251
0.0106635
0.0111822
0.0117431
0.0123323
0.0128866
0.013393
0.0139155
0.01447
0.0149908
0.0154769
0.0159783
0.0165075
0.0170541
0.0176035
0.0181482
0.0187004
0.0192773
0.0198743
0.0204751
0.0210888
0.0217125
0.0223502
0.0229902
0.0235779
0.0241087
0.0247004
0.0254125
0.0261598
0.0268956
0.0276374
0.0283607
0.0290708
0.0297962
0.0305395
0.0313069
0.0321105
0.0329151
0.0337212
0.0345519
0.0354048
0.0362623
0.0371462
0.0380566
0.0389735
0.0399053
0.0408645
0.0418445
0.0428451
0.0438665
0.0449024
0.0459699
0.047059
0.048176
0.0492847
0.0504218
0.0515692
0.0527646
0.0539794
0.0552161
0.0564713
0.0577307
0.0590334
0.0603448
0.061695
0.0630633
0.0644617
0.0658761
0.0673367
0.0688154
0.0703151
0.0718624
0.07344
0.0750353
0.0766717
0.0783017
0.0798914
0.00245086
0.00204614
0.0022569
0.00234212
0.00199895
0.00160764
0.00140076
0.0016013
0.00226614
0.00300529
0.00347818
0.00379439
0.00426714
0.00496337
0.00561983
0.00603158
0.00639038
0.0069221
0.00751685
0.00803806
0.00852156
0.00902275
0.00957622
0.0101525
0.0106844
0.0111959
0.0117557
0.0123458
0.0128967
0.0133973
0.0139174
0.0144748
0.0149996
0.0154851
0.0159831
0.0165123
0.0170623
0.0176124
0.0181544
0.0187049
0.0192828
0.0198811
0.0204805
0.0210913
0.0217138
0.0223505
0.0229885
0.023578
0.0241169
0.0247137
0.0254222
0.0261639
0.0268971
0.0276377
0.0283607
0.029072
0.0297989
0.0305431
0.0313101
0.0321127
0.0329169
0.0337236
0.0345544
0.0354071
0.0362647
0.0371487
0.0380587
0.0389754
0.0399077
0.040867
0.0418468
0.042847
0.0438683
0.0449042
0.0459716
0.0470601
0.0481765
0.0492854
0.050423
0.0515706
0.0527658
0.0539801
0.0552165
0.0564715
0.0577314
0.0590342
0.0603455
0.0616958
0.063064
0.0644625
0.065877
0.0673374
0.0688162
0.070316
0.0718634
0.0734402
0.075036
0.076673
0.0783023
0.0798954
0.00258435
0.00209669
0.00231903
0.00251923
0.00220904
0.0018541
0.00167873
0.0017997
0.00238465
0.00311572
0.00357204
0.0038523
0.00432218
0.00503979
0.00570179
0.00609609
0.0064343
0.00695912
0.00755951
0.00808275
0.00855632
0.00904846
0.00960324
0.0101812
0.0107067
0.0112106
0.0117691
0.0123601
0.0129077
0.0134023
0.0139199
0.01448
0.0150089
0.0154938
0.0159881
0.0165174
0.0170708
0.0176217
0.018161
0.0187094
0.0192885
0.0198881
0.020486
0.0210939
0.0217151
0.0223512
0.0229872
0.0235784
0.0241251
0.0247269
0.025432
0.0261681
0.0268987
0.0276381
0.0283608
0.0290733
0.0298017
0.0305467
0.0313134
0.032115
0.0329188
0.033726
0.0345571
0.0354095
0.0362672
0.0371512
0.0380608
0.0389775
0.0399102
0.0408696
0.0418491
0.042849
0.0438701
0.0449062
0.0459734
0.0470612
0.0481771
0.0492861
0.0504243
0.0515721
0.052767
0.0539808
0.0552168
0.0564718
0.0577321
0.0590349
0.0603462
0.0616966
0.0630646
0.0644633
0.065878
0.0673381
0.068817
0.0703169
0.0718644
0.0734405
0.0750366
0.0766743
0.0783031
0.0798994
0.00274339
0.00217846
0.00235396
0.00268912
0.00243718
0.0020809
0.00194579
0.00201985
0.00251289
0.00322977
0.00367932
0.00391747
0.00437373
0.00511366
0.00578632
0.00616531
0.00648241
0.00699901
0.00760429
0.00812936
0.00859301
0.00907562
0.00963117
0.0102111
0.0107305
0.0112264
0.0117832
0.0123753
0.0129196
0.0134082
0.013923
0.0144858
0.0150187
0.015503
0.0159934
0.0165228
0.0170797
0.0176315
0.018168
0.0187142
0.0192944
0.0198954
0.0204918
0.0210967
0.0217166
0.0223521
0.0229863
0.023579
0.0241332
0.0247398
0.0254416
0.0261725
0.0269005
0.0276387
0.0283611
0.0290747
0.0298046
0.0305504
0.0313168
0.0321174
0.0329208
0.0337286
0.0345598
0.035412
0.0362699
0.0371539
0.038063
0.0389797
0.0399127
0.0408723
0.0418515
0.0428511
0.043872
0.0449082
0.0459752
0.0470623
0.0481777
0.0492869
0.0504256
0.0515737
0.0527683
0.0539815
0.0552172
0.0564721
0.0577329
0.0590357
0.060347
0.0616975
0.0630653
0.0644641
0.0658791
0.0673389
0.0688179
0.0703179
0.0718654
0.0734408
0.0750373
0.0766758
0.078304
0.0799034
0.0029077
0.00231109
0.00237666
0.00283216
0.00268741
0.0023004
0.0021906
0.00225721
0.00265731
0.0033441
0.00379812
0.0039947
0.00442329
0.0051833
0.00587266
0.00623914
0.00653481
0.00704179
0.00765148
0.00817835
0.00863169
0.00910428
0.00966012
0.0102422
0.0107559
0.0112435
0.0117982
0.0123913
0.0129324
0.0134148
0.0139267
0.0144922
0.0150291
0.0155127
0.0159991
0.0165284
0.017089
0.0176418
0.0181752
0.0187192
0.0193004
0.0199031
0.0204979
0.0210995
0.0217182
0.0223533
0.0229859
0.02358
0.0241412
0.0247526
0.0254513
0.026177
0.0269026
0.0276394
0.0283616
0.0290762
0.0298075
0.0305541
0.0313203
0.0321199
0.0329229
0.0337312
0.0345627
0.0354146
0.0362726
0.0371567
0.0380654
0.0389819
0.0399154
0.0408751
0.041854
0.0428532
0.043874
0.0449102
0.0459772
0.0470635
0.0481784
0.0492877
0.050427
0.0515753
0.0527696
0.0539823
0.0552177
0.0564724
0.0577337
0.0590365
0.0603478
0.0616984
0.0630661
0.064465
0.0658802
0.0673397
0.0688187
0.0703189
0.0718664
0.0734412
0.0750379
0.0766774
0.0783052
0.0799075
0.00305011
0.00249855
0.002412
0.00293114
0.00294786
0.00253068
0.00240814
0.00250062
0.00282468
0.00345866
0.00392399
0.00408813
0.00447407
0.00524708
0.00595984
0.00631758
0.00659147
0.00708746
0.00770107
0.00823023
0.00867274
0.00913434
0.00969017
0.0102744
0.0107829
0.0112619
0.011814
0.0124082
0.0129462
0.0134225
0.0139312
0.0144991
0.0150402
0.0155229
0.0160051
0.0165342
0.0170987
0.0176526
0.0181829
0.0187243
0.0193067
0.0199111
0.0205043
0.0211025
0.0217199
0.0223548
0.0229859
0.0235812
0.0241492
0.0247652
0.0254609
0.0261817
0.0269049
0.0276404
0.0283622
0.0290779
0.0298105
0.0305578
0.031324
0.0321226
0.0329252
0.033734
0.0345657
0.0354173
0.0362754
0.0371596
0.0380678
0.0389843
0.0399182
0.0408779
0.0418567
0.0428555
0.0438761
0.0449124
0.0459791
0.0470648
0.0481792
0.0492886
0.0504284
0.0515769
0.0527709
0.0539831
0.0552181
0.0564728
0.0577345
0.0590373
0.0603486
0.0616994
0.0630668
0.0644659
0.0658813
0.0673406
0.0688196
0.07032
0.0718674
0.0734416
0.0750385
0.0766792
0.0783065
0.0799116
0.00314442
0.0027226
0.00249068
0.00298534
0.00319599
0.00278916
0.00260613
0.00273455
0.00301795
0.00357876
0.00405115
0.00419924
0.00453122
0.00530406
0.00604613
0.00640088
0.00665228
0.0071359
0.00775294
0.0082853
0.00871692
0.00916588
0.0097211
0.010308
0.0108114
0.0112819
0.0118309
0.0124259
0.0129612
0.0134311
0.0139364
0.0145067
0.0150519
0.0155338
0.0160115
0.0165403
0.0171088
0.0176639
0.018191
0.0187297
0.0193132
0.0199194
0.020511
0.0211056
0.0217217
0.0223568
0.0229864
0.0235827
0.0241572
0.0247776
0.0254704
0.0261866
0.0269075
0.0276416
0.028363
0.0290797
0.0298136
0.0305617
0.0313277
0.0321254
0.0329276
0.033737
0.0345688
0.03542
0.0362784
0.0371626
0.0380703
0.0389868
0.0399211
0.0408809
0.0418593
0.0428578
0.0438783
0.0449146
0.0459812
0.0470661
0.04818
0.0492895
0.0504299
0.0515786
0.0527723
0.053984
0.0552186
0.0564731
0.0577354
0.0590382
0.0603494
0.0617004
0.0630676
0.0644668
0.0658825
0.0673414
0.0688206
0.0703211
0.0718685
0.0734421
0.0750392
0.076681
0.078308
0.0799157
0.00317916
0.00295265
0.0026371
0.00301718
0.00340405
0.00307814
0.00280214
0.00294462
0.00323125
0.00371361
0.00417477
0.00432521
0.00460135
0.00535507
0.00612862
0.00648934
0.00671751
0.00718677
0.00780702
0.0083435
0.00876495
0.00919942
0.00975251
0.0103428
0.0108417
0.0113034
0.0118488
0.0124445
0.0129774
0.013441
0.0139424
0.0145149
0.0150643
0.0155454
0.0160183
0.0165467
0.0171193
0.0176758
0.0181995
0.0187353
0.0193199
0.019928
0.0205181
0.021109
0.0217237
0.0223591
0.0229875
0.0235845
0.0241651
0.0247898
0.0254799
0.0261916
0.0269103
0.027643
0.028364
0.0290818
0.0298168
0.0305656
0.0313316
0.0321283
0.0329301
0.0337401
0.0345721
0.0354229
0.0362814
0.0371658
0.038073
0.0389894
0.0399241
0.040884
0.0418621
0.0428603
0.0438806
0.0449169
0.0459833
0.0470676
0.0481809
0.0492905
0.0504314
0.0515803
0.0527737
0.0539849
0.0552192
0.0564736
0.0577364
0.0590391
0.0603503
0.0617015
0.0630685
0.0644678
0.0658837
0.0673424
0.0688215
0.0703223
0.0718695
0.0734426
0.0750398
0.076683
0.0783098
0.0799198
0.0031627
0.00315141
0.0028522
0.00306057
0.00355058
0.00337741
0.00302019
0.0031281
0.00345006
0.00387143
0.00429527
0.0044596
0.00469027
0.00540404
0.00620389
0.00658245
0.00678823
0.00723934
0.00786301
0.00840486
0.00881711
0.00923585
0.00978438
0.0103785
0.0108742
0.0113265
0.0118678
0.0124642
0.0129947
0.0134522
0.0139494
0.0145237
0.0150774
0.0155577
0.0160257
0.0165534
0.0171302
0.0176883
0.0182085
0.0187411
0.0193268
0.019937
0.0205256
0.0211125
0.0217258
0.0223617
0.022989
0.0235867
0.0241729
0.0248019
0.0254894
0.0261968
0.0269133
0.0276446
0.0283652
0.029084
0.0298201
0.0305695
0.0313355
0.0321314
0.0329328
0.0337433
0.0345754
0.0354259
0.0362846
0.0371691
0.0380758
0.0389921
0.0399272
0.0408872
0.041865
0.0428628
0.043883
0.0449192
0.0459854
0.0470691
0.0481819
0.0492915
0.0504329
0.0515821
0.0527751
0.0539859
0.0552198
0.056474
0.0577373
0.05904
0.0603512
0.0617027
0.0630693
0.0644688
0.065885
0.0673433
0.0688225
0.0703235
0.0718706
0.0734432
0.0750405
0.076685
0.0783118
0.079924
0.00311486
0.00328953
0.0031123
0.00315597
0.00364011
0.00365616
0.00327784
0.00329986
0.00365598
0.00405346
0.0044206
0.00459516
0.0047997
0.00545767
0.00626927
0.00667791
0.00686636
0.00729322
0.00791999
0.00846973
0.00887349
0.00927582
0.00981729
0.0104145
0.0109087
0.0113517
0.0118879
0.0124848
0.0130132
0.0134648
0.0139575
0.0145331
0.0150913
0.015571
0.0160337
0.0165604
0.0171415
0.0177014
0.018218
0.0187472
0.0193339
0.0199464
0.0205335
0.0211163
0.0217281
0.0223649
0.0229912
0.0235892
0.0241807
0.0248137
0.0254988
0.0262022
0.0269167
0.0276465
0.0283666
0.0290864
0.0298234
0.0305735
0.0313396
0.0321346
0.0329356
0.0337466
0.034579
0.035429
0.0362878
0.0371725
0.0380787
0.0389949
0.0399305
0.0408905
0.041868
0.0428654
0.0438855
0.0449217
0.0459877
0.0470706
0.048183
0.0492927
0.0504345
0.0515839
0.0527766
0.0539869
0.0552205
0.0564745
0.0577384
0.059041
0.0603521
0.0617039
0.0630702
0.0644698
0.0658864
0.0673443
0.0688236
0.0703249
0.0718716
0.0734439
0.0750412
0.0766872
0.078314
0.0799282
0.0030566
0.00335731
0.00338345
0.00333024
0.00370251
0.00387967
0.00356659
0.00348437
0.00383727
0.00424881
0.00456107
0.00472744
0.00492542
0.00552417
0.00632523
0.00677142
0.00695366
0.00734935
0.00797606
0.00853813
0.00893468
0.00931936
0.00985198
0.0104508
0.0109447
0.0113793
0.0119092
0.0125064
0.0130332
0.0134788
0.0139668
0.0145432
0.0151058
0.0155853
0.0160423
0.0165676
0.0171532
0.0177152
0.0182281
0.0187536
0.0193412
0.0199561
0.0205418
0.0211203
0.0217306
0.0223684
0.022994
0.0235921
0.0241885
0.0248255
0.0255082
0.0262077
0.0269203
0.0276486
0.0283683
0.029089
0.0298269
0.0305777
0.0313439
0.032138
0.0329385
0.0337502
0.0345826
0.0354321
0.0362912
0.0371761
0.0380817
0.0389979
0.0399339
0.0408939
0.0418711
0.0428682
0.0438881
0.0449242
0.04599
0.0470723
0.0481842
0.0492938
0.0504362
0.0515858
0.0527781
0.053988
0.0552212
0.056475
0.0577394
0.059042
0.0603531
0.0617052
0.0630711
0.0644709
0.0658878
0.0673453
0.0688247
0.0703263
0.0718727
0.0734447
0.075042
0.0766894
0.0783164
0.0799324
0.0030085
0.00336086
0.0036272
0.00358062
0.00377963
0.00403076
0.00385631
0.00370784
0.00400237
0.00443969
0.00472207
0.00485972
0.00506011
0.00560987
0.00637671
0.0068578
0.00705016
0.00741064
0.00802913
0.0086088
0.00900205
0.00936661
0.00988862
0.0104879
0.0109818
0.0114093
0.0119321
0.0125287
0.0130546
0.0134944
0.0139772
0.0145541
0.015121
0.0156005
0.0160519
0.0165752
0.0171653
0.0177296
0.0182389
0.0187604
0.0193487
0.0199662
0.0205506
0.0211246
0.0217333
0.0223724
0.0229974
0.0235953
0.0241963
0.024837
0.0255175
0.0262134
0.0269242
0.027651
0.0283702
0.0290918
0.0298306
0.0305818
0.0313483
0.0321416
0.0329416
0.0337539
0.0345864
0.0354355
0.0362948
0.0371798
0.0380849
0.039001
0.0399374
0.0408974
0.0418743
0.042871
0.0438908
0.0449269
0.0459924
0.047074
0.0481855
0.0492951
0.0504379
0.0515877
0.0527797
0.0539892
0.055222
0.0564756
0.0577406
0.0590431
0.060354
0.0617066
0.0630721
0.064472
0.0658892
0.0673464
0.0688258
0.0703277
0.0718737
0.0734456
0.0750428
0.0766918
0.0783192
0.0799367
0.00299323
0.00331469
0.00381182
0.00388086
0.0039163
0.00412722
0.00410817
0.00397442
0.00417438
0.0046104
0.00489683
0.00500112
0.00519728
0.00571542
0.00643184
0.00693343
0.00715307
0.00748111
0.00807849
0.00867867
0.00907675
0.00941881
0.00992657
0.0105265
0.0110203
0.0114414
0.011957
0.0125518
0.0130772
0.0135119
0.0139889
0.0145659
0.015137
0.0156167
0.0160623
0.0165832
0.0171776
0.0177447
0.0182503
0.0187675
0.0193564
0.0199767
0.02056
0.0211293
0.0217362
0.0223769
0.0230015
0.0235989
0.0242041
0.0248485
0.0255269
0.0262192
0.0269284
0.0276538
0.0283723
0.0290949
0.0298343
0.0305861
0.0313528
0.0321453
0.0329448
0.0337577
0.0345904
0.0354389
0.0362984
0.0371837
0.0380882
0.0390042
0.0399411
0.0409011
0.0418776
0.042874
0.0438936
0.0449296
0.0459948
0.0470758
0.0481868
0.0492964
0.0504396
0.0515897
0.0527813
0.0539904
0.0552228
0.0564762
0.0577418
0.0590442
0.060355
0.061708
0.063073
0.0644732
0.0658907
0.0673475
0.0688269
0.0703293
0.0718748
0.0734465
0.0750437
0.0766942
0.0783221
0.0799411
0.00303586
0.00324112
0.00392005
0.00419499
0.00413679
0.00420638
0.00429047
0.00425738
0.00438167
0.00476406
0.00506942
0.00515739
0.00533608
0.00583593
0.00649933
0.00699876
0.00725663
0.00756428
0.00812645
0.00874355
0.00915819
0.00947861
0.0099654
0.0105659
0.0110612
0.0114752
0.0119838
0.0125763
0.0131009
0.0135314
0.0140022
0.0145782
0.0151539
0.0156341
0.0160738
0.0165917
0.0171903
0.0177605
0.0182625
0.018775
0.0193643
0.0199876
0.0205699
0.0211344
0.0217394
0.0223818
0.0230063
0.023603
0.0242118
0.0248598
0.0255363
0.0262253
0.0269329
0.0276568
0.0283748
0.0290981
0.0298382
0.0305905
0.0313575
0.0321492
0.0329482
0.0337618
0.0345945
0.0354424
0.0363022
0.0371877
0.0380917
0.0390076
0.0399449
0.0409049
0.041881
0.042877
0.0438965
0.0449324
0.0459974
0.0470778
0.0481883
0.0492978
0.0504414
0.0515917
0.052783
0.0539916
0.0552237
0.0564768
0.057743
0.0590453
0.0603561
0.0617095
0.0630741
0.0644744
0.0658923
0.0673487
0.0688281
0.0703309
0.0718758
0.0734475
0.0750448
0.0766967
0.0783254
0.0799456
0.00315744
0.0031701
0.00395098
0.00448173
0.00443337
0.00431851
0.00440543
0.00451805
0.00463685
0.00492278
0.00522376
0.00532342
0.00548173
0.00596597
0.0065844
0.00705894
0.00735451
0.00766121
0.0081783
0.00879984
0.00924302
0.00954894
0.0100064
0.0106044
0.0111051
0.0115118
0.0120118
0.0126022
0.0131259
0.0135527
0.0140174
0.0145913
0.0151714
0.0156529
0.0160862
0.0166007
0.0172033
0.0177769
0.0182756
0.0187829
0.0193724
0.0199988
0.0205805
0.0211399
0.0217427
0.0223873
0.0230117
0.0236074
0.0242196
0.0248711
0.0255457
0.0262315
0.0269377
0.0276601
0.0283775
0.0291017
0.0298422
0.030595
0.0313623
0.0321532
0.0329518
0.033766
0.0345988
0.0354461
0.0363061
0.0371919
0.0380953
0.0390111
0.0399488
0.0409088
0.0418845
0.0428802
0.0438995
0.0449353
0.046
0.0470798
0.0481899
0.0492993
0.0504433
0.0515938
0.0527848
0.053993
0.0552247
0.0564775
0.0577443
0.0590465
0.0603572
0.061711
0.0630751
0.0644757
0.065894
0.0673499
0.0688293
0.0703326
0.0718769
0.0734486
0.0750459
0.0766993
0.0783289
0.0799501
0.003365
0.00313645
0.00392103
0.00470501
0.00477639
0.00450665
0.00448532
0.00471673
0.00491833
0.00511589
0.00536147
0.00548428
0.00563735
0.00610373
0.00668728
0.00712147
0.0074422
0.00776884
0.00824042
0.00884706
0.0093257
0.00963121
0.010053
0.0106405
0.0111507
0.0115528
0.0120412
0.0126289
0.0131526
0.0135758
0.0140345
0.0146053
0.0151894
0.015673
0.0161001
0.0166101
0.0172167
0.0177941
0.0182895
0.0187914
0.0193806
0.0200105
0.0205917
0.0211459
0.0217464
0.0223932
0.023018
0.0236124
0.0242273
0.0248823
0.0255551
0.0262379
0.0269428
0.0276638
0.0283806
0.0291055
0.0298464
0.0305996
0.0313673
0.0321575
0.0329555
0.0337704
0.0346032
0.0354499
0.0363102
0.0371962
0.038099
0.0390148
0.0399529
0.0409128
0.0418881
0.0428835
0.0439027
0.0449383
0.0460028
0.0470819
0.0481915
0.0493009
0.0504452
0.051596
0.0527865
0.0539944
0.0552258
0.0564783
0.0577456
0.0590477
0.0603583
0.0617127
0.0630762
0.064477
0.0658957
0.0673511
0.0688306
0.0703345
0.0718779
0.0734499
0.0750472
0.076702
0.0783326
0.0799548
0.00364682
0.00317233
0.00386055
0.00484414
0.00512726
0.00478409
0.00457619
0.00484078
0.00518877
0.005362
0.00550498
0.00562433
0.00579616
0.00625145
0.00680673
0.00719317
0.00751876
0.00788051
0.00831845
0.00888928
0.00939995
0.00972334
0.0101098
0.0106745
0.0111955
0.0115993
0.0120736
0.0126555
0.0131808
0.0136012
0.0140536
0.0146206
0.0152078
0.0156944
0.0161156
0.0166199
0.0172302
0.0178122
0.0183045
0.0188004
0.019389
0.0200225
0.0206037
0.0211525
0.0217502
0.0223995
0.023025
0.0236178
0.0242351
0.0248934
0.0255646
0.0262445
0.0269482
0.0276678
0.0283839
0.0291095
0.0298508
0.0306044
0.0313725
0.0321619
0.0329594
0.0337749
0.0346079
0.0354538
0.0363144
0.0372007
0.0381029
0.0390186
0.0399572
0.040917
0.0418919
0.0428869
0.043906
0.0449414
0.0460056
0.0470842
0.0481933
0.0493026
0.0504472
0.0515981
0.0527884
0.0539958
0.0552269
0.0564791
0.057747
0.059049
0.0603595
0.0617144
0.0630774
0.0644783
0.0658975
0.0673525
0.0688318
0.0703364
0.071879
0.0734511
0.0750487
0.0767047
0.0783366
0.0799596
0.00397988
0.00329647
0.00380604
0.00489913
0.00544217
0.00513367
0.00472658
0.00491371
0.00540526
0.00564499
0.00568553
0.00574616
0.00594175
0.00640811
0.00694414
0.00727922
0.00758666
0.00798862
0.00841482
0.00893383
0.00946107
0.00981997
0.0101804
0.0107096
0.0112365
0.0116502
0.0121113
0.0126821
0.0132093
0.0136294
0.0140749
0.014637
0.0152269
0.0157169
0.0161329
0.0166306
0.0172438
0.0178312
0.0183206
0.01881
0.0193975
0.0200348
0.0206166
0.0211598
0.0217543
0.0224063
0.0230329
0.0236238
0.0242429
0.0249044
0.0255742
0.0262513
0.0269539
0.0276722
0.0283876
0.0291139
0.0298554
0.0306093
0.0313779
0.0321665
0.0329635
0.0337797
0.0346127
0.0354579
0.0363188
0.0372054
0.038107
0.0390226
0.0399616
0.0409213
0.0418957
0.0428904
0.0439094
0.0449447
0.0460085
0.0470865
0.0481952
0.0493044
0.0504493
0.0516004
0.0527903
0.0539974
0.0552281
0.05648
0.0577485
0.0590503
0.0603607
0.0617162
0.0630786
0.0644797
0.0658993
0.0673539
0.0688331
0.0703384
0.07188
0.0734525
0.0750504
0.0767075
0.0783408
0.0799645
0.00433803
0.00351065
0.00379343
0.00489216
0.00568394
0.0055211
0.00496586
0.00497498
0.00554399
0.00592935
0.0059258
0.00587368
0.00605795
0.00656225
0.0071021
0.00738519
0.00765027
0.00808615
0.00852711
0.00898963
0.00950863
0.00991373
0.0102661
0.0107507
0.0112724
0.0117023
0.0121563
0.0127106
0.0132368
0.01366
0.0140992
0.0146544
0.0152465
0.0157405
0.0161519
0.0166424
0.0172573
0.0178507
0.0183382
0.0188203
0.0194061
0.0200474
0.0206302
0.0211679
0.0217587
0.0224135
0.0230415
0.0236303
0.0242508
0.0249155
0.0255839
0.0262583
0.0269599
0.027677
0.0283916
0.0291185
0.0298602
0.0306143
0.0313834
0.0321714
0.0329678
0.0337847
0.0346176
0.0354622
0.0363233
0.0372103
0.0381112
0.0390267
0.0399661
0.0409257
0.0418997
0.0428941
0.043913
0.044948
0.0460115
0.047089
0.0481972
0.0493063
0.0504514
0.0516027
0.0527923
0.053999
0.0552294
0.056481
0.0577501
0.0590517
0.0603619
0.061718
0.0630799
0.0644812
0.0659012
0.0673553
0.0688345
0.0703406
0.0718812
0.073454
0.0750523
0.0767103
0.0783452
0.0799696
0.00469111
0.00380533
0.00384925
0.00485692
0.00583452
0.005902
0.00529422
0.00507232
0.00561667
0.00617188
0.00621441
0.0060403
0.00614806
0.00669327
0.00727699
0.00751908
0.00771618
0.00816784
0.00864823
0.00906519
0.00954756
0.00999655
0.0103642
0.010803
0.0113046
0.0117521
0.0122081
0.0127441
0.013263
0.0136914
0.0141275
0.0146735
0.0152664
0.0157655
0.0161727
0.0166553
0.0172711
0.0178706
0.0183572
0.0188317
0.0194147
0.0200602
0.0206448
0.0211769
0.0217635
0.0224211
0.0230509
0.0236374
0.0242587
0.0249265
0.0255937
0.0262655
0.0269663
0.0276821
0.028396
0.0291234
0.0298652
0.0306195
0.0313892
0.0321764
0.0329722
0.0337898
0.0346228
0.0354665
0.036328
0.0372154
0.0381156
0.039031
0.0399708
0.0409303
0.0419038
0.0428978
0.0439167
0.0449514
0.0460147
0.0470915
0.0481994
0.0493083
0.0504536
0.051605
0.0527943
0.0540007
0.0552307
0.056482
0.0577517
0.0590531
0.0603633
0.0617199
0.0630812
0.0644827
0.0659032
0.0673569
0.0688358
0.0703428
0.0718823
0.0734555
0.0750544
0.0767132
0.0783499
0.0799749
0.0050029
0.00416261
0.00398641
0.00483027
0.00590177
0.00623038
0.00568483
0.00524455
0.0056568
0.00634157
0.00651741
0.00627298
0.00623816
0.00678158
0.00745263
0.00768858
0.00779504
0.00823111
0.00876783
0.00916554
0.00958729
0.0100622
0.0104688
0.0108709
0.0113365
0.011797
0.0122642
0.0127848
0.0132897
0.0137218
0.0141593
0.0146955
0.0152862
0.0157915
0.0161956
0.0166692
0.017285
0.0178911
0.0183775
0.0188444
0.0194234
0.020073
0.0206603
0.021187
0.0217686
0.022429
0.0230612
0.0236452
0.0242668
0.0249377
0.0256037
0.0262728
0.0269729
0.0276877
0.0284007
0.0291286
0.0298704
0.0306249
0.0313952
0.0321817
0.0329768
0.0337952
0.0346282
0.0354711
0.0363328
0.0372206
0.0381202
0.0390355
0.0399757
0.040935
0.041908
0.0429017
0.0439206
0.044955
0.0460179
0.0470942
0.0482016
0.0493105
0.0504559
0.0516074
0.0527964
0.0540024
0.0552322
0.0564831
0.0577534
0.0590546
0.0603646
0.0617219
0.0630825
0.0644842
0.0659052
0.0673585
0.0688372
0.0703452
0.0718835
0.0734571
0.0750568
0.0767162
0.0783547
0.0799804
0.00523591
0.00455236
0.00420648
0.00484347
0.00591438
0.00647576
0.00609734
0.00550764
0.00570719
0.00643817
0.00679249
0.0065661
0.00636509
0.00682795
0.00760201
0.00789256
0.00790233
0.00827843
0.00887385
0.00928929
0.0096403
0.0101092
0.0105708
0.010957
0.0113727
0.0118357
0.0123219
0.0128331
0.0133197
0.0137505
0.0141929
0.0147216
0.0153066
0.0158178
0.0162208
0.0166844
0.017299
0.0179123
0.0183992
0.0188582
0.0194325
0.0200858
0.0206766
0.0211982
0.0217741
0.0224372
0.0230723
0.0236536
0.0242748
0.0249489
0.025614
0.0262804
0.0269799
0.0276937
0.0284059
0.0291342
0.0298759
0.0306304
0.0314014
0.0321872
0.0329816
0.0338007
0.0346337
0.0354758
0.0363379
0.0372261
0.038125
0.0390401
0.0399807
0.0409399
0.0419124
0.0429058
0.0439246
0.0449587
0.0460212
0.047097
0.048204
0.0493127
0.0504583
0.0516099
0.0527986
0.0540043
0.0552337
0.0564843
0.0577551
0.0590562
0.0603661
0.0617239
0.0630839
0.0644859
0.0659072
0.0673603
0.0688386
0.0703476
0.0718848
0.0734587
0.0750594
0.0767193
0.0783596
0.079986
0.00537001
0.00493077
0.00449866
0.00491502
0.00590681
0.00663342
0.00648533
0.00585022
0.00580869
0.00648678
0.00700491
0.00688696
0.00656238
0.00686029
0.00769726
0.00811262
0.00805524
0.00832116
0.00895437
0.00942708
0.00971898
0.0101435
0.0106594
0.0110603
0.0114196
0.0118676
0.0123786
0.0128886
0.0133547
0.0137788
0.0142264
0.0147515
0.0153292
0.0158441
0.0162481
0.0167015
0.0173128
0.017934
0.0184227
0.0188733
0.0194419
0.0200986
0.0206938
0.0212106
0.0217801
0.0224457
0.0230844
0.0236628
0.0242829
0.0249601
0.0256246
0.0262883
0.026987
0.0277001
0.0284114
0.02914
0.0298817
0.0306361
0.0314078
0.032193
0.0329866
0.0338064
0.0346395
0.0354806
0.036343
0.0372318
0.03813
0.0390449
0.0399859
0.0409449
0.0419169
0.0429099
0.0439288
0.0449624
0.0460247
0.0471
0.0482064
0.0493151
0.0504608
0.0516124
0.0528009
0.0540062
0.0552354
0.0564856
0.0577569
0.0590579
0.0603676
0.061726
0.0630854
0.0644876
0.0659093
0.0673622
0.06884
0.0703501
0.0718863
0.0734604
0.0750624
0.0767225
0.0783647
0.0799919
0.0054165
0.00525451
0.00483909
0.0050535
0.00591154
0.00672156
0.00681169
0.0062402
0.00598543
0.00652226
0.00714613
0.00719439
0.00683328
0.00691835
0.00773051
0.00831674
0.00826206
0.0083799
0.0090025
0.00956334
0.00983099
0.010178
0.0107254
0.011174
0.0114849
0.0118939
0.0124306
0.0129512
0.0133956
0.013808
0.0142595
0.0147839
0.015355
0.0158711
0.0162767
0.0167207
0.0173267
0.0179557
0.018448
0.01889
0.0194515
0.0201114
0.0207119
0.0212244
0.0217867
0.0224543
0.0230973
0.023673
0.0242911
0.0249712
0.0256355
0.0262965
0.0269944
0.0277069
0.0284173
0.0291462
0.0298878
0.0306421
0.0314144
0.032199
0.0329918
0.0338123
0.0346456
0.0354857
0.0363484
0.0372376
0.0381351
0.0390499
0.0399912
0.0409501
0.0419215
0.0429142
0.0439332
0.0449664
0.0460283
0.0471031
0.048209
0.0493177
0.0504634
0.051615
0.0528033
0.0540082
0.0552371
0.0564869
0.0577588
0.0590596
0.0603692
0.0617282
0.0630869
0.0644895
0.0659115
0.0673642
0.0688415
0.0703526
0.0718878
0.0734621
0.0750656
0.0767258
0.0783699
0.079998
0.00540556
0.00550025
0.00519433
0.00525808
0.00595232
0.00676769
0.00705891
0.0066371
0.00624084
0.00658132
0.00723209
0.00745246
0.00714875
0.00704215
0.00772718
0.00846809
0.00850806
0.00848084
0.00902406
0.00967854
0.00997382
0.0102294
0.0107665
0.0112856
0.0115752
0.0119202
0.0124724
0.0130208
0.0134443
0.0138378
0.0142928
0.0148177
0.0153835
0.0159001
0.0163063
0.0167416
0.017341
0.0179773
0.0184751
0.0189088
0.0194612
0.020124
0.020731
0.0212397
0.0217938
0.022463
0.0231111
0.0236841
0.0242994
0.0249823
0.0256468
0.0263051
0.0270021
0.027714
0.0284236
0.0291528
0.0298942
0.0306482
0.0314213
0.0322053
0.0329972
0.0338184
0.0346518
0.035491
0.0363538
0.0372437
0.0381406
0.039055
0.0399966
0.0409554
0.0419263
0.0429186
0.0439377
0.0449704
0.046032
0.0471063
0.0482117
0.0493204
0.050466
0.0516176
0.0528058
0.0540102
0.0552389
0.0564884
0.0577607
0.0590614
0.0603709
0.0617304
0.0630885
0.0644914
0.0659136
0.0673663
0.0688431
0.0703552
0.0718896
0.0734639
0.0750691
0.0767293
0.0783751
0.0800042
0.00536679
0.00566774
0.0055296
0.00551503
0.00604326
0.00680267
0.0072312
0.00700083
0.00655779
0.00669083
0.00728869
0.00764731
0.00746966
0.00724598
0.00772858
0.00854583
0.00875904
0.00864502
0.00904118
0.00975466
0.0101329
0.0103139
0.0107915
0.0113802
0.0116901
0.0119574
0.0124988
0.0130931
0.0135052
0.013868
0.0143253
0.0148537
0.0154138
0.0159313
0.0163381
0.0167637
0.0173559
0.0179989
0.0185035
0.0189299
0.0194716
0.020136
0.020751
0.0212567
0.0218014
0.0224716
0.0231258
0.0236963
0.0243079
0.0249933
0.0256583
0.026314
0.0270103
0.0277216
0.0284302
0.0291597
0.029901
0.0306546
0.0314284
0.0322118
0.0330027
0.0338247
0.0346583
0.0354965
0.0363594
0.03725
0.0381462
0.0390604
0.0400022
0.0409608
0.0419312
0.0429231
0.0439423
0.0449745
0.0460359
0.0471096
0.0482145
0.0493233
0.0504688
0.0516203
0.0528084
0.0540124
0.0552409
0.05649
0.0577627
0.0590633
0.0603726
0.0617327
0.0630901
0.0644935
0.0659158
0.0673685
0.0688448
0.0703578
0.0718915
0.0734657
0.0750728
0.076733
0.0783804
0.0800106
0.0053268
0.00577102
0.00581988
0.00580092
0.00618705
0.00685472
0.00734995
0.00730442
0.00690525
0.00686315
0.00734468
0.00778624
0.0077595
0.00751013
0.00777864
0.0085649
0.00897284
0.00886911
0.00908497
0.00978682
0.0102853
0.0104396
0.0108173
0.0114458
0.0118193
0.0120187
0.0125107
0.0131584
0.0135826
0.0139017
0.0143536
0.0148929
0.0154466
0.0159638
0.0163731
0.0167874
0.0173704
0.0180207
0.0185336
0.0189532
0.0194828
0.0201474
0.0207717
0.0212759
0.0218097
0.0224799
0.0231413
0.0237098
0.0243166
0.0250043
0.0256702
0.0263232
0.0270187
0.0277299
0.0284372
0.0291669
0.0299082
0.0306611
0.0314357
0.0322187
0.0330084
0.0338312
0.034665
0.0355022
0.0363652
0.0372564
0.038152
0.0390659
0.0400079
0.0409664
0.0419362
0.0429278
0.0439472
0.0449788
0.0460398
0.047113
0.0482174
0.0493263
0.0504716
0.051623
0.0528111
0.0540146
0.0552429
0.0564917
0.0577648
0.0590653
0.0603745
0.061735
0.0630918
0.0644956
0.065918
0.0673708
0.0688465
0.0703603
0.0718937
0.0734677
0.0750767
0.0767369
0.0783858
0.0800173
0.0053085
0.00583111
0.00605489
0.0060903
0.00637297
0.00693978
0.00744399
0.00754134
0.00724651
0.00709448
0.00742577
0.00788716
0.00799978
0.00780065
0.00790046
0.00856354
0.00911896
0.00912174
0.00918561
0.00979252
0.0104051
0.0105994
0.010865
0.0114813
0.0119458
0.0121135
0.0125186
0.0132049
0.0136758
0.0139477
0.0143739
0.0149324
0.0154845
0.0159964
0.0164106
0.0168145
0.0173843
0.0180417
0.0185657
0.018979
0.0194948
0.0201583
0.0207929
0.0212973
0.0218192
0.0224876
0.0231574
0.0237248
0.0243255
0.0250152
0.0256826
0.0263327
0.0270273
0.0277387
0.0284447
0.0291743
0.0299157
0.030668
0.0314432
0.0322259
0.0330143
0.0338377
0.0346721
0.0355081
0.0363711
0.0372631
0.0381581
0.0390715
0.0400138
0.0409721
0.0419414
0.0429326
0.0439521
0.0449832
0.046044
0.0471166
0.0482205
0.0493295
0.0504746
0.0516258
0.052814
0.0540168
0.055245
0.0564935
0.0577669
0.0590675
0.0603764
0.0617374
0.0630935
0.064498
0.0659202
0.0673732
0.0688485
0.0703628
0.0718961
0.0734698
0.0750808
0.076741
0.0783912
0.080024
0.00532613
0.00587179
0.00623638
0.00636462
0.00658613
0.0070582
0.00753974
0.0077261
0.00755113
0.00736446
0.00754887
0.00797114
0.00819038
0.00808369
0.00808593
0.0085839
0.0091991
0.00936149
0.00935258
0.00980362
0.0104759
0.0107713
0.0109522
0.011499
0.0120514
0.0122396
0.0125392
0.0132244
0.0137735
0.0140168
0.0143884
0.0149651
0.0155303
0.0160314
0.0164483
0.0168459
0.0173987
0.0180607
0.0185995
0.0190082
0.0195075
0.0201683
0.0208147
0.0213209
0.02183
0.0224948
0.0231739
0.0237414
0.0243349
0.0250257
0.0256955
0.0263427
0.027036
0.027748
0.0284528
0.029182
0.0299235
0.0306751
0.0314511
0.0322334
0.0330204
0.0338444
0.0346794
0.0355144
0.0363771
0.03727
0.0381644
0.0390772
0.0400197
0.040978
0.0419468
0.0429375
0.0439572
0.0449877
0.0460482
0.0471203
0.0482236
0.0493328
0.0504776
0.0516286
0.052817
0.0540192
0.0552472
0.0564955
0.057769
0.0590697
0.0603784
0.0617399
0.0630952
0.0645004
0.0659225
0.0673757
0.0688506
0.0703652
0.0718988
0.073472
0.075085
0.0767454
0.0783967
0.0800309
0.00538143
0.00591563
0.00637361
0.00661223
0.00681555
0.00720215
0.00764911
0.00788245
0.00780796
0.0076441
0.00771778
0.00805991
0.00834123
0.00833749
0.00831007
0.00865416
0.00924193
0.00955319
0.00956431
0.00985425
0.0105045
0.0109262
0.0110834
0.01152
0.0121238
0.0123825
0.0125895
0.0132217
0.0138589
0.0141148
0.0144085
0.0149824
0.0155804
0.0160742
0.016485
0.01688
0.0174157
0.0180773
0.0186336
0.0190416
0.0195218
0.0201767
0.0208366
0.0213473
0.0218423
0.0225013
0.0231904
0.0237597
0.0243449
0.0250359
0.0257088
0.0263532
0.0270448
0.0277577
0.0284615
0.0291901
0.0299315
0.0306823
0.0314591
0.0322413
0.0330267
0.0338511
0.034687
0.035521
0.0363832
0.0372771
0.038171
0.0390831
0.0400258
0.0409841
0.0419523
0.0429426
0.0439625
0.0449923
0.0460527
0.0471242
0.0482269
0.0493364
0.0504808
0.0516315
0.0528201
0.0540216
0.0552495
0.0564976
0.0577711
0.0590721
0.0603804
0.0617424
0.063097
0.064503
0.0659249
0.0673782
0.0688529
0.0703675
0.0719016
0.0734745
0.0750893
0.0767501
0.0784023
0.0800378
0.00546782
0.00597765
0.00648162
0.00682341
0.00705175
0.00736704
0.0077701
0.00803
0.00802637
0.00790802
0.00792074
0.00817007
0.00846669
0.00855454
0.00854673
0.0087772
0.00928194
0.0096883
0.00978524
0.0099625
0.010519
0.0110401
0.0112432
0.0115673
0.0121645
0.0125221
0.0126786
0.0132131
0.0139155
0.0142333
0.0144505
0.0149826
0.0156242
0.0161294
0.0165242
0.0169135
0.017436
0.0180933
0.0186665
0.0190787
0.019539
0.0201834
0.0208579
0.0213767
0.0218567
0.0225069
0.0232068
0.0237795
0.0243558
0.0250458
0.0257224
0.0263645
0.027054
0.0277678
0.0284706
0.0291987
0.02994
0.0306896
0.0314674
0.0322496
0.0330332
0.0338579
0.0346948
0.0355279
0.0363895
0.0372843
0.0381779
0.0390891
0.0400319
0.0409903
0.041958
0.0429478
0.0439679
0.0449971
0.0460572
0.0471281
0.0482303
0.0493401
0.050484
0.0516343
0.0528233
0.0540242
0.0552519
0.0564999
0.0577733
0.0590747
0.0603825
0.0617449
0.0630989
0.0645057
0.0659273
0.0673807
0.0688555
0.0703697
0.0719047
0.0734772
0.0750936
0.076755
0.078408
0.0800449
0.00557871
0.00606316
0.00657962
0.00699471
0.00728031
0.00755266
0.00790007
0.00817489
0.00822261
0.00814629
0.00813795
0.00830809
0.00858286
0.00873696
0.00877429
0.00893898
0.00934593
0.00978388
0.00998295
0.0101184
0.0105514
0.0111086
0.0114048
0.0116548
0.0121891
0.0126393
0.012802
0.0132187
0.0139371
0.0143536
0.0145285
0.0149781
0.0156484
0.0161942
0.0165737
0.0169449
0.0174565
0.0181104
0.0186986
0.0191182
0.0195599
0.0201893
0.0208772
0.0214091
0.021874
0.0225115
0.0232226
0.0238011
0.0243674
0.0250555
0.0257364
0.0263763
0.0270635
0.0277783
0.0284801
0.0292078
0.029949
0.0306969
0.0314758
0.0322584
0.0330401
0.0338648
0.0347028
0.035535
0.0363959
0.0372917
0.0381851
0.0390952
0.0400382
0.0409966
0.0419639
0.0429532
0.0439734
0.045002
0.0460619
0.0471322
0.0482338
0.0493439
0.0504874
0.0516373
0.0528267
0.0540268
0.0552543
0.0565023
0.0577755
0.0590774
0.0603848
0.0617474
0.0631009
0.0645085
0.0659299
0.0673832
0.0688583
0.0703719
0.071908
0.0734803
0.0750979
0.0767601
0.0784139
0.080052
0.00570836
0.00617065
0.00668514
0.00713591
0.00748393
0.00775322
0.00804311
0.00831498
0.00840649
0.00836368
0.00835336
0.00846959
0.00870368
0.00889361
0.0089806
0.00912038
0.00944287
0.00986354
0.0101439
0.0102963
0.0106241
0.0111507
0.0115416
0.0117787
0.0122196
0.0127243
0.012943
0.0132559
0.0139338
0.0144541
0.0146409
0.0149882
0.0156463
0.0162555
0.0166407
0.0169792
0.0174732
0.0181275
0.0187318
0.0191598
0.0195839
0.0201952
0.0208942
0.0214436
0.0218955
0.0225154
0.0232371
0.0238246
0.0243801
0.0250647
0.0257509
0.0263886
0.0270732
0.0277893
0.0284898
0.029217
0.0299586
0.0307045
0.0314841
0.0322675
0.0330472
0.0338717
0.0347112
0.0355425
0.0364022
0.0372993
0.0381926
0.0391014
0.0400445
0.0410031
0.04197
0.0429587
0.043979
0.045007
0.0460667
0.0471364
0.0482374
0.049348
0.0504908
0.0516404
0.0528302
0.0540296
0.0552568
0.056505
0.0577777
0.0590802
0.0603871
0.0617499
0.063103
0.0645114
0.0659326
0.0673857
0.0688613
0.0703741
0.0719113
0.0734838
0.0751021
0.0767654
0.07842
0.0800592
0.00584817
0.00629507
0.00680685
0.00726692
0.00765567
0.00795342
0.0082037
0.00845171
0.00857805
0.00856701
0.00855994
0.0086438
0.00883622
0.00903595
0.0091638
0.00930448
0.00956775
0.00994653
0.010273
0.0104708
0.0107369
0.0111934
0.0116413
0.0119189
0.0122754
0.0127814
0.0130812
0.0133309
0.0139247
0.0145202
0.01477
0.0150326
0.0156288
0.016296
0.0167231
0.0170268
0.0174848
0.0181401
0.0187668
0.0192054
0.0196106
0.0202009
0.0209092
0.0214793
0.0219213
0.0225193
0.0232493
0.0238498
0.0243943
0.025073
0.025766
0.026402
0.0270828
0.0278009
0.0285002
0.0292263
0.0299687
0.0307126
0.0314925
0.032277
0.0330547
0.0338787
0.0347198
0.0355504
0.0364086
0.037307
0.0382005
0.0391077
0.0400509
0.0410096
0.0419762
0.0429644
0.0439847
0.0450121
0.0460717
0.0471406
0.0482412
0.0493522
0.0504943
0.0516435
0.0528338
0.0540324
0.0552593
0.0565078
0.05778
0.0590832
0.0603896
0.0617524
0.0631053
0.0645143
0.0659354
0.0673882
0.0688645
0.0703763
0.0719148
0.0734877
0.0751064
0.0767708
0.0784263
0.0800665
0.00598903
0.00642832
0.00694181
0.00740472
0.00780581
0.00813755
0.00837773
0.00859227
0.00873642
0.0087577
0.00875746
0.00882094
0.0089797
0.0091736
0.00932851
0.00948103
0.00970986
0.0100433
0.0103831
0.0106273
0.0108733
0.0112574
0.0117127
0.0120517
0.012363
0.0128272
0.0132004
0.0134372
0.0139292
0.0145522
0.0148935
0.015117
0.0156167
0.0163045
0.0168063
0.0170978
0.017498
0.0181423
0.0188002
0.0192579
0.019642
0.0202048
0.0209215
0.0215165
0.0219514
0.0225241
0.0232589
0.0238759
0.0244108
0.0250804
0.0257811
0.0264168
0.0270926
0.0278126
0.0285112
0.0292358
0.0299789
0.0307211
0.031501
0.0322866
0.0330625
0.0338858
0.0347287
0.0355587
0.0364148
0.0373148
0.0382088
0.0391141
0.0400573
0.0410163
0.0419825
0.0429702
0.0439905
0.0450174
0.0460768
0.047145
0.0482451
0.0493566
0.0504979
0.0516467
0.0528376
0.0540354
0.0552618
0.0565108
0.0577822
0.0590862
0.0603921
0.0617548
0.0631078
0.0645173
0.0659384
0.0673907
0.0688679
0.0703785
0.0719182
0.073492
0.0751106
0.0767763
0.0784329
0.0800738
0.00612896
0.00656347
0.00708114
0.00755246
0.00795072
0.00829988
0.00855318
0.00874234
0.0088868
0.0089346
0.00894641
0.00899642
0.0091283
0.00931069
0.00947964
0.00964637
0.00985849
0.0101554
0.0104876
0.0107641
0.0110165
0.0113477
0.0117748
0.0121613
0.0124709
0.0128795
0.0132941
0.0135596
0.0139617
0.0145632
0.0149925
0.0152278
0.015632
0.0162889
0.0168702
0.0171915
0.0175261
0.0181322
0.0188248
0.0193177
0.0196829
0.0202068
0.0209282
0.0215556
0.0219867
0.0225296
0.023266
0.0239025
0.0244299
0.0250876
0.0257956
0.026433
0.0271028
0.0278241
0.0285229
0.0292458
0.0299892
0.0307298
0.0315099
0.0322965
0.0330704
0.0338928
0.0347379
0.0355676
0.0364211
0.0373224
0.0382174
0.0391206
0.0400638
0.0410232
0.0419891
0.0429761
0.0439963
0.0450229
0.0460821
0.0471495
0.0482491
0.0493611
0.0505015
0.0516499
0.0528413
0.0540385
0.0552645
0.056514
0.0577846
0.0590893
0.0603949
0.0617571
0.0631105
0.0645203
0.0659414
0.0673932
0.0688714
0.070381
0.0719217
0.0734967
0.0751148
0.0767818
0.0784398
0.0800813
0.00627134
0.00669832
0.00721937
0.00770328
0.00810089
0.0084474
0.00871903
0.0088995
0.00903533
0.00909929
0.00912511
0.00916951
0.00927768
0.00944735
0.00962146
0.00980019
0.0100058
0.0102763
0.0105945
0.0108862
0.0111554
0.0114581
0.0118441
0.0122498
0.0125821
0.012949
0.0133678
0.0136796
0.0140256
0.0145701
0.0150609
0.0153454
0.0156846
0.01627
0.0168996
0.0172919
0.0175828
0.0181185
0.018831
0.0193794
0.0197387
0.0202107
0.0209252
0.0215949
0.0220295
0.0225357
0.0232696
0.0239294
0.0244514
0.0250947
0.0258095
0.0264504
0.0271141
0.0278353
0.0285348
0.0292563
0.0299996
0.0307386
0.031519
0.032307
0.0330786
0.0338995
0.0347472
0.0355771
0.0364275
0.03733
0.0382263
0.0391274
0.0400702
0.04103
0.0419958
0.0429821
0.044002
0.0450285
0.0460875
0.047154
0.0482533
0.0493658
0.0505052
0.0516534
0.0528451
0.0540417
0.0552671
0.0565173
0.0577871
0.0590923
0.0603978
0.0617594
0.0631134
0.0645235
0.0659446
0.0673958
0.0688749
0.0703836
0.0719252
0.0735017
0.0751192
0.0767873
0.0784469
0.0800889
0.00641642
0.00683497
0.00735611
0.00785016
0.00825554
0.00859101
0.00887071
0.00905595
0.00918383
0.0092562
0.00929243
0.00933912
0.00942803
0.00958194
0.00975612
0.00994229
0.0101486
0.0103995
0.0107051
0.0110003
0.0112839
0.011579
0.0119273
0.0123284
0.0126847
0.0130343
0.0134361
0.0137848
0.0141132
0.0145882
0.0151026
0.0154511
0.0157648
0.0162703
0.0169002
0.0173769
0.0176702
0.0181177
0.0188153
0.0194323
0.0198122
0.0202245
0.02091
0.0216286
0.0220827
0.0225448
0.0232675
0.0239567
0.0244762
0.0251015
0.0258227
0.0264685
0.0271261
0.0278467
0.0285466
0.0292673
0.0300107
0.0307474
0.0315278
0.0323181
0.0330875
0.0339057
0.0347566
0.0355872
0.0364341
0.0373374
0.0382353
0.0391343
0.0400767
0.041037
0.0420027
0.0429883
0.0440077
0.0450343
0.0460929
0.0471586
0.0482576
0.0493705
0.0505088
0.0516569
0.0528491
0.0540451
0.05527
0.0565208
0.0577897
0.0590952
0.0604008
0.0617617
0.0631164
0.0645266
0.0659477
0.0673985
0.0688785
0.0703865
0.0719287
0.0735071
0.0751236
0.0767928
0.0784543
0.0800967
0.00655802
0.00697468
0.00749283
0.00799159
0.00840802
0.00873634
0.00901029
0.00920376
0.00932872
0.00940679
0.00944983
0.00950156
0.00958015
0.00971503
0.00988619
0.0100746
0.0102855
0.0105223
0.0108151
0.0111114
0.0114007
0.0117013
0.0120227
0.0124052
0.0127765
0.0131245
0.0135089
0.0138744
0.0142106
0.0146293
0.0151299
0.0155359
0.0158573
0.0162989
0.0168909
0.0174281
0.0177711
0.0181475
0.0187872
0.0194622
0.019897
0.0202586
0.0208858
0.0216485
0.0221464
0.0225624
0.0232576
0.0239823
0.0245063
0.0251078
0.0258348
0.0264881
0.0271386
0.0278583
0.0285586
0.0292778
0.0300223
0.0307568
0.0315359
0.0323295
0.0330974
0.0339115
0.0347655
0.035598
0.0364408
0.0373446
0.0382446
0.0391412
0.0400831
0.041044
0.0420097
0.0429946
0.0440134
0.0450402
0.0460985
0.0471634
0.0482621
0.0493753
0.0505125
0.0516605
0.052853
0.0540485
0.0552729
0.0565243
0.0577925
0.0590982
0.060404
0.061764
0.0631196
0.06453
0.0659508
0.0674011
0.068882
0.0703894
0.0719322
0.0735125
0.0751281
0.0767981
0.0784619
0.0801046
0.00669052
0.00711553
0.0076312
0.00813072
0.00855528
0.00888312
0.00914397
0.00933944
0.00946508
0.00954721
0.00959651
0.00965115
0.00972944
0.00984856
0.0100132
0.0102001
0.0104145
0.0106455
0.0109231
0.011221
0.0115101
0.0118178
0.0121277
0.0124846
0.0128615
0.0132117
0.0135853
0.0139541
0.0143028
0.0146919
0.0151567
0.0155988
0.01595
0.0163514
0.0168926
0.017451
0.0178622
0.0182131
0.0187659
0.0194607
0.0199783
0.0203207
0.0208631
0.0216452
0.0222134
0.0225957
0.0232404
0.0240012
0.0245436
0.0251151
0.0258436
0.0265096
0.0271519
0.0278693
0.0285716
0.0292883
0.0300338
0.0307674
0.0315437
0.0323408
0.0331086
0.0339173
0.0347738
0.0356094
0.036448
0.0373516
0.0382542
0.0391484
0.0400894
0.0410512
0.0420168
0.0430009
0.044019
0.0450463
0.046104
0.0471683
0.0482667
0.04938
0.0505163
0.0516643
0.052857
0.054052
0.055276
0.0565277
0.0577954
0.0591009
0.060407
0.0617663
0.0631228
0.0645335
0.065954
0.0674041
0.0688857
0.0703928
0.071936
0.0735182
0.0751329
0.0768035
0.0784696
0.0801126
0.00681473
0.00725307
0.00777055
0.00826951
0.00869824
0.00902952
0.00927836
0.00946691
0.0095925
0.00967552
0.00973083
0.00978561
0.00986615
0.00997739
0.0101336
0.0103192
0.0105342
0.0107667
0.011031
0.0113279
0.0116179
0.0119266
0.0122375
0.0125702
0.0129432
0.013297
0.0136618
0.0140315
0.0143848
0.0147635
0.0151934
0.0156421
0.0160315
0.0164164
0.0169117
0.0174626
0.0179257
0.0182983
0.0187751
0.0194375
0.0200379
0.0204077
0.0208583
0.0216179
0.0222725
0.0226518
0.0232231
0.0240067
0.0245876
0.0251271
0.0258467
0.0265316
0.0271674
0.0278788
0.028585
0.0292986
0.0300444
0.0307787
0.0315513
0.0323514
0.0331206
0.0339231
0.0347814
0.035621
0.0364554
0.0373582
0.0382637
0.0391558
0.0400953
0.0410582
0.0420242
0.0430073
0.0440244
0.0450525
0.0461095
0.0471732
0.0482717
0.0493847
0.0505202
0.0516681
0.0528609
0.0540556
0.0552794
0.0565313
0.0577986
0.0591038
0.0604102
0.0617689
0.0631262
0.064537
0.0659569
0.0674068
0.0688892
0.0703961
0.0719396
0.0735238
0.0751377
0.0768088
0.0784774
0.0801208
0.00693417
0.00738349
0.00790693
0.00840547
0.00883526
0.00917123
0.00941423
0.00959139
0.00971348
0.00979507
0.00985424
0.00990871
0.00998735
0.0100966
0.0102452
0.0104292
0.0106428
0.0108781
0.0111364
0.0114293
0.0117244
0.01203
0.0123451
0.0126636
0.0130228
0.0133807
0.0137357
0.0141062
0.0144626
0.014835
0.0152456
0.0156795
0.0160975
0.0164878
0.016944
0.0174761
0.0179645
0.018377
0.0188193
0.019412
0.0200589
0.0205019
0.0208855
0.0215765
0.0223072
0.0227267
0.0232172
0.0239939
0.0246325
0.0251504
0.0258451
0.0265515
0.0271873
0.0278876
0.0285985
0.0293113
0.030055
0.0307907
0.0315593
0.032362
0.0331336
0.0339292
0.0347887
0.0356332
0.0364633
0.0373646
0.0382735
0.0391639
0.0401011
0.041065
0.0420317
0.0430139
0.0440299
0.0450589
0.046115
0.047178
0.0482768
0.0493891
0.0505242
0.051672
0.0528648
0.0540592
0.0552829
0.0565348
0.0578017
0.0591065
0.0604132
0.0617717
0.0631298
0.0645408
0.0659601
0.06741
0.068893
0.0703999
0.0719436
0.0735296
0.0751427
0.0768142
0.0784853
0.0801291
0.007054
0.0075074
0.00803677
0.0085361
0.0089643
0.00930261
0.00954399
0.00971069
0.00982565
0.00990464
0.00996498
0.0100212
0.0100964
0.0102048
0.0103497
0.0105307
0.0107432
0.0109792
0.0112368
0.0115248
0.011825
0.0121296
0.0124452
0.0127603
0.013102
0.0134595
0.0138079
0.0141733
0.0145362
0.014901
0.0153037
0.0157225
0.0161483
0.016559
0.0169883
0.0174985
0.0179964
0.018437
0.0188848
0.0194112
0.0200485
0.0205808
0.0209493
0.0215386
0.0223072
0.0228071
0.0232358
0.0239676
0.0246664
0.0251869
0.025842
0.0265634
0.0272103
0.0278966
0.0286091
0.0293234
0.0300651
0.0308018
0.0315662
0.0323722
0.0331471
0.0339349
0.034795
0.0356455
0.0364715
0.0373703
0.0382829
0.0391725
0.0401067
0.0410715
0.0420392
0.0430204
0.0440352
0.0450651
0.0461206
0.047183
0.048282
0.0493934
0.0505282
0.0516759
0.0528684
0.0540628
0.0552866
0.0565384
0.0578048
0.0591093
0.060416
0.0617745
0.0631332
0.0645442
0.0659629
0.0674127
0.0688964
0.0704035
0.0719474
0.0735351
0.0751477
0.0768195
0.0784931
0.0801372
0.00717867
0.0076293
0.00816072
0.00866096
0.00908512
0.00942134
0.00966154
0.0098206
0.00992587
0.00999984
0.0100591
0.010117
0.0101909
0.0102979
0.0104436
0.0106231
0.0108362
0.0110736
0.0113326
0.0116183
0.0119202
0.0122268
0.0125387
0.0128535
0.0131818
0.0135305
0.013878
0.0142334
0.0146027
0.0149652
0.0153591
0.0157725
0.0161897
0.0166195
0.0170408
0.0175234
0.0180282
0.0184824
0.0189499
0.0194432
0.0200287
0.0206249
0.0210369
0.021529
0.0222792
0.0228762
0.0232842
0.0239417
0.024681
0.0252336
0.0258477
0.0265674
0.0272347
0.0279109
0.0286186
0.0293369
0.0300779
0.0308136
0.0315724
0.0323826
0.0331622
0.0339408
0.0348007
0.0356583
0.0364805
0.0373755
0.0382922
0.0391818
0.0401123
0.0410776
0.0420469
0.0430272
0.0440409
0.0450714
0.0461262
0.0471881
0.0482875
0.0493976
0.0505327
0.0516803
0.0528721
0.0540667
0.0552906
0.056542
0.057808
0.0591122
0.060419
0.0617778
0.0631373
0.0645479
0.0659661
0.067416
0.0689002
0.0704075
0.0719515
0.0735406
0.0751528
0.0768248
0.0785008
0.0801456
0.00731248
0.00775369
0.00827989
0.00877734
0.00919487
0.00952441
0.00976094
0.0099141
0.0100105
0.0100775
0.0101343
0.0101933
0.0102688
0.0103748
0.0105234
0.0107056
0.0109209
0.0111631
0.0114245
0.0117113
0.0120125
0.0123205
0.0126294
0.0129407
0.0132606
0.0135943
0.0139408
0.014288
0.0146578
0.0150269
0.0154106
0.015824
0.0162313
0.0166668
0.0170973
0.0175518
0.0180572
0.0185221
0.0189956
0.0194888
0.0200185
0.0206293
0.021118
0.0215537
0.0222355
0.0229125
0.0233493
0.0239294
0.0246749
0.0252754
0.0258653
0.0265652
0.0272515
0.027929
0.0286268
0.029345
0.0300915
0.0308264
0.031576
0.0323919
0.0331787
0.0339471
0.0348047
0.0356709
0.0364903
0.0373795
0.0383005
0.0391916
0.0401175
0.0410829
0.0420539
0.0430335
0.0440462
0.0450772
0.0461314
0.047193
0.0482924
0.049401
0.0505367
0.0516844
0.052875
0.0540703
0.0552945
0.0565454
0.0578107
0.0591147
0.0604214
0.0617806
0.0631409
0.064551
0.0659688
0.067419
0.0689038
0.0704113
0.0719556
0.0735459
0.0751579
0.0768301
0.0785082
0.0801532
0.00746723
0.00789008
0.00839927
0.00888355
0.00928767
0.00960179
0.00982621
0.00997049
0.0100609
0.0101231
0.0101801
0.0102427
0.0103247
0.0104348
0.0105886
0.0107807
0.0110034
0.0112542
0.0115189
0.0118066
0.0121062
0.0124103
0.0127169
0.0130217
0.0133352
0.0136558
0.0139984
0.014345
0.0147099
0.0150876
0.0154648
0.0158739
0.0162799
0.0167077
0.0171524
0.0175925
0.0180855
0.0185665
0.0190348
0.0195377
0.0200416
0.0206211
0.0211782
0.0216142
0.0222072
0.0229191
0.0234198
0.0239433
0.0246606
0.0253046
0.0258947
0.026569
0.0272606
0.0279502
0.0286415
0.02935
0.0301046
0.0308433
0.0315783
0.032398
0.0331967
0.0339547
0.0348068
0.0356828
0.0365018
0.0373834
0.0383079
0.0392027
0.0401237
0.0410881
0.0420613
0.0430406
0.0440525
0.0450833
0.0461371
0.0471985
0.0482979
0.0494049
0.0505417
0.0516893
0.0528783
0.0540744
0.0552989
0.0565492
0.0578139
0.0591178
0.0604245
0.0617843
0.0631454
0.0645545
0.0659717
0.0674223
0.0689073
0.0704152
0.0719598
0.0735509
0.0751629
0.0768355
0.0785156
0.0801614
0.00766888
0.00807028
0.00854982
0.00900128
0.0093736
0.00965322
0.009847
0.00996818
0.0100449
0.0100989
0.010157
0.0102282
0.0103254
0.0104534
0.0106222
0.010835
0.0110743
0.0113382
0.0116083
0.0118938
0.0121891
0.0124831
0.012783
0.0130801
0.013388
0.0137021
0.0140402
0.0143914
0.0147541
0.0151372
0.0155155
0.0159165
0.016326
0.0167447
0.017193
0.017635
0.0181074
0.0186007
0.0190675
0.0195666
0.0200752
0.0206116
0.0211977
0.0216802
0.0222015
0.0229005
0.0234721
0.0239742
0.0246488
0.0253177
0.0259229
0.0265812
0.027263
0.027964
0.0286608
0.0293532
0.0301121
0.0308637
0.0315829
0.0324
0.0332156
0.0339667
0.0348077
0.0356928
0.0365152
0.0373871
0.0383131
0.0392134
0.0401298
0.0410919
0.042067
0.0430467
0.0440582
0.0450884
0.0461421
0.0472035
0.048302
0.0494076
0.0505459
0.0516937
0.0528806
0.0540779
0.055303
0.0565523
0.0578162
0.0591199
0.0604267
0.0617869
0.0631491
0.0645573
0.0659742
0.0674259
0.068911
0.0704193
0.0719644
0.0735558
0.0751677
0.0768407
0.0785223
0.0801682
0.00791999
0.00831471
0.0087742
0.00919344
0.00952979
0.0097653
0.0099104
0.00998662
0.0100297
0.0100635
0.0101173
0.0102011
0.0103196
0.0104776
0.01067
0.0109025
0.0111559
0.0114276
0.011702
0.0119811
0.0122675
0.0125476
0.0128371
0.013128
0.0134333
0.013748
0.014083
0.0144364
0.0147994
0.0151828
0.0155636
0.0159574
0.0163681
0.0167861
0.017228
0.0176777
0.0181372
0.0186285
0.0191055
0.0195914
0.0201117
0.0206277
0.0211991
0.021738
0.0222278
0.022877
0.0235034
0.0240146
0.0246488
0.0253223
0.0259439
0.0266017
0.0272684
0.0279706
0.0286827
0.0293618
0.0301135
0.0308829
0.0315917
0.0323957
0.0332294
0.0339828
0.0348066
0.035698
0.0365299
0.0373913
0.0383164
0.0392242
0.0401369
0.0410963
0.0420728
0.0430532
0.0440648
0.0450937
0.0461475
0.0472094
0.0483066
0.0494109
0.0505511
0.0516988
0.0528833
0.0540819
0.0553076
0.0565559
0.0578192
0.0591229
0.0604302
0.0617906
0.0631536
0.0645605
0.0659765
0.0674291
0.0689139
0.0704225
0.0719685
0.0735602
0.0751721
0.0768459
0.0785289
0.0801755
0.00799173
0.00830479
0.00868285
0.00903693
0.00933452
0.00955548
0.00970727
0.00980706
0.00988273
0.00995342
0.0100416
0.0101645
0.0103245
0.0105218
0.0107402
0.0109842
0.0112407
0.011508
0.0117802
0.0120501
0.012325
0.0125936
0.0128733
0.0131606
0.0134657
0.013785
0.0141211
0.0144761
0.0148403
0.0152236
0.015607
0.0159977
0.0164062
0.0168268
0.0172609
0.0177106
0.0181686
0.0186481
0.0191363
0.0196159
0.0201346
0.0206549
0.0211965
0.0217693
0.0222711
0.0228614
0.0235142
0.0240532
0.0246573
0.0253273
0.0259557
0.0266222
0.0272811
0.0279701
0.0287
0.029377
0.0301118
0.0308984
0.0316104
0.0323923
0.0332381
0.0340058
0.0348094
0.035699
0.0365469
0.0373983
0.0383175
0.0392349
0.0401446
0.0410998
0.0420779
0.0430588
0.0440707
0.0450986
0.0461527
0.0472145
0.0483096
0.0494132
0.0505557
0.0517034
0.0528853
0.0540856
0.0553117
0.0565584
0.0578211
0.0591248
0.0604326
0.061793
0.0631571
0.0645634
0.0659789
0.0674333
0.068918
0.0704265
0.0719734
0.0735648
0.0751765
0.0768509
0.0785348
0.0801815
0.00922325
0.00916894
0.00905049
0.00895609
0.0089271
0.00896658
0.0090757
0.00923746
0.00943691
0.00965888
0.00988806
0.0101231
0.010355
0.01059
0.0108213
0.0110589
0.0113038
0.0115574
0.011821
0.0120818
0.0123494
0.0126153
0.0128933
0.013183
0.0134914
0.0138155
0.0141518
0.0145056
0.0148675
0.0152493
0.0156352
0.0160272
0.0164352
0.0168572
0.0172891
0.0177337
0.0181948
0.0186652
0.0191563
0.0196419
0.0201477
0.0206789
0.0212036
0.0217779
0.0223144
0.0228615
0.0235092
0.0240854
0.0246686
0.0253335
0.0259643
0.0266338
0.0273019
0.0279694
0.0287066
0.0293997
0.0301089
0.0309028
0.0316329
0.0323877
0.0332351
0.0340286
0.0348142
0.0356931
0.0365611
0.037407
0.0383155
0.039243
0.0401531
0.0411022
0.042082
0.0430648
0.0440757
0.0451025
0.0461585
0.0472202
0.0483122
0.0494158
0.0505607
0.0517078
0.0528872
0.0540894
0.0553163
0.0565611
0.0578237
0.0591276
0.060436
0.0617962
0.0631608
0.0645663
0.0659803
0.0674361
0.0689204
0.0704287
0.0719769
0.0735682
0.0751799
0.0768554
0.0785401
0.0801871
0.00929668
0.00926812
0.00911659
0.00895369
0.00884875
0.00883063
0.00890745
0.00906841
0.00928988
0.00955144
0.00982617
0.0101071
0.0103781
0.0106369
0.0108801
0.0111148
0.0113533
0.0115969
0.0118521
0.0121049
0.0123686
0.0126377
0.0129191
0.0132127
0.0135195
0.0138447
0.0141797
0.0145329
0.014893
0.0152715
0.0156609
0.0160555
0.0164651
0.0168841
0.0173163
0.0177565
0.0182168
0.0186864
0.0191706
0.0196655
0.0201611
0.0206936
0.0212224
0.0217776
0.0223438
0.0228798
0.0234961
0.0241079
0.0246835
0.0253362
0.0259777
0.0266348
0.0273209
0.0279794
0.0286995
0.0294248
0.0301166
0.0308957
0.031662
0.0323948
0.0332253
0.0340533
0.0348278
0.0356859
0.0365738
0.0374198
0.0383143
0.0392495
0.0401629
0.0411055
0.042085
0.0430713
0.0440813
0.0451053
0.0461644
0.0472265
0.0483139
0.0494177
0.0505659
0.0517123
0.052889
0.0540932
0.0553209
0.0565633
0.0578254
0.0591295
0.0604387
0.0617989
0.063164
0.0645696
0.065983
0.0674405
0.068925
0.0704326
0.0719821
0.0735726
0.0751839
0.0768602
0.0785454
0.0801925
0.00947541
0.00930872
0.00906362
0.00884853
0.00871466
0.0086851
0.00875786
0.00892579
0.00915931
0.00943632
0.00973182
0.0100329
0.010326
0.0106025
0.0108654
0.0111139
0.0113651
0.0116127
0.0118647
0.0121149
0.0123758
0.0126491
0.0129335
0.0132317
0.0135355
0.0138593
0.0141944
0.0145466
0.0149078
0.0152807
0.0156723
0.0160703
0.0164829
0.0169006
0.0173322
0.0177739
0.0182307
0.0187036
0.0191815
0.0196788
0.0201751
0.0207004
0.0212417
0.0217826
0.0223553
0.022907
0.0234889
0.0241159
0.024703
0.0253351
0.025992
0.0266379
0.0273272
0.0280001
0.0286885
0.0294348
0.0301356
0.0308791
0.0316765
0.0324113
0.0332072
0.0340646
0.0348455
0.0356767
0.0365785
0.0374322
0.0383129
0.0392521
0.0401707
0.0411088
0.0420864
0.0430754
0.0440862
0.0451067
0.046168
0.0472322
0.0483155
0.0494183
0.0505696
0.0517159
0.0528897
0.0540957
0.0553246
0.056565
0.0578269
0.0591313
0.0604411
0.0618011
0.0631662
0.0645715
0.0659835
0.0674423
0.0689266
0.0704334
0.0719843
0.0735749
0.0751855
0.076863
0.0785486
0.0801954
0.00934918
0.00915674
0.00889468
0.00867488
0.00854654
0.00852789
0.00861478
0.00879456
0.00903701
0.0093186
0.00962143
0.00992885
0.0102343
0.0105265
0.0108078
0.0110748
0.0113393
0.0115959
0.0118503
0.0121046
0.0123638
0.0126372
0.0129236
0.0132247
0.0135308
0.013855
0.0141938
0.0145461
0.0149098
0.0152811
0.0156727
0.0160741
0.0164874
0.0169062
0.0173362
0.0177803
0.0182363
0.0187099
0.0191876
0.0196822
0.0201832
0.0207041
0.0212489
0.0217898
0.0223557
0.0229208
0.0234922
0.0241134
0.0247163
0.0253367
0.0259969
0.0266459
0.0273263
0.0280147
0.0286925
0.0294342
0.0301563
0.0308803
0.0316797
0.0324351
0.0332073
0.0340673
0.0348649
0.0356791
0.03658
0.037444
0.0383171
0.0392548
0.0401777
0.0411141
0.0420901
0.0430797
0.0440921
0.045111
0.046172
0.0472382
0.0483198
0.0494212
0.0505736
0.051721
0.0528931
0.054099
0.0553292
0.0565681
0.0578294
0.0591337
0.0604438
0.0618042
0.0631694
0.0645755
0.065987
0.0674463
0.0689319
0.0704374
0.0719889
0.0735794
0.0751891
0.0768666
0.0785528
0.0802001
)
;

boundaryField
{
    zeroGradientPlanes
    {
        type            zeroGradient;
    }
    inlet
    {
        type            zeroGradient;
    }
    plate
    {
        type            zeroGradient;
    }
    frontAndBack
    {
        type            empty;
    }
}


// ************************************************************************* //
