/*--------------------------------*- C++ -*----------------------------------*\
| =========                 |                                                 |
| \\      /  F ield         | OpenFOAM: The Open Source CFD Toolbox           |
|  \\    /   O peration     | Version:  v1912                                 |
|   \\  /    A nd           | Website:  www.openfoam.com                      |
|    \\/     M anipulation  |                                                 |
\*---------------------------------------------------------------------------*/
FoamFile
{
    version     2.0;
    format      ascii;
    class       volScalarField;
    location    "9.9";
    object      p;
}
// * * * * * * * * * * * * * * * * * * * * * * * * * * * * * * * * * * * * * //

dimensions      [0 2 -2 0 0 0 0];


internalField   nonuniform List<scalar> 
9600
(
-2.03237e-10
0.00238232
-0.00113754
-0.000439399
0.00462636
0.00633097
0.0052089
0.00936939
0.00869485
0.0106581
0.0113805
0.0148628
0.0134151
0.0134977
0.0139282
0.0150575
0.0151325
0.0160007
0.0162915
0.0177606
-7.77344e-07
0.00241044
-0.00113394
-0.000493402
0.00463716
0.00635219
0.00520205
0.00936283
0.00869209
0.0106641
0.0113937
0.0147677
0.0134147
0.013492
0.0139278
0.0150602
0.0151293
0.0159608
0.0163228
0.0175873
2.64379e-06
0.00243433
-0.00114532
-0.000529304
0.00467755
0.00636653
0.00519001
0.00934896
0.00869138
0.0106874
0.0114017
0.0147033
0.0134256
0.0134736
0.013939
0.0150498
0.0151192
0.0159119
0.0163434
0.0173697
9.1074e-06
0.00245213
-0.00115934
-0.000507058
0.00474513
0.006376
0.00518769
0.00932772
0.00869066
0.0107252
0.0114109
0.0146211
0.013436
0.0134429
0.0139535
0.0150244
0.0151051
0.0158627
0.0163397
0.0171601
1.90379e-05
0.00246408
-0.0011672
-0.000426917
0.0048355
0.00637958
0.00520513
0.00929662
0.00868616
0.0107745
0.0114237
0.0145285
0.0134447
0.013404
0.0139669
0.0149889
0.0150874
0.0158083
0.0163182
0.0169656
3.21806e-05
0.00246987
-0.00116524
-0.00029818
0.00493732
0.0063797
0.00524828
0.00925732
0.0086773
0.0108301
0.011444
0.0144287
0.0134514
0.0133604
0.0139781
0.0149478
0.0150657
0.0157511
0.0162844
0.0167822
4.75132e-05
0.00246972
-0.00115092
-0.000134609
0.00503592
0.00637913
0.00531608
0.00921507
0.00866588
0.0108877
0.0114748
0.0143268
0.0134567
0.0133156
0.013988
0.0149053
0.0150424
0.0156938
0.0162372
0.0166056
6.36948e-05
0.00246529
-0.00112323
4.68834e-05
0.00511839
0.00637954
0.0054023
0.00917526
0.00865349
0.0109435
0.0115172
0.014226
0.0134614
0.0132715
0.0139983
0.0148654
0.0150176
0.0156354
0.0161755
0.0164357
7.97903e-05
0.00245947
-0.00108243
0.000233547
0.00517703
0.00638041
0.0054996
0.00914024
0.00864035
0.0109941
0.0115687
0.0141273
0.0134661
0.0132294
0.0140105
0.0148297
0.0149885
0.0155752
0.0161021
0.0162713
9.56828e-05
0.00245539
-0.00102833
0.000419543
0.00520891
0.00637969
0.00560375
0.00910907
0.00862565
0.0110362
0.0116246
0.0140312
0.0134707
0.0131902
0.0140246
0.0147981
0.0149535
0.0155147
0.0160188
0.016108
0.000111896
0.00245521
-0.000956834
0.000603957
0.00521422
0.00637499
0.00571423
0.00908045
0.00860952
0.0110681
0.0116794
0.0139373
0.0134742
0.0131536
0.0140398
0.0147711
0.0149125
0.0154542
0.0159255
0.0159428
0.000129106
0.00245975
-0.000866367
0.000787712
0.00519538
0.00636476
0.00583217
0.00905406
0.00859383
0.0110899
0.0117294
0.0138448
0.0134755
0.0131198
0.0140551
0.0147497
0.0148656
0.0153925
0.0158242
0.0157765
0.00014781
0.00246882
-0.000756506
0.000971398
0.00515663
0.00634864
0.00595843
0.00903108
0.00858116
0.0111033
0.011773
0.0137531
0.0134741
0.0130889
0.0140695
0.0147345
0.0148132
0.0153288
0.0157185
0.0156106
0.000168303
0.00248161
-0.00062945
0.0011546
0.00510377
0.00632726
0.00609238
0.00901275
0.00857336
0.0111104
0.0118112
0.0136619
0.0134699
0.0130612
0.0140814
0.0147256
0.0147564
0.0152626
0.0156121
0.0154462
0.000190736
0.00249729
-0.000488801
0.0013365
0.00504286
0.0063018
0.00623209
0.00899919
0.00857072
0.0111125
0.0118459
0.0135711
0.0134627
0.0130366
0.0140891
0.0147221
0.0146969
0.0151921
0.0155073
0.0152838
0.000215182
0.00251535
-0.000338068
0.00151659
0.00497916
0.00627353
0.00637519
0.00898991
0.00857246
0.0111103
0.0118793
0.0134808
0.0134523
0.0130151
0.0140912
0.0147227
0.0146357
0.0151156
0.0154054
0.0151242
0.000241706
0.00253555
-0.000179822
0.00169476
0.00491659
0.00624344
0.0065196
0.00898452
0.00857758
0.0111042
0.0119127
0.0133912
0.0134381
0.012997
0.0140867
0.0147255
0.0145739
0.0150314
0.0153066
0.0149687
0.000270421
0.00255778
-1.56236e-05
0.00187109
0.0048578
0.00621224
0.00666378
0.0089829
0.0085853
0.0110944
0.0119469
0.0133026
0.0134197
0.0129824
0.0140754
0.0147285
0.0145126
0.0149385
0.0152104
0.0148188
0.000301493
0.00258202
0.00015366
0.00204566
0.00480457
0.00618048
0.00680659
0.00898512
0.00859516
0.0110811
0.0119819
0.0132157
0.0133965
0.0129711
0.0140575
0.0147304
0.0144525
0.0148366
0.0151161
0.014677
0.000335132
0.0026083
0.000327588
0.00221842
0.00475809
0.0061487
0.00694718
0.00899132
0.00860684
0.0110642
0.0120177
0.013131
0.0133681
0.0129628
0.0140335
0.0147303
0.0143944
0.0147262
0.0150228
0.0145455
0.000371581
0.00263666
0.000505942
0.00238919
0.00471916
0.0061174
0.00708481
0.00900161
0.00862014
0.0110441
0.0120539
0.013049
0.0133345
0.012957
0.0140039
0.0147272
0.0143392
0.0146083
0.0149295
0.0144267
0.000411096
0.00266711
0.000688624
0.00255769
0.00468836
0.0060871
0.00721876
0.00901607
0.00863492
0.011021
0.0120902
0.0129703
0.0132957
0.0129531
0.0139685
0.0147204
0.0142878
0.0144839
0.0148352
0.0143232
0.000453967
0.00269964
0.000875561
0.00272358
0.00466609
0.00605834
0.0073483
0.00903377
0.00865111
0.010995
0.0121264
0.0128954
0.0132517
0.012951
0.0139278
0.0147086
0.0142415
0.0143538
0.0147381
0.0142377
0.000500549
0.00273424
0.00106663
0.00288648
0.00465259
0.00603171
0.00747276
0.00905717
0.00866865
0.0109663
0.0121623
0.0128249
0.0132023
0.0129508
0.013882
0.0146905
0.0142017
0.0142196
0.0146357
0.0141722
0.000551213
0.0027709
0.00126171
0.00304608
0.00464792
0.00600781
0.0075915
0.0090851
0.00868758
0.0109349
0.0121978
0.0127589
0.0131474
0.0129524
0.0138319
0.0146643
0.0141696
0.0140841
0.0145247
0.0141264
0.000606335
0.00280954
0.00146071
0.00320219
0.00465202
0.00598732
0.00770395
0.00911747
0.00870806
0.010901
0.012233
0.0126981
0.0130865
0.0129559
0.0137788
0.0146279
0.0141458
0.0139516
0.0144009
0.0140965
0.00066633
0.00285002
0.00166351
0.00335471
0.00466463
0.00597095
0.00780958
0.00915416
0.00873033
0.0108646
0.0122676
0.012643
0.0130194
0.0129609
0.0137247
0.0145801
0.014129
0.0138276
0.0142619
0.014074
0.000731633
0.00289234
0.00186994
0.0035036
0.00468522
0.00595939
0.00790801
0.00919491
0.00875475
0.0108256
0.0123016
0.0125942
0.0129457
0.0129663
0.0136722
0.0145202
0.0141164
0.0137177
0.0141091
0.0140478
0.000802682
0.00293645
0.00207984
0.00364896
0.00471312
0.00595328
0.007999
0.00923944
0.00878172
0.0107839
0.0123346
0.0125527
0.0128657
0.0129705
0.0136236
0.0144481
0.0141039
0.0136268
0.013949
0.014006
0.000879956
0.00298224
0.00229287
0.00379118
0.00474767
0.0059532
0.00808241
0.00928737
0.00881166
0.0107394
0.0123658
0.0125193
0.0127794
0.012972
0.013582
0.0143653
0.0140868
0.0135572
0.0137906
0.013941
0.000963948
0.00302975
0.00250854
0.00393079
0.00478816
0.00595968
0.00815835
0.00933817
0.00884494
0.010692
0.0123944
0.0124952
0.0126869
0.0129679
0.01355
0.0142753
0.0140606
0.0135072
0.0136426
0.0138532
0.00105511
0.00307905
0.00272629
0.00406844
0.00483393
0.00597315
0.00822725
0.00939133
0.00888192
0.0106417
0.0124195
0.0124814
0.0125889
0.0129552
0.013529
0.014183
0.0140226
0.0134724
0.0135115
0.01375
0.00115395
0.00313017
0.00294528
0.00420505
0.00488461
0.00599378
0.00828958
0.00944649
0.00892316
0.0105884
0.0124396
0.0124789
0.0124869
0.0129308
0.0135187
0.0140934
0.013972
0.0134481
0.0134004
0.0136388
0.00126091
0.00318339
0.00316456
0.0043415
0.0049401
0.00602161
0.00834587
0.00950337
0.00896929
0.0105325
0.0124531
0.0124877
0.0123831
0.0128918
0.0135186
0.0140111
0.0139083
0.0134303
0.0133124
0.0135262
0.00137634
0.00323898
0.00338319
0.00447868
0.00500041
0.00605652
0.00839676
0.00956162
0.00902077
0.0104744
0.0124584
0.0125078
0.0122801
0.0128352
0.0135272
0.0139426
0.0138311
0.013412
0.0132511
0.0134211
0.00150062
0.00329729
0.00360014
0.00461753
0.00506563
0.00609819
0.00844288
0.00962092
0.00907803
0.0104148
0.0124536
0.0125399
0.012182
0.0127566
0.0135391
0.0138964
0.0137446
0.0133829
0.0132154
0.0133348
0.00163415
0.00335883
0.00381425
0.00475887
0.00513624
0.00614624
0.00848465
0.00968094
0.00914169
0.0103544
0.0124361
0.0125828
0.0120944
0.0126545
0.0135454
0.013878
0.0136595
0.0133347
0.0131972
0.013279
0.00177716
0.00342408
0.00402459
0.0049032
0.0052129
0.0062007
0.0085226
0.00974081
0.00921235
0.0102956
0.0124042
0.0126331
0.0120223
0.0125312
0.0135377
0.0138874
0.0135868
0.0132644
0.0131835
0.0132615
0.00192989
0.00349353
0.00423021
0.00505109
0.005296
0.00626109
0.00855755
0.00980033
0.00928955
0.0102397
0.0123572
0.0126881
0.0119701
0.0123894
0.0135073
0.0139209
0.0135388
0.0131765
0.0131604
0.0132783
0.00209257
0.00356778
0.00443031
0.00520277
0.00538602
0.00632741
0.00858961
0.00985902
0.00937321
0.010188
0.0122942
0.0127438
0.0119437
0.0122355
0.0134436
0.0139681
0.0135258
0.0130843
0.0131212
0.0133197
0.00226532
0.00364732
0.00462433
0.00535853
0.00548274
0.00639966
0.00862016
0.0099154
0.00946479
0.0101435
0.0122151
0.0127955
0.011945
0.0120781
0.0133414
0.0140155
0.0135493
0.0130003
0.0130666
0.0133781
0.00244826
0.00373263
0.00481183
0.00551875
0.00558622
0.00647706
0.00865036
0.00996994
0.00956226
0.0101079
0.0121225
0.0128384
0.011974
0.0119259
0.013199
0.0140488
0.0136057
0.0129346
0.0129986
0.0134487
0.00264147
0.00382426
0.00499245
0.00568316
0.00569638
0.00655971
0.00868054
0.0100225
0.00966423
0.0100824
0.0120195
0.0128677
0.0120271
0.0117938
0.0130247
0.0140507
0.013685
0.0128938
0.012906
0.0135293
0.00284476
0.00392281
0.00516562
0.00585272
0.00581309
0.00664631
0.00871272
0.0100726
0.00977043
0.0100685
0.011908
0.012884
0.0120973
0.0116933
0.0128384
0.0140184
0.0138038
0.012922
0.0127953
0.0134968
0.00305786
0.00402903
0.00533093
0.00602724
0.00593745
0.00673592
0.00874685
0.0101212
0.00987921
0.0100649
0.0117931
0.0128825
0.0121835
0.0116291
0.0126501
0.0139619
0.0139415
0.0130032
0.0126712
0.0133529
0.00328058
0.00414357
0.00548764
0.00620687
0.00607108
0.0068269
0.00878234
0.0101699
0.00999003
0.0100771
0.0116781
0.0128599
0.0122813
0.0116057
0.0124713
0.0138795
0.0140737
0.0131227
0.0125698
0.013117
0.00351236
0.00426734
0.0056353
0.00639182
0.00621488
0.00691796
0.00881935
0.0102191
0.0101031
0.010103
0.0115642
0.012822
0.0123816
0.0116189
0.0123094
0.013747
0.014138
0.013238
0.0124925
0.0129322
0.00375255
0.00440122
0.00577404
0.00658051
0.00637142
0.00700951
0.00885544
0.0102688
0.0102201
0.010142
0.0114548
0.0127635
0.0124847
0.0116764
0.0121763
0.0135881
0.0141772
0.0133876
0.0124865
0.0126779
0.00400018
0.00454633
0.00590439
0.00677145
0.00654278
0.00710083
0.00888839
0.0103208
0.0103403
0.0101936
0.0113559
0.0126874
0.0125767
0.011762
0.012074
0.0134057
0.0141483
0.0135275
0.012545
0.0125016
0.0042543
0.00470389
0.00602729
0.00696171
0.00673025
0.00719451
0.00891635
0.010372
0.0104638
0.010263
0.0112659
0.0125891
0.0126502
0.0118781
0.0120059
0.0132004
0.0140647
0.0136493
0.0126602
0.012423
0.00451367
0.00487472
0.0061446
0.00714757
0.00693474
0.00729418
0.00893598
0.0104203
0.0105935
0.0103489
0.0111836
0.0124734
0.0127089
0.0120151
0.011965
0.0130006
0.013945
0.0137394
0.0128151
0.0124334
0.0047769
0.00505974
0.00625881
0.00732558
0.00715513
0.00740381
0.00894681
0.0104624
0.0107269
0.0104517
0.0111201
0.0123479
0.0127354
0.0121535
0.011975
0.0128303
0.0137926
0.0137866
0.0129885
0.0125122
0.00504286
0.0052592
0.00637313
0.00749249
0.00738826
0.00752987
0.00895077
0.0104905
0.0108613
0.0105753
0.0110709
0.0122144
0.0127283
0.0122948
0.0120329
0.0126872
0.0136159
0.0137941
0.0131635
0.0126409
0.00531028
0.00547296
0.00649143
0.00764587
0.00762901
0.00767801
0.00895163
0.0104988
0.0109919
0.010719
0.0110517
0.012085
0.0126936
0.0124191
0.0121186
0.0125887
0.0134456
0.0137668
0.0133179
0.0128006
0.00557824
0.00570046
0.00661722
0.00778489
0.00787036
0.00785183
0.00895744
0.0104834
0.0111093
0.0108819
0.0110662
0.0119668
0.0126338
0.0125182
0.0122275
0.0125415
0.0132928
0.0137029
0.013438
0.0129814
0.00584582
0.00594036
0.00675373
0.00791019
0.00810429
0.0080519
0.00897825
0.0104447
0.0112038
0.0110585
0.0111242
0.011873
0.0125581
0.0125884
0.0123441
0.0125337
0.0131682
0.0136228
0.0135233
0.0131691
0.00611214
0.00619105
0.00690321
0.00802434
0.00832443
0.00827463
0.00902502
0.0103903
0.0112654
0.011238
0.0112249
0.0118158
0.0124738
0.0126243
0.0124578
0.0125668
0.0130869
0.0135444
0.0135649
0.0133304
0.00637673
0.00644993
0.00706705
0.00813147
0.0085274
0.00851038
0.00910524
0.0103366
0.0112887
0.0114151
0.0113654
0.0118015
0.0123967
0.0126338
0.0125595
0.0126287
0.0130407
0.013472
0.0135751
0.0134588
0.00663939
0.00671394
0.00724584
0.0082366
0.00871189
0.00874805
0.00922011
0.0103007
0.0112782
0.011559
0.0115269
0.0118297
0.0123431
0.0126294
0.012639
0.0126985
0.0130227
0.0134216
0.0135842
0.0135589
0.00689997
0.00698005
0.00743923
0.00834532
0.00887791
0.00897976
0.0093643
0.0102938
0.0112508
0.011662
0.0116918
0.0118988
0.0123179
0.0126195
0.0127004
0.0127718
0.0130334
0.0133944
0.013598
0.0136377
0.00715842
0.00724524
0.00764576
0.00846284
0.00902779
0.00919972
0.00952888
0.0103206
0.0112237
0.0117263
0.0118423
0.0120018
0.0123265
0.0126128
0.0127489
0.012848
0.0130666
0.0133811
0.0136095
0.0137091
0.00741482
0.00750722
0.00786267
0.0085926
0.00916657
0.00940435
0.00970501
0.0103802
0.0112089
0.0117541
0.0119672
0.0121196
0.01237
0.0126224
0.0127881
0.0129191
0.0131166
0.0133861
0.0136212
0.0137761
0.00766919
0.0077647
0.00808626
0.00873621
0.00929977
0.00959263
0.00988526
0.010468
0.0112147
0.0117832
0.0120696
0.0122357
0.0124419
0.0126594
0.0128283
0.0129789
0.013175
0.0134169
0.0136417
0.0138315
0.00792129
0.008017
0.0083129
0.00889366
0.00943224
0.00976503
0.0100638
0.0105784
0.011245
0.0118113
0.0121532
0.0123447
0.0125259
0.0127173
0.012884
0.0130355
0.013231
0.0134665
0.0136824
0.0138853
0.00817074
0.00826378
0.00853948
0.00906321
0.009568
0.00992439
0.0102367
0.0107043
0.0112996
0.0118458
0.0122226
0.0124455
0.0126172
0.0127871
0.0129542
0.0131034
0.0132832
0.0135194
0.0137412
0.01395
0.00841682
0.00850497
0.00876385
0.00924191
0.00970932
0.0100745
0.0104022
0.0108397
0.0113754
0.0118932
0.0122851
0.0125356
0.012716
0.012868
0.0130299
0.013186
0.0133445
0.0135662
0.0138029
0.0140261
0.00865868
0.00874027
0.00898425
0.00942692
0.00985737
0.0102183
0.0105593
0.0109802
0.0114688
0.0119562
0.0123492
0.0126161
0.0128146
0.0129651
0.0131095
0.013272
0.0134241
0.0136179
0.0138603
0.014104
0.0088954
0.00896936
0.00919933
0.00961459
0.010012
0.0103602
0.0107084
0.0111214
0.0115759
0.0120345
0.0124224
0.0126949
0.0129054
0.0130717
0.0132041
0.0133547
0.0135146
0.0136878
0.0139186
0.0141765
0.00912577
0.00919191
0.0094084
0.00980183
0.0101707
0.0105026
0.0108522
0.0112609
0.0116927
0.0121266
0.0125049
0.0127805
0.0129947
0.0131758
0.0133161
0.013446
0.0136057
0.0137736
0.0139856
0.0142471
0.0093486
0.0094064
0.00961013
0.00998711
0.0103324
0.0106454
0.0109914
0.011398
0.0118165
0.012231
0.0125943
0.0128733
0.0130927
0.0132758
0.0134333
0.0135554
0.0136991
0.0138667
0.0140647
0.0143233
0.00956234
0.00961297
0.00980357
0.010167
0.0104946
0.0107907
0.0111279
0.0115307
0.0119441
0.0123463
0.0126916
0.0129697
0.0132014
0.0133825
0.0135465
0.0136787
0.0138054
0.013965
0.0141554
0.0144057
0.00976494
0.00980947
0.00998831
0.0103403
0.0106536
0.0109365
0.0112646
0.0116606
0.0120706
0.0124694
0.0128011
0.0130727
0.0133162
0.0135036
0.0136619
0.0138058
0.0139299
0.0140725
0.0142532
0.0144934
0.00995426
0.00999485
0.0101628
0.0105051
0.0108084
0.0110803
0.0113997
0.0117925
0.0121974
0.0125811
0.0129153
0.0131865
0.0134355
0.0136383
0.013794
0.0139403
0.014072
0.014197
0.0143582
0.0145823
0.0101281
0.0101673
0.0103262
0.0106585
0.010956
0.0112229
0.0115299
0.0119203
0.0123418
0.01273
0.0130836
0.0133448
0.01358
0.0137951
0.0139619
0.0141091
0.0142537
0.0143727
0.0145105
0.014707
0.010283
0.0103233
0.0104775
0.0108013
0.0110945
0.0113634
0.0116606
0.0120238
0.0124217
0.0127713
0.0131013
0.0134074
0.0136624
0.013892
0.0140851
0.0142418
0.0144158
0.0145807
0.0147534
0.014966
0.0104167
0.0104594
0.0106122
0.0109313
0.0112239
0.0114964
0.0118102
0.0121986
0.0126303
0.0131115
0.0134315
0.0137185
0.0139606
0.0141671
0.014342
0.0144409
0.0145115
0.0145754
0.0146484
0.0147728
0.0105272
0.010569
0.0107218
0.0110422
0.0113443
0.011608
0.0118612
0.0121799
0.0125509
0.0128951
0.0132519
0.0136627
0.0140205
0.0143207
0.0146275
0.0149291
0.0152518
0.0156051
0.0159508
0.0162459
0.0106081
0.0106707
0.0108304
0.0111575
0.0114757
0.0117777
0.012102
0.0124969
0.0129454
0.0133686
0.0137952
0.0140866
0.014319
0.0144941
0.0146491
0.014759
0.014809
0.014836
0.0148674
0.0149428
0.0106129
0.010653
0.0108786
0.0112657
0.011609
0.0118994
0.012176
0.0125302
0.0129192
0.013286
0.0135641
0.0138704
0.0142068
0.0145251
0.0148578
0.0152256
0.0155881
0.0159331
0.0162359
0.016467
0.0106718
0.0107427
0.0109685
0.0113636
0.0117249
0.0120467
0.0123688
0.0127721
0.0132251
0.0136495
0.014082
0.0143734
0.0146
0.0148215
0.0150433
0.0152674
0.0154887
0.0156958
0.0158769
0.0160087
0.0200202
0.0168308
0.0107915
0.0059653
0.00507762
0.00653972
0.0082421
0.00967916
0.0108242
0.0117618
0.0125864
0.0132439
0.01374
0.0142938
0.0149354
0.0154529
0.0159089
0.0164762
0.0170528
0.0175608
0.0180436
0.018545
0.0191323
0.0197759
0.0203501
0.0208443
0.0213587
0.0219173
0.0225037
0.0231313
0.0237456
0.0243523
0.0250113
0.0256776
0.0263139
0.0269273
0.0275288
0.0281166
0.0287215
0.0293925
0.0300782
0.030728
0.031383
0.0320892
0.0328166
0.0335236
0.0342471
0.0350185
0.0358102
0.036592
0.037357
0.0381199
0.0388706
0.0396165
0.040423
0.0413286
0.0422265
0.0431158
0.0440614
0.0450188
0.0459555
0.0468813
0.0478159
0.0488024
0.049822
0.0508461
0.0519105
0.052975
0.0540587
0.0551833
0.0563312
0.0574544
0.058618
0.0598086
0.0610263
0.0622711
0.0635363
0.0648314
0.0661404
0.0674757
0.0688095
0.0701978
0.0716264
0.0730891
0.0745279
0.0759902
0.0775257
0.0790779
0.0806342
0.0822273
0.083867
0.0855485
0.0871986
0.0889222
0.0906306
0.0923788
0.0940869
0.0957652
0.0973828
0.0987907
0.0196067
0.0167245
0.0108814
0.00612317
0.00517722
0.00658691
0.0082693
0.00969767
0.0108384
0.0117734
0.0125967
0.0132529
0.0137471
0.0142996
0.0149406
0.0154575
0.0159127
0.0164797
0.0170562
0.0175639
0.0180463
0.0185474
0.0191344
0.0197779
0.0203521
0.0208461
0.0213603
0.0219187
0.022505
0.0231325
0.0237468
0.0243533
0.0250122
0.0256786
0.0263148
0.0269282
0.0275297
0.0281175
0.0287223
0.0293932
0.030079
0.0307288
0.0313837
0.0320899
0.0328173
0.0335243
0.0342477
0.035019
0.0358107
0.0365925
0.0373575
0.0381204
0.038871
0.0396169
0.0404234
0.041329
0.0422269
0.0431162
0.0440617
0.0450191
0.0459558
0.0468816
0.0478162
0.0488027
0.0498222
0.0508463
0.0519107
0.0529752
0.0540589
0.0551835
0.0563313
0.0574545
0.0586182
0.0598088
0.0610265
0.0622713
0.0635365
0.0648316
0.0661406
0.0674758
0.0688096
0.0701979
0.0716265
0.0730893
0.074528
0.0759903
0.0775258
0.079078
0.0806344
0.0822274
0.0838671
0.0855486
0.0871987
0.0889223
0.0906307
0.0923789
0.094087
0.0957653
0.0973828
0.0987907
0.0191714
0.0165859
0.011039
0.00640241
0.00534169
0.00664682
0.00829779
0.009718
0.0108537
0.0117852
0.0126067
0.0132621
0.0137554
0.0143066
0.0149464
0.0154621
0.0159162
0.0164829
0.0170592
0.0175666
0.0180488
0.0185496
0.0191364
0.0197798
0.0203539
0.0208476
0.0213616
0.02192
0.0225061
0.0231336
0.0237478
0.0243542
0.0250131
0.0256795
0.0263157
0.026929
0.0275305
0.0281182
0.0287229
0.0293938
0.0300797
0.0307295
0.0313842
0.0320904
0.0328178
0.0335248
0.0342481
0.0350195
0.0358112
0.036593
0.0373579
0.0381208
0.0388714
0.0396172
0.0404236
0.0413293
0.0422272
0.0431164
0.0440619
0.0450194
0.0459561
0.0468818
0.0478164
0.0488029
0.0498224
0.0508465
0.0519109
0.0529754
0.0540591
0.0551836
0.0563315
0.0574547
0.0586184
0.0598089
0.0610266
0.0622714
0.0635366
0.0648317
0.0661407
0.067476
0.0688097
0.070198
0.0716266
0.0730894
0.0745282
0.0759904
0.0775259
0.0790781
0.0806344
0.0822275
0.0838672
0.0855487
0.0871988
0.0889224
0.0906308
0.092379
0.0940871
0.0957653
0.0973829
0.0987908
0.0187572
0.0164507
0.0112378
0.00675116
0.00556887
0.00673687
0.00834431
0.00975156
0.0108783
0.0118025
0.0126191
0.0132729
0.0137662
0.0143168
0.0149552
0.015469
0.0159217
0.0164874
0.0170629
0.0175698
0.0180522
0.0185528
0.0191391
0.0197822
0.020356
0.0208495
0.0213634
0.0219215
0.0225074
0.0231349
0.0237491
0.0243553
0.0250141
0.0256804
0.0263166
0.0269299
0.0275312
0.0281189
0.0287236
0.0293945
0.0300804
0.0307301
0.0313848
0.032091
0.0328184
0.0335253
0.0342486
0.03502
0.0358116
0.0365935
0.0373584
0.0381212
0.0388718
0.0396175
0.0404239
0.0413296
0.0422275
0.0431167
0.0440622
0.0450197
0.0459564
0.0468821
0.0478166
0.0488031
0.0498226
0.0508467
0.0519111
0.0529756
0.0540592
0.0551838
0.0563317
0.0574549
0.0586185
0.0598091
0.0610267
0.0622715
0.0635367
0.0648318
0.0661409
0.0674761
0.0688099
0.0701982
0.0716268
0.0730895
0.0745283
0.0759905
0.077526
0.0790783
0.0806345
0.0822276
0.0838673
0.0855488
0.0871988
0.0889225
0.0906309
0.0923791
0.0940872
0.0957655
0.0973831
0.098791
0.0183569
0.0163126
0.0114476
0.0071206
0.00582089
0.0068415
0.00839994
0.00979461
0.0109121
0.0118264
0.012635
0.013286
0.0137803
0.0143308
0.0149669
0.0154788
0.0159302
0.0164942
0.0170678
0.017574
0.0180569
0.0185577
0.0191433
0.0197855
0.0203587
0.0208522
0.021366
0.0219237
0.0225091
0.0231364
0.0237506
0.0243567
0.0250154
0.0256817
0.0263177
0.0269308
0.0275321
0.0281196
0.0287243
0.0293951
0.030081
0.0307308
0.0313855
0.0320917
0.032819
0.0335259
0.0342492
0.0350206
0.0358122
0.036594
0.037359
0.0381218
0.0388723
0.0396179
0.0404242
0.04133
0.0422279
0.043117
0.0440625
0.04502
0.0459567
0.0468824
0.0478168
0.0488033
0.0498229
0.0508469
0.0519113
0.0529758
0.0540594
0.055184
0.0563319
0.057455
0.0586186
0.0598092
0.0610269
0.0622717
0.0635369
0.064832
0.066141
0.0674762
0.06881
0.0701983
0.0716269
0.0730897
0.0745284
0.0759906
0.0775261
0.0790784
0.0806347
0.0822277
0.0838674
0.0855489
0.0871989
0.0889226
0.090631
0.0923792
0.0940873
0.0957656
0.0973835
0.0987914
0.0179661
0.016167
0.0116529
0.00749354
0.0060857
0.00695286
0.00845697
0.00984081
0.0109515
0.0118555
0.0126541
0.0133014
0.0137971
0.0143473
0.0149804
0.0154904
0.0159415
0.0165037
0.0170745
0.0175795
0.0180633
0.0185648
0.0191493
0.0197896
0.0203622
0.020856
0.0213699
0.021927
0.0225115
0.0231383
0.0237525
0.0243586
0.025017
0.0256832
0.0263192
0.0269321
0.0275331
0.0281206
0.0287251
0.0293959
0.0300817
0.0307315
0.0313863
0.0320924
0.0328197
0.0335266
0.03425
0.0350212
0.0358129
0.0365948
0.0373597
0.0381224
0.0388728
0.0396183
0.0404246
0.0413305
0.0422284
0.0431173
0.0440629
0.0450204
0.0459571
0.0468827
0.047817
0.0488035
0.0498232
0.0508471
0.0519115
0.052976
0.0540596
0.0551842
0.0563321
0.0574552
0.0586188
0.0598094
0.061027
0.0622719
0.063537
0.0648321
0.0661411
0.0674764
0.0688101
0.0701984
0.071627
0.0730898
0.0745285
0.0759907
0.0775263
0.0790785
0.0806348
0.0822278
0.0838675
0.0855491
0.087199
0.0889227
0.0906311
0.0923793
0.0940875
0.0957659
0.097384
0.0987918
0.0175889
0.0160137
0.0118463
0.00786455
0.00636235
0.00707163
0.00851484
0.00988842
0.0109945
0.0118888
0.0126764
0.013319
0.0138159
0.0143654
0.0149945
0.0155028
0.0159543
0.0165151
0.0170829
0.0175867
0.0180716
0.018574
0.0191569
0.0197946
0.0203664
0.020861
0.0213753
0.0219316
0.0225148
0.0231407
0.0237548
0.0243608
0.0250188
0.0256849
0.026321
0.0269337
0.0275344
0.028122
0.0287263
0.0293967
0.0300824
0.0307324
0.0313873
0.0320931
0.0328203
0.0335274
0.0342509
0.035022
0.0358136
0.0365956
0.0373606
0.0381232
0.0388734
0.0396188
0.040425
0.041331
0.0422289
0.0431178
0.0440634
0.0450209
0.0459576
0.0468831
0.0478173
0.0488038
0.0498235
0.0508474
0.0519118
0.0529762
0.0540598
0.0551844
0.0563323
0.0574554
0.058619
0.0598096
0.0610272
0.062272
0.0635372
0.0648323
0.0661413
0.0674765
0.0688103
0.0701985
0.0716271
0.07309
0.0745287
0.0759908
0.0775264
0.0790786
0.0806349
0.0822279
0.0838676
0.0855492
0.0871992
0.0889228
0.0906312
0.0923795
0.0940877
0.0957662
0.0973846
0.0987924
0.0172292
0.0158493
0.0120212
0.00823237
0.006654
0.00720183
0.00857518
0.0099372
0.0110408
0.0119259
0.0127016
0.0133386
0.0138363
0.0143847
0.0150093
0.0155154
0.0159676
0.0165275
0.0170927
0.0175953
0.0180816
0.018585
0.0191658
0.0198003
0.020371
0.0208669
0.0213821
0.0219376
0.0225192
0.0231439
0.0237577
0.0243634
0.0250207
0.0256864
0.0263229
0.0269355
0.027536
0.0281238
0.028728
0.0293978
0.0300833
0.0307335
0.0313886
0.032094
0.0328208
0.0335282
0.0342519
0.0350229
0.0358144
0.0365966
0.0373618
0.0381242
0.0388742
0.0396196
0.0404257
0.0413316
0.0422294
0.0431183
0.0440639
0.0450215
0.0459583
0.0468837
0.0478177
0.0488043
0.0498239
0.0508478
0.0519121
0.0529765
0.0540601
0.0551847
0.0563326
0.0574556
0.0586192
0.0598098
0.0610274
0.0622722
0.0635374
0.0648325
0.0661415
0.0674767
0.0688104
0.0701987
0.0716273
0.0730901
0.0745288
0.0759909
0.0775265
0.0790788
0.080635
0.082228
0.0838677
0.0855494
0.0871993
0.0889229
0.0906314
0.0923796
0.094088
0.0957667
0.0973855
0.0987931
0.0168867
0.0156723
0.0121774
0.0085987
0.00696317
0.00734585
0.00863848
0.00998631
0.0110894
0.0119665
0.0127297
0.0133599
0.013858
0.0144052
0.0150249
0.0155286
0.0159815
0.0165407
0.0171035
0.017605
0.0180927
0.0185972
0.0191757
0.0198065
0.0203759
0.0208733
0.0213898
0.0219447
0.0225246
0.0231478
0.0237613
0.0243667
0.0250227
0.0256878
0.0263244
0.0269371
0.0275378
0.0281262
0.0287304
0.0293993
0.0300843
0.0307348
0.0313903
0.0320952
0.0328214
0.033529
0.034253
0.0350237
0.035815
0.0365977
0.0373631
0.0381254
0.0388752
0.0396206
0.0404267
0.0413324
0.0422301
0.0431189
0.0440646
0.0450222
0.045959
0.0468843
0.0478182
0.0488048
0.0498245
0.0508482
0.0519125
0.0529769
0.0540605
0.055185
0.0563329
0.0574559
0.0586194
0.05981
0.0610276
0.0622724
0.0635376
0.0648326
0.0661416
0.0674769
0.0688106
0.0701988
0.0716274
0.0730903
0.074529
0.0759911
0.0775267
0.079079
0.0806352
0.0822281
0.0838679
0.0855495
0.0871994
0.088923
0.0906316
0.0923798
0.0940884
0.0957673
0.0973866
0.098794
0.0165615
0.0154892
0.012318
0.00896178
0.0072869
0.0075038
0.00870499
0.0100351
0.0111396
0.0120102
0.0127601
0.0133826
0.0138805
0.0144266
0.0150414
0.0155425
0.0159961
0.0165546
0.0171149
0.0176153
0.0181045
0.0186101
0.0191863
0.0198131
0.0203811
0.02088
0.021398
0.0219525
0.0225309
0.0231525
0.0237655
0.0243705
0.025025
0.025689
0.0263256
0.0269383
0.0275395
0.028129
0.0287333
0.0294012
0.0300855
0.0307365
0.0313924
0.0320968
0.0328223
0.03353
0.0342544
0.0350245
0.0358155
0.0365986
0.0373645
0.0381267
0.0388764
0.0396221
0.040428
0.0413335
0.0422309
0.0431196
0.0440652
0.0450229
0.0459599
0.0468851
0.0478189
0.0488054
0.0498251
0.0508488
0.051913
0.0529773
0.0540609
0.0551854
0.0563333
0.0574562
0.0586197
0.0598103
0.0610279
0.0622727
0.0635378
0.0648329
0.0661418
0.0674771
0.0688108
0.070199
0.0716276
0.0730904
0.0745292
0.0759912
0.0775269
0.0790791
0.0806353
0.0822283
0.083868
0.0855497
0.0871996
0.0889231
0.0906319
0.09238
0.0940888
0.0957682
0.0973879
0.0987951
0.0162581
0.0153089
0.0124436
0.00931501
0.00762011
0.00767606
0.00877596
0.0100833
0.0111903
0.0120561
0.0127924
0.0134061
0.0139036
0.0144485
0.0150588
0.0155574
0.0160116
0.0165693
0.017127
0.0176262
0.0181167
0.0186235
0.0191973
0.0198201
0.0203865
0.0208869
0.0214065
0.0219608
0.0225377
0.0231577
0.0237703
0.0243747
0.0250275
0.0256902
0.0263265
0.0269391
0.0275407
0.0281319
0.0287368
0.0294036
0.0300869
0.0307384
0.031395
0.0320988
0.0328234
0.0335313
0.0342559
0.0350254
0.0358159
0.0365993
0.0373657
0.0381278
0.0388776
0.0396237
0.0404299
0.041335
0.042232
0.0431204
0.0440657
0.0450235
0.0459608
0.0468861
0.0478197
0.0488063
0.0498259
0.0508495
0.0519135
0.0529778
0.0540615
0.0551859
0.0563338
0.0574566
0.0586201
0.0598107
0.0610282
0.062273
0.0635381
0.0648331
0.0661421
0.0674774
0.0688111
0.0701992
0.0716278
0.0730906
0.0745294
0.0759914
0.0775271
0.0790793
0.0806355
0.0822284
0.0838682
0.08555
0.0871998
0.0889233
0.0906321
0.0923802
0.0940893
0.0957693
0.0973896
0.0987964
0.015981
0.0151361
0.0125518
0.00965267
0.00795915
0.00786331
0.00885251
0.0101306
0.0112403
0.0121035
0.0128264
0.0134303
0.0139266
0.0144707
0.0150766
0.0155729
0.0160279
0.0165849
0.0171397
0.0176374
0.0181294
0.0186373
0.0192087
0.0198273
0.0203921
0.0208941
0.0214152
0.0219694
0.0225448
0.0231633
0.0237754
0.0243794
0.0250304
0.0256915
0.0263272
0.0269394
0.0275417
0.0281347
0.0287406
0.0294063
0.0300886
0.0307404
0.0313977
0.032101
0.0328248
0.0335329
0.0342577
0.0350264
0.0358162
0.0365999
0.0373666
0.0381286
0.0388785
0.0396255
0.040432
0.041337
0.0422336
0.0431216
0.0440662
0.0450238
0.0459615
0.046887
0.0478207
0.0488073
0.0498268
0.0508503
0.0519142
0.0529784
0.054062
0.0551865
0.0563343
0.0574571
0.0586207
0.0598111
0.0610286
0.0622733
0.0635384
0.0648334
0.0661423
0.0674777
0.0688114
0.0701995
0.071628
0.0730908
0.0745296
0.0759917
0.0775273
0.0790795
0.0806357
0.0822286
0.0838684
0.0855502
0.0872
0.0889234
0.0906325
0.0923804
0.0940899
0.0957706
0.0973915
0.0987979
0.0157303
0.0149729
0.0126422
0.00997152
0.00830084
0.00806538
0.00893531
0.0101765
0.0112887
0.012152
0.0128625
0.0134555
0.0139498
0.0144931
0.015095
0.015589
0.016045
0.0166013
0.0171532
0.0176491
0.0181425
0.0186516
0.0192205
0.0198348
0.0203979
0.0209016
0.0214243
0.0219783
0.0225524
0.0231693
0.0237809
0.0243843
0.0250335
0.0256928
0.0263277
0.0269395
0.0275424
0.0281375
0.0287446
0.0294093
0.0300905
0.0307426
0.0314006
0.0321035
0.0328265
0.0335347
0.0342598
0.0350275
0.0358165
0.0366002
0.0373672
0.0381289
0.0388789
0.039627
0.0404343
0.0413394
0.0422357
0.0431232
0.0440669
0.0450239
0.0459618
0.0468876
0.0478217
0.0488085
0.049828
0.0508512
0.0519149
0.0529791
0.0540627
0.055187
0.0563348
0.0574577
0.0586213
0.0598117
0.061029
0.0622737
0.0635387
0.0648337
0.0661427
0.0674781
0.0688118
0.0701998
0.0716282
0.073091
0.0745299
0.0759919
0.0775275
0.0790797
0.0806358
0.0822288
0.0838686
0.0855505
0.0872002
0.0889236
0.0906329
0.0923807
0.0940906
0.0957723
0.0973938
0.0987996
0.0155031
0.0148215
0.0127166
0.0102692
0.00864172
0.00828162
0.00902549
0.0102214
0.0113351
0.0122017
0.0129012
0.0134823
0.0139735
0.014516
0.015114
0.0156058
0.0160628
0.0166187
0.0171674
0.0176615
0.0181562
0.0186665
0.0192327
0.0198425
0.020404
0.0209093
0.0214337
0.0219876
0.0225603
0.0231757
0.0237867
0.0243897
0.0250369
0.0256944
0.0263282
0.0269395
0.0275432
0.0281404
0.0287486
0.0294125
0.0300925
0.0307449
0.0314036
0.0321061
0.0328283
0.0335368
0.0342621
0.0350288
0.0358168
0.0366005
0.0373676
0.0381289
0.038879
0.0396282
0.0404365
0.0413418
0.0422381
0.0431253
0.0440678
0.0450239
0.0459618
0.046888
0.0478226
0.0488098
0.0498292
0.0508522
0.0519157
0.0529799
0.0540635
0.0551875
0.0563352
0.0574583
0.0586221
0.0598124
0.0610296
0.0622742
0.0635392
0.0648341
0.066143
0.0674785
0.0688123
0.0702001
0.0716284
0.0730912
0.0745302
0.0759923
0.0775278
0.07908
0.0806361
0.0822289
0.0838688
0.0855507
0.0872005
0.0889238
0.0906334
0.0923811
0.0940913
0.0957741
0.0973964
0.0988015
0.0152957
0.0146835
0.0127777
0.0105438
0.00897838
0.00851184
0.00912536
0.0102671
0.0113798
0.0122522
0.0129427
0.0135113
0.0139985
0.0145397
0.0151338
0.0156233
0.0160814
0.016637
0.0171827
0.0176746
0.0181707
0.0186821
0.0192454
0.0198506
0.0204103
0.0209174
0.0214436
0.0219974
0.0225688
0.0231825
0.0237929
0.0243954
0.0250407
0.0256962
0.0263289
0.0269397
0.0275441
0.0281435
0.0287529
0.0294159
0.0300946
0.0307472
0.0314068
0.0321088
0.0328302
0.033539
0.0342646
0.0350303
0.0358171
0.0366006
0.0373677
0.0381286
0.0388788
0.0396291
0.0404385
0.0413443
0.0422407
0.0431276
0.044069
0.0450239
0.0459615
0.0468881
0.0478234
0.0488113
0.0498307
0.0508533
0.0519165
0.0529808
0.0540645
0.0551881
0.0563355
0.0574588
0.0586229
0.0598132
0.0610303
0.0622747
0.0635396
0.0648345
0.0661434
0.067479
0.0688129
0.0702005
0.0716285
0.0730914
0.0745305
0.0759927
0.0775282
0.0790803
0.0806364
0.0822291
0.083869
0.085551
0.0872008
0.0889239
0.0906339
0.0923816
0.0940922
0.0957763
0.0973991
0.0988036
0.0151036
0.0145599
0.0128285
0.0107939
0.00930791
0.00875646
0.00923782
0.0103153
0.0114226
0.0123027
0.0129867
0.013543
0.0140251
0.0145647
0.0151547
0.0156419
0.0161012
0.0166564
0.0171988
0.0176885
0.0181859
0.0186985
0.0192588
0.0198593
0.0204171
0.0209259
0.021454
0.0220078
0.0225777
0.0231897
0.0237995
0.0244014
0.0250448
0.0256983
0.0263297
0.0269401
0.0275455
0.0281469
0.0287573
0.0294193
0.0300968
0.0307498
0.03141
0.0321116
0.0328321
0.0335413
0.0342672
0.0350318
0.0358174
0.0366006
0.0373677
0.038128
0.0388783
0.0396299
0.0404404
0.0413467
0.0422432
0.0431301
0.0440703
0.0450238
0.0459611
0.0468879
0.0478242
0.0488128
0.0498322
0.0508546
0.0519174
0.0529817
0.0540655
0.0551888
0.0563357
0.0574593
0.0586238
0.0598142
0.0610311
0.0622754
0.0635401
0.0648348
0.0661438
0.0674796
0.0688136
0.0702011
0.0716287
0.0730914
0.0745309
0.0759932
0.0775285
0.0790806
0.0806367
0.0822293
0.0838691
0.0855512
0.0872011
0.088924
0.0906345
0.0923821
0.0940933
0.0957787
0.0974021
0.0988058
0.0149227
0.0144508
0.0128723
0.0110192
0.00962805
0.00901572
0.0093654
0.0103676
0.0114634
0.0123522
0.0130329
0.0135778
0.0140541
0.0145914
0.0151769
0.0156616
0.0161221
0.0166768
0.0172157
0.0177031
0.0182019
0.0187157
0.0192729
0.0198685
0.0204244
0.020935
0.021465
0.0220189
0.0225872
0.0231973
0.0238064
0.0244078
0.0250493
0.0257008
0.0263309
0.0269408
0.0275472
0.0281506
0.0287619
0.0294229
0.0300991
0.0307524
0.0314134
0.0321144
0.032834
0.0335437
0.03427
0.0350335
0.0358177
0.0366005
0.0373674
0.0381273
0.0388779
0.0396308
0.0404423
0.041349
0.0422457
0.0431326
0.0440717
0.0450237
0.0459605
0.0468878
0.0478249
0.0488142
0.0498338
0.0508559
0.0519183
0.0529826
0.0540667
0.0551896
0.0563359
0.0574596
0.0586246
0.0598152
0.061032
0.0622761
0.0635407
0.0648353
0.0661441
0.0674801
0.0688144
0.0702018
0.0716288
0.0730914
0.0745313
0.0759938
0.0775289
0.0790809
0.0806372
0.0822296
0.0838692
0.0855513
0.0872015
0.0889242
0.090635
0.0923826
0.0940946
0.0957816
0.0974053
0.0988081
0.0147499
0.0143551
0.0129129
0.011221
0.00993673
0.00928817
0.00950986
0.0104257
0.0115022
0.0124
0.0130808
0.0136158
0.0140859
0.0146201
0.0152005
0.0156824
0.016144
0.0166983
0.0172335
0.0177184
0.0182185
0.0187335
0.0192878
0.0198783
0.0204322
0.0209447
0.0214767
0.0220307
0.0225973
0.0232053
0.0238137
0.0244145
0.0250541
0.0257035
0.0263323
0.0269419
0.0275493
0.0281546
0.0287667
0.0294265
0.0301015
0.0307551
0.031417
0.0321174
0.032836
0.0335462
0.0342728
0.0350353
0.035818
0.0366003
0.0373671
0.0381265
0.0388778
0.0396319
0.0404444
0.0413513
0.042248
0.0431351
0.0440731
0.0450237
0.0459599
0.0468877
0.047826
0.0488158
0.0498354
0.0508572
0.0519192
0.0529836
0.0540678
0.0551903
0.0563361
0.05746
0.0586255
0.0598162
0.0610329
0.0622768
0.0635413
0.0648357
0.0661445
0.0674806
0.0688153
0.0702026
0.0716291
0.0730913
0.0745317
0.0759945
0.0775293
0.0790812
0.0806377
0.0822301
0.0838693
0.0855514
0.0872018
0.0889244
0.0906356
0.0923831
0.094096
0.0957847
0.0974087
0.0988105
0.0145831
0.0142709
0.012954
0.0114015
0.0102312
0.00957054
0.00967239
0.0104917
0.0115399
0.0124454
0.0131297
0.0136571
0.014121
0.0146511
0.0152254
0.0157043
0.0161671
0.0167207
0.0172521
0.0177345
0.0182359
0.0187521
0.0193033
0.0198888
0.0204406
0.020955
0.021489
0.0220431
0.0226078
0.0232136
0.0238214
0.0244216
0.0250593
0.0257065
0.026334
0.0269432
0.0275517
0.0281587
0.0287718
0.0294303
0.0301039
0.030758
0.0314208
0.0321205
0.032838
0.0335487
0.0342758
0.0350373
0.0358184
0.0366001
0.0373666
0.038126
0.0388781
0.0396337
0.040447
0.0413537
0.0422503
0.0431374
0.0440745
0.0450236
0.0459595
0.0468879
0.0478273
0.0488174
0.049837
0.0508585
0.0519202
0.0529846
0.0540689
0.0551911
0.0563362
0.0574604
0.0586263
0.0598173
0.0610339
0.0622776
0.0635419
0.0648362
0.0661449
0.0674811
0.0688161
0.0702034
0.0716293
0.073091
0.074532
0.0759952
0.0775297
0.0790814
0.0806382
0.0822306
0.0838694
0.0855513
0.0872021
0.0889246
0.0906361
0.0923835
0.0940974
0.0957883
0.0974123
0.098813
0.0144208
0.0141958
0.0129992
0.0115634
0.0105081
0.00985886
0.00985391
0.0105679
0.0115779
0.0124882
0.0131787
0.0137012
0.0141595
0.0146847
0.0152518
0.0157273
0.0161913
0.0167442
0.0172717
0.0177515
0.0182539
0.0187713
0.0193197
0.0199
0.0204496
0.0209659
0.0215018
0.0220561
0.0226188
0.0232223
0.0238295
0.024429
0.0250647
0.0257098
0.026336
0.0269448
0.0275543
0.0281631
0.0287771
0.0294343
0.0301064
0.030761
0.0314248
0.0321239
0.0328402
0.0335513
0.0342789
0.0350395
0.035819
0.0365999
0.0373662
0.0381256
0.0388791
0.0396362
0.0404503
0.0413562
0.0422525
0.0431397
0.0440759
0.0450237
0.0459592
0.0468884
0.0478291
0.0488192
0.0498386
0.0508599
0.0519213
0.0529857
0.0540701
0.0551918
0.0563363
0.0574609
0.0586273
0.0598184
0.061035
0.0622785
0.0635425
0.0648367
0.0661453
0.0674816
0.068817
0.0702043
0.0716297
0.0730905
0.0745322
0.075996
0.0775302
0.0790814
0.0806387
0.0822312
0.0838694
0.0855511
0.0872024
0.0889249
0.0906367
0.0923838
0.0940989
0.095792
0.0974161
0.0988156
0.0142629
0.014127
0.0130509
0.0117097
0.0107642
0.0101492
0.0100546
0.0106566
0.0116177
0.0125284
0.013227
0.0137477
0.0142015
0.0147212
0.01528
0.0157515
0.0162167
0.0167687
0.0172921
0.0177693
0.0182728
0.0187912
0.0193369
0.0199119
0.0204591
0.0209774
0.0215153
0.0220696
0.0226302
0.0232314
0.023838
0.0244368
0.0250705
0.0257133
0.0263382
0.0269466
0.027557
0.0281675
0.0287826
0.0294384
0.030109
0.0307642
0.031429
0.0321275
0.0328425
0.033554
0.0342822
0.035042
0.0358197
0.0365997
0.0373659
0.0381257
0.0388808
0.0396396
0.0404543
0.0413589
0.0422548
0.0431419
0.0440772
0.0450237
0.0459589
0.0468892
0.0478312
0.048821
0.0498402
0.0508613
0.0519224
0.0529868
0.0540713
0.0551925
0.0563365
0.0574615
0.0586282
0.0598195
0.061036
0.0622793
0.0635432
0.0648372
0.0661457
0.0674821
0.0688179
0.0702052
0.0716302
0.0730899
0.0745324
0.0759966
0.0775307
0.0790813
0.0806391
0.0822317
0.0838694
0.0855508
0.0872026
0.0889252
0.0906373
0.092384
0.0941003
0.0957959
0.0974202
0.0988184
0.0141097
0.0140606
0.0131107
0.0118442
0.0109977
0.0104374
0.0102735
0.0107595
0.0116609
0.0125664
0.0132739
0.0137959
0.0142468
0.0147608
0.0153102
0.0157772
0.0162433
0.0167942
0.0173133
0.0177881
0.0182925
0.0188119
0.019355
0.0199246
0.0204693
0.0209894
0.0215293
0.0220836
0.022642
0.0232408
0.0238469
0.0244449
0.0250766
0.0257171
0.0263407
0.0269487
0.0275598
0.0281721
0.0287884
0.0294426
0.0301116
0.0307675
0.0314334
0.0321314
0.032845
0.0335568
0.0342855
0.0350447
0.0358206
0.0365996
0.0373657
0.0381261
0.0388832
0.0396438
0.0404591
0.0413619
0.042257
0.0431441
0.0440786
0.0450238
0.0459588
0.0468902
0.0478336
0.048823
0.0498418
0.0508628
0.0519236
0.052988
0.0540725
0.0551932
0.0563367
0.0574622
0.0586293
0.0598207
0.0610371
0.0622802
0.0635439
0.0648378
0.0661462
0.0674827
0.0688188
0.0702061
0.0716307
0.0730893
0.0745327
0.0759972
0.0775312
0.0790811
0.0806394
0.0822322
0.0838694
0.0855504
0.0872028
0.0889253
0.090638
0.092384
0.0941019
0.0957997
0.0974246
0.0988213
0.0139627
0.0139917
0.0131788
0.0119719
0.0112074
0.0107194
0.010509
0.0108784
0.0117096
0.0126032
0.0133188
0.0138449
0.0142952
0.0148036
0.0153429
0.0158046
0.0162713
0.0168208
0.0173355
0.017808
0.0183132
0.0188335
0.019374
0.0199381
0.0204801
0.0210021
0.0215439
0.0220981
0.0226541
0.0232506
0.0238562
0.0244535
0.025083
0.0257211
0.0263435
0.026951
0.0275628
0.0281768
0.0287945
0.0294469
0.0301144
0.0307711
0.0314381
0.0321355
0.0328478
0.0335596
0.034289
0.0350476
0.0358216
0.0365996
0.0373657
0.0381269
0.0388861
0.0396488
0.0404646
0.0413651
0.0422592
0.0431464
0.0440799
0.045024
0.0459588
0.0468914
0.0478361
0.048825
0.0498434
0.0508643
0.0519248
0.0529893
0.0540738
0.0551939
0.056337
0.0574631
0.0586304
0.0598219
0.0610381
0.0622812
0.0635446
0.0648384
0.0661467
0.0674833
0.0688196
0.070207
0.0716312
0.0730886
0.0745329
0.0759977
0.0775318
0.0790807
0.0806398
0.0822326
0.0838694
0.0855498
0.087203
0.0889254
0.0906385
0.092384
0.0941035
0.0958035
0.0974294
0.0988244
0.0138253
0.0139151
0.0132538
0.0120986
0.0113936
0.0109908
0.0107587
0.0110143
0.0117654
0.0126401
0.0133617
0.0138939
0.0143461
0.0148496
0.0153783
0.0158342
0.0163009
0.0168484
0.0173587
0.0178288
0.0183347
0.018856
0.0193939
0.0199525
0.0204915
0.0210154
0.0215591
0.0221131
0.0226666
0.0232609
0.023866
0.0244624
0.0250898
0.0257255
0.0263466
0.0269537
0.0275659
0.0281817
0.0288009
0.0294514
0.0301172
0.0307748
0.031443
0.03214
0.0328507
0.0335625
0.0342925
0.0350506
0.0358228
0.0365997
0.0373657
0.0381281
0.0388894
0.0396542
0.0404706
0.0413685
0.0422614
0.0431486
0.0440812
0.0450241
0.0459589
0.0468927
0.0478387
0.0488271
0.049845
0.050866
0.0519261
0.0529906
0.0540752
0.0551947
0.0563374
0.057464
0.0586316
0.0598231
0.0610393
0.0622822
0.0635454
0.064839
0.0661472
0.0674839
0.0688204
0.0702082
0.0716317
0.073088
0.0745332
0.0759982
0.0775324
0.0790801
0.0806402
0.0822329
0.0838694
0.0855492
0.0872031
0.0889253
0.0906391
0.0923839
0.0941053
0.0958074
0.0974344
0.0988277
0.0137039
0.0138262
0.0133307
0.0122308
0.0115585
0.0112469
0.0110197
0.011168
0.0118295
0.0126784
0.0134033
0.0139424
0.0143987
0.0148984
0.0154166
0.0158663
0.0163323
0.016877
0.0173829
0.0178507
0.0183572
0.0188795
0.0194148
0.0199677
0.0205037
0.0210293
0.021575
0.0221285
0.0226796
0.0232716
0.0238762
0.0244718
0.0250969
0.0257303
0.0263501
0.0269568
0.0275691
0.0281867
0.0288075
0.0294561
0.0301202
0.0307788
0.0314482
0.0321447
0.0328539
0.0335654
0.0342962
0.0350537
0.0358241
0.0365998
0.0373659
0.0381295
0.0388929
0.03966
0.0404769
0.0413721
0.0422638
0.043151
0.0440826
0.0450244
0.045959
0.0468941
0.0478413
0.0488293
0.0498467
0.0508677
0.0519275
0.052992
0.0540767
0.0551955
0.0563379
0.0574649
0.0586328
0.0598243
0.0610405
0.0622832
0.0635462
0.0648396
0.0661477
0.0674845
0.0688213
0.0702094
0.0716322
0.0730876
0.0745335
0.0759988
0.077533
0.0790797
0.0806406
0.0822332
0.0838694
0.0855486
0.0872034
0.0889252
0.0906395
0.0923839
0.0941072
0.0958115
0.0974399
0.0988312
0.0136076
0.0137246
0.0134014
0.0123736
0.0117071
0.0114826
0.0112881
0.0113403
0.0119033
0.0127197
0.0134446
0.0139901
0.0144521
0.0149496
0.0154579
0.0159015
0.0163659
0.0169068
0.0174081
0.0178737
0.0183805
0.018904
0.0194369
0.0199839
0.0205165
0.0210439
0.0215915
0.0221445
0.022693
0.0232829
0.0238869
0.0244817
0.0251045
0.0257354
0.0263539
0.0269604
0.0275726
0.028192
0.0288145
0.029461
0.0301233
0.0307831
0.0314537
0.0321497
0.0328573
0.0335684
0.0343
0.035057
0.0358255
0.0366
0.0373663
0.0381311
0.0388965
0.0396659
0.0404835
0.041376
0.0422662
0.0431535
0.044084
0.0450247
0.0459592
0.0468956
0.0478439
0.0488315
0.0498486
0.0508695
0.051929
0.0529934
0.0540782
0.0551965
0.0563385
0.0574659
0.0586341
0.0598256
0.0610418
0.0622843
0.063547
0.0648403
0.0661483
0.0674851
0.0688222
0.0702107
0.0716326
0.0730873
0.0745338
0.0759995
0.0775337
0.0790793
0.0806412
0.0822336
0.0838696
0.0855481
0.0872036
0.0889251
0.09064
0.0923841
0.0941094
0.095816
0.0974459
0.098835
0.0135445
0.013617
0.0134563
0.012528
0.0118472
0.0116938
0.0115585
0.0115323
0.0119879
0.0127647
0.0134872
0.0140371
0.0145054
0.0150026
0.0155021
0.01594
0.0164022
0.016938
0.0174342
0.0178978
0.0184048
0.0189296
0.0194602
0.0200012
0.0205302
0.0210593
0.021609
0.022161
0.0227069
0.0232947
0.0238982
0.0244922
0.0251125
0.025741
0.0263582
0.0269643
0.0275763
0.0281974
0.0288218
0.0294662
0.0301266
0.0307875
0.0314594
0.0321549
0.0328608
0.0335716
0.034304
0.0350603
0.0358271
0.0366003
0.0373668
0.038133
0.0389003
0.0396721
0.0404902
0.04138
0.0422687
0.043156
0.0440855
0.0450251
0.0459596
0.0468971
0.0478464
0.0488339
0.0498505
0.0508714
0.0519305
0.0529948
0.0540798
0.0551975
0.0563391
0.0574669
0.0586355
0.059827
0.0610431
0.0622855
0.0635479
0.064841
0.0661489
0.0674858
0.0688232
0.0702121
0.071633
0.0730871
0.0745341
0.0760004
0.0775344
0.0790791
0.0806418
0.0822342
0.08387
0.0855477
0.087204
0.0889252
0.0906405
0.0923845
0.0941117
0.0958209
0.0974523
0.098839
0.0135177
0.0135159
0.0134873
0.0126892
0.0119886
0.0118795
0.0118237
0.0117443
0.0120849
0.0128131
0.0135327
0.0140845
0.0145579
0.0150564
0.0155491
0.0159819
0.0164415
0.016971
0.0174615
0.017923
0.0184301
0.0189562
0.0194847
0.0200196
0.0205448
0.0210755
0.0216273
0.0221783
0.0227214
0.023307
0.02391
0.0245032
0.025121
0.025747
0.026363
0.0269688
0.0275803
0.028203
0.0288294
0.0294718
0.0301301
0.0307921
0.0314655
0.0321604
0.0328645
0.0335748
0.034308
0.0350637
0.0358287
0.0366006
0.0373674
0.0381351
0.0389042
0.0396782
0.0404969
0.0413843
0.0422714
0.0431587
0.0440871
0.0450256
0.04596
0.0468987
0.047849
0.0488363
0.0498525
0.0508734
0.0519321
0.0529963
0.0540814
0.0551986
0.0563398
0.0574679
0.058637
0.0598285
0.0610445
0.0622866
0.0635489
0.0648417
0.0661495
0.0674864
0.0688243
0.0702135
0.0716334
0.0730871
0.0745345
0.0760015
0.0775352
0.0790792
0.0806426
0.0822349
0.0838705
0.0855475
0.0872045
0.0889254
0.0906411
0.0923853
0.0941141
0.0958262
0.0974592
0.0988433
0.0135215
0.0134364
0.0134928
0.0128466
0.0121403
0.0120437
0.0120753
0.0119741
0.0121972
0.0128649
0.0135822
0.0141342
0.0146092
0.01511
0.0155986
0.0160272
0.0164838
0.0170063
0.0174904
0.0179492
0.0184565
0.018984
0.0195105
0.0200391
0.0205604
0.0210926
0.0216466
0.0221964
0.0227366
0.0233199
0.0239224
0.0245147
0.0251298
0.0257535
0.0263682
0.0269737
0.0275846
0.028209
0.0288373
0.0294776
0.0301337
0.030797
0.0314718
0.0321661
0.0328684
0.0335783
0.0343123
0.0350672
0.0358305
0.0366011
0.0373682
0.0381374
0.0389081
0.0396845
0.0405038
0.0413887
0.0422742
0.0431615
0.0440888
0.0450262
0.0459605
0.0469003
0.0478515
0.0488389
0.0498547
0.0508755
0.0519337
0.0529978
0.0540831
0.0551998
0.0563406
0.0574689
0.0586385
0.05983
0.0610459
0.0622879
0.0635499
0.0648425
0.0661502
0.0674872
0.0688256
0.0702149
0.0716339
0.0730872
0.074535
0.0760028
0.077536
0.0790795
0.0806434
0.0822359
0.0838712
0.0855474
0.0872051
0.0889258
0.0906419
0.0923865
0.0941167
0.095832
0.0974666
0.0988479
0.0135436
0.013391
0.0134815
0.0129888
0.0123048
0.0121944
0.0123062
0.0122161
0.0123281
0.0129204
0.0136352
0.0141887
0.0146596
0.0151622
0.01565
0.0160758
0.0165291
0.0170441
0.0175211
0.0179766
0.0184838
0.0190132
0.0195377
0.0200599
0.0205771
0.0211107
0.0216668
0.0222151
0.0227525
0.0233334
0.0239355
0.024527
0.0251391
0.0257604
0.026374
0.0269789
0.0275892
0.0282152
0.0288456
0.029484
0.0301376
0.0308019
0.0314785
0.0321721
0.0328724
0.0335819
0.0343167
0.0350708
0.0358324
0.0366018
0.0373692
0.0381399
0.0389121
0.0396908
0.0405107
0.0413933
0.0422771
0.0431644
0.0440908
0.045027
0.0459611
0.046902
0.0478542
0.0488415
0.0498569
0.0508777
0.0519355
0.0529995
0.0540849
0.0552011
0.0563414
0.0574699
0.0586401
0.0598317
0.0610474
0.0622891
0.063551
0.0648433
0.0661509
0.067488
0.0688269
0.0702163
0.0716345
0.0730874
0.0745355
0.0760042
0.0775368
0.07908
0.0806444
0.0822371
0.0838719
0.0855474
0.0872058
0.0889264
0.0906427
0.0923881
0.0941194
0.0958382
0.0974744
0.0988529
0.0135689
0.013382
0.0134678
0.0131082
0.0124758
0.0123424
0.012515
0.0124613
0.0124799
0.012982
0.0136903
0.0142501
0.0147108
0.0152115
0.0157025
0.0161276
0.0165776
0.0170848
0.0175541
0.0180053
0.0185121
0.0190437
0.0195664
0.0200817
0.0205948
0.0211302
0.0216882
0.0222348
0.022769
0.0233473
0.023949
0.0245399
0.0251491
0.0257678
0.0263804
0.0269847
0.0275942
0.0282217
0.0288541
0.0294906
0.0301416
0.0308071
0.0314855
0.0321783
0.0328765
0.0335857
0.0343214
0.0350746
0.0358344
0.0366026
0.0373705
0.0381425
0.0389162
0.039697
0.0405177
0.0413981
0.0422802
0.0431675
0.0440928
0.0450279
0.0459619
0.0469037
0.0478569
0.0488441
0.0498592
0.0508799
0.0519373
0.0530011
0.0540867
0.0552026
0.0563423
0.057471
0.0586418
0.0598334
0.0610489
0.0622904
0.0635521
0.0648442
0.0661517
0.0674888
0.0688282
0.0702178
0.0716351
0.0730875
0.0745361
0.0760058
0.0775377
0.0790807
0.0806454
0.0822384
0.0838727
0.0855476
0.0872066
0.0889272
0.0906437
0.0923901
0.0941224
0.0958448
0.0974826
0.0988581
0.0135845
0.0134009
0.0134662
0.013206
0.012642
0.0124951
0.0127065
0.0127001
0.0126507
0.013054
0.0137466
0.0143186
0.0147655
0.0152576
0.0157546
0.0161823
0.0166292
0.0171286
0.0175896
0.0180355
0.0185414
0.0190756
0.0195967
0.0201047
0.0206134
0.0211507
0.0217108
0.0222555
0.0227865
0.0233618
0.023963
0.0245535
0.0251594
0.0257757
0.0263874
0.026991
0.0275997
0.0282286
0.0288631
0.0294976
0.0301458
0.0308124
0.0314928
0.0321848
0.0328807
0.0335897
0.0343263
0.0350786
0.0358366
0.0366036
0.0373719
0.0381454
0.0389205
0.0397034
0.0405248
0.041403
0.0422834
0.0431706
0.0440951
0.045029
0.0459628
0.0469055
0.0478597
0.0488469
0.0498616
0.0508823
0.0519392
0.0530029
0.0540887
0.0552041
0.0563432
0.0574722
0.0586435
0.0598351
0.0610505
0.0622918
0.0635533
0.0648452
0.0661525
0.0674898
0.0688296
0.0702193
0.0716359
0.0730878
0.0745368
0.0760074
0.0775387
0.0790815
0.0806464
0.0822398
0.0838736
0.0855479
0.0872074
0.0889281
0.0906449
0.0923923
0.0941255
0.0958518
0.0974913
0.0988637
0.0135856
0.0134371
0.013485
0.013292
0.0127941
0.0126502
0.0128887
0.0129269
0.0128339
0.013141
0.013805
0.0143927
0.0148269
0.0153016
0.0158043
0.0162389
0.0166835
0.0171757
0.0176281
0.0180674
0.018572
0.0191089
0.0196285
0.020129
0.0206329
0.0211723
0.0217347
0.0222772
0.0228047
0.023377
0.0239779
0.0245679
0.0251703
0.025784
0.0263948
0.0269977
0.0276056
0.0282359
0.0288724
0.0295052
0.0301504
0.0308179
0.0315004
0.0321915
0.0328851
0.033594
0.0343315
0.0350828
0.0358389
0.0366048
0.0373736
0.0381485
0.0389248
0.0397097
0.040532
0.0414081
0.0422868
0.043174
0.0440975
0.0450302
0.0459638
0.0469075
0.0478627
0.0488497
0.0498641
0.0508847
0.0519412
0.0530047
0.0540907
0.0552057
0.0563442
0.0574735
0.0586454
0.0598369
0.0610521
0.0622932
0.0635546
0.0648463
0.0661534
0.0674908
0.0688311
0.0702208
0.0716368
0.073088
0.0745375
0.076009
0.0775397
0.0790824
0.0806475
0.0822414
0.0838744
0.0855482
0.0872083
0.0889291
0.0906461
0.0923948
0.0941288
0.095859
0.0975003
0.0988697
0.0135712
0.0134793
0.0135224
0.0133786
0.0129306
0.0127975
0.0130687
0.0131448
0.0130203
0.0132433
0.0138693
0.0144699
0.0148969
0.0153467
0.0158502
0.0162961
0.0167405
0.017226
0.0176696
0.018101
0.0186041
0.019144
0.019662
0.0201546
0.0206533
0.0211949
0.0217598
0.0223001
0.0228236
0.0233926
0.0239932
0.0245832
0.0251821
0.025793
0.0264031
0.0270049
0.0276118
0.0282435
0.0288821
0.0295131
0.0301552
0.0308236
0.0315085
0.0321987
0.0328896
0.0335983
0.0343369
0.0350872
0.0358414
0.0366062
0.0373757
0.0381519
0.0389292
0.0397161
0.0405393
0.0414133
0.0422904
0.0431775
0.0441001
0.0450316
0.045965
0.0469095
0.0478657
0.0488526
0.0498667
0.0508872
0.0519433
0.0530065
0.0540928
0.0552074
0.0563453
0.0574748
0.0586473
0.0598388
0.0610538
0.0622946
0.0635559
0.0648474
0.0661543
0.0674919
0.0688326
0.0702224
0.0716378
0.0730883
0.0745384
0.0760107
0.0775407
0.0790834
0.0806486
0.0822429
0.0838754
0.0855486
0.0872093
0.0889302
0.0906474
0.0923975
0.0941323
0.0958665
0.0975097
0.098876
0.0135433
0.0135191
0.0135695
0.0134744
0.0130603
0.0129272
0.0132443
0.0133618
0.0132041
0.0133566
0.0139444
0.0145495
0.0149738
0.0153969
0.0158925
0.0163515
0.0168004
0.0172797
0.0177142
0.0181365
0.0186375
0.019181
0.0196972
0.0201815
0.0206749
0.0212185
0.0217862
0.0223243
0.0228436
0.0234088
0.0240092
0.0245992
0.0251943
0.0258024
0.0264121
0.027013
0.0276186
0.0282515
0.0288922
0.0295213
0.0301603
0.0308294
0.0315167
0.0322061
0.0328944
0.0336031
0.0343427
0.0350918
0.0358441
0.0366077
0.0373779
0.0381555
0.0389338
0.0397225
0.0405467
0.0414188
0.042294
0.0431811
0.0441028
0.0450332
0.0459663
0.0469117
0.0478688
0.0488556
0.0498693
0.0508899
0.0519455
0.0530085
0.054095
0.0552092
0.0563464
0.0574763
0.0586493
0.0598408
0.0610556
0.0622962
0.0635573
0.0648485
0.0661553
0.067493
0.0688341
0.070224
0.0716389
0.0730887
0.0745392
0.0760124
0.0775419
0.0790843
0.0806497
0.0822445
0.0838763
0.0855491
0.0872104
0.0889314
0.0906488
0.0924004
0.0941361
0.0958741
0.0975195
0.0988827
0.0135066
0.013552
0.0136175
0.013578
0.0131956
0.0130371
0.0134024
0.0135838
0.0133895
0.0134729
0.0140319
0.0146351
0.015055
0.0154543
0.0159332
0.0164028
0.0168625
0.0173372
0.0177618
0.0181745
0.0186723
0.01922
0.0197345
0.0202095
0.0206972
0.0212431
0.0218137
0.0223499
0.0228646
0.0234257
0.0240259
0.0246164
0.0252075
0.0258122
0.0264214
0.0270214
0.0276258
0.02826
0.0289028
0.0295301
0.0301658
0.0308356
0.0315253
0.0322139
0.0328992
0.0336079
0.0343487
0.0350969
0.035847
0.0366095
0.0373805
0.0381593
0.0389385
0.0397289
0.0405543
0.0414243
0.0422979
0.0431849
0.0441057
0.0450349
0.0459678
0.0469139
0.047872
0.0488586
0.0498721
0.0508927
0.0519478
0.0530105
0.0540972
0.0552111
0.0563477
0.0574778
0.0586514
0.0598428
0.0610575
0.0622978
0.0635587
0.0648498
0.0661564
0.0674942
0.0688357
0.0702257
0.0716401
0.0730891
0.0745401
0.0760141
0.077543
0.0790852
0.0806509
0.0822461
0.0838773
0.0855496
0.0872114
0.0889327
0.0906502
0.0924034
0.0941401
0.095882
0.0975297
0.0988898
0.0134702
0.0135763
0.0136576
0.0136779
0.013347
0.0131394
0.0135303
0.0138074
0.0135864
0.0135868
0.0141262
0.0147313
0.0151404
0.0155189
0.0159754
0.0164487
0.0169251
0.0173991
0.0178117
0.0182145
0.0187093
0.019261
0.0197744
0.0202391
0.0207202
0.0212685
0.0218423
0.0223768
0.0228867
0.0234432
0.0240431
0.0246343
0.0252216
0.0258229
0.0264318
0.0270307
0.0276333
0.0282686
0.0289137
0.0295393
0.0301717
0.030842
0.0315344
0.0322222
0.0329046
0.0336128
0.0343547
0.0351021
0.0358501
0.0366115
0.0373834
0.0381636
0.0389433
0.0397354
0.0405619
0.04143
0.0423018
0.0431888
0.0441087
0.0450368
0.0459695
0.0469162
0.0478753
0.0488617
0.0498749
0.0508956
0.0519502
0.0530126
0.0540996
0.0552132
0.056349
0.0574794
0.0586536
0.0598449
0.0610594
0.0622994
0.0635603
0.0648511
0.0661575
0.0674954
0.0688373
0.0702274
0.0716413
0.0730896
0.0745411
0.0760159
0.0775442
0.0790862
0.0806521
0.0822477
0.0838784
0.0855502
0.0872125
0.0889341
0.0906517
0.0924066
0.0941443
0.09589
0.0975402
0.0988973
0.0134482
0.0135957
0.0136856
0.0137597
0.0135123
0.0132515
0.0136218
0.0140166
0.013806
0.0137036
0.0142172
0.014839
0.0152341
0.0155886
0.0160213
0.0164902
0.0169864
0.0174659
0.0178641
0.0182559
0.0187488
0.0193041
0.0198168
0.0202709
0.0207438
0.0212947
0.0218724
0.0224049
0.0229098
0.0234615
0.0240611
0.0246532
0.0252366
0.0258341
0.0264427
0.0270409
0.0276417
0.0282779
0.0289252
0.0295489
0.0301778
0.0308486
0.0315435
0.0322307
0.0329101
0.0336181
0.0343613
0.0351079
0.0358534
0.0366136
0.0373866
0.038168
0.0389482
0.0397419
0.0405697
0.041436
0.0423059
0.0431928
0.044112
0.0450389
0.0459713
0.0469187
0.0478786
0.0488649
0.0498779
0.0508986
0.0519526
0.0530148
0.054102
0.0552153
0.0563504
0.0574812
0.0586559
0.059847
0.0610614
0.0623012
0.0635619
0.0648524
0.0661587
0.0674968
0.068839
0.0702292
0.0716426
0.0730902
0.074542
0.0760177
0.0775455
0.0790871
0.0806533
0.0822493
0.0838795
0.0855508
0.0872137
0.0889356
0.0906533
0.09241
0.0941489
0.0958981
0.0975512
0.0989052
0.0134553
0.0136188
0.013703
0.0138115
0.013676
0.0133905
0.0136883
0.0141923
0.0140497
0.0138385
0.014296
0.0149512
0.0153416
0.015664
0.0160705
0.0165288
0.0170446
0.0175378
0.0179201
0.0182973
0.0187906
0.0193499
0.0198614
0.0203053
0.0207683
0.0213211
0.0219039
0.0224347
0.022934
0.0234807
0.0240797
0.024673
0.0252527
0.0258461
0.0264542
0.0270516
0.0276503
0.0282873
0.0289373
0.0295594
0.0301846
0.0308556
0.0315532
0.0322398
0.0329159
0.0336232
0.0343678
0.0351139
0.0358571
0.036616
0.0373902
0.0381728
0.0389532
0.0397484
0.0405776
0.041442
0.04231
0.043197
0.0441154
0.0450412
0.0459734
0.0469212
0.047882
0.0488681
0.049881
0.0509017
0.0519551
0.053017
0.0541046
0.0552175
0.0563519
0.0574829
0.0586582
0.0598493
0.0610634
0.062303
0.0635635
0.0648539
0.06616
0.0674981
0.0688407
0.070231
0.071644
0.0730908
0.074543
0.0760194
0.0775468
0.079088
0.0806546
0.082251
0.0838806
0.0855514
0.0872148
0.0889373
0.0906549
0.0924135
0.0941537
0.0959065
0.0975626
0.0989136
0.0135009
0.0136563
0.0137129
0.0138252
0.0138166
0.0135612
0.0137521
0.0143218
0.014303
0.0140085
0.0143666
0.0150553
0.015464
0.0157493
0.0161227
0.0165661
0.0170984
0.0176135
0.0179823
0.0183381
0.0188329
0.0193995
0.0199086
0.0203421
0.0207943
0.0213475
0.0219364
0.0224661
0.0229591
0.0235007
0.0240995
0.0246938
0.0252698
0.0258588
0.0264665
0.0270635
0.0276598
0.0282969
0.0289494
0.0295701
0.0301915
0.0308628
0.0315632
0.0322494
0.0329223
0.0336288
0.0343747
0.0351203
0.0358609
0.0366185
0.037394
0.0381779
0.0389585
0.0397549
0.0405856
0.0414483
0.0423144
0.0432013
0.044119
0.0450437
0.0459756
0.0469239
0.0478856
0.0488715
0.0498842
0.0509049
0.0519577
0.0530193
0.0541073
0.0552199
0.0563534
0.0574848
0.0586606
0.0598516
0.0610655
0.0623049
0.0635653
0.0648554
0.0661613
0.0674996
0.0688425
0.070233
0.0716454
0.0730914
0.0745441
0.0760213
0.0775481
0.079089
0.080656
0.0822526
0.0838818
0.0855522
0.087216
0.088939
0.0906566
0.0924171
0.0941589
0.095915
0.0975744
0.0989226
0.0135924
0.0137211
0.0137212
0.0138
0.0139126
0.0137496
0.0138355
0.0144068
0.0145436
0.014223
0.0144458
0.0151409
0.0155942
0.0158496
0.0161802
0.0166033
0.0171466
0.0176905
0.018053
0.01838
0.0188731
0.0194529
0.0199602
0.0203808
0.0208221
0.0213746
0.0219698
0.0224997
0.0229854
0.0235212
0.02412
0.0247157
0.025288
0.0258724
0.0264794
0.027076
0.02767
0.0283073
0.0289626
0.0295818
0.0301991
0.0308702
0.0315734
0.0322592
0.0329286
0.0336344
0.0343819
0.0351272
0.0358653
0.0366214
0.0373982
0.0381834
0.0389638
0.0397614
0.0405937
0.0414547
0.042319
0.0432059
0.0441228
0.0450465
0.045978
0.0469267
0.0478892
0.0488749
0.0498876
0.0509083
0.0519605
0.0530218
0.0541101
0.0552224
0.0563551
0.0574867
0.0586631
0.059854
0.0610677
0.0623068
0.0635671
0.0648571
0.0661627
0.0675011
0.0688443
0.0702349
0.0716469
0.0730921
0.0745452
0.0760231
0.0775495
0.07909
0.0806574
0.0822543
0.083883
0.085553
0.0872172
0.0889409
0.0906585
0.0924209
0.0941644
0.0959237
0.0975866
0.098932
0.0137384
0.013826
0.0137337
0.013743
0.0139532
0.0139353
0.0139533
0.014465
0.0147437
0.0144658
0.0145535
0.0152097
0.0157187
0.0159649
0.016249
0.0166433
0.0171882
0.0177644
0.0181336
0.0184268
0.0189082
0.0195076
0.0200185
0.0204219
0.0208508
0.0214029
0.0220038
0.0225349
0.0230134
0.0235423
0.0241414
0.0247389
0.0253073
0.0258867
0.0264931
0.0270896
0.0276809
0.0283176
0.0289758
0.0295942
0.0302073
0.0308782
0.0315842
0.0322699
0.0329358
0.0336402
0.0343891
0.0351343
0.0358698
0.0366244
0.0374028
0.0381892
0.0389693
0.039768
0.0406018
0.0414613
0.0423236
0.0432105
0.0441267
0.0450495
0.0459806
0.0469297
0.0478929
0.0488784
0.049891
0.0509118
0.0519632
0.0530242
0.054113
0.055225
0.0563569
0.0574886
0.0586657
0.0598565
0.0610699
0.0623088
0.063569
0.0648587
0.0661642
0.0675027
0.0688462
0.070237
0.0716484
0.0730929
0.0745463
0.076025
0.0775509
0.079091
0.0806588
0.082256
0.0838843
0.0855538
0.0872185
0.0889429
0.0906604
0.0924249
0.0941703
0.0959326
0.0975992
0.098942
0.0139444
0.0139767
0.01377
0.0136735
0.0139403
0.0141031
0.0141177
0.0145242
0.0148868
0.0147072
0.0147022
0.0152784
0.0158242
0.0160865
0.0163344
0.0166925
0.0172244
0.0178293
0.0182224
0.0184838
0.0189376
0.0195586
0.0200848
0.0204682
0.0208787
0.0214322
0.0220396
0.0225712
0.023043
0.0235641
0.0241631
0.0247636
0.0253284
0.0259019
0.0265073
0.0271042
0.0276928
0.0283285
0.0289897
0.0296072
0.0302157
0.030886
0.0315951
0.0322808
0.0329434
0.0336464
0.0343967
0.0351422
0.0358749
0.0366277
0.0374077
0.0381953
0.038975
0.0397746
0.0406101
0.0414681
0.0423286
0.0432153
0.0441309
0.0450527
0.0459835
0.0469328
0.0478968
0.0488821
0.0498947
0.0509155
0.0519661
0.0530268
0.054116
0.0552278
0.0563587
0.0574907
0.0586684
0.0598592
0.0610722
0.0623109
0.063571
0.0648605
0.0661657
0.0675043
0.0688482
0.0702391
0.0716499
0.0730937
0.0745475
0.076027
0.0775524
0.0790921
0.0806604
0.0822578
0.0838857
0.0855548
0.0872198
0.0889451
0.0906625
0.0924291
0.0941766
0.0959416
0.0976121
0.0989525
0.0140563
0.0141261
0.013862
0.0136462
0.0139012
0.0142468
0.0143374
0.0146218
0.014985
0.0149134
0.0148839
0.0153693
0.0159122
0.0162006
0.0164354
0.0167586
0.0172599
0.0178805
0.0183139
0.0185563
0.0189652
0.0196002
0.0201573
0.0205239
0.0209061
0.0214604
0.0220781
0.0226094
0.0230739
0.0235871
0.0241851
0.0247894
0.025351
0.0259177
0.0265221
0.02712
0.0277055
0.0283395
0.029004
0.0296214
0.0302251
0.0308944
0.0316065
0.0322922
0.0329513
0.0336525
0.0344041
0.0351502
0.0358803
0.0366313
0.037413
0.0382019
0.0389808
0.0397812
0.0406185
0.041475
0.0423336
0.0432203
0.0441352
0.0450563
0.0459866
0.0469361
0.0479006
0.0488857
0.0498984
0.0509193
0.051969
0.0530295
0.0541192
0.0552307
0.0563607
0.0574928
0.0586711
0.0598619
0.0610746
0.0623131
0.063573
0.0648624
0.0661673
0.0675061
0.0688502
0.0702413
0.0716515
0.0730945
0.0745487
0.076029
0.0775539
0.0790932
0.080662
0.0822596
0.0838871
0.0855559
0.0872211
0.0889474
0.0906648
0.0924334
0.0941833
0.095951
0.0976253
0.0989636
0.0140658
0.0142611
0.0140168
0.0136916
0.0138612
0.0143613
0.0145954
0.0147839
0.0150644
0.0150643
0.0150739
0.0155001
0.0160006
0.0162973
0.0165424
0.0168483
0.0173053
0.0179173
0.0183998
0.0186475
0.0189996
0.0196292
0.0202303
0.020593
0.0209359
0.0214847
0.0221191
0.0226511
0.0231054
0.0236107
0.0242076
0.0248163
0.0253759
0.0259348
0.0265372
0.0271366
0.0277197
0.0283513
0.0290186
0.0296363
0.0302348
0.0309029
0.0316185
0.0323045
0.0329601
0.0336593
0.0344121
0.0351589
0.0358863
0.0366348
0.0374185
0.0382089
0.0389868
0.0397879
0.0406271
0.0414822
0.0423389
0.0432255
0.0441397
0.0450599
0.0459899
0.0469396
0.0479046
0.0488895
0.0499023
0.0509233
0.051972
0.0530322
0.0541225
0.0552337
0.0563627
0.0574951
0.0586739
0.0598647
0.0610771
0.0623153
0.0635751
0.0648644
0.066169
0.0675079
0.0688522
0.0702435
0.0716532
0.0730955
0.07455
0.076031
0.0775555
0.0790944
0.0806636
0.0822615
0.0838886
0.0855572
0.0872225
0.0889499
0.0906673
0.0924379
0.0941904
0.0959605
0.0976389
0.0989753
0.0139636
0.0143706
0.0142152
0.0138106
0.0138424
0.0144306
0.0148558
0.0150056
0.015155
0.0151636
0.0152373
0.0156605
0.0161109
0.0163791
0.0166399
0.0169554
0.0173722
0.0179471
0.0184694
0.0187508
0.0190499
0.0196468
0.020295
0.0206757
0.0209745
0.0215033
0.0221592
0.0226988
0.0231391
0.023634
0.0242307
0.0248443
0.0254026
0.0259534
0.026553
0.0271542
0.027735
0.0283634
0.0290335
0.0296526
0.0302459
0.0309116
0.0316303
0.0323171
0.0329691
0.0336661
0.03442
0.0351682
0.0358932
0.0366391
0.0374246
0.0382166
0.0389932
0.0397946
0.0406357
0.0414896
0.0423444
0.0432309
0.0441446
0.045064
0.0459936
0.0469433
0.0479087
0.0488934
0.0499065
0.0509274
0.0519751
0.053035
0.054126
0.055237
0.0563649
0.0574974
0.0586768
0.0598676
0.0610797
0.0623177
0.0635774
0.0648665
0.0661708
0.0675098
0.0688544
0.0702458
0.0716549
0.0730965
0.0745514
0.0760331
0.0775572
0.0790956
0.0806653
0.0822634
0.0838901
0.0855586
0.0872239
0.0889526
0.0906701
0.0924426
0.0941979
0.0959703
0.0976527
0.098988
0.0139062
0.0144849
0.0144359
0.0139977
0.0138696
0.0144527
0.0150726
0.015265
0.0152864
0.015237
0.0153482
0.0158206
0.0162576
0.0164648
0.0167128
0.0170632
0.0174664
0.0179836
0.0185163
0.0188531
0.0191232
0.0196618
0.0203424
0.0207665
0.021028
0.021518
0.0221936
0.0227527
0.0231776
0.0236556
0.0242532
0.0248743
0.0254313
0.0259734
0.0265691
0.0271722
0.0277517
0.0283767
0.0290487
0.0296692
0.0302574
0.0309206
0.0316428
0.0323306
0.0329791
0.0336735
0.0344282
0.0351777
0.0359001
0.036643
0.0374304
0.0382244
0.0389997
0.0398013
0.0406445
0.0414972
0.0423501
0.0432365
0.0441495
0.0450681
0.0459974
0.0469472
0.0479129
0.0488973
0.0499107
0.0509317
0.0519783
0.0530379
0.0541296
0.0552403
0.0563671
0.0574998
0.0586798
0.0598706
0.0610824
0.0623201
0.0635797
0.0648686
0.0661727
0.0675118
0.0688566
0.0702481
0.0716567
0.0730976
0.0745529
0.0760352
0.0775589
0.0790969
0.0806671
0.0822654
0.0838916
0.0855602
0.0872255
0.0889553
0.0906731
0.0924474
0.0942059
0.0959804
0.0976668
0.0990007
0.0136699
0.0145109
0.0146607
0.014252
0.0139703
0.0144559
0.0152246
0.0155338
0.0154806
0.0153273
0.0154154
0.0159494
0.0164366
0.0165851
0.0167695
0.0171528
0.0175831
0.0180475
0.0185493
0.0189395
0.0192192
0.0196892
0.0203702
0.0208555
0.0211021
0.0215356
0.0222177
0.0228096
0.0232253
0.0236771
0.0242729
0.0249057
0.0254625
0.0259948
0.0265863
0.0271911
0.0277694
0.0283906
0.0290642
0.0296871
0.0302705
0.03093
0.0316553
0.0323444
0.0329896
0.033681
0.0344363
0.0351878
0.0359083
0.036648
0.037437
0.038233
0.0390067
0.0398081
0.0406534
0.0415049
0.0423559
0.0432423
0.0441548
0.0450727
0.0460016
0.0469515
0.0479173
0.0489013
0.0499152
0.0509363
0.0519817
0.0530409
0.0541334
0.0552439
0.0563695
0.0575024
0.058683
0.0598737
0.0610852
0.0623226
0.0635821
0.0648709
0.0661747
0.0675139
0.0688589
0.0702506
0.0716585
0.0730988
0.0745545
0.0760373
0.0775607
0.0790983
0.0806689
0.0822675
0.0838932
0.0855619
0.0872271
0.0889583
0.0906764
0.0924525
0.0942142
0.0959908
0.0976811
0.0990142
0.0134426
0.0144745
0.0148635
0.0145476
0.0141445
0.0144656
0.0153025
0.0157802
0.0157284
0.0154696
0.0154657
0.0160222
0.0166193
0.0167588
0.0168333
0.0172061
0.0177005
0.0181484
0.018587
0.0189985
0.0193223
0.0197417
0.0203861
0.0209295
0.0211932
0.0215651
0.0222312
0.0228639
0.023284
0.0237021
0.0242881
0.0249377
0.0254982
0.026018
0.0266034
0.0272103
0.0277882
0.0284059
0.0290806
0.0297057
0.0302841
0.0309396
0.0316682
0.0323592
0.033001
0.0336893
0.034445
0.0351986
0.035917
0.0366528
0.0374434
0.0382419
0.0390139
0.0398149
0.0406626
0.0415131
0.042362
0.0432484
0.0441604
0.0450774
0.0460058
0.0469559
0.0479218
0.0489053
0.0499198
0.0509411
0.0519851
0.0530439
0.0541373
0.0552476
0.056372
0.0575051
0.0586862
0.0598769
0.0610881
0.0623252
0.0635846
0.0648733
0.0661769
0.0675161
0.0688613
0.070253
0.0716605
0.0731001
0.0745562
0.0760395
0.0775625
0.0790998
0.0806708
0.0822698
0.0838949
0.0855638
0.0872289
0.0889613
0.09068
0.0924577
0.094223
0.0960015
0.0976956
0.0990281
0.0132453
0.0143788
0.0150058
0.0148477
0.0143828
0.0145015
0.0153147
0.0159659
0.0160008
0.0156723
0.0155287
0.0160395
0.0167637
0.0169756
0.016933
0.0172277
0.0177897
0.0182777
0.0186519
0.0190357
0.0194114
0.0198217
0.0204061
0.02098
0.0212911
0.021615
0.0222391
0.0229081
0.0233517
0.0237358
0.0242988
0.0249661
0.0255379
0.0260444
0.0266208
0.0272307
0.0278086
0.0284214
0.0290969
0.0297256
0.0302995
0.0309497
0.0316813
0.0323748
0.033013
0.0336975
0.0344532
0.0352092
0.0359263
0.0366582
0.0374501
0.0382515
0.0390215
0.0398217
0.0406719
0.0415214
0.042368
0.0432544
0.0441662
0.0450824
0.0460103
0.0469607
0.0479266
0.0489095
0.0499244
0.050946
0.0519887
0.0530471
0.0541414
0.0552515
0.0563746
0.0575079
0.0586895
0.0598802
0.0610912
0.062328
0.0635871
0.0648758
0.0661791
0.0675183
0.0688638
0.0702555
0.0716625
0.0731015
0.074558
0.0760417
0.0775644
0.0791015
0.0806728
0.0822721
0.0838966
0.0855659
0.0872309
0.0889644
0.090684
0.0924631
0.0942322
0.0960126
0.0977103
0.0990426
0.0130986
0.0142453
0.0150687
0.0151211
0.0146711
0.0145857
0.0152894
0.0160783
0.0162658
0.0159304
0.0156415
0.0160319
0.0168425
0.0172039
0.0170986
0.0172478
0.0178312
0.0184103
0.0187618
0.0190754
0.0194714
0.019914
0.0204499
0.0210128
0.0213803
0.0216878
0.0222516
0.0229382
0.0234225
0.0237822
0.0243081
0.0249885
0.0255817
0.0260766
0.0266378
0.0272502
0.0278306
0.0284384
0.0291138
0.0297466
0.030316
0.0309595
0.0316938
0.0323909
0.0330259
0.0337062
0.0344622
0.0352211
0.0359371
0.0366643
0.0374569
0.0382616
0.0390298
0.0398283
0.0406812
0.0415303
0.0423744
0.0432608
0.0441726
0.0450879
0.046015
0.0469657
0.0479316
0.0489137
0.0499293
0.0509511
0.0519924
0.0530504
0.0541456
0.0552556
0.0563774
0.0575108
0.0586929
0.0598836
0.0610943
0.0623308
0.0635898
0.0648785
0.0661815
0.0675206
0.0688664
0.0702581
0.0716645
0.073103
0.07456
0.076044
0.0775663
0.0791032
0.0806748
0.0822745
0.0838984
0.0855681
0.0872331
0.0889677
0.0906884
0.0924687
0.0942417
0.0960241
0.0977251
0.0990576
0.0130086
0.0141055
0.0150615
0.0153368
0.0149829
0.0147391
0.0152679
0.0161227
0.0164918
0.0162212
0.0158218
0.0160359
0.0168525
0.0174023
0.0173268
0.0173034
0.0178285
0.0185138
0.0189073
0.0191439
0.0195052
0.0199935
0.020523
0.0210456
0.0214476
0.021774
0.0222796
0.0229555
0.0234895
0.0238433
0.0243216
0.025003
0.0256252
0.0261149
0.0266563
0.0272691
0.0278544
0.0284563
0.0291298
0.029768
0.0303348
0.0309706
0.0317065
0.0324085
0.0330409
0.0337158
0.034471
0.0352327
0.0359479
0.0366706
0.0374636
0.0382719
0.0390386
0.0398351
0.0406906
0.0415398
0.042381
0.0432669
0.044179
0.0450936
0.0460198
0.0469709
0.0479368
0.0489181
0.0499342
0.0509565
0.0519963
0.0530537
0.0541498
0.0552597
0.0563804
0.0575139
0.0586964
0.059887
0.0610976
0.0623337
0.0635926
0.0648811
0.066184
0.067523
0.0688691
0.0702608
0.0716667
0.0731046
0.074562
0.0760465
0.0775683
0.0791052
0.0806768
0.0822771
0.0839003
0.0855705
0.0872356
0.088971
0.0906931
0.0924746
0.0942515
0.096036
0.0977401
0.099073
0.0129765
0.0139895
0.0150128
0.0154772
0.0152822
0.0149615
0.0152867
0.0161187
0.016655
0.0165151
0.0160649
0.0160856
0.0168199
0.0175321
0.0175842
0.0174286
0.0178104
0.0185602
0.0190602
0.0192622
0.0195384
0.02004
0.0206097
0.0211005
0.0214958
0.0218575
0.0223303
0.0229692
0.0235448
0.0239151
0.024343
0.0250099
0.0256661
0.0261606
0.0266782
0.0272861
0.0278785
0.0284767
0.0291472
0.0297908
0.0303555
0.0309825
0.0317184
0.0324254
0.0330559
0.033725
0.0344792
0.0352452
0.0359604
0.0366779
0.0374706
0.0382828
0.0390482
0.039842
0.0406995
0.0415493
0.0423881
0.0432732
0.0441859
0.0450999
0.046025
0.0469763
0.0479422
0.0489227
0.0499392
0.050962
0.0520005
0.0530572
0.0541544
0.055264
0.0563835
0.0575173
0.0587001
0.0598906
0.0611011
0.0623367
0.0635954
0.064884
0.0661867
0.0675256
0.0688719
0.0702635
0.0716689
0.0731064
0.0745642
0.0760489
0.0775703
0.0791073
0.0806789
0.0822797
0.0839024
0.0855729
0.0872383
0.0889745
0.0906982
0.0924808
0.0942616
0.0960483
0.0977552
0.0990889
0.0129936
0.0139034
0.0149479
0.0155516
0.0155407
0.0152319
0.0153684
0.0160969
0.0167496
0.0167796
0.01635
0.0162003
0.0167793
0.017582
0.0178282
0.0176304
0.0178172
0.0185513
0.0191864
0.0194226
0.019602
0.0200563
0.0206824
0.0211867
0.0215438
0.0219222
0.0223966
0.0229906
0.0235851
0.023992
0.024379
0.025013
0.0257005
0.0262116
0.0267056
0.0273028
0.0279034
0.028499
0.0291637
0.0298123
0.030377
0.0309952
0.0317302
0.032443
0.0330734
0.0337367
0.0344884
0.0352578
0.0359735
0.0366854
0.0374774
0.0382938
0.0390582
0.0398493
0.0407089
0.0415594
0.0423959
0.0432797
0.0441927
0.0451065
0.0460304
0.0469818
0.0479478
0.0489276
0.0499445
0.0509676
0.0520049
0.0530608
0.0541589
0.0552685
0.0563869
0.0575207
0.0587036
0.0598941
0.0611048
0.0623399
0.0635984
0.0648869
0.0661895
0.0675282
0.0688748
0.0702663
0.0716711
0.0731083
0.0745664
0.0760515
0.0775723
0.0791096
0.0806811
0.0822825
0.0839045
0.0855755
0.0872414
0.088978
0.0907037
0.0924873
0.094272
0.096061
0.0977705
0.0991051
0.0130577
0.0138469
0.0148884
0.0155894
0.0157459
0.0155166
0.0155128
0.0160876
0.0167876
0.0169908
0.0166494
0.0163827
0.0167695
0.0175703
0.0180173
0.0178828
0.0178869
0.0185139
0.0192554
0.0195962
0.0197185
0.0200688
0.020717
0.0212874
0.0216149
0.0219679
0.0224634
0.0230305
0.0236165
0.0240653
0.0244306
0.0250153
0.025725
0.0262672
0.0267407
0.0273179
0.0279257
0.0285227
0.0291817
0.0298352
0.0304012
0.0310104
0.0317432
0.0324611
0.0330911
0.0337478
0.0344965
0.03527
0.0359878
0.0366943
0.0374845
0.0383057
0.0390691
0.0398567
0.0407182
0.0415694
0.0424035
0.0432863
0.0441998
0.0451135
0.0460363
0.0469878
0.0479535
0.0489325
0.0499497
0.0509734
0.0520097
0.0530645
0.0541635
0.0552732
0.0563903
0.0575244
0.0587075
0.0598979
0.0611086
0.0623431
0.0636014
0.06489
0.0661925
0.0675309
0.0688778
0.0702692
0.0716734
0.0731105
0.0745688
0.0760542
0.0775743
0.0791121
0.0806834
0.0822852
0.083907
0.0855782
0.0872448
0.0889817
0.0907094
0.0924942
0.0942825
0.0960742
0.097786
0.0991217
0.013167
0.01382
0.0148349
0.0156088
0.0158987
0.0157817
0.0157069
0.0161176
0.0167949
0.0171422
0.0169341
0.0166179
0.016815
0.0175299
0.0181293
0.0181437
0.0180348
0.018487
0.0192642
0.0197468
0.0198817
0.0201111
0.0207151
0.0213734
0.0217211
0.0220142
0.0225137
0.0230854
0.0236482
0.0241273
0.0244964
0.0250256
0.025737
0.0263216
0.0267849
0.0273343
0.0279476
0.0285505
0.0292014
0.0298573
0.0304261
0.0310257
0.0317546
0.0324785
0.0331098
0.033761
0.0345062
0.0352831
0.0360033
0.0367038
0.0374911
0.0383175
0.0390804
0.0398638
0.0407277
0.0415802
0.0424117
0.0432933
0.0442074
0.0451205
0.0460422
0.046994
0.0479595
0.0489376
0.0499551
0.0509793
0.0520148
0.0530686
0.0541681
0.0552779
0.0563941
0.0575283
0.0587114
0.0599015
0.0611127
0.0623466
0.0636047
0.0648932
0.0661956
0.0675337
0.0688809
0.0702722
0.0716757
0.0731129
0.0745712
0.076057
0.0775764
0.0791146
0.0806859
0.082288
0.0839096
0.085581
0.0872485
0.0889856
0.0907155
0.0925017
0.0942933
0.0960877
0.0978016
0.0991384
0.0133086
0.013837
0.0147931
0.015618
0.0160133
0.0160128
0.0159316
0.0161978
0.0167964
0.0172388
0.0171778
0.0168791
0.0169248
0.0174984
0.0181705
0.0183704
0.0182449
0.0185088
0.0192356
0.0198453
0.0200639
0.020208
0.0207044
0.0214169
0.0218446
0.0220846
0.0225452
0.0231413
0.0236924
0.0241792
0.0245678
0.0250491
0.0257384
0.0263704
0.0268426
0.0273559
0.0279639
0.0285778
0.0292225
0.0298778
0.0304517
0.0310434
0.0317674
0.032498
0.0331312
0.0337748
0.0345147
0.0352951
0.0360193
0.0367144
0.0374975
0.0383297
0.0390934
0.0398716
0.0407371
0.0415915
0.0424198
0.0432998
0.0442153
0.0451281
0.0460484
0.0470005
0.0479658
0.048943
0.0499605
0.0509853
0.0520202
0.0530726
0.0541727
0.0552828
0.0563981
0.0575323
0.0587153
0.0599054
0.061117
0.0623501
0.0636078
0.0648965
0.0661989
0.0675367
0.0688841
0.0702752
0.0716781
0.0731155
0.0745737
0.07606
0.0775786
0.0791174
0.0806885
0.0822908
0.0839125
0.0855839
0.0872525
0.0889897
0.0907218
0.0925095
0.0943041
0.0961015
0.0978175
0.0991555
0.0134732
0.0139099
0.014774
0.0156174
0.0160992
0.0162049
0.016161
0.016324
0.0168119
0.017296
0.0173733
0.01714
0.0170899
0.0175066
0.0181673
0.0185331
0.018482
0.0185998
0.0192048
0.0198852
0.0202301
0.0203559
0.0207185
0.021417
0.0219555
0.0221931
0.0225761
0.0231813
0.0237484
0.0242286
0.0246366
0.0250916
0.0257383
0.026404
0.0269064
0.0273859
0.0279749
0.0286043
0.0292496
0.0299
0.0304783
0.0310641
0.0317797
0.0325153
0.0331523
0.0337894
0.0345236
0.0353076
0.0360372
0.0367268
0.0375038
0.0383417
0.0391071
0.0398792
0.0407458
0.0416034
0.0424289
0.0433065
0.0442236
0.0451362
0.0460548
0.047007
0.0479723
0.0489487
0.0499659
0.0509912
0.0520259
0.0530771
0.0541775
0.0552876
0.0564024
0.0575368
0.0587194
0.0599091
0.0611213
0.0623537
0.0636112
0.0649001
0.0662022
0.0675398
0.0688874
0.0702785
0.0716806
0.0731183
0.0745763
0.0760629
0.0775809
0.0791201
0.0806914
0.0822936
0.0839157
0.0855869
0.0872567
0.088994
0.0907282
0.0925178
0.0943152
0.0961156
0.0978336
0.0991728
0.0136296
0.0140162
0.0147813
0.0156135
0.0161661
0.0163641
0.0163773
0.0164861
0.0168581
0.0173307
0.0175218
0.017378
0.0172877
0.0175669
0.0181534
0.0186304
0.0187076
0.018752
0.0192057
0.0198835
0.0203521
0.0205292
0.0207832
0.0214002
0.0220262
0.0223243
0.0226301
0.0232021
0.0238048
0.0242861
0.0246977
0.0251453
0.0257447
0.0264195
0.0269712
0.027435
0.0279866
0.0286238
0.0292808
0.0299246
0.0305014
0.0310842
0.0317928
0.0325326
0.0331763
0.0338073
0.034533
0.0353191
0.0360556
0.0367404
0.0375094
0.038353
0.0391219
0.039888
0.0407545
0.0416157
0.0424387
0.0433129
0.0442316
0.0451448
0.0460617
0.0470137
0.047979
0.0489549
0.0499714
0.0509973
0.052032
0.0530817
0.0541822
0.0552927
0.056407
0.0575412
0.0587232
0.0599132
0.0611262
0.0623576
0.0636144
0.0649037
0.0662058
0.0675431
0.0688907
0.0702818
0.0716831
0.0731213
0.074579
0.0760659
0.0775835
0.079123
0.0806944
0.0822963
0.0839192
0.0855902
0.0872613
0.0889988
0.0907349
0.0925266
0.0943264
0.0961299
0.0978499
0.0991902
0.0137586
0.0141335
0.0148226
0.0156247
0.0162255
0.0164993
0.0165697
0.0166628
0.0169379
0.0173571
0.0176295
0.0175869
0.0174978
0.0176753
0.0181583
0.0186787
0.0188901
0.0189384
0.0192597
0.0198701
0.0204221
0.0206961
0.0208971
0.0213978
0.0220527
0.0224502
0.0227222
0.0232199
0.0238454
0.0243522
0.0247556
0.0252024
0.0257689
0.0264251
0.0270236
0.0274991
0.0280051
0.0286318
0.0293102
0.0299567
0.0305251
0.0311043
0.0318096
0.0325509
0.0331994
0.0338262
0.0345422
0.0353291
0.0360749
0.0367562
0.0375156
0.0383643
0.0391377
0.0398974
0.0407629
0.0416278
0.0424489
0.0433197
0.0442398
0.0451536
0.0460692
0.0470207
0.0479854
0.0489613
0.0499773
0.0510034
0.0520383
0.0530865
0.054187
0.0552977
0.0564118
0.0575461
0.0587275
0.0599173
0.0611308
0.0623614
0.0636179
0.0649078
0.0662095
0.0675464
0.068894
0.0702851
0.0716858
0.0731246
0.0745818
0.0760689
0.0775862
0.079126
0.0806977
0.0822992
0.0839229
0.0855937
0.0872659
0.0890038
0.0907417
0.0925358
0.0943379
0.0961444
0.0978664
0.0992078
0.0138754
0.0142582
0.0148931
0.0156502
0.0162767
0.0166137
0.0167363
0.016836
0.0170495
0.0173962
0.0177069
0.0177638
0.0177016
0.0178135
0.0181956
0.0187037
0.0190233
0.0191293
0.0193647
0.0198755
0.020453
0.020831
0.0210402
0.0214335
0.0220555
0.0225422
0.0228383
0.0232559
0.0238664
0.024421
0.0248233
0.0252562
0.0258064
0.0264299
0.0270536
0.0275693
0.0280426
0.0286333
0.0293317
0.0299983
0.030555
0.0311195
0.0318246
0.0325702
0.0332222
0.0338467
0.0345535
0.0353387
0.0360949
0.0367742
0.0375215
0.0383745
0.0391541
0.0399074
0.0407713
0.0416406
0.0424598
0.0433267
0.044248
0.0451625
0.0460771
0.0470281
0.0479919
0.0489679
0.0499832
0.0510097
0.052045
0.0530914
0.0541918
0.0553031
0.056417
0.057551
0.0587312
0.0599214
0.0611361
0.0623656
0.0636212
0.0649116
0.0662134
0.0675501
0.0688975
0.0702886
0.0716885
0.073128
0.0745847
0.0760718
0.0775892
0.0791291
0.0807013
0.082302
0.0839268
0.0855974
0.0872707
0.0890093
0.0907488
0.0925455
0.0943496
0.0961588
0.0978831
0.0992255
0.013987
0.0143826
0.0149791
0.0156863
0.0163238
0.0167171
0.0168874
0.0169996
0.017181
0.0174589
0.017762
0.0179037
0.0178907
0.017968
0.0182676
0.0187286
0.0191141
0.0192975
0.0195007
0.0199181
0.0204677
0.0209252
0.0211877
0.0215101
0.0220621
0.0225966
0.022955
0.023325
0.02388
0.0244735
0.0248993
0.0253071
0.0258492
0.0264498
0.0270688
0.0276319
0.0281028
0.0286394
0.0293356
0.03004
0.0305961
0.0311322
0.0318347
0.032594
0.0332481
0.0338673
0.0345659
0.0353475
0.0361144
0.0367939
0.0375277
0.0383841
0.0391719
0.0399184
0.0407791
0.0416538
0.0424709
0.0433337
0.0442567
0.0451714
0.0460852
0.0470363
0.0479986
0.0489743
0.0499894
0.0510165
0.0520519
0.0530962
0.0541967
0.0553086
0.0564224
0.0575559
0.0587353
0.059926
0.0611414
0.0623696
0.0636247
0.0649159
0.0662176
0.0675538
0.0689009
0.0702921
0.0716916
0.0731317
0.0745878
0.0760748
0.0775925
0.0791321
0.0807048
0.0823048
0.0839309
0.0856016
0.0872756
0.0890152
0.0907559
0.0925554
0.0943615
0.0961734
0.0979
0.0992433
0.0140863
0.0145025
0.0150787
0.0157397
0.0163719
0.0168104
0.0170244
0.0171493
0.0173148
0.0175462
0.0178146
0.0180104
0.0180624
0.0181291
0.0183654
0.0187655
0.0191775
0.019434
0.0196444
0.0199969
0.0204888
0.0209836
0.0213186
0.0216154
0.0220935
0.0226305
0.02305
0.0234183
0.0239041
0.0245027
0.024978
0.0253675
0.0258894
0.026483
0.0270801
0.0276736
0.0281764
0.0286646
0.0293247
0.0300709
0.0306531
0.0311527
0.0318347
0.0326162
0.0332796
0.0338878
0.0345772
0.0353564
0.0361342
0.036816
0.0375348
0.0383922
0.0391905
0.0399305
0.0407859
0.0416673
0.0424834
0.0433406
0.0442653
0.0451808
0.0460932
0.0470444
0.0480059
0.0489808
0.0499951
0.0510237
0.0520595
0.053101
0.0542011
0.0553143
0.0564287
0.0575613
0.0587389
0.0599303
0.0611471
0.0623741
0.0636284
0.06492
0.0662217
0.0675579
0.0689045
0.0702957
0.0716947
0.0731356
0.074591
0.0760777
0.077596
0.0791354
0.0807088
0.0823079
0.0839352
0.0856061
0.0872805
0.0890213
0.0907634
0.0925657
0.0943738
0.0961879
0.0979168
0.0992612
0.0141717
0.014613
0.0151874
0.0158112
0.0164192
0.016888
0.0171483
0.0172895
0.0174433
0.0176493
0.0178807
0.0180919
0.0182071
0.0182875
0.0184812
0.0188222
0.0192283
0.0195422
0.0197792
0.0200985
0.0205322
0.0210232
0.0214221
0.0217296
0.0221494
0.0226608
0.0231176
0.0235166
0.0239562
0.0245229
0.0250467
0.0254412
0.0259262
0.0265188
0.0271002
0.0276939
0.0282452
0.0287179
0.0293138
0.0300796
0.0307178
0.0311907
0.0318264
0.0326287
0.0333187
0.0339133
0.0345859
0.0353644
0.0361551
0.0368398
0.0375422
0.0383986
0.0392097
0.0399447
0.0407919
0.0416805
0.0424972
0.0433475
0.0442735
0.0451908
0.0461017
0.0470526
0.0480138
0.0489874
0.0500004
0.0510311
0.0520676
0.0531058
0.0542057
0.0553204
0.0564352
0.0575663
0.0587425
0.0599353
0.0611532
0.0623786
0.0636319
0.0649244
0.0662261
0.0675622
0.0689081
0.0702993
0.071698
0.0731395
0.0745943
0.0760805
0.0775998
0.0791387
0.0807127
0.0823111
0.0839394
0.0856111
0.0872856
0.0890279
0.0907711
0.0925761
0.0943863
0.0962024
0.0979337
0.0992791
0.014252
0.0147116
0.0152935
0.0158964
0.0164756
0.0169574
0.0172606
0.0174226
0.0175626
0.017751
0.0179607
0.0181638
0.0183228
0.0184342
0.0186057
0.0188981
0.0192783
0.0196294
0.0198999
0.0202073
0.0205995
0.0210611
0.0214991
0.0218385
0.0222231
0.022701
0.0231687
0.0236021
0.0240283
0.0245463
0.0250943
0.025522
0.0259717
0.0265514
0.0271349
0.027709
0.0282935
0.0287905
0.0293192
0.0300623
0.0307726
0.0312534
0.0318222
0.0326243
0.03336
0.0339502
0.0345928
0.0353676
0.0361773
0.0368669
0.0375503
0.0384031
0.0392293
0.0399612
0.0407972
0.0416925
0.0425123
0.0433553
0.0442809
0.0452009
0.046111
0.0470603
0.048022
0.048995
0.0500054
0.0510384
0.0520764
0.0531107
0.0542097
0.055326
0.0564423
0.0575721
0.0587462
0.05994
0.0611589
0.0623833
0.063636
0.0649291
0.0662306
0.0675665
0.0689118
0.0703028
0.0717017
0.0731437
0.074598
0.0760835
0.0776037
0.0791422
0.0807167
0.0823145
0.0839438
0.0856164
0.0872907
0.0890346
0.0907791
0.0925866
0.094399
0.0962169
0.0979504
0.099297
0.0143373
0.0148038
0.0153945
0.015993
0.0165472
0.017023
0.0173552
0.0175442
0.0176778
0.0178476
0.0180469
0.0182377
0.018414
0.0185598
0.01873
0.0189892
0.0193358
0.0197019
0.020005
0.0203113
0.0206811
0.0211103
0.0215595
0.0219356
0.0223073
0.0227552
0.0232161
0.0236691
0.0241047
0.0245843
0.0251255
0.0255959
0.0260308
0.0265792
0.0271741
0.0277331
0.0283208
0.0288646
0.0293563
0.0300358
0.030801
0.0313325
0.0318365
0.0326021
0.0333905
0.0340012
0.0346049
0.0353624
0.036198
0.0368996
0.0375598
0.0384047
0.0392489
0.0399801
0.0408024
0.0417036
0.0425282
0.0433642
0.0442879
0.0452106
0.0461211
0.047068
0.0480301
0.0490029
0.0500102
0.0510459
0.0520857
0.0531155
0.0542138
0.0553325
0.0564499
0.0575773
0.0587493
0.0599452
0.0611652
0.0623881
0.0636397
0.0649334
0.0662351
0.0675712
0.0689156
0.0703065
0.0717057
0.0731477
0.0746016
0.0760864
0.077608
0.079146
0.0807208
0.0823184
0.0839482
0.085622
0.087296
0.0890415
0.0907875
0.0925971
0.0944119
0.0962313
0.0979669
0.0993146
0.0144279
0.0148987
0.01549
0.0160885
0.0166279
0.0170907
0.0174365
0.0176559
0.0177944
0.0179407
0.0181272
0.018313
0.0184934
0.0186635
0.0188451
0.0190873
0.0194039
0.0197652
0.0200941
0.0204084
0.0207678
0.0211724
0.0216133
0.0220181
0.0223929
0.0228181
0.0232666
0.0237249
0.0241757
0.0246385
0.0251557
0.0256548
0.0261002
0.0266097
0.0272049
0.0277675
0.0283379
0.0289221
0.0294203
0.0300228
0.030798
0.0314097
0.0318826
0.0325771
0.033398
0.0340598
0.0346321
0.0353494
0.0362102
0.0369388
0.0375737
0.0384011
0.0392672
0.0400022
0.0408077
0.0417131
0.0425448
0.0433743
0.0442944
0.04522
0.0461324
0.047076
0.0480377
0.0490113
0.0500153
0.0510529
0.0520952
0.0531211
0.0542178
0.0553386
0.0564575
0.0575831
0.0587533
0.0599509
0.061171
0.062393
0.0636442
0.0649384
0.0662399
0.0675757
0.0689195
0.0703101
0.0717097
0.073152
0.0746055
0.0760896
0.0776121
0.0791499
0.0807248
0.0823223
0.0839527
0.0856279
0.0873018
0.0890486
0.0907962
0.0926079
0.094425
0.0962458
0.0979833
0.0993324
0.0145158
0.0149936
0.01558
0.0161795
0.0167131
0.0171645
0.0175128
0.0177523
0.0179042
0.0180321
0.0182023
0.0183865
0.0185688
0.0187505
0.0189447
0.0191835
0.0194778
0.0198247
0.02017
0.0204982
0.0208538
0.0212439
0.0216691
0.0220866
0.0224726
0.0228854
0.0233226
0.0237773
0.0242373
0.0246998
0.0251928
0.0256985
0.0261682
0.0266521
0.0272303
0.0278079
0.02836
0.0289562
0.0294896
0.0300361
0.0307757
0.0314625
0.0319538
0.0325693
0.0333803
0.0341114
0.0346827
0.0353387
0.0362074
0.0369818
0.0375978
0.0383938
0.0392819
0.0400278
0.0408136
0.0417209
0.0425616
0.0433853
0.0443006
0.0452286
0.0461436
0.047084
0.0480454
0.0490198
0.0500207
0.0510601
0.0521045
0.0531263
0.0542212
0.055345
0.0564657
0.0575883
0.0587564
0.0599565
0.0611769
0.0623979
0.0636487
0.0649429
0.0662448
0.0675804
0.0689235
0.0703139
0.0717142
0.0731562
0.0746093
0.0760928
0.0776164
0.0791539
0.0807288
0.0823267
0.0839572
0.0856338
0.0873072
0.0890555
0.0908048
0.0926183
0.0944378
0.0962599
0.0979991
0.0993494
0.0145968
0.0150847
0.0156695
0.0162662
0.0167977
0.0172393
0.017584
0.0178304
0.0180014
0.0181253
0.0182749
0.0184522
0.0186373
0.0188278
0.0190283
0.0192691
0.0195519
0.0198851
0.0202383
0.0205803
0.0209357
0.0213145
0.0217263
0.0221468
0.0225466
0.0229559
0.0233822
0.0238314
0.0242916
0.0247577
0.0252369
0.0257343
0.0262279
0.0267066
0.0272556
0.0278438
0.0283924
0.0289788
0.0295498
0.0300769
0.0307561
0.0314819
0.0320289
0.0325913
0.0333493
0.0341369
0.0347496
0.0353429
0.0361864
0.0370193
0.037636
0.0383858
0.0392894
0.0400568
0.0408224
0.0417274
0.0425793
0.0433981
0.0443067
0.0452372
0.0461557
0.0470928
0.0480529
0.0490284
0.0500265
0.0510672
0.0521138
0.0531328
0.0542256
0.0553518
0.0564741
0.0575938
0.0587606
0.0599634
0.0611831
0.062403
0.0636539
0.0649482
0.0662501
0.0675853
0.0689279
0.0703183
0.071719
0.0731606
0.0746135
0.0760968
0.0776208
0.0791583
0.0807332
0.0823315
0.0839623
0.0856402
0.0873138
0.0890631
0.0908143
0.0926293
0.0944509
0.0962744
0.098015
0.0993668
0.0146777
0.0151711
0.0157571
0.016346
0.0168755
0.0173092
0.0176496
0.0178969
0.0180811
0.0182109
0.0183434
0.0185117
0.0186963
0.0188954
0.0190994
0.0193425
0.0196244
0.0199481
0.0203028
0.0206491
0.021007
0.0213825
0.0217877
0.0222057
0.0226106
0.0230232
0.0234412
0.0238842
0.0243408
0.024809
0.0252879
0.0257733
0.0262774
0.0267645
0.0272852
0.0278721
0.0284309
0.0290009
0.0295937
0.0301298
0.0307564
0.0314816
0.0320902
0.0326435
0.0333274
0.0341307
0.0348172
0.0353734
0.0361545
0.0370397
0.0376866
0.0383818
0.0392862
0.0400848
0.0408336
0.0417306
0.0425957
0.0434112
0.0443112
0.045245
0.0461673
0.0471008
0.0480605
0.0490366
0.0500321
0.0510739
0.0521225
0.0531386
0.0542286
0.0553575
0.0564823
0.0575988
0.0587641
0.0599692
0.0611882
0.0624073
0.0636587
0.0649527
0.066255
0.0675894
0.0689315
0.070322
0.0717232
0.0731645
0.074617
0.0761004
0.0776247
0.079162
0.0807371
0.0823358
0.0839667
0.0856457
0.0873195
0.0890698
0.0908229
0.0926396
0.0944632
0.096288
0.0980299
0.0993827
0.0147618
0.0152556
0.0158412
0.0164197
0.0169445
0.0173728
0.0177072
0.0179523
0.018138
0.0182809
0.0184055
0.0185627
0.0187435
0.0189506
0.0191632
0.0194061
0.0196923
0.0200072
0.020359
0.0207093
0.021075
0.0214526
0.0218473
0.0222614
0.0226655
0.0230827
0.023497
0.0239334
0.0243903
0.0248553
0.0253356
0.0258126
0.0263155
0.0268197
0.0273236
0.0278981
0.0284702
0.0290272
0.0296265
0.0301821
0.0307748
0.0314766
0.0321272
0.0327083
0.0333336
0.0341046
0.0348693
0.0354353
0.03613
0.0370393
0.0377478
0.0383941
0.0392764
0.0401123
0.0408524
0.0417344
0.0426128
0.0434279
0.0443161
0.0452529
0.0461804
0.0471095
0.0480683
0.0490455
0.0500384
0.0510809
0.0521316
0.0531461
0.0542335
0.0553643
0.0564913
0.0576045
0.0587689
0.0599765
0.0611946
0.0624129
0.0636649
0.0649587
0.066261
0.0675946
0.0689365
0.0703276
0.0717289
0.0731693
0.0746216
0.0761054
0.0776297
0.0791668
0.0807421
0.0823415
0.0839725
0.0856525
0.0873268
0.0890776
0.0908325
0.0926507
0.0944759
0.0963019
0.0980451
0.0993993
0.0148495
0.0153405
0.0159216
0.0164903
0.0170037
0.0174261
0.0177514
0.0179932
0.0181745
0.0183269
0.0184526
0.0186023
0.0187813
0.018992
0.0192195
0.0194618
0.0197494
0.0200618
0.0204143
0.0207712
0.0211359
0.0215162
0.0219028
0.0223143
0.0227152
0.0231329
0.0235532
0.0239814
0.0244372
0.0248946
0.0253732
0.0258532
0.0263481
0.0268661
0.0273649
0.0279192
0.0285022
0.0290541
0.0296506
0.0302254
0.0308024
0.0314767
0.0321409
0.0327592
0.0333643
0.0340707
0.0348809
0.0355071
0.0361211
0.0370094
0.0377977
0.0384208
0.039258
0.040128
0.0408733
0.0417354
0.0426263
0.0434454
0.0443186
0.0452579
0.0461931
0.0471177
0.0480753
0.0490542
0.0500439
0.0510859
0.0521397
0.0531533
0.0542365
0.0553689
0.0564992
0.05761
0.0587733
0.059982
0.0611994
0.0624175
0.0636701
0.0649634
0.0662658
0.0675982
0.0689399
0.0703317
0.0717328
0.0731728
0.074625
0.0761094
0.0776334
0.0791701
0.0807459
0.0823457
0.0839768
0.0856576
0.0873326
0.0890844
0.090841
0.0926609
0.0944876
0.0963148
0.0980589
0.0994137
0.0149332
0.0154212
0.0159938
0.0165494
0.0170448
0.0174586
0.0177751
0.0180125
0.0181878
0.0183428
0.0184801
0.0186293
0.0188102
0.0190233
0.0192665
0.0195149
0.0198049
0.020123
0.020472
0.020835
0.0211971
0.0215816
0.0219646
0.0223691
0.0227703
0.023183
0.0236113
0.0240321
0.0244849
0.0249413
0.0254123
0.0259014
0.026388
0.0269099
0.0274165
0.0279493
0.0285362
0.0290886
0.0296746
0.0302669
0.0308388
0.0314921
0.032154
0.0327949
0.0334211
0.0340697
0.0348678
0.035579
0.0361535
0.0369752
0.0378322
0.03847
0.0392492
0.0401351
0.0408997
0.0417394
0.0426379
0.0434681
0.0443235
0.0452608
0.0462065
0.0471279
0.0480822
0.0490631
0.0500513
0.0510906
0.0521485
0.0531635
0.0542408
0.0553733
0.056508
0.0576171
0.0587786
0.0599875
0.061205
0.062424
0.0636766
0.0649694
0.0662718
0.0676034
0.0689452
0.0703382
0.0717384
0.0731775
0.0746299
0.0761149
0.0776388
0.0791748
0.0807516
0.082352
0.0839829
0.0856643
0.0873399
0.089092
0.09085
0.0926713
0.0944994
0.0963276
0.0980729
0.0994291
0.0150293
0.0154931
0.0160376
0.0165665
0.0170339
0.0174265
0.0177267
0.0179518
0.0181211
0.0182744
0.018427
0.0185877
0.0187813
0.0190048
0.0192653
0.0195345
0.0198295
0.0201558
0.0205042
0.0208754
0.0212391
0.021621
0.0220067
0.0224037
0.0228079
0.0232132
0.0236461
0.0240695
0.0245146
0.0249755
0.0254363
0.0259323
0.0264202
0.0269353
0.0274567
0.0279757
0.0285571
0.0291175
0.0296894
0.0302965
0.0308707
0.0315051
0.0321642
0.0328026
0.0334607
0.034091
0.0348347
0.0356111
0.036206
0.0369464
0.0378341
0.0385206
0.039252
0.0401313
0.0409236
0.0417454
0.042643
0.0434918
0.0443316
0.0452594
0.0462171
0.0471393
0.0480888
0.0490711
0.0500585
0.0510923
0.0521545
0.0531748
0.0542449
0.0553746
0.0565155
0.0576264
0.0587852
0.0599915
0.0612098
0.0624313
0.0636829
0.0649745
0.0662769
0.0676073
0.0689493
0.0703434
0.0717424
0.0731811
0.0746339
0.0761195
0.0776426
0.0791779
0.0807557
0.0823565
0.0839874
0.0856696
0.0873464
0.0890993
0.0908586
0.0926815
0.0945104
0.0963395
0.0980853
0.0994421
0.0152907
0.0157511
0.0162738
0.0167635
0.0171806
0.0175233
0.0177832
0.0179764
0.0181262
0.0182651
0.0184181
0.0185876
0.018789
0.0190208
0.0192895
0.0195775
0.0198785
0.0202085
0.0205561
0.0209248
0.0212908
0.0216649
0.0220532
0.0224452
0.0228501
0.0232534
0.0236828
0.0241161
0.0245504
0.0250141
0.0254736
0.025966
0.0264619
0.0269646
0.027496
0.0280125
0.0285785
0.0291497
0.0297085
0.0303218
0.0309081
0.0315245
0.0321852
0.0328143
0.0334886
0.0341361
0.0348211
0.0356149
0.0362659
0.0369454
0.0378176
0.038563
0.0392703
0.0401238
0.0409416
0.0417539
0.0426428
0.0435127
0.0443468
0.045257
0.0462218
0.0471521
0.0480967
0.0490783
0.0500676
0.051094
0.0521602
0.0531892
0.0542505
0.0553736
0.0565207
0.0576365
0.0587918
0.0599919
0.0612125
0.0624392
0.0636892
0.0649786
0.0662817
0.0676119
0.0689546
0.0703496
0.071747
0.073185
0.0746387
0.0761247
0.0776475
0.0791821
0.0807609
0.0823625
0.0839927
0.0856753
0.0873525
0.0891057
0.0908661
0.0926904
0.0945207
0.0963506
0.0980975
0.099455
0.015026
0.0154356
0.015931
0.0164109
0.0168317
0.0171908
0.0174877
0.0177317
0.0179409
0.018134
0.0183342
0.0185452
0.0187774
0.0190323
0.0193138
0.0196165
0.0199261
0.0202541
0.0205989
0.0209601
0.021327
0.021696
0.0220817
0.022474
0.0228771
0.0232842
0.0237059
0.0241487
0.0245806
0.0250404
0.02551
0.0259924
0.0264951
0.0269924
0.0275257
0.0280506
0.0285986
0.0291793
0.0297313
0.0303395
0.0309423
0.0315419
0.0322006
0.0328264
0.0335004
0.0341779
0.034828
0.0356007
0.0363143
0.0369715
0.0377972
0.0385914
0.0393033
0.0401235
0.0409571
0.0417676
0.0426432
0.0435304
0.0443693
0.0452593
0.04622
0.0471639
0.048107
0.0490843
0.0500758
0.051093
0.0521615
0.0532041
0.0542572
0.0553716
0.0565256
0.057651
0.0588038
0.0599939
0.0612166
0.0624514
0.0636988
0.0649841
0.0662874
0.0676174
0.0689609
0.0703563
0.0717516
0.0731896
0.0746444
0.0761303
0.0776521
0.0791861
0.0807659
0.0823682
0.0839981
0.0856814
0.0873601
0.0891138
0.0908748
0.0927002
0.0945307
0.096361
0.0981083
0.0994667
0.0164106
0.0164472
0.0164397
0.0164715
0.0165674
0.0167331
0.0169619
0.0172315
0.0175213
0.0178125
0.0181068
0.018401
0.0186979
0.0189992
0.0193087
0.0196285
0.0199487
0.0202771
0.0206194
0.0209755
0.021341
0.0217097
0.0220901
0.0224845
0.0228853
0.0232968
0.0237153
0.0241608
0.024603
0.0250554
0.0255362
0.0260127
0.0265127
0.0270138
0.0275408
0.028078
0.0286105
0.0291935
0.0297511
0.0303458
0.0309669
0.0315572
0.0322087
0.0328434
0.0335055
0.034205
0.0348488
0.0355815
0.0363348
0.037006
0.0377786
0.0385933
0.0393314
0.0401249
0.0409617
0.0417772
0.0426381
0.0435368
0.0443925
0.0452663
0.0462122
0.0471707
0.0481201
0.0490919
0.0500853
0.0510924
0.0521626
0.0532219
0.0542655
0.0553654
0.056526
0.0576624
0.058813
0.0599896
0.061214
0.0624596
0.0637056
0.0649851
0.0662891
0.0676209
0.0689657
0.0703609
0.071754
0.0731922
0.0746483
0.0761341
0.0776554
0.0791891
0.0807698
0.0823727
0.0840018
0.0856854
0.0873645
0.0891184
0.0908804
0.0927071
0.094539
0.0963698
0.098118
0.0994765
0.0151303
0.0154529
0.0158553
0.0162494
0.0166003
0.0168984
0.0171541
0.0173879
0.0176218
0.0178641
0.0181232
0.0183971
0.0186879
0.0189943
0.0193135
0.0196428
0.019973
0.0203087
0.0206529
0.0210111
0.021377
0.0217466
0.0221198
0.022509
0.022906
0.0233151
0.0237346
0.0241749
0.0246306
0.0250826
0.0255632
0.0260435
0.0265341
0.0270427
0.0275623
0.0281073
0.0286363
0.0292082
0.029784
0.0303599
0.0309864
0.0315814
0.0322126
0.0328652
0.0335151
0.0342192
0.0348822
0.0355758
0.0363439
0.037047
0.0377825
0.0385937
0.03936
0.0401436
0.0409706
0.0417922
0.042642
0.0435376
0.044417
0.0452827
0.0462034
0.0471732
0.0481312
0.0490993
0.0500934
0.0510879
0.0521579
0.0532385
0.0542767
0.0553604
0.0565273
0.0576802
0.0588306
0.0599922
0.0612166
0.0624746
0.0637202
0.0649923
0.0662947
0.0676286
0.068975
0.070369
0.0717595
0.0731983
0.0746558
0.0761409
0.0776611
0.0791946
0.0807759
0.0823793
0.0840084
0.0856924
0.0873727
0.0891268
0.0908886
0.092716
0.0945474
0.0963783
0.0981266
0.0994862
0.0165496
0.0164762
0.0163356
0.0162359
0.0162267
0.0163148
0.0164985
0.0167616
0.0170875
0.017448
0.0178255
0.0182044
0.0185773
0.0189427
0.0192991
0.0196491
0.0199876
0.0203248
0.020665
0.0210206
0.0213838
0.021751
0.0221208
0.0225041
0.0229013
0.0233102
0.0237343
0.024173
0.0246363
0.0250982
0.0255719
0.0260571
0.0265433
0.0270538
0.0275734
0.028115
0.0286522
0.0292097
0.0297989
0.0303737
0.030988
0.0316017
0.0322137
0.032875
0.0335301
0.034217
0.0349066
0.0355782
0.0363358
0.0370721
0.0377872
0.0385856
0.0393685
0.0401557
0.0409742
0.0417958
0.0426469
0.043532
0.0444283
0.0453029
0.0461964
0.04717
0.0481406
0.0491057
0.0501065
0.0510886
0.0521514
0.0532525
0.0542896
0.055354
0.0565203
0.057688
0.0588431
0.0599882
0.061209
0.0624793
0.0637271
0.0649928
0.0662934
0.0676296
0.0689788
0.0703722
0.0717598
0.0731992
0.0746584
0.0761431
0.0776627
0.0791961
0.0807781
0.0823819
0.0840104
0.0856946
0.087375
0.0891296
0.0908919
0.0927202
0.0945528
0.0963839
0.0981328
0.0994921
0.016022
0.0159015
0.0157406
0.0156441
0.0156605
0.0157961
0.0160478
0.0163916
0.0167986
0.017235
0.0176786
0.018113
0.0185274
0.0189218
0.0192958
0.0196546
0.0199962
0.0203334
0.0206714
0.0210234
0.0213843
0.0217488
0.0221185
0.0224994
0.0228962
0.0233068
0.0237328
0.0241732
0.0246368
0.0251056
0.0255776
0.0260624
0.026551
0.0270594
0.0275824
0.0281201
0.0286612
0.029216
0.0298027
0.0303849
0.0309886
0.0316096
0.032221
0.0328762
0.0335448
0.0342203
0.0349186
0.0355962
0.036336
0.0370897
0.037806
0.0385906
0.0393801
0.0401709
0.0409875
0.0418033
0.0426568
0.043538
0.0444336
0.0453191
0.0462003
0.0471675
0.0481468
0.0491086
0.0501119
0.051094
0.0521468
0.0532575
0.0543035
0.0553591
0.056522
0.0576971
0.0588612
0.0600017
0.0612145
0.0624904
0.0637423
0.0650046
0.0663023
0.0676382
0.0689885
0.0703822
0.0717681
0.0732064
0.0746667
0.0761511
0.0776699
0.0792029
0.080785
0.0823891
0.0840178
0.0857021
0.0873832
0.0891378
0.0908993
0.0927275
0.0945591
0.0963902
0.098139
0.0994998
)
;

boundaryField
{
    zeroGradientPlanes
    {
        type            zeroGradient;
    }
    inlet
    {
        type            zeroGradient;
    }
    plate
    {
        type            zeroGradient;
    }
    frontAndBack
    {
        type            empty;
    }
}


// ************************************************************************* //
