/*--------------------------------*- C++ -*----------------------------------*\
| =========                 |                                                 |
| \\      /  F ield         | OpenFOAM: The Open Source CFD Toolbox           |
|  \\    /   O peration     | Version:  v1912                                 |
|   \\  /    A nd           | Website:  www.openfoam.com                      |
|    \\/     M anipulation  |                                                 |
\*---------------------------------------------------------------------------*/
FoamFile
{
    version     2.0;
    format      ascii;
    class       volScalarField;
    location    "9.65";
    object      p;
}
// * * * * * * * * * * * * * * * * * * * * * * * * * * * * * * * * * * * * * //

dimensions      [0 2 -2 0 0 0 0];


internalField   nonuniform List<scalar> 
9600
(
2.8387e-11
0.00412212
0.00383119
1.24974e-05
-0.00153048
0.0046461
0.00295407
0.00612783
0.0079915
0.010914
0.0114501
0.011678
0.0125379
0.0147583
0.0149531
0.0161431
0.0164382
0.0184991
0.0196343
0.024373
6.63937e-07
0.00413271
0.00381575
-5.3247e-06
-0.00151692
0.00465352
0.00295095
0.00612645
0.00799601
0.0109107
0.0114473
0.011684
0.0125463
0.0147507
0.0149543
0.0161295
0.0164579
0.0184718
0.019663
0.023982
3.71189e-06
0.00414028
0.00378356
7.30495e-06
-0.00148853
0.00464952
0.00295879
0.00612527
0.00799992
0.010912
0.0114454
0.0116951
0.0125558
0.0147444
0.0149536
0.0161163
0.0164858
0.0184304
0.0196866
0.0234942
1.12838e-05
0.00413797
0.00375209
5.058e-05
-0.00143904
0.00464072
0.00298606
0.00612049
0.00800182
0.0109202
0.0114405
0.0117064
0.012568
0.014737
0.0149491
0.0160973
0.0165176
0.0183783
0.0196973
0.023055
2.53308e-05
0.00412747
0.00372629
0.00012219
-0.001369
0.00462729
0.00303228
0.00611173
0.00800245
0.01093
0.0114329
0.0117165
0.012583
0.0147263
0.0149421
0.0160722
0.0165515
0.0183204
0.0196937
0.0226556
4.69541e-05
0.00411169
0.00370694
0.000215911
-0.00128048
0.00461274
0.00309363
0.00610158
0.00800253
0.0109392
0.0114246
0.0117245
0.0126004
0.0147124
0.0149349
0.0160411
0.016587
0.0182566
0.0196753
0.0222901
7.59773e-05
0.00409396
0.00369501
0.000325349
-0.00117871
0.00459786
0.0031645
0.00609255
0.00800283
0.0109474
0.0114169
0.0117298
0.0126202
0.0146955
0.0149285
0.0160046
0.0166221
0.0181889
0.0196392
0.0219533
0.000111355
0.00407782
0.00369086
0.000444724
-0.00106709
0.00458346
0.00324109
0.00608616
0.00800378
0.0109542
0.0114096
0.011732
0.0126419
0.0146758
0.0149233
0.0159634
0.016655
0.0181188
0.0195832
0.0216417
0.000151785
0.00406538
0.0036934
0.000570337
-0.000948374
0.00456958
0.00332183
0.00608295
0.0080056
0.010959
0.0114022
0.0117303
0.0126651
0.0146531
0.0149192
0.0159182
0.0166833
0.0180477
0.0195065
0.0213514
0.000196033
0.00405687
0.00370066
0.000700101
-0.000823761
0.00455634
0.00340693
0.00608305
0.00800866
0.0109613
0.0113936
0.0117242
0.0126894
0.0146278
0.0149158
0.0158703
0.0167048
0.0179765
0.0194097
0.0210778
0.000243124
0.00405149
0.00371075
0.000833006
-0.000693982
0.0045439
0.00349724
0.00608661
0.00801357
0.0109611
0.0113835
0.0117133
0.0127144
0.0146002
0.0149121
0.0158206
0.0167173
0.0179059
0.0192938
0.0208156
0.000292406
0.00404826
0.00372249
0.000968235
-0.000559622
0.00453251
0.00359359
0.00609393
0.00802097
0.0109582
0.0113712
0.0116974
0.0127401
0.0145705
0.0149073
0.0157702
0.0167192
0.0178355
0.0191605
0.0205598
0.000343528
0.00404658
0.00373523
0.00110488
-0.000421203
0.00452235
0.00369626
0.0061052
0.00803142
0.0109528
0.0113573
0.0116769
0.012766
0.0145395
0.0149003
0.01572
0.0167095
0.0177641
0.0190124
0.0203062
0.000396373
0.00404623
0.00374881
0.0012421
-0.000279035
0.0045135
0.00380479
0.00612033
0.00804522
0.0109449
0.0113425
0.0116521
0.0127916
0.0145079
0.01489
0.0156706
0.0166879
0.0176901
0.0188524
0.0200514
0.000450927
0.00404721
0.0037634
0.00137921
-0.000133169
0.00450613
0.00391811
0.00613878
0.00806235
0.0109347
0.0113275
0.0116237
0.0128165
0.0144765
0.0148755
0.0156221
0.0166546
0.0176116
0.018683
0.0197934
0.000507232
0.00404955
0.00377927
0.00151566
1.65183e-05
0.00450041
0.00403489
0.00615989
0.00808263
0.0109223
0.0113129
0.0115924
0.0128399
0.0144461
0.0148557
0.015574
0.0166108
0.0175268
0.0185073
0.0195314
0.000565353
0.00405326
0.00379662
0.00165107
0.000170209
0.00449646
0.00415379
0.006183
0.00810582
0.0109077
0.0112991
0.0115589
0.0128611
0.0144176
0.0148303
0.0155253
0.0165578
0.0174342
0.0183273
0.0192659
0.000625355
0.0040583
0.00381566
0.0017851
0.000328026
0.00449447
0.00427368
0.00620759
0.0081317
0.010891
0.011286
0.011524
0.0128794
0.0143912
0.0147992
0.0154746
0.0164969
0.0173331
0.0181442
0.0189983
0.000687302
0.00406462
0.00383662
0.00191744
0.00048999
0.00449468
0.00439373
0.00623336
0.00816001
0.0108728
0.0112735
0.0114883
0.0128939
0.0143672
0.014763
0.0154206
0.0164287
0.0172232
0.0179591
0.0187302
0.000751268
0.00407222
0.0038597
0.00204778
0.000656004
0.00449737
0.00451338
0.00626019
0.00819044
0.0108533
0.0112613
0.0114521
0.0129043
0.0143454
0.0147222
0.015362
0.0163539
0.0171054
0.0177722
0.0184637
0.000817346
0.00408107
0.00388512
0.00217581
0.000825872
0.00450287
0.00463222
0.00628812
0.00822266
0.0108331
0.0112489
0.011416
0.0129102
0.0143253
0.0146771
0.0152981
0.0162728
0.0169807
0.0175835
0.0182003
0.000885648
0.00409113
0.00391309
0.0023013
0.000999353
0.00451154
0.00474989
0.00631733
0.00825626
0.0108125
0.0112364
0.0113801
0.0129112
0.0143066
0.0146282
0.0152281
0.0161854
0.0168503
0.0173929
0.0179414
0.000956307
0.00410236
0.00394385
0.00242408
0.00117617
0.00452379
0.004866
0.00634761
0.00829083
0.0107921
0.0112235
0.0113442
0.0129073
0.0142892
0.0145756
0.0151515
0.0160919
0.0167149
0.0172009
0.0176881
0.00102948
0.00411472
0.00397763
0.00254407
0.00135603
0.00454007
0.00498018
0.00638049
0.00832592
0.0107722
0.0112103
0.0113085
0.0128983
0.0142727
0.0145195
0.0150679
0.0159924
0.0165751
0.0170076
0.0174412
0.00110536
0.00412811
0.0040147
0.0026613
0.00153864
0.0045609
0.00509211
0.00641546
0.00836107
0.0107534
0.0111968
0.0112726
0.0128837
0.014257
0.0144606
0.0149767
0.0158872
0.0164315
0.0168125
0.0172016
0.00118417
0.00414248
0.00405537
0.0027759
0.00172364
0.00458682
0.00520149
0.00645271
0.00839594
0.0107357
0.0111834
0.0112363
0.0128631
0.0142418
0.0143996
0.0148771
0.0157767
0.0162857
0.0166153
0.0169696
0.00126615
0.00415777
0.00409994
0.00288814
0.00191069
0.00461833
0.00530805
0.00649234
0.00843028
0.010719
0.0111704
0.0111993
0.0128357
0.0142271
0.0143372
0.0147683
0.0156616
0.0161401
0.0164151
0.0167438
0.00135156
0.00417398
0.00414865
0.00299838
0.00209938
0.00465601
0.00541162
0.00653431
0.00846387
0.0107034
0.011158
0.0111618
0.0128011
0.0142122
0.0142746
0.0146499
0.0155413
0.0159972
0.0162121
0.0165205
0.00144064
0.00419111
0.00420171
0.00310705
0.00228917
0.00470033
0.00551215
0.00657854
0.00849639
0.0106888
0.0111464
0.0111237
0.0127585
0.0141964
0.0142133
0.0145221
0.0154142
0.0158593
0.0160094
0.016294
0.00153363
0.00420915
0.00425917
0.00321469
0.00247942
0.00475166
0.00560975
0.00662495
0.00852819
0.0106752
0.0111358
0.0110851
0.0127074
0.0141786
0.0141547
0.0143858
0.0152784
0.0157272
0.0158112
0.0160591
0.00163071
0.00422803
0.00432103
0.00332184
0.00266941
0.00481027
0.00570471
0.00667335
0.00855906
0.0106625
0.0111262
0.0110464
0.0126471
0.0141573
0.0141005
0.0142427
0.0151321
0.0156009
0.0156226
0.0158145
0.00173204
0.00422671
0.00438707
0.00342899
0.00285841
0.00487636
0.00579746
0.0067234
0.00858888
0.0106506
0.0111179
0.0110079
0.0125769
0.0141311
0.0140524
0.0140948
0.014974
0.015479
0.0154495
0.015564
0.0018379
0.00424866
0.00445699
0.0035366
0.00304567
0.00494987
0.00588864
0.00677499
0.00861729
0.0106393
0.0111109
0.0109703
0.0124964
0.0140983
0.014011
0.013944
0.0148035
0.0153584
0.015296
0.0153161
0.00194844
0.00427242
0.00453037
0.00364524
0.00323061
0.00503037
0.00597885
0.0068282
0.00864412
0.0106282
0.0111053
0.0109341
0.0124057
0.0140569
0.0139772
0.0137933
0.0146202
0.0152362
0.0151637
0.0150815
0.00206374
0.00429804
0.00460676
0.00375539
0.00341301
0.00511733
0.00606851
0.00688315
0.00866925
0.010617
0.0111008
0.0109
0.0123051
0.0140044
0.0139514
0.0136459
0.0144239
0.0151098
0.0150516
0.0148708
0.00218394
0.00432574
0.00468568
0.00386738
0.00359276
0.00521026
0.00615806
0.00694026
0.00869254
0.0106052
0.0110972
0.0108685
0.0121957
0.0139385
0.0139328
0.0135051
0.0142142
0.0149772
0.0149579
0.0146916
0.00230914
0.00435574
0.00476677
0.00398155
0.00376981
0.00530871
0.00624757
0.00699973
0.00871421
0.0105924
0.0110945
0.0108401
0.0120784
0.0138568
0.0139207
0.013376
0.0139905
0.0148353
0.0148811
0.0145479
0.00243941
0.00438851
0.00484973
0.00409805
0.00394415
0.00541255
0.00633713
0.00706125
0.00873454
0.0105784
0.0110923
0.0108152
0.0119551
0.0137565
0.0139118
0.0132642
0.0137548
0.0146791
0.0148189
0.0144398
0.00257477
0.0044244
0.0049344
0.00421718
0.00411547
0.00552151
0.00642742
0.00712443
0.00875358
0.0105629
0.0110904
0.0107938
0.0118269
0.0136366
0.0139024
0.0131745
0.0135109
0.014502
0.0147689
0.0143691
0.00271533
0.00446364
0.00502064
0.00433933
0.00428361
0.00563525
0.00651891
0.00718908
0.0087712
0.0105458
0.0110891
0.0107765
0.0116953
0.0134954
0.0138866
0.0131106
0.01327
0.0142981
0.0147198
0.0143365
0.00286119
0.00450634
0.00510844
0.00446508
0.00444766
0.00575344
0.00661285
0.00725469
0.00878762
0.0105265
0.0110883
0.0107641
0.0115616
0.0133334
0.0138574
0.0130666
0.0130437
0.0140777
0.0146604
0.0143308
0.00301248
0.00455262
0.00519754
0.00459554
0.00460716
0.0058744
0.00671109
0.00732179
0.00880211
0.0105049
0.0110874
0.0107573
0.0114288
0.0131515
0.0138094
0.0130359
0.0128311
0.0138413
0.0146034
0.0143656
0.00316929
0.00460287
0.00528739
0.00473167
0.00476235
0.00599635
0.0068146
0.0073914
0.00881402
0.0104802
0.0110864
0.010757
0.0113006
0.0129531
0.0137411
0.0130154
0.0126245
0.0135708
0.0145441
0.0145183
0.00333151
0.00465766
0.00537735
0.00487466
0.0049134
0.00611683
0.00692386
0.00746516
0.00882437
0.0104508
0.011085
0.0107625
0.0111806
0.0127463
0.013653
0.0130189
0.012476
0.0133033
0.0144131
0.0144937
0.00349898
0.00471794
0.0054661
0.00502482
0.00506297
0.00623226
0.00703756
0.00754643
0.00883353
0.0104157
0.0110819
0.0107765
0.0110739
0.0125333
0.0135442
0.0130564
0.0123932
0.0129905
0.0141403
0.0144722
0.0036714
0.00478458
0.00555262
0.00518205
0.00521358
0.00634094
0.00715362
0.00763674
0.00884401
0.0103746
0.0110752
0.0108001
0.0109814
0.0123191
0.0134223
0.0130956
0.012366
0.0127391
0.0138259
0.0142066
0.00384846
0.00485885
0.00563608
0.00534514
0.00536873
0.00644295
0.00726727
0.00773599
0.00885966
0.0103288
0.0110624
0.0108317
0.0109125
0.0121011
0.0132466
0.0130779
0.0123186
0.012479
0.0135207
0.0142323
0.00402962
0.00494168
0.00571626
0.00551174
0.00553217
0.00653924
0.00737319
0.00784434
0.00888416
0.0102786
0.011042
0.0108693
0.0108655
0.0119024
0.0130575
0.013069
0.0123523
0.0122872
0.0131275
0.0138324
0.00421442
0.00503382
0.0057937
0.00567895
0.00570493
0.00663312
0.00746889
0.00795626
0.00892027
0.010231
0.0110099
0.0109058
0.0108421
0.011715
0.0128346
0.0130114
0.0123779
0.0121105
0.0127486
0.013585
0.0044023
0.0051359
0.00586981
0.00584264
0.00588689
0.00673043
0.0075529
0.00806576
0.00896846
0.0101887
0.0109672
0.0109355
0.010836
0.0115393
0.0125978
0.0129106
0.012386
0.0120262
0.012468
0.0132849
0.00459237
0.0052484
0.00594639
0.00600018
0.00607644
0.00683512
0.00762638
0.00816682
0.00902479
0.0101567
0.0109206
0.0109517
0.0108356
0.0113882
0.0123628
0.0127796
0.0123906
0.0119934
0.0122391
0.012943
0.00478392
0.00537191
0.00602526
0.00614968
0.00626928
0.00695063
0.00769471
0.0082535
0.00908327
0.0101378
0.0108732
0.0109548
0.0108422
0.0112639
0.0121357
0.0126271
0.0123744
0.011973
0.0120674
0.0126571
0.00497623
0.005506
0.00611008
0.00629058
0.00646054
0.00707785
0.00776354
0.0083258
0.00913663
0.0101287
0.0108329
0.0109507
0.010849
0.011163
0.011925
0.0124582
0.0123323
0.0119648
0.0119529
0.012415
0.00516872
0.00564996
0.0062033
0.00642329
0.00664514
0.00721456
0.00784027
0.00838729
0.00917682
0.0101246
0.0108023
0.0109434
0.0108561
0.0110849
0.0117339
0.0122794
0.0122671
0.0119567
0.0118779
0.0122178
0.00536116
0.00580252
0.0063065
0.00654947
0.00681968
0.00735811
0.00792831
0.00844444
0.00920291
0.0101152
0.0107793
0.0109415
0.0108657
0.0110232
0.0115634
0.0120993
0.0121824
0.0119421
0.0118337
0.0120663
0.00555338
0.00596196
0.00642071
0.00667209
0.0069824
0.00750281
0.00802699
0.00850649
0.00921772
0.0100931
0.0107592
0.0109461
0.0108787
0.0109775
0.0114171
0.0119254
0.0120824
0.0119132
0.0118065
0.01196
0.00574542
0.00612655
0.00654569
0.0067943
0.00713281
0.007644
0.00813495
0.00857788
0.00922981
0.0100585
0.0107312
0.0109544
0.0108997
0.0109506
0.0112948
0.0117586
0.0119721
0.0118715
0.0117836
0.011894
0.0059375
0.00629446
0.0066803
0.00691922
0.0072717
0.00777879
0.00824806
0.00865838
0.00924845
0.010016
0.0106897
0.0109603
0.0109286
0.0109406
0.0111974
0.011604
0.011857
0.0118215
0.0117558
0.0118531
0.00612983
0.00646443
0.00682241
0.00704877
0.00740129
0.00790527
0.00836238
0.00874662
0.00927832
0.00997646
0.0106364
0.0109543
0.0109597
0.0109457
0.0111263
0.011468
0.0117389
0.0117655
0.0117233
0.0118201
0.00632231
0.00663572
0.00696903
0.00718348
0.00752591
0.00802273
0.00847507
0.00883991
0.00931933
0.00994789
0.0105768
0.0109321
0.0109861
0.0109634
0.01108
0.0113549
0.0116218
0.0117037
0.0116905
0.0117871
0.00651461
0.00680774
0.00711788
0.00732278
0.0076496
0.0081319
0.00858347
0.00893545
0.00937013
0.00993347
0.0105203
0.0108963
0.0110001
0.010988
0.0110552
0.0112662
0.0115133
0.0116352
0.0116587
0.011756
0.00670622
0.00698005
0.00726752
0.00746534
0.00777483
0.00823499
0.00868524
0.00903131
0.00942897
0.00993287
0.0104732
0.010853
0.0109997
0.0110115
0.0110484
0.0112018
0.0114202
0.0115629
0.0116237
0.01173
0.00689629
0.00715227
0.0074174
0.00760955
0.00790256
0.00833501
0.0087801
0.00912483
0.00949356
0.0099454
0.0104381
0.0108098
0.0109889
0.0110278
0.0110525
0.0111595
0.0113451
0.0114946
0.0115837
0.0117067
0.00708404
0.00732376
0.00756734
0.00775387
0.00803227
0.00843464
0.00886914
0.00921352
0.00956175
0.00997005
0.0104164
0.0107704
0.0109719
0.0110382
0.0110597
0.0111338
0.0112881
0.0114379
0.0115436
0.011681
0.00726876
0.00749383
0.00771694
0.00789723
0.00816306
0.00853511
0.00895375
0.00929706
0.00963144
0.0100039
0.0104088
0.0107388
0.0109507
0.0110445
0.0110703
0.0111196
0.0112458
0.0113924
0.0115105
0.0116543
0.0074498
0.00766176
0.00786555
0.0080386
0.00829392
0.00863728
0.00903565
0.00937504
0.00970122
0.0100453
0.0104135
0.0107195
0.0109296
0.0110446
0.0110842
0.0111174
0.0112159
0.011354
0.0114861
0.0116345
0.00762631
0.00782676
0.00801276
0.00817725
0.00842334
0.00874109
0.00911691
0.00944846
0.00976947
0.0100922
0.0104283
0.010713
0.0109163
0.0110408
0.0110956
0.0111262
0.0112026
0.0113229
0.0114647
0.0116239
0.00779754
0.00798777
0.00815776
0.00831272
0.00855031
0.00884556
0.00919812
0.00951919
0.0098365
0.010143
0.0104511
0.0107165
0.0109137
0.0110415
0.011104
0.0111394
0.0112058
0.0113041
0.0114432
0.011617
0.0079627
0.00814401
0.00829933
0.00844419
0.00867398
0.00895066
0.00927928
0.0095871
0.0099023
0.0101977
0.0104832
0.0107296
0.0109169
0.0110495
0.0111176
0.0111536
0.0112215
0.0113054
0.0114282
0.0116077
0.00812069
0.00829412
0.00843691
0.00857127
0.0087926
0.00905498
0.00936195
0.00965362
0.00996505
0.0102539
0.0105252
0.010758
0.0109284
0.0110607
0.0111386
0.0111689
0.0112384
0.0113235
0.0114308
0.0116044
0.00827044
0.00843745
0.00856877
0.00869343
0.00890608
0.0091561
0.00944503
0.00972204
0.0100275
0.0103071
0.0105691
0.0108004
0.0109569
0.0110803
0.0111745
0.0111994
0.011255
0.0113443
0.0114423
0.0116024
0.00841054
0.00857262
0.00869381
0.00880896
0.00901402
0.00925395
0.00952621
0.00979059
0.0100933
0.010364
0.0106114
0.0108449
0.0109971
0.0111039
0.0112183
0.0112596
0.0112977
0.0113866
0.0114867
0.0116289
0.00853935
0.00869844
0.00881148
0.00891728
0.00911454
0.00934675
0.0096056
0.00985596
0.0101573
0.0104305
0.0106659
0.0108958
0.0110529
0.0111343
0.0112466
0.0113147
0.0113359
0.0114134
0.0115342
0.0116923
0.0086551
0.00881309
0.00892004
0.00901798
0.00920838
0.00943317
0.00968253
0.00991891
0.0102089
0.0104913
0.0107364
0.0109696
0.0111523
0.0112326
0.01133
0.0114246
0.0114397
0.0114651
0.0115496
0.0116875
0.00875578
0.00891411
0.00901778
0.0091099
0.00929529
0.00951397
0.00975729
0.00998407
0.0102501
0.0105121
0.0107569
0.010984
0.0111869
0.0113018
0.0113936
0.0115262
0.0116121
0.0116651
0.0117635
0.0119203
0.00883917
0.00899863
0.00910225
0.0091915
0.00937474
0.00958894
0.00983077
0.0100644
0.0103501
0.010636
0.0109096
0.0111433
0.0113349
0.0114607
0.0115225
0.0115913
0.0116415
0.0116375
0.0116571
0.0117408
0.00890343
0.00906018
0.00916255
0.00925745
0.00944404
0.00964644
0.00985208
0.010016
0.010221
0.0104763
0.0107996
0.0111407
0.0114216
0.0116284
0.0118062
0.012005
0.012258
0.0125029
0.0127443
0.0129646
0.00894882
0.00911917
0.00923469
0.00933585
0.00953328
0.00975109
0.00999704
0.0102292
0.0104974
0.0107796
0.011053
0.0113002
0.0115033
0.0116476
0.0117459
0.0117882
0.0118221
0.0118315
0.0118304
0.0118644
0.00891556
0.00907228
0.00924168
0.00941029
0.00963422
0.00983728
0.0100494
0.010237
0.010447
0.0107011
0.0109594
0.0112062
0.0114698
0.0116946
0.0119259
0.0121872
0.0124715
0.0127516
0.0129778
0.0131405
0.00894743
0.00912017
0.00930102
0.00947392
0.00971259
0.00992424
0.0101505
0.0103733
0.0106044
0.0108651
0.0111417
0.0113625
0.0115884
0.0117988
0.0119942
0.0121782
0.0123527
0.0125296
0.0126858
0.012796
0.0309979
0.0240258
0.0153825
0.00887604
0.00689649
0.00781931
0.00916943
0.0101396
0.0107609
0.0112275
0.0115918
0.0118019
0.0119347
0.012141
0.0124341
0.012764
0.0131082
0.0133914
0.0135642
0.0136892
0.013833
0.0140933
0.0144501
0.0147427
0.0149476
0.0151861
0.0155317
0.0159492
0.0162999
0.0165748
0.0168974
0.0172697
0.0175704
0.0178004
0.0180971
0.018455
0.0187899
0.0191345
0.0195146
0.0199036
0.0202892
0.0206826
0.0211002
0.021524
0.0219165
0.0222719
0.0226504
0.0230488
0.0234762
0.023899
0.0243302
0.0248007
0.0252765
0.0257259
0.0261998
0.0267383
0.0272297
0.0277179
0.0282612
0.0287855
0.0292173
0.0296954
0.0302962
0.0308426
0.0313638
0.0319893
0.0326136
0.0331365
0.0336785
0.0342872
0.0349481
0.0356256
0.0362924
0.0369414
0.0375628
0.0382228
0.0389268
0.0396561
0.0403678
0.0410637
0.0417876
0.0425318
0.043269
0.0441364
0.0451114
0.0459263
0.0466172
0.047466
0.0483969
0.0493473
0.0502816
0.0512267
0.052136
0.0530696
0.0539984
0.0549888
0.0559701
0.056812
0.057706
0.0585076
0.0299322
0.0238466
0.0154603
0.00903114
0.00699731
0.00786786
0.00919791
0.0101583
0.0107746
0.0112388
0.0116018
0.0118106
0.011942
0.0121471
0.0124394
0.0127686
0.0131124
0.0133953
0.0135677
0.0136923
0.0138356
0.0140955
0.0144523
0.0147449
0.0149496
0.0151877
0.0155332
0.0159506
0.0163014
0.0165761
0.0168985
0.0172708
0.0175715
0.0178014
0.0180979
0.0184559
0.0187907
0.0191352
0.0195153
0.0199043
0.0202899
0.0206832
0.0211007
0.0215245
0.0219171
0.0222725
0.0226509
0.0230493
0.0234766
0.0238994
0.0243306
0.0248011
0.0252769
0.0257263
0.0262002
0.0267386
0.02723
0.0277182
0.0282615
0.0287859
0.0292176
0.0296957
0.0302965
0.0308429
0.031364
0.0319896
0.0326139
0.0331368
0.0336787
0.0342875
0.0349483
0.0356258
0.0362926
0.0369416
0.037563
0.038223
0.038927
0.0396562
0.040368
0.0410639
0.0417878
0.042532
0.0432691
0.0441365
0.0451115
0.0459265
0.0466173
0.0474661
0.048397
0.0493474
0.0502817
0.0512268
0.0521361
0.0530697
0.0539984
0.0549889
0.0559702
0.0568121
0.057706
0.0585076
0.0290473
0.0236774
0.0156297
0.00932434
0.00716799
0.00792975
0.00922728
0.0101796
0.0107906
0.011251
0.0116117
0.0118191
0.0119493
0.0121535
0.0124448
0.0127733
0.0131165
0.013399
0.0135709
0.013695
0.0138378
0.0140974
0.0144543
0.0147468
0.0149513
0.0151892
0.0155345
0.015952
0.0163027
0.0165772
0.0168994
0.0172718
0.0175725
0.0178021
0.0180985
0.0184566
0.0187914
0.0191358
0.0195159
0.0199049
0.0202904
0.0206837
0.0211012
0.021525
0.0219176
0.0222729
0.0226513
0.0230496
0.023477
0.0238998
0.0243309
0.0248014
0.0252772
0.0257266
0.0262004
0.0267389
0.0272304
0.0277185
0.0282618
0.0287862
0.0292179
0.0296959
0.0302967
0.0308431
0.0313642
0.0319898
0.0326141
0.033137
0.0336789
0.0342876
0.0349485
0.035626
0.0362928
0.0369418
0.0375631
0.0382231
0.0389272
0.0396564
0.0403681
0.0410641
0.0417879
0.0425321
0.0432692
0.0441366
0.0451117
0.0459267
0.0466174
0.0474661
0.0483971
0.0493475
0.0502818
0.0512269
0.0521362
0.0530698
0.0539985
0.0549889
0.0559702
0.0568121
0.057706
0.0585077
0.028207
0.0234833
0.0158317
0.00968556
0.00740201
0.0080209
0.009274
0.010214
0.0108158
0.0112686
0.0116246
0.01183
0.0119594
0.0121625
0.0124522
0.0127793
0.0131219
0.013404
0.0135753
0.0136991
0.0138413
0.0141001
0.0144564
0.0147487
0.0149532
0.0151911
0.0155362
0.0159536
0.0163042
0.0165785
0.0169007
0.0172731
0.0175736
0.0178029
0.0180993
0.0184574
0.0187921
0.0191364
0.0195165
0.0199055
0.020291
0.0206842
0.0211017
0.0215256
0.0219181
0.0222734
0.0226517
0.02305
0.0234774
0.0239002
0.0243313
0.0248018
0.0252776
0.0257269
0.0262007
0.0267392
0.0272307
0.0277188
0.0282621
0.0287866
0.0292182
0.029696
0.030297
0.0308434
0.0313644
0.03199
0.0326144
0.0331373
0.0336791
0.0342878
0.0349487
0.0356261
0.036293
0.036942
0.0375633
0.0382233
0.0389273
0.0396565
0.0403683
0.0410642
0.041788
0.0425323
0.0432693
0.0441366
0.0451118
0.0459269
0.0466175
0.0474662
0.0483972
0.0493476
0.0502819
0.051227
0.0521363
0.0530698
0.0539986
0.054989
0.0559704
0.0568122
0.0577061
0.0585078
0.0273818
0.0232586
0.0160352
0.0100635
0.00765996
0.00812608
0.00932921
0.0102574
0.0108496
0.0112925
0.0116415
0.0118442
0.0119734
0.0121755
0.0124627
0.0127873
0.0131284
0.0134097
0.0135811
0.0137054
0.0138475
0.0141048
0.0144594
0.0147509
0.0149558
0.015194
0.0155386
0.0159555
0.0163061
0.0165805
0.0169027
0.0172747
0.0175749
0.0178041
0.0181004
0.0184584
0.0187929
0.0191372
0.0195173
0.0199063
0.0202917
0.0206849
0.0211024
0.0215262
0.0219188
0.0222739
0.0226522
0.0230504
0.0234778
0.0239006
0.0243317
0.0248021
0.025278
0.0257273
0.026201
0.0267396
0.027231
0.027719
0.0282624
0.0287869
0.0292184
0.0296962
0.0302973
0.0308437
0.0313646
0.0319902
0.0326147
0.0331375
0.0336793
0.034288
0.0349489
0.0356264
0.0362932
0.0369422
0.0375635
0.0382234
0.0389275
0.0396567
0.0403685
0.0410643
0.0417881
0.0425325
0.0432694
0.0441367
0.0451121
0.0459271
0.0466175
0.0474663
0.0483973
0.0493477
0.0502821
0.0512272
0.0521364
0.0530699
0.0539987
0.0549891
0.0559705
0.0568123
0.0577063
0.058508
0.0265747
0.0230045
0.0162298
0.0104432
0.00792959
0.0082375
0.00938552
0.0103035
0.010888
0.011321
0.011662
0.0118615
0.0119909
0.0121924
0.0124765
0.0127973
0.0131358
0.0134157
0.0135873
0.0137136
0.0138568
0.0141125
0.0144638
0.0147537
0.0149593
0.0151982
0.0155419
0.0159576
0.0163081
0.0165833
0.0169055
0.017277
0.0175768
0.0178059
0.0181021
0.0184598
0.018794
0.0191381
0.0195182
0.0199072
0.0202926
0.0206857
0.0211032
0.021527
0.0219196
0.0222746
0.0226528
0.0230509
0.0234783
0.0239011
0.0243321
0.0248025
0.0252784
0.0257277
0.0262013
0.0267399
0.0272314
0.0277194
0.0282627
0.0287873
0.0292187
0.0296963
0.0302976
0.0308441
0.0313649
0.0319905
0.032615
0.0331377
0.0336795
0.0342883
0.0349491
0.0356266
0.0362934
0.0369424
0.0375637
0.0382235
0.0389276
0.0396569
0.0403687
0.0410645
0.0417883
0.0425326
0.0432695
0.0441367
0.0451123
0.0459273
0.0466176
0.0474663
0.0483975
0.0493479
0.0502822
0.0512273
0.0521365
0.05307
0.0539988
0.0549892
0.0559707
0.0568125
0.0577066
0.0585082
0.0257909
0.0227236
0.0164117
0.0108213
0.00820929
0.00835454
0.0094414
0.0103497
0.0109288
0.0113524
0.0116851
0.0118811
0.0120107
0.0122118
0.0124926
0.012809
0.0131441
0.0134216
0.0135932
0.0137225
0.0138684
0.0141228
0.0144702
0.0147579
0.0149645
0.0152043
0.0155463
0.0159598
0.0163101
0.0165865
0.0169091
0.0172797
0.0175791
0.0178085
0.0181046
0.0184618
0.0187954
0.0191392
0.0195192
0.0199082
0.0202935
0.0206867
0.0211042
0.021528
0.0219205
0.0222756
0.0226536
0.0230516
0.0234789
0.0239017
0.0243326
0.024803
0.0252788
0.0257282
0.0262017
0.0267402
0.0272317
0.0277198
0.0282631
0.0287877
0.0292189
0.0296965
0.030298
0.0308445
0.0313651
0.0319908
0.0326153
0.0331379
0.0336798
0.0342886
0.0349494
0.0356269
0.0362937
0.0369427
0.0375639
0.0382237
0.0389278
0.0396571
0.0403689
0.0410647
0.0417884
0.0425328
0.0432696
0.0441368
0.0451126
0.0459276
0.0466176
0.0474664
0.0483976
0.049348
0.0502823
0.0512274
0.0521367
0.0530702
0.0539989
0.0549893
0.0559709
0.0568128
0.057707
0.0585086
0.0250355
0.0224183
0.0165777
0.0111959
0.00849886
0.00847813
0.00949701
0.0103955
0.0109711
0.0113861
0.0117103
0.0119025
0.0120319
0.0122325
0.0125101
0.0128221
0.0131532
0.0134274
0.0135985
0.0137311
0.0138807
0.0141347
0.014478
0.0147636
0.0149717
0.0152123
0.015552
0.0159623
0.0163121
0.0165902
0.016913
0.0172824
0.0175817
0.0178121
0.0181083
0.0184646
0.0187975
0.0191409
0.0195207
0.0199093
0.0202946
0.0206878
0.0211052
0.021529
0.0219218
0.0222769
0.0226547
0.0230524
0.0234796
0.0239026
0.0243334
0.0248035
0.0252793
0.0257287
0.0262021
0.0267405
0.0272321
0.0277203
0.0282636
0.0287881
0.0292192
0.0296967
0.0302983
0.0308449
0.0313655
0.031991
0.0326155
0.0331381
0.0336801
0.034289
0.0349497
0.0356272
0.036294
0.036943
0.0375641
0.0382239
0.038928
0.0396574
0.0403692
0.0410648
0.0417885
0.0425331
0.0432697
0.0441368
0.0451129
0.0459279
0.0466176
0.0474665
0.0483978
0.0493481
0.0502825
0.0512276
0.0521368
0.0530703
0.0539991
0.0549895
0.0559712
0.0568132
0.0577077
0.058509
0.0243132
0.0220913
0.0167249
0.0115648
0.00879776
0.00860923
0.00955273
0.0104403
0.0110143
0.0114218
0.0117374
0.0119252
0.0120542
0.0122541
0.0125285
0.0128361
0.0131631
0.0134337
0.0136034
0.0137393
0.0138931
0.014147
0.0144866
0.0147705
0.0149805
0.0152222
0.015559
0.0159653
0.0163142
0.0165941
0.0169172
0.0172849
0.017584
0.0178161
0.0181128
0.0184684
0.0188004
0.0191432
0.0195225
0.0199109
0.0202959
0.0206889
0.0211062
0.02153
0.0219231
0.0222786
0.0226562
0.0230536
0.0234806
0.0239037
0.0243343
0.024804
0.0252798
0.0257293
0.0262025
0.0267407
0.0272324
0.0277208
0.028264
0.0287886
0.0292196
0.0296969
0.0302987
0.0308454
0.031366
0.0319913
0.0326156
0.0331383
0.0336805
0.0342894
0.0349501
0.0356275
0.0362943
0.0369433
0.0375645
0.0382242
0.0389283
0.0396577
0.0403694
0.041065
0.0417886
0.0425333
0.0432699
0.0441369
0.0451132
0.0459282
0.0466176
0.0474665
0.048398
0.0493483
0.0502827
0.0512278
0.052137
0.0530705
0.0539993
0.0549897
0.0559715
0.0568138
0.0577085
0.0585096
0.0236284
0.0217458
0.0168504
0.0119257
0.00910517
0.00874882
0.00960905
0.0104836
0.0110578
0.0114591
0.0117661
0.0119491
0.0120773
0.0122764
0.0125476
0.0128508
0.0131738
0.0134404
0.0136086
0.0137475
0.0139055
0.0141594
0.0144954
0.0147778
0.0149903
0.0152335
0.015567
0.0159689
0.0163167
0.0165983
0.0169214
0.017287
0.0175859
0.01782
0.0181179
0.018473
0.0188041
0.0191462
0.019525
0.0199129
0.0202975
0.0206901
0.0211071
0.0215306
0.0219243
0.0222804
0.0226581
0.023055
0.0234818
0.023905
0.0243356
0.0248048
0.0252804
0.0257301
0.026203
0.0267407
0.0272327
0.0277214
0.0282645
0.0287891
0.0292201
0.0296972
0.030299
0.0308459
0.0313666
0.0319916
0.0326157
0.0331385
0.0336809
0.0342899
0.0349504
0.0356279
0.0362946
0.0369437
0.0375648
0.0382245
0.0389287
0.0396581
0.0403698
0.0410652
0.0417887
0.0425336
0.0432702
0.0441371
0.0451136
0.0459286
0.0466176
0.0474667
0.0483982
0.0493484
0.0502829
0.0512279
0.0521372
0.0530706
0.0539995
0.05499
0.0559719
0.0568146
0.0577097
0.0585104
0.0229842
0.0213858
0.0169516
0.0122763
0.00942005
0.00889794
0.00966666
0.010525
0.011101
0.0114978
0.0117964
0.0119743
0.0121013
0.0122995
0.0125674
0.0128661
0.0131851
0.0134476
0.0136141
0.0137562
0.0139184
0.0141722
0.0145043
0.0147853
0.0150007
0.0152455
0.0155759
0.015973
0.0163194
0.0166027
0.0169258
0.0172888
0.0175872
0.0178237
0.0181231
0.018478
0.0188085
0.0191499
0.0195279
0.0199153
0.0202995
0.0206916
0.0211079
0.021531
0.0219251
0.0222823
0.0226603
0.0230568
0.0234833
0.0239067
0.0243371
0.0248058
0.0252812
0.0257311
0.0262036
0.0267406
0.0272328
0.0277218
0.0282648
0.0287894
0.0292207
0.0296978
0.0302994
0.0308464
0.0313672
0.0319919
0.0326157
0.0331387
0.0336815
0.0342905
0.0349508
0.0356282
0.0362949
0.0369441
0.0375653
0.0382248
0.0389291
0.0396587
0.0403704
0.0410655
0.0417888
0.0425339
0.0432704
0.0441373
0.0451141
0.045929
0.0466176
0.0474668
0.0483985
0.0493486
0.0502831
0.0512281
0.0521374
0.0530708
0.0539997
0.0549904
0.0559724
0.0568157
0.0577113
0.0585113
0.0223822
0.0210159
0.0170264
0.0126142
0.00974119
0.00905779
0.0097267
0.0105645
0.0111435
0.0115378
0.0118286
0.0120009
0.0121263
0.0123233
0.0125878
0.012882
0.0131971
0.0134554
0.0136202
0.0137657
0.0139323
0.0141857
0.0145135
0.0147927
0.0150113
0.0152582
0.0155853
0.0159775
0.0163224
0.0166074
0.0169303
0.0172905
0.0175882
0.0178271
0.0181282
0.0184832
0.0188134
0.0191541
0.0195312
0.0199181
0.0203019
0.0206934
0.0211088
0.0215311
0.0219256
0.0222839
0.0226627
0.0230589
0.0234851
0.0239086
0.0243389
0.024807
0.0252821
0.0257324
0.0262045
0.0267406
0.0272328
0.0277222
0.0282648
0.0287896
0.0292214
0.0296986
0.0303
0.0308469
0.0313678
0.031992
0.0326156
0.033139
0.0336822
0.0342911
0.0349511
0.0356284
0.0362951
0.0369445
0.0375657
0.0382252
0.0389296
0.0396593
0.0403711
0.041066
0.041789
0.0425342
0.0432706
0.0441375
0.0451147
0.0459295
0.0466177
0.047467
0.0483988
0.0493488
0.0502833
0.0512283
0.0521376
0.053071
0.054
0.0549908
0.0559729
0.0568171
0.0577132
0.0585124
0.0218225
0.0206407
0.0170729
0.0129366
0.0100672
0.0092299
0.00979087
0.0106023
0.0111847
0.0115789
0.0118627
0.0120291
0.0121524
0.0123479
0.0126088
0.0128987
0.0132098
0.0134639
0.0136269
0.0137763
0.0139475
0.0142003
0.0145231
0.0148001
0.0150219
0.0152712
0.0155952
0.0159824
0.0163256
0.0166124
0.0169351
0.0172922
0.0175889
0.0178303
0.0181333
0.0184885
0.0188185
0.0191586
0.0195348
0.0199212
0.0203046
0.0206956
0.0211099
0.0215311
0.0219257
0.0222854
0.022665
0.0230613
0.023487
0.0239107
0.0243409
0.0248083
0.0252832
0.0257338
0.0262055
0.0267407
0.0272327
0.0277225
0.0282646
0.0287893
0.0292219
0.0296997
0.0303009
0.0308476
0.0313685
0.031992
0.0326152
0.0331394
0.0336833
0.034292
0.0349513
0.0356285
0.0362952
0.0369448
0.0375662
0.0382257
0.0389301
0.03966
0.0403718
0.0410668
0.0417895
0.0425348
0.0432708
0.0441375
0.0451152
0.0459301
0.0466178
0.0474673
0.0483992
0.0493489
0.0502836
0.0512285
0.0521379
0.0530712
0.0540003
0.0549912
0.0559735
0.0568187
0.0577156
0.0585137
0.0213033
0.0202646
0.0170898
0.0132404
0.0103971
0.00941596
0.00986083
0.0106388
0.0112239
0.0116204
0.0118988
0.0120593
0.0121797
0.0123732
0.0126305
0.0129161
0.0132234
0.0134731
0.0136344
0.0137879
0.013964
0.014216
0.0145334
0.0148076
0.0150325
0.0152846
0.0156056
0.0159876
0.016329
0.0166176
0.0169401
0.0172939
0.0175897
0.0178337
0.0181384
0.0184938
0.0188236
0.0191633
0.0195387
0.0199244
0.0203076
0.020698
0.0211111
0.0215311
0.0219256
0.0222866
0.0226674
0.0230637
0.0234891
0.0239129
0.0243431
0.0248098
0.0252845
0.0257353
0.0262068
0.0267409
0.0272327
0.0277227
0.0282642
0.0287886
0.0292221
0.0297009
0.0303021
0.0308485
0.0313692
0.0319919
0.0326146
0.0331398
0.0336847
0.0342932
0.0349516
0.0356284
0.0362952
0.0369449
0.0375666
0.0382262
0.0389308
0.0396605
0.0403725
0.0410676
0.0417903
0.0425356
0.043271
0.0441373
0.0451156
0.0459307
0.0466182
0.0474679
0.0483997
0.049349
0.0502839
0.0512287
0.0521381
0.0530714
0.0540007
0.0549917
0.0559741
0.0568206
0.0577183
0.0585153
0.0208221
0.0198917
0.0170771
0.0135233
0.0107292
0.00961694
0.00993796
0.0106744
0.0112607
0.0116619
0.0119369
0.0120917
0.0122084
0.0123994
0.0126528
0.0129342
0.0132378
0.013483
0.0136426
0.0138004
0.0139816
0.0142329
0.0145444
0.0148154
0.0150433
0.0152982
0.0156164
0.0159931
0.0163326
0.016623
0.0169454
0.0172958
0.0175906
0.0178374
0.0181439
0.0184991
0.0188288
0.0191681
0.0195428
0.0199278
0.0203107
0.0207006
0.0211126
0.0215312
0.0219255
0.0222878
0.0226697
0.0230663
0.0234913
0.0239152
0.0243453
0.0248114
0.0252858
0.025737
0.0262081
0.0267413
0.0272327
0.0277229
0.0282638
0.0287874
0.0292219
0.0297019
0.0303037
0.0308496
0.0313699
0.0319917
0.0326137
0.0331399
0.0336862
0.0342947
0.034952
0.0356282
0.0362949
0.0369448
0.0375668
0.0382266
0.0389315
0.0396611
0.0403729
0.0410684
0.0417914
0.042537
0.0432713
0.0441368
0.0451156
0.0459313
0.0466186
0.0474686
0.0484003
0.0493491
0.0502841
0.0512289
0.0521384
0.0530716
0.0540011
0.0549922
0.0559747
0.0568228
0.0577213
0.0585169
0.0203745
0.0195257
0.0170367
0.0137827
0.0110609
0.00983293
0.0100239
0.0107102
0.011295
0.0117029
0.0119769
0.0121264
0.0122387
0.0124263
0.0126758
0.0129532
0.0132531
0.0134938
0.0136515
0.0138137
0.0140004
0.014251
0.0145562
0.0148234
0.0150542
0.0153123
0.0156276
0.0159989
0.0163364
0.0166287
0.016951
0.0172979
0.0175918
0.0178416
0.0181499
0.0185046
0.0188341
0.0191731
0.0195471
0.0199315
0.020314
0.0207035
0.0211142
0.0215314
0.0219255
0.0222891
0.0226722
0.0230689
0.0234936
0.0239177
0.0243477
0.0248131
0.0252872
0.0257387
0.0262096
0.0267417
0.0272327
0.0277232
0.0282632
0.028786
0.0292213
0.0297026
0.0303053
0.0308508
0.0313707
0.0319915
0.0326127
0.0331398
0.0336877
0.0342964
0.0349524
0.0356279
0.0362946
0.0369445
0.0375668
0.038227
0.0389324
0.0396618
0.040373
0.0410687
0.0417924
0.0425388
0.043272
0.0441359
0.0451152
0.0459315
0.0466191
0.0474698
0.0484012
0.0493492
0.0502843
0.0512289
0.0521387
0.0530719
0.0540015
0.0549927
0.0559754
0.0568252
0.0577247
0.0585187
0.019956
0.0191704
0.0169713
0.0140156
0.0113887
0.0100637
0.0101207
0.0107479
0.0113269
0.0117424
0.0120183
0.0121637
0.012271
0.0124544
0.0126994
0.0129729
0.0132694
0.0135053
0.0136611
0.0138278
0.0140201
0.01427
0.0145687
0.0148317
0.0150655
0.0153269
0.0156394
0.0160051
0.0163406
0.0166346
0.016957
0.0173002
0.0175934
0.0178463
0.0181565
0.0185104
0.0188394
0.0191782
0.0195516
0.0199352
0.0203175
0.0207067
0.021116
0.0215317
0.0219256
0.0222905
0.0226748
0.0230716
0.0234959
0.0239202
0.0243501
0.0248149
0.0252886
0.0257404
0.0262111
0.0267421
0.0272326
0.0277234
0.0282626
0.0287845
0.0292206
0.0297031
0.0303068
0.030852
0.0313716
0.0319914
0.0326116
0.0331396
0.033689
0.0342982
0.0349529
0.0356276
0.0362941
0.0369441
0.0375666
0.0382272
0.0389333
0.0396626
0.0403728
0.0410685
0.041793
0.0425408
0.0432729
0.0441348
0.0451141
0.0459312
0.0466194
0.0474711
0.0484024
0.0493494
0.0502845
0.0512289
0.052139
0.0530721
0.0540019
0.0549934
0.055976
0.0568279
0.0577283
0.0585205
0.0195631
0.0188289
0.0168843
0.0142198
0.0117092
0.0103083
0.0102302
0.0107888
0.0113564
0.0117796
0.0120606
0.0122038
0.0123057
0.0124836
0.0127236
0.0129934
0.0132865
0.0135177
0.0136713
0.0138425
0.0140405
0.0142899
0.0145819
0.0148406
0.0150773
0.0153422
0.015652
0.0160118
0.016345
0.016641
0.0169633
0.0173029
0.0175954
0.0178517
0.0181636
0.0185165
0.0188449
0.0191835
0.0195563
0.0199392
0.0203211
0.02071
0.0211179
0.021532
0.0219258
0.022292
0.0226776
0.0230744
0.0234982
0.0239227
0.0243526
0.0248167
0.0252901
0.0257421
0.0262127
0.0267425
0.0272325
0.0277236
0.0282619
0.0287828
0.0292198
0.0297036
0.030308
0.030853
0.0313724
0.0319912
0.0326106
0.0331393
0.0336902
0.0342996
0.0349532
0.0356271
0.0362936
0.0369437
0.0375663
0.0382273
0.038934
0.0396634
0.0403725
0.0410679
0.0417931
0.0425424
0.0432738
0.0441332
0.0451122
0.0459303
0.0466193
0.0474726
0.0484038
0.0493496
0.0502846
0.0512288
0.0521392
0.0530724
0.0540024
0.0549941
0.0559767
0.0568307
0.0577323
0.0585224
0.0191921
0.0185031
0.0167795
0.0143941
0.0120193
0.0105644
0.0103535
0.0108347
0.0113841
0.0118139
0.0121032
0.0122468
0.012343
0.0125142
0.0127487
0.0130148
0.0133045
0.0135309
0.0136822
0.0138579
0.0140618
0.0143106
0.0145958
0.01485
0.0150897
0.0153583
0.0156654
0.0160189
0.0163497
0.0166477
0.01697
0.0173059
0.017598
0.0178578
0.0181714
0.018523
0.0188505
0.019189
0.0195614
0.0199434
0.020325
0.0207135
0.02112
0.0215323
0.0219261
0.0222936
0.0226806
0.0230772
0.0235006
0.0239253
0.0243552
0.0248187
0.0252915
0.0257439
0.0262144
0.0267429
0.0272324
0.0277237
0.028261
0.0287815
0.0292192
0.0297043
0.0303089
0.0308538
0.0313732
0.0319907
0.0326096
0.0331392
0.0336916
0.0343009
0.0349535
0.0356265
0.036293
0.0369432
0.037566
0.0382275
0.0389346
0.039664
0.0403719
0.0410671
0.0417927
0.0425434
0.0432747
0.0441314
0.0451095
0.0459286
0.0466187
0.0474739
0.0484055
0.04935
0.0502847
0.0512285
0.0521394
0.0530726
0.0540029
0.0549949
0.0559773
0.0568337
0.0577365
0.0585244
0.0188399
0.0181937
0.016661
0.014539
0.0123155
0.0108283
0.0104912
0.0108876
0.0114114
0.0118452
0.012145
0.0122921
0.0123833
0.0125465
0.0127747
0.0130371
0.0133234
0.013545
0.0136939
0.0138738
0.0140837
0.014332
0.0146103
0.0148602
0.0151028
0.0153753
0.0156798
0.0160265
0.0163548
0.016655
0.0169771
0.0173093
0.0176011
0.0178644
0.0181797
0.0185299
0.0188564
0.0191947
0.0195667
0.0199479
0.0203289
0.0207172
0.0211221
0.0215328
0.0219266
0.0222953
0.0226837
0.0230801
0.023503
0.0239279
0.0243578
0.0248206
0.0252929
0.0257457
0.0262162
0.0267432
0.0272324
0.0277237
0.02826
0.0287801
0.0292191
0.0297056
0.0303094
0.0308543
0.0313739
0.0319897
0.0326085
0.0331391
0.0336933
0.0343019
0.0349536
0.0356259
0.0362924
0.0369427
0.0375658
0.0382279
0.0389351
0.0396641
0.0403712
0.0410662
0.0417921
0.0425438
0.0432755
0.0441293
0.045106
0.045926
0.0466177
0.0474749
0.0484072
0.0493504
0.0502846
0.0512281
0.0521394
0.0530727
0.0540034
0.0549958
0.055978
0.0568368
0.0577409
0.0585265
0.0185046
0.0179004
0.0165331
0.0146555
0.0125939
0.011096
0.0106438
0.0109497
0.0114398
0.0118733
0.0121849
0.012339
0.0124265
0.0125808
0.0128019
0.0130606
0.0133432
0.01356
0.0137064
0.0138903
0.0141065
0.0143542
0.0146254
0.0148709
0.0151166
0.0153931
0.0156951
0.0160346
0.0163603
0.0166627
0.0169847
0.0173131
0.0176046
0.0178716
0.0181885
0.0185371
0.0188626
0.0192007
0.0195723
0.0199527
0.0203331
0.0207209
0.0211243
0.0215334
0.0219272
0.0222972
0.022687
0.0230832
0.0235055
0.0239305
0.0243606
0.0248227
0.0252942
0.0257476
0.026218
0.0267434
0.0272326
0.0277237
0.0282587
0.0287788
0.0292195
0.0297077
0.0303097
0.0308546
0.0313747
0.0319883
0.0326071
0.0331391
0.0336953
0.0343029
0.0349538
0.0356253
0.0362918
0.0369422
0.0375659
0.0382288
0.0389357
0.0396636
0.0403703
0.0410655
0.0417917
0.0425438
0.0432763
0.0441273
0.0451018
0.0459226
0.0466165
0.0474755
0.0484089
0.049351
0.0502845
0.0512276
0.0521394
0.0530728
0.0540039
0.0549968
0.0559788
0.0568399
0.0577456
0.0585288
0.018185
0.0176228
0.0163998
0.0147449
0.0128513
0.0113641
0.0108112
0.0110224
0.0114709
0.0118985
0.0122221
0.0123868
0.0124727
0.0126174
0.0128307
0.0130854
0.013364
0.0135758
0.0137198
0.0139075
0.0141301
0.0143774
0.0146412
0.0148824
0.015131
0.0154116
0.0157113
0.0160432
0.016366
0.016671
0.0169928
0.0173173
0.0176085
0.0178791
0.0181976
0.0185447
0.018869
0.019207
0.0195781
0.0199578
0.0203374
0.0207248
0.0211267
0.0215342
0.0219278
0.0222991
0.0226905
0.0230864
0.023508
0.0239332
0.0243635
0.0248248
0.0252955
0.0257496
0.0262199
0.0267436
0.0272329
0.0277238
0.0282574
0.0287774
0.0292205
0.0297107
0.0303099
0.0308546
0.0313754
0.0319866
0.0326056
0.0331392
0.0336977
0.0343041
0.0349542
0.0356248
0.0362912
0.0369417
0.0375662
0.03823
0.0389364
0.0396627
0.0403693
0.0410649
0.0417918
0.0425437
0.0432774
0.0441257
0.0450973
0.0459184
0.0466152
0.0474756
0.0484106
0.0493517
0.0502843
0.0512269
0.0521394
0.053073
0.0540044
0.0549977
0.0559796
0.0568432
0.0577503
0.0585312
0.0178799
0.0173596
0.0162642
0.014809
0.0130854
0.0116293
0.0109918
0.0111069
0.0115064
0.011922
0.012256
0.0124344
0.0125214
0.0126565
0.0128613
0.0131118
0.0133859
0.0135926
0.0137341
0.0139253
0.0141544
0.0144015
0.0146577
0.0148944
0.015146
0.0154309
0.0157282
0.0160522
0.0163721
0.0166798
0.0170014
0.0173219
0.0176127
0.017887
0.0182071
0.0185527
0.0188756
0.0192135
0.0195842
0.0199631
0.0203418
0.0207287
0.0211293
0.0215352
0.0219286
0.0223012
0.0226941
0.0230898
0.0235105
0.0239359
0.0243666
0.0248269
0.0252969
0.0257517
0.0262217
0.0267439
0.0272334
0.0277239
0.0282562
0.0287759
0.029222
0.0297142
0.0303101
0.0308545
0.0313762
0.031985
0.0326039
0.0331394
0.0337004
0.0343056
0.0349548
0.0356244
0.0362906
0.0369412
0.0375667
0.0382317
0.0389375
0.0396616
0.0403682
0.0410645
0.0417924
0.0425439
0.0432792
0.0441249
0.0450926
0.0459137
0.0466139
0.0474755
0.0484121
0.0493526
0.0502841
0.0512262
0.0521393
0.0530731
0.0540049
0.0549986
0.0559806
0.0568466
0.0577552
0.0585336
0.0175884
0.0171091
0.016129
0.0148511
0.0132949
0.0118881
0.0111828
0.0112038
0.0115485
0.0119453
0.0122864
0.0124805
0.0125719
0.0126981
0.0128941
0.01314
0.0134092
0.0136102
0.0137492
0.0139438
0.0141795
0.0144264
0.0146749
0.0149069
0.0151616
0.0154509
0.0157459
0.0160616
0.0163784
0.016689
0.0170105
0.0173269
0.0176172
0.0178952
0.018217
0.018561
0.0188825
0.0192202
0.0195906
0.0199687
0.0203465
0.0207327
0.0211322
0.0215364
0.0219295
0.0223035
0.0226979
0.0230933
0.0235132
0.0239388
0.0243699
0.0248292
0.0252985
0.025754
0.0262235
0.0267444
0.027234
0.0277241
0.0282551
0.0287745
0.0292239
0.0297182
0.0303105
0.0308547
0.0313772
0.0319836
0.0326022
0.0331398
0.0337031
0.0343074
0.0349556
0.0356241
0.03629
0.0369406
0.0375674
0.0382336
0.0389388
0.0396607
0.0403674
0.0410644
0.0417934
0.0425445
0.0432817
0.044125
0.0450882
0.0459089
0.0466131
0.0474753
0.0484135
0.0493536
0.0502838
0.0512254
0.0521393
0.0530733
0.0540054
0.0549995
0.0559817
0.0568503
0.05776
0.0585361
0.0173103
0.0168688
0.0159962
0.014875
0.0134794
0.0121374
0.0113814
0.0113131
0.011599
0.0119701
0.0123135
0.0125243
0.012623
0.0127421
0.0129293
0.0131705
0.013434
0.0136288
0.0137651
0.0139629
0.0142053
0.0144524
0.014693
0.0149199
0.0151778
0.0154716
0.0157642
0.0160715
0.0163852
0.0166987
0.0170202
0.0173325
0.0176218
0.0179037
0.0182273
0.0185696
0.0188896
0.0192273
0.0195973
0.0199745
0.0203513
0.020737
0.0211353
0.0215379
0.0219305
0.022306
0.0227019
0.0230969
0.0235159
0.0239419
0.0243734
0.0248315
0.0253002
0.0257565
0.0262254
0.026745
0.0272348
0.0277245
0.0282542
0.028773
0.0292261
0.0297222
0.0303111
0.0308552
0.0313783
0.0319828
0.0326007
0.0331403
0.0337057
0.0343095
0.0349567
0.0356239
0.0362894
0.0369401
0.0375682
0.0382357
0.0389403
0.0396601
0.0403667
0.0410646
0.0417947
0.0425457
0.043285
0.0441262
0.0450841
0.0459042
0.0466127
0.0474754
0.0484148
0.0493547
0.0502836
0.0512247
0.0521392
0.0530736
0.0540061
0.0550003
0.055983
0.0568543
0.0577649
0.0585387
0.0170456
0.0166353
0.0158653
0.0148854
0.0136392
0.0123741
0.0115845
0.011434
0.0116587
0.0119985
0.0123383
0.0125651
0.0126738
0.0127879
0.012967
0.0132034
0.0134605
0.0136484
0.0137817
0.0139827
0.0142318
0.0144794
0.014712
0.0149334
0.0151945
0.0154932
0.0157832
0.0160819
0.0163923
0.016709
0.0170306
0.0173385
0.0176266
0.0179123
0.0182381
0.0185786
0.0188969
0.0192346
0.0196043
0.0199804
0.0203563
0.0207414
0.0211387
0.0215395
0.0219316
0.0223088
0.0227061
0.0231007
0.0235188
0.0239453
0.0243771
0.024834
0.0253023
0.025759
0.0262274
0.0267459
0.0272356
0.0277251
0.0282536
0.0287717
0.0292285
0.0297262
0.030312
0.0308562
0.0313798
0.0319826
0.0325994
0.0331411
0.0337083
0.0343119
0.034958
0.0356239
0.0362888
0.0369397
0.037569
0.0382377
0.0389418
0.0396598
0.0403665
0.0410651
0.0417964
0.0425473
0.043289
0.0441285
0.0450806
0.0459001
0.0466132
0.047476
0.0484161
0.049356
0.0502834
0.051224
0.0521393
0.053074
0.054007
0.0550011
0.0559844
0.0568585
0.0577699
0.0585413
0.016797
0.0164062
0.0157334
0.0148871
0.0137761
0.0125949
0.0117897
0.011565
0.0117283
0.0120326
0.0123624
0.0126022
0.0127232
0.0128349
0.0130072
0.013239
0.0134892
0.0136692
0.0137991
0.014003
0.014259
0.0145075
0.0147319
0.0149475
0.0152118
0.0155155
0.0158027
0.0160928
0.0163999
0.0167197
0.0170417
0.0173451
0.0176317
0.0179213
0.0182493
0.018588
0.0189044
0.0192422
0.0196116
0.0199865
0.0203616
0.0207462
0.0211423
0.0215414
0.021933
0.0223119
0.0227106
0.0231046
0.0235219
0.0239489
0.0243809
0.0248368
0.0253046
0.0257617
0.0262295
0.026747
0.0272365
0.0277259
0.0282532
0.0287704
0.0292309
0.0297301
0.0303133
0.0308575
0.0313814
0.0319829
0.0325984
0.0331422
0.0337109
0.0343144
0.0349594
0.0356239
0.0362882
0.0369392
0.0375699
0.0382398
0.0389433
0.0396598
0.0403664
0.0410661
0.0417983
0.0425495
0.0432938
0.0441316
0.0450774
0.0458967
0.0466146
0.0474774
0.0484176
0.0493572
0.0502834
0.0512234
0.0521395
0.0530745
0.0540081
0.055002
0.0559857
0.056863
0.0577751
0.058544
0.0165677
0.0161838
0.0155961
0.0148829
0.013894
0.0127966
0.0119936
0.0117052
0.0118075
0.0120744
0.0123878
0.0126359
0.0127701
0.0128823
0.0130496
0.0132774
0.0135204
0.0136916
0.0138173
0.0140239
0.0142868
0.0145366
0.0147528
0.0149622
0.0152298
0.0155388
0.0158229
0.0161043
0.016408
0.016731
0.0170534
0.0173523
0.017637
0.0179306
0.018261
0.0185977
0.0189122
0.01925
0.0196192
0.0199928
0.0203672
0.0207513
0.0211461
0.0215434
0.0219346
0.0223152
0.0227152
0.0231087
0.0235252
0.0239528
0.0243849
0.0248397
0.0253071
0.0257644
0.0262319
0.0267483
0.0272373
0.0277268
0.0282529
0.0287692
0.0292334
0.0297338
0.0303149
0.03086
0.0313833
0.0319835
0.0325976
0.0331434
0.0337133
0.034317
0.034961
0.035624
0.0362876
0.0369388
0.0375708
0.0382418
0.0389447
0.0396601
0.0403665
0.0410675
0.0418005
0.0425521
0.0432989
0.0441353
0.0450748
0.0458941
0.0466171
0.0474797
0.0484191
0.0493584
0.0502834
0.0512229
0.0521398
0.0530751
0.0540096
0.0550031
0.0559871
0.0568678
0.0577805
0.0585468
0.0163572
0.0159756
0.0154489
0.0148715
0.0139991
0.0129775
0.0121917
0.0118537
0.0118957
0.0121241
0.012417
0.0126671
0.0128138
0.0129291
0.0130936
0.0133184
0.0135543
0.0137158
0.0138366
0.0140453
0.0143152
0.0145667
0.0147746
0.0149773
0.0152483
0.0155628
0.0158439
0.0161164
0.0164166
0.0167429
0.0170659
0.01736
0.0176426
0.0179402
0.0182732
0.0186079
0.0189203
0.0192582
0.0196271
0.0199993
0.0203731
0.0207566
0.0211501
0.0215457
0.0219366
0.0223188
0.02272
0.0231129
0.0235287
0.0239568
0.0243891
0.024843
0.0253098
0.0257672
0.0262344
0.0267497
0.0272382
0.027728
0.0282528
0.0287682
0.0292358
0.0297374
0.0303167
0.0308616
0.0313852
0.0319843
0.0325969
0.0331447
0.0337158
0.0343197
0.0349626
0.0356242
0.036287
0.0369384
0.0375717
0.0382438
0.0389461
0.0396605
0.0403666
0.0410693
0.0418031
0.0425551
0.0433044
0.0441395
0.0450725
0.0458923
0.0466206
0.0474829
0.0484208
0.0493596
0.0502836
0.0512225
0.0521403
0.0530759
0.0540115
0.0550044
0.0559884
0.0568728
0.0577862
0.0585498
0.0161609
0.0157902
0.015292
0.0148461
0.0140987
0.0131394
0.0123776
0.0120094
0.0119927
0.0121813
0.0124522
0.0126976
0.0128537
0.0129744
0.0131385
0.0133619
0.0135911
0.0137422
0.0138569
0.0140673
0.0143443
0.0145979
0.0147976
0.0149931
0.0152673
0.0155877
0.0158655
0.0161291
0.0164257
0.0167554
0.0170792
0.0173682
0.0176486
0.0179501
0.0182858
0.0186185
0.0189287
0.0192667
0.0196353
0.0200062
0.0203793
0.0207622
0.0211542
0.0215481
0.0219388
0.0223227
0.022725
0.0231174
0.0235324
0.023961
0.0243935
0.0248464
0.0253126
0.0257702
0.0262372
0.0267513
0.0272391
0.0277293
0.0282528
0.0287672
0.0292383
0.029741
0.0303187
0.0308633
0.0313873
0.0319853
0.0325963
0.0331461
0.0337182
0.0343224
0.0349643
0.0356244
0.0362865
0.0369381
0.0375726
0.0382458
0.0389475
0.0396611
0.0403668
0.0410713
0.041806
0.0425583
0.04331
0.0441438
0.0450706
0.0458913
0.0466253
0.0474868
0.0484226
0.0493606
0.0502837
0.0512223
0.0521409
0.0530768
0.0540136
0.0550059
0.0559897
0.0568781
0.0577921
0.0585529
0.0159712
0.0156347
0.0151334
0.0147985
0.0141957
0.0132888
0.012545
0.012168
0.0121005
0.0122453
0.0124942
0.0127298
0.01289
0.0130175
0.0131836
0.0134073
0.013631
0.0137711
0.0138784
0.0140898
0.014374
0.0146301
0.0148216
0.0150096
0.0152869
0.0156134
0.0158881
0.0161423
0.0164352
0.0167686
0.0170933
0.0173772
0.0176549
0.0179604
0.018299
0.0186296
0.0189375
0.0192753
0.0196438
0.0200135
0.020386
0.0207682
0.0211587
0.0215509
0.0219413
0.0223267
0.0227302
0.0231221
0.0235362
0.0239653
0.0243981
0.02485
0.0253153
0.0257732
0.0262401
0.0267529
0.02724
0.0277307
0.0282528
0.0287664
0.0292408
0.0297445
0.0303208
0.030865
0.0313895
0.0319862
0.0325959
0.0331476
0.0337207
0.0343251
0.034966
0.0356247
0.036286
0.0369378
0.0375735
0.0382478
0.038949
0.0396618
0.0403671
0.0410734
0.0418091
0.0425618
0.0433156
0.0441483
0.0450688
0.0458907
0.0466309
0.0474914
0.0484244
0.0493614
0.0502839
0.0512221
0.0521416
0.0530779
0.054016
0.0550076
0.0559911
0.0568835
0.0577983
0.0585562
0.0157745
0.0155087
0.0149865
0.0147223
0.0142844
0.0134354
0.0126911
0.0123212
0.0122209
0.0123165
0.0125416
0.0127664
0.0129241
0.0130573
0.0132281
0.0134539
0.0136738
0.0138029
0.0139014
0.014113
0.0144045
0.0146634
0.0148466
0.0150267
0.0153069
0.01564
0.0159117
0.0161563
0.0164451
0.0167824
0.0171082
0.0173867
0.0176617
0.0179712
0.0183126
0.0186412
0.0189466
0.0192843
0.0196526
0.0200212
0.0203929
0.0207743
0.0211634
0.0215539
0.0219441
0.0223309
0.0227356
0.0231269
0.0235401
0.0239696
0.0244029
0.0248538
0.0253182
0.0257764
0.0262432
0.0267545
0.027241
0.0277322
0.0282529
0.0287656
0.0292432
0.0297481
0.0303229
0.0308666
0.0313917
0.0319872
0.0325956
0.0331491
0.0337231
0.0343278
0.0349677
0.035625
0.0362855
0.0369375
0.0375745
0.0382498
0.0389504
0.0396625
0.0403675
0.0410757
0.0418124
0.0425654
0.0433213
0.0441528
0.0450673
0.0458906
0.0466368
0.0474964
0.0484263
0.0493621
0.0502841
0.0512221
0.0521424
0.053079
0.0540187
0.0550094
0.0559925
0.0568891
0.0578047
0.0585597
0.0155579
0.0154012
0.0148667
0.0146188
0.0143521
0.0135891
0.0128211
0.0124584
0.0123527
0.0123984
0.0125928
0.0128087
0.0129588
0.0130933
0.0132707
0.0135011
0.0137194
0.0138378
0.0139259
0.0141371
0.0144361
0.0146978
0.0148726
0.0150444
0.0153274
0.0156672
0.0159364
0.0161711
0.0164556
0.0167969
0.0171241
0.017397
0.0176687
0.0179822
0.0183268
0.0186533
0.0189562
0.0192936
0.0196619
0.0200294
0.0204002
0.0207808
0.0211684
0.0215572
0.0219471
0.0223354
0.0227412
0.023132
0.0235441
0.0239741
0.0244079
0.0248576
0.0253211
0.0257797
0.0262464
0.0267562
0.0272421
0.0277338
0.028253
0.028765
0.0292457
0.0297517
0.030325
0.0308681
0.031394
0.0319882
0.0325953
0.0331505
0.0337257
0.0343305
0.0349694
0.0356253
0.0362851
0.0369373
0.0375755
0.0382518
0.0389519
0.0396633
0.0403681
0.0410781
0.0418158
0.0425691
0.0433268
0.0441572
0.0450658
0.0458906
0.0466427
0.0475017
0.0484281
0.0493626
0.0502842
0.051222
0.0521433
0.0530803
0.0540214
0.0550115
0.055994
0.0568947
0.0578112
0.0585634
0.0153172
0.0152963
0.0147857
0.0145012
0.0143842
0.0137507
0.012946
0.0125705
0.012489
0.0124965
0.0126469
0.0128548
0.0129978
0.0131265
0.0133097
0.0135481
0.0137672
0.0138762
0.0139522
0.014162
0.0144691
0.0147336
0.0148994
0.0150629
0.0153483
0.0156951
0.0159621
0.0161867
0.0164664
0.016812
0.017141
0.0174082
0.0176761
0.0179935
0.0183415
0.0186659
0.018966
0.0193032
0.0196716
0.020038
0.0204078
0.0207876
0.0211738
0.0215608
0.0219504
0.0223401
0.0227469
0.0231373
0.0235482
0.0239788
0.0244131
0.0248617
0.0253241
0.0257831
0.0262497
0.0267578
0.0272433
0.0277355
0.0282532
0.0287645
0.0292481
0.0297553
0.030327
0.0308697
0.0313963
0.0319893
0.0325951
0.033152
0.0337282
0.0343332
0.0349711
0.0356257
0.0362847
0.0369371
0.0375766
0.0382538
0.0389534
0.0396641
0.0403687
0.0410805
0.0418193
0.0425729
0.0433324
0.0441616
0.0450645
0.0458908
0.0466487
0.047507
0.0484298
0.049363
0.0502843
0.051222
0.0521442
0.0530817
0.0540242
0.0550136
0.0559958
0.0569005
0.057818
0.0585674
0.0150595
0.0151746
0.0147434
0.0143888
0.0143693
0.0139072
0.0130803
0.0126573
0.0126179
0.0126142
0.0127071
0.0129011
0.0130437
0.0131598
0.0133439
0.0135939
0.013817
0.0139175
0.0139803
0.0141874
0.0145036
0.0147713
0.0149273
0.0150818
0.0153697
0.0157238
0.015989
0.0162032
0.0164778
0.0168276
0.0171587
0.0174202
0.017684
0.0180053
0.0183569
0.0186792
0.0189762
0.019313
0.0196817
0.0200471
0.0204156
0.0207946
0.0211795
0.0215647
0.0219541
0.022345
0.0227529
0.0231426
0.0235524
0.0239836
0.0244185
0.0248659
0.0253272
0.0257868
0.0262532
0.0267595
0.0272445
0.0277373
0.0282536
0.0287642
0.0292505
0.0297589
0.0303289
0.0308712
0.0313986
0.0319903
0.0325951
0.0331534
0.0337308
0.0343358
0.0349727
0.0356261
0.0362844
0.0369371
0.0375777
0.0382558
0.038955
0.039665
0.0403695
0.041083
0.0418228
0.0425767
0.0433378
0.0441658
0.0450632
0.0458909
0.0466546
0.0475123
0.0484315
0.0493633
0.0502844
0.0512221
0.0521452
0.0530831
0.0540271
0.0550159
0.0559977
0.0569064
0.0578249
0.0585716
0.0147975
0.0150191
0.0147258
0.014305
0.0143089
0.0140394
0.0132349
0.0127299
0.0127258
0.0127483
0.0127805
0.0129449
0.0130948
0.013197
0.0133729
0.0136373
0.0138688
0.0139613
0.0140104
0.0142137
0.0145392
0.0148109
0.0149565
0.0151011
0.0153916
0.0157532
0.016017
0.0162206
0.0164897
0.0168438
0.0171775
0.0174331
0.0176922
0.0180172
0.0183728
0.0186931
0.0189868
0.0193231
0.0196923
0.0200567
0.0204238
0.020802
0.0211855
0.0215688
0.0219579
0.0223502
0.0227592
0.0231483
0.0235568
0.0239886
0.0244242
0.0248702
0.0253303
0.0257906
0.0262568
0.0267613
0.027246
0.0277391
0.0282539
0.0287639
0.0292529
0.0297625
0.0303309
0.0308728
0.0314009
0.0319913
0.0325951
0.0331548
0.0337334
0.0343385
0.0349744
0.0356266
0.0362842
0.0369371
0.0375788
0.0382578
0.0389566
0.039666
0.0403704
0.0410856
0.0418263
0.0425805
0.0433432
0.04417
0.0450619
0.0458909
0.0466604
0.0475175
0.0484333
0.0493635
0.0502845
0.0512222
0.0521461
0.0530847
0.05403
0.0550184
0.0559999
0.0569124
0.057832
0.0585761
0.0145447
0.0148235
0.0147117
0.0142676
0.0142202
0.0141253
0.0134054
0.0128047
0.0128059
0.012888
0.0128739
0.012988
0.0131469
0.013241
0.0133984
0.0136761
0.0139227
0.0140075
0.014042
0.0142413
0.0145761
0.0148527
0.0149873
0.0151205
0.0154134
0.0157834
0.0160462
0.0162391
0.0165021
0.0168606
0.0171973
0.0174471
0.0177012
0.0180295
0.0183891
0.0187076
0.0189977
0.0193334
0.0197033
0.0200667
0.0204324
0.0208098
0.0211921
0.0215733
0.0219621
0.0223556
0.0227655
0.023154
0.0235612
0.0239937
0.0244301
0.0248748
0.0253336
0.0257945
0.0262604
0.0267629
0.0272475
0.027741
0.0282545
0.0287638
0.0292554
0.0297662
0.0303327
0.0308744
0.0314032
0.0319924
0.0325952
0.0331561
0.033736
0.0343411
0.0349761
0.035627
0.036284
0.0369371
0.03758
0.0382599
0.0389582
0.039667
0.0403715
0.0410882
0.0418298
0.0425843
0.0433485
0.0441741
0.0450607
0.045891
0.046666
0.0475226
0.0484351
0.0493638
0.0502846
0.0512223
0.052147
0.0530863
0.0540329
0.0550209
0.0560024
0.0569185
0.0578393
0.0585809
0.0143177
0.0145963
0.0146755
0.0142773
0.0141275
0.0141493
0.0135735
0.0129014
0.0128648
0.0130181
0.0129878
0.0130376
0.0131966
0.0132913
0.0134237
0.0137094
0.0139779
0.0140562
0.0140738
0.0142703
0.0146146
0.0148964
0.0150205
0.0151406
0.015435
0.0158144
0.0160767
0.0162584
0.016515
0.0168781
0.017218
0.017462
0.0177107
0.0180422
0.0184061
0.018723
0.0190093
0.0193439
0.0197145
0.0200771
0.0204411
0.0208179
0.0211989
0.0215781
0.0219667
0.0223614
0.0227723
0.02316
0.0235658
0.0239989
0.0244361
0.0248794
0.025337
0.0257987
0.0262644
0.0267649
0.0272491
0.0277429
0.028255
0.0287638
0.0292579
0.0297698
0.0303346
0.0308761
0.0314056
0.0319935
0.0325954
0.0331575
0.0337387
0.0343438
0.0349778
0.0356276
0.0362839
0.0369373
0.0375812
0.0382619
0.0389599
0.0396681
0.0403726
0.0410908
0.0418333
0.0425882
0.0433538
0.044178
0.0450596
0.0458909
0.0466715
0.0475276
0.0484369
0.0493642
0.0502848
0.0512226
0.052148
0.053088
0.054036
0.0550236
0.0560052
0.0569246
0.0578468
0.058586
0.0141277
0.014353
0.0145945
0.0143153
0.0140585
0.0141144
0.0137156
0.0130294
0.0129176
0.0131259
0.0131143
0.0131012
0.0132441
0.0133444
0.0134513
0.0137377
0.0140334
0.0141086
0.0141051
0.0142994
0.0146552
0.0149417
0.015056
0.0151619
0.0154562
0.0158459
0.0161089
0.0162787
0.0165281
0.0168962
0.01724
0.017478
0.0177207
0.018055
0.0184233
0.0187389
0.0190213
0.0193548
0.0197264
0.0200883
0.0204503
0.0208263
0.0212062
0.0215832
0.0219713
0.0223673
0.0227792
0.0231663
0.0235706
0.0240045
0.0244425
0.0248843
0.0253404
0.0258028
0.0262683
0.0267668
0.0272509
0.027745
0.0282559
0.0287641
0.0292604
0.0297734
0.0303364
0.0308779
0.0314081
0.0319946
0.0325956
0.0331589
0.0337414
0.0343465
0.0349796
0.0356282
0.0362839
0.0369375
0.0375825
0.038264
0.0389616
0.0396692
0.0403739
0.0410934
0.0418368
0.0425921
0.043359
0.0441819
0.0450585
0.0458909
0.0466767
0.0475325
0.0484388
0.0493646
0.0502849
0.0512229
0.0521489
0.0530898
0.0540391
0.0550265
0.0560082
0.0569309
0.0578544
0.0585914
0.0139913
0.0141128
0.0144626
0.0143578
0.0140322
0.0140402
0.0138095
0.0131804
0.0129836
0.0132107
0.0132411
0.0131813
0.0132945
0.0133981
0.0134819
0.0137617
0.0140878
0.0141659
0.0141365
0.0143269
0.0146982
0.0149897
0.0150932
0.0151846
0.0154769
0.0158774
0.0161429
0.0163004
0.0165415
0.0169147
0.0172633
0.0174952
0.0177313
0.0180683
0.0184412
0.0187555
0.0190338
0.0193657
0.0197383
0.0200999
0.0204599
0.020835
0.021214
0.0215889
0.0219764
0.0223736
0.0227865
0.0231726
0.0235754
0.0240101
0.0244491
0.0248894
0.0253441
0.0258073
0.0262726
0.0267689
0.0272526
0.027747
0.0282568
0.0287645
0.0292629
0.029777
0.0303383
0.0308796
0.0314106
0.0319959
0.032596
0.0331604
0.0337441
0.0343493
0.0349813
0.0356289
0.036284
0.0369379
0.0375839
0.038266
0.0389633
0.0396705
0.0403752
0.0410961
0.0418403
0.0425961
0.0433642
0.0441858
0.0450576
0.0458908
0.0466818
0.0475373
0.0484408
0.0493651
0.0502851
0.0512233
0.0521499
0.0530918
0.0540423
0.0550294
0.0560116
0.0569373
0.0578621
0.0585971
0.0139157
0.0138951
0.014282
0.0143727
0.0140447
0.013954
0.0138471
0.013337
0.0130783
0.0132832
0.0133566
0.0132731
0.0133519
0.013454
0.0135155
0.0137818
0.0141393
0.014229
0.0141697
0.0143504
0.0147422
0.015042
0.0151325
0.0152086
0.0154981
0.0159087
0.0161785
0.0163237
0.0165547
0.0169333
0.0172881
0.0175138
0.0177423
0.0180819
0.0184597
0.018773
0.0190471
0.0193772
0.0197507
0.020112
0.0204697
0.0208439
0.0212222
0.0215948
0.0219817
0.0223802
0.0227942
0.0231795
0.0235805
0.0240158
0.0244558
0.0248946
0.0253478
0.0258117
0.0262769
0.0267711
0.0272547
0.0277493
0.0282579
0.028765
0.0292654
0.0297806
0.0303402
0.0308815
0.0314132
0.0319972
0.0325963
0.0331619
0.033747
0.034352
0.0349832
0.0356297
0.0362841
0.0369383
0.0375853
0.038268
0.038965
0.0396717
0.0403767
0.0410988
0.0418438
0.0426
0.0433694
0.0441895
0.0450568
0.0458907
0.0466866
0.047542
0.0484428
0.0493657
0.0502854
0.0512237
0.0521509
0.0530938
0.0540455
0.0550325
0.0560153
0.0569438
0.0578699
0.0586031
0.0138061
0.0136846
0.0140467
0.0143236
0.014077
0.013882
0.0138372
0.0134753
0.0131984
0.0133571
0.0134578
0.013367
0.0134154
0.0135156
0.0135549
0.0137981
0.0141852
0.0142984
0.0142084
0.0143684
0.014784
0.0150997
0.015175
0.0152327
0.0155196
0.0159403
0.0162155
0.0163494
0.0165683
0.0169516
0.0173141
0.0175342
0.0177537
0.0180957
0.0184789
0.0187911
0.0190608
0.0193887
0.0197635
0.0201249
0.0204802
0.0208532
0.021231
0.0216014
0.0219874
0.022387
0.0228021
0.0231865
0.0235857
0.0240218
0.024463
0.0249002
0.0253518
0.0258165
0.0262813
0.0267733
0.0272567
0.0277516
0.0282592
0.0287658
0.029268
0.0297841
0.0303421
0.0308834
0.0314159
0.0319987
0.0325967
0.0331634
0.0337499
0.0343547
0.034985
0.0356306
0.0362843
0.0369389
0.0375868
0.03827
0.0389668
0.0396731
0.0403782
0.0411016
0.0418473
0.0426041
0.0433745
0.0441933
0.0450562
0.0458907
0.0466914
0.0475466
0.048445
0.0493665
0.0502857
0.0512243
0.0521519
0.0530959
0.054049
0.0550357
0.0560193
0.0569505
0.0578779
0.0586094
0.0139364
0.0135174
0.0137581
0.0142004
0.0141128
0.0138469
0.0137971
0.0135713
0.0133257
0.0134433
0.0135527
0.0134532
0.0134781
0.0135842
0.0136047
0.0138118
0.0142207
0.0143721
0.0142568
0.0143818
0.014819
0.0151627
0.0152234
0.0152562
0.0155404
0.0159727
0.0162536
0.0163768
0.0165827
0.0169693
0.0173413
0.0175567
0.0177659
0.0181093
0.0184987
0.0188104
0.0190752
0.0194005
0.0197765
0.0201381
0.020491
0.0208628
0.0212403
0.0216084
0.0219934
0.0223942
0.0228105
0.0231939
0.0235909
0.0240278
0.0244703
0.024906
0.0253558
0.0258213
0.0262861
0.0267758
0.027259
0.0277541
0.0282606
0.0287667
0.0292706
0.0297877
0.0303442
0.0308854
0.0314187
0.0320003
0.0325972
0.033165
0.0337529
0.0343574
0.0349869
0.0356316
0.0362846
0.0369395
0.0375885
0.038272
0.0389686
0.0396745
0.0403799
0.0411045
0.0418509
0.0426082
0.0433796
0.044197
0.0450557
0.0458908
0.0466959
0.0475512
0.0484472
0.0493673
0.0502861
0.051225
0.052153
0.0530981
0.0540525
0.0550391
0.0560236
0.0569573
0.057886
0.0586161
0.0138747
0.0133864
0.0135014
0.0140437
0.0141645
0.0138858
0.0137627
0.0136227
0.0134366
0.0135411
0.0136524
0.0135331
0.0135316
0.0136564
0.0136709
0.0138286
0.0142417
0.0144446
0.014319
0.0143945
0.0148428
0.015228
0.0152809
0.0152802
0.0155586
0.0160065
0.016294
0.0164058
0.0165978
0.0169863
0.0173687
0.0175813
0.0177792
0.0181227
0.018519
0.0188307
0.0190903
0.0194126
0.0197899
0.0201524
0.0205025
0.0208726
0.02125
0.0216159
0.0219996
0.0224015
0.0228191
0.0232015
0.0235966
0.0240342
0.0244779
0.0249121
0.02536
0.0258262
0.0262908
0.0267783
0.0272614
0.0277567
0.0282624
0.028768
0.0292732
0.0297912
0.0303462
0.0308874
0.0314215
0.0320021
0.0325978
0.0331666
0.033756
0.0343602
0.0349888
0.0356328
0.0362851
0.0369402
0.0375902
0.038274
0.0389704
0.0396761
0.0403817
0.0411074
0.0418544
0.0426123
0.0433846
0.0442007
0.0450554
0.0458909
0.0467004
0.0475557
0.0484496
0.0493683
0.0502866
0.0512258
0.0521541
0.0531004
0.0540562
0.0550425
0.0560282
0.0569643
0.0578942
0.0586231
0.0139736
0.0133805
0.0133289
0.0138923
0.0142371
0.0140069
0.013778
0.0136456
0.0135139
0.0136383
0.0137693
0.0136183
0.0135725
0.0137251
0.0137573
0.0138591
0.0142501
0.0145091
0.0143972
0.0144139
0.0148535
0.0152903
0.0153497
0.0153079
0.0155723
0.0160404
0.016338
0.0164364
0.0166136
0.0170035
0.0173966
0.017608
0.0177939
0.018136
0.0185395
0.0188523
0.0191065
0.0194247
0.0198031
0.0201671
0.0205145
0.0208827
0.0212604
0.0216242
0.0220063
0.0224094
0.0228283
0.0232096
0.0236022
0.0240405
0.0244857
0.0249185
0.0253645
0.0258315
0.0262961
0.0267812
0.027264
0.0277593
0.028264
0.0287693
0.0292759
0.0297949
0.0303484
0.0308895
0.0314244
0.032004
0.0325984
0.0331682
0.0337592
0.0343629
0.0349907
0.035634
0.0362856
0.036941
0.037592
0.0382761
0.0389723
0.0396777
0.0403836
0.0411104
0.041858
0.0426165
0.0433897
0.0442044
0.0450553
0.0458912
0.0467047
0.0475601
0.048452
0.0493695
0.0502872
0.0512266
0.0521553
0.0531028
0.0540601
0.0550461
0.0560332
0.0569715
0.0579024
0.0586303
0.0138211
0.0133147
0.0131883
0.0137142
0.0142673
0.0141728
0.0138487
0.0136582
0.0135494
0.0137123
0.0138959
0.0137206
0.0136021
0.0137764
0.0138551
0.0139116
0.014253
0.0145568
0.0144845
0.0144478
0.0148534
0.0153422
0.0154289
0.0153444
0.0155807
0.0160718
0.0163874
0.0164702
0.016629
0.0170202
0.017425
0.0176366
0.0178102
0.0181494
0.01856
0.0188749
0.0191238
0.0194374
0.0198168
0.0201827
0.0205275
0.020893
0.021271
0.0216331
0.0220133
0.0224174
0.0228378
0.0232181
0.0236083
0.0240472
0.0244938
0.0249251
0.0253691
0.0258367
0.0263012
0.026784
0.0272669
0.0277624
0.0282662
0.028771
0.0292787
0.0297984
0.0303506
0.0308916
0.0314274
0.0320062
0.0325992
0.0331698
0.0337625
0.0343658
0.0349927
0.0356355
0.0362863
0.0369419
0.0375939
0.0382782
0.0389741
0.0396795
0.0403857
0.0411135
0.0418616
0.0426207
0.0433947
0.0442081
0.0450554
0.0458916
0.0467088
0.0475644
0.0484546
0.0493708
0.0502878
0.0512276
0.0521566
0.0531054
0.0540641
0.0550499
0.0560384
0.056979
0.0579108
0.0586379
0.0140236
0.0134267
0.0130951
0.0135062
0.0142217
0.0143321
0.0139711
0.013679
0.0135515
0.0137403
0.0140104
0.0138487
0.0136332
0.0137976
0.0139483
0.0139888
0.0142615
0.0145841
0.0145684
0.0145002
0.0148507
0.0153759
0.0155129
0.0153946
0.0155854
0.0160955
0.016441
0.0165095
0.0166432
0.0170355
0.0174545
0.0176668
0.0178274
0.0181627
0.0185807
0.0188984
0.0191424
0.0194504
0.01983
0.0201984
0.0205413
0.0209038
0.0212819
0.0216426
0.0220208
0.0224256
0.0228478
0.0232271
0.0236143
0.0240537
0.0245022
0.0249321
0.0253739
0.0258422
0.0263068
0.0267872
0.0272698
0.0277653
0.0282681
0.0287727
0.0292816
0.0298022
0.030353
0.0308938
0.0314304
0.0320084
0.0326
0.0331715
0.0337659
0.0343686
0.0349945
0.035637
0.0362871
0.0369427
0.0375959
0.0382804
0.038976
0.0396813
0.0403879
0.0411167
0.0418653
0.042625
0.0433997
0.0442118
0.0450557
0.0458921
0.0467129
0.0475686
0.0484572
0.0493722
0.0502886
0.0512287
0.052158
0.053108
0.0540683
0.0550538
0.056044
0.0569866
0.0579192
0.0586458
0.013808
0.0133822
0.0130916
0.0133812
0.0141324
0.0144718
0.0141483
0.0137533
0.0135605
0.01373
0.014095
0.0140091
0.0136966
0.0137963
0.0140226
0.014087
0.0142939
0.0146013
0.0146393
0.0145695
0.0148589
0.0153921
0.0155928
0.0154624
0.0155923
0.0161085
0.0164969
0.0165583
0.0166577
0.0170473
0.0174854
0.0177002
0.0178457
0.018176
0.0186019
0.0189228
0.0191618
0.0194642
0.0198437
0.0202148
0.020556
0.0209152
0.021293
0.0216527
0.022029
0.0224342
0.022858
0.0232364
0.0236208
0.0240606
0.024511
0.0249395
0.0253789
0.0258477
0.0263125
0.0267904
0.027273
0.0277688
0.0282708
0.0287748
0.0292845
0.0298059
0.0303553
0.030896
0.0314336
0.0320109
0.032601
0.0331732
0.0337694
0.0343716
0.0349965
0.0356387
0.0362881
0.0369439
0.037598
0.0382826
0.038978
0.0396833
0.0403902
0.04112
0.041869
0.0426293
0.0434047
0.0442155
0.0450562
0.0458927
0.0467168
0.0475728
0.0484599
0.0493738
0.0502895
0.0512299
0.0521596
0.0531107
0.0540727
0.0550578
0.0560498
0.0569945
0.0579277
0.0586539
0.0137884
0.0134703
0.0131673
0.0133197
0.0140126
0.0145472
0.0143513
0.0138808
0.0135951
0.0136961
0.0141251
0.0141783
0.0138091
0.0137884
0.0140584
0.0141888
0.0143538
0.0146208
0.0146898
0.0146418
0.0148857
0.0153992
0.0156581
0.0155442
0.0156099
0.0161096
0.0165493
0.0166183
0.016676
0.0170541
0.017516
0.017738
0.017865
0.0181878
0.0186234
0.0189489
0.0191825
0.0194786
0.0198574
0.0202312
0.0205714
0.0209274
0.0213048
0.0216632
0.0220376
0.0224433
0.0228689
0.0232465
0.0236276
0.0240673
0.0245198
0.0249472
0.0253841
0.0258535
0.0263186
0.0267943
0.0272765
0.0277722
0.0282733
0.0287769
0.0292876
0.0298099
0.0303579
0.0308984
0.0314369
0.0320135
0.0326022
0.0331751
0.033773
0.0343746
0.0349985
0.0356404
0.0362892
0.036945
0.0376001
0.038285
0.0389799
0.0396853
0.0403927
0.0411234
0.0418727
0.0426336
0.0434096
0.0442193
0.045057
0.0458936
0.0467207
0.0475769
0.0484627
0.0493755
0.0502905
0.0512312
0.0521613
0.0531136
0.0540773
0.0550621
0.0560559
0.0570026
0.0579363
0.0586623
0.0136735
0.0135155
0.0132304
0.013279
0.013861
0.0145213
0.0145172
0.0140476
0.0136662
0.0136576
0.0140942
0.0143179
0.0139707
0.013796
0.0140533
0.0142712
0.0144342
0.0146572
0.0147297
0.0147024
0.0149273
0.0154104
0.0157044
0.0156288
0.0156442
0.0161033
0.0165909
0.016688
0.0167022
0.0170548
0.0175427
0.0177809
0.0178877
0.0181975
0.0186445
0.0189769
0.019204
0.019493
0.0198717
0.0202484
0.0205874
0.0209399
0.0213171
0.0216745
0.0220465
0.0224526
0.0228801
0.0232566
0.0236345
0.0240744
0.024529
0.0249554
0.0253897
0.0258595
0.0263246
0.0267979
0.0272799
0.0277758
0.0282762
0.0287794
0.0292907
0.0298139
0.0303604
0.0309006
0.0314404
0.0320163
0.0326033
0.0331769
0.0337765
0.0343776
0.0350005
0.0356422
0.0362906
0.0369464
0.0376023
0.0382875
0.038982
0.0396875
0.0403953
0.0411268
0.0418764
0.042638
0.0434145
0.044223
0.045058
0.0458945
0.0467245
0.0475809
0.0484656
0.0493774
0.0502917
0.0512326
0.0521631
0.0531166
0.0540821
0.0550665
0.0560623
0.057011
0.057945
0.058671
0.0134949
0.0135356
0.0133129
0.013287
0.0137292
0.0144237
0.0146293
0.01424
0.0137891
0.0136543
0.0140267
0.0144014
0.0141638
0.0138563
0.0140273
0.0143188
0.0145218
0.0147188
0.0147749
0.0147465
0.0149693
0.0154382
0.0157419
0.0157048
0.0156962
0.0160994
0.0166168
0.0167622
0.0167424
0.017053
0.0175632
0.0178285
0.0179161
0.0182052
0.0186632
0.0190078
0.0192281
0.0195075
0.019886
0.0202662
0.0206039
0.0209528
0.0213301
0.0216867
0.0220553
0.0224618
0.0228922
0.0232678
0.0236418
0.0240815
0.0245384
0.0249636
0.0253954
0.0258654
0.0263308
0.0268022
0.0272841
0.0277799
0.0282794
0.0287819
0.0292938
0.0298182
0.0303632
0.0309029
0.031444
0.0320193
0.0326047
0.0331791
0.0337803
0.0343808
0.0350028
0.0356442
0.0362921
0.0369479
0.0376045
0.03829
0.0389841
0.0396897
0.0403981
0.0411304
0.0418802
0.0426425
0.0434195
0.0442268
0.0450592
0.0458957
0.0467282
0.0475849
0.0484686
0.0493795
0.050293
0.0512341
0.0521651
0.0531198
0.0540871
0.0550712
0.0560689
0.0570197
0.0579538
0.0586798
0.0132819
0.0135148
0.013404
0.013339
0.0136445
0.0142917
0.0146696
0.014426
0.0139527
0.0137
0.013951
0.0144122
0.0143524
0.0139797
0.0140053
0.0143243
0.0145945
0.0147955
0.0148394
0.014785
0.0149955
0.0154766
0.0157857
0.0157655
0.0157547
0.0161079
0.0166293
0.0168327
0.0167987
0.0170527
0.0175733
0.0178775
0.0179524
0.0182125
0.0186777
0.0190397
0.0192551
0.0195216
0.0198994
0.0202853
0.0206219
0.0209656
0.0213433
0.0217003
0.0220653
0.0224709
0.0229046
0.0232797
0.023649
0.0240887
0.0245482
0.0249723
0.0254017
0.0258724
0.0263376
0.0268063
0.027288
0.0277838
0.0282827
0.0287848
0.0292972
0.0298228
0.0303661
0.0309051
0.0314478
0.0320225
0.032606
0.0331813
0.0337841
0.0343837
0.0350049
0.0356462
0.0362937
0.0369494
0.0376068
0.0382927
0.0389862
0.0396921
0.040401
0.0411342
0.0418839
0.042647
0.0434244
0.0442306
0.0450607
0.045897
0.046732
0.0475888
0.0484716
0.0493817
0.0502945
0.0512358
0.0521672
0.0531231
0.0540922
0.0550761
0.0560757
0.0570285
0.0579628
0.0586889
0.0130508
0.0134402
0.0134697
0.0134161
0.013608
0.0141579
0.0146426
0.0145709
0.0141363
0.0137949
0.0138996
0.0143646
0.0144936
0.0141512
0.0140211
0.0143013
0.0146359
0.0148735
0.0149272
0.0148365
0.0150014
0.0155076
0.0158485
0.015823
0.0158059
0.0161308
0.0166377
0.0168897
0.0168666
0.0170619
0.0175735
0.0179238
0.0179974
0.0182219
0.0186873
0.0190713
0.0192869
0.0195379
0.0199116
0.0203047
0.0206415
0.0209787
0.0213561
0.0217148
0.0220761
0.0224794
0.022917
0.0232931
0.0236572
0.0240957
0.0245585
0.0249814
0.0254076
0.0258787
0.0263441
0.0268105
0.0272925
0.0277887
0.0282866
0.0287878
0.0293003
0.0298273
0.0303692
0.0309073
0.0314517
0.0320259
0.0326073
0.0331836
0.033788
0.0343868
0.0350073
0.0356485
0.0362955
0.0369516
0.0376091
0.0382955
0.0389885
0.0396945
0.0404042
0.041138
0.0418877
0.0426515
0.0434294
0.0442344
0.0450624
0.0458985
0.0467358
0.0475927
0.0484747
0.0493841
0.0502961
0.0512376
0.0521696
0.0531266
0.0540976
0.0550813
0.0560829
0.0570377
0.0579718
0.0586982
0.0128294
0.0133292
0.0134974
0.0135008
0.0136179
0.0140515
0.0145688
0.0146579
0.0143153
0.01393
0.0138961
0.0142883
0.0145638
0.01434
0.0140965
0.0142727
0.0146414
0.0149349
0.0150271
0.014917
0.0150022
0.015511
0.015922
0.0158946
0.0158428
0.0161559
0.0166547
0.0169345
0.0169376
0.0170863
0.0175676
0.0179619
0.0180511
0.0182374
0.018693
0.0191006
0.0193218
0.0195561
0.0199217
0.0203231
0.0206636
0.020993
0.021368
0.02173
0.0220888
0.0224889
0.022929
0.0233068
0.0236659
0.0241022
0.0245684
0.0249909
0.0254139
0.025886
0.0263521
0.0268155
0.0272967
0.0277932
0.0282903
0.0287909
0.0293038
0.0298324
0.0303728
0.0309093
0.0314557
0.0320298
0.0326089
0.0331861
0.0337922
0.0343898
0.0350096
0.0356508
0.0362973
0.0369518
0.0376114
0.0382983
0.0389909
0.0396971
0.0404075
0.0411419
0.0418915
0.0426561
0.0434344
0.0442383
0.0450644
0.0459001
0.0467396
0.0475965
0.0484779
0.0493868
0.050298
0.0512396
0.0521722
0.0531303
0.0541031
0.0550868
0.0560901
0.0570471
0.0579811
0.0587076
0.0126257
0.0131996
0.0134903
0.0135693
0.0136594
0.0139832
0.014475
0.0146885
0.0144682
0.0140889
0.0139429
0.0142182
0.0145667
0.0145048
0.0142269
0.0142685
0.0146208
0.0149674
0.015122
0.0150275
0.0150197
0.0154816
0.0159838
0.0159964
0.0158804
0.0161682
0.0166827
0.0169769
0.0170004
0.0171247
0.0175646
0.0179882
0.0181087
0.0182611
0.0186944
0.0191249
0.0193594
0.0195788
0.0199324
0.0203401
0.0206874
0.0210096
0.0213794
0.0217449
0.0221026
0.0224985
0.0229403
0.023321
0.0236759
0.0241092
0.0245791
0.0250017
0.0254209
0.0258926
0.0263593
0.02682
0.0273011
0.0277986
0.0282951
0.0287945
0.0293071
0.0298373
0.0303764
0.0309114
0.0314599
0.032034
0.0326103
0.0331884
0.0337964
0.0343928
0.035012
0.0356535
0.0362994
0.0369542
0.0376139
0.0383013
0.0389934
0.0396997
0.040411
0.041146
0.0418953
0.0426606
0.0434395
0.0442422
0.0450666
0.045902
0.0467434
0.0476004
0.0484812
0.0493895
0.0503
0.0512417
0.052175
0.0531341
0.0541088
0.0550925
0.0560977
0.0570567
0.0579904
0.0587172
0.0124443
0.0130586
0.0134587
0.0136166
0.0137179
0.0139564
0.0143844
0.0146742
0.0145805
0.0142491
0.0140295
0.0141813
0.0145276
0.0146146
0.0143874
0.0143102
0.0145914
0.0149686
0.0151945
0.0151534
0.0150759
0.0154392
0.0160082
0.0161175
0.0159405
0.0161583
0.0167064
0.017031
0.0170551
0.0171669
0.0175717
0.0180038
0.0181634
0.0182963
0.0186966
0.0191444
0.0193993
0.0196052
0.0199427
0.0203546
0.0207116
0.021029
0.0213906
0.0217583
0.0221174
0.0225102
0.0229527
0.0233356
0.0236864
0.0241164
0.0245893
0.0250117
0.0254273
0.0258995
0.0263677
0.0268263
0.027306
0.0278038
0.0282995
0.0287979
0.0293105
0.0298426
0.0303805
0.0309135
0.0314638
0.0320384
0.0326121
0.033191
0.033801
0.034396
0.0350145
0.0356563
0.0363017
0.0369563
0.0376164
0.0383043
0.0389961
0.0397023
0.0404146
0.0411502
0.0418993
0.0426652
0.0434446
0.0442461
0.0450691
0.045904
0.0467472
0.0476043
0.0484844
0.0493925
0.0503021
0.0512441
0.052178
0.0531382
0.0541147
0.0550985
0.0561054
0.0570666
0.0579999
0.0587269
0.0122924
0.0129092
0.0134049
0.0136439
0.0137769
0.0139635
0.0143126
0.0146309
0.01465
0.0143945
0.0141423
0.0141855
0.0144759
0.0146638
0.0145429
0.0143997
0.0145783
0.0149488
0.0152351
0.0152746
0.0151732
0.0154092
0.0159841
0.0162312
0.016045
0.0161442
0.0167058
0.0170998
0.0171141
0.0172009
0.0175895
0.0180195
0.0182095
0.0183404
0.0187037
0.0191558
0.0194378
0.0196363
0.0199539
0.0203677
0.0207357
0.021051
0.0214038
0.0217717
0.0221326
0.0225223
0.0229649
0.0233502
0.0236967
0.024123
0.0246003
0.0250235
0.025435
0.0259071
0.0263758
0.0268314
0.0273104
0.0278094
0.0283047
0.028802
0.0293143
0.029848
0.0303847
0.0309158
0.0314679
0.0320432
0.0326141
0.0331935
0.0338055
0.0343991
0.0350167
0.0356592
0.0363042
0.0369588
0.037619
0.0383075
0.0389989
0.0397052
0.0404184
0.0411545
0.0419031
0.0426697
0.0434497
0.0442502
0.0450719
0.0459063
0.0467511
0.0476083
0.0484878
0.0493957
0.0503045
0.0512466
0.0521813
0.0531424
0.0541207
0.0551049
0.0561133
0.0570766
0.0580097
0.0587368
0.0121862
0.0127653
0.0133302
0.0136536
0.0138282
0.0139941
0.0142718
0.0145767
0.0146789
0.0145127
0.0142643
0.0142246
0.0144382
0.0146698
0.0146643
0.0145206
0.0145993
0.0149222
0.0152439
0.0153709
0.0152956
0.0154185
0.015932
0.0163058
0.0161852
0.0161533
0.0166675
0.0171653
0.0171963
0.0172264
0.0176052
0.0180432
0.0182464
0.0183845
0.0187203
0.0191627
0.0194729
0.019674
0.0199671
0.0203782
0.0207596
0.0210753
0.0214187
0.0217837
0.0221461
0.022535
0.0229786
0.0233667
0.023708
0.0241294
0.0246123
0.025036
0.0254412
0.0259135
0.0263846
0.0268379
0.0273158
0.0278159
0.0283101
0.0288055
0.029318
0.0298537
0.0303893
0.0309183
0.0314719
0.032048
0.0326163
0.033196
0.0338101
0.0344027
0.0350193
0.0356623
0.036307
0.0369611
0.0376216
0.0383108
0.0390019
0.039708
0.0404224
0.041159
0.0419072
0.0426744
0.0434549
0.0442542
0.0450748
0.0459087
0.0467549
0.0476123
0.0484911
0.049399
0.0503071
0.0512492
0.0521849
0.0531469
0.0541268
0.0551116
0.0561214
0.0570867
0.0580196
0.0587469
0.012116
0.0126459
0.0132448
0.0136451
0.0138655
0.014032
0.0142593
0.0145257
0.0146733
0.0145982
0.0143848
0.0142907
0.0144269
0.0146532
0.0147401
0.0146474
0.0146573
0.0149075
0.0152316
0.0154337
0.0154224
0.0154734
0.0158797
0.0163248
0.0163313
0.0162149
0.0166099
0.0171995
0.0173071
0.0172595
0.0176044
0.018076
0.0182859
0.0184217
0.0187462
0.0191713
0.0194994
0.0197153
0.0199857
0.0203855
0.0207819
0.0211011
0.0214349
0.0217973
0.0221602
0.0225473
0.0229927
0.0233849
0.0237201
0.0241333
0.0246226
0.0250502
0.0254488
0.0259205
0.0263948
0.0268444
0.0273199
0.0278223
0.0283162
0.0288093
0.0293218
0.0298597
0.0303939
0.0309207
0.0314759
0.0320531
0.032619
0.0331987
0.0338148
0.0344063
0.0350217
0.0356651
0.0363101
0.0369639
0.0376244
0.0383141
0.039005
0.0397109
0.0404266
0.0411635
0.0419111
0.042679
0.0434601
0.0442584
0.0450779
0.0459115
0.0467587
0.0476164
0.0484946
0.0494025
0.0503099
0.051252
0.0521889
0.0531516
0.0541331
0.0551185
0.0561297
0.057097
0.0580297
0.0587571
0.0120683
0.0125565
0.013158
0.0136195
0.0138893
0.0140675
0.0142653
0.0144941
0.014652
0.0146509
0.0144921
0.0143707
0.0144394
0.014632
0.0147773
0.0147582
0.014742
0.0149185
0.0152125
0.0154635
0.0155312
0.0155605
0.0158569
0.0163043
0.0164474
0.0163274
0.0165644
0.0171799
0.0174259
0.0173265
0.0175843
0.0181018
0.0183391
0.0184515
0.0187714
0.019188
0.0195189
0.0197549
0.0200122
0.0203908
0.0208
0.0211303
0.0214544
0.0218117
0.0221743
0.0225578
0.0230057
0.023405
0.023734
0.0241366
0.0246327
0.0250673
0.0254578
0.0259252
0.0264038
0.026852
0.0273243
0.0278294
0.0283237
0.0288133
0.029325
0.0298658
0.0303994
0.0309236
0.0314799
0.0320583
0.0326219
0.0332012
0.0338191
0.0344103
0.0350245
0.0356681
0.0363135
0.0369666
0.0376271
0.0383177
0.0390085
0.0397139
0.0404309
0.041168
0.041915
0.0426837
0.0434652
0.0442628
0.0450813
0.0459144
0.0467627
0.0476207
0.0484981
0.049406
0.0503131
0.0512549
0.052193
0.0531565
0.0541393
0.0551259
0.0561382
0.0571073
0.05804
0.0587674
0.0120306
0.0124939
0.0130814
0.0135856
0.0139058
0.0141001
0.0142783
0.0144803
0.0146295
0.0146725
0.0145761
0.0144545
0.0144732
0.0146217
0.0147899
0.0148415
0.0148357
0.0149559
0.0152022
0.0154707
0.0156121
0.0156609
0.0158733
0.0162705
0.0165119
0.0164618
0.0165675
0.0171199
0.0175187
0.017441
0.0175653
0.0181
0.0184072
0.0184866
0.0187867
0.0192134
0.0195389
0.0197865
0.0200462
0.020401
0.0208121
0.0211594
0.0214762
0.0218251
0.0221899
0.0225684
0.0230165
0.0234275
0.0237524
0.0241393
0.0246393
0.0250838
0.0254684
0.0259302
0.0264136
0.0268614
0.0273284
0.0278354
0.0283315
0.0288181
0.0293281
0.0298719
0.0304055
0.0309264
0.0314835
0.0320636
0.0326255
0.0332039
0.0338235
0.0344146
0.0350274
0.0356708
0.0363171
0.0369697
0.0376298
0.0383213
0.0390118
0.0397169
0.0404354
0.041173
0.0419191
0.0426886
0.0434703
0.0442671
0.0450848
0.0459175
0.0467666
0.0476249
0.0485019
0.0494097
0.0503164
0.0512581
0.0521974
0.0531618
0.0541457
0.0551335
0.0561469
0.0571176
0.0580505
0.0587779
0.0119991
0.0124464
0.0130169
0.0135456
0.0139127
0.0141292
0.0142929
0.0144749
0.0146166
0.014677
0.0146363
0.014536
0.0145206
0.0146263
0.01479
0.0148953
0.0149225
0.0150128
0.0152111
0.0154675
0.0156625
0.0157551
0.0159204
0.0162516
0.0165361
0.0165832
0.0166262
0.0170526
0.0175534
0.0175842
0.0175793
0.0180621
0.0184715
0.0185428
0.0187902
0.0192364
0.0195679
0.0198106
0.0200803
0.0204199
0.0208194
0.0211841
0.0215037
0.0218405
0.0222056
0.0225807
0.0230245
0.023449
0.0237742
0.0241419
0.0246433
0.0251015
0.0254827
0.0259355
0.0264215
0.0268706
0.0273332
0.0278414
0.0283403
0.0288242
0.0293309
0.029877
0.030412
0.03093
0.0314872
0.032069
0.0326297
0.0332066
0.0338275
0.0344189
0.0350307
0.0356736
0.0363209
0.036973
0.0376325
0.038325
0.0390156
0.0397201
0.0404399
0.0411779
0.041923
0.0426935
0.0434755
0.0442717
0.0450887
0.0459208
0.0467707
0.0476291
0.0485057
0.0494134
0.05032
0.0512615
0.052202
0.0531673
0.0541521
0.0551414
0.0561559
0.0571279
0.0580612
0.0587886
0.0119752
0.0124131
0.0129649
0.0134993
0.0139064
0.0141568
0.0143159
0.0144749
0.0146109
0.0146764
0.0146718
0.014605
0.0145733
0.0146454
0.0147909
0.0149268
0.0149945
0.0150774
0.0152386
0.0154665
0.0156896
0.0158332
0.0159839
0.0162581
0.0165415
0.0166674
0.016717
0.017016
0.0175311
0.017719
0.0176522
0.0180093
0.0185061
0.0186252
0.0187971
0.0192453
0.0196073
0.0198348
0.0201053
0.0204464
0.0208302
0.0212018
0.0215331
0.0218599
0.0222202
0.0225942
0.0230311
0.0234673
0.0238002
0.0241486
0.0246447
0.025117
0.0254979
0.0259416
0.0264294
0.0268807
0.0273387
0.027847
0.0283487
0.0288311
0.0293341
0.0298817
0.0304192
0.0309343
0.0314905
0.0320743
0.0326343
0.0332092
0.0338313
0.0344237
0.0350343
0.0356762
0.0363246
0.0369765
0.0376354
0.038329
0.0390194
0.0397234
0.0404444
0.041183
0.0419269
0.0426985
0.0434807
0.0442761
0.0450928
0.0459242
0.0467749
0.0476335
0.0485098
0.0494174
0.0503237
0.0512652
0.0522067
0.0531731
0.0541586
0.0551494
0.0561652
0.0571383
0.0580718
0.0587993
0.0119558
0.0123898
0.0129286
0.0134573
0.0138898
0.014178
0.0143437
0.0144777
0.0146038
0.0146762
0.0146905
0.0146589
0.0146287
0.0146745
0.0147985
0.0149429
0.0150477
0.0151405
0.0152802
0.0154782
0.0157034
0.0158902
0.0160486
0.0162837
0.0165498
0.0167198
0.0168115
0.0170272
0.0174812
0.0178065
0.0177731
0.017976
0.0184936
0.0187144
0.018826
0.019236
0.0196462
0.0198708
0.0201219
0.0204723
0.02085
0.0212141
0.0215576
0.0218847
0.0222352
0.022607
0.0230395
0.023484
0.0238276
0.0241592
0.0246439
0.0251296
0.025515
0.0259498
0.0264374
0.0268903
0.0273441
0.0278526
0.0283572
0.0288392
0.029338
0.0298854
0.0304262
0.0309391
0.0314937
0.0320797
0.0326396
0.0332119
0.0338348
0.0344286
0.035038
0.035679
0.0363287
0.0369804
0.0376382
0.0383328
0.0390233
0.0397269
0.0404491
0.0411885
0.0419309
0.0427035
0.043486
0.0442806
0.0450973
0.0459276
0.0467789
0.0476379
0.0485139
0.0494215
0.0503278
0.0512693
0.0522117
0.0531792
0.0541653
0.0551577
0.0561746
0.0571486
0.0580827
0.0588102
0.0119364
0.0123734
0.0129066
0.0134261
0.0138651
0.0141829
0.0143674
0.0144888
0.0146003
0.0146785
0.0147023
0.0146945
0.0146797
0.0147068
0.0148111
0.0149539
0.0150856
0.0151975
0.0153267
0.015503
0.0157134
0.0159269
0.0161074
0.0163204
0.0165706
0.0167567
0.0168872
0.017073
0.0174379
0.0178352
0.0179074
0.0179947
0.0184501
0.0187827
0.0188865
0.0192222
0.0196697
0.0199213
0.0201391
0.0204873
0.0208777
0.021231
0.021574
0.0219113
0.022256
0.022618
0.0230465
0.0234985
0.0238535
0.0241738
0.0246449
0.0251404
0.0255321
0.0259587
0.026446
0.0269005
0.0273494
0.0278581
0.0283661
0.0288481
0.0293424
0.0298887
0.0304335
0.0309447
0.0314968
0.0320852
0.0326455
0.0332142
0.0338378
0.0344342
0.0350421
0.0356818
0.0363326
0.0369841
0.037641
0.0383371
0.0390276
0.0397305
0.0404536
0.0411938
0.0419349
0.0427085
0.0434915
0.0442851
0.0451021
0.0459315
0.0467833
0.0476425
0.0485181
0.0494257
0.0503317
0.0512735
0.0522167
0.0531854
0.0541722
0.0551661
0.0561844
0.0571589
0.0580934
0.0588213
0.0119166
0.0123584
0.0128929
0.0134082
0.0138429
0.0141765
0.0143852
0.0145079
0.0146013
0.0146754
0.0147085
0.0147137
0.0147204
0.0147425
0.0148289
0.0149668
0.0151101
0.0152429
0.0153707
0.0155359
0.0157308
0.0159506
0.0161568
0.0163603
0.0165989
0.0167921
0.016942
0.0171306
0.0174234
0.0178242
0.0180175
0.0180669
0.0184082
0.0188098
0.0189646
0.0192233
0.0196712
0.0199754
0.0201698
0.0204906
0.0209016
0.0212583
0.0215869
0.0219327
0.0222838
0.022631
0.02305
0.0235131
0.0238806
0.0241905
0.0246463
0.0251484
0.025548
0.0259681
0.0264558
0.0269123
0.0273547
0.0278624
0.0283747
0.0288581
0.0293475
0.0298916
0.0304408
0.0309508
0.0314998
0.0320907
0.0326521
0.0332168
0.0338406
0.0344403
0.0350461
0.0356844
0.0363368
0.0369884
0.0376442
0.0383411
0.0390316
0.0397342
0.0404583
0.0411993
0.0419392
0.0427133
0.043497
0.0442893
0.045107
0.0459353
0.0467874
0.0476473
0.0485225
0.0494304
0.050336
0.051278
0.0522221
0.0531917
0.0541791
0.0551745
0.0561941
0.0571692
0.0581043
0.0588323
0.0119025
0.0123438
0.0128797
0.013398
0.0138311
0.0141672
0.0143925
0.0145217
0.014604
0.0146706
0.0147141
0.0147268
0.0147478
0.0147777
0.0148484
0.0149791
0.0151243
0.0152753
0.0154125
0.0155723
0.0157587
0.0159681
0.0161928
0.0163993
0.0166279
0.0168315
0.0169872
0.0171848
0.0174381
0.0178
0.0180814
0.0181655
0.0183981
0.0188018
0.0190356
0.0192506
0.0196608
0.0200184
0.0202193
0.0204945
0.0209115
0.0212926
0.0216057
0.0219435
0.0223123
0.022652
0.0230499
0.023524
0.0239104
0.0242095
0.0246479
0.0251568
0.0255647
0.0259765
0.0264648
0.0269258
0.0273607
0.0278651
0.0283831
0.0288698
0.0293529
0.0298934
0.0304483
0.0309576
0.0315022
0.0320964
0.0326597
0.0332189
0.0338424
0.0344469
0.0350505
0.0356871
0.0363412
0.0369924
0.0376473
0.0383455
0.0390361
0.0397383
0.040463
0.0412047
0.0419438
0.0427181
0.0435028
0.044294
0.0451121
0.0459396
0.0467916
0.0476521
0.0485267
0.0494348
0.0503404
0.0512829
0.0522279
0.0531982
0.0541864
0.0551832
0.0562041
0.0571794
0.058115
0.0588436
0.0118975
0.0123347
0.0128678
0.0133879
0.013824
0.0141589
0.0143913
0.0145298
0.0146114
0.0146696
0.0147157
0.0147341
0.0147595
0.0148037
0.0148681
0.0149892
0.0151353
0.0152996
0.0154525
0.0156069
0.0157896
0.0159866
0.0162164
0.0164361
0.0166564
0.0168715
0.0170318
0.0172291
0.0174687
0.0177842
0.0181061
0.0182603
0.0184295
0.0187836
0.0190809
0.0192968
0.0196538
0.0200405
0.0202761
0.0205123
0.0209076
0.0213208
0.0216386
0.021952
0.0223338
0.0226824
0.0230501
0.023525
0.0239419
0.0242342
0.0246478
0.0251631
0.0255832
0.0259853
0.0264728
0.0269413
0.0273696
0.0278668
0.0283896
0.0288831
0.0293597
0.0298945
0.0304559
0.0309652
0.0315043
0.0321016
0.0326677
0.033221
0.0338438
0.0344541
0.0350552
0.035689
0.0363452
0.0369964
0.0376507
0.0383492
0.0390401
0.0397423
0.0404675
0.0412099
0.0419484
0.0427224
0.0435082
0.0442984
0.0451171
0.0459439
0.0467955
0.0476572
0.0485312
0.0494396
0.0503449
0.0512874
0.0522334
0.0532044
0.0541934
0.0551918
0.0562139
0.0571896
0.0581257
0.0588545
0.0118962
0.0123327
0.0128599
0.0133754
0.0138145
0.0141515
0.0143877
0.014533
0.0146155
0.0146651
0.0147087
0.0147367
0.0147648
0.0148189
0.0148863
0.0149992
0.0151462
0.0153155
0.0154823
0.0156368
0.0158182
0.0160123
0.0162358
0.0164684
0.0166848
0.0169056
0.0170776
0.017267
0.0175031
0.0177856
0.0181092
0.0183306
0.0184872
0.0187784
0.0191011
0.0193462
0.019662
0.0200478
0.0203267
0.0205479
0.0209018
0.0213311
0.0216789
0.0219683
0.022343
0.0227162
0.0230595
0.0235165
0.0239708
0.0242679
0.0246464
0.0251644
0.0256032
0.0259945
0.0264778
0.026957
0.0273816
0.0278683
0.0283937
0.0288979
0.0293688
0.0298946
0.0304636
0.0309749
0.0315064
0.0321067
0.0326774
0.0332241
0.0338446
0.0344616
0.0350606
0.0356914
0.03635
0.0370012
0.0376548
0.0383537
0.0390447
0.0397472
0.0404726
0.0412156
0.041954
0.0427273
0.0435142
0.0443038
0.0451224
0.0459489
0.0467997
0.0476626
0.0485358
0.0494445
0.0503502
0.0512929
0.0522399
0.0532114
0.054201
0.0552008
0.0562238
0.0571997
0.0581365
0.0588658
0.0118991
0.0123387
0.0128609
0.0133677
0.0138027
0.0141405
0.0143787
0.0145263
0.0146098
0.0146553
0.0146967
0.0147336
0.0147654
0.0148239
0.0148994
0.015008
0.0151524
0.0153228
0.0155017
0.0156656
0.0158453
0.0160416
0.0162552
0.0164904
0.0167111
0.0169333
0.0171221
0.0173054
0.0175346
0.0178002
0.0181065
0.0183732
0.0185515
0.0187947
0.0191097
0.0193856
0.0196834
0.0200514
0.0203639
0.0205954
0.0209074
0.0213256
0.021714
0.0219997
0.0223463
0.0227425
0.0230802
0.0235022
0.0239889
0.0243116
0.0246488
0.0251594
0.0256245
0.0260063
0.0264795
0.0269706
0.0273959
0.0278701
0.0283932
0.028911
0.0293797
0.0298929
0.0304686
0.0309845
0.0315075
0.0321098
0.0326866
0.0332263
0.033844
0.0344687
0.0350662
0.0356927
0.0363536
0.037005
0.0376586
0.0383569
0.0390482
0.0397517
0.0404767
0.04122
0.0419588
0.0427312
0.043519
0.0443086
0.045127
0.0459533
0.0468035
0.0476675
0.0485402
0.0494488
0.0503547
0.0512972
0.0522454
0.0532175
0.0542079
0.0552096
0.0562336
0.0572095
0.0581468
0.0588766
0.0118964
0.0123438
0.0128688
0.0133678
0.0138005
0.0141343
0.0143736
0.0145221
0.0146061
0.0146488
0.0146834
0.0147237
0.0147622
0.0148236
0.0149054
0.0150161
0.0151598
0.0153317
0.015519
0.0156946
0.0158728
0.0160702
0.0162786
0.0165081
0.0167357
0.0169587
0.0171609
0.0173463
0.0175635
0.0178205
0.0181083
0.0183966
0.0186108
0.0188284
0.0191199
0.0194145
0.0197103
0.0200593
0.0203894
0.0206445
0.020929
0.0213149
0.0217359
0.0220452
0.0223571
0.0227577
0.023112
0.023494
0.0239934
0.0243626
0.0246617
0.0251476
0.0256462
0.0260246
0.0264812
0.0269845
0.0274159
0.0278769
0.0283923
0.0289245
0.029396
0.0298941
0.0304738
0.0309977
0.0315114
0.032113
0.0326977
0.0332311
0.0338442
0.0344761
0.0350729
0.0356949
0.036358
0.0370104
0.0376638
0.0383611
0.0390526
0.0397578
0.040482
0.0412258
0.0419654
0.0427362
0.0435247
0.0443149
0.0451326
0.0459586
0.0468081
0.0476732
0.0485456
0.0494542
0.0503609
0.0513032
0.0522523
0.0532249
0.0542155
0.0552187
0.0562434
0.0572194
0.0581575
0.0588876
0.0118995
0.0123319
0.0128516
0.0133382
0.0137457
0.0140763
0.0143196
0.0144722
0.0145584
0.0146018
0.0146323
0.0146775
0.0147266
0.0147956
0.014886
0.0150041
0.01515
0.015324
0.0155188
0.015707
0.0158905
0.0160886
0.0162969
0.0165183
0.0167478
0.0169756
0.0171861
0.0173811
0.017588
0.0178359
0.0181105
0.018402
0.0186514
0.0188665
0.0191335
0.019433
0.0197308
0.020068
0.0204037
0.020683
0.02096
0.0213045
0.0217336
0.0220861
0.0223779
0.0227566
0.0231396
0.0234948
0.0239789
0.0244065
0.0246878
0.0251271
0.0256568
0.0260455
0.0264783
0.02699
0.0274346
0.0278835
0.0283862
0.0289318
0.0294114
0.0298946
0.0304747
0.031008
0.031514
0.0321134
0.0327068
0.0332353
0.0338432
0.0344816
0.0350793
0.0356965
0.0363605
0.0370145
0.0376682
0.0383638
0.0390557
0.0397632
0.0404859
0.0412299
0.0419706
0.04274
0.0435291
0.0443205
0.0451372
0.0459628
0.0468121
0.0476776
0.04855
0.0494581
0.0503654
0.0513076
0.0522577
0.0532312
0.0542224
0.0552273
0.0562529
0.0572286
0.0581672
0.0588981
0.0119609
0.0123844
0.0129057
0.0133973
0.0138048
0.0141029
0.0143211
0.0144631
0.0145447
0.014588
0.0146135
0.0146583
0.0147169
0.0147949
0.0148918
0.0150141
0.0151648
0.0153395
0.0155371
0.0157335
0.0159237
0.0161206
0.0163277
0.0165433
0.0167648
0.0169975
0.0172146
0.0174203
0.0176247
0.0178604
0.0181269
0.0184112
0.0186841
0.0189134
0.0191624
0.0194569
0.0197542
0.0200839
0.0204214
0.0207184
0.0210028
0.0213153
0.0217255
0.0221205
0.0224207
0.02276
0.0231623
0.0235157
0.0239616
0.0244374
0.0247366
0.0251175
0.0256576
0.0260765
0.0264846
0.0269929
0.0274591
0.0278992
0.0283825
0.0289379
0.0294302
0.0299002
0.030477
0.0310206
0.0315199
0.0321145
0.0327168
0.0332417
0.0338431
0.0344867
0.0350866
0.0356997
0.0363634
0.0370201
0.0376741
0.0383671
0.0390595
0.03977
0.0404907
0.0412351
0.0419775
0.0427445
0.043534
0.044327
0.0451426
0.0459679
0.0468172
0.0476832
0.0485558
0.0494638
0.0503717
0.0513138
0.0522642
0.0532385
0.0542297
0.0552361
0.0562625
0.057238
0.0581774
0.0589082
0.0119327
0.0123184
0.0128041
0.0132771
0.0136818
0.0139915
0.0142024
0.0143453
0.0144306
0.0144834
0.0145171
0.0145695
0.014647
0.0147456
0.0148611
0.0149937
0.0151541
0.0153342
0.0155354
0.0157396
0.0159355
0.0161345
0.0163391
0.0165531
0.0167641
0.0169983
0.0172252
0.0174388
0.0176486
0.0178738
0.0181348
0.0184112
0.0186932
0.0189455
0.019189
0.0194752
0.0197692
0.0200906
0.0204299
0.0207394
0.0210344
0.0213337
0.0217113
0.0221259
0.0224604
0.0227685
0.0231687
0.0235413
0.023947
0.0244391
0.0247852
0.0251219
0.025639
0.0260982
0.0264965
0.026985
0.0274759
0.0279187
0.028378
0.0289375
0.0294468
0.0299074
0.0304773
0.0310314
0.0315257
0.0321131
0.0327254
0.0332499
0.0338431
0.0344895
0.0350935
0.0357031
0.0363645
0.0370246
0.0376793
0.0383695
0.0390631
0.0397768
0.0404949
0.0412397
0.0419841
0.0427489
0.043539
0.0443338
0.0451477
0.0459722
0.0468218
0.0476875
0.0485602
0.0494678
0.0503764
0.0513187
0.0522697
0.0532452
0.0542367
0.0552442
0.0562717
0.0572466
0.0581866
0.0589186
0.0121783
0.0125514
0.012994
0.0134128
0.0137571
0.0139956
0.0141352
0.0142326
0.0143074
0.0143687
0.0144168
0.0144791
0.0145733
0.0146936
0.014832
0.01498
0.0151477
0.0153345
0.0155383
0.0157481
0.0159473
0.0161481
0.0163509
0.0165655
0.0167738
0.0170026
0.0172397
0.0174599
0.017676
0.017897
0.0181504
0.0184227
0.0187005
0.0189725
0.0192216
0.0194982
0.0197907
0.0201015
0.0204407
0.0207605
0.0210637
0.0213653
0.0217156
0.0221208
0.0224915
0.0227935
0.0231725
0.023566
0.0239508
0.0244258
0.0248257
0.0251528
0.0256222
0.0261101
0.0265204
0.0269805
0.0274864
0.0279438
0.0283793
0.0289321
0.0294607
0.0299177
0.0304761
0.0310409
0.0315341
0.0321095
0.0327306
0.0332606
0.0338436
0.0344895
0.035101
0.0357086
0.0363654
0.0370299
0.0376852
0.0383709
0.0390664
0.0397831
0.0404982
0.0412433
0.04199
0.0427519
0.0435427
0.0443395
0.045152
0.0459765
0.0468268
0.0476924
0.0485655
0.0494732
0.0503818
0.0513242
0.0522751
0.0532515
0.0542434
0.0552521
0.0562806
0.057255
0.0581956
0.0589273
0.0119458
0.0122745
0.0126769
0.0130787
0.0134475
0.0137675
0.0140033
0.0141481
0.0142339
0.0143129
0.0143918
0.014477
0.0145821
0.0147111
0.0148579
0.0150113
0.015177
0.0153595
0.0155573
0.0157638
0.0159627
0.0161601
0.0163614
0.0165759
0.0167865
0.0170074
0.017246
0.0174766
0.0176969
0.0179216
0.0181671
0.0184374
0.0187086
0.0189899
0.0192544
0.0195215
0.0198144
0.0201152
0.0204477
0.0207766
0.021085
0.021397
0.0217291
0.0221121
0.0225073
0.0228258
0.023185
0.0235846
0.0239667
0.0244106
0.0248458
0.025196
0.0256147
0.0261072
0.0265449
0.0269825
0.0274885
0.0279694
0.0283914
0.0289253
0.0294735
0.0299353
0.0304763
0.0310515
0.0315486
0.0321061
0.0327331
0.0332754
0.0338469
0.0344857
0.0351071
0.0357151
0.0363646
0.0370342
0.0376917
0.0383728
0.0390717
0.0397919
0.0405035
0.0412492
0.0419985
0.042758
0.0435493
0.0443477
0.0451581
0.0459817
0.0468323
0.0476972
0.0485704
0.0494782
0.0503871
0.0513301
0.0522816
0.0532586
0.0542508
0.0552596
0.05629
0.0572635
0.0582044
0.058937
0.0130832
0.0130706
0.0129909
0.0129359
0.0129413
0.0130222
0.0131828
0.0133923
0.0136248
0.0138588
0.0140788
0.0142731
0.0144529
0.0146314
0.0148172
0.0149967
0.0151722
0.0153504
0.0155429
0.015747
0.0159469
0.016144
0.0163442
0.0165618
0.0167775
0.0169974
0.0172297
0.0174719
0.0177007
0.0179314
0.0181745
0.0184393
0.0187104
0.018989
0.0192705
0.0195362
0.0198267
0.0201269
0.0204457
0.0207836
0.0210973
0.021418
0.0217465
0.0221015
0.0225045
0.0228469
0.0231988
0.0235927
0.0239779
0.0243978
0.0248441
0.0252327
0.0256241
0.0260929
0.02656
0.0269939
0.0274791
0.0279852
0.0284106
0.0289101
0.0294749
0.0299534
0.0304681
0.0310548
0.0315665
0.0320974
0.0327275
0.0332926
0.0338521
0.0344787
0.0351126
0.0357239
0.0363645
0.0370378
0.0376973
0.0383723
0.0390739
0.0397972
0.0405051
0.0412508
0.0420024
0.0427598
0.0435514
0.0443518
0.0451609
0.0459847
0.0468363
0.0477007
0.0485743
0.0494824
0.0503908
0.0513341
0.0522855
0.0532631
0.0542561
0.0552659
0.0562932
0.0572677
0.0582114
0.0589438
0.0120065
0.0122844
0.0126288
0.0129615
0.013254
0.0134998
0.0136742
0.0137958
0.0138997
0.0140078
0.0141372
0.0142835
0.0144483
0.0146233
0.0148126
0.0150039
0.015193
0.0153808
0.0155723
0.015776
0.0159737
0.0161712
0.0163649
0.0165768
0.0167931
0.0170102
0.0172332
0.0174745
0.0177169
0.0179532
0.0181979
0.0184564
0.018728
0.0190036
0.0192867
0.019563
0.0198455
0.0201489
0.020457
0.02079
0.0211164
0.0214355
0.021774
0.022109
0.0224997
0.0228702
0.0232197
0.0236098
0.023996
0.0243969
0.0248435
0.0252575
0.0256536
0.0260889
0.0265615
0.0270224
0.0274756
0.0279914
0.0284506
0.0289056
0.0294724
0.0299872
0.0304666
0.0310555
0.0315974
0.0320948
0.032715
0.0333128
0.0338623
0.0344683
0.0351155
0.035732
0.0363636
0.037041
0.0377038
0.0383746
0.0390804
0.0398073
0.0405123
0.0412582
0.0420119
0.0427682
0.0435597
0.0443608
0.0451681
0.0459912
0.0468429
0.0477062
0.04858
0.0494883
0.0503968
0.0513408
0.0522928
0.0532707
0.0542638
0.0552737
0.0563027
0.0572799
0.0582205
0.0589525
0.013181
0.013086
0.012917
0.0127622
0.0126693
0.0126674
0.0127744
0.0129689
0.0132156
0.013486
0.0137715
0.0140495
0.014313
0.0145574
0.0147846
0.0149994
0.0151971
0.0153871
0.0155683
0.0157606
0.0159535
0.0161519
0.0163485
0.0165557
0.0167765
0.0169957
0.0172184
0.0174565
0.0177079
0.0179551
0.0182002
0.0184587
0.0187272
0.0190067
0.0192841
0.0195695
0.0198549
0.0201539
0.0204665
0.0207854
0.0211232
0.0214436
0.0217828
0.0221213
0.022486
0.0228767
0.0232326
0.0236138
0.0240109
0.0243925
0.024839
0.0252646
0.0256707
0.0260971
0.0265453
0.0270383
0.0274816
0.0279724
0.0284785
0.0289087
0.029448
0.0300097
0.0304682
0.0310387
0.0316201
0.0320995
0.0326951
0.0333243
0.0338768
0.034459
0.0351156
0.0357419
0.0363632
0.037043
0.0377087
0.0383726
0.0390813
0.0398114
0.0405126
0.0412583
0.0420137
0.0427688
0.0435605
0.0443631
0.0451693
0.0459927
0.0468453
0.047708
0.0485821
0.0494908
0.0503985
0.051343
0.052295
0.0532729
0.0542669
0.0552776
0.0563063
0.0572844
0.0582255
0.058957
0.0127878
0.0126479
0.0124533
0.0123108
0.0122717
0.0123486
0.0125351
0.0128015
0.0131141
0.0134382
0.0137564
0.0140584
0.0143384
0.0145929
0.0148199
0.0150311
0.0152256
0.0154114
0.015587
0.0157687
0.0159564
0.0161506
0.016348
0.0165533
0.0167732
0.0169942
0.0172161
0.0174546
0.0177062
0.0179597
0.0182051
0.0184639
0.0187313
0.0190109
0.0192882
0.0195721
0.0198638
0.0201583
0.0204744
0.0207904
0.0211265
0.0214548
0.0217889
0.0221354
0.022491
0.0228791
0.0232486
0.0236204
0.024025
0.0244025
0.0248403
0.0252745
0.025682
0.0261148
0.026549
0.0270454
0.0275047
0.0279726
0.0284943
0.0289376
0.0294455
0.0300235
0.0304897
0.0310362
0.0316322
0.0321156
0.0326894
0.0333263
0.0338891
0.0344573
0.0351123
0.0357469
0.0363646
0.0370437
0.0377159
0.0383775
0.0390866
0.0398219
0.0405222
0.041267
0.0420242
0.0427791
0.0435697
0.044373
0.045178
0.0459999
0.0468527
0.0477143
0.0485883
0.0494972
0.0504051
0.0513499
0.0523025
0.0532806
0.0542742
0.055286
0.0563145
0.0572919
0.058235
0.0589641
)
;

boundaryField
{
    zeroGradientPlanes
    {
        type            zeroGradient;
    }
    inlet
    {
        type            zeroGradient;
    }
    plate
    {
        type            zeroGradient;
    }
    frontAndBack
    {
        type            empty;
    }
}


// ************************************************************************* //
