/*--------------------------------*- C++ -*----------------------------------*\
| =========                 |                                                 |
| \\      /  F ield         | OpenFOAM: The Open Source CFD Toolbox           |
|  \\    /   O peration     | Version:  v1912                                 |
|   \\  /    A nd           | Website:  www.openfoam.com                      |
|    \\/     M anipulation  |                                                 |
\*---------------------------------------------------------------------------*/
FoamFile
{
    version     2.0;
    format      ascii;
    class       volScalarField;
    location    "2.75";
    object      p;
}
// * * * * * * * * * * * * * * * * * * * * * * * * * * * * * * * * * * * * * //

dimensions      [0 2 -2 0 0 0 0];


internalField   nonuniform List<scalar> 
9600
(
-1.0562e-08
0.00706163
0.0140314
0.0197147
0.0181144
0.0223705
0.0155134
0.0188073
0.0201844
0.0209746
0.0203916
0.0206309
0.0215549
0.0219924
0.0223722
0.0237034
0.0238064
0.0248833
0.0264708
0.0316584
1.37503e-05
0.00700929
0.0140228
0.0198269
0.0181181
0.0222809
0.0155583
0.018796
0.0201575
0.0209948
0.0203956
0.0206382
0.0215535
0.0220078
0.022371
0.0236899
0.0238062
0.0248742
0.026655
0.0312266
1.51219e-05
0.00696398
0.0140329
0.0199062
0.0180935
0.0221858
0.0156015
0.0187784
0.0201456
0.0210386
0.0203971
0.0206595
0.0215593
0.0220202
0.0223611
0.0236742
0.0238038
0.0248798
0.0266314
0.0307192
7.65422e-06
0.00696131
0.0140619
0.0199254
0.0180512
0.0220945
0.015647
0.0187622
0.0201535
0.021078
0.0203887
0.0206946
0.0215664
0.0220145
0.0223478
0.0236585
0.0238002
0.0248812
0.0266816
0.030277
-3.02953e-06
0.00700785
0.0141101
0.0198924
0.0180009
0.0220108
0.0157051
0.0187422
0.0201722
0.021093
0.0203657
0.0207368
0.0215699
0.0219939
0.0223333
0.0236368
0.0237975
0.0248751
0.0267148
0.0298732
-1.22147e-05
0.00710323
0.0141755
0.0198135
0.0179464
0.021945
0.0157834
0.0187097
0.0201902
0.0210795
0.0203287
0.0207814
0.0215702
0.0219643
0.0223165
0.0236097
0.0237998
0.0248634
0.0267323
0.029497
-1.372e-05
0.00724224
0.0142497
0.0196957
0.0178925
0.0219005
0.0158834
0.0186599
0.0202011
0.0210442
0.0202841
0.0208266
0.0215697
0.0219299
0.0222987
0.0235805
0.0238078
0.0248466
0.0267327
0.0291423
-7.46685e-07
0.00741277
0.01432
0.0195512
0.0178441
0.0218731
0.0160001
0.0185966
0.020208
0.0209997
0.0202389
0.020871
0.0215704
0.0218945
0.0222816
0.0235495
0.0238185
0.0248236
0.0267134
0.0288056
3.23575e-05
0.0076002
0.0143741
0.0193906
0.0178047
0.0218538
0.0161244
0.0185287
0.0202194
0.0209557
0.0201953
0.0209126
0.0215729
0.0218606
0.0222661
0.0235152
0.023828
0.0247923
0.0266713
0.0284844
8.88208e-05
0.00779358
0.0144054
0.0192237
0.0177753
0.0218344
0.0162468
0.0184638
0.0202406
0.0209148
0.0201516
0.0209488
0.0215767
0.0218288
0.0222526
0.0234772
0.0238326
0.0247503
0.0266039
0.0281749
0.000168896
0.0079872
0.0144134
0.0190571
0.0177556
0.0218098
0.0163614
0.0184045
0.0202703
0.0208756
0.0201055
0.0209782
0.0215806
0.0217992
0.0222413
0.0234356
0.0238296
0.0246965
0.0265103
0.0278755
0.000269959
0.0081791
0.0144022
0.0188937
0.0177437
0.0217784
0.0164671
0.0183503
0.0203043
0.0208369
0.0200558
0.0210002
0.021584
0.0217713
0.0222317
0.0233912
0.0238178
0.0246313
0.0263929
0.0275845
0.000387915
0.00836903
0.0143778
0.0187335
0.017737
0.0217399
0.016566
0.0182993
0.0203394
0.0207991
0.0200032
0.0210158
0.0215872
0.0217442
0.022223
0.0233442
0.0237967
0.0245557
0.0262551
0.027301
0.00051882
0.00855713
0.0143458
0.0185746
0.0177327
0.0216948
0.016661
0.0182499
0.0203737
0.0207634
0.0199487
0.0210257
0.0215903
0.0217173
0.0222138
0.0232948
0.0237666
0.0244711
0.0261002
0.0270247
0.000659838
0.00874348
0.0143106
0.0184153
0.0177287
0.0216433
0.0167552
0.0182009
0.0204058
0.0207305
0.0198932
0.0210305
0.0215937
0.0216902
0.0222031
0.0232428
0.0237284
0.0243784
0.0259308
0.026755
0.000809358
0.0089281
0.0142749
0.0182543
0.0177237
0.0215857
0.0168503
0.0181518
0.0204343
0.0207006
0.0198371
0.0210303
0.0215974
0.0216625
0.0221897
0.0231879
0.0236827
0.0242786
0.0257479
0.0264912
0.00096664
0.00911108
0.0142403
0.0180912
0.0177171
0.0215222
0.0169472
0.0181022
0.0204581
0.020674
0.0197807
0.0210249
0.0216014
0.021634
0.0221735
0.02313
0.0236297
0.0241725
0.0255525
0.0262324
0.00113142
0.00929258
0.014208
0.0179262
0.017709
0.0214531
0.0170462
0.018052
0.0204763
0.0206508
0.0197243
0.0210142
0.0216056
0.0216042
0.0221544
0.0230685
0.023569
0.0240617
0.0253457
0.0259773
0.00130366
0.00947271
0.0141787
0.0177593
0.0176992
0.0213786
0.0171472
0.0180015
0.0204881
0.0206315
0.0196678
0.0209979
0.0216099
0.0215732
0.0221325
0.0230031
0.0234998
0.023948
0.0251284
0.0257232
0.0014835
0.00965146
0.0141533
0.0175911
0.0176879
0.0212989
0.0172498
0.0179509
0.020493
0.0206163
0.0196111
0.0209757
0.0216145
0.0215404
0.0221078
0.0229341
0.0234211
0.0238326
0.0249027
0.0254669
0.00167113
0.00982864
0.014132
0.0174218
0.017675
0.0212141
0.0173538
0.0179007
0.0204903
0.0206055
0.0195545
0.020947
0.0216196
0.0215051
0.0220802
0.0228623
0.0233311
0.0237159
0.0246718
0.0252053
0.00186682
0.010004
0.0141153
0.0172519
0.0176602
0.0211242
0.0174584
0.0178513
0.0204795
0.0205993
0.0194982
0.0209115
0.0216255
0.0214671
0.0220488
0.0227891
0.0232286
0.0235974
0.0244399
0.0249358
0.00207082
0.0101769
0.0141035
0.0170818
0.0176432
0.0210296
0.0175633
0.0178035
0.0204599
0.0205979
0.0194426
0.0208685
0.0216328
0.0214263
0.0220118
0.0227162
0.023113
0.0234745
0.0242123
0.0246572
0.00228337
0.010347
0.0140967
0.0169118
0.0176237
0.0209305
0.0176676
0.0177578
0.0204312
0.0206013
0.0193883
0.020817
0.0216417
0.0213832
0.021967
0.0226454
0.0229849
0.0233434
0.0239939
0.0243715
0.00250471
0.0105134
0.0140951
0.0167424
0.0176013
0.0208275
0.0177707
0.0177147
0.0203931
0.0206097
0.0193361
0.0207561
0.0216524
0.021339
0.0219115
0.0225778
0.0228464
0.0231994
0.0237883
0.0240848
0.00273505
0.0106754
0.0140987
0.0165744
0.0175755
0.020721
0.0178719
0.0176747
0.0203452
0.0206226
0.019287
0.0206848
0.0216643
0.0212951
0.0218429
0.0225133
0.0227018
0.0230375
0.0235951
0.0238066
0.00297455
0.0108324
0.0141075
0.0164083
0.0175457
0.0206117
0.0179702
0.0176381
0.0202874
0.0206395
0.0192422
0.0206019
0.0216765
0.0212539
0.0217593
0.0224501
0.0225569
0.0228543
0.0234093
0.0235481
0.00322335
0.0109836
0.0141215
0.016245
0.0175115
0.0205001
0.0180652
0.0176053
0.0202197
0.0206598
0.0192031
0.0205068
0.0216874
0.021218
0.0216595
0.0223847
0.0224181
0.0226499
0.0232214
0.0233184
0.00348153
0.0111286
0.0141405
0.0160854
0.0174723
0.0203868
0.0181562
0.0175762
0.0201418
0.0206826
0.0191711
0.020399
0.0216947
0.0211898
0.0215436
0.0223127
0.0222912
0.0224282
0.0230193
0.0231207
0.0037491
0.011267
0.0141645
0.0159306
0.0174275
0.0202722
0.018243
0.0175511
0.0200539
0.0207067
0.0191474
0.0202783
0.0216964
0.0211713
0.0214126
0.0222294
0.02218
0.0221969
0.0227913
0.0229472
0.004026
0.0113985
0.0141931
0.0157817
0.0173766
0.0201564
0.0183255
0.0175299
0.0199561
0.0207309
0.0191332
0.0201448
0.0216895
0.0211644
0.0212684
0.0221297
0.022086
0.0219663
0.0225309
0.0227811
0.00431213
0.0115229
0.014226
0.0156401
0.0173192
0.0200396
0.0184036
0.0175127
0.0198484
0.0207539
0.01913
0.0199988
0.0216705
0.0211712
0.021114
0.0220079
0.0220078
0.0217483
0.0222396
0.0226009
0.00460726
0.0116402
0.0142628
0.0155071
0.0172551
0.0199214
0.0184774
0.0174999
0.0197308
0.0207737
0.0191391
0.0198415
0.0216352
0.021193
0.0209543
0.0218592
0.0219408
0.0215539
0.0219267
0.0223853
0.00491103
0.0117507
0.0143029
0.0153838
0.0171845
0.0198013
0.0185468
0.0174921
0.0196038
0.0207881
0.0191615
0.0196748
0.0215791
0.0212299
0.0207953
0.0216803
0.0218783
0.0213912
0.0216066
0.0221218
0.00522308
0.0118545
0.0143459
0.0152712
0.0171075
0.0196789
0.0186115
0.0174896
0.0194681
0.0207948
0.0191981
0.0195015
0.0214972
0.0212805
0.0206438
0.0214687
0.0218119
0.0212651
0.0212946
0.0218113
0.00554293
0.011952
0.0143913
0.0151704
0.0170246
0.0195537
0.0186711
0.0174934
0.0193245
0.0207908
0.0192496
0.0193253
0.0213846
0.0213421
0.020509
0.0212233
0.0217311
0.0211778
0.0210053
0.0214645
0.00586995
0.0120437
0.0144387
0.0150817
0.0169365
0.0194253
0.0187248
0.0175044
0.0191746
0.0207726
0.0193154
0.0191512
0.0212368
0.0214085
0.0204015
0.0209461
0.0216224
0.0211292
0.0207538
0.0210968
0.00620352
0.0121303
0.0144877
0.0150056
0.0168442
0.0192939
0.0187719
0.0175227
0.0190203
0.0207371
0.0193934
0.0189849
0.0210521
0.0214705
0.0203315
0.0206446
0.0214702
0.0211127
0.0205562
0.0207274
0.00654295
0.0122122
0.0145381
0.0149421
0.0167483
0.0191595
0.0188117
0.017549
0.0188638
0.0206812
0.0194799
0.0188322
0.0208318
0.0215176
0.0203054
0.0203322
0.0212608
0.0211125
0.020427
0.0203787
0.00688741
0.0122904
0.0145898
0.014891
0.0166496
0.0190227
0.0188429
0.017583
0.0187081
0.0206024
0.0195701
0.0186998
0.0205793
0.0215384
0.0203235
0.0200245
0.0209882
0.021107
0.0203729
0.0200772
0.00723613
0.0123653
0.0146426
0.0148525
0.0165488
0.0188836
0.0188654
0.0176238
0.0185558
0.0204997
0.0196586
0.0185938
0.0203021
0.0215208
0.0203801
0.0197399
0.0206531
0.0210704
0.0203879
0.0198503
0.00758833
0.0124377
0.0146966
0.0148267
0.0164464
0.018743
0.0188788
0.0176701
0.0184093
0.0203734
0.0197395
0.0185166
0.0200107
0.0214549
0.0204618
0.0195001
0.0202648
0.020973
0.0204538
0.0197189
0.00794315
0.0125081
0.0147516
0.014814
0.0163424
0.0186014
0.0188838
0.01772
0.0182708
0.0202246
0.0198077
0.0184686
0.0197151
0.0213375
0.0205518
0.0193241
0.0198442
0.020786
0.0205356
0.0196834
0.00829987
0.0125769
0.0148073
0.0148153
0.0162366
0.0184584
0.0188814
0.0177718
0.0181405
0.0200557
0.0198594
0.0184486
0.019424
0.0211669
0.0206374
0.0192229
0.0194271
0.0205117
0.0205841
0.0197227
0.00865776
0.0126447
0.0148633
0.0148313
0.0161294
0.0183139
0.0188721
0.0178235
0.0180189
0.0198704
0.0198913
0.018455
0.0191463
0.0209442
0.0207046
0.0191973
0.0190527
0.0201615
0.0205733
0.0197861
0.00901608
0.0127122
0.0149186
0.0148627
0.0160219
0.0181667
0.018857
0.0178745
0.0179055
0.0196719
0.0199021
0.018484
0.0188882
0.0206779
0.0207351
0.0192327
0.0187435
0.0197511
0.0204486
0.0198516
0.0093742
0.0127799
0.0149722
0.01491
0.0159156
0.0180147
0.0188373
0.0179261
0.0177986
0.0194616
0.0198916
0.0185317
0.0186537
0.0203755
0.0207174
0.0193062
0.0185066
0.0193064
0.0202097
0.0198952
0.00973146
0.0128486
0.0150229
0.0149733
0.0158128
0.0178552
0.0188131
0.0179795
0.0176981
0.0192407
0.0198567
0.0185963
0.0184485
0.0200423
0.0206435
0.0193943
0.0183446
0.0188692
0.0198796
0.0198882
0.0100871
0.0129195
0.0150694
0.0150521
0.0157165
0.017686
0.0187822
0.0180376
0.0176062
0.019009
0.0197927
0.0186743
0.0182793
0.0196898
0.0205037
0.0194727
0.0182625
0.0184806
0.0194865
0.0197983
0.0104403
0.0129937
0.0151098
0.015146
0.0156306
0.017506
0.0187412
0.0181033
0.0175275
0.0187667
0.0196952
0.0187579
0.0181533
0.0193326
0.0202936
0.0195215
0.0182507
0.0181696
0.0190635
0.0196099
0.0107902
0.013073
0.0151422
0.0152505
0.0155611
0.017316
0.0186847
0.0181771
0.0174665
0.0185169
0.0195587
0.0188364
0.0180774
0.0189863
0.0200201
0.0195259
0.0182855
0.0179481
0.0186495
0.019331
0.0111357
0.0131588
0.0151657
0.0153616
0.0155132
0.0171189
0.0186048
0.0182547
0.0174326
0.0182666
0.0193773
0.0188971
0.018053
0.0186688
0.0196988
0.0194734
0.0183388
0.0178113
0.0182853
0.0189894
0.0114757
0.0132526
0.0151797
0.0154747
0.0154917
0.0169189
0.0184933
0.0183301
0.0174345
0.0180242
0.0191523
0.0189254
0.0180715
0.0183987
0.0193488
0.0193575
0.0183873
0.01774
0.0179975
0.0186284
0.0118092
0.0133555
0.0151847
0.0155848
0.015499
0.0167214
0.0183462
0.0183934
0.0174728
0.0178035
0.0188944
0.0189062
0.0181153
0.0181891
0.0189952
0.0191802
0.0184114
0.017708
0.0177877
0.0182995
0.0121346
0.0134682
0.0151817
0.015687
0.0155352
0.0165345
0.0181621
0.0184322
0.0175424
0.0176203
0.018617
0.0188312
0.0181635
0.0180413
0.0186637
0.0189523
0.0183968
0.0176946
0.0176337
0.0180367
0.0124504
0.0135908
0.0151728
0.0157766
0.0155989
0.0163673
0.0179447
0.0184338
0.0176352
0.0174858
0.0183356
0.0187026
0.0181966
0.0179443
0.0183724
0.0186918
0.0183367
0.0176907
0.0175119
0.0178303
0.0127551
0.0137233
0.0151606
0.0158495
0.015686
0.0162293
0.0177009
0.0183879
0.0177366
0.0174044
0.0180685
0.0185289
0.0181991
0.0178839
0.0181298
0.0184205
0.0182274
0.0176886
0.0174168
0.0176504
0.0130473
0.0138649
0.0151549
0.0159026
0.0157877
0.0161289
0.0174444
0.0182881
0.0178266
0.0173727
0.0178339
0.018323
0.0181599
0.0178441
0.0179383
0.0181597
0.018071
0.0176697
0.017357
0.017488
0.0133257
0.0140142
0.0151574
0.015936
0.0158895
0.0160702
0.0171984
0.018136
0.0178853
0.0173818
0.0176431
0.018103
0.0180772
0.0178064
0.017792
0.0179286
0.0178848
0.0176111
0.0173245
0.0173556
0.0135895
0.0141694
0.0151695
0.0159514
0.0159798
0.0160512
0.0169813
0.017941
0.0178991
0.0174146
0.0174969
0.0178867
0.0179597
0.0177557
0.0176761
0.0177361
0.0176973
0.017507
0.0172887
0.017262
0.0138379
0.0143282
0.0151928
0.0159523
0.0160536
0.0160634
0.0168001
0.0177228
0.0178624
0.0174523
0.0173929
0.0176859
0.017818
0.017688
0.017576
0.0175741
0.017529
0.0173796
0.0172247
0.0171942
0.0140706
0.0144881
0.0152279
0.0159433
0.0161091
0.0160934
0.0166571
0.017503
0.0177787
0.0174769
0.0173255
0.0175101
0.01766
0.0176019
0.0174863
0.0174313
0.0173804
0.0172572
0.0171361
0.0171267
0.0142877
0.0146463
0.0152747
0.0159296
0.0161459
0.0161297
0.0165494
0.0172965
0.0176588
0.0174746
0.0172821
0.0173666
0.0174981
0.0174939
0.0174036
0.0173087
0.0172403
0.0171461
0.0170432
0.0170467
0.0144893
0.0147998
0.015332
0.0159162
0.016165
0.0161652
0.0164722
0.0171106
0.0175161
0.017442
0.0172469
0.0172534
0.017349
0.0173678
0.0173157
0.0172111
0.0171095
0.0170345
0.0169556
0.0169603
0.0146761
0.0149467
0.015398
0.0159065
0.016169
0.0161944
0.0164194
0.0169493
0.0173628
0.0173818
0.01721
0.0171613
0.0172191
0.0172393
0.0172119
0.0171286
0.0170025
0.0169213
0.0168707
0.0168778
0.0148486
0.0150852
0.0154704
0.0159033
0.0161617
0.0162132
0.0163824
0.0168138
0.0172095
0.0172978
0.0171672
0.0170848
0.0171044
0.0171195
0.0170971
0.017041
0.0169215
0.0168203
0.0167872
0.0168044
0.0150076
0.0152143
0.0155459
0.0159068
0.0161467
0.0162207
0.0163541
0.0167016
0.0170646
0.0171958
0.0171137
0.0170224
0.017004
0.0170097
0.0169865
0.0169405
0.0168473
0.0167373
0.0167056
0.0167386
0.0151536
0.0153331
0.0156213
0.0159171
0.0161272
0.0162162
0.0163293
0.0166095
0.0169327
0.0170849
0.0170466
0.0169676
0.016921
0.0169088
0.0168885
0.0168413
0.0167672
0.0166646
0.0166256
0.0166731
0.0152872
0.0154405
0.0156931
0.0159329
0.0161067
0.0162011
0.0163028
0.0165328
0.016815
0.0169729
0.016969
0.0169115
0.0168548
0.0168211
0.0168003
0.016756
0.0166882
0.0165979
0.0165523
0.0166053
0.0154089
0.0155376
0.0157597
0.0159519
0.0160864
0.0161776
0.0162729
0.0164663
0.0167099
0.0168644
0.016887
0.0168504
0.016798
0.0167524
0.0167227
0.0166845
0.0166208
0.0165385
0.0164903
0.0165397
0.015519
0.0156241
0.0158193
0.0159727
0.0160673
0.0161462
0.0162378
0.0164073
0.0166155
0.01676
0.0168051
0.0167868
0.0167422
0.0167001
0.0166626
0.0166249
0.0165703
0.0164935
0.0164437
0.0164835
0.0156178
0.0157004
0.01587
0.0159919
0.0160504
0.0161102
0.0161945
0.0163513
0.0165325
0.0166624
0.0167237
0.0167254
0.0166872
0.0166557
0.016623
0.0165806
0.0165339
0.0164678
0.0164185
0.0164478
0.0157047
0.0157682
0.0159126
0.0160066
0.0160319
0.0160712
0.0161456
0.0162908
0.0164555
0.0165765
0.0166448
0.0166672
0.0166428
0.0166181
0.0166009
0.0165587
0.0165121
0.0164591
0.0164168
0.0164422
0.0157802
0.0158258
0.0159468
0.0160171
0.0160109
0.016025
0.016091
0.0162263
0.0163752
0.0164983
0.0165736
0.0166094
0.0166131
0.016597
0.016595
0.0165643
0.0165138
0.0164708
0.0164395
0.0164693
0.0158442
0.0158754
0.0159726
0.0160204
0.0159879
0.0159739
0.0160237
0.0161533
0.0162903
0.0164177
0.0165105
0.0165602
0.0165985
0.0166024
0.0166069
0.0165931
0.0165361
0.01649
0.0164648
0.0165009
0.0158975
0.0159135
0.0159874
0.0160131
0.0159573
0.0159193
0.0159455
0.0160572
0.0161876
0.0163243
0.0164521
0.0165498
0.0166547
0.0167231
0.016758
0.0167729
0.0167113
0.01661
0.0165078
0.0164506
0.0159424
0.0159499
0.0160003
0.0160002
0.01592
0.0158596
0.0158674
0.0159388
0.0160153
0.0161021
0.0162009
0.0163343
0.0165483
0.0167453
0.0168754
0.0170161
0.017153
0.0172927
0.017446
0.0175843
0.0159695
0.0159612
0.0159984
0.01598
0.0158752
0.015792
0.0158017
0.0159117
0.016049
0.0162053
0.0163681
0.016494
0.0166384
0.0168011
0.016885
0.0169093
0.0168742
0.0167618
0.0166163
0.0164895
0.0159979
0.0159886
0.0160011
0.015951
0.0158123
0.0156916
0.0156573
0.0157372
0.0159098
0.0161034
0.0162902
0.0164586
0.016609
0.0168066
0.0169974
0.0171665
0.0173543
0.0175294
0.0176771
0.0177576
0.0160073
0.0159805
0.0159872
0.0159327
0.0157936
0.0156872
0.0156647
0.0157014
0.0157704
0.0158673
0.0159979
0.0162295
0.0165136
0.0168208
0.0171238
0.0173501
0.0175135
0.0176069
0.017636
0.0175849
0.0380059
0.0306303
0.021236
0.0143931
0.012412
0.0133614
0.0144308
0.0148304
0.014885
0.0149655
0.0150864
0.0151983
0.0153883
0.0157336
0.0160806
0.0162128
0.0161816
0.0161298
0.016131
0.0162645
0.0164389
0.0165031
0.0165617
0.0167441
0.0169529
0.017084
0.017205
0.0173583
0.0174403
0.017466
0.0175451
0.0176631
0.0177877
0.0179285
0.0180709
0.0181815
0.0182703
0.018392
0.018522
0.0186239
0.0187283
0.0188655
0.0190472
0.0192167
0.0193276
0.0194032
0.0194231
0.0193823
0.0193417
0.0194386
0.0197086
0.0199701
0.0201557
0.0203593
0.0205665
0.0207267
0.0208376
0.0209203
0.0210319
0.0212173
0.0214022
0.0215683
0.021731
0.0218925
0.0220879
0.0223024
0.0224815
0.0226643
0.0228631
0.0230605
0.0232766
0.0235106
0.0237541
0.0239769
0.0242292
0.0244708
0.0247277
0.0249609
0.0252172
0.0254837
0.0257697
0.0260509
0.0263143
0.0265997
0.0268748
0.0271901
0.0274713
0.0277947
0.028127
0.0284449
0.0287503
0.0290629
0.0294087
0.0297518
0.0300708
0.0304528
0.0308214
0.0312424
0.0316519
0.0318606
0.036947
0.0304583
0.021314
0.0145486
0.0125139
0.0134126
0.0144627
0.014851
0.0148986
0.0149754
0.0150943
0.0152046
0.0153934
0.0157384
0.0160856
0.0162177
0.0161859
0.0161335
0.016134
0.0162671
0.0164415
0.0165056
0.0165637
0.0167459
0.0169547
0.0170855
0.0172064
0.0173596
0.0174417
0.0174672
0.0175462
0.0176642
0.0177888
0.0179295
0.0180719
0.0181825
0.0182712
0.0183929
0.018523
0.0186249
0.0187291
0.0188663
0.0190479
0.0192175
0.0193283
0.0194039
0.0194238
0.0193829
0.0193423
0.0194391
0.0197091
0.0199706
0.0201562
0.0203596
0.0205669
0.0207271
0.020838
0.0209207
0.0210322
0.0212175
0.0214024
0.0215686
0.0217313
0.0218927
0.0220881
0.0223026
0.0224818
0.0226645
0.0228633
0.0230607
0.0232768
0.0235107
0.0237543
0.023977
0.0242294
0.024471
0.0247278
0.0249611
0.0252174
0.0254839
0.0257698
0.026051
0.0263145
0.0265998
0.026875
0.0271903
0.0274714
0.0277948
0.0281272
0.028445
0.0287504
0.029063
0.0294088
0.0297519
0.0300709
0.0304529
0.0308215
0.0312425
0.031652
0.0318607
0.0360897
0.0303062
0.0214803
0.0148344
0.0126822
0.01347
0.0144892
0.0148735
0.0149179
0.0149904
0.0151055
0.015213
0.0153995
0.0157429
0.0160897
0.0162216
0.0161898
0.016137
0.0161369
0.0162697
0.016444
0.0165077
0.0165654
0.0167476
0.0169563
0.017087
0.0172076
0.0173608
0.0174428
0.0174681
0.017547
0.0176651
0.0177896
0.0179303
0.0180728
0.0181834
0.018272
0.0183937
0.0185238
0.0186256
0.0187298
0.0188669
0.0190485
0.0192181
0.019329
0.0194046
0.0194244
0.0193834
0.0193426
0.0194393
0.0197095
0.0199711
0.0201566
0.02036
0.0205673
0.0207275
0.0208384
0.0209209
0.0210324
0.0212178
0.0214027
0.0215688
0.0217315
0.0218929
0.0220883
0.0223028
0.022482
0.0226647
0.0228635
0.0230608
0.023277
0.0235109
0.0237545
0.0239772
0.0242295
0.0244711
0.024728
0.0249612
0.0252175
0.025484
0.0257699
0.0260511
0.0263146
0.0265999
0.0268751
0.0271904
0.0274715
0.0277949
0.0281273
0.0284451
0.0287505
0.0290631
0.0294089
0.029752
0.030071
0.0304529
0.0308216
0.0312425
0.0316521
0.0318609
0.0352777
0.0301282
0.0216701
0.0151808
0.0129094
0.013551
0.0145278
0.0149087
0.01495
0.0150156
0.0151242
0.0152278
0.0154107
0.0157497
0.0160935
0.0162252
0.0161945
0.0161424
0.0161417
0.0162733
0.0164468
0.0165101
0.0165678
0.01675
0.0169586
0.017089
0.0172093
0.0173624
0.0174441
0.0174691
0.017548
0.017666
0.0177904
0.0179311
0.0180736
0.0181843
0.0182728
0.0183944
0.0185245
0.0186264
0.0187305
0.0188676
0.0190492
0.0192189
0.0193297
0.0194053
0.0194251
0.019384
0.019343
0.0194396
0.0197099
0.0199716
0.020157
0.0203603
0.0205677
0.0207279
0.0208388
0.0209212
0.0210326
0.021218
0.021403
0.0215691
0.0217317
0.0218931
0.0220885
0.022303
0.0224822
0.0226648
0.0228636
0.023061
0.0232771
0.023511
0.0237546
0.0239773
0.0242297
0.0244712
0.0247281
0.0249613
0.0252176
0.0254841
0.0257701
0.0260513
0.0263147
0.0266001
0.0268752
0.0271905
0.0274716
0.027795
0.0281274
0.0284452
0.0287506
0.0290632
0.029409
0.0297521
0.0300711
0.030453
0.0308217
0.0312426
0.0316523
0.0318612
0.0344681
0.0299138
0.0218605
0.015544
0.0131602
0.0136435
0.0145711
0.0149518
0.0149937
0.0150515
0.0151516
0.0152505
0.0154288
0.0157605
0.016098
0.0162284
0.0162001
0.0161503
0.0161496
0.016279
0.0164506
0.0165133
0.0165711
0.0167532
0.0169616
0.0170919
0.017212
0.0173647
0.0174459
0.0174704
0.0175492
0.017667
0.0177912
0.0179318
0.0180744
0.0181852
0.0182737
0.0183951
0.0185252
0.0186271
0.0187313
0.0188684
0.01905
0.0192197
0.0193306
0.0194062
0.0194259
0.0193846
0.0193433
0.0194398
0.0197103
0.0199723
0.0201575
0.0203608
0.0205682
0.0207284
0.0208392
0.0209216
0.0210329
0.0212183
0.0214033
0.0215694
0.021732
0.0218933
0.0220887
0.0223033
0.0224824
0.022665
0.0228638
0.0230612
0.0232773
0.0235112
0.0237548
0.0239775
0.0242298
0.0244714
0.0247283
0.0249615
0.0252177
0.0254843
0.0257702
0.0260514
0.0263148
0.0266002
0.0268753
0.0271906
0.0274717
0.0277951
0.0281275
0.0284453
0.0287507
0.0290633
0.0294091
0.0297522
0.0300712
0.0304531
0.0308217
0.0312427
0.0316524
0.0318615
0.0336652
0.0296713
0.0220465
0.0159091
0.0134221
0.0137419
0.014614
0.0149966
0.015043
0.0150943
0.0151852
0.0152793
0.0154529
0.0157752
0.0161038
0.0162317
0.0162064
0.0161605
0.0161606
0.0162874
0.0164557
0.0165176
0.0165756
0.0167571
0.0169649
0.0170955
0.0172157
0.0173678
0.0174483
0.0174725
0.0175511
0.0176685
0.0177921
0.0179324
0.0180751
0.0181862
0.0182746
0.0183957
0.0185257
0.0186278
0.0187322
0.0188693
0.0190508
0.0192207
0.0193317
0.0194073
0.0194268
0.0193853
0.0193438
0.0194401
0.0197108
0.019973
0.0201581
0.0203613
0.0205687
0.020729
0.0208398
0.020922
0.0210332
0.0212187
0.0214037
0.0215697
0.0217323
0.0218936
0.022089
0.0223035
0.0224826
0.0226653
0.022864
0.0230613
0.0232775
0.0235114
0.023755
0.0239776
0.02423
0.0244716
0.0247284
0.0249616
0.0252179
0.0254844
0.0257703
0.0260516
0.026315
0.0266003
0.0268754
0.0271907
0.0274718
0.0277952
0.0281276
0.0284454
0.0287508
0.0290634
0.0294092
0.0297523
0.0300712
0.0304532
0.0308219
0.0312427
0.0316525
0.0318618
0.032877
0.0294075
0.0222234
0.0162697
0.0136919
0.0138459
0.0146562
0.0150413
0.015095
0.0151411
0.0152228
0.0153118
0.0154805
0.0157927
0.0161109
0.0162357
0.0162135
0.0161722
0.0161739
0.0162978
0.0164625
0.0165236
0.0165816
0.0167618
0.0169684
0.0170993
0.0172198
0.0173713
0.0174514
0.0174755
0.0175539
0.0176707
0.0177934
0.0179331
0.0180758
0.0181874
0.0182759
0.0183964
0.0185261
0.0186283
0.0187331
0.0188702
0.0190516
0.0192216
0.019333
0.0194087
0.019428
0.0193862
0.0193445
0.0194406
0.0197114
0.0199739
0.0201589
0.0203618
0.0205694
0.0207297
0.0208404
0.0209225
0.0210336
0.0212192
0.0214042
0.0215702
0.0217327
0.0218939
0.0220893
0.0223039
0.0224829
0.0226655
0.0228643
0.0230615
0.0232777
0.0235116
0.0237552
0.0239778
0.0242301
0.0244717
0.0247286
0.0249618
0.025218
0.0254845
0.0257705
0.0260517
0.0263151
0.0266004
0.0268756
0.0271909
0.0274719
0.0277953
0.0281278
0.0284456
0.0287509
0.0290634
0.0294093
0.0297524
0.0300713
0.0304532
0.030822
0.0312428
0.0316526
0.0318621
0.0321113
0.0291236
0.0223853
0.0166206
0.013968
0.0139575
0.0146991
0.0150859
0.0151494
0.0151912
0.0152635
0.015347
0.0155105
0.0158118
0.0161193
0.0162408
0.0162216
0.0161847
0.0161883
0.0163096
0.0164706
0.016531
0.0165893
0.0167673
0.016972
0.0171031
0.017224
0.0173748
0.0174546
0.0174791
0.0175578
0.0176738
0.0177953
0.0179339
0.0180766
0.0181888
0.0182775
0.0183972
0.0185264
0.0186289
0.0187339
0.0188709
0.0190521
0.0192223
0.0193344
0.0194104
0.0194294
0.0193875
0.0193457
0.0194414
0.0197121
0.0199748
0.0201597
0.0203624
0.02057
0.0207306
0.0208413
0.0209231
0.0210341
0.0212198
0.0214048
0.0215707
0.0217332
0.0218944
0.0220897
0.0223043
0.0224833
0.0226659
0.0228645
0.0230618
0.0232779
0.0235118
0.0237555
0.023978
0.0242303
0.0244719
0.0247288
0.024962
0.0252182
0.0254847
0.0257706
0.0260519
0.0263152
0.0266006
0.0268757
0.027191
0.0274721
0.0277954
0.0281279
0.0284457
0.028751
0.0290636
0.0294094
0.0297525
0.0300714
0.0304533
0.0308221
0.0312429
0.0316526
0.0318625
0.0313717
0.0288177
0.0225268
0.0169597
0.0142499
0.0140785
0.0147437
0.01513
0.0152056
0.0152448
0.0153072
0.0153845
0.0155422
0.0158325
0.0161288
0.0162468
0.0162304
0.0161977
0.0162032
0.016322
0.0164796
0.0165397
0.0165981
0.0167736
0.0169758
0.0171068
0.0172279
0.0173779
0.0174575
0.017483
0.0175623
0.0176779
0.0177979
0.0179351
0.0180773
0.0181905
0.0182797
0.0183985
0.0185269
0.0186296
0.0187349
0.0188717
0.0190522
0.0192225
0.0193355
0.019412
0.0194309
0.019389
0.0193474
0.0194428
0.0197132
0.0199759
0.0201606
0.0203629
0.0205706
0.0207315
0.0208422
0.0209239
0.0210348
0.0212206
0.0214056
0.0215715
0.0217339
0.021895
0.0220903
0.0223048
0.0224838
0.0226664
0.0228649
0.023062
0.0232782
0.0235121
0.0237557
0.0239782
0.0242306
0.0244721
0.024729
0.0249622
0.0252183
0.0254848
0.0257708
0.0260521
0.0263154
0.0266007
0.0268758
0.0271912
0.0274722
0.0277956
0.0281281
0.0284459
0.0287512
0.0290637
0.0294095
0.0297526
0.0300715
0.0304533
0.0308223
0.0312429
0.0316525
0.0318629
0.0306605
0.0284885
0.0226466
0.0172871
0.0145375
0.0142095
0.0147906
0.0151731
0.0152631
0.0153013
0.0153536
0.0154239
0.0155756
0.0158545
0.0161392
0.0162535
0.0162396
0.0162111
0.0162187
0.0163351
0.0164892
0.0165491
0.0166078
0.0167806
0.0169798
0.0171105
0.0172316
0.0173806
0.0174599
0.0174866
0.017567
0.0176826
0.0178013
0.0179366
0.0180782
0.0181923
0.0182822
0.0184001
0.0185277
0.0186307
0.0187362
0.0188725
0.0190521
0.0192223
0.0193363
0.0194133
0.019432
0.0193906
0.0193497
0.0194449
0.019715
0.0199776
0.0201617
0.0203632
0.0205709
0.0207322
0.0208432
0.0209248
0.0210357
0.0212215
0.0214065
0.0215723
0.0217348
0.0218958
0.022091
0.0223054
0.0224845
0.022667
0.0228654
0.0230624
0.0232786
0.0235125
0.0237561
0.0239785
0.0242308
0.0244724
0.0247292
0.0249624
0.0252185
0.025485
0.025771
0.0260523
0.0263156
0.0266009
0.026876
0.0271913
0.0274724
0.0277957
0.0281283
0.0284461
0.0287513
0.0290638
0.0294096
0.0297527
0.0300716
0.0304533
0.0308225
0.0312429
0.0316522
0.0318633
0.0299789
0.0281376
0.0227455
0.0176037
0.0148293
0.0143507
0.0148402
0.0152147
0.0153208
0.0153601
0.0154023
0.015465
0.0156103
0.0158774
0.0161502
0.0162605
0.0162492
0.0162249
0.0162346
0.0163487
0.0164994
0.0165591
0.0166182
0.0167882
0.0169841
0.0171142
0.0172353
0.017383
0.0174621
0.0174899
0.0175718
0.0176877
0.0178052
0.0179387
0.0180792
0.0181942
0.0182849
0.018402
0.0185288
0.0186323
0.018738
0.0188736
0.0190518
0.0192215
0.0193365
0.019414
0.0194324
0.0193916
0.019352
0.0194475
0.0197176
0.0199802
0.0201633
0.0203635
0.0205708
0.0207326
0.0208439
0.0209257
0.0210367
0.0212226
0.0214075
0.0215733
0.0217357
0.0218967
0.0220918
0.0223062
0.0224853
0.0226679
0.0228661
0.0230629
0.0232791
0.0235129
0.0237565
0.0239789
0.0242312
0.0244727
0.0247295
0.0249626
0.0252187
0.0254852
0.0257712
0.0260525
0.0263158
0.026601
0.0268761
0.0271915
0.0274725
0.0277958
0.0281285
0.0284463
0.0287515
0.0290639
0.0294097
0.0297528
0.0300718
0.0304533
0.0308227
0.031243
0.0316518
0.0318636
0.0293279
0.0277679
0.0228239
0.0179088
0.0151237
0.0145025
0.0148936
0.0152548
0.0153779
0.0154205
0.0154527
0.0155073
0.0156458
0.0159011
0.0161618
0.0162678
0.016259
0.016239
0.0162512
0.0163631
0.0165102
0.0165698
0.0166295
0.0167966
0.0169888
0.017118
0.0172389
0.0173853
0.017464
0.0174931
0.0175765
0.0176929
0.0178096
0.0179411
0.0180803
0.018196
0.0182876
0.018404
0.0185301
0.0186341
0.0187402
0.0188749
0.0190515
0.0192204
0.0193362
0.0194141
0.0194321
0.0193918
0.0193538
0.0194502
0.0197207
0.0199837
0.0201658
0.020364
0.0205705
0.0207325
0.0208443
0.0209263
0.0210378
0.0212238
0.0214086
0.0215743
0.0217368
0.0218978
0.0220928
0.022307
0.0224862
0.0226689
0.0228669
0.0230637
0.0232798
0.0235134
0.0237569
0.0239794
0.0242316
0.0244731
0.0247299
0.024963
0.025219
0.0254854
0.0257714
0.0260528
0.026316
0.0266012
0.0268763
0.0271916
0.0274726
0.0277959
0.0281287
0.0284465
0.0287516
0.0290641
0.0294099
0.0297528
0.030072
0.0304532
0.030823
0.031243
0.0316512
0.031864
0.0287084
0.0273829
0.0228808
0.0182007
0.0154196
0.0146661
0.0149524
0.015294
0.015434
0.0154821
0.0155049
0.0155507
0.0156821
0.0159254
0.0161739
0.0162757
0.0162693
0.0162537
0.0162684
0.0163782
0.0165217
0.0165812
0.0166417
0.0168058
0.016994
0.0171221
0.0172426
0.0173875
0.0174658
0.0174962
0.0175813
0.0176983
0.0178141
0.0179438
0.0180816
0.0181979
0.0182904
0.0184061
0.0185316
0.0186361
0.0187426
0.0188764
0.019051
0.0192188
0.0193353
0.0194137
0.0194311
0.0193911
0.0193547
0.0194524
0.0197239
0.0199879
0.020169
0.0203648
0.02057
0.0207319
0.020844
0.0209266
0.0210388
0.0212252
0.0214098
0.0215754
0.0217379
0.0218991
0.0220939
0.0223078
0.0224871
0.02267
0.022868
0.0230646
0.0232806
0.0235141
0.0237575
0.0239799
0.0242321
0.0244735
0.0247303
0.0249634
0.0252193
0.0254856
0.0257716
0.0260531
0.0263163
0.0266014
0.0268765
0.0271918
0.0274728
0.027796
0.0281289
0.0284468
0.0287518
0.0290643
0.02941
0.0297529
0.0300722
0.0304531
0.0308233
0.031243
0.0316504
0.0318643
0.0281206
0.0269857
0.0229149
0.0184779
0.0157156
0.0148424
0.015019
0.015333
0.0154889
0.0155449
0.0155589
0.0155952
0.0157192
0.0159505
0.0161868
0.0162843
0.0162803
0.0162691
0.0162864
0.0163941
0.0165339
0.0165935
0.0166548
0.0168158
0.0169998
0.0171265
0.0172466
0.0173898
0.0174677
0.0174996
0.0175864
0.0177039
0.0178188
0.0179467
0.018083
0.0181998
0.0182933
0.0184083
0.0185331
0.0186383
0.0187451
0.0188781
0.0190504
0.0192167
0.019334
0.0194127
0.0194295
0.0193898
0.0193549
0.0194537
0.0197266
0.0199922
0.0201727
0.0203659
0.0205693
0.0207308
0.0208432
0.0209264
0.0210396
0.0212267
0.0214111
0.0215765
0.021739
0.0219003
0.0220952
0.0223088
0.0224881
0.0226711
0.022869
0.0230658
0.0232818
0.0235149
0.0237582
0.0239805
0.0242326
0.024474
0.0247308
0.024964
0.0252197
0.0254858
0.0257719
0.0260534
0.0263166
0.0266017
0.0268767
0.027192
0.0274729
0.027796
0.028129
0.028447
0.028752
0.0290645
0.0294102
0.029753
0.0300724
0.0304529
0.0308236
0.0312431
0.0316494
0.0318645
0.0275647
0.0265798
0.0229261
0.0187391
0.0160101
0.0150321
0.0150955
0.0153729
0.0155421
0.0156081
0.0156147
0.0156413
0.0157574
0.0159767
0.0162008
0.0162939
0.0162921
0.0162853
0.0163053
0.0164108
0.0165469
0.0166063
0.0166687
0.0168266
0.0170061
0.0171313
0.0172508
0.0173923
0.0174697
0.0175033
0.0175919
0.0177098
0.0178236
0.0179497
0.0180846
0.0182018
0.0182962
0.0184105
0.0185346
0.0186405
0.0187478
0.0188799
0.0190496
0.019214
0.0193319
0.0194111
0.0194274
0.0193879
0.0193545
0.0194542
0.0197285
0.0199962
0.0201765
0.0203672
0.0205685
0.0207293
0.020842
0.0209259
0.0210403
0.0212282
0.0214126
0.0215777
0.02174
0.0219016
0.0220965
0.0223098
0.022489
0.0226721
0.0228701
0.0230672
0.0232832
0.023516
0.0237589
0.0239812
0.0242332
0.0244744
0.0247314
0.0249646
0.0252203
0.0254861
0.0257721
0.0260537
0.026317
0.026602
0.026877
0.0271922
0.027473
0.0277959
0.028129
0.0284472
0.0287522
0.0290648
0.0294104
0.0297531
0.0300727
0.0304526
0.0308239
0.0312431
0.0316483
0.0318647
0.0270413
0.0261689
0.0229142
0.018983
0.0163008
0.0152349
0.0151837
0.0154147
0.0155928
0.0156707
0.0156722
0.0156895
0.0157973
0.0160041
0.0162158
0.0163045
0.0163049
0.0163025
0.0163252
0.0164285
0.0165604
0.0166197
0.0166832
0.016838
0.0170129
0.0171366
0.0172554
0.017395
0.017472
0.0175076
0.017598
0.017716
0.0178287
0.0179529
0.0180863
0.018204
0.0182993
0.0184127
0.0185361
0.0186427
0.0187506
0.0188817
0.0190488
0.0192108
0.0193292
0.0194091
0.0194249
0.0193858
0.0193541
0.0194544
0.0197296
0.0199995
0.0201802
0.0203686
0.0205675
0.0207276
0.0208405
0.0209252
0.021041
0.0212297
0.0214142
0.021579
0.0217411
0.0219029
0.0220979
0.0223109
0.02249
0.022673
0.022871
0.0230685
0.0232849
0.0235172
0.0237597
0.0239819
0.0242338
0.0244749
0.0247319
0.0249654
0.025221
0.0254865
0.0257722
0.026054
0.0263174
0.0266024
0.0268774
0.0271926
0.0274733
0.0277958
0.0281289
0.0284473
0.0287524
0.029065
0.0294106
0.0297532
0.0300731
0.0304523
0.0308241
0.0312431
0.031647
0.031865
0.0265517
0.0257561
0.0228783
0.019209
0.0165861
0.0154485
0.0152847
0.0154595
0.0156409
0.0157323
0.0157315
0.01574
0.0158391
0.0160332
0.0162322
0.0163162
0.0163186
0.0163206
0.0163461
0.0164471
0.0165747
0.0166336
0.0166982
0.01685
0.0170203
0.0171424
0.0172605
0.017398
0.0174745
0.0175123
0.0176046
0.0177227
0.0178339
0.0179562
0.0180882
0.0182064
0.0183026
0.0184151
0.0185377
0.0186449
0.0187535
0.0188836
0.0190479
0.0192072
0.0193258
0.0194066
0.0194223
0.019384
0.0193542
0.0194549
0.0197301
0.0200021
0.0201835
0.02037
0.0205664
0.0207256
0.020839
0.0209248
0.0210419
0.0212313
0.0214157
0.0215803
0.0217423
0.0219042
0.0220993
0.0223121
0.0224911
0.022674
0.0228719
0.0230698
0.0232866
0.0235185
0.0237606
0.0239827
0.0242345
0.0244755
0.0247324
0.0249661
0.0252218
0.0254871
0.0257724
0.0260542
0.0263178
0.0266029
0.0268778
0.027193
0.0274737
0.0277958
0.0281286
0.0284472
0.0287526
0.0290652
0.0294108
0.0297533
0.0300736
0.0304521
0.0308242
0.0312429
0.0316455
0.0318651
0.0260962
0.0253443
0.0228183
0.0194177
0.0168639
0.015669
0.0153985
0.0155095
0.0156872
0.0157921
0.015792
0.0157929
0.0158831
0.016064
0.0162501
0.016329
0.0163333
0.0163396
0.016368
0.0164666
0.0165895
0.0166479
0.0167138
0.0168626
0.0170281
0.0171487
0.017266
0.0174014
0.0174775
0.0175174
0.0176116
0.0177297
0.0178394
0.0179597
0.0180902
0.018209
0.0183061
0.0184176
0.0185392
0.0186471
0.0187565
0.0188858
0.0190471
0.0192035
0.019322
0.0194038
0.0194197
0.0193828
0.0193555
0.0194563
0.0197307
0.0200039
0.0201863
0.0203716
0.0205654
0.0207235
0.0208376
0.0209249
0.0210433
0.021233
0.0214172
0.0215816
0.0217436
0.0219057
0.0221008
0.0223132
0.0224922
0.0226751
0.0228728
0.023071
0.0232883
0.0235199
0.0237615
0.0239836
0.0242353
0.024476
0.024733
0.0249668
0.0252227
0.0254877
0.0257727
0.0260543
0.0263182
0.0266033
0.0268782
0.0271934
0.0274742
0.0277958
0.0281283
0.028447
0.0287526
0.0290655
0.029411
0.0297533
0.0300742
0.030452
0.0308242
0.0312425
0.0316438
0.0318653
0.0256744
0.0249375
0.022735
0.019609
0.0171319
0.0158924
0.0155257
0.0155675
0.0157329
0.0158494
0.0158526
0.0158479
0.0159295
0.0160972
0.0162698
0.0163431
0.0163488
0.0163594
0.0163909
0.016487
0.0166049
0.0166626
0.0167298
0.0168758
0.0170363
0.0171554
0.0172719
0.0174052
0.0174806
0.0175229
0.017619
0.017737
0.0178451
0.0179633
0.0180923
0.0182118
0.0183099
0.0184202
0.0185408
0.0186494
0.0187596
0.0188883
0.0190466
0.0191998
0.019318
0.0194009
0.0194175
0.0193827
0.0193586
0.0194596
0.0197319
0.0200054
0.0201888
0.0203732
0.0205644
0.0207214
0.0208365
0.0209256
0.0210453
0.0212349
0.0214185
0.0215829
0.021745
0.0219074
0.0221022
0.0223143
0.0224933
0.0226763
0.0228739
0.0230722
0.0232899
0.0235213
0.0237625
0.0239845
0.0242361
0.0244766
0.0247335
0.0249676
0.0252236
0.0254884
0.0257729
0.0260543
0.0263185
0.0266039
0.0268787
0.0271938
0.0274746
0.027796
0.0281278
0.0284465
0.0287526
0.0290658
0.0294112
0.0297533
0.0300748
0.030452
0.0308242
0.0312419
0.0316419
0.0318654
0.0252857
0.024541
0.0226285
0.0197816
0.0173888
0.0161155
0.0156661
0.0156356
0.015779
0.0159036
0.0159124
0.0159046
0.0159785
0.0161331
0.0162917
0.0163584
0.016365
0.0163799
0.0164148
0.0165084
0.016621
0.0166778
0.0167463
0.0168895
0.017045
0.0171624
0.0172784
0.0174094
0.0174841
0.0175286
0.0176267
0.0177446
0.0178509
0.0179669
0.0180945
0.0182148
0.018314
0.0184231
0.0185424
0.0186516
0.0187628
0.0188911
0.0190464
0.0191963
0.0193141
0.0193981
0.0194157
0.0193841
0.0193641
0.0194653
0.0197343
0.0200067
0.0201909
0.0203748
0.0205635
0.0207194
0.0208357
0.0209271
0.0210481
0.0212369
0.0214198
0.0215841
0.0217467
0.0219093
0.0221037
0.0223153
0.0224943
0.0226776
0.0228752
0.0230735
0.0232915
0.0235226
0.0237635
0.0239854
0.024237
0.0244772
0.024734
0.0249683
0.0252246
0.0254892
0.0257732
0.0260544
0.0263189
0.0266043
0.0268792
0.0271942
0.0274751
0.0277961
0.0281272
0.0284458
0.0287524
0.0290661
0.0294114
0.0297533
0.0300754
0.030452
0.0308242
0.0312412
0.03164
0.0318654
0.0249285
0.0241604
0.0224988
0.0199338
0.0176346
0.0163363
0.0158181
0.0157151
0.0158272
0.0159549
0.0159705
0.0159623
0.0160299
0.0161719
0.0163162
0.0163751
0.0163817
0.016401
0.0164397
0.0165308
0.0166377
0.0166933
0.0167634
0.0169038
0.0170541
0.0171699
0.0172854
0.0174141
0.0174879
0.0175346
0.0176346
0.0177525
0.017857
0.0179705
0.0180967
0.0182181
0.0183185
0.0184261
0.018544
0.0186538
0.0187661
0.0188941
0.0190466
0.0191933
0.0193104
0.0193955
0.0194148
0.0193872
0.0193719
0.0194736
0.0197382
0.0200081
0.0201926
0.0203763
0.0205626
0.0207175
0.0208352
0.0209292
0.0210514
0.0212391
0.021421
0.0215854
0.0217484
0.0219115
0.0221052
0.0223163
0.0224954
0.022679
0.0228768
0.0230751
0.023293
0.023524
0.0237645
0.0239864
0.0242379
0.0244778
0.0247346
0.0249691
0.0252256
0.02549
0.0257736
0.0260545
0.0263191
0.0266048
0.0268798
0.0271945
0.0274756
0.0277962
0.0281265
0.0284449
0.0287522
0.0290663
0.0294116
0.0297531
0.030076
0.0304518
0.0308241
0.0312402
0.0316379
0.0318653
0.0245985
0.0238006
0.0223478
0.0200638
0.01787
0.0165525
0.0159781
0.0158071
0.0158801
0.0160038
0.0160262
0.0160199
0.0160833
0.016214
0.0163436
0.0163933
0.0163989
0.0164225
0.0164656
0.0165544
0.016655
0.0167092
0.016781
0.0169187
0.0170638
0.0171778
0.0172929
0.0174192
0.017492
0.0175408
0.0176428
0.0177608
0.0178633
0.0179742
0.0180991
0.0182216
0.0183233
0.0184293
0.0185456
0.018656
0.0187696
0.0188974
0.019047
0.0191905
0.0193069
0.0193932
0.0194146
0.0193919
0.019382
0.0194844
0.0197436
0.0200096
0.0201939
0.0203776
0.0205618
0.0207157
0.0208349
0.0209322
0.0210553
0.0212414
0.0214222
0.0215866
0.0217503
0.0219138
0.0221068
0.0223172
0.0224965
0.0226805
0.0228785
0.0230769
0.0232946
0.0235253
0.0237656
0.0239874
0.0242389
0.0244785
0.0247353
0.02497
0.0252267
0.0254909
0.025774
0.0260546
0.0263194
0.0266053
0.0268805
0.0271947
0.0274761
0.0277963
0.0281259
0.0284438
0.028752
0.0290665
0.0294118
0.029753
0.0300766
0.0304516
0.0308239
0.0312391
0.0316359
0.0318652
0.0242889
0.0234663
0.0221803
0.0201689
0.0180954
0.0167634
0.0161424
0.0159118
0.0159402
0.0160517
0.0160789
0.0160763
0.0161379
0.0162592
0.0163744
0.0164132
0.0164165
0.0164445
0.0164925
0.0165791
0.016673
0.0167254
0.0167991
0.0169344
0.017074
0.0171862
0.0173009
0.0174249
0.0174965
0.0175474
0.0176513
0.0177695
0.0178698
0.0179779
0.0181015
0.0182253
0.0183284
0.0184328
0.0185472
0.0186583
0.0187733
0.0189008
0.0190477
0.019188
0.0193036
0.019391
0.0194151
0.0193978
0.0193939
0.0194973
0.0197504
0.0200112
0.0201951
0.0203788
0.020561
0.0207139
0.0208348
0.0209352
0.0210595
0.0212438
0.0214233
0.0215879
0.0217523
0.0219163
0.0221085
0.0223182
0.0224976
0.0226821
0.0228803
0.0230789
0.0232964
0.0235267
0.0237668
0.0239885
0.0242399
0.0244792
0.0247359
0.0249708
0.0252278
0.0254918
0.0257745
0.0260547
0.0263196
0.0266058
0.0268811
0.0271949
0.0274766
0.0277963
0.0281252
0.0284425
0.0287518
0.0290666
0.0294119
0.0297528
0.0300771
0.0304511
0.0308237
0.0312379
0.0316339
0.031865
0.0239908
0.0231601
0.022003
0.0202458
0.0183102
0.0169697
0.0163072
0.0160283
0.0160098
0.0161001
0.0161284
0.0161305
0.0161927
0.0163076
0.0164089
0.0164351
0.0164345
0.0164668
0.0165203
0.016605
0.0166917
0.0167421
0.0168179
0.0169508
0.0170848
0.017195
0.0173096
0.0174311
0.0175014
0.0175543
0.0176602
0.0177787
0.0178768
0.0179817
0.018104
0.0182293
0.018334
0.0184366
0.0185489
0.0186606
0.0187771
0.0189043
0.0190485
0.0191858
0.0193006
0.019389
0.0194161
0.0194048
0.0194071
0.0195116
0.0197582
0.020013
0.020196
0.0203798
0.0205602
0.0207121
0.0208348
0.0209383
0.0210638
0.0212462
0.0214245
0.0215892
0.0217544
0.021919
0.0221103
0.0223192
0.0224988
0.0226837
0.0228823
0.0230812
0.0232982
0.0235282
0.023768
0.0239896
0.024241
0.02448
0.0247366
0.0249717
0.025229
0.0254928
0.0257749
0.0260549
0.0263198
0.0266064
0.0268818
0.0271951
0.0274771
0.0277963
0.0281246
0.0284412
0.0287517
0.0290666
0.0294119
0.0297525
0.0300777
0.0304507
0.0308233
0.0312366
0.031632
0.0318648
0.0236943
0.0228799
0.0218249
0.020293
0.0185119
0.0171728
0.0164697
0.0161544
0.016091
0.0161513
0.0161747
0.0161812
0.0162468
0.0163588
0.0164477
0.0164594
0.0164532
0.0164895
0.0165491
0.0166321
0.0167113
0.0167593
0.0168373
0.0169681
0.0170962
0.0172043
0.017319
0.0174378
0.0175068
0.0175616
0.0176696
0.0177885
0.0178841
0.0179855
0.0181066
0.0182335
0.0183398
0.0184407
0.0185507
0.0186629
0.018781
0.018908
0.0190494
0.0191837
0.0192977
0.0193871
0.0194176
0.0194124
0.0194211
0.0195267
0.0197667
0.0200149
0.020197
0.0203806
0.0205593
0.0207105
0.0208349
0.0209416
0.0210683
0.0212487
0.0214258
0.0215907
0.0217566
0.0219217
0.0221122
0.0223203
0.0225001
0.0226853
0.0228843
0.0230835
0.0233002
0.0235298
0.0237693
0.0239908
0.0242421
0.0244808
0.0247372
0.0249727
0.0252302
0.0254939
0.0257755
0.0260551
0.02632
0.026607
0.0268825
0.0271953
0.0274776
0.0277963
0.0281241
0.02844
0.0287517
0.0290665
0.0294119
0.0297524
0.0300783
0.0304503
0.0308229
0.0312355
0.0316301
0.0318646
0.0233917
0.0226184
0.0216561
0.0203129
0.0186954
0.0173746
0.0166291
0.0162858
0.0161847
0.0162081
0.0162184
0.0162278
0.0162992
0.0164125
0.0164909
0.0164865
0.0164725
0.0165126
0.0165789
0.0166603
0.0167316
0.0167769
0.0168573
0.0169861
0.0171084
0.0172142
0.017329
0.0174453
0.0175126
0.0175693
0.0176793
0.0177988
0.0178919
0.0179895
0.0181094
0.0182381
0.018346
0.018445
0.0185525
0.0186653
0.0187851
0.0189118
0.0190503
0.0191816
0.0192949
0.0193855
0.0194194
0.0194204
0.0194354
0.0195424
0.0197756
0.0200169
0.020198
0.0203814
0.0205584
0.0207089
0.020835
0.0209449
0.0210728
0.0212513
0.0214272
0.0215922
0.0217588
0.0219244
0.0221142
0.0223214
0.0225014
0.0226871
0.0228865
0.023086
0.0233022
0.0235315
0.0237707
0.023992
0.0242433
0.0244816
0.024738
0.0249737
0.0252314
0.0254949
0.0257761
0.0260554
0.0263203
0.0266078
0.0268832
0.0271955
0.0274782
0.0277964
0.0281237
0.028439
0.0287519
0.0290664
0.0294118
0.0297522
0.0300789
0.03045
0.0308225
0.0312345
0.0316284
0.0318643
0.0230822
0.0223639
0.0215038
0.0203121
0.0188536
0.0175751
0.0167876
0.0164178
0.01629
0.0162739
0.016261
0.0162695
0.0163491
0.0164679
0.0165383
0.0165168
0.0164928
0.0165364
0.0166099
0.0166897
0.0167526
0.0167949
0.016878
0.0170051
0.0171213
0.0172246
0.0173398
0.0174533
0.0175189
0.0175774
0.0176896
0.0178095
0.0179001
0.0179937
0.0181124
0.0182429
0.0183526
0.0184497
0.0185545
0.0186677
0.0187893
0.0189157
0.0190512
0.0191795
0.0192924
0.0193841
0.0194215
0.0194285
0.01945
0.0195582
0.0197847
0.0200192
0.0201991
0.0203821
0.0205576
0.0207074
0.0208352
0.0209482
0.0210772
0.021254
0.0214288
0.0215939
0.0217612
0.0219273
0.0221164
0.0223226
0.0225029
0.0226889
0.0228889
0.0230885
0.0233044
0.0235333
0.0237722
0.0239933
0.0242446
0.0244825
0.0247387
0.0249747
0.0252327
0.025496
0.0257767
0.0260556
0.0263206
0.0266086
0.0268838
0.0271959
0.0274788
0.0277966
0.0281233
0.0284382
0.0287523
0.0290664
0.0294118
0.0297521
0.0300796
0.03045
0.0308222
0.0312337
0.0316266
0.0318641
0.0227744
0.022102
0.0213678
0.020302
0.0189817
0.0177709
0.0169486
0.0165465
0.0164042
0.0163521
0.0163047
0.0163057
0.0163956
0.0165244
0.0165899
0.0165504
0.0165144
0.0165609
0.0166421
0.0167204
0.0167742
0.0168134
0.0168994
0.017025
0.0171349
0.0172355
0.0173511
0.0174621
0.0175257
0.0175859
0.0177002
0.0178207
0.0179086
0.0179981
0.0181155
0.0182481
0.0183594
0.0184546
0.0185566
0.0186702
0.0187937
0.0189199
0.0190521
0.0191775
0.01929
0.019383
0.0194238
0.0194368
0.0194645
0.0195741
0.019794
0.0200216
0.0202005
0.0203829
0.0205569
0.020706
0.0208356
0.0209516
0.0210816
0.0212568
0.0214305
0.0215957
0.0217636
0.0219302
0.0221187
0.0223239
0.0225044
0.0226908
0.0228914
0.0230911
0.0233066
0.0235353
0.0237737
0.0239947
0.0242459
0.0244835
0.0247396
0.0249758
0.0252341
0.0254972
0.0257774
0.0260559
0.026321
0.0266094
0.0268844
0.0271964
0.0274795
0.0277969
0.028123
0.0284377
0.0287528
0.0290664
0.0294118
0.029752
0.0300803
0.0304501
0.0308218
0.0312332
0.031625
0.0318638
0.0224836
0.0218211
0.0212383
0.0202972
0.0190802
0.0179529
0.0171155
0.0166714
0.0165226
0.0164446
0.0163529
0.016336
0.0164377
0.0165816
0.016645
0.0165875
0.0165377
0.0165863
0.0166757
0.0167525
0.0167965
0.0168321
0.0169215
0.0170459
0.0171494
0.0172471
0.0173632
0.0174716
0.017533
0.0175947
0.0177111
0.0178323
0.0179176
0.0180027
0.0181189
0.0182536
0.0183666
0.0184597
0.0185589
0.0186728
0.0187981
0.0189242
0.019053
0.0191755
0.0192879
0.0193822
0.0194263
0.0194451
0.019479
0.0195898
0.0198033
0.0200243
0.0202019
0.0203837
0.0205562
0.0207047
0.020836
0.020955
0.021086
0.0212597
0.0214323
0.0215976
0.021766
0.0219332
0.0221211
0.0223252
0.0225061
0.0226929
0.0228939
0.0230938
0.0233089
0.0235373
0.0237752
0.0239961
0.0242472
0.0244845
0.0247405
0.024977
0.0252354
0.0254983
0.0257781
0.0260562
0.0263216
0.0266103
0.0268851
0.027197
0.0274801
0.0277975
0.0281229
0.0284374
0.0287534
0.0290666
0.0294119
0.029752
0.0300811
0.0304504
0.0308215
0.0312329
0.0316234
0.0318635
0.0222287
0.0215212
0.0210989
0.0203099
0.0191579
0.0181101
0.0172888
0.0167968
0.0166393
0.0165509
0.0164099
0.016361
0.0164742
0.0166392
0.0167032
0.0166276
0.0165626
0.0166128
0.0167107
0.0167862
0.0168196
0.0168508
0.0169441
0.017068
0.0171648
0.0172592
0.0173759
0.0174819
0.0175408
0.0176039
0.0177224
0.0178442
0.017927
0.0180077
0.0181225
0.0182594
0.0183742
0.018465
0.0185613
0.0186755
0.0188027
0.0189287
0.0190541
0.0191735
0.019286
0.0193817
0.0194291
0.0194535
0.0194934
0.0196055
0.0198127
0.0200272
0.0202036
0.0203846
0.0205555
0.0207035
0.0208365
0.0209584
0.0210904
0.0212627
0.0214342
0.0215996
0.0217686
0.0219363
0.0221236
0.0223267
0.0225078
0.0226951
0.0228967
0.0230965
0.0233113
0.0235394
0.0237769
0.0239976
0.0242486
0.0244857
0.0247415
0.0249782
0.0252369
0.0254995
0.0257788
0.0260566
0.0263222
0.0266112
0.0268858
0.0271977
0.0274808
0.0277981
0.0281227
0.0284373
0.0287541
0.0290668
0.029412
0.029752
0.0300818
0.0304509
0.0308212
0.0312327
0.0316219
0.0318631
0.0220261
0.0212182
0.0209296
0.0203403
0.0192307
0.0182337
0.0174619
0.016929
0.0167499
0.0166667
0.0164805
0.016383
0.0165037
0.0166969
0.0167641
0.0166701
0.0165893
0.0166406
0.0167474
0.0168218
0.0168437
0.0168695
0.0169671
0.0170912
0.017181
0.0172718
0.0173893
0.0174928
0.0175492
0.0176134
0.017734
0.0178565
0.0179368
0.0180129
0.0181263
0.0182655
0.0183822
0.0184707
0.0185638
0.0186783
0.0188074
0.0189333
0.0190552
0.0191717
0.0192843
0.0193815
0.0194321
0.0194618
0.0195077
0.0196211
0.0198221
0.0200303
0.0202055
0.0203855
0.020555
0.0207025
0.0208371
0.0209618
0.0210947
0.0212658
0.0214363
0.0216017
0.0217713
0.0219395
0.0221262
0.0223281
0.0225096
0.0226975
0.0228995
0.0230993
0.0233137
0.0235416
0.0237786
0.0239991
0.0242501
0.0244869
0.0247425
0.0249795
0.0252383
0.0255008
0.0257796
0.026057
0.0263228
0.0266121
0.0268866
0.0271984
0.0274816
0.0277989
0.0281224
0.0284373
0.0287548
0.029067
0.0294122
0.029752
0.0300826
0.0304515
0.0308209
0.0312327
0.0316205
0.0318627
0.0218797
0.0209367
0.0207154
0.0203724
0.01932
0.0183235
0.017621
0.017074
0.0168555
0.0167855
0.0165676
0.0164062
0.0165246
0.0167536
0.0168281
0.0167145
0.0166171
0.0166695
0.016786
0.0168593
0.0168689
0.0168884
0.0169902
0.0171153
0.0171985
0.0172851
0.0174032
0.0175046
0.0175581
0.0176233
0.0177459
0.0178692
0.017947
0.0180185
0.0181303
0.018272
0.0183905
0.0184766
0.0185664
0.0186811
0.0188123
0.0189382
0.0190564
0.0191698
0.0192828
0.0193817
0.0194354
0.0194702
0.0195218
0.0196365
0.0198316
0.0200337
0.0202076
0.0203866
0.0205544
0.0207016
0.0208379
0.0209652
0.021099
0.021269
0.0214385
0.021604
0.021774
0.0219428
0.0221288
0.0223297
0.0225116
0.0227
0.0229024
0.0231021
0.0233162
0.0235438
0.0237804
0.0240007
0.0242516
0.0244882
0.0247436
0.0249808
0.0252399
0.025502
0.0257804
0.0260574
0.0263236
0.026613
0.0268875
0.0271992
0.0274823
0.0277997
0.0281222
0.0284375
0.0287555
0.0290673
0.0294125
0.0297521
0.0300835
0.0304522
0.0308205
0.0312328
0.0316192
0.0318622
0.0217747
0.0207069
0.0204592
0.0203811
0.0194428
0.0183939
0.017749
0.0172314
0.0169641
0.0169
0.0166701
0.016437
0.0165366
0.0168067
0.016896
0.0167609
0.0166454
0.0166995
0.0168266
0.0168993
0.0168955
0.0169075
0.0170133
0.0171403
0.0172171
0.017299
0.0174177
0.0175171
0.0175676
0.0176336
0.0177581
0.0178823
0.0179576
0.0180244
0.0181346
0.0182788
0.0183993
0.0184827
0.0185692
0.018684
0.0188173
0.0189433
0.0190578
0.0191681
0.0192816
0.0193824
0.0194389
0.0194786
0.0195358
0.0196519
0.0198411
0.0200373
0.02021
0.0203879
0.020554
0.0207008
0.0208388
0.0209685
0.0211034
0.0212723
0.0214409
0.0216064
0.0217769
0.0219462
0.0221316
0.0223314
0.0225137
0.0227026
0.0229054
0.0231049
0.0233188
0.0235462
0.0237823
0.0240024
0.0242533
0.0244895
0.0247448
0.0249822
0.0252414
0.0255033
0.0257813
0.0260579
0.0263244
0.026614
0.0268884
0.0272001
0.0274831
0.0278006
0.0281221
0.0284377
0.0287563
0.0290676
0.0294128
0.0297522
0.0300843
0.0304529
0.03082
0.0312329
0.0316181
0.0318616
0.0216861
0.0205522
0.0201851
0.0203364
0.019596
0.0184686
0.0178335
0.0173897
0.0170856
0.0170055
0.0167818
0.0164828
0.0165423
0.0168524
0.0169675
0.01681
0.0166734
0.01673
0.0168694
0.0169424
0.0169239
0.0169265
0.0170364
0.0171661
0.0172368
0.0173138
0.0174327
0.0175305
0.0175779
0.0176443
0.0177707
0.0178956
0.0179686
0.0180307
0.0181391
0.018286
0.0184085
0.0184892
0.0185722
0.0186871
0.0188225
0.0189487
0.0190593
0.0191665
0.0192806
0.0193834
0.0194428
0.0194869
0.0195496
0.019667
0.0198505
0.0200412
0.0202126
0.0203892
0.0205537
0.0207002
0.0208399
0.020972
0.0211077
0.0212756
0.0214434
0.0216089
0.0217798
0.0219497
0.0221344
0.0223331
0.0225158
0.0227054
0.0229084
0.0231078
0.0233214
0.0235487
0.0237843
0.0240042
0.024255
0.0244909
0.024746
0.0249836
0.025243
0.0255047
0.0257822
0.0260585
0.0263252
0.0266149
0.0268894
0.0272009
0.0274839
0.0278015
0.0281219
0.0284379
0.028757
0.0290679
0.0294131
0.0297522
0.030085
0.0304537
0.0308196
0.0312331
0.0316171
0.031861
0.0215836
0.0204752
0.0199265
0.0202168
0.0197545
0.0185772
0.0178787
0.01753
0.0172272
0.0171055
0.0168933
0.0165476
0.0165481
0.0168872
0.0170415
0.0168639
0.0167
0.0167596
0.016914
0.0169887
0.0169548
0.0169458
0.0170593
0.0171927
0.0172576
0.0173293
0.0174483
0.0175445
0.0175891
0.0176555
0.0177835
0.0179094
0.0179802
0.0180375
0.0181438
0.0182934
0.0184181
0.018496
0.0185753
0.0186902
0.0188278
0.0189542
0.0190611
0.0191651
0.0192799
0.0193849
0.0194469
0.0194952
0.0195633
0.0196821
0.01986
0.0200453
0.0202154
0.0203908
0.0205535
0.0206998
0.0208411
0.0209754
0.021112
0.021279
0.021446
0.0216115
0.0217829
0.0219533
0.0221374
0.022335
0.0225181
0.0227084
0.0229116
0.0231108
0.0233241
0.0235512
0.0237864
0.024006
0.0242567
0.0244924
0.0247473
0.0249851
0.0252447
0.0255061
0.0257831
0.0260591
0.026326
0.0266159
0.0268903
0.0272018
0.0274848
0.0278025
0.0281217
0.0284381
0.0287576
0.0290682
0.0294134
0.0297523
0.0300858
0.0304546
0.030819
0.0312333
0.0316163
0.0318603
0.021441
0.0204562
0.0197214
0.0200286
0.0198835
0.0187363
0.0179057
0.0176315
0.0173851
0.0172112
0.0169962
0.0166292
0.0165618
0.0169093
0.0171144
0.0169253
0.0167258
0.0167864
0.0169602
0.0170384
0.0169887
0.0169656
0.0170817
0.0172203
0.0172798
0.0173455
0.0174645
0.0175594
0.017601
0.0176672
0.0177965
0.0179235
0.0179922
0.0180447
0.0181489
0.0183012
0.0184281
0.0185032
0.0185786
0.0186935
0.0188333
0.0189599
0.0190631
0.0191638
0.0192794
0.0193869
0.0194514
0.0195035
0.0195767
0.0196969
0.0198696
0.0200496
0.0202185
0.0203926
0.0205534
0.0206996
0.0208426
0.0209789
0.0211163
0.0212825
0.0214488
0.0216144
0.021786
0.021957
0.0221405
0.0223369
0.0225206
0.0227115
0.0229149
0.0231138
0.023327
0.0235539
0.0237885
0.0240079
0.0242586
0.024494
0.0247487
0.0249866
0.0252465
0.0255075
0.0257841
0.0260598
0.0263269
0.026617
0.0268914
0.0272027
0.0274856
0.0278034
0.0281216
0.0284384
0.0287583
0.0290685
0.0294138
0.0297524
0.0300864
0.0304555
0.0308184
0.0312335
0.0316156
0.0318596
0.0212423
0.0204643
0.0195975
0.0198025
0.019943
0.0189327
0.0179473
0.0176854
0.0175422
0.0173331
0.0170888
0.0167204
0.0165909
0.0169209
0.0171805
0.0169958
0.0167532
0.0168081
0.0170072
0.0170924
0.0170258
0.0169864
0.0171031
0.0172483
0.0173036
0.0173623
0.0174811
0.0175751
0.0176138
0.0176796
0.0178099
0.0179378
0.0180047
0.0180523
0.0181542
0.0183092
0.0184386
0.0185108
0.0185821
0.0186968
0.0188391
0.0189659
0.0190654
0.0191628
0.0192792
0.0193893
0.0194563
0.0195118
0.0195898
0.0197116
0.0198791
0.0200541
0.0202219
0.0203945
0.0205536
0.0206996
0.0208441
0.0209824
0.0211207
0.0212861
0.0214517
0.0216173
0.0217893
0.0219608
0.0221437
0.022339
0.0225231
0.0227147
0.0229182
0.023117
0.0233299
0.0235566
0.0237908
0.02401
0.0242605
0.0244956
0.0247501
0.0249882
0.0252483
0.025509
0.0257852
0.0260606
0.0263277
0.0266181
0.0268925
0.0272037
0.0274864
0.0278043
0.0281215
0.0284385
0.028759
0.0290687
0.0294142
0.0297524
0.030087
0.0304564
0.0308177
0.0312336
0.0316152
0.0318588
0.0209833
0.0204629
0.0195608
0.0195794
0.0199083
0.0191328
0.0180366
0.0177071
0.0176757
0.0174737
0.0171793
0.0168128
0.0166382
0.0169278
0.0172349
0.0170749
0.0167862
0.0168226
0.0170523
0.0171517
0.0170666
0.0170086
0.0171243
0.0172763
0.0173292
0.0173801
0.0174977
0.0175916
0.0176277
0.0176926
0.0178236
0.0179524
0.0180178
0.0180606
0.0181598
0.0183174
0.0184495
0.018519
0.0185858
0.0187002
0.0188449
0.0189722
0.0190679
0.019162
0.0192792
0.0193921
0.0194616
0.01952
0.0196027
0.0197262
0.0198886
0.0200588
0.0202255
0.0203967
0.0205539
0.0206998
0.0208459
0.0209859
0.021125
0.0212897
0.0214547
0.0216204
0.0217926
0.0219647
0.022147
0.0223412
0.0225258
0.0227181
0.0229217
0.0231202
0.0233329
0.0235595
0.0237931
0.0240121
0.0242625
0.0244974
0.0247516
0.0249899
0.0252501
0.0255105
0.0257863
0.0260614
0.0263287
0.0266192
0.0268936
0.0272046
0.0274873
0.0278053
0.0281215
0.0284387
0.0287596
0.029069
0.0294146
0.0297525
0.0300875
0.0304575
0.030817
0.0312337
0.0316149
0.031858
0.0206694
0.0204173
0.019594
0.0194049
0.0197878
0.0192922
0.018182
0.0177258
0.0177684
0.0176204
0.0172785
0.0169018
0.0167004
0.0169368
0.0172748
0.0171592
0.0168296
0.0168301
0.0170914
0.0172166
0.0171125
0.0170313
0.0171454
0.0173044
0.0173562
0.0173996
0.0175143
0.0176085
0.0176428
0.0177065
0.0178376
0.0179673
0.0180314
0.0180695
0.0181658
0.0183259
0.0184609
0.0185276
0.0185898
0.0187036
0.018851
0.0189788
0.0190708
0.0191615
0.0192796
0.0193955
0.0194672
0.0195281
0.0196152
0.0197405
0.0198983
0.0200638
0.0202294
0.0203992
0.0205544
0.0207002
0.0208479
0.0209895
0.0211294
0.0212935
0.0214579
0.0216237
0.0217961
0.0219687
0.0221505
0.0223435
0.0225286
0.0227216
0.0229253
0.0231234
0.0233359
0.0235625
0.0237956
0.0240143
0.0242647
0.0244992
0.0247532
0.0249916
0.025252
0.0255121
0.0257875
0.0260622
0.0263296
0.0266204
0.0268947
0.0272056
0.0274882
0.0278062
0.0281215
0.0284388
0.0287602
0.0290692
0.029415
0.0297527
0.030088
0.0304585
0.0308163
0.0312338
0.0316149
0.0318572
0.0203164
0.020302
0.0196651
0.0193108
0.0196137
0.0193699
0.0183598
0.0177779
0.0178256
0.0177534
0.0173912
0.0169911
0.0167721
0.016953
0.0173005
0.0172432
0.0168878
0.0168342
0.0171196
0.0172858
0.017166
0.0170542
0.0171658
0.0173333
0.0173842
0.0174206
0.0175314
0.0176254
0.0176591
0.0177213
0.017852
0.0179824
0.0180455
0.018079
0.0181722
0.0183345
0.0184726
0.0185369
0.0185941
0.0187072
0.0188572
0.0189857
0.0190741
0.0191613
0.0192802
0.0193993
0.0194733
0.0195363
0.0196275
0.0197547
0.0199079
0.020069
0.0202337
0.020402
0.0205551
0.0207009
0.0208501
0.0209932
0.0211338
0.0212974
0.0214613
0.0216271
0.0217997
0.0219728
0.0221541
0.0223459
0.0225316
0.0227254
0.0229289
0.0231268
0.0233391
0.0235656
0.0237982
0.0240166
0.0242669
0.0245011
0.0247548
0.0249934
0.025254
0.0255137
0.0257887
0.0260632
0.0263306
0.0266216
0.0268959
0.0272067
0.0274891
0.0278072
0.0281215
0.028439
0.0287609
0.0290694
0.0294155
0.0297528
0.0300883
0.0304597
0.0308155
0.0312338
0.031615
0.0318564
0.0199505
0.0201076
0.0197348
0.0193021
0.0194281
0.0193497
0.0185333
0.0178837
0.0178701
0.0178562
0.0175095
0.0170878
0.0168506
0.0169785
0.0173147
0.0173206
0.0169624
0.016841
0.0171331
0.017355
0.0172305
0.0170786
0.0171837
0.0173637
0.0174138
0.0174424
0.0175495
0.0176424
0.017676
0.0177375
0.0178667
0.0179977
0.0180602
0.0180893
0.018179
0.0183433
0.0184847
0.0185468
0.0185987
0.0187108
0.0188636
0.0189929
0.0190779
0.0191614
0.0192811
0.0194037
0.0194797
0.0195444
0.0196395
0.0197686
0.0199176
0.0200744
0.0202382
0.020405
0.0205561
0.0207018
0.0208526
0.0209969
0.0211382
0.0213013
0.0214648
0.0216307
0.0218033
0.021977
0.0221578
0.0223485
0.0225347
0.0227292
0.0229327
0.0231302
0.0233424
0.0235688
0.0238009
0.024019
0.0242692
0.024503
0.0247566
0.0249953
0.025256
0.0255154
0.02579
0.0260642
0.0263316
0.0266229
0.0268971
0.0272077
0.02749
0.0278082
0.0281216
0.0284391
0.0287615
0.0290697
0.0294159
0.029753
0.0300886
0.0304608
0.0308148
0.0312338
0.0316154
0.0318556
0.0196064
0.0198427
0.0197637
0.019364
0.0192777
0.0192488
0.0186577
0.01803
0.0179319
0.0179303
0.0176178
0.017192
0.0169379
0.0170149
0.0173212
0.0173855
0.0170513
0.0168584
0.0171312
0.0174172
0.0173074
0.0171084
0.0171968
0.0173946
0.0174468
0.0174648
0.017568
0.0176599
0.0176934
0.017755
0.0178822
0.0180129
0.0180755
0.0181004
0.0181863
0.0183524
0.0184972
0.0185574
0.0186037
0.0187144
0.0188703
0.0190005
0.019082
0.0191619
0.0192824
0.0194085
0.0194867
0.0195525
0.0196512
0.0197824
0.0199272
0.0200799
0.020243
0.0204084
0.0205574
0.020703
0.0208552
0.0210008
0.0211427
0.0213054
0.0214685
0.0216344
0.0218071
0.0219814
0.0221617
0.0223511
0.0225379
0.0227333
0.0229366
0.0231338
0.0233458
0.0235722
0.0238037
0.0240215
0.0242716
0.0245051
0.0247584
0.0249972
0.0252581
0.0255172
0.0257914
0.0260653
0.0263327
0.0266242
0.0268983
0.0272088
0.027491
0.0278091
0.0281217
0.0284391
0.0287621
0.0290699
0.0294163
0.0297533
0.0300888
0.030462
0.0308141
0.0312337
0.0316159
0.0318549
0.0193161
0.0195294
0.0197196
0.0194692
0.0192071
0.0191046
0.0187032
0.0181833
0.01803
0.0179953
0.0177023
0.0172934
0.017036
0.0170659
0.0173249
0.0174328
0.0171478
0.0168939
0.0171185
0.0174641
0.0173944
0.017149
0.0172045
0.0174226
0.0174852
0.0174891
0.0175856
0.0176782
0.0177113
0.0177734
0.0178988
0.0180281
0.0180911
0.0181124
0.018194
0.0183615
0.01851
0.0185687
0.0186092
0.0187179
0.018877
0.0190086
0.0190866
0.0191629
0.0192839
0.0194137
0.0194942
0.0195606
0.0196625
0.0197961
0.019937
0.0200856
0.0202481
0.0204121
0.0205589
0.0207044
0.0208581
0.0210047
0.0211473
0.0213096
0.0214723
0.0216383
0.021811
0.0219859
0.0221657
0.0223539
0.0225413
0.0227376
0.0229407
0.0231373
0.0233493
0.0235757
0.0238066
0.0240241
0.0242741
0.0245073
0.0247603
0.0249993
0.0252603
0.025519
0.0257928
0.0260664
0.0263338
0.0266256
0.0268996
0.0272099
0.0274919
0.0278101
0.0281218
0.0284392
0.0287627
0.0290702
0.0294168
0.0297536
0.0300889
0.0304633
0.0308135
0.0312335
0.0316167
0.0318543
0.01909
0.0191881
0.0195827
0.0195793
0.019245
0.0189804
0.0186747
0.0183024
0.0181563
0.0180772
0.0177678
0.0173756
0.0171394
0.0171375
0.0173337
0.0174605
0.0172426
0.0169529
0.017104
0.0174891
0.0174848
0.0172059
0.0172098
0.017443
0.0175282
0.0175185
0.0176015
0.0176958
0.0177306
0.0177926
0.0179163
0.0180434
0.0181067
0.0181254
0.0182024
0.0183707
0.0185231
0.0185808
0.0186153
0.0187214
0.0188838
0.0190172
0.0190918
0.0191642
0.0192857
0.0194193
0.0195021
0.0195688
0.0196735
0.0198096
0.0199469
0.0200915
0.0202535
0.0204162
0.0205608
0.0207061
0.0208612
0.0210087
0.0211519
0.0213139
0.0214763
0.0216424
0.021815
0.0219905
0.02217
0.0223568
0.0225448
0.022742
0.0229448
0.023141
0.023353
0.0235793
0.0238096
0.0240269
0.0242767
0.0245095
0.0247624
0.0250014
0.0252625
0.0255209
0.0257943
0.0260677
0.0263349
0.0266271
0.0269009
0.027211
0.027493
0.0278111
0.028122
0.0284392
0.0287633
0.0290705
0.0294172
0.0297539
0.0300889
0.0304646
0.0308129
0.0312333
0.0316176
0.0318538
0.0189187
0.01884
0.0193573
0.0196524
0.0193775
0.0189388
0.0186019
0.0183563
0.0182837
0.0181942
0.0178358
0.0174277
0.0172332
0.017232
0.0173586
0.017471
0.0173245
0.0170341
0.0170998
0.017491
0.0175683
0.0172819
0.0172199
0.0174524
0.0175718
0.0175568
0.0176179
0.0177105
0.0177511
0.0178135
0.0179345
0.0180592
0.0181224
0.0181393
0.0182116
0.0183799
0.0185364
0.0185938
0.0186222
0.018725
0.0188906
0.0190264
0.0190977
0.0191659
0.0192878
0.0194255
0.0195106
0.019577
0.0196841
0.019823
0.0199569
0.0200975
0.0202591
0.0204207
0.0205629
0.0207082
0.0208646
0.0210129
0.0211566
0.0213184
0.0214804
0.0216466
0.0218192
0.0219953
0.0221744
0.0223598
0.0225485
0.0227466
0.0229491
0.0231448
0.0233567
0.023583
0.0238128
0.0240298
0.0242794
0.0245119
0.0247645
0.0250036
0.0252649
0.0255229
0.0257959
0.026069
0.0263361
0.0266286
0.0269023
0.0272121
0.027494
0.0278121
0.0281223
0.0284393
0.0287639
0.0290708
0.0294175
0.0297543
0.0300889
0.0304659
0.0308125
0.0312329
0.0316187
0.0318534
0.018842
0.0185427
0.0190741
0.0196431
0.0195597
0.0190049
0.0185291
0.0183393
0.0183772
0.0183355
0.0179326
0.0174596
0.0172962
0.0173398
0.0174122
0.0174742
0.0173833
0.0171278
0.0171176
0.0174768
0.0176334
0.0173728
0.0172431
0.0174514
0.0176094
0.0176046
0.0176392
0.0177208
0.0177707
0.0178371
0.0179538
0.0180752
0.0181383
0.0181537
0.0182217
0.0183892
0.0185498
0.0186077
0.0186298
0.0187286
0.0188973
0.0190359
0.0191044
0.0191681
0.0192902
0.019432
0.0195196
0.0195854
0.0196943
0.0198361
0.0199671
0.0201037
0.020265
0.0204256
0.0205654
0.0207105
0.0208683
0.0210172
0.0211614
0.021323
0.0214848
0.021651
0.0218234
0.0220002
0.0221789
0.022363
0.0225523
0.0227514
0.0229536
0.0231486
0.0233605
0.0235869
0.0238161
0.0240329
0.0242822
0.0245144
0.0247668
0.0250059
0.0252672
0.025525
0.0257975
0.0260704
0.0263374
0.0266302
0.0269037
0.0272132
0.0274951
0.0278132
0.0281226
0.0284393
0.0287645
0.0290712
0.0294179
0.0297548
0.0300888
0.0304671
0.0308121
0.0312325
0.03162
0.0318532
0.0188613
0.0183453
0.0187777
0.0195266
0.0197153
0.0191622
0.0185067
0.0182735
0.0184081
0.0184731
0.0180744
0.0174981
0.0173142
0.0174385
0.0175014
0.0174865
0.0174149
0.0172193
0.0171637
0.01746
0.0176715
0.0174683
0.0172869
0.0174462
0.0176345
0.0176581
0.0176708
0.0177286
0.0177857
0.0178635
0.0179756
0.0180909
0.0181544
0.0181688
0.0182326
0.0183988
0.0185633
0.0186223
0.0186384
0.0187324
0.0189039
0.0190458
0.0191119
0.019171
0.0192927
0.0194389
0.0195291
0.0195939
0.0197043
0.019849
0.0199774
0.0201101
0.0202711
0.0204308
0.0205683
0.0207131
0.0208722
0.0210216
0.0211662
0.0213277
0.0214894
0.0216556
0.0218277
0.0220054
0.0221837
0.0223664
0.0225563
0.0227564
0.0229582
0.0231525
0.0233645
0.023591
0.0238195
0.024036
0.0242851
0.0245169
0.0247692
0.0250083
0.0252697
0.0255271
0.0257992
0.0260718
0.0263388
0.0266318
0.0269052
0.0272144
0.0274963
0.0278142
0.0281229
0.0284394
0.028765
0.0290716
0.0294182
0.0297553
0.0300887
0.0304684
0.030812
0.031232
0.0316214
0.0318532
0.0189458
0.018255
0.0185133
0.019325
0.0197818
0.0193672
0.0185731
0.0181976
0.0183716
0.0185742
0.01825
0.0175773
0.0172991
0.0174983
0.0176165
0.0175282
0.0174272
0.0172915
0.0172321
0.0174572
0.0176846
0.0175542
0.0173527
0.0174467
0.0176442
0.0177101
0.0177155
0.0177392
0.0177933
0.0178897
0.0180022
0.0181069
0.0181696
0.0181847
0.0182441
0.0184086
0.0185768
0.0186378
0.0186479
0.0187364
0.0189105
0.0190562
0.0191202
0.0191744
0.0192955
0.0194462
0.0195392
0.0196025
0.019714
0.0198618
0.0199878
0.0201167
0.0202775
0.0204364
0.0205714
0.020716
0.0208765
0.0210263
0.0211712
0.0213325
0.0214942
0.0216603
0.0218322
0.0220106
0.0221886
0.0223699
0.0225604
0.0227616
0.0229629
0.0231566
0.0233685
0.0235951
0.0238231
0.0240393
0.0242881
0.0245196
0.0247717
0.0250107
0.0252722
0.0255294
0.025801
0.0260734
0.0263403
0.0266335
0.0269067
0.0272155
0.0274976
0.0278153
0.0281233
0.0284395
0.0287655
0.0290721
0.0294184
0.0297558
0.0300886
0.0304696
0.030812
0.0312314
0.0316228
0.0318533
0.0190522
0.0182585
0.0183139
0.0190825
0.0197397
0.0195601
0.0187306
0.0181598
0.0182859
0.0186121
0.01843
0.0177197
0.0172829
0.0174978
0.0177313
0.0176137
0.017439
0.017333
0.0173067
0.0174818
0.0176857
0.017617
0.0174326
0.0174635
0.0176421
0.0177525
0.017771
0.0177589
0.0177946
0.0179109
0.0180339
0.0181258
0.0181834
0.0182011
0.0182567
0.0184184
0.0185904
0.0186542
0.0186585
0.0187404
0.0189168
0.0190672
0.0191294
0.0191783
0.0192985
0.0194539
0.01955
0.0196113
0.0197232
0.0198746
0.0199984
0.0201233
0.0202842
0.0204426
0.0205749
0.0207192
0.0208811
0.0210312
0.0211762
0.0213374
0.0214992
0.0216653
0.0218367
0.0220161
0.0221937
0.0223735
0.0225648
0.022767
0.0229678
0.0231607
0.0233727
0.0235994
0.0238268
0.0240428
0.0242912
0.0245224
0.0247744
0.0250133
0.0252748
0.0255317
0.0258028
0.0260749
0.0263418
0.0266352
0.0269083
0.0272167
0.0274988
0.0278164
0.0281236
0.0284397
0.028766
0.0290728
0.0294186
0.0297564
0.0300885
0.0304707
0.0308122
0.0312309
0.0316243
0.0318537
0.0191373
0.0183351
0.0181923
0.018845
0.0196086
0.019685
0.0189441
0.018199
0.0181841
0.018579
0.0185785
0.0179155
0.0173054
0.0174442
0.0178097
0.0177386
0.0174755
0.0173472
0.0173672
0.0175325
0.0176933
0.0176525
0.017512
0.0175029
0.017637
0.0177795
0.0178312
0.0177919
0.0177944
0.0179236
0.0180678
0.0181505
0.0181963
0.0182164
0.0182708
0.0184284
0.0186037
0.0186716
0.0186706
0.0187446
0.0189226
0.0190786
0.0191398
0.0191829
0.0193015
0.0194619
0.0195616
0.0196203
0.019732
0.0198873
0.0200094
0.0201299
0.020291
0.0204493
0.0205788
0.0207225
0.0208859
0.0210364
0.0211815
0.0213424
0.0215043
0.0216705
0.0218415
0.0220217
0.022199
0.0223773
0.0225693
0.0227726
0.0229728
0.0231649
0.0233771
0.0236039
0.0238306
0.0240465
0.0242944
0.0245253
0.0247773
0.0250159
0.0252775
0.0255342
0.0258048
0.0260765
0.0263435
0.0266371
0.0269099
0.0272178
0.0275002
0.0278176
0.028124
0.02844
0.0287665
0.0290735
0.0294188
0.029757
0.0300884
0.0304717
0.0308126
0.0312303
0.0316258
0.0318542
0.0191648
0.0184572
0.018148
0.018642
0.0194235
0.0197177
0.0191631
0.0183247
0.0181093
0.0184899
0.0186639
0.0181321
0.0173978
0.0173714
0.0178217
0.0178762
0.0175587
0.0173532
0.0173953
0.0175923
0.0177257
0.0176722
0.0175743
0.0175619
0.0176405
0.01779
0.0178888
0.0178387
0.0177982
0.0179275
0.0180994
0.018182
0.0182111
0.0182295
0.0182856
0.0184392
0.0186163
0.0186896
0.0186845
0.0187494
0.0189277
0.0190901
0.0191515
0.0191884
0.0193044
0.0194699
0.019574
0.0196298
0.0197402
0.0198997
0.0200208
0.0201368
0.0202979
0.0204565
0.0205833
0.0207262
0.0208909
0.0210419
0.021187
0.0213475
0.0215096
0.0216759
0.0218464
0.0220275
0.0222044
0.0223813
0.022574
0.0227784
0.022978
0.0231691
0.0233816
0.0236085
0.0238346
0.0240503
0.0242977
0.0245282
0.0247803
0.0250186
0.0252802
0.0255368
0.0258069
0.0260782
0.0263452
0.026639
0.0269116
0.027219
0.0275016
0.0278188
0.0281244
0.0284403
0.0287668
0.0290743
0.0294189
0.0297576
0.0300885
0.0304725
0.0308132
0.0312298
0.0316273
0.031855
0.0191049
0.0185893
0.0181753
0.0184878
0.0192203
0.0196661
0.0193383
0.0185116
0.0180966
0.0183757
0.0186744
0.0183306
0.0175611
0.017322
0.0177648
0.0179878
0.0176901
0.0173786
0.0173899
0.0176387
0.0177865
0.0176956
0.0176102
0.0176271
0.0176628
0.0177893
0.0179368
0.0178968
0.0178097
0.017925
0.0181251
0.0182183
0.0182308
0.0182408
0.0182998
0.0184515
0.0186286
0.0187077
0.0187001
0.018755
0.0189323
0.0191016
0.0191645
0.0191951
0.0193073
0.0194778
0.0195871
0.01964
0.0197481
0.0199116
0.0200326
0.020144
0.0203048
0.020464
0.0205883
0.0207301
0.0208961
0.0210475
0.0211927
0.0213528
0.0215151
0.0216814
0.0218515
0.0220335
0.0222101
0.0223854
0.0225788
0.0227846
0.0229833
0.0231734
0.0233862
0.0236133
0.0238388
0.0240544
0.0243012
0.0245312
0.0247835
0.0250214
0.0252831
0.0255394
0.0258091
0.0260799
0.0263471
0.026641
0.0269134
0.0272202
0.027503
0.0278202
0.0281248
0.0284408
0.0287672
0.0290752
0.0294191
0.0297581
0.0300888
0.0304733
0.030814
0.0312293
0.0316287
0.0318559
0.0189453
0.0186879
0.0182604
0.0183919
0.0190274
0.0195541
0.0194431
0.0187205
0.018158
0.0182739
0.0186205
0.0184753
0.0177663
0.0173339
0.0176697
0.0180377
0.0178452
0.0174506
0.0173696
0.0176493
0.0178602
0.0177433
0.0176273
0.0176815
0.0177062
0.017787
0.0179696
0.0179628
0.0178318
0.0179184
0.0181442
0.0182565
0.0182565
0.0182525
0.0183119
0.0184644
0.0186411
0.0187257
0.0187172
0.018762
0.0189365
0.0191128
0.0191785
0.0192031
0.0193104
0.0194854
0.0196008
0.0196509
0.0197558
0.0199232
0.0200447
0.0201516
0.0203119
0.0204719
0.0205936
0.0207345
0.0209015
0.0210534
0.0211987
0.0213583
0.0215208
0.021687
0.0218567
0.0220398
0.0222159
0.0223898
0.0225838
0.0227908
0.0229889
0.0231779
0.023391
0.0236182
0.023843
0.0240585
0.0243048
0.0245344
0.0247868
0.0250244
0.025286
0.0255422
0.0258113
0.0260816
0.0263492
0.0266431
0.0269151
0.0272214
0.0275044
0.0278216
0.0281251
0.0284413
0.0287675
0.0290761
0.0294193
0.0297585
0.0300892
0.0304739
0.0308149
0.0312291
0.0316301
0.031857
0.0187095
0.0187096
0.018373
0.0183577
0.0188644
0.0194078
0.0194742
0.0189119
0.0182799
0.0182148
0.0185277
0.0185497
0.0179762
0.0174186
0.0175783
0.0180157
0.0179858
0.0175766
0.0173635
0.0176176
0.0179224
0.017824
0.0176442
0.0177124
0.0177619
0.0177942
0.0179856
0.0180312
0.017868
0.0179086
0.0181558
0.0182953
0.0182872
0.0182664
0.0183223
0.0184771
0.0186545
0.0187438
0.0187354
0.0187701
0.0189405
0.0191238
0.0191936
0.0192124
0.0193136
0.0194927
0.019615
0.0196626
0.0197633
0.0199344
0.020057
0.0201594
0.0203192
0.0204802
0.0205994
0.0207391
0.0209073
0.0210595
0.0212048
0.021364
0.0215267
0.0216928
0.0218621
0.0220462
0.0222219
0.0223944
0.0225889
0.0227972
0.0229946
0.0231824
0.023396
0.0236233
0.0238476
0.0240628
0.0243084
0.0245376
0.0247904
0.0250274
0.025289
0.0255451
0.0258137
0.0260834
0.0263513
0.0266452
0.0269169
0.0272228
0.0275058
0.0278232
0.0281255
0.028442
0.0287679
0.029077
0.0294196
0.0297588
0.0300898
0.0304745
0.0308159
0.031229
0.0316313
0.0318582
0.0184491
0.0186371
0.0184697
0.0183767
0.0187443
0.0192536
0.0194423
0.019058
0.0184346
0.0182123
0.0184281
0.0185579
0.0181561
0.0175583
0.0175284
0.0179438
0.0180743
0.0177349
0.0174028
0.0175606
0.0179465
0.0179258
0.0176822
0.0177214
0.0178156
0.0178179
0.0179886
0.018094
0.0179216
0.0178987
0.0181569
0.0183352
0.0183229
0.0182826
0.018332
0.0184889
0.0186682
0.0187621
0.0187547
0.0187793
0.0189442
0.0191348
0.0192098
0.0192231
0.0193171
0.0194995
0.0196299
0.019675
0.0197707
0.0199454
0.0200696
0.0201672
0.0203265
0.0204892
0.0206056
0.0207439
0.0209133
0.021066
0.0212111
0.0213699
0.0215329
0.0216986
0.0218676
0.0220529
0.0222282
0.0223992
0.0225941
0.0228038
0.0230006
0.023187
0.023401
0.0236284
0.0238522
0.0240674
0.0243123
0.024541
0.0247941
0.0250304
0.025292
0.0255481
0.0258162
0.0260852
0.0263536
0.0266476
0.0269187
0.0272242
0.0275072
0.0278248
0.0281258
0.0284428
0.0287683
0.0290779
0.0294201
0.029759
0.0300906
0.030475
0.0308169
0.0312291
0.0316326
0.0318595
0.0182131
0.0184977
0.0185166
0.0184279
0.0186701
0.0191131
0.0193656
0.0191458
0.0185921
0.0182634
0.0183508
0.0185159
0.0182845
0.017725
0.0175356
0.0178575
0.0180955
0.0178894
0.0175018
0.0175091
0.0179189
0.0180249
0.0177552
0.0177228
0.0178535
0.0178562
0.017987
0.0181436
0.0179928
0.0178967
0.018143
0.018373
0.0183666
0.0183004
0.0183403
0.0185002
0.0186822
0.0187807
0.0187752
0.0187897
0.0189473
0.0191453
0.0192273
0.0192353
0.0193207
0.0195057
0.0196452
0.0196886
0.0197778
0.019956
0.0200829
0.0201753
0.0203337
0.0204987
0.0206125
0.0207488
0.0209196
0.0210728
0.0212176
0.0213759
0.0215395
0.0217047
0.0218732
0.0220596
0.0222347
0.0224044
0.0225995
0.0228104
0.0230067
0.0231918
0.0234063
0.0236338
0.023857
0.0240719
0.0243161
0.0245445
0.0247981
0.0250337
0.0252953
0.0255514
0.0258187
0.0260871
0.026356
0.02665
0.0269204
0.0272258
0.0275087
0.0278266
0.0281261
0.0284436
0.0287688
0.0290788
0.0294206
0.029759
0.0300915
0.0304754
0.0308178
0.0312295
0.0316337
0.0318609
0.01802
0.018338
0.0185032
0.0184823
0.0186334
0.0189987
0.0192676
0.0191782
0.0187289
0.0183513
0.0183127
0.0184457
0.0183537
0.017891
0.0175941
0.0177904
0.0180656
0.0180022
0.0176428
0.0174969
0.0178511
0.0180931
0.0178592
0.0177356
0.0178715
0.0179009
0.0179891
0.0181753
0.0180746
0.0179128
0.0181142
0.0184004
0.0184211
0.0183229
0.0183452
0.0185107
0.0186974
0.0187997
0.0187964
0.0188017
0.0189498
0.0191547
0.0192462
0.0192496
0.0193246
0.019511
0.0196609
0.0197034
0.0197846
0.0199658
0.0200969
0.0201839
0.0203405
0.0205087
0.0206201
0.0207539
0.0209261
0.0210802
0.0212243
0.021382
0.0215462
0.0217111
0.021879
0.0220665
0.0222414
0.0224098
0.022605
0.0228173
0.0230129
0.0231967
0.0234116
0.0236393
0.0238621
0.0240768
0.0243201
0.0245481
0.0248021
0.0250368
0.0252985
0.0255548
0.0258214
0.0260891
0.0263585
0.0266526
0.0269221
0.0272275
0.0275101
0.0278285
0.0281264
0.0284446
0.0287695
0.0290795
0.0294214
0.029759
0.0300926
0.030476
0.0308187
0.0312301
0.0316348
0.0318623
0.0178528
0.0181894
0.0184426
0.0185176
0.0186226
0.0189136
0.0191708
0.0191679
0.0188288
0.0184502
0.0183176
0.0183761
0.0183675
0.0180335
0.0176875
0.0177587
0.0180133
0.0180577
0.0177921
0.0175434
0.0177714
0.0181091
0.0179742
0.0177767
0.0178776
0.0179427
0.0179996
0.0181893
0.0181554
0.0179551
0.0180795
0.0184069
0.0184843
0.0183578
0.0183454
0.0185166
0.0187145
0.0188203
0.0188177
0.018815
0.0189526
0.0191625
0.0192659
0.0192665
0.0193289
0.0195149
0.0196767
0.0197199
0.0197916
0.0199747
0.0201114
0.0201933
0.020347
0.0205187
0.0206286
0.0207591
0.0209324
0.0210882
0.0212314
0.0213881
0.0215531
0.0217177
0.0218851
0.0220734
0.0222483
0.0224156
0.0226106
0.0228243
0.0230195
0.0232017
0.0234172
0.0236447
0.0238673
0.0240818
0.0243243
0.024552
0.0248066
0.0250402
0.0253018
0.0255582
0.025824
0.0260911
0.0263612
0.0266553
0.0269237
0.0272293
0.0275116
0.0278304
0.0281268
0.0284455
0.0287704
0.0290801
0.0294223
0.0297589
0.0300937
0.0304767
0.0308195
0.031231
0.031636
0.0318637
0.0176938
0.0180571
0.0183582
0.0185253
0.0186277
0.0188521
0.0190844
0.0191294
0.0188882
0.018539
0.0183546
0.0183336
0.0183424
0.0181345
0.0177972
0.0177605
0.0179646
0.0180672
0.0179155
0.0176407
0.0177148
0.0180741
0.0180734
0.0178485
0.0178837
0.0179748
0.0180192
0.0181918
0.0182244
0.0180236
0.0180537
0.0183856
0.0185444
0.0184124
0.0183461
0.018513
0.0187317
0.0188453
0.0188403
0.0188281
0.0189558
0.0191691
0.0192855
0.0192864
0.0193344
0.0195172
0.0196922
0.0197382
0.0197989
0.0199823
0.0201262
0.0202037
0.0203533
0.0205287
0.0206378
0.0207649
0.0209386
0.0210965
0.0212391
0.0213943
0.02156
0.0217245
0.0218914
0.0220804
0.0222554
0.0224217
0.0226162
0.0228314
0.0230263
0.0232068
0.023423
0.0236505
0.0238728
0.024087
0.0243282
0.0245558
0.0248111
0.0250437
0.0253054
0.0255621
0.0258267
0.0260932
0.026364
0.0266581
0.0269252
0.0272313
0.0275132
0.0278324
0.0281273
0.0284464
0.0287714
0.0290806
0.0294233
0.0297588
0.0300949
0.0304775
0.0308202
0.031232
0.0316372
0.0318652
0.0175472
0.0179348
0.0182698
0.0185057
0.018636
0.0188064
0.0190082
0.019078
0.0189152
0.0186078
0.0184016
0.0183259
0.0183041
0.0181873
0.0179062
0.0177898
0.0179307
0.0180503
0.017994
0.0177615
0.017707
0.0180114
0.0181341
0.0179397
0.017903
0.0179969
0.0180438
0.0181893
0.0182741
0.0181086
0.0180522
0.0183426
0.0185855
0.0184874
0.0183583
0.018497
0.0187424
0.0188761
0.0188674
0.0188402
0.018958
0.0191755
0.0193045
0.0193086
0.019342
0.0195178
0.0197069
0.0197583
0.019807
0.0199888
0.020141
0.0202149
0.0203598
0.0205386
0.0206476
0.0207711
0.0209449
0.0211049
0.0212471
0.0214009
0.0215671
0.0217316
0.0218982
0.0220876
0.0222626
0.0224281
0.0226216
0.0228386
0.0230335
0.0232121
0.0234287
0.0236562
0.0238785
0.0240925
0.0243326
0.0245599
0.0248157
0.0250471
0.0253089
0.0255659
0.0258294
0.0260956
0.0263671
0.0266611
0.0269268
0.0272334
0.0275148
0.0278343
0.028128
0.0284473
0.0287727
0.029081
0.0294245
0.0297588
0.0300961
0.0304786
0.0308207
0.0312332
0.0316385
0.0318666
0.0174257
0.0178199
0.018185
0.0184625
0.0186351
0.0187747
0.0189408
0.0190221
0.0189194
0.0186588
0.0184418
0.0183401
0.0182774
0.0182002
0.017997
0.0178396
0.0179149
0.0180264
0.0180298
0.0178738
0.0177471
0.0179501
0.01815
0.018032
0.0179442
0.0180156
0.01807
0.0181874
0.0183016
0.0181944
0.0180828
0.0182945
0.0185948
0.0185711
0.018395
0.0184744
0.0187384
0.0189092
0.0189036
0.0188534
0.0189563
0.0191815
0.0193243
0.0193322
0.0193522
0.0195172
0.0197197
0.0197805
0.0198161
0.0199941
0.0201559
0.0202269
0.0203662
0.0205486
0.0206579
0.0207778
0.0209514
0.0211134
0.0212552
0.0214078
0.0215743
0.0217384
0.0219052
0.022095
0.0222703
0.022435
0.022627
0.0228456
0.023041
0.0232177
0.0234345
0.0236619
0.0238843
0.024098
0.0243368
0.0245642
0.0248206
0.025051
0.0253127
0.0255699
0.025832
0.0260978
0.0263701
0.0266642
0.0269283
0.0272357
0.0275167
0.0278363
0.0281288
0.028448
0.0287743
0.0290813
0.0294256
0.029759
0.0300971
0.0304798
0.0308212
0.0312345
0.03164
0.0318681
0.0173276
0.0177115
0.0181031
0.0184062
0.0186203
0.0187556
0.0188833
0.0189633
0.0189055
0.0186967
0.0184732
0.0183551
0.0182692
0.0181913
0.0180576
0.0178999
0.0179172
0.0180088
0.0180383
0.0179578
0.0178171
0.0179134
0.0181308
0.0181033
0.0180024
0.0180384
0.0180965
0.0181919
0.0183132
0.0182681
0.0181406
0.018259
0.0185703
0.0186442
0.0184613
0.0184593
0.0187145
0.0189358
0.0189519
0.0188735
0.0189488
0.0191835
0.0193462
0.0193573
0.019364
0.0195164
0.0197304
0.0198042
0.0198268
0.0199979
0.0201709
0.0202399
0.0203724
0.0205587
0.0206688
0.0207847
0.0209582
0.0211223
0.0212634
0.0214149
0.0215819
0.0217455
0.0219121
0.0221023
0.0222785
0.0224423
0.0226322
0.0228527
0.023049
0.0232236
0.0234403
0.0236676
0.0238907
0.0241039
0.0243411
0.0245686
0.0248254
0.0250546
0.0253167
0.0255743
0.0258349
0.0261005
0.0263735
0.0266673
0.0269296
0.0272379
0.0275186
0.0278381
0.0281299
0.0284488
0.0287761
0.0290816
0.0294267
0.0297593
0.030098
0.0304813
0.0308218
0.0312357
0.0316416
0.0318696
0.0172395
0.0176108
0.018025
0.0183489
0.0185911
0.0187423
0.0188403
0.0189047
0.0188741
0.0187179
0.0185007
0.0183618
0.0182715
0.0181815
0.0180875
0.0179548
0.0179303
0.0180008
0.018036
0.0180112
0.0178981
0.0179112
0.0180981
0.0181433
0.0180645
0.0180683
0.0181201
0.0182023
0.0183166
0.0183234
0.0182146
0.0182513
0.0185268
0.0186886
0.0185464
0.0184677
0.0186761
0.0189432
0.0190079
0.0189089
0.0189385
0.0191766
0.0193701
0.0193869
0.0193766
0.019515
0.0197393
0.019829
0.0198395
0.0200002
0.0201854
0.0202543
0.0203783
0.0205685
0.0206806
0.0207916
0.0209649
0.0211321
0.0212718
0.0214217
0.0215895
0.021753
0.0219191
0.0221096
0.0222874
0.0224501
0.0226369
0.0228595
0.0230574
0.0232302
0.0234462
0.0236731
0.023897
0.0241099
0.0243456
0.0245734
0.0248304
0.0250584
0.0253206
0.0255785
0.0258373
0.0261032
0.026377
0.0266707
0.0269313
0.0272405
0.0275207
0.0278398
0.0281311
0.0284495
0.028778
0.029082
0.0294277
0.02976
0.0300988
0.0304829
0.0308224
0.031237
0.0316433
0.0318711
0.0171536
0.0175195
0.0179499
0.0182937
0.0185493
0.0187229
0.0188109
0.0188534
0.0188299
0.0187174
0.0185263
0.018368
0.018274
0.0181775
0.0180959
0.017994
0.0179475
0.0179989
0.0180322
0.018037
0.0179707
0.0179376
0.0180728
0.0181602
0.0181201
0.0181084
0.0181437
0.0182152
0.0183167
0.0183561
0.0182885
0.0182735
0.0184834
0.0186994
0.018632
0.01851
0.0186403
0.0189231
0.0190587
0.0189647
0.0189335
0.0191555
0.0193906
0.0194246
0.0193912
0.0195113
0.019747
0.0198549
0.0198544
0.0200013
0.0201987
0.0202706
0.020384
0.0205773
0.0206939
0.020799
0.0209708
0.0211424
0.021281
0.0214285
0.021597
0.0217612
0.0219262
0.0221161
0.0222967
0.0224586
0.0226415
0.022866
0.023066
0.023237
0.0234522
0.0236786
0.0239039
0.0241161
0.02435
0.0245784
0.0248353
0.0250624
0.0253252
0.0255832
0.0258399
0.0261061
0.0263805
0.0266736
0.0269327
0.0272429
0.0275231
0.0278415
0.0281328
0.0284503
0.02878
0.0290825
0.0294285
0.029761
0.0300996
0.0304845
0.0308232
0.0312381
0.0316451
0.0318727
0.0170688
0.0174336
0.0178752
0.0182406
0.0185012
0.0186888
0.0187844
0.0188135
0.018783
0.0186955
0.0185424
0.0183776
0.018272
0.018176
0.018097
0.0180199
0.0179655
0.017999
0.0180315
0.0180451
0.0180222
0.0179776
0.0180594
0.0181619
0.0181608
0.018154
0.018174
0.0182322
0.0183224
0.0183735
0.0183491
0.0183164
0.0184532
0.0186831
0.0186973
0.0185769
0.0186265
0.0188826
0.0190895
0.0190375
0.0189473
0.0191225
0.0193982
0.019471
0.0194129
0.0195028
0.0197513
0.019883
0.0198714
0.0200009
0.0202104
0.0202888
0.0203904
0.0205847
0.0207082
0.0208075
0.0209758
0.0211529
0.0212914
0.0214357
0.0216038
0.0217698
0.0219341
0.0221224
0.0223064
0.0224678
0.0226457
0.0228723
0.0230751
0.0232444
0.023458
0.0236838
0.0239108
0.0241226
0.0243547
0.0245838
0.0248402
0.0250663
0.0253297
0.0255879
0.0258425
0.0261094
0.0263846
0.0266769
0.0269345
0.0272453
0.0275255
0.0278429
0.0281344
0.0284511
0.0287819
0.0290832
0.0294292
0.0297622
0.0301003
0.0304861
0.0308242
0.0312397
0.031647
0.0318745
0.0169877
0.01735
0.0177988
0.0181887
0.0184555
0.0186443
0.0187499
0.0187788
0.0187409
0.0186579
0.0185376
0.0183836
0.0182673
0.0181731
0.0180958
0.0180352
0.0179814
0.0179986
0.0180346
0.0180494
0.0180539
0.0180216
0.0180592
0.0181563
0.018184
0.0181916
0.0182071
0.0182491
0.0183333
0.018387
0.0183943
0.0183715
0.0184467
0.0186563
0.018734
0.0186492
0.0186429
0.0188373
0.0190867
0.0191112
0.0189902
0.0190892
0.0193841
0.0195206
0.01945
0.0194912
0.0197481
0.0199144
0.0198925
0.0199986
0.0202198
0.0203085
0.0203977
0.0205907
0.020723
0.0208174
0.0209804
0.0211619
0.0213023
0.021444
0.02161
0.0217779
0.0219425
0.0221283
0.0223163
0.0224776
0.0226498
0.0228782
0.0230846
0.0232522
0.0234637
0.0236891
0.023918
0.0241289
0.0243591
0.0245894
0.024845
0.0250706
0.0253346
0.0255924
0.025845
0.0261126
0.0263885
0.0266799
0.0269367
0.027248
0.0275283
0.0278446
0.0281364
0.0284521
0.0287837
0.0290842
0.0294298
0.0297637
0.0301011
0.0304875
0.0308253
0.0312407
0.0316489
0.0318762
0.0169155
0.0172719
0.0177217
0.0181335
0.0184165
0.0185997
0.0187069
0.0187411
0.0187051
0.0186149
0.0185108
0.0183785
0.0182604
0.0181661
0.0180883
0.0180397
0.017993
0.0179958
0.0180349
0.0180548
0.0180725
0.0180623
0.0180737
0.0181526
0.0181988
0.0182194
0.0182404
0.0182666
0.0183417
0.0183983
0.0184217
0.0184234
0.0184616
0.0186328
0.0187503
0.0187141
0.0186859
0.0188097
0.0190569
0.019165
0.0190588
0.0190709
0.0193442
0.0195585
0.019507
0.0194841
0.0197315
0.0199464
0.0199218
0.0199945
0.0202255
0.0203303
0.0204065
0.0205955
0.0207381
0.0208289
0.0209855
0.0211698
0.0213132
0.0214537
0.0216163
0.0217864
0.0219515
0.0221344
0.0223263
0.0224879
0.0226538
0.022884
0.0230947
0.0232608
0.0234691
0.0236944
0.0239258
0.0241357
0.0243639
0.0245953
0.0248497
0.0250747
0.0253397
0.025597
0.0258478
0.0261162
0.0263927
0.0266826
0.0269387
0.0272504
0.0275307
0.0278461
0.0281385
0.0284535
0.0287855
0.0290855
0.0294305
0.0297653
0.0301021
0.030489
0.0308269
0.0312421
0.0316507
0.0318783
0.0168522
0.0172023
0.0176477
0.0180717
0.0183793
0.0185624
0.0186635
0.0186967
0.0186684
0.018575
0.0184712
0.0183589
0.0182468
0.0181547
0.0180753
0.0180335
0.0179991
0.0179911
0.0180289
0.0180576
0.0180815
0.0180911
0.0180954
0.0181539
0.0182093
0.0182409
0.0182722
0.0182908
0.0183512
0.0184119
0.0184401
0.0184617
0.018488
0.0186159
0.0187495
0.0187604
0.0187375
0.0188098
0.01902
0.0191884
0.0191393
0.0190874
0.0192936
0.0195695
0.0195795
0.0194934
0.019698
0.0199703
0.0199629
0.0199905
0.0202236
0.0203534
0.0204172
0.0205986
0.0207533
0.020841
0.0209906
0.0211761
0.0213234
0.0214642
0.0216224
0.0217903
0.0219599
0.0221404
0.0223365
0.0224984
0.0226574
0.0228889
0.0231049
0.02327
0.0234741
0.0236996
0.0239337
0.0241422
0.0243686
0.0246016
0.0248546
0.0250793
0.0253451
0.0256013
0.0258507
0.0261199
0.0263969
0.0266856
0.0269414
0.0272533
0.0275334
0.0278476
0.0281403
0.0284546
0.0287868
0.0290866
0.0294309
0.0297669
0.030103
0.0304901
0.0308283
0.0312432
0.0316523
0.03188
0.016793
0.0171398
0.0175787
0.0180027
0.0183329
0.0185279
0.0186236
0.0186486
0.0186245
0.0185394
0.0184288
0.0183248
0.0182223
0.0181365
0.0180584
0.0180172
0.0179975
0.0179862
0.0180192
0.0180567
0.018085
0.0181082
0.0181167
0.0181599
0.018215
0.0182544
0.0182955
0.0183164
0.0183629
0.0184256
0.0184592
0.0184911
0.0185211
0.0186145
0.0187431
0.018791
0.0187841
0.0188271
0.0189889
0.0191791
0.0192052
0.019137
0.019253
0.0195448
0.0196528
0.0195361
0.019658
0.0199768
0.0200179
0.0199955
0.0202125
0.0203767
0.0204323
0.0206005
0.0207689
0.0208549
0.0209959
0.021184
0.0213338
0.0214758
0.0216296
0.0217997
0.0219691
0.0221469
0.0223474
0.0225098
0.0226616
0.0228937
0.0231156
0.0232803
0.0234789
0.0237048
0.0239424
0.0241491
0.0243737
0.0246077
0.0248593
0.0250841
0.0253509
0.0256056
0.0258542
0.0261241
0.0264011
0.0266883
0.0269441
0.0272564
0.027536
0.0278498
0.0281431
0.0284569
0.0287887
0.0290884
0.0294319
0.0297687
0.0301044
0.0304915
0.0308303
0.0312449
0.031654
0.0318824
0.016735
0.0170825
0.0175155
0.0179312
0.0182719
0.0184858
0.0185828
0.0185997
0.0185717
0.0184987
0.0183872
0.0182817
0.0181872
0.0181085
0.018038
0.017993
0.0179848
0.0179795
0.0180056
0.0180504
0.018084
0.0181178
0.0181333
0.018169
0.018221
0.018263
0.0183116
0.018338
0.0183759
0.0184349
0.0184748
0.0185124
0.0185492
0.0186259
0.0187391
0.0188114
0.0188278
0.0188576
0.018978
0.0191583
0.0192432
0.0192036
0.0192401
0.0194902
0.0196962
0.019608
0.0196234
0.01995
0.0200745
0.0200161
0.0201917
0.0203932
0.0204518
0.0206008
0.0207833
0.0208701
0.0209995
0.0211888
0.0213441
0.0214866
0.0216364
0.0218058
0.0219771
0.0221521
0.0223572
0.0225212
0.0226653
0.0228971
0.0231255
0.0232907
0.0234831
0.0237092
0.0239504
0.0241555
0.0243785
0.0246134
0.0248638
0.0250889
0.025356
0.0256087
0.0258575
0.0261281
0.0264047
0.0266908
0.026947
0.027259
0.0275378
0.0278511
0.0281448
0.028458
0.0287896
0.0290896
0.0294326
0.0297701
0.0301056
0.0304923
0.0308318
0.0312461
0.031655
0.031884
0.0166785
0.0170276
0.0174567
0.0178628
0.0181997
0.0184279
0.0185335
0.0185472
0.0185109
0.0184442
0.0183413
0.0182328
0.0181431
0.0180701
0.0180127
0.017968
0.0179622
0.0179693
0.0179904
0.0180393
0.0180777
0.01812
0.0181437
0.0181749
0.0182263
0.0182672
0.0183207
0.0183541
0.0183896
0.0184442
0.0184873
0.018531
0.0185703
0.01864
0.0187386
0.0188192
0.0188605
0.0188896
0.0189803
0.0191416
0.0192588
0.0192722
0.019272
0.0194408
0.0197028
0.0197003
0.0196271
0.0199004
0.0201205
0.0200633
0.0201715
0.0203995
0.0204773
0.0206022
0.0207952
0.0208895
0.0210042
0.0211923
0.0213565
0.0214997
0.021643
0.0218156
0.0219875
0.0221573
0.0223677
0.0225345
0.0226712
0.0229005
0.0231358
0.0233029
0.0234889
0.0237146
0.0239596
0.0241631
0.0243848
0.0246197
0.0248694
0.0250952
0.0253623
0.0256128
0.0258624
0.0261334
0.0264085
0.0266941
0.0269509
0.027263
0.0275407
0.0278542
0.0281484
0.0284606
0.0287916
0.0290916
0.029434
0.0297721
0.0301073
0.0304937
0.0308339
0.0312482
0.0316604
0.0318866
0.0166326
0.0169782
0.0174015
0.0177979
0.018122
0.018351
0.0184652
0.0184803
0.018439
0.0183718
0.0182816
0.0181753
0.0180889
0.0180233
0.0179793
0.0179443
0.0179358
0.017956
0.0179791
0.0180283
0.0180712
0.0181173
0.0181515
0.0181778
0.0182299
0.0182696
0.0183217
0.0183633
0.0183977
0.0184515
0.0184944
0.0185445
0.0185884
0.0186525
0.018745
0.0188217
0.0188806
0.01892
0.0189867
0.0191282
0.0192526
0.0193078
0.0193203
0.0194078
0.0196628
0.0197701
0.0196694
0.0198406
0.0201298
0.0201251
0.020162
0.0203901
0.0205022
0.0206064
0.020802
0.020911
0.021009
0.0211894
0.021367
0.0215131
0.0216489
0.021822
0.0219922
0.0221602
0.0223747
0.0225477
0.0226777
0.0229017
0.0231439
0.0233145
0.0234938
0.0237182
0.0239663
0.0241692
0.0243903
0.0246242
0.0248735
0.0251004
0.0253662
0.0256149
0.0258664
0.0261377
0.0264108
0.0266963
0.026954
0.0272652
0.0275415
0.0278554
0.0281502
0.0284617
0.0287925
0.0290931
0.0294352
0.0297734
0.0301086
0.0304945
0.0308354
0.0312497
0.0316596
0.031888
0.0166122
0.016944
0.0173545
0.0177361
0.0180419
0.018257
0.0183697
0.0183837
0.0183401
0.0182704
0.0181929
0.0180999
0.0180208
0.0179675
0.0179362
0.0179167
0.0179097
0.0179397
0.0179724
0.0180212
0.0180699
0.0181164
0.0181613
0.0181865
0.018237
0.0182802
0.0183262
0.0183755
0.0184093
0.018464
0.0185075
0.0185575
0.0186102
0.0186677
0.0187582
0.0188316
0.018896
0.0189553
0.0190086
0.0191315
0.0192572
0.0193305
0.0193788
0.0194235
0.0196153
0.0198045
0.0197449
0.019807
0.0201054
0.0201871
0.0201794
0.0203731
0.0205216
0.0206182
0.0208027
0.0209336
0.0210227
0.0211847
0.0213767
0.021532
0.0216574
0.0218287
0.0220061
0.0221659
0.0223801
0.0225618
0.0226881
0.0229024
0.0231509
0.0233282
0.0235019
0.0237235
0.0239739
0.0241773
0.0243982
0.0246301
0.0248796
0.0251082
0.0253717
0.025619
0.0258729
0.0261435
0.0264138
0.0267002
0.0269592
0.0272696
0.0275444
0.0278591
0.0281543
0.0284641
0.0287942
0.029095
0.0294366
0.0297751
0.0301104
0.0304961
0.0308374
0.0312518
0.0316619
0.0318902
0.0166296
0.0169438
0.0173351
0.0176936
0.0179728
0.0181566
0.0182478
0.0182486
0.0181972
0.0181218
0.0180507
0.017977
0.0179119
0.0178751
0.0178594
0.0178596
0.0178644
0.0179001
0.0179453
0.0179962
0.0180502
0.0180963
0.0181476
0.0181791
0.0182239
0.0182731
0.0183147
0.0183695
0.0184082
0.0184626
0.0185133
0.0185586
0.0186211
0.0186775
0.0187603
0.0188365
0.0188957
0.0189711
0.0190255
0.0191268
0.0192557
0.0193334
0.0194084
0.0194592
0.0195777
0.0197937
0.0198215
0.0198126
0.0200619
0.0202239
0.0202172
0.0203599
0.0205284
0.0206343
0.020801
0.0209496
0.0210431
0.0211773
0.0213744
0.0215471
0.0216561
0.0218298
0.0220169
0.0221727
0.022382
0.0225752
0.0227028
0.022903
0.0231542
0.0233414
0.0235114
0.0237273
0.0239779
0.0241841
0.0244058
0.0246339
0.0248839
0.0251143
0.0253743
0.0256213
0.0258788
0.026148
0.026415
0.0267027
0.0269632
0.0272717
0.0275449
0.0278609
0.0281571
0.0284657
0.0287958
0.0290973
0.0294385
0.0297765
0.0301118
0.030497
0.0308388
0.0312531
0.0316629
0.031892
0.0166648
0.0169737
0.0173548
0.0176983
0.0179613
0.0181208
0.0181863
0.0181682
0.0181052
0.0180247
0.0179531
0.0178926
0.0178405
0.0178159
0.0178144
0.0178323
0.0178505
0.0178855
0.0179346
0.0179872
0.0180433
0.0180899
0.0181422
0.0181841
0.0182239
0.0182728
0.0183137
0.0183685
0.0184147
0.0184649
0.0185231
0.0185669
0.0186309
0.0186963
0.0187678
0.0188493
0.0189075
0.0189873
0.019056
0.0191358
0.0192603
0.0193425
0.0194238
0.0194996
0.0195688
0.0197577
0.0198695
0.0198492
0.0200206
0.0202274
0.0202618
0.0203622
0.0205261
0.0206493
0.0208008
0.0209582
0.0210694
0.0211811
0.0213677
0.0215632
0.0216768
0.021833
0.0220265
0.022182
0.02238
0.0225852
0.0227199
0.0229028
0.0231526
0.0233533
0.023524
0.0237325
0.0239797
0.024191
0.0244154
0.0246388
0.0248895
0.0251222
0.0253775
0.0256249
0.0258866
0.026153
0.0264164
0.0267067
0.0269691
0.0272755
0.027547
0.0278642
0.0281609
0.0284672
0.0287965
0.029099
0.0294397
0.0297779
0.0301135
0.0304987
0.0308406
0.0312551
0.0316644
0.0318929
0.0165197
0.0167279
0.0170164
0.0172923
0.0175242
0.0176896
0.0177894
0.0178259
0.0178228
0.0178027
0.0177805
0.017765
0.0177496
0.0177508
0.0177701
0.0178057
0.0178367
0.0178696
0.0179161
0.0179679
0.0180236
0.0180697
0.0181198
0.0181709
0.018215
0.0182623
0.0183078
0.0183637
0.0184187
0.0184676
0.0185278
0.0185793
0.0186366
0.0187103
0.0187747
0.0188529
0.0189177
0.018992
0.019079
0.019146
0.019258
0.0193546
0.0194329
0.0195342
0.0195892
0.0197302
0.0198922
0.0199062
0.020009
0.0202117
0.0202988
0.0203811
0.0205238
0.0206601
0.0208031
0.0209605
0.0210911
0.0211925
0.0213549
0.0215654
0.021697
0.0218378
0.0220315
0.0221943
0.0223795
0.0225952
0.0227443
0.0229073
0.0231502
0.0233664
0.0235412
0.0237405
0.0239807
0.0241977
0.0244266
0.0246442
0.0248949
0.0251294
0.0253794
0.0256286
0.0258953
0.0261576
0.0264176
0.0267106
0.0269745
0.0272784
0.0275482
0.0278674
0.0281652
0.02847
0.028799
0.0291022
0.0294424
0.0297794
0.030115
0.0304998
0.0308419
0.0312567
0.031666
0.0318958
0.0176331
0.0175567
0.0174237
0.0173077
0.0172451
0.0172351
0.0172651
0.0173142
0.0173695
0.0174344
0.017501
0.0175665
0.0176166
0.0176602
0.0177058
0.0177584
0.0178057
0.0178443
0.0178911
0.0179423
0.0179979
0.0180417
0.0180872
0.0181411
0.0181908
0.0182391
0.0182886
0.0183468
0.0184063
0.0184594
0.0185171
0.0185819
0.0186376
0.0187109
0.0187798
0.0188513
0.0189279
0.0189971
0.0190925
0.01916
0.0192489
0.0193613
0.0194362
0.0195436
0.0196108
0.0197084
0.0198838
0.0199468
0.0200138
0.0201861
0.0203129
0.0204061
0.0205274
0.0206643
0.0208063
0.0209594
0.0211076
0.0212162
0.0213512
0.0215589
0.0217183
0.02185
0.0220328
0.0222038
0.0223757
0.0225972
0.0227653
0.0229094
0.023139
0.0233734
0.0235568
0.0237458
0.0239774
0.0242007
0.0244353
0.0246487
0.0248999
0.0251347
0.0253796
0.0256317
0.0259032
0.0261602
0.0264172
0.0267138
0.0269793
0.0272808
0.0275492
0.0278696
0.0281679
0.0284707
0.0287989
0.0291035
0.0294436
0.0297804
0.0301165
0.0305014
0.0308435
0.0312582
0.031667
0.0318957
0.0164831
0.0166132
0.0168112
0.0169906
0.0171281
0.0172284
0.0172966
0.0173416
0.0173694
0.0174012
0.0174436
0.0175002
0.0175565
0.0176073
0.0176577
0.0177149
0.0177775
0.0178323
0.0178869
0.0179392
0.0179947
0.0180387
0.018079
0.0181285
0.0181774
0.0182306
0.0182844
0.0183447
0.0184056
0.0184656
0.018522
0.0185917
0.0186537
0.0187157
0.0187889
0.0188569
0.0189375
0.0190111
0.0191009
0.0191797
0.0192497
0.0193688
0.0194564
0.0195492
0.019641
0.0197165
0.0198724
0.0199812
0.0200346
0.0201741
0.0203159
0.0204259
0.0205429
0.0206653
0.0208085
0.0209585
0.0211103
0.0212413
0.0213529
0.0215406
0.0217326
0.0218664
0.0220354
0.0222151
0.0223777
0.0226023
0.0227939
0.0229236
0.0231329
0.0233833
0.023581
0.0237582
0.0239782
0.0242082
0.0244473
0.0246564
0.024909
0.0251423
0.025381
0.0256379
0.0259147
0.0261653
0.0264192
0.0267199
0.0269863
0.027285
0.0275521
0.0278743
0.0281734
0.0284747
0.0288024
0.0291075
0.0294468
0.0297821
0.0301181
0.0305029
0.0308449
0.0312601
0.0316693
0.0318995
0.0177074
0.0175118
0.0172431
0.016993
0.016804
0.0166973
0.0166731
0.0167286
0.0168349
0.0169709
0.017119
0.0172709
0.0174107
0.0175215
0.0176062
0.0176768
0.0177506
0.0178171
0.0178777
0.0179274
0.0179739
0.0180148
0.0180515
0.0180951
0.0181416
0.0182031
0.0182662
0.0183292
0.0183912
0.0184573
0.0185188
0.0185871
0.0186573
0.0187158
0.0187873
0.0188608
0.0189389
0.019021
0.0191035
0.0191857
0.0192529
0.0193609
0.019469
0.0195457
0.0196461
0.0197323
0.0198547
0.0199934
0.0200549
0.0201659
0.020316
0.0204328
0.0205611
0.020672
0.0208053
0.0209643
0.0211071
0.0212613
0.0213717
0.0215216
0.0217381
0.0218857
0.0220353
0.0222225
0.022375
0.0225949
0.0228103
0.0229335
0.02312
0.023379
0.023595
0.0237667
0.023972
0.0242075
0.0244536
0.0246579
0.0249131
0.025147
0.0253779
0.0256382
0.025922
0.0261669
0.0264169
0.0267216
0.0269895
0.0272861
0.0275519
0.0278753
0.0281749
0.0284749
0.0288019
0.0291082
0.0294476
0.0297826
0.0301188
0.0305039
0.0308459
0.0312609
0.0316696
0.0318988
0.0174009
0.0170822
0.0167135
0.016404
0.0161971
0.0161119
0.0161484
0.0162899
0.0164917
0.016714
0.0169323
0.0171371
0.01732
0.0174639
0.017571
0.0176522
0.0177297
0.0177998
0.0178611
0.0179092
0.01795
0.0179898
0.018029
0.0180711
0.0181164
0.0181826
0.0182533
0.0183189
0.0183823
0.0184499
0.0185153
0.0185829
0.018653
0.0187126
0.0187808
0.0188583
0.0189366
0.0190226
0.0191082
0.0191883
0.0192628
0.0193638
0.0194786
0.0195579
0.0196503
0.0197519
0.0198585
0.0199961
0.0200737
0.020167
0.0203179
0.0204379
0.0205687
0.0206832
0.020804
0.0209686
0.0211078
0.0212642
0.021392
0.0215179
0.021733
0.0219014
0.0220414
0.0222312
0.0223887
0.0225978
0.0228258
0.0229565
0.0231279
0.0233842
0.0236107
0.0237852
0.0239809
0.0242139
0.0244656
0.0246674
0.0249213
0.0251578
0.0253842
0.0256429
0.0259319
0.0261756
0.0264217
0.0267274
0.0269968
0.0272924
0.0275569
0.0278805
0.028181
0.0284805
0.0288065
0.0291124
0.0294515
0.0297849
0.0301207
0.0305056
0.0308474
0.0312632
0.0316725
0.0319035
)
;

boundaryField
{
    zeroGradientPlanes
    {
        type            zeroGradient;
    }
    inlet
    {
        type            zeroGradient;
    }
    plate
    {
        type            zeroGradient;
    }
    frontAndBack
    {
        type            empty;
    }
}


// ************************************************************************* //
