/*--------------------------------*- C++ -*----------------------------------*\
| =========                 |                                                 |
| \\      /  F ield         | OpenFOAM: The Open Source CFD Toolbox           |
|  \\    /   O peration     | Version:  v1912                                 |
|   \\  /    A nd           | Website:  www.openfoam.com                      |
|    \\/     M anipulation  |                                                 |
\*---------------------------------------------------------------------------*/
FoamFile
{
    version     2.0;
    format      ascii;
    class       volScalarField;
    location    "9.6";
    object      p;
}
// * * * * * * * * * * * * * * * * * * * * * * * * * * * * * * * * * * * * * //

dimensions      [0 2 -2 0 0 0 0];


internalField   nonuniform List<scalar> 
9600
(
4.0933e-10
-0.00116204
-0.000204419
0.000485153
-0.00394174
0.0040826
0.00536172
0.00454936
0.00678522
0.00852148
0.0073985
0.00749846
0.00671686
0.0068458
0.00546723
0.00569607
0.00593929
0.00711457
0.00682695
0.00920244
6.32536e-08
-0.00113666
-0.000217097
0.000423224
-0.00392636
0.00409373
0.0053502
0.0045748
0.00674397
0.00849895
0.00740008
0.00747799
0.00673569
0.00681011
0.00549968
0.00570587
0.00596359
0.00709963
0.00688768
0.00904804
2.50738e-06
-0.00111431
-0.000247638
0.000369921
-0.00390555
0.00409614
0.00534108
0.0045977
0.00670763
0.00847542
0.00740358
0.00744724
0.00675475
0.00678638
0.00554287
0.00572294
0.00599769
0.0070653
0.00692907
0.00885491
5.99915e-06
-0.00109637
-0.00027613
0.000339633
-0.00387138
0.00408928
0.00533575
0.00461175
0.00666578
0.00845211
0.0074072
0.00740514
0.00677141
0.00676628
0.00558903
0.00574464
0.00602493
0.00702359
0.00695318
0.0086552
1.06056e-05
-0.0010813
-0.000296825
0.000333813
-0.00381767
0.00407132
0.00533363
0.00461817
0.0066199
0.0084279
0.00741016
0.00735407
0.00678845
0.00674725
0.00563937
0.00576481
0.0060459
0.00698367
0.00695935
0.00845661
1.62572e-05
-0.00106796
-0.000308297
0.000354071
-0.00374151
0.00404324
0.00533533
0.00461938
0.00657165
0.00840274
0.00741188
0.0072983
0.00680711
0.00672813
0.0056934
0.0057821
0.00607028
0.00694725
0.00694639
0.00826695
2.25197e-05
-0.00105435
-0.000308452
0.000396949
-0.00364538
0.00400769
0.0053412
0.00461793
0.00652269
0.00837649
0.00741209
0.00724024
0.00682663
0.00670812
0.00574978
0.00579699
0.00609073
0.00691377
0.0069198
0.00809354
2.8952e-05
-0.00103769
-0.000296545
0.000455719
-0.00353476
0.00396741
0.00535094
0.0046161
0.00647384
0.00834906
0.00741088
0.00718075
0.00684645
0.00668671
0.00580765
0.00581086
0.00610664
0.00688758
0.00688512
0.00793248
3.53874e-05
-0.00101564
-0.000274237
0.000523786
-0.00341556
0.00392428
0.00536379
0.00461505
0.00642546
0.00832051
0.00740846
0.00711996
0.0068662
0.00666419
0.00586652
0.00582471
0.0061174
0.00687069
0.00684266
0.00777706
4.19353e-05
-0.000987196
-0.000244391
0.000596284
-0.00329233
0.00387931
0.00537878
0.00461518
0.00637774
0.00829084
0.00740503
0.00705785
0.00688577
0.00664147
0.00592529
0.00583971
0.00612235
0.00686268
0.0067912
0.00762525
4.88452e-05
-0.000952673
-0.000209573
0.000670131
-0.00316744
0.00383307
0.00539518
0.00461648
0.00633069
0.00825989
0.00740076
0.00699434
0.00690526
0.00661938
0.00598258
0.0058575
0.00611994
0.00686159
0.00673312
0.0074765
5.636e-05
-0.000913159
-0.000171562
0.000743617
-0.00304135
0.00378588
0.00541247
0.00461877
0.00628415
0.00822744
0.00739581
0.0069295
0.00692461
0.00659872
0.00603706
0.00587932
0.00610969
0.00686584
0.00667192
0.00732745
6.46511e-05
-0.000869899
-0.000131291
0.000816024
-0.00291352
0.00373797
0.0054303
0.00462181
0.00623787
0.00819332
0.0073903
0.00686363
0.00694354
0.00658026
0.00608747
0.0059061
0.00609108
0.00687316
0.00661059
0.00717407
7.38292e-05
-0.000823883
-8.90608e-05
0.000887113
-0.00278304
0.00368947
0.00544835
0.00462542
0.00619155
0.00815743
0.00738431
0.00679724
0.00696146
0.00656478
0.00613274
0.00593839
0.00606434
0.00688017
0.00655232
0.00701389
8.39768e-05
-0.000775753
-4.48808e-05
0.000956842
-0.00264904
0.00364045
0.00546638
0.00462945
0.00614487
0.00811979
0.00737795
0.00673072
0.00697755
0.00655318
0.00617188
0.00597636
0.00603056
0.00688291
0.00650065
0.00684622
9.51771e-05
-0.000725895
1.34368e-06
0.00102528
-0.00251095
0.00359098
0.00548414
0.00463393
0.00609754
0.00808048
0.00737137
0.00666436
0.00699099
0.00654633
0.00620404
0.00601965
0.00599175
0.00687752
0.00645879
0.00667195
0.000107531
-0.000674534
4.97239e-05
0.00109247
-0.00236847
0.00354111
0.00550146
0.00463897
0.00604927
0.00803964
0.0073646
0.00659854
0.00700098
0.00654487
0.00622883
0.00606735
0.00595049
0.00686066
0.00642893
0.00649373
0.000121158
-0.00062179
0.000100347
0.00115836
-0.00222155
0.00349095
0.00551811
0.0046448
0.00599982
0.0079974
0.00735765
0.00653358
0.00700696
0.0065492
0.00624632
0.00611794
0.00590948
0.00682989
0.00641169
0.006316
0.000136186
-0.000567717
0.00015328
0.00122285
-0.00207025
0.00344069
0.00553388
0.00465176
0.0059489
0.00795388
0.00735064
0.00646964
0.00700833
0.0065595
0.00625714
0.00616948
0.00587113
0.00678402
0.00640639
0.00614449
0.000152759
-0.000512343
0.000208583
0.00128582
-0.00191474
0.00339051
0.00554845
0.00466034
0.00589631
0.0079091
0.00734377
0.00640694
0.00700452
0.00657555
0.00626237
0.00622006
0.00583735
0.00672295
0.00641152
0.00598574
0.000171027
-0.000455687
0.000266314
0.00134716
-0.00175521
0.00334074
0.00556149
0.00467097
0.00584188
0.00786298
0.00733728
0.00634568
0.00699503
0.00659693
0.00626291
0.00626787
0.00580998
0.0066474
0.0064243
0.00584635
0.000191143
-0.000397768
0.00032653
0.00140678
-0.00159185
0.00329177
0.00557263
0.00468406
0.00578546
0.00781533
0.0073315
0.00628592
0.0069796
0.00662343
0.00625931
0.00631111
0.00579082
0.00655818
0.0064406
0.00573286
0.000213278
-0.00033859
0.000389256
0.00146465
-0.00142495
0.00324406
0.00558148
0.00470004
0.00572698
0.00776582
0.0073269
0.0062277
0.00695799
0.00665495
0.00625222
0.00634812
0.00578152
0.00645648
0.00645542
0.00565134
0.000237602
-0.000278132
0.000454473
0.00152078
-0.00125478
0.00319812
0.00558757
0.00471932
0.00566653
0.00771395
0.007324
0.00617111
0.00692979
0.00669163
0.00624216
0.00637691
0.00578404
0.00634474
0.0064632
0.00560611
0.000264278
-0.000216349
0.000522125
0.00157532
-0.00108166
0.00315447
0.00559045
0.00474216
0.00560434
0.00765903
0.00732335
0.00611625
0.00689435
0.00673369
0.00622991
0.00639513
0.00580024
0.00622706
0.00645784
0.00559906
0.000293471
-0.000153154
0.000592133
0.0016285
-0.000905975
0.00311365
0.00558977
0.0047687
0.00554085
0.00760022
0.00732554
0.00606359
0.00685096
0.00678088
0.00621711
0.00640077
0.00583096
0.00610872
0.00643249
0.00562801
0.000325343
-8.8389e-05
0.000664368
0.00168061
-0.000728163
0.00307623
0.00558512
0.00479904
0.00547671
0.00753657
0.00733097
0.00601401
0.00679866
0.00683251
0.0062064
0.0063916
0.00587485
0.00599669
0.00638096
0.00568425
0.000360043
-2.18248e-05
0.000738638
0.00173202
-0.000548684
0.00304278
0.00557623
0.00483308
0.00541262
0.00746723
0.00733973
0.00596859
0.00673635
0.00688751
0.0062011
0.00636538
0.00592765
0.00590043
0.00630167
0.00575466
0.000397713
4.67992e-05
0.000814722
0.00178317
-0.000368071
0.00301377
0.00556299
0.00487055
0.00534953
0.00739138
0.00735158
0.00592899
0.00666309
0.00694372
0.00620492
0.00632159
0.00598329
0.00582972
0.0061999
0.00582137
0.000438454
0.000117777
0.000892386
0.00183448
-0.000186881
0.00298965
0.00554543
0.00491108
0.0052885
0.00730843
0.00736612
0.00589684
0.00657805
0.00699808
0.00622215
0.00626226
0.00603472
0.00579118
0.0060867
0.005865
0.000482349
0.000191411
0.000971378
0.00188633
-5.64757e-06
0.00297078
0.00552372
0.00495415
0.00523059
0.00721811
0.00738268
0.00587377
0.00648084
0.00704684
0.00625682
0.00619164
0.00607379
0.00578585
0.00597488
0.00587344
0.000529477
0.000267978
0.00105144
0.00193907
0.000175208
0.0029574
0.00549818
0.00499926
0.00517657
0.00712009
0.00740007
0.005862
0.00637208
0.00708577
0.0063113
0.00611536
0.00609379
0.0058096
0.00587852
0.00584745
0.000579853
0.000347763
0.00113234
0.00199293
0.000355392
0.00294958
0.00546931
0.00504595
0.00512723
0.00701426
0.00741684
0.0058633
0.00625335
0.00711044
0.00638571
0.00604009
0.00609044
0.00585451
0.00581045
0.00579835
0.000633459
0.000431028
0.00121397
0.00204805
0.00053474
0.0029471
0.00543758
0.00509393
0.00508339
0.00690071
0.00743123
0.00587943
0.00612703
0.00711643
0.00647867
0.00597342
0.00606182
0.00591133
0.00577919
0.00574109
0.000690253
0.000518017
0.00129637
0.00210431
0.000713394
0.00294965
0.00540328
0.00514316
0.00504611
0.00677967
0.00744091
0.00591173
0.00599607
0.00709947
0.00658764
0.0059229
0.00600814
0.0059705
0.00578898
0.0056915
0.000750187
0.000608964
0.00137955
0.00216132
0.000891812
0.00295716
0.00536652
0.00519354
0.00501621
0.00665201
0.0074434
0.00596102
0.00586445
0.00705503
0.00670846
0.00589636
0.00593118
0.00602095
0.00583894
0.00566783
0.000813272
0.000703954
0.00146365
0.0022187
0.00107049
0.00296974
0.00532695
0.00524514
0.0049948
0.00651898
0.00743553
0.00602733
0.00573732
0.00697907
0.00683446
0.00590285
0.00583593
0.00605006
0.00592071
0.00568563
0.000879555
0.00080299
0.0015491
0.00227597
0.00124944
0.00298798
0.00528381
0.00529737
0.00498385
0.00638275
0.00741353
0.00610858
0.00562087
0.00686957
0.00695602
0.00595052
0.00573315
0.00604805
0.006023
0.00575177
0.000949088
0.000905985
0.00163664
0.00233279
0.00142797
0.00301286
0.00523689
0.00534918
0.00498473
0.00624512
0.00737452
0.0062012
0.00552214
0.0067289
0.00706243
0.00604297
0.00563487
0.00600926
0.00613374
0.00586625
0.00102197
0.00101256
0.00172713
0.00238895
0.00160525
0.00304576
0.00518604
0.00539908
0.00499847
0.00610906
0.00731648
0.0063002
0.0054474
0.00656195
0.00714184
0.00617755
0.00555612
0.00593394
0.00623942
0.00602489
0.00109858
0.00112201
0.00182162
0.00244473
0.00177898
0.00308826
0.00513253
0.00544473
0.00502563
0.00597747
0.00723769
0.00640064
0.00540227
0.00637662
0.00717998
0.00634102
0.00551488
0.00583103
0.00632811
0.00622265
0.00117921
0.00123346
0.00192087
0.00250124
0.00194649
0.00314066
0.0050789
0.00548444
0.00506571
0.00584704
0.00713858
0.00649507
0.00539121
0.00618303
0.00717049
0.00651404
0.00551902
0.0057118
0.00639053
0.00645455
0.00126429
0.00134637
0.002025
0.00255995
0.00210572
0.00320269
0.00502795
0.00551676
0.00512315
0.00574224
0.00702202
0.00657801
0.00541324
0.00599312
0.00711336
0.00667963
0.00557047
0.00558256
0.0063977
0.00671467
0.00135432
0.00146014
0.00213386
0.00262332
0.00225464
0.0032724
0.00498377
0.00554073
0.00518497
0.00565305
0.00689153
0.00664515
0.0054659
0.00582774
0.00701271
0.00683075
0.00570566
0.00549816
0.00633196
0.00686399
0.00144953
0.00157457
0.00224625
0.00269376
0.00239324
0.00334588
0.00494815
0.00555838
0.00525186
0.00558191
0.00675282
0.00669213
0.00554584
0.00569687
0.00688318
0.00696334
0.00589626
0.00546145
0.00619486
0.0068889
0.00155048
0.00168967
0.0023605
0.00277312
0.00252235
0.00341903
0.00492291
0.00557232
0.00532002
0.00552899
0.00661202
0.00672039
0.00564897
0.00559908
0.00673832
0.00707017
0.00611534
0.00548017
0.00603047
0.00678684
0.00165746
0.0018052
0.00247568
0.00286246
0.00264525
0.00348841
0.00490694
0.00558548
0.00538975
0.00549424
0.00647353
0.00672914
0.00576758
0.00553801
0.00656639
0.00709859
0.00630521
0.00552058
0.00586597
0.00669248
0.00177075
0.00192183
0.00258851
0.00296188
0.00276593
0.00355187
0.00489683
0.00560142
0.00546002
0.0054749
0.00634197
0.00671776
0.00589932
0.00553003
0.00640763
0.00707847
0.00649871
0.00563336
0.00573189
0.00646961
0.00189043
0.00203978
0.00269942
0.00307075
0.0028883
0.00360875
0.00488866
0.00562017
0.00553181
0.00548057
0.0062219
0.00668403
0.00602865
0.00555957
0.00625375
0.00699353
0.00664967
0.00578559
0.00564453
0.00627938
0.00201633
0.00215984
0.0028056
0.00318626
0.00301658
0.00366077
0.00487756
0.00563998
0.00560785
0.00549678
0.00611119
0.00662996
0.00614634
0.00561889
0.00611588
0.00687545
0.00675318
0.00595815
0.0056471
0.00614064
0.00214812
0.00228295
0.00290743
0.0033064
0.00315334
0.00371129
0.00486027
0.00565829
0.00568706
0.00552817
0.00601677
0.0065636
0.00624205
0.00569895
0.00601781
0.00674726
0.00680553
0.00613788
0.0057188
0.00605576
0.00228511
0.00240997
0.00300548
0.00342829
0.00329947
0.00376617
0.00483589
0.00566897
0.00576921
0.00557812
0.00594165
0.00648618
0.0063127
0.00579901
0.00596086
0.00661396
0.00681682
0.0063118
0.00583799
0.00602486
0.00242672
0.00254176
0.00310061
0.00354682
0.00345441
0.00383051
0.00480576
0.0056675
0.00585018
0.00564488
0.00588991
0.00640662
0.00636157
0.00590645
0.00593995
0.00649476
0.0067982
0.00646273
0.00598791
0.00604254
0.00257208
0.00267869
0.00319492
0.00365969
0.0036143
0.00390823
0.00477541
0.00564977
0.00592231
0.00572872
0.00586682
0.00633095
0.00638793
0.00601289
0.00595665
0.00640219
0.00675208
0.00657593
0.00615767
0.00610776
0.00272035
0.0028211
0.00329079
0.00376576
0.0037737
0.00400171
0.00475253
0.00561443
0.00597886
0.00582514
0.00587238
0.00626819
0.00639963
0.00611345
0.00600013
0.0063376
0.00669546
0.00665326
0.00633032
0.00621297
0.00287073
0.00296868
0.00339037
0.00386494
0.00392785
0.0041102
0.00474399
0.00556771
0.00601295
0.00592261
0.00590531
0.00622671
0.00640289
0.00620151
0.00606113
0.0063072
0.00664984
0.00669856
0.00647787
0.00634209
0.00302266
0.00312067
0.00349533
0.00395833
0.00407318
0.00422988
0.00475508
0.00551998
0.00602178
0.00601076
0.00596312
0.00620851
0.00640382
0.00628059
0.0061369
0.00630355
0.00661483
0.00672387
0.00660033
0.00648968
0.00317572
0.00327586
0.00360653
0.00404788
0.00420797
0.00435511
0.00478751
0.00547948
0.00600808
0.00608262
0.00603525
0.00621387
0.0064086
0.00635224
0.00622076
0.00631844
0.00659061
0.00674612
0.00670856
0.00664061
0.00332958
0.00343284
0.00372405
0.00413597
0.00433151
0.00448095
0.00483941
0.00545366
0.00598693
0.00613679
0.00610893
0.00623928
0.00642139
0.00641665
0.00631142
0.00635916
0.00658286
0.00676199
0.00679601
0.0067828
0.00348403
0.00359013
0.00384717
0.00422505
0.00444439
0.0046043
0.0049068
0.00544628
0.00596633
0.00617441
0.00617898
0.00627868
0.0064452
0.0064768
0.0064032
0.00642231
0.00659529
0.00677219
0.00686253
0.00691656
0.00363869
0.00374662
0.0039747
0.00431702
0.00454854
0.00472291
0.00498541
0.00545738
0.00595261
0.00620429
0.00624546
0.00632495
0.00647715
0.00653642
0.00649056
0.00649614
0.00663447
0.00679774
0.00691456
0.00702852
0.00379305
0.00390145
0.00410528
0.00441305
0.00464656
0.00483518
0.00507203
0.00548574
0.00594941
0.00623002
0.00630731
0.00637681
0.00651383
0.00659742
0.00658028
0.00657446
0.00668873
0.00684428
0.00696473
0.0071128
0.00394661
0.00405398
0.00423755
0.00451354
0.00474112
0.00494087
0.00516323
0.00552866
0.00595838
0.00625559
0.00636578
0.00643496
0.00655622
0.00665467
0.00667356
0.00666144
0.0067431
0.00690016
0.00702907
0.00718858
0.00409875
0.00420377
0.00437026
0.00461818
0.00483446
0.00504046
0.00525613
0.00558449
0.00597985
0.00628505
0.00642187
0.00649668
0.00660822
0.00670726
0.00675996
0.00676343
0.00680818
0.00695471
0.00710478
0.00727045
0.00424879
0.00435031
0.0045025
0.00472622
0.00492788
0.00513513
0.00534876
0.00565149
0.00601332
0.00631963
0.00647827
0.0065595
0.00666948
0.00676614
0.00683229
0.00686866
0.00689743
0.00701082
0.00717578
0.00735647
0.00439612
0.00449325
0.00463342
0.00483664
0.00502198
0.0052263
0.00543983
0.00572523
0.00605817
0.00635944
0.00653642
0.00662446
0.0067341
0.00683635
0.00690168
0.00695833
0.00700144
0.00708467
0.007243
0.00744198
0.00454007
0.00463202
0.00476194
0.00494851
0.00511698
0.00531502
0.00552915
0.00580279
0.00611343
0.0064057
0.00659532
0.00669382
0.00680054
0.00691072
0.00698229
0.00703658
0.00709985
0.00717884
0.0073181
0.00752493
0.00467995
0.00476605
0.00488713
0.00506068
0.00521293
0.00540179
0.00561637
0.00588313
0.00617759
0.00645984
0.00665524
0.00676731
0.00687392
0.00698197
0.00706996
0.00712322
0.00718426
0.00727583
0.00740521
0.00760935
0.00481477
0.00489497
0.00500818
0.00517141
0.00530937
0.00548785
0.00570148
0.00596394
0.00624782
0.00652189
0.00671824
0.00684147
0.00695773
0.00705653
0.00715117
0.00722252
0.00727168
0.007364
0.00749687
0.00769707
0.00494374
0.00501776
0.00512407
0.00527959
0.00540529
0.005573
0.00578513
0.00604581
0.00632238
0.00658944
0.00678713
0.0069155
0.00704562
0.00714572
0.00722743
0.00732069
0.00737479
0.00745122
0.00758571
0.00778363
0.00506588
0.0051341
0.00523361
0.00538385
0.00550013
0.00565689
0.00586523
0.00612818
0.00640244
0.00666052
0.00686176
0.00699476
0.00712999
0.00724942
0.00731423
0.00740891
0.00748735
0.00754916
0.00767496
0.00786855
0.00517952
0.00524261
0.00533619
0.00548245
0.00559221
0.00574054
0.00594161
0.00620542
0.00648538
0.00673548
0.00693861
0.00708422
0.00721339
0.00735443
0.00742551
0.00749805
0.00759717
0.00766008
0.00776992
0.00795479
0.00528327
0.00534266
0.00543061
0.00557429
0.00567957
0.00582436
0.00601873
0.00628008
0.00656447
0.00681429
0.00701726
0.00718152
0.00730692
0.00745547
0.00755637
0.00761037
0.00770719
0.00778099
0.00787446
0.00804361
0.00537542
0.00543296
0.00551517
0.00565718
0.0057624
0.00590179
0.00609078
0.00635182
0.00663867
0.00688809
0.00709717
0.00728283
0.00741702
0.00756608
0.00770448
0.0077674
0.00785126
0.00793789
0.00802414
0.00816969
0.00545305
0.00551169
0.00558996
0.00572943
0.00583704
0.00597798
0.00616069
0.00641866
0.00670293
0.00694484
0.00715237
0.00735222
0.00749902
0.007642
0.00780206
0.00790155
0.00799225
0.00811294
0.00824319
0.00841652
0.00551468
0.00557664
0.00565257
0.00579514
0.00590336
0.00604755
0.00623857
0.00650227
0.00680944
0.0070812
0.00730601
0.0075331
0.0077141
0.00785742
0.00799575
0.00807055
0.00808552
0.00809868
0.00813143
0.00821413
0.00555678
0.00560995
0.00569388
0.00584121
0.00596058
0.0060946
0.0062441
0.00644845
0.00668674
0.00694063
0.00721946
0.00751793
0.00778641
0.00801361
0.00825749
0.008514
0.00878178
0.00907726
0.00938646
0.00965421
0.00557534
0.00565187
0.0057481
0.00590183
0.00603472
0.00619697
0.0063941
0.00666824
0.00697794
0.0072595
0.00749701
0.00773191
0.00793379
0.00808632
0.00821698
0.00829861
0.00831918
0.0083012
0.00829248
0.0083314
0.00553728
0.00559613
0.00574449
0.00596176
0.00612332
0.00628487
0.00646362
0.00668597
0.00693259
0.00718895
0.00740713
0.00762988
0.00789174
0.00813702
0.00841301
0.00873024
0.00905613
0.00936215
0.00962842
0.00982845
0.00553555
0.00561023
0.00577787
0.00600031
0.00617302
0.00633663
0.00652006
0.00678386
0.00706851
0.00735174
0.00760369
0.00782174
0.00805925
0.00827741
0.0084789
0.00868777
0.00888964
0.00906961
0.00921397
0.00931025
0.0117434
0.00827351
0.00190606
-0.00304297
-0.00360668
-0.00168213
0.000489283
0.00228044
0.0036553
0.00461263
0.00523351
0.00570169
0.00619744
0.00672231
0.00725342
0.00789659
0.00858753
0.00912596
0.00953746
0.00995322
0.0104423
0.0110357
0.0116643
0.0121994
0.0127085
0.0133416
0.0139912
0.0145619
0.0151329
0.0157146
0.0163002
0.0168835
0.0174381
0.0179921
0.0185347
0.019081
0.0196784
0.0203062
0.0209407
0.0216117
0.0222571
0.0228912
0.0235514
0.024225
0.0249279
0.0256485
0.026351
0.0270766
0.0278432
0.0285475
0.0292255
0.0300041
0.030779
0.0315294
0.0323541
0.0332123
0.034068
0.0348965
0.0357516
0.036605
0.037449
0.0383054
0.0392813
0.0403406
0.0412971
0.0422131
0.0431064
0.0440538
0.0451411
0.0462211
0.0472517
0.0483077
0.04942
0.0505557
0.0516852
0.0528031
0.0539591
0.0551873
0.0565964
0.0579563
0.0590455
0.0602169
0.0616043
0.0630419
0.0644819
0.0659596
0.0673722
0.0687483
0.0702448
0.0717996
0.0733437
0.0749269
0.0765308
0.0781896
0.0798206
0.0814858
0.0831848
0.0848379
0.0862599
0.0876517
0.0113594
0.00817217
0.00201058
-0.00289445
-0.00352798
-0.00164703
0.000511514
0.00229769
0.00366985
0.0046251
0.0052439
0.00571005
0.0062042
0.0067279
0.00725787
0.00790039
0.00859133
0.00912963
0.0095407
0.00995605
0.0104447
0.0110379
0.0116665
0.0122015
0.0127102
0.0133432
0.0139928
0.0145633
0.0151342
0.0157158
0.0163013
0.0168846
0.0174391
0.017993
0.0185356
0.0190819
0.0196792
0.020307
0.0209415
0.0216124
0.0222579
0.0228919
0.0235521
0.0242256
0.0249284
0.0256491
0.0263515
0.027077
0.0278437
0.028548
0.029226
0.0300045
0.0307795
0.0315298
0.0323545
0.0332127
0.0340684
0.0348969
0.0357519
0.0366054
0.0374494
0.0383057
0.0392815
0.0403409
0.0412974
0.0422134
0.0431067
0.044054
0.0451413
0.0462213
0.0472519
0.0483079
0.0494202
0.0505559
0.0516855
0.0528033
0.0539593
0.0551875
0.0565966
0.0579565
0.0590458
0.0602171
0.0616044
0.063042
0.0644821
0.0659597
0.0673724
0.0687485
0.0702449
0.0717997
0.0733438
0.074927
0.0765309
0.0781896
0.0798207
0.0814859
0.0831849
0.084838
0.08626
0.0876517
0.0108821
0.00799368
0.00218744
-0.00261586
-0.00338256
-0.00159465
0.000534278
0.00231236
0.00368187
0.00463599
0.00525412
0.00571943
0.00621245
0.00673476
0.00726312
0.00790447
0.00859491
0.00913277
0.00954347
0.00995859
0.0104469
0.0110398
0.0116684
0.0122033
0.0127117
0.0133447
0.0139944
0.0145646
0.0151353
0.0157168
0.0163022
0.0168856
0.01744
0.0179938
0.0185363
0.0190825
0.0196799
0.0203077
0.0209421
0.021613
0.0222585
0.0228924
0.0235526
0.0242261
0.0249289
0.0256496
0.0263519
0.0270774
0.0278441
0.0285485
0.0292263
0.0300049
0.0307799
0.0315301
0.0323548
0.033213
0.0340687
0.0348972
0.0357522
0.0366056
0.0374497
0.0383059
0.0392817
0.0403412
0.0412977
0.0422137
0.0431069
0.0440541
0.0451415
0.0462215
0.0472521
0.0483081
0.0494204
0.0505561
0.0516856
0.0528034
0.0539595
0.0551875
0.0565967
0.0579567
0.0590459
0.0602171
0.0616045
0.0630421
0.0644822
0.0659599
0.0673725
0.0687486
0.070245
0.0717998
0.0733439
0.0749271
0.076531
0.0781897
0.0798208
0.0814859
0.083185
0.0848381
0.0862601
0.0876519
0.0104172
0.00781982
0.00242511
-0.00224124
-0.00316358
-0.0015105
0.000570724
0.00233383
0.00369711
0.00464819
0.00526565
0.00573114
0.00622393
0.00674539
0.00727206
0.00791122
0.00859977
0.00913651
0.00954712
0.00996248
0.0104504
0.0110424
0.0116704
0.0122052
0.0127136
0.0133467
0.0139962
0.0145661
0.0151367
0.0157182
0.0163035
0.0168868
0.017441
0.0179947
0.0185371
0.0190832
0.0196805
0.0203084
0.0209427
0.0216137
0.0222592
0.022893
0.0235532
0.0242266
0.0249293
0.0256501
0.0263524
0.0270778
0.0278446
0.0285489
0.0292266
0.0300052
0.0307802
0.0315304
0.0323551
0.0332134
0.034069
0.0348976
0.0357525
0.0366059
0.0374499
0.0383061
0.0392819
0.0403414
0.0412979
0.042214
0.0431071
0.0440542
0.0451417
0.0462218
0.0472523
0.0483082
0.0494206
0.0505563
0.0516858
0.0528036
0.0539596
0.0551876
0.0565968
0.057957
0.0590461
0.0602171
0.0616046
0.0630423
0.0644823
0.06596
0.0673727
0.0687486
0.070245
0.0717999
0.073344
0.0749272
0.076531
0.0781898
0.0798209
0.081486
0.0831851
0.0848382
0.0862603
0.0876521
0.00997272
0.00766212
0.00268376
-0.00183643
-0.00291281
-0.00140901
0.000615593
0.00236072
0.00371577
0.00466214
0.00527884
0.00574556
0.00623904
0.00676035
0.00728554
0.00792137
0.00860625
0.0091411
0.00955234
0.00996894
0.0104564
0.0110463
0.0116729
0.0122075
0.0127163
0.0133494
0.0139985
0.014568
0.0151386
0.0157201
0.0163053
0.0168884
0.0174424
0.0179959
0.0185381
0.0190841
0.0196813
0.0203092
0.0209434
0.0216145
0.0222599
0.0228936
0.0235538
0.0242273
0.0249299
0.0256507
0.026353
0.0270783
0.0278451
0.0285495
0.0292269
0.0300056
0.0307806
0.0315307
0.0323554
0.0332137
0.0340694
0.034898
0.0357528
0.0366062
0.0374503
0.0383064
0.0392822
0.0403417
0.0412982
0.0422143
0.0431074
0.0440543
0.0451419
0.0462221
0.0472525
0.0483084
0.0494208
0.0505565
0.051686
0.0528038
0.0539598
0.0551876
0.056597
0.0579574
0.0590463
0.0602171
0.0616047
0.0630424
0.0644824
0.0659601
0.0673729
0.0687487
0.0702451
0.0718001
0.0733441
0.0749273
0.0765311
0.0781899
0.0798209
0.0814861
0.0831852
0.0848384
0.0862606
0.0876525
0.00955721
0.00750193
0.0029311
-0.00142631
-0.00264478
-0.00129796
0.000664158
0.0023906
0.0037372
0.00467793
0.0052935
0.00576184
0.00625648
0.00677839
0.00730271
0.00793444
0.00861408
0.00914641
0.00955919
0.00997851
0.0104657
0.0110525
0.0116761
0.0122105
0.0127201
0.013353
0.0140012
0.0145702
0.0151408
0.0157224
0.0163077
0.0168907
0.0174444
0.0179975
0.0185395
0.0190851
0.0196824
0.0203102
0.0209443
0.0216153
0.0222607
0.0228944
0.0235546
0.024228
0.0249306
0.0256514
0.0263537
0.0270789
0.0278458
0.0285501
0.0292273
0.030006
0.030781
0.031531
0.0323558
0.0332141
0.0340698
0.0348984
0.0357532
0.0366065
0.0374507
0.0383067
0.0392824
0.040342
0.0412985
0.0422147
0.0431078
0.0440545
0.0451421
0.0462224
0.0472527
0.0483086
0.049421
0.0505567
0.0516862
0.052804
0.05396
0.0551877
0.0565971
0.0579578
0.0590465
0.0602171
0.0616048
0.0630426
0.0644825
0.0659603
0.0673731
0.0687488
0.0702452
0.0718002
0.0733442
0.0749274
0.0765312
0.07819
0.0798211
0.0814862
0.0831853
0.0848387
0.086261
0.087653
0.00916831
0.00732443
0.00315724
-0.00101223
-0.00235904
-0.00117778
0.000715031
0.00242227
0.00376117
0.00469596
0.00530977
0.00577939
0.00627504
0.00679788
0.00732181
0.00794912
0.00862259
0.009152
0.00956726
0.00999088
0.0104786
0.0110611
0.0116806
0.0122145
0.0127252
0.0133577
0.0140044
0.0145727
0.0151432
0.0157249
0.0163104
0.0168935
0.017447
0.0179999
0.0185415
0.0190867
0.0196838
0.0203115
0.0209455
0.0216163
0.0222617
0.0228954
0.0235555
0.0242288
0.0249314
0.0256522
0.0263546
0.0270796
0.0278465
0.0285508
0.0292279
0.0300065
0.0307814
0.0315313
0.0323562
0.0332145
0.0340702
0.0348988
0.0357535
0.0366067
0.0374511
0.0383072
0.0392827
0.0403422
0.0412988
0.0422152
0.0431082
0.0440546
0.0451424
0.0462227
0.047253
0.0483088
0.0494212
0.0505569
0.0516864
0.0528042
0.0539602
0.0551877
0.0565973
0.0579583
0.0590467
0.0602171
0.061605
0.0630428
0.0644826
0.0659605
0.0673733
0.0687489
0.0702453
0.0718003
0.0733444
0.0749275
0.0765314
0.0781901
0.0798212
0.0814863
0.0831855
0.084839
0.0862616
0.0876537
0.00880145
0.00713339
0.00336802
-0.00059123
-0.00205504
-0.00104866
0.000767375
0.00245499
0.00378757
0.00471652
0.00532785
0.00579808
0.00629435
0.0068181
0.00734187
0.00796471
0.00863153
0.00915766
0.00957586
0.010005
0.010494
0.0110719
0.0116865
0.0122197
0.0127318
0.0133635
0.0140082
0.0145756
0.0151458
0.0157275
0.0163132
0.0168963
0.0174499
0.0180029
0.0185443
0.0190892
0.0196858
0.0203133
0.0209469
0.0216175
0.0222628
0.0228965
0.0235566
0.0242298
0.0249322
0.0256531
0.0263556
0.0270804
0.0278473
0.0285517
0.0292287
0.0300071
0.0307818
0.0315317
0.0323566
0.0332148
0.0340706
0.0348994
0.0357538
0.0366069
0.0374516
0.0383077
0.039283
0.0403423
0.041299
0.0422158
0.0431088
0.0440549
0.0451427
0.0462231
0.0472533
0.0483091
0.0494214
0.0505571
0.0516866
0.0528045
0.0539605
0.0551877
0.0565974
0.0579589
0.0590469
0.0602171
0.0616052
0.063043
0.0644827
0.0659607
0.0673736
0.068749
0.0702454
0.0718005
0.0733445
0.0749276
0.0765315
0.0781903
0.0798213
0.0814864
0.0831857
0.0848394
0.0862623
0.0876545
0.00846138
0.00694148
0.0035655
-0.000168259
-0.00173536
-0.000910499
0.000821407
0.00248858
0.00381635
0.00473982
0.00534792
0.00581798
0.00631435
0.00683887
0.00736261
0.00798109
0.00864107
0.00916349
0.00958461
0.0100199
0.0105109
0.0110842
0.0116936
0.0122261
0.0127396
0.0133702
0.0140125
0.0145788
0.0151487
0.0157302
0.0163158
0.0168989
0.0174527
0.0180061
0.0185478
0.0190925
0.0196887
0.0203157
0.0209488
0.0216189
0.0222643
0.0228981
0.023558
0.0242309
0.0249331
0.025654
0.0263567
0.0270813
0.027848
0.0285528
0.0292297
0.0300079
0.0307823
0.0315322
0.0323571
0.0332151
0.0340711
0.0349
0.0357541
0.0366071
0.0374523
0.0383085
0.0392833
0.0403422
0.0412992
0.0422165
0.0431096
0.0440552
0.0451431
0.0462235
0.0472536
0.0483095
0.0494217
0.0505573
0.0516867
0.0528048
0.0539608
0.0551877
0.0565976
0.0579595
0.0590472
0.0602171
0.0616053
0.0630432
0.0644829
0.065961
0.0673739
0.0687491
0.0702455
0.0718007
0.0733447
0.0749278
0.0765317
0.0781904
0.0798215
0.0814865
0.083186
0.0848399
0.0862631
0.0876556
0.0081557
0.00675482
0.00374333
0.000249785
-0.00140091
-0.000761301
0.000878071
0.00252277
0.00384709
0.00476586
0.00537022
0.00583927
0.00633512
0.0068602
0.00738408
0.00799836
0.0086514
0.00916969
0.00959347
0.0100352
0.0105284
0.0110975
0.0117016
0.0122334
0.0127482
0.0133776
0.0140172
0.0145824
0.0151521
0.0157331
0.0163183
0.0169012
0.017455
0.018009
0.0185514
0.0190965
0.0196925
0.0203188
0.0209511
0.0216205
0.0222659
0.0229
0.0235598
0.0242323
0.024934
0.0256549
0.0263578
0.0270822
0.0278487
0.0285539
0.029231
0.0300089
0.0307831
0.0315329
0.0323576
0.0332153
0.0340714
0.0349007
0.0357545
0.0366072
0.0374531
0.0383094
0.0392836
0.0403419
0.0412991
0.0422173
0.0431105
0.0440557
0.0451436
0.046224
0.0472541
0.04831
0.0494222
0.0505576
0.0516869
0.0528051
0.0539612
0.0551877
0.0565978
0.0579602
0.0590476
0.0602171
0.0616056
0.0630434
0.064483
0.0659612
0.0673742
0.0687493
0.0702456
0.0718009
0.0733449
0.074928
0.0765319
0.0781906
0.0798217
0.0814867
0.0831863
0.0848406
0.0862642
0.087657
0.00788652
0.00657425
0.0038963
0.000659368
-0.00105126
-0.000599116
0.000937889
0.00255687
0.00387903
0.00479456
0.00539503
0.00586218
0.00635677
0.00688218
0.00740635
0.00801659
0.0086626
0.00917641
0.00960257
0.0100506
0.0105464
0.0111114
0.0117102
0.0122413
0.0127577
0.0133856
0.0140222
0.0145862
0.0151557
0.0157363
0.016321
0.0169032
0.0174569
0.0180115
0.018555
0.0191009
0.019697
0.0203227
0.0209538
0.0216223
0.0222677
0.0229022
0.023562
0.024234
0.0249351
0.0256557
0.026359
0.0270831
0.0278491
0.0285547
0.0292322
0.03001
0.0307841
0.031534
0.0323584
0.0332154
0.0340715
0.0349012
0.0357548
0.0366074
0.0374542
0.0383107
0.0392839
0.0403412
0.0412987
0.0422181
0.0431116
0.0440563
0.0451441
0.0462245
0.0472547
0.0483107
0.0494228
0.050558
0.0516872
0.0528055
0.0539616
0.0551876
0.0565979
0.057961
0.0590481
0.0602172
0.0616059
0.0630437
0.0644831
0.0659615
0.0673746
0.0687494
0.0702457
0.0718011
0.0733451
0.0749282
0.0765321
0.0781908
0.079822
0.0814869
0.0831867
0.0848413
0.0862654
0.0876586
0.00765146
0.00640255
0.00402356
0.00105788
-0.000687434
-0.000422729
0.00100128
0.00259028
0.00391146
0.00482578
0.00542261
0.00588699
0.00637945
0.00690491
0.00742949
0.00803584
0.00867476
0.00918379
0.00961211
0.0100665
0.0105648
0.0111257
0.0117192
0.0122497
0.0127678
0.0133942
0.0140276
0.0145903
0.0151596
0.0157398
0.0163238
0.0169052
0.0174588
0.0180139
0.0185585
0.0191054
0.019702
0.0203272
0.0209569
0.0216242
0.0222695
0.0229046
0.0235646
0.0242362
0.0249363
0.0256565
0.0263601
0.0270839
0.0278493
0.0285553
0.0292333
0.0300111
0.0307853
0.0315355
0.0323596
0.0332158
0.0340715
0.0349014
0.0357549
0.0366077
0.0374557
0.0383123
0.0392844
0.0403402
0.041298
0.0422186
0.0431129
0.044057
0.0451447
0.046225
0.0472553
0.0483116
0.0494236
0.0505586
0.0516878
0.0528062
0.053962
0.0551873
0.0565978
0.0579619
0.0590488
0.0602175
0.0616062
0.0630439
0.0644831
0.0659618
0.0673751
0.0687496
0.0702458
0.0718013
0.0733453
0.0749284
0.0765324
0.078191
0.0798223
0.0814872
0.0831871
0.0848423
0.0862669
0.0876605
0.00744757
0.00624479
0.00412586
0.00144156
-0.000311676
-0.000230822
0.00106926
0.00262282
0.00394378
0.00485936
0.00545323
0.00591402
0.00640334
0.00692844
0.00745354
0.00805618
0.00868798
0.00919201
0.00962233
0.010083
0.0105837
0.0111405
0.0117287
0.0122587
0.0127785
0.0134035
0.0140333
0.0145946
0.0151638
0.0157436
0.0163267
0.0169072
0.0174606
0.0180164
0.0185621
0.0191099
0.0197072
0.0203321
0.0209604
0.0216262
0.0222714
0.022907
0.0235674
0.0242387
0.0249379
0.0256573
0.0263613
0.0270848
0.0278493
0.0285556
0.0292341
0.030012
0.0307864
0.0315373
0.0323612
0.0332164
0.0340715
0.0349012
0.0357546
0.0366079
0.0374575
0.0383143
0.039285
0.0403392
0.0412969
0.0422188
0.0431139
0.0440579
0.0451454
0.0462254
0.0472559
0.0483125
0.0494244
0.0505593
0.0516886
0.0528073
0.0539626
0.0551867
0.0565974
0.0579627
0.0590496
0.0602181
0.0616068
0.0630441
0.0644831
0.065962
0.0673755
0.0687499
0.0702459
0.0718015
0.0733454
0.0749285
0.0765327
0.0781912
0.0798227
0.0814875
0.0831877
0.0848434
0.0862687
0.0876627
0.00727113
0.00610568
0.00420449
0.0018062
7.3587e-05
-2.15863e-05
0.0011436
0.00265483
0.00397547
0.00489497
0.0054871
0.00594363
0.00642861
0.00695281
0.00747853
0.00807773
0.00870242
0.00920122
0.00963339
0.0101002
0.0106031
0.0111557
0.0117387
0.0122682
0.0127899
0.0134133
0.0140393
0.0145991
0.0151682
0.0157478
0.01633
0.0169094
0.0174626
0.0180193
0.018566
0.0191146
0.0197124
0.0203373
0.0209642
0.0216284
0.0222733
0.0229095
0.0235703
0.0242414
0.0249396
0.0256582
0.0263624
0.0270857
0.0278494
0.0285557
0.0292347
0.0300128
0.0307875
0.0315391
0.0323631
0.0332172
0.0340716
0.0349008
0.0357537
0.0366077
0.0374595
0.0383166
0.0392859
0.0403383
0.0412956
0.0422185
0.0431147
0.0440588
0.0451463
0.0462258
0.0472564
0.0483135
0.0494253
0.0505599
0.0516896
0.0528088
0.0539636
0.0551858
0.0565964
0.0579631
0.0590505
0.060219
0.0616077
0.0630445
0.064483
0.0659622
0.0673761
0.0687502
0.070246
0.0718017
0.0733456
0.0749286
0.076533
0.0781913
0.079823
0.0814877
0.0831882
0.0848447
0.0862707
0.0876653
0.00711656
0.00598887
0.00426188
0.00214771
0.000465872
0.000207159
0.00122666
0.00268703
0.00400609
0.0049321
0.00552427
0.00597608
0.00645541
0.00697808
0.00750453
0.00810061
0.00871821
0.00921159
0.00964542
0.0101183
0.0106231
0.0111716
0.0117491
0.0122783
0.012802
0.0134237
0.0140458
0.0146039
0.0151729
0.0157523
0.0163335
0.0169118
0.0174649
0.0180225
0.0185702
0.0191196
0.0197178
0.0203428
0.0209682
0.0216308
0.0222753
0.022912
0.0235733
0.0242443
0.0249415
0.0256591
0.0263636
0.0270866
0.0278493
0.0285555
0.0292352
0.0300135
0.0307885
0.0315409
0.0323652
0.0332183
0.0340717
0.0349001
0.0357523
0.0366072
0.0374615
0.0383192
0.0392869
0.0403374
0.0412941
0.0422175
0.043115
0.0440594
0.0451474
0.0462263
0.0472569
0.0483145
0.0494262
0.0505604
0.0516905
0.0528108
0.0539651
0.0551849
0.0565946
0.0579629
0.0590511
0.0602201
0.0616091
0.0630452
0.0644827
0.0659621
0.0673766
0.0687505
0.0702462
0.071802
0.0733457
0.0749286
0.0765332
0.0781913
0.0798233
0.0814879
0.0831888
0.0848461
0.086273
0.0876683
0.0069768
0.00589696
0.00430206
0.0024624
0.000862504
0.000457464
0.00132095
0.0027204
0.00403532
0.00497009
0.0055646
0.00601161
0.00648402
0.00700439
0.00753166
0.00812498
0.00873548
0.00922321
0.00965847
0.0101373
0.0106441
0.0111881
0.0117602
0.0122891
0.012815
0.0134349
0.0140527
0.0146089
0.0151779
0.0157571
0.0163374
0.0169146
0.0174675
0.0180262
0.018575
0.0191249
0.0197233
0.0203484
0.0209724
0.0216334
0.0222774
0.0229147
0.0235764
0.0242474
0.0249435
0.0256602
0.0263648
0.0270876
0.0278492
0.0285551
0.0292356
0.0300142
0.0307895
0.0315427
0.0323673
0.0332195
0.0340719
0.0348995
0.0357505
0.0366064
0.0374631
0.0383218
0.0392881
0.0403365
0.0412926
0.0422161
0.0431148
0.0440598
0.0451486
0.0462268
0.0472573
0.0483156
0.0494271
0.0505607
0.0516912
0.0528127
0.053967
0.055184
0.0565922
0.0579618
0.0590512
0.0602211
0.0616109
0.0630462
0.0644825
0.0659619
0.0673769
0.0687509
0.0702465
0.0718022
0.0733458
0.0749286
0.0765334
0.0781912
0.0798235
0.0814881
0.0831893
0.0848475
0.0862754
0.0876716
0.00684456
0.00583123
0.00433064
0.00274717
0.00126016
0.000730505
0.00142888
0.00275619
0.00406298
0.00500819
0.00560783
0.0060505
0.00651484
0.00703195
0.00756002
0.00815094
0.00875426
0.00923611
0.0096726
0.0101572
0.0106659
0.0112055
0.0117719
0.0123005
0.0128288
0.0134467
0.0140601
0.0146142
0.0151831
0.0157624
0.0163416
0.0169175
0.0174704
0.0180304
0.0185801
0.0191305
0.019729
0.0203541
0.0209768
0.0216361
0.0222796
0.0229175
0.0235796
0.0242506
0.0249456
0.0256614
0.026366
0.0270885
0.0278491
0.0285545
0.0292363
0.0300152
0.0307906
0.0315443
0.0323694
0.0332207
0.0340719
0.0348989
0.0357487
0.0366057
0.0374643
0.0383243
0.0392891
0.0403355
0.0412907
0.042214
0.0431142
0.04406
0.0451497
0.0462274
0.0472577
0.0483167
0.0494281
0.0505608
0.0516914
0.0528143
0.0539689
0.0551829
0.0565885
0.0579595
0.0590505
0.0602217
0.0616129
0.0630476
0.0644822
0.0659613
0.0673771
0.0687511
0.0702468
0.0718026
0.073346
0.0749286
0.0765335
0.078191
0.0798238
0.0814881
0.0831897
0.0848488
0.086278
0.0876752
0.00671349
0.00579163
0.00435437
0.00299976
0.0016545
0.00102611
0.00155272
0.00279583
0.00408913
0.00504569
0.00565364
0.00609302
0.00654826
0.00706095
0.00758964
0.00817856
0.00877458
0.00925029
0.00968784
0.0101782
0.0106889
0.011224
0.0117844
0.0123127
0.0128435
0.0134593
0.0140679
0.0146197
0.0151886
0.015768
0.0163461
0.0169207
0.0174736
0.018035
0.0185856
0.0191364
0.0197349
0.02036
0.0209814
0.0216389
0.0222819
0.0229205
0.0235829
0.0242539
0.0249479
0.0256627
0.0263672
0.0270895
0.027849
0.0285538
0.0292373
0.0300164
0.0307918
0.031546
0.0323714
0.0332218
0.034072
0.0348984
0.0357468
0.0366057
0.0374649
0.0383263
0.0392899
0.0403345
0.0412884
0.0422115
0.0431133
0.0440602
0.0451506
0.0462279
0.0472582
0.0483177
0.0494292
0.0505608
0.0516914
0.0528154
0.0539704
0.0551817
0.0565837
0.0579559
0.059049
0.0602216
0.0616148
0.0630492
0.064482
0.0659604
0.0673769
0.0687512
0.0702471
0.0718029
0.0733462
0.0749286
0.0765337
0.0781908
0.079824
0.0814882
0.0831901
0.08485
0.0862805
0.087679
0.0065788
0.0057763
0.00438026
0.00321926
0.0020402
0.00134236
0.00169455
0.00284105
0.00411432
0.00508213
0.00570147
0.00613911
0.0065845
0.00709156
0.00762065
0.00820797
0.00879647
0.00926572
0.00970418
0.0102002
0.010713
0.0112435
0.0117977
0.0123257
0.0128592
0.0134726
0.0140763
0.0146256
0.0151943
0.015774
0.016351
0.0169241
0.0174771
0.0180399
0.0185914
0.0191425
0.019741
0.020366
0.0209861
0.0216418
0.0222844
0.0229236
0.0235864
0.0242574
0.0249502
0.0256642
0.0263684
0.0270906
0.0278487
0.0285533
0.0292388
0.0300178
0.0307933
0.0315478
0.0323733
0.0332227
0.0340719
0.0348979
0.0357455
0.0366065
0.0374651
0.0383279
0.0392903
0.0403333
0.0412854
0.0422085
0.0431124
0.0440609
0.0451512
0.0462283
0.0472587
0.0483186
0.0494301
0.0505608
0.0516913
0.0528161
0.0539715
0.0551804
0.0565781
0.0579508
0.0590466
0.0602208
0.0616163
0.063051
0.0644818
0.0659591
0.0673764
0.0687512
0.0702474
0.0718034
0.0733465
0.0749285
0.0765339
0.0781905
0.0798242
0.0814882
0.0831905
0.084851
0.0862831
0.0876828
0.00643733
0.00578093
0.00441482
0.0034065
0.00241125
0.0016757
0.00185626
0.00289399
0.00413964
0.0051172
0.0057504
0.00618835
0.0066237
0.00712409
0.0076533
0.00823932
0.00881996
0.00928228
0.0097216
0.0102232
0.0107382
0.0112643
0.0118119
0.0123394
0.0128758
0.0134867
0.0140852
0.0146318
0.0152004
0.0157804
0.0163562
0.0169277
0.0174808
0.0180451
0.0185974
0.0191488
0.0197474
0.0203722
0.020991
0.0216448
0.022287
0.0229269
0.02359
0.0242609
0.0249527
0.0256658
0.0263697
0.0270918
0.0278484
0.0285531
0.029241
0.0300195
0.0307948
0.03155
0.0323749
0.0332233
0.0340719
0.0348972
0.0357447
0.0366084
0.0374651
0.038329
0.0392902
0.040332
0.0412818
0.0422053
0.0431115
0.0440625
0.0451514
0.0462284
0.0472594
0.0483196
0.0494307
0.0505607
0.0516913
0.0528167
0.0539723
0.0551792
0.0565719
0.0579442
0.0590436
0.0602194
0.0616174
0.0630528
0.0644817
0.0659574
0.0673754
0.0687509
0.0702477
0.0718039
0.0733468
0.0749285
0.0765341
0.0781902
0.0798243
0.0814883
0.0831909
0.0848521
0.0862855
0.0876867
0.00628755
0.00579933
0.00446394
0.00356423
0.00276131
0.00202181
0.00203945
0.00295675
0.00416631
0.00515074
0.00579959
0.00624024
0.00666603
0.00715887
0.00768784
0.00827269
0.00884505
0.00929988
0.00974001
0.0102472
0.0107647
0.0112862
0.011827
0.0123537
0.0128933
0.0135016
0.0140946
0.0146384
0.0152068
0.0157873
0.0163618
0.0169316
0.0174848
0.0180506
0.0186036
0.0191553
0.0197539
0.0203787
0.0209962
0.021648
0.0222898
0.0229304
0.0235938
0.0242646
0.0249554
0.0256676
0.0263711
0.027093
0.0278478
0.0285532
0.0292438
0.0300213
0.0307964
0.0315524
0.0323765
0.0332236
0.0340718
0.034896
0.0357444
0.0366111
0.0374653
0.0383298
0.0392896
0.0403305
0.0412777
0.0422021
0.0431111
0.0440651
0.0451514
0.0462281
0.0472603
0.0483206
0.0494311
0.0505605
0.0516914
0.0528173
0.0539733
0.0551784
0.0565658
0.0579365
0.0590399
0.0602177
0.0616181
0.0630545
0.0644819
0.0659555
0.0673739
0.0687504
0.0702479
0.0718044
0.0733471
0.0749284
0.0765343
0.0781899
0.0798245
0.0814883
0.0831912
0.084853
0.086288
0.0876907
0.00613017
0.00582394
0.00453227
0.00369714
0.00308458
0.00237613
0.00224502
0.00303099
0.00419556
0.00518322
0.00584855
0.00629422
0.00671138
0.00719613
0.0077246
0.0083082
0.00887175
0.00931845
0.00975933
0.0102723
0.0107925
0.0113092
0.0118428
0.0123687
0.0129116
0.0135173
0.0141046
0.0146454
0.0152136
0.0157945
0.0163678
0.0169358
0.0174891
0.0180563
0.0186101
0.0191619
0.0197606
0.0203856
0.0210016
0.0216513
0.0222929
0.0229341
0.0235977
0.0242683
0.0249583
0.0256695
0.0263728
0.0270943
0.0278471
0.0285536
0.0292472
0.0300232
0.0307979
0.0315553
0.0323779
0.0332237
0.0340718
0.0348945
0.0357444
0.0366141
0.0374659
0.0383306
0.039289
0.0403289
0.0412735
0.0421991
0.0431113
0.044069
0.0451514
0.0462276
0.0472613
0.0483217
0.0494314
0.0505604
0.0516917
0.0528182
0.0539747
0.0551785
0.0565602
0.0579281
0.0590363
0.0602163
0.0616185
0.0630561
0.0644822
0.0659533
0.0673718
0.0687497
0.070248
0.0718049
0.0733474
0.0749284
0.0765345
0.0781897
0.0798247
0.0814884
0.0831914
0.0848539
0.0862905
0.0876948
0.00596841
0.00584606
0.0046222
0.00381192
0.00337662
0.00273369
0.00247278
0.00311822
0.00422897
0.00521579
0.00589698
0.00634939
0.00675929
0.00723595
0.00776397
0.00834608
0.00890016
0.00933804
0.00977949
0.0102985
0.0108215
0.0113333
0.0118595
0.0123842
0.0129306
0.0135338
0.0141153
0.0146529
0.0152208
0.0158023
0.0163742
0.0169404
0.0174939
0.0180623
0.0186169
0.0191689
0.0197676
0.0203927
0.0210075
0.0216549
0.0222961
0.0229381
0.0236018
0.0242722
0.0249613
0.0256714
0.0263748
0.0270956
0.0278463
0.0285545
0.029251
0.030025
0.0307996
0.0315584
0.0323792
0.0332237
0.0340718
0.0348928
0.0357448
0.0366172
0.037467
0.0383318
0.0392884
0.0403273
0.0412695
0.0421964
0.0431122
0.0440737
0.0451515
0.0462268
0.0472624
0.0483231
0.0494318
0.0505603
0.0516922
0.0528193
0.0539768
0.0551797
0.0565555
0.0579196
0.059033
0.0602154
0.0616188
0.0630576
0.0644827
0.0659512
0.0673693
0.068749
0.070248
0.0718055
0.0733477
0.0749283
0.0765347
0.0781895
0.0798249
0.0814885
0.0831914
0.0848548
0.0862932
0.0876992
0.00580782
0.00585657
0.0047338
0.00391728
0.00363439
0.00308876
0.00272179
0.00321987
0.00426814
0.00524994
0.00594476
0.00640477
0.00680909
0.00727833
0.00780628
0.00838665
0.00893043
0.00935875
0.00980045
0.0103256
0.0108519
0.0113585
0.0118768
0.0124004
0.0129504
0.0135513
0.0141267
0.0146608
0.0152286
0.0158105
0.0163811
0.0169454
0.017499
0.0180686
0.0186241
0.0191761
0.0197748
0.0204001
0.0210136
0.0216587
0.0222996
0.0229422
0.0236061
0.0242763
0.0249643
0.0256735
0.026377
0.0270971
0.0278456
0.0285556
0.0292549
0.0300269
0.0308014
0.0315618
0.0323805
0.0332239
0.034072
0.0348912
0.0357455
0.0366199
0.0374688
0.0383335
0.0392883
0.0403258
0.0412662
0.0421942
0.0431138
0.044079
0.0451519
0.0462261
0.0472635
0.0483246
0.0494322
0.0505605
0.051693
0.0528207
0.0539794
0.0551821
0.0565519
0.0579116
0.0590303
0.0602156
0.0616192
0.063059
0.0644835
0.0659491
0.0673666
0.0687449
0.0702481
0.0718061
0.0733481
0.0749282
0.0765348
0.0781893
0.0798251
0.0814885
0.0831911
0.0848555
0.0862962
0.0877041
0.00565672
0.00584652
0.00486362
0.00402345
0.00385661
0.00343495
0.00299101
0.00333721
0.00431395
0.00528731
0.0059926
0.00645978
0.00685989
0.007323
0.00785178
0.00843031
0.00896278
0.00938067
0.00982223
0.0103538
0.0108837
0.0113849
0.0118948
0.0124172
0.0129708
0.0135698
0.014139
0.0146693
0.0152368
0.0158192
0.0163885
0.016951
0.0175046
0.0180752
0.0186316
0.0191838
0.0197823
0.0204077
0.0210202
0.021663
0.0223033
0.0229466
0.0236107
0.0242805
0.0249675
0.0256757
0.0263795
0.0270987
0.027845
0.028557
0.0292587
0.0300289
0.0308035
0.0315653
0.0323819
0.0332244
0.0340722
0.0348898
0.0357464
0.0366222
0.0374712
0.0383359
0.0392887
0.0403245
0.0412635
0.0421925
0.0431159
0.0440845
0.0451528
0.0462256
0.0472647
0.0483262
0.049433
0.0505609
0.0516941
0.0528223
0.0539826
0.0551856
0.0565494
0.0579043
0.0590284
0.0602171
0.0616199
0.0630605
0.0644843
0.0659472
0.0673638
0.0687446
0.0702482
0.0718066
0.0733485
0.0749282
0.0765349
0.078189
0.0798253
0.0814885
0.0831906
0.0848561
0.0862995
0.0877096
0.00552641
0.0058096
0.00500348
0.00414105
0.00404533
0.0037652
0.00327864
0.00347149
0.00436685
0.00532951
0.00604192
0.00651412
0.00691073
0.0073695
0.00790057
0.00847753
0.00899759
0.00940388
0.0098448
0.010383
0.0109169
0.0114126
0.0119137
0.0124347
0.012992
0.0135893
0.0141522
0.0146783
0.0152457
0.0158285
0.0163964
0.0169571
0.0175107
0.0180821
0.0186396
0.0191919
0.0197901
0.0204157
0.0210273
0.0216676
0.0223073
0.0229513
0.0236156
0.024285
0.0249708
0.025678
0.0263821
0.0271004
0.0278447
0.0285586
0.0292624
0.0300312
0.0308058
0.0315687
0.0323836
0.0332255
0.0340726
0.0348888
0.0357474
0.036624
0.0374741
0.0383388
0.0392899
0.0403233
0.0412614
0.0421911
0.0431185
0.04409
0.0451541
0.0462253
0.0472658
0.0483279
0.0494339
0.0505615
0.0516953
0.0528242
0.0539862
0.0551901
0.0565479
0.057898
0.0590276
0.0602202
0.0616212
0.0630619
0.0644853
0.0659456
0.0673614
0.0687447
0.0702486
0.071807
0.0733489
0.0749282
0.0765349
0.0781886
0.0798255
0.0814886
0.0831899
0.0848565
0.0863034
0.0877159
0.00543071
0.00574691
0.00514148
0.00427835
0.00420663
0.004072
0.0035812
0.00362426
0.00442721
0.00537786
0.00609473
0.00656767
0.00696049
0.00741717
0.00795265
0.00852867
0.00903528
0.00942858
0.00986819
0.0104131
0.0109515
0.0114416
0.0119334
0.0124528
0.0130139
0.0136101
0.0141664
0.0146878
0.0152551
0.0158384
0.0164049
0.0169639
0.0175173
0.0180893
0.0186479
0.0192003
0.0197982
0.0204239
0.0210348
0.0216726
0.0223113
0.0229562
0.0236208
0.0242897
0.0249743
0.0256805
0.0263849
0.0271022
0.0278446
0.0285603
0.0292661
0.0300337
0.0308085
0.0315721
0.0323856
0.0332272
0.034073
0.0348882
0.0357485
0.0366257
0.0374776
0.0383423
0.0392916
0.0403222
0.0412598
0.0421901
0.0431215
0.0440954
0.0451557
0.0462254
0.047267
0.0483296
0.049435
0.0505623
0.0516968
0.0528262
0.05399
0.0551954
0.0565473
0.0578926
0.0590279
0.0602248
0.0616232
0.0630634
0.0644864
0.0659443
0.0673594
0.0687455
0.0702494
0.0718074
0.0733494
0.0749282
0.076535
0.0781882
0.0798256
0.0814887
0.0831892
0.0848569
0.0863079
0.0877229
0.00538204
0.0056684
0.00526319
0.00443784
0.00435085
0.00434884
0.00389305
0.00379785
0.0044952
0.00543249
0.00615339
0.00662134
0.00700834
0.00746505
0.00800768
0.00858398
0.00907637
0.00945508
0.00989248
0.0104444
0.0109876
0.0114721
0.0119542
0.0124716
0.0130366
0.0136321
0.0141816
0.014698
0.015265
0.0158488
0.016414
0.0169713
0.0175244
0.0180969
0.0186566
0.0192093
0.0198065
0.0204324
0.0210429
0.021678
0.0223156
0.0229614
0.0236265
0.0242946
0.0249779
0.0256833
0.0263879
0.0271042
0.0278447
0.0285622
0.0292697
0.0300365
0.0308114
0.0315754
0.0323879
0.033229
0.0340734
0.0348879
0.0357497
0.0366273
0.0374813
0.038346
0.0392938
0.0403212
0.0412585
0.0421892
0.0431248
0.0441006
0.0451577
0.0462255
0.0472683
0.0483314
0.0494361
0.0505632
0.0516984
0.0528284
0.0539941
0.0552011
0.0565473
0.0578881
0.0590294
0.0602309
0.061626
0.063065
0.0644875
0.0659432
0.067358
0.068747
0.0702506
0.0718076
0.0733499
0.0749284
0.076535
0.0781877
0.0798257
0.0814887
0.0831885
0.0848572
0.0863131
0.0877306
0.00538532
0.00559021
0.00535526
0.0046136
0.00449215
0.00459279
0.00420552
0.00399439
0.00457171
0.00549231
0.00622018
0.00667711
0.00705393
0.00751207
0.00806491
0.00864341
0.00912135
0.00948389
0.00991775
0.0104766
0.0110253
0.0115041
0.0119758
0.0124912
0.0130602
0.0136554
0.0141979
0.0147088
0.0152756
0.0158599
0.0164238
0.0169795
0.0175321
0.0181048
0.0186658
0.0192186
0.019815
0.0204413
0.0210515
0.0216837
0.02232
0.022967
0.0236325
0.0242997
0.0249817
0.0256861
0.0263911
0.0271064
0.0278451
0.0285642
0.0292733
0.0300396
0.0308145
0.0315787
0.0323907
0.033231
0.0340739
0.0348879
0.0357508
0.036629
0.0374851
0.03835
0.0392964
0.0403201
0.0412574
0.0421886
0.0431283
0.0441058
0.04516
0.0462258
0.0472697
0.0483333
0.0494373
0.0505641
0.0517002
0.0528308
0.0539982
0.0552071
0.0565478
0.0578841
0.0590319
0.0602382
0.0616294
0.0630666
0.0644886
0.0659422
0.0673572
0.0687494
0.0702522
0.0718077
0.0733504
0.0749286
0.0765351
0.0781872
0.0798258
0.0814889
0.0831877
0.0848577
0.0863189
0.0877389
0.0054332
0.00553357
0.00541288
0.00479228
0.00464419
0.00480718
0.00450781
0.00421357
0.00465951
0.00555593
0.00629637
0.00673768
0.00709718
0.00755725
0.0081238
0.00870679
0.00917039
0.00951531
0.0099442
0.0105099
0.0110646
0.0115378
0.0119986
0.0125116
0.0130848
0.0136798
0.0142153
0.0147204
0.0152868
0.0158717
0.0164342
0.0169884
0.0175404
0.0181132
0.0186754
0.0192283
0.0198238
0.0204505
0.0210606
0.0216897
0.0223246
0.0229728
0.0236389
0.0243051
0.0249856
0.0256892
0.0263944
0.0271088
0.0278457
0.0285663
0.0292771
0.030043
0.0308178
0.031582
0.0323937
0.0332332
0.0340744
0.0348882
0.035752
0.0366307
0.0374888
0.038354
0.0392991
0.0403191
0.0412564
0.0421881
0.0431319
0.0441109
0.0451624
0.0462262
0.0472712
0.0483352
0.0494386
0.0505651
0.0517022
0.0528334
0.0540025
0.0552132
0.0565485
0.0578806
0.0590352
0.0602466
0.0616336
0.0630682
0.0644897
0.0659413
0.0673568
0.0687524
0.0702542
0.0718078
0.073351
0.0749288
0.0765352
0.0781866
0.0798259
0.0814891
0.0831871
0.0848582
0.0863252
0.0877477
0.00550944
0.00551826
0.00544555
0.00495762
0.0048129
0.00500121
0.00478979
0.00445078
0.00476355
0.00562214
0.00638108
0.00680629
0.00713897
0.00759938
0.00818363
0.00877407
0.00922389
0.00954963
0.00997193
0.0105443
0.0111057
0.0115733
0.0120224
0.0125328
0.0131107
0.0137056
0.0142337
0.0147326
0.0152986
0.0158843
0.0164454
0.0169979
0.0175493
0.0181221
0.0186854
0.0192384
0.0198328
0.0204602
0.02107
0.0216961
0.0223294
0.0229791
0.0236457
0.0243107
0.0249896
0.0256924
0.0263979
0.0271114
0.0278464
0.0285684
0.0292811
0.0300464
0.0308211
0.0315853
0.0323969
0.0332354
0.034075
0.0348887
0.0357533
0.0366325
0.0374924
0.0383581
0.0393019
0.040318
0.0412554
0.0421878
0.0431354
0.0441159
0.0451649
0.0462266
0.0472728
0.0483372
0.0494399
0.050566
0.0517042
0.0528362
0.0540069
0.0552194
0.0565494
0.0578774
0.059039
0.0602556
0.0616382
0.0630699
0.0644907
0.0659404
0.0673568
0.0687558
0.0702564
0.0718079
0.0733516
0.0749291
0.0765353
0.078186
0.0798259
0.0814893
0.0831865
0.0848588
0.0863319
0.0877568
0.0055921
0.00555141
0.00547171
0.0050952
0.00499186
0.00518904
0.00504675
0.00469633
0.0048883
0.005692
0.00647178
0.00688605
0.00718166
0.00763719
0.00824315
0.00884479
0.00928209
0.0095875
0.0100013
0.0105798
0.0111485
0.0116108
0.0120472
0.0125547
0.0131378
0.0137328
0.0142534
0.0147459
0.0153111
0.0158976
0.0164573
0.017008
0.0175589
0.0181316
0.0186959
0.019249
0.0198423
0.0204702
0.02108
0.0217028
0.0223345
0.0229855
0.0236528
0.0243166
0.0249939
0.0256958
0.0264016
0.0271142
0.0278473
0.0285708
0.0292852
0.03005
0.0308244
0.0315888
0.0324001
0.0332376
0.0340757
0.0348894
0.0357546
0.0366343
0.0374957
0.0383623
0.0393048
0.040317
0.0412545
0.0421877
0.0431389
0.0441207
0.0451674
0.0462271
0.0472744
0.0483392
0.0494413
0.0505671
0.0517063
0.0528391
0.0540114
0.0552254
0.0565505
0.0578742
0.0590432
0.0602651
0.0616433
0.0630715
0.0644915
0.0659394
0.0673569
0.0687595
0.0702588
0.0718079
0.0733523
0.0749294
0.0765353
0.0781854
0.079826
0.0814896
0.083186
0.0848597
0.086339
0.0877663
0.0056583
0.00562364
0.00551438
0.00520158
0.00516581
0.00538408
0.00528335
0.00493722
0.00503415
0.00577001
0.00656568
0.00697838
0.00722937
0.00767018
0.00830044
0.00891846
0.00934482
0.00962909
0.0100326
0.0106166
0.0111934
0.0116505
0.0120734
0.0125772
0.013166
0.0137615
0.0142742
0.0147599
0.0153245
0.015912
0.0164701
0.0170188
0.0175691
0.0181416
0.0187067
0.01926
0.0198521
0.0204806
0.0210904
0.0217099
0.0223399
0.0229923
0.0236601
0.0243227
0.0249983
0.0256994
0.0264056
0.0271172
0.0278483
0.0285731
0.0292895
0.0300537
0.0308278
0.0315924
0.0324035
0.0332397
0.0340765
0.0348902
0.0357559
0.0366362
0.0374989
0.0383665
0.0393076
0.0403159
0.0412535
0.0421878
0.0431423
0.0441253
0.0451699
0.0462277
0.047276
0.0483413
0.0494427
0.0505682
0.0517085
0.0528422
0.0540158
0.0552314
0.0565515
0.0578712
0.0590474
0.0602747
0.0616485
0.0630731
0.0644922
0.0659384
0.0673571
0.0687633
0.0702613
0.071808
0.073353
0.0749296
0.0765354
0.0781848
0.0798259
0.08149
0.0831856
0.0848607
0.0863464
0.0877761
0.00569378
0.00571694
0.0055927
0.00528943
0.0053171
0.00558854
0.00551043
0.0051627
0.00519548
0.0058624
0.00666108
0.00708141
0.00728726
0.00769971
0.00835318
0.00899458
0.00941204
0.00967433
0.010066
0.0106548
0.0112405
0.0116926
0.012101
0.0126003
0.0131952
0.0137918
0.0142965
0.0147748
0.0153384
0.0159273
0.0164839
0.0170305
0.0175802
0.0181523
0.018718
0.0192713
0.0198623
0.0204914
0.0211013
0.0217175
0.0223456
0.0229994
0.0236678
0.0243291
0.0250028
0.0257031
0.0264097
0.0271204
0.0278496
0.0285758
0.0292941
0.0300574
0.0308312
0.0315961
0.032407
0.0332418
0.0340774
0.0348912
0.0357574
0.036638
0.0375019
0.0383707
0.0393104
0.0403149
0.0412525
0.042188
0.0431456
0.0441298
0.0451722
0.0462283
0.0472777
0.0483434
0.0494443
0.0505694
0.0517107
0.0528454
0.0540204
0.0552372
0.0565526
0.0578683
0.0590517
0.0602842
0.0616538
0.0630747
0.0644928
0.0659372
0.0673572
0.0687671
0.0702638
0.0718082
0.0733537
0.0749299
0.0765355
0.0781843
0.0798259
0.0814904
0.0831853
0.0848618
0.0863541
0.0877862
0.00569613
0.00580734
0.00571107
0.00537976
0.00543356
0.00578947
0.00574235
0.00537312
0.00536155
0.00597264
0.00675967
0.0071911
0.00735929
0.0077291
0.00839908
0.00907249
0.00948459
0.00972275
0.0101014
0.0106946
0.0112897
0.0117375
0.0121303
0.0126239
0.0132253
0.0138236
0.0143204
0.0147907
0.0153531
0.0159436
0.0164985
0.0170427
0.017592
0.0181639
0.0187299
0.0192834
0.0198729
0.0205024
0.0211125
0.0217254
0.0223515
0.0230067
0.0236758
0.024336
0.0250077
0.0257072
0.0264142
0.0271237
0.027851
0.0285785
0.0292988
0.0300612
0.0308347
0.0316
0.0324105
0.0332439
0.0340784
0.0348924
0.0357589
0.0366398
0.0375047
0.0383749
0.0393131
0.0403139
0.0412515
0.0421884
0.0431489
0.0441341
0.0451745
0.0462291
0.0472793
0.0483456
0.049446
0.0505707
0.051713
0.0528487
0.0540249
0.0552429
0.0565536
0.0578654
0.0590558
0.0602936
0.0616592
0.0630763
0.0644933
0.065936
0.0673574
0.0687709
0.0702663
0.0718084
0.0733544
0.0749302
0.0765356
0.0781837
0.0798258
0.081491
0.083185
0.0848632
0.0863621
0.0877966
0.00567583
0.00587094
0.00585558
0.00549675
0.00551992
0.00596791
0.00598634
0.00557887
0.00552148
0.00609832
0.00686656
0.00730393
0.00744578
0.0077631
0.00843615
0.00914956
0.00956425
0.00977505
0.0101383
0.0107361
0.0113409
0.0117851
0.0121615
0.0126481
0.0132562
0.0138571
0.0143461
0.0148077
0.0153683
0.015961
0.0165145
0.0170557
0.0176043
0.0181758
0.0187422
0.0192959
0.0198841
0.020514
0.0211244
0.021734
0.0223578
0.0230143
0.0236842
0.024343
0.0250126
0.0257115
0.0264189
0.0271275
0.0278527
0.0285815
0.0293036
0.030065
0.0308383
0.0316042
0.0324142
0.033246
0.0340795
0.0348938
0.0357604
0.0366415
0.0375075
0.0383792
0.0393158
0.0403129
0.0412506
0.042189
0.043152
0.0441383
0.0451768
0.0462301
0.047281
0.0483479
0.0494479
0.0505721
0.0517154
0.0528522
0.0540295
0.0552484
0.0565545
0.0578626
0.0590597
0.0603028
0.0616645
0.0630779
0.0644938
0.0659348
0.0673574
0.0687745
0.0702687
0.0718086
0.0733552
0.0749305
0.0765357
0.0781833
0.0798257
0.0814916
0.0831849
0.0848647
0.0863704
0.0878073
0.00565196
0.00589562
0.00600357
0.005656
0.00559532
0.00610426
0.00623178
0.00579463
0.00567334
0.0062313
0.00698644
0.00742019
0.00754425
0.00780681
0.0084651
0.00922117
0.00965082
0.00983229
0.0101762
0.0107799
0.0113952
0.0118358
0.0121949
0.0126727
0.0132874
0.013892
0.0143737
0.0148261
0.0153842
0.0159792
0.0165318
0.0170698
0.0176176
0.0181887
0.0187551
0.0193088
0.0198955
0.0205257
0.0211368
0.0217432
0.0223646
0.0230223
0.0236931
0.0243505
0.0250178
0.0257158
0.0264237
0.0271313
0.0278546
0.0285848
0.0293087
0.0300689
0.0308419
0.0316083
0.0324179
0.0332481
0.0340808
0.0348954
0.0357622
0.0366433
0.0375101
0.0383835
0.0393185
0.0403119
0.0412497
0.0421897
0.0431551
0.0441423
0.0451789
0.0462312
0.0472827
0.0483502
0.0494499
0.0505736
0.0517177
0.0528558
0.0540341
0.0552538
0.0565553
0.0578599
0.0590635
0.0603116
0.0616697
0.0630795
0.0644942
0.0659335
0.0673575
0.068778
0.0702711
0.071809
0.073356
0.0749308
0.0765358
0.0781828
0.0798255
0.0814923
0.0831849
0.0848664
0.086379
0.0878183
0.00564431
0.00588507
0.00612784
0.00585441
0.00568606
0.00619268
0.00645897
0.00603187
0.00582641
0.00636028
0.00711738
0.00754359
0.00765236
0.00786413
0.00849025
0.00928391
0.00974319
0.00989635
0.0102132
0.0108242
0.0114531
0.0118901
0.0122312
0.0126985
0.0133191
0.0139282
0.014403
0.0148457
0.0154006
0.0159983
0.0165505
0.0170849
0.0176313
0.0182023
0.018769
0.0193228
0.0199078
0.0205379
0.0211495
0.0217526
0.0223714
0.0230304
0.0237023
0.0243583
0.0250233
0.0257207
0.0264291
0.0271355
0.0278566
0.0285881
0.0293137
0.0300728
0.0308457
0.0316128
0.0324218
0.0332502
0.0340821
0.0348971
0.035764
0.036645
0.0375129
0.0383878
0.0393211
0.040311
0.0412488
0.0421905
0.0431582
0.0441462
0.0451811
0.0462324
0.0472844
0.0483525
0.049452
0.0505752
0.0517202
0.0528594
0.0540387
0.0552589
0.0565562
0.0578573
0.0590671
0.0603201
0.0616749
0.0630812
0.0644946
0.0659323
0.0673575
0.0687815
0.0702734
0.0718094
0.0733569
0.0749311
0.0765359
0.0781825
0.0798253
0.0814931
0.0831851
0.0848684
0.0863879
0.0878297
0.00567181
0.00585537
0.00620461
0.00607023
0.00581805
0.00624776
0.00664619
0.00628746
0.00599533
0.00648083
0.00725149
0.00767671
0.00776895
0.00793522
0.00851681
0.00933599
0.00983843
0.00997104
0.0102507
0.0108664
0.0115141
0.011948
0.0122696
0.0127251
0.0133514
0.0139661
0.0144348
0.0148671
0.0154179
0.0160181
0.0165705
0.0171012
0.0176458
0.0182163
0.0187831
0.019337
0.0199205
0.0205507
0.0211632
0.0217631
0.0223789
0.0230389
0.0237119
0.0243664
0.0250289
0.0257255
0.0264346
0.02714
0.0278593
0.028592
0.0293191
0.0300767
0.0308494
0.0316173
0.0324258
0.0332524
0.0340835
0.0348992
0.0357659
0.0366467
0.0375155
0.0383921
0.0393238
0.0403102
0.0412481
0.0421914
0.0431613
0.04415
0.0451832
0.0462339
0.0472862
0.0483548
0.0494543
0.050577
0.0517227
0.0528631
0.0540434
0.055264
0.056557
0.0578548
0.0590706
0.0603283
0.06168
0.063083
0.0644951
0.0659312
0.0673575
0.0687848
0.0702757
0.0718098
0.0733578
0.0749315
0.076536
0.0781822
0.0798252
0.0814939
0.0831854
0.0848705
0.0863971
0.0878414
0.00574938
0.00582832
0.00622218
0.00627202
0.00599947
0.00629377
0.0067809
0.00654586
0.00619483
0.00660048
0.00737922
0.00781861
0.00789563
0.00801872
0.00854939
0.00937821
0.00993108
0.0100573
0.010292
0.0109048
0.011578
0.0120124
0.0123109
0.0127522
0.0133838
0.0140047
0.0144683
0.0148902
0.015436
0.016039
0.0165921
0.0171191
0.0176613
0.0182314
0.0187983
0.0193521
0.0199335
0.0205635
0.021177
0.0217738
0.0223868
0.023048
0.0237221
0.0243752
0.025035
0.0257309
0.0264404
0.0271446
0.0278618
0.0285958
0.0293247
0.030081
0.0308535
0.031622
0.0324299
0.0332546
0.034085
0.0349015
0.035768
0.0366485
0.0375181
0.0383964
0.0393265
0.0403094
0.0412474
0.0421924
0.0431643
0.0441537
0.0451854
0.0462354
0.0472881
0.0483572
0.0494567
0.0505789
0.0517252
0.0528669
0.0540481
0.0552689
0.0565579
0.0578525
0.0590739
0.0603363
0.0616851
0.0630848
0.0644956
0.0659301
0.0673575
0.068788
0.0702779
0.0718104
0.0733587
0.0749319
0.0765362
0.078182
0.079825
0.0814949
0.0831859
0.0848728
0.0864066
0.0878534
0.00588649
0.00582794
0.00618641
0.00642068
0.00621351
0.00635774
0.00686756
0.00678964
0.00642726
0.00673196
0.00749706
0.00796305
0.00803291
0.00811456
0.00859154
0.0094141
0.010017
0.0101539
0.0103412
0.0109377
0.0116409
0.0120846
0.012357
0.01278
0.0134174
0.0140454
0.0145039
0.0149148
0.0154547
0.0160602
0.0166149
0.0171382
0.0176777
0.0182469
0.0188141
0.0193682
0.0199476
0.0205772
0.0211917
0.0217852
0.0223948
0.023057
0.0237326
0.0243841
0.0250412
0.0257366
0.0264467
0.0271498
0.0278649
0.0286
0.0293302
0.030085
0.0308574
0.0316267
0.0324342
0.033257
0.0340867
0.034904
0.0357702
0.0366502
0.0375207
0.0384008
0.0393293
0.0403088
0.0412469
0.0421936
0.0431674
0.0441573
0.0451875
0.0462372
0.0472901
0.0483596
0.0494592
0.0505809
0.0517278
0.0528708
0.0540528
0.0552737
0.0565588
0.0578505
0.0590771
0.0603439
0.06169
0.0630868
0.0644962
0.0659292
0.0673575
0.0687911
0.0702801
0.071811
0.0733596
0.0749323
0.0765365
0.0781819
0.0798248
0.081496
0.0831866
0.0848754
0.0864164
0.0878658
0.00609639
0.00587922
0.00611823
0.00649065
0.00643296
0.00645745
0.00692123
0.00699809
0.00667818
0.00688564
0.00761189
0.00810252
0.00817702
0.00822351
0.00864603
0.00944784
0.0100933
0.0102569
0.0104023
0.0109674
0.0116986
0.0121634
0.01241
0.012807
0.0134504
0.0140883
0.0145421
0.0149417
0.0154747
0.0160826
0.0166392
0.0171588
0.0176952
0.0182633
0.0188305
0.0193847
0.0199619
0.020591
0.0212071
0.0217978
0.0224037
0.0230668
0.0237438
0.0243937
0.0250476
0.0257425
0.0264531
0.027155
0.0278682
0.0286046
0.0293363
0.0300895
0.0308616
0.0316316
0.0324385
0.0332594
0.0340884
0.0349067
0.0357727
0.036652
0.0375233
0.0384052
0.039332
0.0403081
0.0412466
0.042195
0.0431704
0.0441609
0.0451897
0.046239
0.0472922
0.0483621
0.0494618
0.0505831
0.0517305
0.0528747
0.0540576
0.0552783
0.0565597
0.0578486
0.0590802
0.0603512
0.0616949
0.0630888
0.0644968
0.0659283
0.0673575
0.0687941
0.0702823
0.0718117
0.0733606
0.0749328
0.0765368
0.0781818
0.0798246
0.0814971
0.0831876
0.0848781
0.0864264
0.0878785
0.00639145
0.0059947
0.00605093
0.00649099
0.00663576
0.00661325
0.00697038
0.00716103
0.00692505
0.00705991
0.00773245
0.00823546
0.00831943
0.00834346
0.00871621
0.00948408
0.0101594
0.0103615
0.0104769
0.0109971
0.0117472
0.0122466
0.0124734
0.0128353
0.0134814
0.0141332
0.0145828
0.0149694
0.0154952
0.0161059
0.0166652
0.0171811
0.017714
0.0182807
0.0188478
0.0194024
0.0199774
0.0206053
0.0212227
0.0218106
0.0224126
0.0230766
0.0237556
0.024404
0.0250546
0.0257488
0.0264603
0.0271609
0.0278717
0.0286092
0.0293424
0.030094
0.0308658
0.0316368
0.0324433
0.0332621
0.0340903
0.0349097
0.0357753
0.0366539
0.037526
0.0384097
0.039335
0.0403075
0.0412464
0.0421966
0.0431734
0.0441644
0.0451919
0.0462411
0.0472944
0.0483647
0.0494645
0.0505855
0.0517333
0.0528787
0.0540624
0.0552829
0.0565607
0.057847
0.0590832
0.0603583
0.0616998
0.0630909
0.0644976
0.0659276
0.0673576
0.068797
0.0702845
0.0718125
0.0733617
0.0749333
0.0765371
0.0781819
0.0798245
0.0814984
0.0831889
0.0848812
0.0864367
0.0878915
0.00663246
0.00614796
0.00603278
0.00645889
0.00680956
0.00684101
0.00706435
0.00728862
0.00714744
0.00724536
0.00786729
0.00837002
0.00845438
0.00846694
0.00880464
0.00952939
0.0102159
0.0104623
0.0105653
0.0110325
0.0117858
0.0123287
0.0125484
0.0128678
0.0135092
0.0141802
0.0146286
0.0149993
0.015516
0.0161296
0.0166923
0.0172046
0.0177336
0.018299
0.0188658
0.0194206
0.0199935
0.0206203
0.0212394
0.0218248
0.0224223
0.0230866
0.0237676
0.0244145
0.0250614
0.0257551
0.0264678
0.0271671
0.0278756
0.0286145
0.0293491
0.0300987
0.03087
0.0316419
0.0324479
0.0332647
0.0340924
0.0349129
0.0357782
0.0366559
0.0375285
0.0384141
0.0393381
0.0403071
0.0412464
0.0421984
0.0431765
0.0441678
0.0451942
0.0462432
0.0472967
0.0483673
0.0494673
0.050588
0.0517362
0.0528827
0.0540672
0.0552873
0.0565618
0.0578456
0.0590862
0.060365
0.0617045
0.0630931
0.0644984
0.065927
0.0673577
0.0687998
0.0702866
0.0718134
0.0733627
0.0749339
0.0765375
0.078182
0.0798244
0.0814998
0.0831904
0.0848844
0.0864473
0.0879049
0.00680786
0.00633057
0.00608632
0.00643542
0.00695251
0.00712082
0.00723443
0.00740164
0.00733329
0.0074298
0.00801566
0.00851802
0.00858838
0.00858756
0.00890906
0.0095935
0.0102682
0.0105552
0.0106652
0.011079
0.0118171
0.012406
0.0126341
0.0129084
0.013533
0.0142258
0.0146799
0.0150322
0.0155369
0.0161545
0.0167218
0.0172304
0.0177545
0.0183182
0.018885
0.01944
0.0200105
0.0206356
0.0212562
0.0218394
0.0224326
0.0230973
0.0237807
0.0244263
0.0250691
0.0257618
0.0264758
0.0271738
0.0278795
0.0286195
0.0293557
0.0301036
0.0308745
0.0316475
0.0324531
0.0332675
0.0340945
0.0349162
0.0357812
0.036658
0.0375311
0.0384185
0.0393412
0.0403067
0.0412466
0.0422004
0.0431795
0.0441712
0.0451967
0.0462455
0.0472991
0.04837
0.0494702
0.0505906
0.0517392
0.0528868
0.0540721
0.0552917
0.056563
0.0578446
0.059089
0.0603715
0.0617092
0.0630955
0.0644993
0.0659265
0.0673578
0.0688025
0.0702888
0.0718143
0.0733638
0.0749345
0.076538
0.0781822
0.0798244
0.0815012
0.0831922
0.084888
0.086458
0.0879185
0.00689715
0.00652698
0.00620782
0.00644323
0.00705453
0.00740447
0.00747343
0.00752721
0.00748242
0.00759682
0.008166
0.00867998
0.00873131
0.00869647
0.00901669
0.00967995
0.0103254
0.0106362
0.0107701
0.0111405
0.0118447
0.0124727
0.0127269
0.0129611
0.0135557
0.0142683
0.0147368
0.0150705
0.0155571
0.0161784
0.0167529
0.0172581
0.0177766
0.0183383
0.0189053
0.0194603
0.0200282
0.0206518
0.0212743
0.0218554
0.0224434
0.0231077
0.0237937
0.0244384
0.0250769
0.0257687
0.0264843
0.0271812
0.0278843
0.0286254
0.0293632
0.0301087
0.0308788
0.031653
0.0324583
0.0332706
0.034097
0.03492
0.0357845
0.0366603
0.0375338
0.038423
0.0393447
0.0403065
0.041247
0.0422027
0.0431826
0.0441745
0.0451992
0.0462479
0.0473015
0.0483729
0.0494732
0.0505934
0.0517423
0.0528909
0.0540771
0.0552961
0.0565642
0.0578438
0.0590919
0.0603777
0.0617139
0.0630979
0.0645003
0.0659263
0.067358
0.0688052
0.0702909
0.0718154
0.073365
0.0749352
0.0765386
0.0781826
0.0798245
0.0815028
0.0831943
0.0848919
0.086469
0.0879325
0.00704005
0.0067963
0.00639932
0.00649732
0.00712246
0.00764096
0.0077536
0.00769278
0.0076088
0.00773812
0.00830219
0.00884645
0.00889332
0.00880031
0.00910837
0.00978166
0.0103985
0.0107062
0.0108691
0.0112173
0.0118754
0.0125266
0.0128211
0.0130269
0.01358
0.0143041
0.0147958
0.015116
0.0155785
0.0162007
0.0167858
0.0172887
0.0177998
0.0183586
0.0189263
0.0194821
0.020047
0.0206679
0.0212925
0.0218721
0.0224547
0.0231187
0.0238079
0.0244517
0.0250853
0.0257758
0.0264932
0.0271888
0.0278887
0.0286308
0.0293704
0.0301139
0.0308835
0.031659
0.0324639
0.0332737
0.0340994
0.0349236
0.0357878
0.0366628
0.0375365
0.0384274
0.0393482
0.0403064
0.0412473
0.0422051
0.0431856
0.0441777
0.0452019
0.0462505
0.047304
0.0483758
0.0494764
0.0505963
0.0517455
0.052895
0.054082
0.0553004
0.0565656
0.0578433
0.0590948
0.0603837
0.0617184
0.0631004
0.0645014
0.0659262
0.0673583
0.0688077
0.070293
0.0718166
0.0733662
0.074936
0.0765393
0.078183
0.0798247
0.0815046
0.0831967
0.084896
0.0864802
0.0879468
0.00700055
0.00699316
0.00664828
0.00662131
0.00718307
0.00782337
0.00804526
0.00792374
0.00775105
0.00785889
0.00841704
0.00900718
0.00908852
0.00892193
0.00917918
0.00988541
0.0105025
0.0107794
0.0109558
0.0113065
0.0119192
0.0125691
0.0129103
0.0131065
0.0136115
0.0143347
0.0148546
0.0151702
0.0156038
0.01622
0.0168187
0.0173229
0.017825
0.0183796
0.0189481
0.0195053
0.0200667
0.0206844
0.0213118
0.0218907
0.0224671
0.0231294
0.0238222
0.0244656
0.025094
0.0257831
0.0265026
0.0271972
0.0278939
0.0286374
0.0293788
0.0301196
0.0308879
0.0316648
0.0324696
0.0332771
0.0341023
0.0349278
0.0357915
0.0366655
0.0375391
0.0384317
0.0393521
0.0403066
0.041248
0.042208
0.0431889
0.0441808
0.0452048
0.0462533
0.0473065
0.0483788
0.0494797
0.0505994
0.0517489
0.0528992
0.054087
0.0553047
0.056567
0.0578431
0.0590978
0.0603894
0.0617229
0.063103
0.0645027
0.0659263
0.0673586
0.0688102
0.0702951
0.0718178
0.0733675
0.0749368
0.0765401
0.0781836
0.079825
0.0815064
0.0831995
0.0849005
0.0864915
0.0879614
0.00693521
0.00715292
0.00693328
0.00681201
0.00725699
0.00795041
0.00830861
0.00820351
0.00793779
0.00797183
0.00850747
0.00914963
0.00930465
0.00908118
0.00923419
0.00996657
0.0106313
0.0108713
0.0110255
0.0113946
0.0119829
0.0126092
0.0129876
0.0131952
0.0136539
0.0143609
0.0149094
0.0152314
0.0156363
0.016238
0.0168503
0.0173609
0.0178532
0.0184003
0.0189701
0.0195305
0.0200887
0.0207014
0.021331
0.0219102
0.0224802
0.0231403
0.0238371
0.0244811
0.0251036
0.0257908
0.0265129
0.0272064
0.0278992
0.0286436
0.0293871
0.0301253
0.0308927
0.0316714
0.032476
0.0332807
0.034105
0.034932
0.0357953
0.0366685
0.0375421
0.0384361
0.0393561
0.0403069
0.0412485
0.0422109
0.0431922
0.0441837
0.0452076
0.0462563
0.0473091
0.048382
0.0494832
0.0506025
0.0517524
0.0529035
0.054092
0.0553089
0.0565686
0.0578432
0.0591007
0.060395
0.0617273
0.0631058
0.064504
0.0659267
0.067359
0.0688126
0.0702973
0.0718191
0.0733689
0.0749377
0.076541
0.0781843
0.0798255
0.0815085
0.0832026
0.0849053
0.086503
0.0879762
0.00684351
0.00725783
0.00721546
0.00705442
0.00735551
0.00803107
0.00850353
0.0084918
0.00817835
0.00809577
0.00857634
0.00925798
0.00951608
0.00928272
0.00929326
0.0100053
0.010764
0.0109977
0.0110907
0.011467
0.0120623
0.0126574
0.0130493
0.0132846
0.0137118
0.0143879
0.0149581
0.0152972
0.0156771
0.0162563
0.0168779
0.0174004
0.0178856
0.0184222
0.0189917
0.0195566
0.020112
0.0207187
0.0213502
0.0219313
0.0224952
0.0231514
0.0238519
0.0244974
0.0251138
0.025798
0.0265231
0.0272159
0.0279045
0.02865
0.0293966
0.0301318
0.0308972
0.0316776
0.0324823
0.0332844
0.034108
0.0349365
0.0357993
0.0366716
0.0375448
0.0384401
0.0393604
0.0403076
0.0412491
0.0422141
0.0431959
0.0441867
0.0452107
0.0462596
0.0473118
0.0483852
0.0494868
0.0506058
0.0517561
0.0529078
0.0540969
0.0553132
0.0565703
0.0578437
0.0591037
0.0604003
0.0617316
0.0631086
0.0645055
0.0659272
0.0673595
0.0688149
0.0702995
0.0718205
0.0733704
0.0749388
0.0765421
0.0781851
0.0798262
0.0815107
0.083206
0.0849105
0.0865147
0.0879913
0.00674974
0.00730653
0.00745959
0.00732729
0.00748527
0.0080852
0.0086341
0.00875265
0.00846449
0.0082612
0.00863805
0.00933299
0.0097048
0.00952211
0.0093911
0.0100105
0.0108747
0.0111628
0.0111735
0.011516
0.0121442
0.0127294
0.0131053
0.0133644
0.0137838
0.0144213
0.0149978
0.0153626
0.0157274
0.0162782
0.0169025
0.0174404
0.0179229
0.0184462
0.0190121
0.0195832
0.0201385
0.0207379
0.0213693
0.0219525
0.0225111
0.0231627
0.0238664
0.0245146
0.0251251
0.0258056
0.0265341
0.0272275
0.0279111
0.0286563
0.0294061
0.0301385
0.0309016
0.0316842
0.0324895
0.0332887
0.0341112
0.0349411
0.0358037
0.036675
0.0375479
0.0384445
0.039365
0.0403087
0.0412499
0.0422176
0.0431997
0.0441895
0.0452136
0.0462632
0.0473146
0.0483885
0.0494907
0.0506093
0.0517598
0.0529122
0.054102
0.0553175
0.0565721
0.0578444
0.0591068
0.0604055
0.0617358
0.0631116
0.0645071
0.0659279
0.0673601
0.0688172
0.0703018
0.071822
0.073372
0.0749399
0.0765433
0.0781861
0.079827
0.0815131
0.0832098
0.0849161
0.0865265
0.0880066
0.00667411
0.0073154
0.00764304
0.00760065
0.00765378
0.00814667
0.00872402
0.00896675
0.00877016
0.00848494
0.00871745
0.00938323
0.00985498
0.00977374
0.00954693
0.0100064
0.0109343
0.0113459
0.011297
0.0115503
0.0122067
0.0128229
0.0131694
0.0134254
0.0138597
0.0144704
0.0150329
0.0154244
0.0157875
0.0163068
0.0169248
0.0174785
0.0179637
0.0184741
0.0190326
0.0196092
0.0201665
0.0207584
0.0213883
0.0219744
0.0225291
0.0231757
0.0238816
0.0245328
0.025138
0.0258136
0.0265449
0.0272388
0.0279174
0.0286622
0.0294163
0.0301467
0.0309065
0.0316908
0.0324967
0.0332932
0.0341145
0.0349457
0.0358084
0.0366788
0.037551
0.0384484
0.0393695
0.04031
0.0412506
0.042221
0.0432038
0.0441923
0.0452166
0.046267
0.0473175
0.0483918
0.0494947
0.0506129
0.0517636
0.0529166
0.054107
0.0553219
0.0565741
0.0578455
0.05911
0.0604106
0.0617401
0.0631146
0.0645087
0.0659288
0.0673609
0.0688194
0.0703042
0.0718235
0.0733737
0.0749411
0.0765447
0.0781872
0.079828
0.0815158
0.083214
0.084922
0.0865384
0.088022
0.0066216
0.00729836
0.00776525
0.0078577
0.00786433
0.00823769
0.00879816
0.00912955
0.00905464
0.00875334
0.00883417
0.00942094
0.00996025
0.01001
0.00975949
0.0100269
0.0109383
0.0115149
0.0114713
0.0115932
0.0122354
0.012923
0.0132627
0.013477
0.0139262
0.0145382
0.0150713
0.0154747
0.0158524
0.016344
0.0169454
0.017514
0.0180073
0.0185058
0.0190534
0.019634
0.0201963
0.0207825
0.0214089
0.0219966
0.0225475
0.0231888
0.0238965
0.0245511
0.0251509
0.0258213
0.0265559
0.0272518
0.0279258
0.0286689
0.0294264
0.0301549
0.030911
0.031697
0.0325043
0.0332984
0.0341181
0.0349504
0.0358134
0.0366827
0.037554
0.0384525
0.0393746
0.0403119
0.0412516
0.0422247
0.0432083
0.0441952
0.0452196
0.046271
0.0473206
0.0483952
0.0494988
0.0506167
0.0517675
0.052921
0.0541121
0.0553264
0.0565762
0.0578468
0.0591132
0.0604154
0.0617443
0.0631176
0.0645106
0.0659299
0.0673618
0.0688215
0.0703066
0.0718251
0.0733754
0.0749426
0.0765462
0.0781886
0.0798293
0.0815186
0.0832184
0.0849284
0.0865505
0.0880376
0.00659883
0.00727684
0.00783911
0.00808326
0.00810496
0.00836216
0.00886984
0.00925079
0.0092929
0.00904122
0.00900332
0.00946886
0.0100295
0.0102092
0.0100044
0.0101013
0.0109102
0.011638
0.0116834
0.0116764
0.0122351
0.0130028
0.0133882
0.0135359
0.0139668
0.0146136
0.0151263
0.015514
0.0159153
0.0163947
0.0169687
0.0175458
0.018053
0.0185422
0.0190765
0.0196587
0.0202261
0.0208078
0.0214298
0.0220183
0.0225662
0.0232029
0.0239127
0.0245713
0.0251657
0.0258301
0.026568
0.0272652
0.0279335
0.0286745
0.0294364
0.0301643
0.0309167
0.0317039
0.0325123
0.0333038
0.0341218
0.0349551
0.0358188
0.0366873
0.0375574
0.0384566
0.0393797
0.0403139
0.0412526
0.0422283
0.0432116
0.0441981
0.0452226
0.0462752
0.0473239
0.0483987
0.049503
0.0506208
0.0517715
0.0529255
0.0541172
0.0553308
0.0565785
0.0578484
0.0591166
0.0604203
0.0617485
0.0631208
0.0645126
0.0659313
0.0673628
0.0688236
0.0703092
0.0718269
0.0733773
0.0749442
0.0765478
0.07819
0.0798308
0.0815217
0.0832232
0.0849351
0.0865626
0.0880533
0.00660789
0.00726778
0.00788233
0.00825945
0.00835449
0.00852432
0.00895144
0.00934566
0.0094836
0.00932178
0.00921699
0.00954588
0.0100781
0.0103628
0.0102546
0.0102403
0.0108861
0.0116977
0.0118977
0.0118167
0.0122288
0.013038
0.0135299
0.0136297
0.0139875
0.0146794
0.0152082
0.0155532
0.0159653
0.0164571
0.0169994
0.0175713
0.0180992
0.0185835
0.0191
0.0196817
0.0202556
0.0208351
0.0214541
0.0220428
0.022586
0.0232171
0.0239292
0.0245929
0.0251811
0.0258369
0.0265787
0.02728
0.0279432
0.0286817
0.0294477
0.0301742
0.0309218
0.0317102
0.0325204
0.0333099
0.034126
0.0349598
0.0358243
0.0366921
0.0375604
0.0384604
0.039385
0.0403164
0.0412539
0.0422323
0.0432167
0.0442013
0.0452256
0.0462795
0.0473274
0.0484023
0.0495074
0.0506251
0.0517756
0.05293
0.0541224
0.0553355
0.0565809
0.0578504
0.0591201
0.0604249
0.0617526
0.063124
0.0645147
0.0659328
0.0673641
0.0688257
0.0703118
0.0718287
0.0733792
0.074946
0.0765496
0.0781917
0.0798326
0.0815251
0.0832284
0.0849422
0.0865748
0.0880691
0.0066503
0.00728322
0.00792083
0.00838574
0.00858665
0.00872039
0.00905311
0.00942791
0.00963431
0.00957328
0.00945548
0.00966422
0.0101285
0.0104761
0.0104817
0.0104256
0.0108964
0.0117067
0.0120791
0.0120105
0.012254
0.0130281
0.0136588
0.0137712
0.0140091
0.0147118
0.0153079
0.0156095
0.0159959
0.0165207
0.0170457
0.017592
0.0181407
0.0186315
0.0191267
0.019705
0.0202873
0.0208635
0.0214791
0.0220686
0.0226057
0.0232297
0.0239448
0.024616
0.0251991
0.0258448
0.0265903
0.0272972
0.0279535
0.0286871
0.029458
0.0301847
0.0309274
0.0317169
0.0325294
0.0333165
0.0341301
0.0349643
0.0358302
0.0366975
0.037564
0.0384646
0.0393909
0.0403192
0.0412552
0.0422362
0.0432214
0.0442044
0.0452287
0.046284
0.0473312
0.0484059
0.0495117
0.0506295
0.0517799
0.0529345
0.0541276
0.0553401
0.0565834
0.0578526
0.0591237
0.0604295
0.0617569
0.0631272
0.064517
0.0659345
0.0673655
0.0688279
0.0703145
0.0718307
0.0733812
0.0749481
0.0765516
0.0781935
0.0798347
0.0815287
0.0832339
0.0849497
0.0865872
0.0880849
0.0067264
0.00731766
0.00796702
0.00847858
0.00877873
0.00893195
0.00918469
0.00951452
0.00975823
0.00978879
0.0096973
0.00981821
0.010195
0.0105592
0.0106704
0.0106345
0.0109619
0.0117004
0.0122068
0.0122269
0.0123351
0.0129941
0.0137397
0.0139456
0.014063
0.0147073
0.015402
0.0157011
0.0160182
0.0165703
0.0171104
0.0176165
0.0181732
0.0186868
0.0191603
0.0197245
0.0203172
0.0208925
0.0215039
0.0220973
0.0226288
0.023242
0.0239599
0.0246415
0.0252211
0.0258525
0.0265982
0.0273138
0.0279657
0.0286931
0.0294693
0.0301973
0.0309333
0.0317226
0.0325384
0.0333241
0.0341347
0.0349689
0.0358366
0.0367035
0.0375673
0.0384683
0.0393968
0.0403222
0.0412567
0.0422405
0.0432266
0.0442079
0.0452319
0.0462885
0.0473352
0.0484099
0.0495162
0.0506342
0.0517843
0.0529389
0.0541328
0.0553449
0.0565862
0.0578551
0.0591276
0.0604339
0.0617612
0.0631305
0.0645193
0.0659364
0.0673671
0.0688301
0.0703172
0.0718327
0.0733833
0.0749504
0.0765537
0.0781955
0.0798372
0.0815326
0.0832397
0.0849576
0.0865996
0.0881007
0.00682432
0.00736078
0.0080218
0.00856555
0.00893335
0.00913725
0.00934626
0.00961821
0.00986358
0.00996355
0.00992232
0.00999415
0.0102898
0.0106353
0.0108239
0.0108446
0.0110742
0.011704
0.0122818
0.012429
0.0124759
0.0129732
0.0137613
0.0141217
0.0141747
0.0146885
0.0154615
0.0158261
0.0160547
0.0165926
0.017184
0.0176573
0.0181931
0.0187398
0.0192039
0.0197421
0.0203452
0.020926
0.02153
0.0221271
0.0226559
0.0232546
0.0239715
0.0246663
0.0252454
0.0258616
0.0266055
0.0273317
0.0279813
0.0286994
0.0294789
0.0302101
0.03094
0.0317279
0.0325479
0.033333
0.0341396
0.0349728
0.0358428
0.0367099
0.0375708
0.0384722
0.0394033
0.0403259
0.0412582
0.042245
0.0432318
0.0442114
0.0452352
0.0462931
0.0473394
0.0484139
0.0495206
0.0506389
0.0517888
0.0529435
0.0541384
0.0553499
0.056589
0.0578577
0.0591316
0.0604383
0.0617655
0.0631339
0.0645218
0.0659385
0.0673687
0.0688324
0.0703201
0.0718349
0.0733855
0.0749529
0.0765561
0.0781976
0.07984
0.0815368
0.0832457
0.084966
0.0866121
0.0881165
0.00694326
0.00742349
0.00808316
0.00865747
0.00906493
0.00931783
0.00952109
0.00974166
0.00996197
0.0101055
0.0101261
0.0101837
0.0104134
0.0107194
0.0109463
0.0110332
0.0112148
0.0117354
0.0123277
0.0125956
0.0126554
0.0129982
0.0137397
0.0142603
0.0143398
0.0146904
0.0154694
0.0159577
0.0161305
0.0165941
0.0172459
0.0177229
0.018209
0.018782
0.0192611
0.0197656
0.0203669
0.0209602
0.0215576
0.0221557
0.0226863
0.0232696
0.0239796
0.0246902
0.0252752
0.0258749
0.0266112
0.0273471
0.0279975
0.0287067
0.0294884
0.0302242
0.0309485
0.0317327
0.0325562
0.0333428
0.0341455
0.0349763
0.0358493
0.0367174
0.0375747
0.0384756
0.0394098
0.0403299
0.0412597
0.0422495
0.0432372
0.0442152
0.0452387
0.0462977
0.0473437
0.0484182
0.0495252
0.0506439
0.0517936
0.0529478
0.0541438
0.0553549
0.056592
0.0578606
0.0591358
0.0604425
0.0617698
0.0631375
0.0645244
0.065941
0.0673706
0.0688348
0.070323
0.0718373
0.0733878
0.0749555
0.0765586
0.0781999
0.0798432
0.0815414
0.083252
0.0849746
0.0866248
0.0881322
0.00708486
0.00751449
0.00814502
0.00874156
0.00918465
0.00947533
0.00969301
0.00988323
0.0100696
0.0102309
0.0103058
0.010371
0.0105517
0.0108157
0.0110517
0.0111953
0.0113706
0.0117989
0.012366
0.0127224
0.0128416
0.01308
0.0137094
0.0143376
0.0145261
0.014746
0.0154433
0.0160622
0.0162525
0.0165992
0.0172771
0.0178077
0.0182382
0.0188059
0.0193217
0.019801
0.020383
0.0209911
0.0215893
0.0221846
0.0227182
0.0232897
0.0239876
0.0247106
0.0253065
0.0258907
0.0266156
0.0273617
0.0280156
0.0287161
0.0294982
0.0302378
0.0309574
0.0317379
0.032564
0.0333534
0.0341529
0.03498
0.0358552
0.0367249
0.0375789
0.038479
0.0394165
0.0403347
0.0412615
0.0422541
0.0432429
0.044219
0.0452421
0.0463025
0.0473484
0.0484228
0.0495299
0.0506487
0.0517984
0.0529522
0.0541494
0.0553601
0.0565952
0.0578637
0.0591403
0.0604468
0.0617742
0.0631412
0.0645269
0.0659436
0.0673726
0.0688373
0.070326
0.0718397
0.0733904
0.0749585
0.0765615
0.0782023
0.0798467
0.0815464
0.0832586
0.0849837
0.0866375
0.0881478
0.00722763
0.00762524
0.0082141
0.00881842
0.00930059
0.00962171
0.00985342
0.0100339
0.0101906
0.0103479
0.0104582
0.0105429
0.0106965
0.0109274
0.0111585
0.011336
0.0115265
0.0118887
0.0124086
0.0128197
0.0130111
0.0132046
0.013704
0.014359
0.0146943
0.0148643
0.0154194
0.0161146
0.0163979
0.0166374
0.0172759
0.0178889
0.0182942
0.0188171
0.0193728
0.0198534
0.0204022
0.0210145
0.021623
0.0222171
0.0227503
0.0233126
0.0239957
0.0247259
0.0253386
0.0259129
0.0266219
0.0273749
0.0280335
0.0287252
0.0295081
0.0302523
0.0309673
0.0317439
0.0325715
0.0333636
0.0341611
0.0349841
0.0358608
0.0367329
0.0375842
0.0384824
0.039423
0.0403401
0.0412634
0.0422585
0.0432486
0.0442233
0.045246
0.0463072
0.0473529
0.0484271
0.0495347
0.0506539
0.0518037
0.0529568
0.054155
0.0553653
0.0565985
0.0578669
0.0591449
0.060451
0.0617785
0.0631452
0.0645295
0.0659466
0.0673748
0.0688399
0.0703292
0.0718422
0.0733931
0.0749615
0.0765645
0.078205
0.0798505
0.0815518
0.0832653
0.0849929
0.0866504
0.0881634
0.0073548
0.00775104
0.00830706
0.00889976
0.00940823
0.00975798
0.0100007
0.0101842
0.0103215
0.0104614
0.0105893
0.0106979
0.0108449
0.0110507
0.0112724
0.0114624
0.0116675
0.0119942
0.012463
0.0128998
0.0131573
0.0133494
0.0137444
0.0143545
0.0148123
0.0150194
0.0154326
0.0161212
0.016532
0.0167237
0.0172647
0.0179444
0.0183782
0.0188354
0.0194026
0.0199131
0.0204338
0.0210311
0.0216523
0.0222537
0.022784
0.0233359
0.0240071
0.024741
0.0253687
0.0259381
0.0266294
0.0273863
0.028052
0.0287352
0.0295187
0.0302686
0.0309774
0.0317491
0.0325792
0.0333739
0.0341699
0.0349893
0.0358665
0.0367404
0.0375896
0.0384858
0.0394295
0.0403461
0.0412657
0.0422629
0.0432547
0.0442277
0.0452495
0.046312
0.0473581
0.0484318
0.0495397
0.0506591
0.0518088
0.0529611
0.0541607
0.0553709
0.0566021
0.0578705
0.0591497
0.0604552
0.0617826
0.0631493
0.064532
0.0659496
0.0673773
0.0688426
0.0703325
0.0718448
0.0733961
0.0749647
0.0765678
0.0782079
0.0798546
0.0815576
0.0832723
0.0850025
0.0866634
0.0881788
0.00746576
0.00788046
0.00841787
0.00898706
0.00950371
0.00988348
0.0101394
0.010328
0.0104577
0.0105779
0.0107108
0.0108396
0.0109906
0.0111777
0.0113867
0.0115813
0.0117929
0.0121053
0.0125322
0.0129705
0.0132843
0.013497
0.0138252
0.0143556
0.0148754
0.0151759
0.0154999
0.016111
0.0166267
0.0168434
0.0172716
0.0179643
0.018469
0.0188789
0.0194158
0.0199651
0.0204827
0.0210496
0.021672
0.022291
0.0228243
0.0233604
0.0240178
0.0247561
0.0253967
0.0259642
0.0266406
0.0273983
0.0280707
0.0287452
0.0295277
0.0302861
0.0309897
0.0317538
0.0325866
0.0333852
0.034179
0.0349948
0.0358722
0.0367481
0.0375956
0.0384892
0.0394359
0.0403529
0.0412685
0.0422669
0.0432606
0.0442324
0.0452535
0.0463171
0.0473637
0.0484364
0.0495446
0.0506643
0.0518141
0.0529658
0.0541663
0.0553765
0.0566057
0.057874
0.0591546
0.0604598
0.0617869
0.0631538
0.0645348
0.0659528
0.06738
0.0688453
0.0703361
0.0718474
0.0733993
0.0749682
0.0765712
0.0782112
0.0798589
0.0815637
0.0832795
0.0850123
0.0866765
0.0881941
0.00756406
0.0079982
0.00853103
0.00908136
0.0095953
0.0100001
0.0102716
0.0104634
0.0105959
0.0107015
0.0108277
0.0109672
0.0111233
0.0113024
0.0115017
0.0117016
0.0119128
0.0122133
0.0126133
0.0130368
0.0133918
0.013636
0.0139289
0.0143856
0.0149054
0.0153023
0.0156094
0.0161167
0.016681
0.0169694
0.0173131
0.0179627
0.0185422
0.0189519
0.0194311
0.0199962
0.0205396
0.0210815
0.0216851
0.0223226
0.0228714
0.0233888
0.0240244
0.0247716
0.0254276
0.0259894
0.0266528
0.0274121
0.0280893
0.0287551
0.0295358
0.0303042
0.0310046
0.0317582
0.0325926
0.0333971
0.0341886
0.0350004
0.0358785
0.0367562
0.0376021
0.0384923
0.0394422
0.0403605
0.0412715
0.0422705
0.0432671
0.0442379
0.0452571
0.0463217
0.0473695
0.048441
0.0495496
0.0506701
0.0518196
0.0529706
0.0541719
0.0553823
0.0566096
0.0578778
0.0591595
0.0604642
0.0617908
0.0631584
0.0645377
0.065956
0.0673831
0.068848
0.0703398
0.0718502
0.0734027
0.0749718
0.0765745
0.0782149
0.0798637
0.0815701
0.083287
0.0850222
0.0866896
0.0882092
0.00765818
0.00810751
0.00864437
0.00918402
0.00968814
0.0101067
0.0103958
0.01059
0.010728
0.0108278
0.0109407
0.0110818
0.0112439
0.0114253
0.0116178
0.0118203
0.0120327
0.0123157
0.0126973
0.0131038
0.0134829
0.0137656
0.0140424
0.0144448
0.0149285
0.0153844
0.0157326
0.0161562
0.016711
0.01708
0.0173871
0.0179639
0.0185863
0.0190367
0.0194674
0.0200097
0.0205879
0.0211299
0.0217001
0.0223412
0.0229197
0.0234285
0.0240293
0.0247818
0.0254628
0.0260164
0.026662
0.0274278
0.0281111
0.0287647
0.0295422
0.0303222
0.0310226
0.0317636
0.0325966
0.033409
0.0342001
0.0350063
0.0358839
0.0367646
0.0376094
0.0384947
0.0394479
0.0403694
0.0412754
0.0422736
0.0432732
0.0442436
0.0452607
0.0463264
0.0473763
0.0484459
0.0495543
0.0506757
0.0518248
0.0529755
0.0541776
0.0553883
0.0566137
0.0578818
0.0591646
0.060469
0.0617949
0.0631631
0.0645407
0.065959
0.0673865
0.0688508
0.0703437
0.0718531
0.0734062
0.0749759
0.0765781
0.0782187
0.0798687
0.0815768
0.0832948
0.0850325
0.0867028
0.0882242
0.0077521
0.00821372
0.00875769
0.00929107
0.00978219
0.0102029
0.0105095
0.0107072
0.0108477
0.010951
0.0110549
0.0111903
0.0113535
0.0115396
0.0117321
0.0119347
0.0121511
0.0124157
0.0127792
0.0131747
0.0135619
0.013883
0.0141596
0.0145238
0.0149657
0.0154343
0.0158414
0.0162273
0.0167361
0.017166
0.0174769
0.0179821
0.0186085
0.0191144
0.019532
0.0200249
0.0206159
0.0211846
0.0217288
0.0223509
0.0229603
0.0234798
0.0240381
0.0247805
0.025499
0.0260517
0.0266676
0.0274413
0.028138
0.028775
0.0295449
0.0303395
0.0310436
0.0317708
0.0325993
0.0334202
0.034213
0.035013
0.0358884
0.0367736
0.0376185
0.0384964
0.039453
0.0403797
0.0412797
0.0422755
0.0432794
0.0442507
0.0452647
0.0463306
0.0473831
0.0484508
0.0495589
0.050682
0.0518304
0.0529806
0.0541831
0.0553941
0.056618
0.0578858
0.0591697
0.0604739
0.061799
0.0631678
0.0645444
0.0659624
0.0673904
0.0688536
0.0703475
0.0718562
0.0734097
0.07498
0.0765816
0.078223
0.0798743
0.0815837
0.0833028
0.0850427
0.0867159
0.0882391
0.00784262
0.008313
0.0088672
0.00939927
0.00987936
0.0102929
0.010613
0.0108187
0.0109587
0.0110672
0.0111656
0.0112913
0.0114521
0.0116435
0.0118416
0.0120445
0.0122646
0.0125168
0.012859
0.0132455
0.0136335
0.0139848
0.0142755
0.0146127
0.0150223
0.0154741
0.0159224
0.0163153
0.0167726
0.0172313
0.0175693
0.0180186
0.0186215
0.0191701
0.0196084
0.0200589
0.020629
0.0212313
0.0217751
0.0223628
0.0229862
0.0235372
0.0240615
0.0247692
0.0255265
0.0260987
0.0266744
0.0274458
0.0281696
0.028791
0.0295433
0.030354
0.0310679
0.0317805
0.0326004
0.0334291
0.0342272
0.0350217
0.0358914
0.0367818
0.0376296
0.0384977
0.0394563
0.040391
0.0412851
0.0422771
0.0432856
0.0442583
0.0452683
0.0463345
0.0473905
0.0484564
0.0495634
0.0506882
0.0518357
0.052986
0.0541889
0.0554001
0.0566228
0.05789
0.0591748
0.0604788
0.0618032
0.0631724
0.0645479
0.0659655
0.0673944
0.0688569
0.0703516
0.0718599
0.0734134
0.0749853
0.0765854
0.0782273
0.0798802
0.0815906
0.083311
0.0850533
0.0867292
0.0882539
0.00793183
0.00840552
0.00897021
0.00950519
0.0099799
0.0103815
0.0107059
0.0109244
0.0110619
0.0111696
0.0112673
0.0113894
0.0115439
0.0117336
0.0119398
0.0121471
0.0123707
0.0126181
0.0129421
0.013317
0.0137016
0.0140711
0.0143838
0.0147066
0.0150915
0.0155189
0.0159787
0.0164004
0.0168263
0.0172844
0.0176566
0.0180711
0.0186369
0.0192078
0.0196805
0.0201146
0.0206422
0.0212568
0.0218254
0.0223872
0.0230002
0.0235889
0.0241045
0.0247582
0.0255368
0.0261545
0.0266929
0.0274398
0.0281995
0.0288168
0.0295393
0.0303628
0.0310951
0.0317939
0.0326015
0.0334363
0.0342415
0.0350326
0.0358935
0.0367888
0.0376428
0.0384991
0.039458
0.0404038
0.041292
0.0422772
0.0432907
0.0442666
0.0452723
0.0463381
0.0473978
0.0484618
0.0495674
0.0506945
0.0518411
0.0529911
0.0541944
0.0554057
0.0566277
0.0578941
0.0591798
0.0604839
0.0618076
0.063177
0.0645519
0.0659687
0.0673984
0.0688599
0.0703551
0.0718635
0.073417
0.0749893
0.0765893
0.0782318
0.0798865
0.0815978
0.0833193
0.0850639
0.0867423
0.0882681
0.00802379
0.00849539
0.00906512
0.00960538
0.010078
0.01047
0.0107883
0.0110178
0.0111561
0.0112631
0.0113622
0.0114804
0.0116266
0.0118105
0.0120248
0.0122396
0.0124698
0.0127175
0.0130257
0.0133862
0.0137653
0.0141463
0.0144824
0.0148035
0.0151685
0.0155744
0.0160248
0.0164691
0.0168901
0.0173333
0.0177323
0.0181347
0.0186592
0.0192352
0.0197391
0.0201818
0.0206715
0.0212687
0.0218673
0.0224258
0.0230123
0.0236247
0.0241582
0.0247581
0.025526
0.0262067
0.0267302
0.0274278
0.0282201
0.0288537
0.029538
0.0303635
0.0311229
0.031812
0.0326033
0.0334415
0.0342556
0.0350466
0.0358961
0.0367941
0.0376579
0.0385021
0.0394581
0.0404171
0.0413003
0.0422772
0.0432963
0.0442766
0.0452771
0.0463417
0.0474056
0.0484682
0.0495724
0.0507014
0.0518471
0.0529971
0.0542008
0.0554117
0.0566335
0.0578988
0.059185
0.0604893
0.0618122
0.0631818
0.0645563
0.0659724
0.0674031
0.0688641
0.0703593
0.0718679
0.073421
0.0749957
0.0765936
0.0782365
0.0798933
0.0816053
0.0833278
0.0850747
0.0867552
0.0882828
0.00811467
0.00858539
0.00915385
0.00969718
0.0101677
0.010556
0.0108624
0.0110965
0.011242
0.0113467
0.0114429
0.0115581
0.0117027
0.0118791
0.0120967
0.0123207
0.0125598
0.0128095
0.013104
0.0134544
0.0138268
0.0142124
0.0145685
0.0148968
0.0152486
0.0156362
0.0160723
0.0165239
0.0169549
0.0173873
0.0177982
0.0182039
0.0186899
0.0192563
0.0197849
0.0202473
0.0207195
0.0212799
0.0218922
0.0224709
0.0230341
0.0236493
0.0242133
0.0247761
0.0255039
0.0262411
0.0267841
0.0274192
0.0282227
0.0288956
0.0295439
0.0303543
0.0311477
0.0318342
0.0326048
0.0334437
0.0342667
0.035061
0.0358988
0.0367966
0.0376728
0.0385061
0.0394557
0.0404294
0.04131
0.042276
0.0432995
0.0442859
0.0452811
0.0463442
0.0474124
0.0484739
0.0495763
0.050707
0.0518521
0.053002
0.0542061
0.0554166
0.056639
0.0579027
0.0591893
0.0604944
0.0618166
0.063186
0.06456
0.0659755
0.0674066
0.0688672
0.0703626
0.0718719
0.0734249
0.0749989
0.0765979
0.0782412
0.0799
0.0816127
0.0833361
0.0850856
0.0867685
0.0882964
0.00820125
0.00867499
0.00923735
0.00978034
0.010247
0.0106333
0.0109297
0.0111603
0.0113114
0.0114147
0.0115107
0.0116232
0.0117681
0.0119375
0.0121537
0.0123879
0.0126366
0.0128929
0.0131791
0.0135229
0.013888
0.0142697
0.0146411
0.0149803
0.0153276
0.0157001
0.0161212
0.0165695
0.0170097
0.0174434
0.0178568
0.0182721
0.0187321
0.0192762
0.0198237
0.0203076
0.0207783
0.0213036
0.0219031
0.0225111
0.0230683
0.0236686
0.0242625
0.0248131
0.0254869
0.0262558
0.0268501
0.0274325
0.0282126
0.0289384
0.0295676
0.0303408
0.0311677
0.0318652
0.0326115
0.0334466
0.0342787
0.0350779
0.0359049
0.0367994
0.037688
0.0385134
0.0394537
0.0404416
0.0413223
0.0422759
0.0433033
0.0442974
0.0452874
0.0463476
0.0474203
0.0484812
0.0495822
0.0507139
0.0518589
0.0530087
0.0542129
0.0554226
0.0566458
0.057908
0.0591944
0.0605007
0.061822
0.0631911
0.0645651
0.0659801
0.0674118
0.0688721
0.0703671
0.0718767
0.0734294
0.0750082
0.0766028
0.0782464
0.0799074
0.0816206
0.0833446
0.0850964
0.086781
0.0883108
0.00828212
0.00875826
0.00931419
0.00985332
0.0103137
0.010696
0.0109867
0.0112081
0.0113632
0.0114682
0.0115655
0.0116745
0.0118194
0.0119859
0.012198
0.0124403
0.0126982
0.0129673
0.0132503
0.0135848
0.0139442
0.0143189
0.0147008
0.0150524
0.0154017
0.0157632
0.0161676
0.0166084
0.0170493
0.017491
0.0179083
0.01833
0.0187776
0.0192915
0.019848
0.0203555
0.020833
0.0213388
0.0219063
0.0225328
0.0231071
0.0236851
0.0242945
0.024855
0.0254771
0.0262431
0.0269007
0.0274636
0.0281912
0.028961
0.0296022
0.0303249
0.0311706
0.0318972
0.0326205
0.0334429
0.0342866
0.0350928
0.035909
0.0368004
0.037702
0.0385208
0.0394495
0.0404511
0.041335
0.042275
0.0433044
0.0443074
0.0452928
0.0463494
0.0474264
0.0484874
0.0495869
0.0507185
0.0518639
0.053014
0.0542179
0.0554274
0.0566518
0.0579122
0.0591978
0.060506
0.0618262
0.0631949
0.0645687
0.0659831
0.0674151
0.0688755
0.0703704
0.0718808
0.0734333
0.0750068
0.0766074
0.0782513
0.0799141
0.0816282
0.083353
0.0851076
0.0867943
0.088324
0.00835563
0.00882823
0.0093764
0.00990463
0.0103566
0.01073
0.0110185
0.0112332
0.0113927
0.0115028
0.011606
0.0117183
0.0118661
0.0120373
0.0122449
0.0124935
0.0127623
0.0130464
0.0133321
0.0136557
0.0140127
0.0143779
0.0147599
0.0151223
0.0154769
0.0158347
0.0162235
0.0166561
0.0170916
0.0175381
0.0179665
0.0183905
0.018836
0.0193223
0.0198706
0.0204011
0.0208879
0.0213895
0.0219253
0.0225452
0.0231492
0.0237163
0.0243219
0.0249051
0.0254951
0.026228
0.0269359
0.0275179
0.0281874
0.0289686
0.0296464
0.0303279
0.0311629
0.0319293
0.0326447
0.0334402
0.0342931
0.0351124
0.0359147
0.0368009
0.0377181
0.0385316
0.0394443
0.0404593
0.0413512
0.0422758
0.0433053
0.0443186
0.0453001
0.0463522
0.047433
0.048495
0.0495934
0.050724
0.0518707
0.0530214
0.0542237
0.0554332
0.056659
0.0579175
0.0592023
0.060513
0.0618321
0.0632001
0.0645743
0.0659883
0.0674204
0.0688805
0.070375
0.0718856
0.0734381
0.0750125
0.0766124
0.078257
0.0799214
0.0816363
0.0833613
0.0851178
0.0868064
0.0883376
0.00844699
0.00888832
0.00940988
0.00990769
0.010333
0.0106776
0.0109503
0.011152
0.0113108
0.0114307
0.0115485
0.0116795
0.0118424
0.0120323
0.0122471
0.0125066
0.0127906
0.0130918
0.0133899
0.0137057
0.0140591
0.0144189
0.014795
0.0151646
0.0155263
0.0158883
0.0162664
0.016688
0.0171184
0.0175632
0.0180061
0.0184356
0.0188831
0.0193549
0.0198824
0.0204298
0.0209288
0.0214331
0.0219529
0.0225468
0.0231701
0.0237453
0.0243361
0.024938
0.0255225
0.0262113
0.0269412
0.027566
0.0281998
0.0289619
0.0296767
0.0303457
0.0311484
0.0319436
0.0326771
0.0334397
0.0342896
0.0351323
0.0359223
0.036796
0.0377331
0.0385474
0.0394376
0.0404617
0.0413691
0.0422782
0.0433028
0.0443283
0.0453084
0.0463547
0.0474385
0.0485031
0.0495998
0.0507279
0.0518769
0.0530291
0.0542286
0.0554389
0.0566663
0.0579221
0.0592056
0.0605188
0.0618366
0.0632035
0.0645783
0.0659917
0.067424
0.0688846
0.0703791
0.0718901
0.0734427
0.0750174
0.0766174
0.0782624
0.0799282
0.0816439
0.0833701
0.0851291
0.0868197
0.088351
0.00870462
0.0091406
0.00964926
0.0101171
0.0105022
0.0107947
0.0110181
0.0111812
0.0113135
0.0114234
0.0115362
0.0116745
0.0118449
0.0120505
0.0122752
0.0125398
0.0128339
0.0131442
0.0134533
0.013761
0.0141062
0.0144641
0.014834
0.0152047
0.0155736
0.0159446
0.0163195
0.0167278
0.0171532
0.0175945
0.0180441
0.0184814
0.018929
0.0193965
0.0199029
0.0204507
0.0209645
0.0214718
0.0219934
0.0225631
0.0231826
0.0237773
0.0243563
0.0249662
0.0255614
0.0262113
0.0269344
0.0276017
0.0282288
0.028957
0.0296913
0.0303724
0.0311402
0.0319425
0.0327096
0.0334507
0.0342804
0.0351476
0.0359364
0.0367877
0.0377425
0.0385698
0.0394329
0.0404575
0.0413883
0.042286
0.0432993
0.0443355
0.0453175
0.0463566
0.0474417
0.0485109
0.049606
0.0507298
0.0518825
0.0530366
0.0542318
0.0554434
0.0566731
0.0579264
0.0592094
0.0605256
0.0618422
0.0632078
0.0645838
0.0659963
0.0674284
0.068889
0.0703831
0.0718943
0.0734475
0.0750224
0.0766224
0.0782683
0.0799348
0.0816514
0.083378
0.0851388
0.0868312
0.0883634
0.00842614
0.00879658
0.00926907
0.00972935
0.0101296
0.0104514
0.0107158
0.0109384
0.0111311
0.0113052
0.0114695
0.01165
0.0118508
0.0120806
0.0123231
0.0125888
0.0128857
0.0131946
0.0135092
0.0138118
0.0141456
0.0144998
0.0148648
0.0152344
0.0156052
0.0159866
0.0163638
0.0167633
0.0171828
0.0176231
0.0180746
0.0185203
0.0189731
0.0194399
0.0199337
0.0204683
0.0209946
0.0215078
0.0220334
0.0225908
0.0231867
0.0237981
0.0243765
0.0249867
0.0256014
0.0262236
0.026927
0.0276239
0.0282656
0.0289668
0.0296985
0.0304036
0.0311492
0.0319365
0.0327367
0.0334756
0.0342741
0.0351549
0.0359596
0.0367823
0.0377419
0.0385984
0.0394344
0.0404437
0.0414042
0.042299
0.0432951
0.0443399
0.0453293
0.0463625
0.0474458
0.0485221
0.0496159
0.0507332
0.0518907
0.0530481
0.0542376
0.0554506
0.0566823
0.0579316
0.0592138
0.0605324
0.0618474
0.0632116
0.0645892
0.0660011
0.0674329
0.0688947
0.0703885
0.0718997
0.0734526
0.0750273
0.076628
0.0782744
0.0799418
0.0816588
0.0833868
0.0851499
0.0868439
0.0883779
0.00979888
0.00981059
0.00977971
0.0097865
0.00985662
0.0099881
0.0101752
0.010411
0.0106765
0.0109554
0.0112247
0.0114915
0.0117627
0.0120428
0.0123254
0.0126036
0.0129028
0.0132104
0.0135306
0.013839
0.014162
0.0145113
0.0148723
0.0152438
0.0156131
0.0160029
0.0163879
0.0167842
0.0172012
0.0176378
0.0180911
0.0185388
0.0189997
0.019467
0.0199544
0.0204746
0.0210032
0.021532
0.0220583
0.0226171
0.0231905
0.0238019
0.0243957
0.0249979
0.0256302
0.0262416
0.0269158
0.0276291
0.0282877
0.0289787
0.0296976
0.0304155
0.0311622
0.0319246
0.0327395
0.0335038
0.034272
0.0351453
0.035985
0.0367824
0.0377269
0.0386289
0.0394477
0.0404224
0.0414156
0.0423194
0.0432905
0.0443388
0.0453385
0.0463655
0.0474452
0.0485284
0.0496216
0.0507317
0.051894
0.053055
0.0542388
0.0554534
0.0566878
0.057934
0.0592169
0.0605382
0.0618516
0.0632147
0.0645937
0.0660046
0.0674356
0.0688978
0.0703914
0.0719026
0.0734567
0.0750318
0.0766318
0.0782796
0.0799473
0.0816649
0.083394
0.0851584
0.0868549
0.0883879
0.00848782
0.00878233
0.0091576
0.00953078
0.00986386
0.010145
0.010377
0.0105891
0.0108036
0.0110291
0.0112596
0.011496
0.0117545
0.0120328
0.0123299
0.0126217
0.0129246
0.0132372
0.0135636
0.013889
0.0142081
0.0145484
0.0149006
0.0152691
0.0156363
0.0160216
0.0164152
0.0168116
0.0172324
0.0176632
0.0181161
0.018568
0.0190305
0.019505
0.0199862
0.0204987
0.0210187
0.0215582
0.0220892
0.0226437
0.023212
0.023804
0.0244135
0.0250176
0.0256498
0.0262762
0.0269174
0.027634
0.0283146
0.0289952
0.0297161
0.0304284
0.0311832
0.0319386
0.0327317
0.033534
0.0342931
0.0351251
0.0360091
0.036798
0.037699
0.0386526
0.0394755
0.0403967
0.0414151
0.0423459
0.0432892
0.0443352
0.0453524
0.0463742
0.0474491
0.0485423
0.0496337
0.0507361
0.0519042
0.0530684
0.0542465
0.0554622
0.0566976
0.0579398
0.0592233
0.0605458
0.0618574
0.0632197
0.0646002
0.0660107
0.0674414
0.0689051
0.0703981
0.0719088
0.0734628
0.075037
0.0766399
0.0782862
0.0799543
0.0816718
0.0834022
0.0851709
0.0868684
0.0884043
0.00988753
0.00979532
0.00963449
0.00951266
0.00947704
0.00954215
0.00970118
0.00993827
0.0102399
0.0105806
0.0109418
0.0112957
0.0116448
0.0119831
0.0123176
0.0126351
0.012941
0.013251
0.0135701
0.0138996
0.0142189
0.0145502
0.0148969
0.0152619
0.0156354
0.0160155
0.0164149
0.0168179
0.0172427
0.017673
0.0181192
0.0185792
0.0190385
0.0195185
0.0200001
0.0205074
0.0210247
0.0215631
0.0221072
0.0226554
0.0232257
0.0238074
0.0244126
0.0250349
0.0256535
0.0262954
0.0269262
0.0276214
0.0283311
0.0289984
0.0297216
0.0304375
0.0311804
0.0319545
0.0327188
0.0335342
0.0343242
0.0351043
0.0360125
0.0368287
0.0376721
0.0386569
0.0395145
0.040381
0.0414029
0.0423702
0.0432938
0.0443253
0.0453595
0.0463795
0.047444
0.048547
0.04964
0.0507316
0.0519053
0.0530742
0.0542464
0.0554638
0.0567017
0.0579405
0.0592253
0.06055
0.0618598
0.0632215
0.0646032
0.0660129
0.0674425
0.068907
0.0703998
0.07191
0.0734651
0.0750396
0.0766388
0.0782896
0.079958
0.0816757
0.0834075
0.0851781
0.0868786
0.0884119
0.00929496
0.00915694
0.00898215
0.00887263
0.008875
0.00899999
0.00923998
0.00956585
0.00995342
0.0103709
0.0107989
0.011211
0.0116025
0.0119703
0.0123199
0.0126491
0.0129581
0.0132659
0.0135799
0.013904
0.0142239
0.0145499
0.0148941
0.0152558
0.0156326
0.0160139
0.016413
0.0168221
0.0172478
0.0176813
0.0181242
0.0185868
0.0190477
0.0195256
0.0200104
0.0205132
0.0210311
0.0215666
0.0221147
0.0226647
0.0232321
0.0238176
0.0244141
0.0250463
0.025665
0.0263052
0.0269477
0.0276244
0.028343
0.0290166
0.0297299
0.030458
0.0311883
0.031969
0.0327325
0.0335317
0.0343465
0.0351092
0.036003
0.036851
0.0376693
0.0386455
0.0395387
0.040384
0.041389
0.04238
0.0433044
0.0443233
0.0453657
0.0463932
0.047451
0.0485565
0.0496562
0.0507418
0.051914
0.0530884
0.0542575
0.0554727
0.0567127
0.0579487
0.0592322
0.060558
0.0618672
0.063228
0.0646105
0.0660206
0.0674495
0.068915
0.0704078
0.0719171
0.0734721
0.0750461
0.0766455
0.0782971
0.0799648
0.0816816
0.083413
0.0851983
0.0869094
0.0884311
)
;

boundaryField
{
    zeroGradientPlanes
    {
        type            zeroGradient;
    }
    inlet
    {
        type            zeroGradient;
    }
    plate
    {
        type            zeroGradient;
    }
    frontAndBack
    {
        type            empty;
    }
}


// ************************************************************************* //
