/*--------------------------------*- C++ -*----------------------------------*\
| =========                 |                                                 |
| \\      /  F ield         | OpenFOAM: The Open Source CFD Toolbox           |
|  \\    /   O peration     | Version:  v1912                                 |
|   \\  /    A nd           | Website:  www.openfoam.com                      |
|    \\/     M anipulation  |                                                 |
\*---------------------------------------------------------------------------*/
FoamFile
{
    version     2.0;
    format      ascii;
    class       volScalarField;
    location    "8";
    object      p;
}
// * * * * * * * * * * * * * * * * * * * * * * * * * * * * * * * * * * * * * //

dimensions      [0 2 -2 0 0 0 0];


internalField   nonuniform List<scalar> 
9600
(
8.54262e-10
0.00415102
0.0106006
0.00670526
0.00102977
0.00799303
0.012387
0.014685
0.0176347
0.0177685
0.0151778
0.0208175
0.0208775
0.0208304
0.0213802
0.0230511
0.0224892
0.0260188
0.028354
0.0342749
5.43276e-06
0.00415474
0.0106024
0.00672494
0.00104471
0.00797874
0.0123856
0.0146969
0.0176419
0.0177709
0.015178
0.0207108
0.0208495
0.0208439
0.0214075
0.0230538
0.0226009
0.0259978
0.0284442
0.0335975
1.15442e-05
0.00418417
0.0106161
0.00674242
0.00107012
0.00796522
0.0123885
0.0147279
0.0176527
0.0177676
0.0151728
0.0205879
0.0208304
0.0208708
0.0214241
0.0230618
0.0226675
0.0259658
0.0284446
0.0329746
2.17795e-05
0.00424959
0.010625
0.006765
0.00112347
0.00798162
0.0123911
0.014776
0.0176671
0.0177594
0.0151777
0.0204477
0.0208131
0.0208935
0.0214392
0.0230613
0.0227428
0.0259208
0.0284529
0.0323956
4.1021e-05
0.00434149
0.0106171
0.00678978
0.0012108
0.00802816
0.0123882
0.0148374
0.0176842
0.0177481
0.0152005
0.0202976
0.0207916
0.0209135
0.0214529
0.0230557
0.0228189
0.0258678
0.0284303
0.0318455
7.18837e-05
0.00444578
0.0105831
0.00681756
0.00132872
0.00809365
0.012379
0.0149065
0.0177026
0.0177358
0.0152431
0.0201499
0.0207693
0.0209343
0.0214662
0.0230462
0.022896
0.0258054
0.0283894
0.0313236
0.000115164
0.00455333
0.0105218
0.00684789
0.00146537
0.00817006
0.0123661
0.0149781
0.0177213
0.0177228
0.0153042
0.0200146
0.02075
0.0209569
0.021488
0.0230329
0.0229728
0.0257365
0.0283275
0.0308294
0.000170302
0.00466001
0.010439
0.00688123
0.00160902
0.00825218
0.0123512
0.0150475
0.0177391
0.0177085
0.0153815
0.0198953
0.0207349
0.0209809
0.0215147
0.0230161
0.0230476
0.0256633
0.0282421
0.0303658
0.000235784
0.00476558
0.0103433
0.00691855
0.00175445
0.00833555
0.0123336
0.0151112
0.0177542
0.0176923
0.015472
0.0197912
0.0207231
0.0210048
0.0215445
0.0229963
0.0231181
0.0255872
0.0281356
0.029936
0.00030984
0.00487177
0.0102424
0.00696053
0.00190431
0.00841725
0.0123111
0.015166
0.0177641
0.0176736
0.0155727
0.0196989
0.0207131
0.0210263
0.0215752
0.022974
0.0231816
0.0255092
0.0280113
0.0295386
0.000391005
0.00498047
0.0101409
0.00700659
0.00206576
0.0084967
0.0122817
0.0152098
0.0177668
0.017652
0.0156808
0.0196152
0.0207032
0.021043
0.0216049
0.0229499
0.0232358
0.0254302
0.0278716
0.0291687
0.000478361
0.0050926
0.0100409
0.00705526
0.00224655
0.00857503
0.012245
0.0152414
0.0177613
0.0176274
0.0157941
0.0195383
0.020693
0.0210534
0.021631
0.0229245
0.0232791
0.0253501
0.0277187
0.0288216
0.000571465
0.00520778
0.00994255
0.0071051
0.00245167
0.00865416
0.0122026
0.015261
0.0177479
0.0175998
0.0159106
0.0194678
0.020683
0.0210576
0.0216517
0.0228984
0.0233108
0.0252683
0.0275553
0.0284937
0.000670108
0.00532501
0.00984549
0.00715532
0.00268216
0.00873564
0.0121572
0.0152697
0.0177283
0.0175696
0.0160282
0.019404
0.0206739
0.0210569
0.0216663
0.0228722
0.0233311
0.0251823
0.0273837
0.0281818
0.000774113
0.00544342
0.00974959
0.00720586
0.0029354
0.00881999
0.0121112
0.0152689
0.0177046
0.0175372
0.0161452
0.019346
0.0206656
0.0210536
0.0216749
0.0228459
0.0233409
0.0250907
0.0272054
0.0278828
0.000883283
0.00556257
0.0096552
0.00725703
0.00320657
0.00890702
0.0120671
0.0152601
0.0176793
0.0175033
0.0162596
0.0192931
0.0206572
0.0210495
0.0216782
0.022819
0.0233418
0.0249922
0.0270205
0.027595
0.000997461
0.00568231
0.00956293
0.00730914
0.00349058
0.00899637
0.0120264
0.0152446
0.0176545
0.0174687
0.0163703
0.0192445
0.0206476
0.021046
0.0216767
0.0227906
0.0233354
0.0248864
0.0268288
0.0273174
0.00111655
0.00580255
0.0094735
0.00736232
0.00378334
0.00908784
0.0119901
0.0152236
0.0176317
0.0174342
0.016476
0.0192003
0.0206359
0.0210435
0.0216708
0.0227595
0.0233227
0.0247731
0.0266304
0.02705
0.00124052
0.00592314
0.00938772
0.0074166
0.00408192
0.00918137
0.0119589
0.0151978
0.0176117
0.0174004
0.016576
0.0191604
0.0206216
0.0210419
0.0216612
0.0227245
0.0233038
0.0246531
0.0264253
0.0267927
0.00136936
0.0060439
0.00930642
0.00747202
0.00438434
0.00927695
0.0119334
0.0151678
0.0175949
0.0173682
0.0166694
0.0191255
0.0206045
0.0210408
0.0216485
0.0226848
0.0232788
0.0245276
0.0262134
0.0265453
0.00150314
0.00616465
0.00923043
0.00752864
0.00468917
0.00937443
0.0119139
0.015134
0.0175812
0.0173383
0.0167555
0.0190955
0.0205844
0.0210395
0.0216332
0.0226399
0.0232476
0.024398
0.0259943
0.0263072
0.00164195
0.00628516
0.00916053
0.00758657
0.00499535
0.00947355
0.0119007
0.0150967
0.0175705
0.0173115
0.0168337
0.0190704
0.0205618
0.0210374
0.0216154
0.0225891
0.0232103
0.0242664
0.0257678
0.026077
0.00178593
0.00640513
0.00909752
0.00764597
0.00530192
0.00957388
0.0118938
0.0150564
0.017562
0.0172884
0.0169032
0.0190499
0.020537
0.0210338
0.0215954
0.0225318
0.0231661
0.0241352
0.025535
0.0258513
0.00193529
0.00652426
0.00904208
0.00770707
0.00560806
0.00967499
0.0118931
0.0150136
0.0175553
0.0172697
0.0169637
0.0190335
0.0205106
0.0210281
0.0215736
0.0224679
0.0231138
0.0240065
0.0252988
0.0256256
0.00209027
0.00664221
0.00899484
0.00777014
0.00591312
0.00977653
0.0118985
0.014969
0.0175496
0.0172559
0.0170149
0.0190203
0.0204831
0.0210194
0.0215504
0.0223978
0.0230522
0.0238811
0.0250631
0.0253961
0.00225116
0.00675868
0.00895638
0.00783542
0.00621631
0.00987844
0.0119098
0.014923
0.0175442
0.0172475
0.0170566
0.0190096
0.0204551
0.0210067
0.0215257
0.0223226
0.0229805
0.0237588
0.0248321
0.0251619
0.00241825
0.0068734
0.00892725
0.00790339
0.00651685
0.00998069
0.0119268
0.0148766
0.0175385
0.017245
0.0170888
0.0190002
0.0204279
0.0209889
0.0214992
0.0222435
0.0228979
0.0236378
0.0246094
0.0249261
0.00259189
0.00698614
0.00890791
0.00797463
0.006814
0.0100831
0.0119491
0.0148311
0.0175318
0.0172488
0.0171117
0.0189907
0.0204023
0.0209654
0.0214701
0.0221625
0.0228047
0.0235153
0.0243971
0.0246945
0.00277245
0.00709665
0.0088987
0.00804979
0.007107
0.0101866
0.0119764
0.0147855
0.0175234
0.0172592
0.017126
0.0189794
0.0203735
0.0209361
0.0214366
0.0220817
0.0227027
0.0233883
0.0241938
0.0244722
0.00296033
0.00720466
0.00889978
0.00812963
0.00739505
0.0102916
0.0120086
0.0147409
0.0175124
0.0172764
0.0171324
0.0189645
0.020356
0.0209012
0.0213968
0.0220025
0.0225951
0.0232551
0.023996
0.0242614
0.00315588
0.00730987
0.00891117
0.00821491
0.00767749
0.0103982
0.0120455
0.014698
0.0174983
0.0173003
0.0171319
0.0189439
0.0203438
0.0208625
0.0213483
0.021925
0.022485
0.0231169
0.0238007
0.0240598
0.00335942
0.00741207
0.00893274
0.00830622
0.00795372
0.0105069
0.0120869
0.0146572
0.0174805
0.0173311
0.0171262
0.0189151
0.0203364
0.0208222
0.0212897
0.0218483
0.0223748
0.0229751
0.0236068
0.0238632
0.00357121
0.00751114
0.00896421
0.0084042
0.00822311
0.0106184
0.0121326
0.0146191
0.0174584
0.0173683
0.0171171
0.0188762
0.0203325
0.0207833
0.0212197
0.0217709
0.0222677
0.0228311
0.0234146
0.0236684
0.00379145
0.00760701
0.00900507
0.00850963
0.00848527
0.0107325
0.0121832
0.0145843
0.017432
0.017411
0.0171064
0.0188258
0.0203305
0.0207487
0.0211376
0.0216899
0.0221677
0.0226873
0.0232235
0.0234743
0.00402025
0.00769984
0.00905463
0.00862313
0.00874019
0.0108493
0.0122385
0.0145535
0.0174012
0.0174588
0.0170961
0.0187624
0.0203277
0.0207217
0.0210446
0.0216005
0.022077
0.0225492
0.0230327
0.0232798
0.00425764
0.00779005
0.00911217
0.00874512
0.00898801
0.0109685
0.0122984
0.0145271
0.0173659
0.0175109
0.0170887
0.0186855
0.0203204
0.0207054
0.0209443
0.0214975
0.0219942
0.0224235
0.0228432
0.0230817
0.00450362
0.00787823
0.00917676
0.00887598
0.0092291
0.01109
0.0123627
0.0145059
0.0173262
0.017566
0.0170864
0.0185954
0.0203045
0.0207015
0.020841
0.0213757
0.0219147
0.0223188
0.0226627
0.0228768
0.00475815
0.00796529
0.00924735
0.00901571
0.0094642
0.0112137
0.0124314
0.0144901
0.0172822
0.0176231
0.0170916
0.0184931
0.0202752
0.0207106
0.0207409
0.0212319
0.02183
0.0222392
0.022503
0.0226671
0.00502105
0.00805222
0.00932324
0.00916419
0.00969365
0.0113399
0.0125042
0.0144797
0.0172347
0.0176809
0.0171061
0.0183806
0.0202278
0.0207301
0.0206519
0.0210687
0.0217306
0.0221797
0.0223763
0.0224641
0.00529221
0.00814016
0.00940321
0.00932139
0.00991847
0.0114682
0.0125814
0.0144747
0.0171833
0.0177385
0.017132
0.0182604
0.0201579
0.0207572
0.020579
0.0208898
0.0216105
0.0221341
0.0222912
0.0222846
0.00557123
0.0082308
0.00948642
0.0094862
0.0101398
0.0115985
0.0126624
0.0144763
0.0171286
0.0177933
0.0171713
0.0181369
0.0200614
0.0207861
0.0205289
0.0207007
0.0214622
0.0220957
0.0222523
0.0221504
0.00585767
0.00832552
0.00957244
0.00965786
0.010358
0.0117314
0.0127473
0.0144837
0.0170722
0.0178438
0.0172229
0.0180151
0.0199383
0.020804
0.0205021
0.0205083
0.0212776
0.0220487
0.022264
0.0220968
0.00615114
0.00842582
0.00966038
0.00983578
0.0105743
0.0118663
0.0128369
0.0144967
0.0170137
0.0178899
0.0172874
0.0178987
0.0197904
0.0208091
0.0204943
0.0203148
0.0210427
0.021959
0.0223015
0.0221422
0.00645081
0.00853379
0.00974993
0.0100183
0.0107894
0.0120034
0.01293
0.0145166
0.016955
0.0179281
0.017364
0.0177941
0.0196213
0.0207952
0.0205215
0.0201769
0.0208054
0.0218362
0.0223196
0.0221597
0.00675598
0.00865069
0.00984102
0.0102043
0.0110045
0.0121424
0.0130269
0.0145432
0.0168972
0.0179588
0.0174482
0.017706
0.0194402
0.0207589
0.0205827
0.0200924
0.0205665
0.0216621
0.022263
0.0221308
0.00706574
0.00877817
0.00993445
0.0103923
0.0112192
0.0122838
0.0131278
0.0145761
0.0168417
0.0179815
0.0175382
0.0176384
0.0192519
0.0206976
0.0206703
0.0200802
0.02037
0.0214574
0.022169
0.0220531
0.00737897
0.00891771
0.0100307
0.0105805
0.0114348
0.0124286
0.0132307
0.0146157
0.0167905
0.0179939
0.0176331
0.0175959
0.0190624
0.0205974
0.0206938
0.0200158
0.0201125
0.0211675
0.0220399
0.0221137
0.00769451
0.00907043
0.0101312
0.0107671
0.0116516
0.0125765
0.0133362
0.0146617
0.0167444
0.0179997
0.0177271
0.0175734
0.0188834
0.0204736
0.0207533
0.0200907
0.0199669
0.020874
0.0218546
0.0220131
0.0080112
0.00923713
0.0102379
0.0109501
0.0118687
0.01273
0.013443
0.0147116
0.0167071
0.0179979
0.0178171
0.0175768
0.0187148
0.0203136
0.0207574
0.0201312
0.0198263
0.0205495
0.0215991
0.0219428
0.00832795
0.00941851
0.0103524
0.0111276
0.0120859
0.0128901
0.0135503
0.0147653
0.0166786
0.0179907
0.0179024
0.0175986
0.0185533
0.0201276
0.0207247
0.0201746
0.0197481
0.0202698
0.0213108
0.0218708
0.00864386
0.00961454
0.0104768
0.0112991
0.0123014
0.0130572
0.0136598
0.0148208
0.0166579
0.0179811
0.017978
0.0176353
0.0184093
0.01992
0.0206588
0.0202223
0.0197168
0.0200418
0.0210049
0.0217368
0.00895825
0.00982477
0.0106131
0.0114641
0.0125127
0.0132334
0.0137726
0.0148739
0.016644
0.0179721
0.0180449
0.0176841
0.0182841
0.0197014
0.0205629
0.0202656
0.0197178
0.0198689
0.0207085
0.0215383
0.00927069
0.0100483
0.0107628
0.0116232
0.0127174
0.0134182
0.0138905
0.0149237
0.0166333
0.0179667
0.0181054
0.0177365
0.0181823
0.0194879
0.0204342
0.020291
0.019743
0.0197487
0.0204424
0.021299
0.00958084
0.0102835
0.0109275
0.0117783
0.0129123
0.0136095
0.0140175
0.0149699
0.01662
0.0179638
0.0181639
0.0177969
0.0181057
0.0192785
0.0202748
0.0203045
0.0197923
0.0196759
0.0202155
0.0210464
0.00988833
0.0105293
0.0111083
0.0119313
0.0130946
0.0138055
0.0141569
0.0150135
0.0165987
0.0179617
0.0182266
0.0178648
0.0180496
0.0190839
0.0201484
0.0203024
0.0198489
0.0196378
0.0200299
0.0208048
0.0101929
0.0107836
0.011306
0.0120848
0.0132627
0.0140025
0.0143113
0.015058
0.0165652
0.0179546
0.0182939
0.0179419
0.0180179
0.0189061
0.0199549
0.0202653
0.0199057
0.0196358
0.0198905
0.0205874
0.0104948
0.0110439
0.0115204
0.0122424
0.0134153
0.014196
0.014483
0.0151098
0.016518
0.0179336
0.018365
0.0180333
0.0180111
0.01875
0.019755
0.0201975
0.0199609
0.0196694
0.0197962
0.0203887
0.0107944
0.0113079
0.0117497
0.012408
0.0135538
0.0143792
0.0146706
0.0151796
0.0164599
0.0178876
0.0184338
0.018142
0.0180303
0.0186218
0.019559
0.0200991
0.0199946
0.0197227
0.01975
0.0202173
0.0110918
0.0115742
0.0119916
0.0125837
0.0136812
0.0145458
0.014869
0.0152782
0.0164019
0.0178101
0.0184862
0.0182679
0.0180801
0.0185251
0.0193736
0.0199759
0.0200001
0.019782
0.0197529
0.0200935
0.0113873
0.011841
0.0122431
0.0127706
0.0138016
0.0146949
0.0150687
0.0154069
0.0163633
0.0177042
0.0185029
0.0184019
0.0181642
0.0184651
0.0192049
0.0198364
0.0199795
0.0198288
0.0197853
0.0200282
0.0116811
0.0121068
0.0125002
0.0129697
0.0139202
0.0148274
0.0152597
0.0155603
0.0163588
0.0175868
0.0184755
0.0185247
0.0182792
0.0184472
0.0190616
0.0196912
0.0199381
0.0198591
0.0198241
0.0200134
0.0119732
0.0123708
0.0127584
0.0131806
0.0140424
0.0149455
0.015437
0.0157269
0.0163916
0.0174816
0.0184078
0.0186161
0.0184114
0.018472
0.0189551
0.0195447
0.0198765
0.019879
0.019857
0.0200265
0.0122635
0.0126323
0.0130141
0.0134016
0.0141727
0.0150526
0.015598
0.0158959
0.0164581
0.0174048
0.0183166
0.018667
0.0185432
0.0185315
0.0188923
0.0194117
0.0197955
0.0198883
0.0198858
0.020043
0.012551
0.0128908
0.0132645
0.0136297
0.0143144
0.0151534
0.0157418
0.0160604
0.0165504
0.0173639
0.0182222
0.0186771
0.0186599
0.0186139
0.0188709
0.0193083
0.0196993
0.0198791
0.0199143
0.0200576
0.0128348
0.0131464
0.0135088
0.013861
0.0144684
0.0152526
0.0158692
0.0162167
0.0166585
0.0173576
0.0181418
0.0186551
0.0187496
0.0187088
0.018882
0.0192403
0.0196024
0.0198469
0.0199413
0.0200782
0.0131137
0.0133987
0.0137464
0.0140911
0.0146338
0.0153546
0.0159821
0.016362
0.0167754
0.0173807
0.0180854
0.0186186
0.0188079
0.0188037
0.0189186
0.0192071
0.0195321
0.0198006
0.0199569
0.020106
0.0133865
0.0136474
0.013977
0.0143163
0.0148083
0.0154631
0.0160842
0.0164942
0.016896
0.0174276
0.018055
0.0185824
0.0188395
0.0188862
0.018973
0.0192037
0.0194879
0.0197498
0.0199522
0.0201335
0.0136517
0.0138914
0.0142008
0.0145342
0.014988
0.0155791
0.0161805
0.0166144
0.0170151
0.0174919
0.0180499
0.0185546
0.0188559
0.0189534
0.019034
0.0192228
0.0194696
0.0197106
0.0199351
0.0201519
0.0139081
0.0141295
0.0144174
0.0147435
0.0151698
0.0157028
0.0162736
0.0167236
0.0171299
0.017568
0.0180681
0.0185397
0.0188654
0.0190087
0.0190959
0.019257
0.0194741
0.019694
0.0199174
0.0201599
0.0141541
0.0143602
0.0146266
0.0149425
0.0153494
0.0158336
0.0163671
0.0168228
0.0172376
0.0176516
0.0181073
0.0185424
0.0188717
0.0190529
0.0191581
0.0193016
0.0194961
0.0196985
0.0199122
0.0201635
0.014388
0.014582
0.014828
0.0151316
0.0155232
0.0159675
0.0164641
0.0169165
0.0173361
0.0177363
0.0181622
0.018565
0.018887
0.0190921
0.0192202
0.0193535
0.0195268
0.0197178
0.019919
0.0201686
0.0146084
0.0147926
0.0150199
0.0153096
0.0156895
0.0161019
0.0165622
0.017008
0.01743
0.0178195
0.0182225
0.0185978
0.0189114
0.0191342
0.0192886
0.0194253
0.0195782
0.0197568
0.0199464
0.0201884
0.0148128
0.0149909
0.0152018
0.0154755
0.0158455
0.0162352
0.0166614
0.0170926
0.0175182
0.0179073
0.0182961
0.0186439
0.0189419
0.0191666
0.0193341
0.0194887
0.0196426
0.019826
0.020044
0.0202877
0.0149994
0.0151736
0.015372
0.0156299
0.0159889
0.0163628
0.0167643
0.0171727
0.0175888
0.0179854
0.018379
0.0187209
0.0190233
0.0192592
0.0194241
0.019562
0.01968
0.0198064
0.0199598
0.0201739
0.0151653
0.0153375
0.0155282
0.015773
0.0161209
0.016481
0.0168666
0.0172583
0.0176487
0.0180268
0.0184098
0.0187345
0.0190421
0.01932
0.019535
0.0197354
0.0199103
0.0200675
0.0202317
0.0204462
0.0153086
0.0154797
0.0156659
0.0159017
0.0162427
0.0165911
0.0169597
0.0173463
0.0177554
0.0181545
0.0185656
0.0188975
0.0191728
0.0194203
0.0195797
0.0197063
0.0198377
0.0199576
0.0200832
0.020246
0.0154269
0.0155936
0.0157775
0.0160133
0.016352
0.0166931
0.0170256
0.0173282
0.0176477
0.0179945
0.0184219
0.0188591
0.0192586
0.019645
0.0199708
0.020257
0.0205616
0.0208881
0.0212141
0.0214901
0.0155136
0.0156936
0.0158869
0.016128
0.0164691
0.0168161
0.0171801
0.0175397
0.0179298
0.0183173
0.0187124
0.0190542
0.0193047
0.0195326
0.0197087
0.0198188
0.019931
0.0200423
0.0201483
0.0202698
0.0155217
0.0156873
0.0159367
0.0162324
0.0165903
0.0169287
0.0172591
0.0175581
0.0178987
0.0182484
0.0186001
0.0189702
0.0192934
0.0196133
0.0199889
0.0203501
0.0206892
0.0210246
0.0213539
0.0216031
0.015584
0.0157667
0.0160246
0.0163313
0.0166992
0.0170387
0.0173865
0.0177064
0.018065
0.0184438
0.0187813
0.0191024
0.0193869
0.019613
0.0198491
0.0200816
0.0203239
0.0205798
0.020843
0.0210662
0.0378935
0.0319354
0.0233343
0.0165393
0.0147271
0.0162677
0.0180643
0.0190741
0.0195959
0.0200691
0.020508
0.0208944
0.0213892
0.0219132
0.0222724
0.0225041
0.0227619
0.0231039
0.0234411
0.0237731
0.024236
0.0247938
0.0252464
0.0255847
0.0259668
0.0264592
0.0269743
0.0273849
0.0277736
0.0282641
0.0287741
0.0292462
0.0297442
0.0302651
0.0307315
0.0312113
0.0317848
0.0323579
0.0328676
0.0334042
0.0340391
0.0346891
0.0353006
0.03589
0.036419
0.0369334
0.0375037
0.0380684
0.0386078
0.0392164
0.0399071
0.0405894
0.041249
0.041986
0.0427584
0.0435107
0.0443814
0.0452435
0.045671
0.0458576
0.0464067
0.0474989
0.0486817
0.0495832
0.0504112
0.051237
0.0520625
0.0529616
0.0538879
0.0546995
0.0555753
0.0565256
0.0574607
0.0584072
0.0593898
0.0604224
0.0614899
0.0625761
0.0636432
0.0647715
0.0659065
0.0670814
0.0682258
0.0693965
0.0706215
0.0718652
0.073172
0.0744738
0.0757764
0.0770929
0.0784147
0.0798207
0.0812079
0.0826405
0.0840635
0.0854973
0.0868815
0.0881861
0.0894417
0.0905453
0.0369783
0.0317389
0.0234062
0.0166996
0.0148333
0.0163186
0.0180945
0.0190944
0.0196108
0.0200813
0.0205182
0.0209027
0.0213963
0.0219197
0.0222782
0.022509
0.0227661
0.0231077
0.0234445
0.0237759
0.0242384
0.0247963
0.0252488
0.0255868
0.0259685
0.0264607
0.0269759
0.0273863
0.0277747
0.0282652
0.0287751
0.0292472
0.0297451
0.030266
0.0307324
0.031212
0.0317856
0.0323587
0.0328684
0.0334049
0.0340398
0.0346898
0.0353013
0.0358907
0.0364197
0.036934
0.0375043
0.038069
0.0386084
0.0392169
0.0399077
0.0405899
0.0412495
0.0419864
0.0427588
0.0435111
0.0443817
0.0452441
0.0456717
0.045858
0.0464068
0.0474991
0.0486821
0.0495835
0.0504115
0.0512373
0.0520627
0.0529618
0.0538882
0.0546997
0.0555755
0.0565258
0.0574609
0.0584074
0.05939
0.0604226
0.06149
0.0625762
0.0636434
0.0647716
0.0659067
0.0670816
0.0682259
0.0693966
0.0706216
0.0718653
0.0731721
0.0744739
0.0757765
0.0770931
0.0784148
0.0798208
0.081208
0.0826406
0.0840636
0.0854974
0.0868816
0.0881862
0.0894416
0.0905453
0.0361749
0.0315459
0.02357
0.0170012
0.0150168
0.0163859
0.0181234
0.0191142
0.0196266
0.0200943
0.0205291
0.0209118
0.0214041
0.0219267
0.0222841
0.0225137
0.02277
0.0231112
0.0234476
0.0237784
0.0242406
0.0247986
0.025251
0.0255886
0.02597
0.0264622
0.0269773
0.0273876
0.0277757
0.0282661
0.028776
0.029248
0.0297458
0.0302668
0.0307331
0.0312126
0.0317862
0.0323595
0.032869
0.0334054
0.0340404
0.0346904
0.0353019
0.0358913
0.0364203
0.0369345
0.0375048
0.0380695
0.0386089
0.0392173
0.0399081
0.0405904
0.0412499
0.0419868
0.0427592
0.0435114
0.044382
0.0452447
0.0456723
0.0458581
0.0464067
0.0474992
0.0486825
0.0495838
0.0504117
0.0512375
0.0520629
0.0529619
0.0538884
0.0546999
0.0555756
0.0565259
0.057461
0.0584075
0.0593901
0.0604227
0.0614901
0.0625764
0.0636435
0.0647717
0.0659068
0.0670817
0.068226
0.0693967
0.0706217
0.0718654
0.0731722
0.074474
0.0757766
0.0770931
0.0784149
0.0798209
0.081208
0.0826407
0.0840636
0.0854975
0.0868817
0.0881863
0.0894417
0.0905453
0.0353967
0.0313318
0.0237673
0.0173738
0.0152691
0.0164856
0.0181682
0.0191449
0.0196517
0.0201143
0.0205444
0.0209237
0.0214138
0.0219349
0.0222917
0.022521
0.0227763
0.0231164
0.0234522
0.0237823
0.0242437
0.0248012
0.0252535
0.0255911
0.0259724
0.0264642
0.0269791
0.0273892
0.027777
0.0282674
0.0287772
0.0292489
0.0297466
0.0302677
0.0307339
0.0312132
0.0317868
0.0323601
0.0328696
0.0334059
0.034041
0.034691
0.0353025
0.035892
0.036421
0.0369351
0.0375053
0.03807
0.0386093
0.0392177
0.0399085
0.0405908
0.0412503
0.0419872
0.0427596
0.0435116
0.0443823
0.0452455
0.0456731
0.0458581
0.0464064
0.0474993
0.048683
0.0495842
0.050412
0.0512377
0.0520631
0.0529621
0.0538886
0.0547001
0.0555757
0.0565261
0.0574612
0.0584077
0.0593902
0.0604228
0.0614903
0.0625765
0.0636436
0.0647718
0.0659069
0.0670818
0.0682261
0.0693968
0.0706218
0.0718655
0.0731723
0.0744741
0.0757767
0.0770932
0.078415
0.079821
0.0812081
0.0826407
0.0840637
0.0854976
0.0868818
0.0881864
0.0894419
0.0905454
0.0346075
0.0310777
0.0239663
0.0177704
0.0155521
0.0166024
0.0182208
0.0191833
0.019686
0.0201423
0.0205654
0.0209399
0.0214262
0.0219442
0.0223005
0.0225307
0.0227858
0.0231245
0.0234596
0.0237891
0.0242486
0.0248042
0.0252563
0.0255948
0.0259763
0.0264674
0.0269815
0.0273914
0.0277792
0.0282694
0.0287788
0.0292502
0.0297478
0.0302687
0.0307348
0.0312139
0.0317874
0.0323607
0.0328702
0.0334065
0.0340417
0.0346917
0.035303
0.0358927
0.0364218
0.0369357
0.0375058
0.0380706
0.0386098
0.0392181
0.039909
0.0405913
0.0412507
0.0419876
0.0427601
0.0435118
0.0443827
0.0452465
0.045674
0.0458581
0.0464059
0.0474994
0.0486836
0.0495847
0.0504122
0.051238
0.0520633
0.0529623
0.0538889
0.0547003
0.0555758
0.0565263
0.0574614
0.0584078
0.0593903
0.060423
0.0614904
0.0625767
0.0636437
0.064772
0.065907
0.0670819
0.0682263
0.0693969
0.0706219
0.0718656
0.0731724
0.0744742
0.0757768
0.0770933
0.078415
0.0798211
0.0812082
0.0826408
0.0840638
0.0854977
0.0868819
0.0881865
0.0894422
0.0905455
0.0338113
0.0307889
0.0241619
0.0181766
0.0158523
0.0167285
0.0182749
0.0192239
0.0197255
0.0201763
0.0205914
0.0209603
0.0214409
0.0219537
0.0223092
0.0225419
0.022798
0.0231357
0.0234705
0.0237998
0.0242563
0.0248081
0.0252594
0.0255996
0.025982
0.0264718
0.0269847
0.0273945
0.0277824
0.0282723
0.0287811
0.0292522
0.0297494
0.0302701
0.0307361
0.0312149
0.031788
0.032361
0.0328706
0.0334072
0.0340425
0.0346923
0.0353034
0.0358934
0.0364228
0.0369364
0.0375063
0.0380711
0.0386103
0.0392186
0.0399095
0.0405918
0.0412512
0.0419881
0.0427606
0.0435121
0.0443831
0.0452477
0.0456751
0.045858
0.0464054
0.0474996
0.0486844
0.0495852
0.0504126
0.0512384
0.0520636
0.0529626
0.0538893
0.0547006
0.055576
0.0565265
0.0574616
0.058408
0.0593905
0.0604231
0.0614906
0.0625768
0.0636439
0.0647721
0.0659072
0.0670821
0.0682264
0.069397
0.0706221
0.0718657
0.0731725
0.0744743
0.075777
0.0770935
0.0784151
0.0798212
0.0812083
0.0826409
0.084064
0.0854978
0.0868821
0.0881868
0.0894426
0.0905457
0.0330247
0.0304782
0.024351
0.018584
0.0161646
0.0168626
0.0183296
0.019265
0.0197683
0.0202145
0.0206213
0.0209836
0.0214573
0.0219633
0.0223172
0.0225531
0.0228114
0.0231487
0.0234843
0.0238144
0.0242672
0.0248133
0.025263
0.0256056
0.0259892
0.0264772
0.0269883
0.0273984
0.027787
0.0282763
0.0287842
0.0292549
0.0297518
0.0302721
0.0307381
0.0312166
0.0317888
0.0323612
0.0328708
0.0334078
0.0340433
0.0346927
0.0353036
0.0358941
0.0364241
0.0369375
0.037507
0.0380717
0.0386109
0.0392192
0.0399099
0.0405922
0.0412518
0.0419887
0.042761
0.0435124
0.0443837
0.045249
0.0456763
0.0458579
0.0464048
0.0474998
0.0486853
0.0495858
0.050413
0.0512388
0.0520639
0.0529629
0.0538897
0.0547009
0.0555762
0.0565268
0.0574618
0.0584082
0.0593906
0.0604233
0.0614908
0.062577
0.063644
0.0647722
0.0659073
0.0670822
0.0682266
0.0693972
0.0706222
0.0718658
0.0731727
0.0744745
0.0757771
0.0770936
0.0784152
0.0798213
0.0812085
0.0826411
0.0840641
0.085498
0.0868824
0.0881872
0.0894433
0.0905461
0.0322654
0.0301532
0.0245256
0.0189843
0.0164861
0.0170059
0.0183859
0.0193063
0.0198135
0.0202563
0.0206542
0.0210091
0.0214751
0.0219734
0.0223249
0.0225639
0.0228248
0.0231624
0.0234998
0.0238316
0.0242807
0.0248202
0.0252678
0.0256127
0.0259977
0.0264833
0.0269922
0.027403
0.0277927
0.0282813
0.0287879
0.0292582
0.0297548
0.0302747
0.0307409
0.0312191
0.0317901
0.0323615
0.032871
0.0334084
0.0340441
0.0346928
0.0353033
0.0358946
0.0364255
0.0369388
0.0375078
0.0380725
0.0386119
0.0392201
0.0399104
0.0405927
0.0412523
0.0419891
0.0427613
0.0435126
0.0443843
0.0452505
0.0456777
0.0458579
0.0464042
0.0475001
0.0486862
0.0495865
0.0504134
0.0512392
0.0520644
0.0529633
0.0538902
0.0547014
0.0555765
0.0565271
0.0574621
0.0584085
0.0593909
0.0604235
0.061491
0.0625772
0.0636442
0.0647724
0.0659075
0.0670824
0.0682267
0.0693973
0.0706223
0.0718659
0.0731728
0.0744746
0.0757772
0.0770937
0.0784153
0.0798214
0.0812086
0.0826412
0.0840643
0.0854982
0.0868827
0.0881877
0.0894442
0.0905465
0.0315451
0.0298159
0.0246787
0.0193727
0.0168151
0.0171596
0.0184445
0.0193471
0.0198601
0.020301
0.0206897
0.0210365
0.0214944
0.0219845
0.0223331
0.022575
0.0228383
0.0231763
0.0235159
0.0238501
0.0242957
0.0248284
0.0252736
0.025621
0.0260071
0.0264899
0.0269962
0.0274078
0.0277991
0.028287
0.0287921
0.0292619
0.0297581
0.0302777
0.0307445
0.0312227
0.0317922
0.0323622
0.0328714
0.0334091
0.0340448
0.0346926
0.0353024
0.0358947
0.036427
0.0369402
0.0375088
0.0380735
0.0386133
0.0392215
0.0399113
0.0405933
0.0412531
0.0419895
0.0427611
0.0435124
0.0443849
0.0452521
0.0456793
0.0458582
0.0464038
0.0475005
0.0486872
0.0495871
0.0504138
0.0512398
0.0520649
0.0529639
0.0538907
0.0547019
0.055577
0.0565275
0.0574625
0.0584089
0.0593912
0.0604237
0.0614913
0.0625775
0.0636444
0.0647726
0.0659077
0.0670825
0.0682269
0.0693974
0.0706225
0.071866
0.0731729
0.0744748
0.0757774
0.0770939
0.0784155
0.0798216
0.0812088
0.0826413
0.0840645
0.0854984
0.0868831
0.0881885
0.0894454
0.090547
0.0308689
0.0294691
0.0248099
0.0197478
0.0171493
0.0173233
0.0185052
0.019386
0.0199069
0.0203482
0.0207277
0.0210658
0.0215151
0.0219967
0.0223423
0.0225868
0.0228525
0.0231904
0.0235321
0.0238692
0.0243114
0.0248374
0.0252804
0.0256301
0.0260172
0.0264968
0.0270002
0.0274128
0.0278058
0.0282931
0.0287967
0.0292659
0.0297614
0.0302808
0.0307487
0.031227
0.0317949
0.0323635
0.0328724
0.03341
0.0340455
0.0346922
0.035301
0.0358942
0.0364283
0.0369417
0.0375096
0.0380745
0.038615
0.0392234
0.0399125
0.0405944
0.0412543
0.04199
0.0427606
0.0435116
0.0443848
0.0452535
0.0456812
0.045859
0.0464039
0.0475011
0.0486882
0.0495877
0.0504142
0.0512403
0.0520655
0.0529644
0.0538913
0.0547026
0.0555775
0.056528
0.0574631
0.0584094
0.0593916
0.0604241
0.0614917
0.0625778
0.0636446
0.0647729
0.0659079
0.0670827
0.0682271
0.0693976
0.0706227
0.0718662
0.0731731
0.0744749
0.0757776
0.077094
0.0784156
0.0798217
0.0812089
0.0826415
0.0840648
0.0854987
0.0868836
0.0881896
0.089447
0.0905478
0.0302383
0.029119
0.0249217
0.0201076
0.0174838
0.0174954
0.0185682
0.0194229
0.019953
0.0203974
0.020768
0.0210967
0.021537
0.0220098
0.0223526
0.0226002
0.0228679
0.0232051
0.0235485
0.0238884
0.0243275
0.0248467
0.0252875
0.0256397
0.0260278
0.0265041
0.0270044
0.027418
0.0278129
0.0282994
0.0288014
0.0292701
0.0297648
0.0302839
0.0307531
0.0312318
0.031798
0.0323653
0.0328739
0.0334114
0.0340464
0.0346916
0.0352991
0.0358932
0.0364292
0.0369429
0.0375103
0.0380753
0.0386169
0.0392257
0.0399142
0.040596
0.0412561
0.041991
0.0427601
0.04351
0.0443836
0.0452539
0.0456828
0.04586
0.0464045
0.0475023
0.0486895
0.0495882
0.0504143
0.0512407
0.0520662
0.0529649
0.0538919
0.0547033
0.0555782
0.0565285
0.0574637
0.0584101
0.0593921
0.0604246
0.0614922
0.0625783
0.063645
0.0647733
0.0659082
0.067083
0.0682273
0.0693978
0.0706228
0.0718663
0.0731732
0.0744751
0.0757778
0.0770942
0.0784157
0.0798219
0.0812092
0.0826417
0.0840651
0.085499
0.0868841
0.0881909
0.089449
0.0905487
0.029654
0.028771
0.025014
0.0204475
0.0178145
0.0176764
0.0186351
0.0194578
0.0199974
0.0204477
0.0208103
0.0211289
0.0215595
0.0220235
0.022364
0.0226152
0.022885
0.0232208
0.0235652
0.0239079
0.0243438
0.0248559
0.0252946
0.0256496
0.0260388
0.0265118
0.0270088
0.0274233
0.0278201
0.028306
0.0288064
0.0292744
0.0297682
0.0302868
0.0307575
0.0312371
0.0318015
0.0323674
0.032876
0.0334131
0.0340474
0.0346911
0.0352969
0.0358916
0.0364297
0.0369439
0.0375107
0.0380759
0.0386187
0.0392283
0.0399163
0.040598
0.0412586
0.0419926
0.0427597
0.0435077
0.044381
0.0452529
0.0456834
0.0458608
0.0464056
0.0475044
0.0486913
0.0495889
0.0504144
0.0512409
0.0520667
0.0529654
0.0538923
0.0547041
0.055579
0.0565291
0.0574644
0.058411
0.0593929
0.0604253
0.061493
0.0625789
0.0636455
0.0647737
0.0659086
0.0670833
0.0682277
0.069398
0.0706231
0.0718665
0.0731734
0.0744753
0.075778
0.0770944
0.0784159
0.0798221
0.0812094
0.0826419
0.0840655
0.0854993
0.0868848
0.0881927
0.0894515
0.0905497
0.0291133
0.0284261
0.0250832
0.0207649
0.018141
0.0178677
0.0187072
0.0194899
0.0200382
0.0204977
0.0208543
0.0211625
0.0215825
0.0220374
0.0223762
0.0226318
0.0229037
0.0232375
0.0235824
0.0239277
0.0243602
0.024865
0.0253015
0.0256597
0.0260502
0.0265199
0.0270134
0.0274288
0.0278277
0.0283129
0.0288115
0.0292789
0.0297719
0.0302897
0.030762
0.0312426
0.0318052
0.0323697
0.0328783
0.0334153
0.0340485
0.0346906
0.0352946
0.0358896
0.0364297
0.0369446
0.0375108
0.0380762
0.0386202
0.0392308
0.0399184
0.0406002
0.0412615
0.0419948
0.0427596
0.043505
0.0443769
0.0452499
0.0456825
0.0458607
0.0464067
0.0475073
0.048694
0.0495898
0.0504143
0.051241
0.0520672
0.0529656
0.0538926
0.0547049
0.0555798
0.0565296
0.0574651
0.0584119
0.0593937
0.0604262
0.0614939
0.0625797
0.0636462
0.0647743
0.065909
0.0670837
0.0682281
0.0693984
0.0706233
0.0718666
0.0731736
0.0744755
0.0757783
0.0770946
0.0784161
0.0798223
0.0812096
0.0826421
0.0840659
0.0854998
0.0868856
0.0881948
0.0894544
0.090551
0.0286103
0.0280819
0.0251283
0.0210612
0.0184638
0.0180696
0.0187849
0.019519
0.0200743
0.0205467
0.0209003
0.0211981
0.0216061
0.0220511
0.0223886
0.0226494
0.0229238
0.0232553
0.0236003
0.0239477
0.0243768
0.024874
0.0253081
0.0256698
0.0260621
0.0265283
0.0270182
0.0274345
0.0278356
0.0283202
0.0288169
0.0292836
0.0297757
0.0302929
0.0307666
0.0312482
0.031809
0.032372
0.0328808
0.0334179
0.0340498
0.0346901
0.0352921
0.0358871
0.0364294
0.036945
0.0375108
0.0380763
0.0386216
0.0392331
0.0399205
0.0406025
0.0412645
0.0419973
0.0427597
0.0435016
0.0443711
0.0452446
0.0456798
0.0458589
0.046407
0.0475107
0.0486977
0.0495913
0.0504141
0.0512408
0.0520675
0.0529658
0.0538926
0.0547056
0.0555806
0.0565301
0.0574657
0.0584127
0.0593945
0.0604271
0.061495
0.0625806
0.0636471
0.0647751
0.0659095
0.0670842
0.0682287
0.0693989
0.0706237
0.0718668
0.0731737
0.0744756
0.0757786
0.0770948
0.0784163
0.0798225
0.0812098
0.0826422
0.0840663
0.0855003
0.0868865
0.0881973
0.0894578
0.0905525
0.0281386
0.0277382
0.0251517
0.0213378
0.0187814
0.0182811
0.0188695
0.0195462
0.0201054
0.0205942
0.0209486
0.0212363
0.021631
0.022065
0.0224012
0.0226679
0.0229451
0.0232742
0.023619
0.0239682
0.0243935
0.0248831
0.0253145
0.02568
0.0260744
0.0265372
0.0270234
0.0274405
0.0278438
0.0283279
0.0288228
0.0292885
0.0297798
0.0302964
0.0307715
0.0312541
0.0318129
0.0323743
0.0328834
0.0334211
0.0340513
0.0346897
0.0352895
0.0358843
0.0364286
0.0369451
0.0375106
0.0380763
0.0386228
0.0392354
0.0399225
0.0406047
0.0412675
0.0419998
0.0427598
0.0434976
0.0443632
0.0452367
0.0456749
0.0458552
0.0464058
0.0475139
0.0487021
0.0495933
0.050414
0.0512404
0.0520677
0.0529659
0.0538925
0.0547061
0.0555813
0.0565305
0.0574663
0.0584135
0.0593953
0.0604281
0.0614961
0.0625818
0.0636482
0.0647761
0.0659101
0.0670846
0.0682294
0.0693997
0.0706242
0.0718671
0.0731737
0.0744757
0.0757789
0.0770952
0.0784166
0.0798227
0.0812101
0.0826423
0.0840667
0.0855008
0.0868876
0.0882002
0.0894617
0.0905543
0.0276944
0.0273971
0.0251558
0.0215935
0.0190908
0.0185018
0.0189642
0.0195738
0.0201316
0.0206394
0.0209991
0.021278
0.021658
0.0220797
0.0224141
0.0226872
0.0229673
0.023294
0.0236384
0.0239892
0.0244106
0.0248923
0.025321
0.0256904
0.0260872
0.0265468
0.0270289
0.0274467
0.0278524
0.0283362
0.0288293
0.0292937
0.029784
0.0303001
0.0307767
0.0312603
0.0318169
0.0323765
0.0328861
0.0334249
0.0340532
0.0346893
0.0352868
0.0358812
0.0364273
0.036945
0.0375103
0.0380762
0.038624
0.0392376
0.0399244
0.0406067
0.0412703
0.0420022
0.0427597
0.0434925
0.0443533
0.0452256
0.0456676
0.0458497
0.0464028
0.0475162
0.0487068
0.0495958
0.050414
0.0512399
0.0520678
0.0529659
0.0538924
0.0547065
0.055582
0.0565309
0.0574668
0.0584141
0.059396
0.0604291
0.0614974
0.062583
0.0636495
0.0647774
0.0659108
0.0670851
0.0682301
0.0694006
0.070625
0.0718674
0.0731738
0.0744757
0.0757791
0.0770956
0.078417
0.0798229
0.0812103
0.0826424
0.0840671
0.0855012
0.0868887
0.0882036
0.0894661
0.0905561
0.0272759
0.0270603
0.025141
0.021827
0.01939
0.0187318
0.0190715
0.0196043
0.0201535
0.0206817
0.0210516
0.0213233
0.0216875
0.0220957
0.0224277
0.0227071
0.0229905
0.0233146
0.0236587
0.0240109
0.0244281
0.0249019
0.0253277
0.0257011
0.0261007
0.0265569
0.0270348
0.0274532
0.0278613
0.0283449
0.0288363
0.0292992
0.0297883
0.030304
0.0307823
0.0312667
0.0318211
0.0323784
0.0328887
0.0334293
0.0340554
0.0346891
0.0352841
0.0358779
0.0364255
0.0369447
0.0375099
0.038076
0.0386253
0.03924
0.0399264
0.0406086
0.0412729
0.0420042
0.0427593
0.0434872
0.0443418
0.0452113
0.0456579
0.0458428
0.0463986
0.0475169
0.0487114
0.0495986
0.050414
0.0512394
0.0520679
0.052966
0.0538923
0.054707
0.0555826
0.0565313
0.0574674
0.0584147
0.0593965
0.0604299
0.0614986
0.0625841
0.0636509
0.0647788
0.0659116
0.0670854
0.0682308
0.0694016
0.0706259
0.071868
0.0731739
0.0744755
0.0757793
0.077096
0.0784175
0.0798232
0.0812105
0.0826425
0.0840675
0.0855017
0.0868899
0.0882073
0.0894709
0.0905582
0.0268815
0.026728
0.0251083
0.0220394
0.0196778
0.0189689
0.0191928
0.0196403
0.0201724
0.0207207
0.0211053
0.021372
0.0217198
0.0221134
0.0224423
0.022728
0.0230144
0.023336
0.0236798
0.0240333
0.0244463
0.0249119
0.0253348
0.0257124
0.0261147
0.0265676
0.0270412
0.0274599
0.0278704
0.0283541
0.0288438
0.0293052
0.0297928
0.030308
0.0307882
0.0312735
0.0318257
0.03238
0.0328913
0.033434
0.034058
0.0346889
0.0352812
0.0358744
0.0364232
0.0369439
0.0375094
0.0380759
0.0386268
0.0392426
0.0399284
0.0406105
0.0412752
0.0420059
0.0427586
0.0434822
0.0443292
0.0451943
0.0456461
0.0458354
0.046394
0.0475161
0.0487155
0.0496015
0.050414
0.0512388
0.052068
0.052966
0.053892
0.0547074
0.0555833
0.0565317
0.057468
0.0584154
0.059397
0.0604307
0.0614997
0.0625851
0.0636522
0.0647803
0.0659126
0.0670857
0.0682315
0.0694027
0.070627
0.0718686
0.0731741
0.0744752
0.0757793
0.0770963
0.0784182
0.0798236
0.0812108
0.0826426
0.0840678
0.085502
0.0868911
0.0882113
0.0894761
0.0905605
0.0265098
0.0264006
0.02506
0.0222323
0.019952
0.0192093
0.0193291
0.0196849
0.0201899
0.020756
0.0211589
0.0214233
0.0217549
0.022133
0.0224584
0.0227497
0.0230391
0.0233581
0.0237015
0.0240566
0.0244653
0.0249226
0.0253426
0.0257243
0.0261294
0.0265789
0.027048
0.027467
0.0278799
0.0283636
0.0288518
0.0293116
0.0297975
0.0303122
0.0307942
0.0312806
0.0318306
0.0323816
0.0328941
0.0334391
0.0340611
0.0346888
0.0352784
0.035871
0.0364208
0.0369433
0.037509
0.0380759
0.0386286
0.0392456
0.0399306
0.0406123
0.0412774
0.0420073
0.0427581
0.0434778
0.0443164
0.0451756
0.0456327
0.0458289
0.0463907
0.0475144
0.0487187
0.0496042
0.0504141
0.0512383
0.0520682
0.0529659
0.0538916
0.0547077
0.0555842
0.0565323
0.0574686
0.0584162
0.0593977
0.0604315
0.0615009
0.0625861
0.0636534
0.0647818
0.0659136
0.067086
0.0682321
0.0694038
0.0706282
0.0718694
0.0731743
0.0744748
0.0757792
0.0770966
0.0784189
0.0798242
0.0812111
0.0826427
0.0840683
0.0855023
0.0868922
0.0882155
0.0894818
0.090563
0.0261604
0.0260788
0.0249976
0.0224071
0.0202106
0.0194496
0.0194811
0.0197407
0.0202076
0.0207872
0.0212112
0.0214767
0.0217927
0.0221549
0.0224761
0.0227726
0.0230644
0.0233808
0.023724
0.0240807
0.0244855
0.0249344
0.0253512
0.025737
0.0261449
0.0265907
0.0270551
0.0274743
0.0278897
0.0283735
0.02886
0.0293183
0.0298025
0.0303167
0.0308004
0.0312882
0.0318361
0.0323832
0.032897
0.0334446
0.0340645
0.0346887
0.0352757
0.0358677
0.0364183
0.036943
0.0375088
0.0380761
0.0386308
0.039249
0.0399331
0.0406142
0.0412796
0.0420086
0.0427577
0.0434745
0.0443042
0.0451564
0.0456189
0.0458254
0.0463902
0.0475126
0.0487209
0.0496065
0.0504141
0.051238
0.0520686
0.0529655
0.0538908
0.0547081
0.0555853
0.056533
0.0574694
0.0584172
0.0593986
0.0604324
0.0615021
0.0625871
0.0636545
0.0647831
0.0659146
0.0670863
0.0682327
0.0694049
0.0706294
0.0718704
0.0731746
0.0744744
0.075779
0.0770968
0.0784196
0.0798248
0.0812114
0.0826428
0.0840687
0.0855027
0.0868934
0.0882199
0.0894878
0.0905656
0.0258343
0.025763
0.0249216
0.0225651
0.020453
0.0196863
0.0196476
0.0198098
0.0202271
0.0208141
0.0212612
0.0215316
0.0218335
0.0221795
0.0224957
0.0227965
0.0230905
0.0234043
0.0237472
0.0241058
0.0245069
0.0249472
0.0253607
0.0257506
0.0261612
0.0266032
0.0270626
0.0274819
0.0279
0.0283837
0.0288684
0.0293253
0.0298081
0.0303215
0.0308066
0.031296
0.0318419
0.0323851
0.0329004
0.0334504
0.0340684
0.0346887
0.0352731
0.0358644
0.0364162
0.036943
0.037509
0.0380767
0.0386336
0.039253
0.0399359
0.0406161
0.0412819
0.0420099
0.0427576
0.0434724
0.0442932
0.0451379
0.0456061
0.0458262
0.0463942
0.047512
0.048722
0.049608
0.0504139
0.0512378
0.0520692
0.0529649
0.0538897
0.0547083
0.0555867
0.056534
0.0574704
0.0584185
0.0593999
0.0604336
0.0615032
0.0625882
0.0636555
0.0647842
0.0659155
0.0670866
0.0682333
0.0694059
0.0706308
0.0718713
0.0731749
0.074474
0.0757785
0.0770968
0.0784202
0.0798255
0.0812117
0.0826429
0.0840691
0.0855031
0.0868946
0.0882244
0.0894941
0.0905685
0.0255331
0.0254539
0.0248311
0.0227078
0.0206795
0.0199161
0.0198263
0.0198937
0.0202509
0.0208377
0.0213083
0.021587
0.0218769
0.0222069
0.0225176
0.0228218
0.0231172
0.0234284
0.0237711
0.0241319
0.0245297
0.0249612
0.0253711
0.025765
0.0261784
0.0266163
0.0270705
0.02749
0.0279109
0.0283943
0.028877
0.0293326
0.0298141
0.0303267
0.030813
0.0313042
0.0318481
0.0323875
0.0329042
0.0334565
0.0340726
0.0346887
0.0352707
0.0358613
0.0364145
0.0369437
0.0375098
0.0380776
0.0386368
0.0392575
0.0399391
0.0406182
0.0412843
0.0420113
0.0427577
0.0434715
0.0442837
0.0451205
0.0455952
0.0458324
0.046404
0.0475137
0.0487218
0.0496083
0.0504135
0.0512377
0.05207
0.0529642
0.0538882
0.0547086
0.0555884
0.0565351
0.0574714
0.0584201
0.0594017
0.060435
0.0615044
0.0625893
0.0636567
0.0647852
0.0659162
0.0670868
0.068234
0.069407
0.0706321
0.0718724
0.0731752
0.0744737
0.075778
0.0770969
0.0784208
0.0798262
0.081212
0.082643
0.0840696
0.0855035
0.0868958
0.0882291
0.0895007
0.0905716
0.0252581
0.0251542
0.0247252
0.0228357
0.0208914
0.0201359
0.0200137
0.019994
0.0202815
0.0208588
0.0213516
0.0216419
0.0219224
0.0222374
0.0225422
0.0228486
0.0231447
0.0234534
0.0237959
0.0241589
0.0245537
0.0249763
0.0253824
0.0257804
0.0261965
0.02663
0.0270788
0.0274986
0.0279223
0.0284054
0.028886
0.0293401
0.0298205
0.0303323
0.0308196
0.0313126
0.0318545
0.0323905
0.0329086
0.033463
0.0340771
0.034689
0.0352684
0.0358583
0.0364134
0.0369451
0.0375111
0.0380792
0.0386407
0.0392626
0.0399427
0.0406205
0.0412868
0.0420128
0.042758
0.0434716
0.0442757
0.0451046
0.0455866
0.0458442
0.0464201
0.0475185
0.0487204
0.0496073
0.0504127
0.0512377
0.0520709
0.0529635
0.0538866
0.0547089
0.0555904
0.0565365
0.0574727
0.0584219
0.059404
0.0604368
0.0615056
0.0625905
0.063658
0.0647862
0.0659168
0.0670872
0.0682347
0.0694082
0.0706335
0.0718734
0.0731756
0.0744734
0.0757773
0.0770969
0.0784214
0.0798269
0.0812124
0.0826431
0.08407
0.0855041
0.0868972
0.0882341
0.0895075
0.0905749
0.0250081
0.0248685
0.0246039
0.0229475
0.0210904
0.0203438
0.0202052
0.020111
0.0203215
0.0208788
0.0213909
0.0216953
0.0219694
0.0222709
0.0225697
0.0228773
0.0231734
0.0234791
0.0238213
0.0241868
0.0245789
0.0249926
0.0253946
0.0257966
0.0262156
0.0266445
0.0270876
0.0275077
0.0279344
0.0284171
0.0288954
0.0293481
0.0298273
0.0303382
0.0308266
0.0313213
0.0318611
0.0323941
0.0329134
0.0334697
0.0340818
0.0346893
0.0352663
0.0358554
0.0364129
0.0369472
0.0375131
0.0380813
0.0386453
0.0392681
0.0399466
0.040623
0.0412894
0.0420144
0.0427585
0.0434722
0.044269
0.04509
0.0455803
0.0458611
0.0464423
0.0475268
0.0487179
0.0496048
0.0504115
0.0512376
0.0520719
0.0529628
0.0538849
0.0547094
0.0555926
0.056538
0.0574741
0.058424
0.0594067
0.060439
0.0615068
0.0625917
0.0636594
0.0647873
0.0659174
0.0670876
0.0682355
0.0694094
0.0706349
0.0718745
0.073176
0.0744732
0.0757767
0.077097
0.078422
0.0798276
0.0812127
0.0826432
0.0840703
0.0855046
0.0868988
0.0882394
0.0895145
0.0905783
0.0247792
0.0246019
0.02447
0.0230408
0.0212781
0.0205396
0.0203961
0.0202438
0.020373
0.0208994
0.0214264
0.0217466
0.0220169
0.0223073
0.0226006
0.0229082
0.0232032
0.0235057
0.0238473
0.0242153
0.0246051
0.0250099
0.0254075
0.0258135
0.0262355
0.0266598
0.0270968
0.0275173
0.0279471
0.0284292
0.0289051
0.0293565
0.0298345
0.0303445
0.0308339
0.0313302
0.0318678
0.0323982
0.0329186
0.0334766
0.0340867
0.0346899
0.0352644
0.0358527
0.0364128
0.0369498
0.0375155
0.038084
0.0386504
0.0392741
0.0399507
0.0406257
0.0412922
0.0420161
0.042759
0.0434731
0.0442633
0.0450764
0.0455759
0.0458819
0.0464695
0.0475382
0.0487144
0.049601
0.0504099
0.0512375
0.0520729
0.0529622
0.0538831
0.05471
0.0555949
0.0565395
0.0574757
0.0584263
0.0594097
0.0604415
0.061508
0.062593
0.0636609
0.0647884
0.0659181
0.0670882
0.0682364
0.0694109
0.0706364
0.0718756
0.0731765
0.074473
0.075776
0.0770973
0.0784226
0.0798282
0.0812132
0.0826434
0.0840706
0.0855053
0.0869005
0.088245
0.0895218
0.090582
0.0245647
0.0243567
0.0243287
0.0231136
0.0214544
0.0207238
0.0205822
0.0203897
0.0204382
0.0209228
0.0214587
0.021795
0.022064
0.0223461
0.022635
0.0229416
0.0232344
0.0235332
0.023874
0.0242446
0.0246323
0.0250282
0.0254212
0.0258312
0.0262562
0.0266758
0.0271064
0.0275274
0.0279605
0.0284419
0.0289152
0.0293652
0.029842
0.0303512
0.0308417
0.0313394
0.0318747
0.0324027
0.032924
0.0334837
0.0340916
0.0346906
0.0352625
0.0358501
0.036413
0.0369529
0.0375182
0.0380871
0.0386561
0.0392805
0.039955
0.0406285
0.0412951
0.042018
0.0427595
0.0434739
0.0442581
0.0450634
0.045573
0.0459053
0.0465005
0.0475522
0.0487102
0.0495963
0.0504081
0.0512372
0.0520739
0.0529616
0.0538814
0.0547107
0.0555973
0.0565412
0.0574774
0.0584288
0.0594129
0.0604442
0.0615093
0.0625943
0.0636625
0.0647897
0.0659188
0.0670889
0.0682373
0.0694124
0.0706378
0.0718767
0.0731771
0.0744728
0.0757755
0.0770977
0.0784234
0.0798289
0.0812137
0.0826436
0.084071
0.0855059
0.0869026
0.088251
0.0895294
0.0905859
0.0243571
0.0241308
0.0241867
0.0231665
0.0216172
0.0208978
0.020761
0.0205447
0.0205185
0.0209518
0.0214888
0.0218404
0.0221098
0.0223864
0.0226728
0.0229778
0.0232673
0.0235618
0.0239014
0.0242744
0.0246604
0.0250475
0.0254357
0.0258497
0.0262779
0.0266927
0.0271166
0.027538
0.0279746
0.0284552
0.0289258
0.0293743
0.0298499
0.0303581
0.0308499
0.0313488
0.0318818
0.0324075
0.0329297
0.0334909
0.0340968
0.0346915
0.0352608
0.0358475
0.0364135
0.0369563
0.0375212
0.0380905
0.0386621
0.0392871
0.0399596
0.0406314
0.041298
0.04202
0.04276
0.0434745
0.0442533
0.0450506
0.045571
0.0459301
0.0465336
0.0475678
0.0487058
0.0495909
0.050406
0.0512369
0.0520749
0.0529611
0.0538797
0.0547115
0.0555998
0.0565429
0.0574792
0.0584315
0.0594163
0.0604471
0.0615107
0.0625957
0.0636641
0.064791
0.0659196
0.0670896
0.0682384
0.069414
0.0706393
0.0718779
0.0731778
0.0744726
0.0757752
0.0770983
0.0784244
0.0798295
0.0812142
0.082644
0.0840715
0.0855067
0.0869049
0.0882574
0.0895374
0.0905901
0.024152
0.0239184
0.0240493
0.0232036
0.0217633
0.0210625
0.0209327
0.0207038
0.0206134
0.0209892
0.021518
0.0218827
0.0221541
0.0224273
0.0227134
0.023017
0.0233022
0.0235916
0.0239294
0.0243048
0.0246894
0.0250678
0.0254509
0.025869
0.0263005
0.0267103
0.0271272
0.027549
0.0279893
0.0284691
0.0289367
0.029384
0.0298582
0.0303654
0.0308584
0.0313585
0.0318892
0.0324126
0.0329355
0.0334981
0.0341021
0.0346926
0.0352592
0.0358451
0.036414
0.0369599
0.0375243
0.038094
0.0386685
0.0392941
0.0399643
0.0406345
0.0413011
0.0420222
0.0427604
0.043475
0.0442487
0.0450381
0.0455696
0.0459552
0.0465677
0.0475842
0.0487012
0.0495853
0.0504039
0.0512366
0.0520759
0.0529606
0.0538781
0.0547124
0.0556023
0.0565446
0.0574812
0.0584342
0.0594199
0.0604501
0.0615121
0.0625972
0.0636659
0.0647923
0.0659205
0.0670904
0.0682396
0.0694158
0.0706408
0.0718791
0.0731785
0.0744724
0.075775
0.0770991
0.0784255
0.0798302
0.0812149
0.0826444
0.084072
0.0855075
0.0869075
0.088264
0.0895456
0.0905945
0.023951
0.0237123
0.0239165
0.0232321
0.0218912
0.0212157
0.0210986
0.0208632
0.020721
0.021038
0.0215481
0.0219218
0.0221963
0.0224679
0.0227563
0.0230595
0.0233395
0.0236229
0.0239582
0.0243357
0.0247192
0.0250891
0.0254668
0.025889
0.0263242
0.026729
0.0271384
0.0275604
0.0280047
0.0284837
0.028948
0.0293939
0.029867
0.0303732
0.0308674
0.0313684
0.0318968
0.032418
0.0329414
0.0335054
0.0341076
0.034694
0.0352577
0.0358426
0.0364147
0.0369636
0.0375274
0.0380977
0.038675
0.0393013
0.0399691
0.0406376
0.0413043
0.0420243
0.0427609
0.0434752
0.0442441
0.0450257
0.0455686
0.04598
0.0466019
0.0476008
0.0486969
0.0495796
0.0504018
0.0512362
0.0520769
0.0529602
0.0538766
0.0547134
0.0556049
0.0565464
0.0574832
0.0584372
0.0594236
0.0604532
0.0615137
0.0625988
0.0636677
0.0647937
0.0659215
0.0670912
0.0682409
0.0694176
0.0706423
0.0718804
0.0731793
0.0744723
0.075775
0.0771
0.0784268
0.079831
0.0812156
0.0826449
0.0840727
0.0855084
0.0869104
0.088271
0.0895543
0.0905993
0.0237602
0.0235072
0.0237826
0.0232599
0.0220042
0.0213521
0.021259
0.0210216
0.020837
0.0210996
0.0215825
0.0219579
0.0222364
0.022508
0.0228002
0.0231049
0.0233794
0.0236557
0.023988
0.0243675
0.0247501
0.0251113
0.0254834
0.0259097
0.0263488
0.0267487
0.0271502
0.0275724
0.0280209
0.0284989
0.0289598
0.0294044
0.0298763
0.0303813
0.0308768
0.0313786
0.0319048
0.0324237
0.0329474
0.0335126
0.0341132
0.0346955
0.0352563
0.0358403
0.0364155
0.0369676
0.0375307
0.0381014
0.0386817
0.0393086
0.0399741
0.0406409
0.0413076
0.0420266
0.0427613
0.0434752
0.0442395
0.0450137
0.0455679
0.0460043
0.0466356
0.0476173
0.0486929
0.0495741
0.0503996
0.0512357
0.0520778
0.0529598
0.0538751
0.0547145
0.0556075
0.0565482
0.0574853
0.0584402
0.0594274
0.0604564
0.0615154
0.0626004
0.0636696
0.0647952
0.0659225
0.0670921
0.0682424
0.0694196
0.0706438
0.0718819
0.0731802
0.0744721
0.0757751
0.077101
0.0784282
0.0798317
0.0812163
0.0826455
0.0840735
0.0855095
0.0869136
0.0882781
0.0895633
0.0906044
0.0235854
0.0233052
0.0236399
0.0232899
0.0221107
0.0214674
0.0214111
0.0211815
0.0209569
0.0211725
0.0216249
0.0219921
0.0222739
0.0225479
0.0228446
0.0231525
0.0234222
0.0236902
0.0240188
0.0244003
0.024782
0.0251347
0.0255008
0.025931
0.0263743
0.0267693
0.0271626
0.0275848
0.0280378
0.0285151
0.028972
0.0294153
0.0298863
0.03039
0.0308865
0.0313891
0.0319131
0.0324298
0.0329534
0.03352
0.0341191
0.0346973
0.0352549
0.035838
0.0364165
0.0369717
0.037534
0.038105
0.0386886
0.0393162
0.0399791
0.0406442
0.041311
0.0420289
0.0427617
0.0434748
0.0442348
0.045002
0.0455675
0.0460279
0.0466685
0.0476335
0.0486893
0.0495688
0.0503975
0.0512353
0.0520787
0.0529594
0.0538737
0.0547156
0.0556102
0.0565501
0.0574876
0.0584434
0.0594312
0.0604597
0.0615172
0.0626021
0.0636715
0.0647968
0.0659236
0.067093
0.068244
0.0694215
0.0706454
0.0718834
0.0731812
0.074472
0.0757753
0.077102
0.0784297
0.0798325
0.0812171
0.0826462
0.0840743
0.0855107
0.086917
0.0882855
0.0895727
0.0906098
0.0234284
0.0231143
0.023482
0.023316
0.0222216
0.0215625
0.0215471
0.0213446
0.0210799
0.0212534
0.0216782
0.0220274
0.022308
0.022587
0.022889
0.0232016
0.0234679
0.0237266
0.0240508
0.0244344
0.024815
0.0251588
0.0255189
0.0259532
0.026401
0.0267911
0.0271757
0.0275975
0.0280553
0.028532
0.0289848
0.0294266
0.0298969
0.0303992
0.0308967
0.0313999
0.0319218
0.032436
0.0329596
0.0335274
0.0341252
0.0346992
0.0352537
0.0358358
0.0364175
0.036976
0.0375375
0.0381087
0.0386955
0.039324
0.0399843
0.0406476
0.0413146
0.0420314
0.0427621
0.0434743
0.0442301
0.0449907
0.0455674
0.0460507
0.0467006
0.0476494
0.0486861
0.0495637
0.0503955
0.0512347
0.0520796
0.052959
0.0538723
0.0547167
0.055613
0.0565521
0.0574899
0.0584467
0.0594352
0.0604631
0.0615191
0.0626039
0.0636735
0.0647984
0.0659247
0.0670939
0.0682456
0.0694236
0.0706471
0.071885
0.0731822
0.0744719
0.0757756
0.0771031
0.0784313
0.0798334
0.081218
0.0826471
0.0840753
0.0855121
0.0869206
0.0882931
0.0895825
0.0906157
0.0232863
0.0229431
0.0233093
0.023327
0.022345
0.0216461
0.0216577
0.0215081
0.0212094
0.0213379
0.0217421
0.0220685
0.0223389
0.0226244
0.0229336
0.0232515
0.023516
0.0237649
0.024084
0.0244701
0.0248496
0.0251839
0.0255376
0.025976
0.0264286
0.026814
0.0271898
0.0276109
0.0280735
0.0285497
0.0289981
0.0294385
0.0299082
0.0304089
0.0309072
0.0314113
0.031931
0.0324426
0.0329657
0.0335349
0.0341315
0.0347015
0.0352527
0.0358337
0.0364187
0.0369805
0.037541
0.0381122
0.0387024
0.039332
0.0399896
0.040651
0.0413182
0.042034
0.0427625
0.0434736
0.0442254
0.0449799
0.0455674
0.0460728
0.0467315
0.0476649
0.0486834
0.049559
0.0503935
0.0512342
0.0520804
0.0529586
0.0538709
0.0547179
0.0556158
0.0565541
0.0574923
0.0584501
0.0594392
0.0604666
0.0615211
0.0626057
0.0636756
0.0648001
0.0659259
0.0670948
0.0682474
0.0694257
0.0706489
0.0718867
0.0731832
0.0744719
0.075776
0.0771043
0.0784329
0.0798342
0.0812189
0.082648
0.0840763
0.0855136
0.0869245
0.0883008
0.0895927
0.0906219
0.0231542
0.0227967
0.02313
0.0233113
0.0224776
0.0217326
0.0217396
0.0216633
0.0213499
0.021424
0.0218126
0.0221194
0.0223688
0.0226584
0.0229784
0.023302
0.023566
0.0238052
0.0241181
0.0245076
0.0248861
0.0252099
0.025557
0.0259995
0.0264569
0.0268379
0.0272046
0.0276248
0.0280927
0.0285685
0.029012
0.0294506
0.02992
0.0304192
0.0309181
0.031423
0.0319406
0.0324496
0.032972
0.0335425
0.0341382
0.034704
0.0352517
0.0358317
0.0364201
0.0369852
0.0375446
0.0381157
0.0387093
0.0393401
0.039995
0.0406544
0.0413219
0.0420367
0.0427629
0.0434727
0.0442208
0.0449697
0.0455677
0.046094
0.0467614
0.0476801
0.0486812
0.0495546
0.0503916
0.0512336
0.0520813
0.0529582
0.0538696
0.0547192
0.0556186
0.0565562
0.0574949
0.0584536
0.0594433
0.0604701
0.0615233
0.0626077
0.0636778
0.0648019
0.0659271
0.0670958
0.0682492
0.0694278
0.0706507
0.0718885
0.0731843
0.0744719
0.0757764
0.0771055
0.0784346
0.0798352
0.0812198
0.082649
0.0840774
0.0855154
0.0869287
0.0883088
0.0896032
0.0906285
0.0230285
0.0226773
0.0229565
0.0232616
0.022605
0.0218344
0.021799
0.0217985
0.0215019
0.021516
0.0218852
0.0221818
0.022402
0.0226876
0.0230223
0.0233534
0.0236168
0.0238473
0.0241535
0.0245468
0.0249251
0.0252372
0.0255769
0.0260239
0.0264864
0.0268628
0.0272202
0.0276392
0.0281123
0.0285881
0.0290268
0.0294635
0.0299326
0.03043
0.0309293
0.0314351
0.0319507
0.0324568
0.0329783
0.0335503
0.0341452
0.0347069
0.035251
0.03583
0.0364217
0.0369901
0.0375483
0.0381191
0.0387163
0.0393485
0.0400006
0.0406579
0.0413258
0.0420394
0.0427632
0.0434717
0.0442162
0.04496
0.0455682
0.0461145
0.0467902
0.047695
0.0486794
0.0495505
0.0503897
0.051233
0.0520821
0.0529579
0.0538684
0.0547205
0.0556215
0.0565584
0.0574976
0.0584572
0.0594475
0.0604738
0.0615256
0.0626098
0.06368
0.0648037
0.0659284
0.0670969
0.068251
0.06943
0.0706526
0.0718904
0.0731854
0.0744719
0.0757769
0.0771067
0.0784363
0.0798361
0.0812208
0.0826502
0.0840785
0.0855174
0.0869331
0.088317
0.0896142
0.0906355
0.0229054
0.022583
0.0228001
0.0231822
0.022712
0.0219535
0.021849
0.0219056
0.0216569
0.0216197
0.0219572
0.0222525
0.0224438
0.0227132
0.0230642
0.0234063
0.0236674
0.0238903
0.0241905
0.0245874
0.0249666
0.0252664
0.0255973
0.0260489
0.0265169
0.0268888
0.0272368
0.0276543
0.0281327
0.0286086
0.029042
0.0294767
0.0299458
0.0304417
0.0309411
0.0314477
0.0319613
0.0324644
0.0329848
0.033558
0.0341525
0.0347101
0.0352504
0.0358285
0.0364235
0.0369953
0.0375523
0.0381225
0.0387231
0.0393569
0.0400062
0.0406614
0.0413297
0.0420424
0.0427636
0.0434706
0.0442117
0.0449511
0.0455689
0.0461341
0.0468178
0.0477096
0.0486782
0.0495469
0.050388
0.0512324
0.052083
0.0529576
0.0538673
0.0547219
0.0556245
0.0565606
0.0575003
0.0584609
0.0594517
0.0604775
0.061528
0.062612
0.0636823
0.0648057
0.0659298
0.067098
0.0682528
0.0694323
0.0706545
0.0718923
0.0731866
0.074472
0.0757774
0.0771079
0.078438
0.0798371
0.0812218
0.0826514
0.0840797
0.0855196
0.0869378
0.0883254
0.0896255
0.0906431
0.0227793
0.0225098
0.0226683
0.0230831
0.0227858
0.0220783
0.0219064
0.021989
0.0218033
0.0217372
0.0220318
0.0223267
0.0224952
0.0227379
0.0231027
0.0234612
0.023718
0.023933
0.0242296
0.0246296
0.02501
0.0252979
0.0256183
0.0260742
0.0265487
0.026916
0.0272539
0.0276698
0.0281541
0.0286304
0.0290582
0.0294903
0.0299594
0.0304537
0.0309531
0.0314608
0.0319724
0.0324724
0.0329917
0.0335661
0.0341602
0.0347138
0.0352499
0.0358271
0.0364256
0.0370007
0.0375564
0.0381258
0.03873
0.0393656
0.040012
0.0406648
0.0413337
0.0420455
0.042764
0.0434695
0.0442073
0.0449429
0.0455699
0.046153
0.0468442
0.0477238
0.0486775
0.0495436
0.0503864
0.0512319
0.0520838
0.0529574
0.0538662
0.0547233
0.0556275
0.0565629
0.0575032
0.0584647
0.0594561
0.0604813
0.0615305
0.0626143
0.0636847
0.0648077
0.0659313
0.0670992
0.0682548
0.0694346
0.0706565
0.0718943
0.0731878
0.0744721
0.075778
0.0771091
0.0784397
0.0798382
0.0812228
0.0826528
0.084081
0.085522
0.0869427
0.088334
0.0896372
0.0906511
0.0226431
0.0224524
0.0225652
0.0229753
0.0228207
0.0221922
0.0219782
0.0220617
0.0219318
0.0218627
0.0221164
0.0224018
0.0225536
0.022765
0.0231377
0.0235178
0.023769
0.0239737
0.0242707
0.0246744
0.0250549
0.025332
0.0256407
0.0260995
0.0265815
0.0269447
0.0272717
0.0276856
0.0281762
0.0286533
0.0290752
0.0295045
0.0299741
0.0304667
0.0309655
0.0314741
0.0319839
0.0324807
0.0329987
0.0335742
0.0341684
0.0347182
0.0352498
0.0358259
0.0364279
0.0370064
0.0375606
0.038129
0.0387367
0.0393745
0.0400181
0.0406684
0.0413378
0.0420488
0.0427644
0.0434683
0.0442032
0.0449353
0.0455712
0.0461711
0.0468695
0.0477378
0.0486772
0.0495408
0.050385
0.0512313
0.0520847
0.0529572
0.0538652
0.0547248
0.0556305
0.0565653
0.0575062
0.0584686
0.0594605
0.0604853
0.0615332
0.0626166
0.0636871
0.0648099
0.0659328
0.0671004
0.0682567
0.069437
0.0706586
0.0718963
0.0731891
0.0744723
0.0757786
0.0771104
0.0784415
0.0798394
0.0812238
0.0826542
0.0840824
0.0855246
0.086948
0.0883428
0.0896493
0.0906596
0.022489
0.0224002
0.0224919
0.0228701
0.0228217
0.0222797
0.0220562
0.0221403
0.0220445
0.021984
0.0222141
0.0224817
0.0226146
0.0227954
0.0231707
0.0235758
0.0238218
0.0240108
0.0243121
0.0247231
0.0251011
0.0253678
0.0256652
0.026125
0.0266152
0.0269754
0.0272902
0.0277014
0.0281992
0.0286776
0.029093
0.0295187
0.0299891
0.0304805
0.0309787
0.0314882
0.0319961
0.0324895
0.0330061
0.0335825
0.0341766
0.0347228
0.0352499
0.035825
0.0364308
0.0370125
0.0375652
0.0381323
0.0387434
0.0393835
0.0400242
0.0406719
0.0413419
0.0420522
0.042765
0.0434672
0.0441992
0.0449286
0.0455727
0.0461884
0.0468936
0.0477514
0.0486775
0.0495384
0.0503837
0.0512308
0.0520855
0.0529571
0.0538643
0.0547264
0.0556336
0.0565677
0.0575093
0.0584726
0.0594649
0.0604893
0.0615361
0.0626191
0.0636896
0.0648122
0.0659344
0.0671018
0.0682587
0.0694395
0.0706607
0.0718985
0.0731904
0.0744725
0.0757793
0.0771117
0.0784433
0.0798406
0.081225
0.0826559
0.0840839
0.0855275
0.0869537
0.0883518
0.0896617
0.0906687
0.0223177
0.0223374
0.0224423
0.0227741
0.0227966
0.0223337
0.0221254
0.0222344
0.0221551
0.0220911
0.0223187
0.022574
0.0226773
0.0228269
0.0232028
0.0236349
0.0238782
0.0240443
0.0243506
0.0247762
0.0251505
0.0254043
0.0256917
0.0261511
0.0266491
0.0270082
0.0273099
0.0277167
0.0282224
0.0287036
0.0291122
0.0295335
0.0300048
0.0304949
0.0309918
0.0315024
0.0320088
0.0324988
0.0330139
0.033591
0.0341853
0.0347284
0.0352504
0.0358241
0.0364337
0.0370188
0.03757
0.0381355
0.0387501
0.0393928
0.0400306
0.0406755
0.0413461
0.0420558
0.0427656
0.0434661
0.0441956
0.0449226
0.0455746
0.0462049
0.0469165
0.0477647
0.0486782
0.0495364
0.0503825
0.0512303
0.0520864
0.052957
0.0538636
0.0547281
0.0556368
0.0565702
0.0575126
0.0584768
0.0594695
0.0604934
0.0615391
0.0626218
0.0636922
0.0648145
0.0659361
0.0671032
0.0682608
0.069442
0.0706629
0.0719007
0.0731918
0.0744728
0.0757801
0.0771131
0.0784451
0.0798419
0.0812261
0.0826576
0.0840855
0.0855306
0.0869597
0.088361
0.0896745
0.0906783
0.0221412
0.0222475
0.0224027
0.0226878
0.0227522
0.02236
0.022173
0.0223355
0.0222803
0.0221849
0.0224163
0.022681
0.0227487
0.0228577
0.023233
0.0236951
0.0239408
0.0240771
0.0243827
0.0248317
0.0252053
0.0254414
0.0257195
0.0261792
0.0266834
0.0270427
0.0273315
0.0277317
0.0282457
0.0287313
0.0291329
0.0295486
0.0300208
0.0305106
0.031006
0.031517
0.0320218
0.0325084
0.0330219
0.0335995
0.0341941
0.0347344
0.0352514
0.0358236
0.0364371
0.0370256
0.0375751
0.0381386
0.0387565
0.0394021
0.0400372
0.0406791
0.0413504
0.0420597
0.0427664
0.0434651
0.0441922
0.0449174
0.0455767
0.0462206
0.0469383
0.0477776
0.0486793
0.0495349
0.0503815
0.0512298
0.0520874
0.0529571
0.0538629
0.0547299
0.0556401
0.0565727
0.0575159
0.058481
0.0594741
0.0604976
0.0615422
0.0626245
0.0636949
0.064817
0.0659379
0.0671047
0.068263
0.0694446
0.0706651
0.0719029
0.0731933
0.0744731
0.075781
0.0771144
0.078447
0.0798433
0.0812273
0.0826596
0.0840872
0.085534
0.0869661
0.0883704
0.0896876
0.0906885
0.0219871
0.0221249
0.0223509
0.0226063
0.0226916
0.0223675
0.0221929
0.0224247
0.0224301
0.0222815
0.0224904
0.0227918
0.0228379
0.0228904
0.0232566
0.0237532
0.0240116
0.0241141
0.0244064
0.0248854
0.0252683
0.0254807
0.0257456
0.0262091
0.0267192
0.0270785
0.0273552
0.0277467
0.0282682
0.0287604
0.0291557
0.0295644
0.0300368
0.0305268
0.0310207
0.0315321
0.0320357
0.0325189
0.0330304
0.0336084
0.0342033
0.0347411
0.0352528
0.0358231
0.0364407
0.0370328
0.0375806
0.038142
0.038763
0.0394117
0.0400441
0.0406827
0.0413546
0.0420636
0.0427673
0.0434642
0.0441893
0.044913
0.0455792
0.0462355
0.0469589
0.0477901
0.048681
0.0495339
0.0503808
0.0512295
0.0520883
0.0529573
0.0538624
0.0547318
0.0556434
0.0565754
0.0575194
0.0584854
0.0594788
0.0605019
0.0615455
0.0626274
0.0636977
0.0648196
0.0659398
0.0671063
0.0682652
0.0694473
0.0706674
0.0719052
0.0731948
0.0744736
0.0757819
0.0771159
0.0784489
0.0798448
0.0812286
0.0826617
0.0840891
0.0855376
0.0869728
0.08838
0.0897011
0.0906992
0.0219126
0.0219839
0.0222706
0.0225344
0.022631
0.0223691
0.0221929
0.0224784
0.0225952
0.0224013
0.022536
0.0228862
0.0229495
0.0229361
0.0232711
0.023803
0.0240898
0.0241613
0.0244229
0.0249303
0.025339
0.025527
0.0257688
0.0262387
0.0267581
0.0271155
0.0273804
0.0277625
0.0282902
0.0287903
0.0291804
0.0295811
0.030053
0.0305437
0.0310363
0.0315473
0.0320496
0.0325297
0.0330393
0.0336175
0.0342128
0.0347486
0.0352551
0.035823
0.0364445
0.0370403
0.0375863
0.0381452
0.0387693
0.0394214
0.0400512
0.0406865
0.041359
0.0420679
0.0427684
0.0434634
0.0441867
0.0449094
0.045582
0.0462498
0.0469784
0.0478022
0.048683
0.0495334
0.0503802
0.0512292
0.0520893
0.0529576
0.053862
0.0547338
0.0556468
0.056578
0.057523
0.0584899
0.0594836
0.0605063
0.0615489
0.0626303
0.0637006
0.0648223
0.0659419
0.0671081
0.0682675
0.06945
0.0706697
0.0719076
0.0731965
0.074474
0.075783
0.0771173
0.0784508
0.0798465
0.0812299
0.082664
0.0840912
0.0855414
0.08698
0.0883898
0.0897148
0.0907106
0.0218173
0.0217994
0.0221584
0.0225058
0.0226203
0.0223962
0.0221907
0.022486
0.0227527
0.0225658
0.0225724
0.0229428
0.0230749
0.0230094
0.0232815
0.0238368
0.0241705
0.0242249
0.0244387
0.0249607
0.0254128
0.025585
0.0257899
0.0262643
0.0268012
0.0271558
0.0274058
0.0277789
0.028312
0.0288203
0.0292069
0.0295993
0.0300694
0.0305609
0.0310528
0.0315635
0.0320645
0.0325413
0.0330484
0.0336267
0.0342225
0.0347565
0.0352579
0.035823
0.0364486
0.0370485
0.0375927
0.0381484
0.0387754
0.0394312
0.0400585
0.0406902
0.0413633
0.0420723
0.0427697
0.0434628
0.0441845
0.0449066
0.0455851
0.0462632
0.046997
0.047814
0.0486855
0.0495333
0.0503799
0.051229
0.0520904
0.0529581
0.0538617
0.0547358
0.0556503
0.0565808
0.0575267
0.0584945
0.0594884
0.0605108
0.0615524
0.0626335
0.0637036
0.0648251
0.065944
0.0671099
0.06827
0.0694528
0.0706722
0.0719101
0.0731982
0.0744746
0.0757841
0.0771188
0.0784528
0.0798482
0.0812313
0.0826665
0.0840934
0.0855455
0.0869877
0.0883998
0.0897288
0.0907226
0.0217117
0.0215918
0.022021
0.0225263
0.0226831
0.0224678
0.0222087
0.0224554
0.022877
0.0227754
0.0226299
0.0229535
0.0231937
0.0231218
0.0233029
0.0238514
0.0242442
0.0243065
0.0244632
0.024975
0.0254812
0.0256581
0.0258148
0.0262819
0.026846
0.0272027
0.027432
0.0277947
0.0283348
0.028851
0.0292344
0.0296192
0.0300866
0.0305785
0.0310698
0.0315797
0.0320796
0.0325535
0.0330582
0.0336363
0.0342326
0.0347653
0.0352617
0.0358234
0.0364526
0.037057
0.0375995
0.0381518
0.0387814
0.0394413
0.0400662
0.040694
0.0413677
0.0420769
0.0427712
0.0434623
0.0441828
0.0449045
0.0455885
0.046276
0.0470136
0.0478254
0.0486883
0.0495338
0.0503799
0.051229
0.0520916
0.0529587
0.0538616
0.054738
0.0556538
0.0565837
0.0575305
0.0584993
0.0594934
0.0605154
0.0615561
0.0626368
0.0637066
0.0648281
0.0659462
0.0671119
0.0682724
0.0694557
0.0706747
0.0719127
0.0731999
0.0744752
0.0757854
0.0771204
0.0784547
0.0798502
0.0812328
0.0826692
0.0840959
0.0855498
0.0869958
0.0884101
0.0897431
0.0907352
0.0215671
0.0213665
0.0218422
0.0225459
0.0228044
0.022583
0.0222548
0.0224024
0.0229343
0.0229989
0.0227349
0.0229306
0.0232755
0.0232628
0.0233519
0.0238531
0.0243001
0.0243987
0.0245063
0.0249797
0.0255345
0.0257428
0.0258514
0.0262909
0.0268877
0.0272587
0.0274615
0.0278076
0.028358
0.0288837
0.0292626
0.0296399
0.0301048
0.0305964
0.0310873
0.0315971
0.0320958
0.0325665
0.0330682
0.0336461
0.034243
0.0347745
0.0352661
0.0358241
0.0364569
0.0370661
0.037607
0.0381551
0.0387871
0.0394514
0.0400743
0.0406979
0.041372
0.0420819
0.0427731
0.0434623
0.0441816
0.0449033
0.0455923
0.0462881
0.0470303
0.0478365
0.0486915
0.0495347
0.0503802
0.0512291
0.0520928
0.0529595
0.0538617
0.0547402
0.0556576
0.0565866
0.0575344
0.0585041
0.0594984
0.0605201
0.0615599
0.0626402
0.0637099
0.0648312
0.0659486
0.067114
0.068275
0.0694586
0.0706773
0.0719153
0.0732018
0.0744759
0.0757868
0.0771221
0.0784567
0.0798523
0.0812344
0.0826721
0.0840987
0.0855543
0.0870043
0.0884206
0.0897575
0.0907484
0.0216396
0.0212575
0.0216418
0.0224963
0.0229365
0.0227367
0.0223329
0.0223482
0.0229147
0.0231953
0.0229038
0.0229059
0.0232961
0.0234061
0.0234414
0.0238581
0.0243313
0.0244872
0.024572
0.0249866
0.0255656
0.0258293
0.0259061
0.0262953
0.0269177
0.0273221
0.0274993
0.0278164
0.0283786
0.0289197
0.029292
0.02966
0.0301243
0.030616
0.0311052
0.031614
0.0321121
0.0325804
0.0330789
0.0336562
0.0342537
0.0347844
0.0352715
0.0358253
0.036461
0.0370754
0.0376151
0.0381587
0.0387925
0.0394616
0.0400828
0.0407018
0.0413763
0.042087
0.0427751
0.0434623
0.0441808
0.0449028
0.0455964
0.0462996
0.0470457
0.0478472
0.048695
0.049536
0.0503807
0.0512294
0.052094
0.0529605
0.053862
0.0547425
0.0556598
0.0565897
0.0575385
0.058509
0.0595035
0.0605249
0.0615638
0.0626438
0.0637132
0.0648344
0.0659511
0.0671163
0.0682777
0.0694615
0.0706801
0.071918
0.0732037
0.0744767
0.0757883
0.0771239
0.0784587
0.0798546
0.081236
0.0826752
0.0841017
0.0855591
0.0870133
0.0884314
0.0897722
0.0907622
0.0215282
0.0211505
0.02147
0.0224017
0.0230603
0.0229327
0.0224652
0.0223314
0.0228422
0.0233335
0.0231308
0.0229304
0.0232658
0.0235205
0.0235677
0.0238895
0.0243476
0.0245579
0.0246531
0.0250112
0.0255795
0.0259043
0.0259802
0.026306
0.0269333
0.0273875
0.0275512
0.0278244
0.0283929
0.0289594
0.0293259
0.0296792
0.0301434
0.0306371
0.0311239
0.0316313
0.032129
0.0325952
0.0330902
0.0336663
0.0342649
0.0347952
0.0352777
0.0358269
0.0364653
0.0370854
0.0376241
0.0381624
0.0387975
0.0394719
0.0400916
0.0407058
0.0413806
0.0420925
0.0427777
0.0434628
0.0441806
0.044903
0.0456008
0.0463106
0.0470604
0.0478577
0.0486989
0.0495378
0.0503816
0.0512298
0.0520957
0.0529617
0.0538625
0.054745
0.0556638
0.0565929
0.0575427
0.0585141
0.0595088
0.0605299
0.0615679
0.0626475
0.0637166
0.0648377
0.0659538
0.0671187
0.0682805
0.0694645
0.0706829
0.0719208
0.0732057
0.0744776
0.07579
0.0771257
0.0784607
0.0798571
0.0812378
0.0826784
0.0841051
0.085564
0.0870228
0.0884426
0.089787
0.0907768
0.0215242
0.0211228
0.0213538
0.022267
0.0231171
0.0231455
0.0226497
0.0223654
0.0227451
0.0233826
0.0233762
0.0230376
0.0232147
0.0235727
0.023706
0.0239608
0.0243666
0.0246033
0.0247333
0.0250619
0.0255914
0.0259578
0.0260651
0.026333
0.0269354
0.0274455
0.0276186
0.0278377
0.0283978
0.0289988
0.0293665
0.0296981
0.0301603
0.0306606
0.0311452
0.0316483
0.0321454
0.0326109
0.0331028
0.0336768
0.034276
0.0348067
0.0352851
0.0358291
0.0364695
0.0370955
0.0376339
0.0381665
0.0388023
0.0394823
0.0401012
0.0407101
0.0413849
0.0420983
0.0427805
0.0434635
0.0441809
0.044904
0.0456056
0.046321
0.0470742
0.0478678
0.0487031
0.0495399
0.0503829
0.0512302
0.0520971
0.052963
0.0538631
0.0547475
0.0556678
0.0565961
0.0575469
0.0585191
0.0595141
0.0605349
0.0615721
0.0626513
0.0637203
0.0648412
0.0659566
0.0671212
0.0682835
0.0694675
0.0706859
0.0719237
0.0732077
0.0744786
0.0757918
0.0771278
0.0784627
0.0798597
0.0812398
0.0826818
0.0841088
0.0855692
0.0870328
0.0884541
0.089802
0.0907917
0.0215851
0.0211511
0.0212754
0.0221005
0.023071
0.0233206
0.022872
0.0224567
0.0226539
0.0233404
0.0235874
0.0232289
0.0231852
0.0235592
0.0238196
0.0240649
0.0244091
0.0246344
0.0247926
0.0251284
0.025618
0.0259895
0.0261437
0.0263816
0.0269345
0.0274874
0.0276962
0.0278636
0.0283938
0.0290321
0.0294157
0.0297213
0.0301729
0.0306831
0.0311693
0.0316666
0.0321616
0.0326269
0.0331163
0.0336879
0.0342873
0.0348188
0.0352934
0.0358315
0.0364734
0.0371061
0.0376447
0.038171
0.0388065
0.0394925
0.040111
0.0407143
0.0413888
0.0421042
0.0427838
0.0434646
0.0441817
0.0449056
0.0456106
0.0463309
0.0470872
0.0478776
0.0487075
0.0495425
0.0503844
0.0512311
0.0520987
0.0529647
0.0538641
0.0547501
0.0556719
0.0565996
0.0575514
0.0585244
0.0595196
0.0605401
0.0615764
0.0626554
0.063724
0.0648448
0.0659595
0.0671239
0.0682865
0.0694706
0.0706889
0.0719267
0.0732099
0.0744798
0.0757936
0.0771299
0.0784646
0.0798626
0.081242
0.0826854
0.084113
0.0855745
0.0870431
0.0884659
0.089817
0.0908073
0.0216546
0.0212311
0.0212362
0.0219382
0.0229507
0.0234306
0.0231109
0.0226139
0.0226107
0.0232397
0.0237219
0.023474
0.0232287
0.0235092
0.02388
0.0241797
0.0244882
0.0246729
0.0248252
0.0251905
0.025673
0.0260177
0.026203
0.0264455
0.0269434
0.0275114
0.0277751
0.0279086
0.0283877
0.0290541
0.02947
0.0297526
0.0301824
0.030703
0.0311973
0.0316875
0.0321766
0.032642
0.0331311
0.0337003
0.0342986
0.0348312
0.0353031
0.0358351
0.0364773
0.0371167
0.0376565
0.0381758
0.0388103
0.0395026
0.0401215
0.0407191
0.0413931
0.0421106
0.0427877
0.0434662
0.0441829
0.044908
0.045616
0.0463405
0.0470995
0.0478872
0.0487123
0.0495454
0.0503865
0.0512323
0.0521004
0.0529666
0.0538652
0.0547528
0.0556761
0.0566032
0.0575559
0.0585296
0.0595251
0.0605455
0.0615808
0.0626595
0.063728
0.0648485
0.0659626
0.0671268
0.0682896
0.0694738
0.0706921
0.0719297
0.073212
0.0744811
0.0757956
0.0771322
0.0784666
0.0798656
0.0812444
0.082689
0.0841176
0.0855802
0.0870539
0.0884782
0.0898322
0.0908233
0.0216877
0.0213506
0.0212528
0.02181
0.0227936
0.0234616
0.0233322
0.0228211
0.0226361
0.0231209
0.0237559
0.0237222
0.023364
0.023464
0.02388
0.0242723
0.0245925
0.024742
0.0248466
0.0252255
0.0257453
0.0260635
0.0262395
0.0265082
0.0269723
0.0275252
0.0278444
0.0279711
0.0283871
0.0290617
0.0295236
0.0297958
0.0301927
0.0307158
0.0312256
0.0317134
0.0321928
0.0326558
0.0331459
0.0337141
0.0343108
0.0348442
0.0353137
0.0358391
0.0364808
0.0371274
0.0376694
0.0381816
0.038814
0.0395129
0.0401328
0.0407241
0.0413968
0.0421168
0.0427919
0.0434682
0.0441847
0.044911
0.0456218
0.0463496
0.0471112
0.0478966
0.0487172
0.0495486
0.0503888
0.0512337
0.0521021
0.0529687
0.0538667
0.0547556
0.0556804
0.056607
0.0575606
0.0585349
0.0595307
0.060551
0.0615854
0.0626638
0.0637321
0.0648523
0.0659658
0.0671298
0.0682928
0.069477
0.0706955
0.071933
0.0732142
0.0744827
0.0757978
0.0771346
0.0784687
0.0798688
0.0812471
0.0826928
0.0841226
0.0855861
0.0870649
0.0884908
0.0898475
0.0908397
0.0216598
0.021485
0.021332
0.0217282
0.0226276
0.0234197
0.023503
0.0230529
0.0227336
0.0230298
0.0237049
0.0239161
0.0235718
0.023471
0.0238417
0.0243178
0.0246984
0.0248497
0.0248821
0.0252242
0.0258087
0.0261431
0.0262724
0.0265516
0.027017
0.0275416
0.0278973
0.0280433
0.0284004
0.0290595
0.0295697
0.0298486
0.0302088
0.0307234
0.0312524
0.0317445
0.0322114
0.0326673
0.03316
0.0337294
0.0343239
0.0348573
0.0353252
0.0358444
0.0364846
0.0371382
0.0376833
0.0381882
0.0388168
0.0395222
0.0401442
0.0407292
0.0414007
0.0421236
0.042797
0.0434707
0.0441869
0.0449145
0.0456278
0.0463586
0.0471223
0.0479058
0.0487225
0.0495522
0.0503916
0.0512354
0.0521041
0.0529711
0.0538684
0.0547584
0.0556849
0.056611
0.0575655
0.0585403
0.0595364
0.0605567
0.0615901
0.0626682
0.0637364
0.0648562
0.0659692
0.067133
0.0682961
0.0694802
0.0706989
0.0719363
0.0732164
0.0744843
0.0758
0.0771372
0.0784708
0.0798722
0.0812501
0.0826967
0.084128
0.0855924
0.0870762
0.088504
0.0898629
0.0908565
0.0215689
0.0215919
0.0214575
0.0217037
0.0224746
0.0233221
0.0236079
0.0232825
0.0228908
0.0229983
0.0236077
0.0240185
0.0238086
0.0235583
0.0237981
0.0243121
0.0247771
0.0249805
0.0249585
0.025207
0.0258353
0.0262451
0.0263263
0.0265703
0.0270614
0.0275741
0.0279382
0.0281147
0.0284307
0.0290539
0.029604
0.029908
0.0302353
0.0307268
0.0312715
0.0317783
0.0322359
0.0326788
0.0331715
0.0337453
0.0343391
0.0348717
0.0353378
0.0358502
0.0364878
0.0371483
0.0376978
0.0381956
0.0388193
0.0395318
0.0401572
0.0407355
0.0414044
0.0421303
0.0428024
0.0434736
0.0441895
0.0449187
0.0456341
0.0463673
0.0471329
0.0479147
0.048728
0.0495561
0.0503948
0.0512374
0.0521061
0.0529738
0.0538705
0.0547614
0.0556894
0.0566152
0.0575705
0.0585457
0.0595422
0.0605625
0.0615949
0.0626727
0.0637409
0.0648603
0.0659728
0.0671364
0.0682995
0.0694836
0.0707024
0.0719398
0.0732186
0.0744863
0.0758024
0.0771399
0.0784731
0.0798756
0.0812534
0.0827007
0.084134
0.085599
0.0870877
0.0885176
0.0898784
0.0908737
0.0214347
0.0216428
0.0216007
0.0217471
0.0223582
0.0231903
0.0236438
0.0234837
0.0230863
0.0230326
0.0235083
0.0240305
0.0240192
0.023719
0.0237903
0.0242735
0.0248095
0.0251074
0.0250834
0.0252039
0.0258125
0.0263409
0.0264229
0.0265832
0.0270846
0.0276224
0.0279803
0.0281753
0.0284742
0.0290536
0.0296247
0.0299657
0.0302722
0.0307317
0.031285
0.0318134
0.0322671
0.0326915
0.0331799
0.0337607
0.034356
0.0348867
0.0353507
0.0358566
0.036491
0.0371589
0.0377142
0.038205
0.0388219
0.0395404
0.0401703
0.0407416
0.0414075
0.042137
0.0428088
0.0434771
0.0441925
0.0449234
0.0456408
0.0463758
0.0471431
0.0479235
0.0487336
0.0495602
0.0503983
0.0512397
0.0521084
0.0529768
0.0538728
0.0547644
0.055694
0.0566196
0.0575757
0.0585512
0.059548
0.0605685
0.0615999
0.0626774
0.0637456
0.0648645
0.0659765
0.06714
0.0683029
0.0694871
0.0707062
0.0719435
0.0732209
0.0744884
0.075805
0.0771427
0.0784755
0.0798792
0.0812572
0.0827048
0.0841402
0.0856061
0.0870994
0.0885316
0.0898941
0.0908912
0.0212812
0.0216383
0.0217214
0.0218414
0.0222975
0.0230481
0.0236166
0.0236368
0.0232946
0.0231264
0.0234458
0.0239828
0.0241621
0.0239206
0.0238449
0.0242294
0.0247962
0.0252011
0.0252376
0.0252479
0.0257619
0.0263956
0.0265519
0.0266178
0.0270778
0.0276691
0.0280371
0.028226
0.0285209
0.0290645
0.029636
0.030019
0.0303214
0.0307414
0.0312901
0.0318443
0.032304
0.0327089
0.0331855
0.033773
0.0343747
0.0349045
0.0353653
0.0358646
0.0364945
0.0371688
0.0377309
0.0382147
0.0388232
0.0395482
0.0401846
0.0407491
0.0414108
0.0421438
0.0428158
0.0434814
0.0441959
0.0449285
0.0456477
0.0463842
0.0471529
0.0479323
0.0487395
0.0495645
0.0504024
0.0512425
0.0521108
0.0529801
0.0538755
0.0547676
0.0556988
0.0566241
0.0575809
0.0585567
0.059554
0.0605747
0.061605
0.0626821
0.0637505
0.0648689
0.0659804
0.0671439
0.0683063
0.0694908
0.07071
0.0719471
0.0732231
0.0744907
0.0758077
0.0771455
0.0784782
0.0798828
0.0812613
0.0827091
0.0841469
0.0856137
0.0871112
0.088546
0.08991
0.0909088
0.0211183
0.0215982
0.0217996
0.0219549
0.0223036
0.0229304
0.023543
0.0237306
0.0234909
0.0232632
0.0234354
0.0239123
0.0242273
0.0241167
0.0239612
0.0242123
0.0247552
0.0252455
0.0253907
0.025349
0.0257161
0.0263915
0.0266836
0.0267005
0.0270584
0.0276919
0.0281119
0.0282793
0.0285605
0.029088
0.029646
0.0300609
0.0303768
0.0307586
0.03129
0.0318705
0.0323454
0.0327319
0.0331906
0.0337827
0.0343946
0.0349249
0.0353804
0.035872
0.0364968
0.0371777
0.0377489
0.0382269
0.038825
0.0395554
0.0401997
0.0407573
0.0414136
0.0421504
0.0428235
0.0434865
0.0441996
0.0449339
0.0456548
0.0463926
0.0471623
0.0479409
0.0487456
0.049569
0.0504068
0.0512454
0.0521134
0.0529839
0.0538785
0.0547707
0.0557037
0.0566291
0.0575865
0.0585622
0.0595599
0.0605811
0.0616103
0.0626871
0.0637554
0.0648733
0.0659844
0.067148
0.0683097
0.0694945
0.070714
0.071951
0.0732255
0.0744933
0.0758107
0.0771483
0.0784811
0.0798865
0.0812657
0.0827136
0.0841538
0.0856218
0.087123
0.0885607
0.0899261
0.0909267
0.020951
0.0215427
0.0218459
0.0220538
0.0223563
0.0228609
0.0234452
0.0237619
0.0236532
0.0234226
0.0234786
0.0238543
0.024233
0.0242705
0.024116
0.0242426
0.0247101
0.0252428
0.0255119
0.0254906
0.025713
0.0263459
0.0267787
0.0268271
0.0270569
0.0276776
0.0281886
0.0283514
0.0285904
0.029113
0.02966
0.0300906
0.0304363
0.0307903
0.0312863
0.031888
0.0323905
0.0327624
0.0331959
0.0337873
0.0344123
0.0349475
0.0353979
0.0358805
0.0364998
0.0371873
0.0377684
0.0382408
0.0388258
0.0395604
0.0402155
0.0407671
0.0414164
0.0421569
0.042832
0.043492
0.0442037
0.0449396
0.0456622
0.046401
0.0471715
0.0479494
0.0487518
0.0495738
0.0504117
0.0512488
0.0521162
0.0529879
0.0538819
0.0547741
0.0557088
0.0566341
0.057592
0.0585678
0.059566
0.0605876
0.0616155
0.062692
0.0637607
0.0648781
0.0659886
0.0671524
0.0683132
0.0694984
0.0707182
0.0719549
0.0732278
0.0744959
0.075814
0.0771512
0.0784843
0.0798904
0.0812704
0.0827183
0.084161
0.0856305
0.087135
0.0885757
0.0899425
0.0909448
0.0207807
0.0214651
0.0218739
0.0221281
0.0224245
0.0228445
0.0233558
0.0237444
0.0237717
0.0235821
0.0235632
0.0238299
0.0242047
0.0243676
0.0242767
0.0243207
0.024687
0.0252115
0.0255867
0.0256418
0.0257646
0.0262915
0.0268156
0.026968
0.0271021
0.0276389
0.0282423
0.0284483
0.0286217
0.0291308
0.0296854
0.0301132
0.0304887
0.0308357
0.0312842
0.0318939
0.0324365
0.032801
0.0332018
0.0337883
0.0344291
0.0349734
0.0354196
0.03589
0.0365012
0.037195
0.0377876
0.0382565
0.038827
0.0395645
0.0402326
0.0407788
0.0414185
0.0421628
0.0428412
0.0434983
0.0442083
0.0449458
0.0456698
0.0464095
0.0471805
0.0479578
0.0487582
0.0495788
0.050417
0.0512523
0.0521192
0.0529924
0.0538856
0.0547774
0.0557139
0.0566396
0.0575979
0.0585734
0.059572
0.0605943
0.0616211
0.0626973
0.063766
0.0648828
0.0659928
0.0671571
0.0683166
0.0695024
0.0707226
0.0719588
0.0732304
0.0744988
0.0758176
0.0771539
0.0784877
0.0798944
0.0812755
0.0827235
0.0841684
0.0856398
0.0871472
0.0885909
0.0899592
0.090963
0.0206234
0.021356
0.0218839
0.022194
0.0224923
0.0228651
0.0232986
0.0236979
0.0238413
0.0237198
0.023668
0.0238459
0.0241697
0.0244155
0.0244168
0.0244297
0.0247006
0.0251721
0.025615
0.0257743
0.0258609
0.0262664
0.0268049
0.0270841
0.027197
0.0276049
0.028253
0.028558
0.0286741
0.029135
0.0297138
0.0301371
0.0305299
0.0308942
0.0312915
0.0318835
0.0324767
0.0328524
0.0332136
0.033785
0.0344433
0.0350004
0.0354439
0.0359002
0.0365002
0.0372018
0.0378094
0.0382757
0.0388285
0.039566
0.0402494
0.0407923
0.0414206
0.042168
0.0428516
0.0435053
0.0442129
0.0449524
0.0456775
0.0464179
0.0471894
0.0479662
0.0487648
0.0495839
0.0504229
0.0512564
0.0521225
0.0529971
0.0538895
0.0547811
0.0557192
0.0566451
0.0576036
0.0585791
0.0595783
0.0606012
0.0616267
0.0627025
0.0637715
0.0648879
0.0659971
0.0671619
0.06832
0.0695066
0.0707273
0.0719627
0.0732331
0.0745018
0.0758215
0.0771568
0.0784914
0.0798987
0.0812806
0.0827289
0.0841759
0.0856496
0.0871595
0.0886062
0.0899761
0.0909813
0.0205107
0.0212317
0.0218641
0.0222532
0.0225562
0.0229007
0.0232771
0.0236458
0.0238693
0.0238307
0.0237742
0.0238963
0.0241516
0.0244279
0.0245234
0.0245466
0.024749
0.0251471
0.0256122
0.0258727
0.0259744
0.0262842
0.0267761
0.027151
0.0273183
0.0276083
0.0282261
0.0286542
0.0287576
0.0291329
0.0297341
0.0301698
0.0305578
0.0309539
0.0313192
0.0318656
0.032504
0.032915
0.0332336
0.0337736
0.0344508
0.035029
0.0354731
0.0359145
0.0364991
0.0372062
0.0378318
0.0382974
0.0388296
0.0395651
0.0402665
0.0408085
0.0414234
0.0421722
0.0428626
0.0435133
0.0442177
0.0449592
0.0456857
0.0464265
0.0471981
0.0479747
0.0487714
0.0495891
0.0504293
0.0512606
0.0521259
0.0530022
0.0538938
0.0547848
0.0557247
0.0566511
0.0576097
0.0585848
0.0595845
0.0606081
0.0616323
0.062708
0.063777
0.0648931
0.0660017
0.0671671
0.0683237
0.0695109
0.0707322
0.0719664
0.073236
0.0745049
0.0758257
0.0771596
0.0784953
0.0799033
0.081286
0.0827349
0.0841836
0.0856599
0.087172
0.0886216
0.0899933
0.0909997
0.0204529
0.021119
0.0218071
0.022289
0.0226197
0.0229453
0.023285
0.0236086
0.0238679
0.0239136
0.0238687
0.0239613
0.024161
0.0244226
0.0245953
0.0246553
0.0248203
0.0251489
0.0255916
0.0259329
0.0260836
0.0263389
0.0267632
0.0271737
0.0274315
0.0276597
0.0281854
0.0287127
0.0288682
0.0291443
0.029736
0.0302083
0.0305811
0.0310055
0.0313697
0.0318492
0.0325064
0.0329811
0.0332728
0.0337604
0.0344492
0.0350592
0.0355075
0.035931
0.0364963
0.037206
0.0378543
0.0383246
0.0388325
0.0395617
0.0402829
0.0408268
0.0414269
0.0421752
0.0428737
0.0435226
0.0442227
0.0449659
0.0456943
0.0464354
0.0472066
0.0479831
0.0487784
0.0495944
0.0504359
0.0512655
0.0521297
0.0530076
0.0538982
0.0547887
0.0557304
0.0566574
0.0576155
0.0585903
0.0595909
0.0606154
0.0616382
0.0627136
0.0637826
0.0648986
0.0660065
0.0671721
0.0683273
0.0695153
0.0707374
0.0719702
0.0732392
0.0745082
0.0758301
0.0771625
0.0784994
0.0799083
0.0812913
0.0827412
0.0841915
0.0856705
0.0871848
0.0886369
0.0900107
0.0910183
0.0204311
0.0210419
0.0217367
0.022295
0.022679
0.0229967
0.0233089
0.0235901
0.0238485
0.0239673
0.0239499
0.0240251
0.0241963
0.0244213
0.0246376
0.024747
0.0248969
0.0251763
0.0255737
0.0259644
0.0261772
0.0264099
0.0267792
0.0271746
0.0275076
0.0277431
0.0281625
0.0287287
0.0289828
0.0291863
0.0297258
0.030246
0.0306101
0.0310387
0.0314299
0.0318494
0.0324867
0.0330382
0.033335
0.0337538
0.034433
0.0350851
0.0355492
0.0359524
0.0364934
0.0372018
0.037875
0.0383567
0.0388377
0.0395541
0.0402978
0.040848
0.0414317
0.0421776
0.0428851
0.0435329
0.0442282
0.0449723
0.0457029
0.0464449
0.047215
0.0479914
0.0487854
0.0495998
0.0504431
0.0512707
0.0521336
0.0530132
0.0539031
0.0547928
0.0557361
0.056664
0.0576216
0.0585962
0.0595976
0.0606227
0.061644
0.0627194
0.0637883
0.0649043
0.0660114
0.0671773
0.068331
0.0695198
0.0707429
0.0719737
0.0732427
0.0745117
0.0758348
0.0771658
0.0785035
0.0799137
0.0812967
0.0827479
0.0841997
0.0856814
0.0871979
0.0886523
0.0900281
0.0910369
0.0204269
0.0210033
0.0216792
0.0222754
0.0227167
0.0230448
0.0233398
0.0235933
0.0238281
0.0239956
0.0240206
0.0240814
0.024241
0.0244354
0.0246582
0.0248176
0.0249726
0.0252238
0.0255712
0.0259725
0.0262476
0.0264805
0.0268177
0.0271826
0.0275484
0.0278336
0.0281744
0.0287148
0.029077
0.0292618
0.0297147
0.030267
0.0306471
0.0310621
0.0314909
0.0318773
0.0324578
0.0330688
0.0334107
0.0337648
0.0344038
0.0350984
0.0355987
0.0359838
0.0364911
0.0371929
0.0378924
0.0383931
0.0388481
0.0395433
0.0403094
0.040872
0.0414382
0.0421784
0.0428963
0.0435442
0.0442344
0.0449787
0.0457116
0.0464548
0.0472233
0.0479995
0.0487926
0.0496054
0.0504505
0.0512764
0.0521381
0.0530191
0.053908
0.0547971
0.0557421
0.0566712
0.0576277
0.0586015
0.059604
0.0606303
0.0616501
0.0627253
0.063794
0.0649101
0.0660168
0.0671824
0.068335
0.0695244
0.0707485
0.0719771
0.0732464
0.0745154
0.0758392
0.0771692
0.0785078
0.0799195
0.0813022
0.082755
0.0842083
0.0856925
0.0872113
0.0886676
0.0900455
0.0910555
0.0204283
0.0209849
0.0216432
0.0222462
0.0227295
0.023086
0.0233758
0.0236143
0.0238162
0.0240011
0.0240749
0.0241297
0.0242799
0.0244627
0.0246747
0.0248702
0.0250422
0.0252759
0.0255855
0.025971
0.0262966
0.0265478
0.026867
0.0272102
0.027569
0.0279046
0.0282186
0.0286954
0.0291349
0.0293546
0.0297204
0.0302728
0.0306893
0.0310839
0.0315369
0.0319251
0.0324375
0.0330712
0.0334867
0.0338049
0.0343745
0.03509
0.035647
0.0360283
0.0364906
0.0371768
0.0379054
0.0384336
0.0388656
0.039531
0.0403161
0.0408987
0.0414475
0.042178
0.0429073
0.0435565
0.0442409
0.0449848
0.0457202
0.0464648
0.0472321
0.048008
0.0487997
0.0496109
0.0504585
0.0512827
0.0521427
0.0530249
0.0539134
0.0548019
0.055748
0.0566784
0.0576337
0.0586073
0.0596111
0.060638
0.0616561
0.0627312
0.0637998
0.0649162
0.0660224
0.0671874
0.0683391
0.0695293
0.0707545
0.0719805
0.0732504
0.0745195
0.0758437
0.077173
0.0785121
0.0799255
0.0813078
0.0827622
0.0842172
0.0857036
0.0872248
0.088683
0.0900629
0.0910741
0.0204363
0.0209748
0.0216241
0.022228
0.0227307
0.023116
0.0234078
0.0236402
0.0238163
0.0239935
0.0241106
0.0241733
0.0243111
0.0244944
0.0246968
0.024905
0.0250969
0.0253269
0.0256144
0.0259748
0.0263275
0.0266081
0.0269148
0.0272488
0.0275901
0.0279504
0.0282779
0.0286894
0.0291589
0.0294493
0.0297546
0.0302696
0.030724
0.031109
0.0315682
0.0319808
0.0324389
0.0330541
0.0335434
0.0338682
0.0343615
0.0350619
0.0356839
0.0360898
0.0365009
0.0371517
0.0379101
0.0384765
0.0388897
0.0395179
0.0403169
0.0409264
0.0414607
0.0421766
0.0429176
0.0435704
0.0442485
0.0449908
0.0457289
0.0464749
0.0472404
0.0480165
0.0488068
0.0496162
0.0504666
0.0512897
0.0521478
0.0530311
0.0539189
0.0548067
0.0557541
0.0566864
0.0576399
0.0586126
0.0596179
0.0606456
0.0616624
0.0627373
0.0638055
0.0649222
0.0660282
0.0671922
0.0683434
0.0695343
0.0707605
0.0719836
0.0732546
0.074524
0.075848
0.0771773
0.0785167
0.0799319
0.0813137
0.0827696
0.0842265
0.0857148
0.0872384
0.0886983
0.09008
0.0910925
0.0204534
0.0209723
0.0216123
0.0222197
0.0227275
0.0231319
0.0234312
0.023664
0.0238321
0.023987
0.0241285
0.0242115
0.0243375
0.0245184
0.0247181
0.0249301
0.0251376
0.0253754
0.0256514
0.0259881
0.0263455
0.026655
0.0269604
0.0272905
0.0276237
0.0279804
0.0283326
0.028707
0.0291629
0.0295242
0.0298097
0.0302678
0.0307494
0.0311406
0.0315915
0.0320322
0.0324617
0.0330345
0.0335727
0.0339377
0.0343753
0.035026
0.0356949
0.0361584
0.0365332
0.0371225
0.0379014
0.0385226
0.0389241
0.0395054
0.0403116
0.0409538
0.0414773
0.0421744
0.0429259
0.0435852
0.0442569
0.0449962
0.0457377
0.0464853
0.0472492
0.0480263
0.0488143
0.0496211
0.050475
0.0512977
0.052153
0.0530368
0.0539247
0.0548122
0.0557604
0.0566945
0.0576459
0.0586182
0.0596254
0.0606534
0.0616689
0.0627434
0.0638116
0.0649286
0.0660344
0.0671968
0.068348
0.0695396
0.0707663
0.071987
0.0732588
0.0745288
0.0758519
0.0771818
0.0785214
0.0799382
0.0813198
0.0827771
0.0842363
0.0857262
0.0872521
0.0887137
0.0900971
0.0911109
0.0204769
0.02098
0.0216034
0.0222115
0.0227241
0.0231389
0.0234494
0.0236827
0.0238527
0.0239862
0.0241318
0.024239
0.0243582
0.024533
0.0247337
0.0249531
0.0251704
0.0254173
0.0256888
0.0260063
0.0263592
0.0266885
0.0270043
0.0273295
0.0276631
0.0280098
0.028374
0.028742
0.0291634
0.0295712
0.0298775
0.0302793
0.0307656
0.031173
0.0316099
0.0320731
0.0324972
0.0330253
0.0335831
0.0339978
0.0344134
0.0350015
0.0356782
0.0362156
0.0365916
0.0370997
0.0378714
0.038565
0.0389724
0.0394953
0.0402995
0.0409817
0.0414984
0.0421725
0.0429326
0.0436012
0.0442672
0.045001
0.0457457
0.0464955
0.0472571
0.0480363
0.0488223
0.0496254
0.0504831
0.0513064
0.0521586
0.0530427
0.0539311
0.0548179
0.0557663
0.0567026
0.057652
0.0586238
0.0596329
0.0606607
0.0616755
0.0627497
0.0638177
0.0649351
0.0660406
0.0672014
0.0683529
0.0695452
0.0707721
0.0719905
0.0732634
0.074534
0.0758558
0.0771867
0.0785264
0.0799444
0.081326
0.0827845
0.0842461
0.0857373
0.0872654
0.0887289
0.0901138
0.0911288
0.0204981
0.0209939
0.0216003
0.0222021
0.0227196
0.0231395
0.0234602
0.0236919
0.0238658
0.0239915
0.0241273
0.0242528
0.0243734
0.024543
0.0247446
0.0249736
0.0251974
0.0254451
0.0257212
0.0260281
0.0263742
0.0267116
0.0270413
0.027368
0.0277013
0.0280443
0.0284036
0.0287787
0.0291754
0.0295956
0.0299429
0.0303071
0.030776
0.0312051
0.0316295
0.0321039
0.0325375
0.0330282
0.0335844
0.0340401
0.0344597
0.0350013
0.035651
0.0362452
0.0366671
0.0371014
0.0378215
0.0385908
0.0390362
0.0394917
0.0402766
0.0410074
0.0415243
0.0421702
0.0429366
0.0436179
0.0442801
0.0450065
0.0457536
0.0465062
0.0472655
0.0480477
0.0488314
0.0496294
0.0504905
0.0513163
0.0521649
0.0530482
0.0539378
0.0548239
0.0557726
0.0567109
0.0576582
0.0586295
0.0596409
0.0606681
0.0616824
0.0627561
0.0638241
0.0649418
0.0660469
0.067206
0.0683583
0.0695511
0.0707775
0.0719942
0.0732682
0.0745396
0.0758596
0.0771919
0.0785321
0.0799508
0.0813329
0.0827925
0.0842565
0.085749
0.0872789
0.0887443
0.0901306
0.0911465
0.020514
0.0210112
0.0216053
0.0221941
0.0227118
0.0231333
0.0234602
0.0236932
0.0238676
0.0239941
0.024118
0.0242527
0.0243834
0.0245509
0.0247498
0.024981
0.0252161
0.0254661
0.0257485
0.0260506
0.0263892
0.0267326
0.0270711
0.0274033
0.0277327
0.028078
0.0284316
0.0288088
0.0291985
0.0296087
0.0299923
0.030348
0.0307859
0.0312329
0.031653
0.0321264
0.0325779
0.0330432
0.0335857
0.0340715
0.0345022
0.0350187
0.0356306
0.036244
0.0367375
0.0371402
0.0377683
0.0385871
0.039112
0.0395059
0.0402434
0.0410274
0.0415565
0.042168
0.042936
0.0436339
0.0442945
0.0450112
0.045759
0.0465155
0.047273
0.0480584
0.0488411
0.0496335
0.0504975
0.0513268
0.0521714
0.0530532
0.0539453
0.0548305
0.0557785
0.0567192
0.0576646
0.0586353
0.0596488
0.0606749
0.0616889
0.0627622
0.0638302
0.0649483
0.0660525
0.0672102
0.0683634
0.0695569
0.0707821
0.0719978
0.0732729
0.0745447
0.0758628
0.0771967
0.0785376
0.0799563
0.0813392
0.0827999
0.0842663
0.08576
0.0872915
0.0887591
0.0901465
0.0911636
0.020525
0.0210246
0.0216121
0.0221879
0.0226994
0.0231185
0.0234474
0.0236822
0.0238546
0.0239856
0.0241044
0.0242415
0.0243829
0.0245488
0.0247456
0.0249805
0.0252308
0.0254844
0.0257674
0.0260742
0.0264083
0.0267515
0.0270894
0.0274298
0.0277627
0.0281092
0.0284622
0.0288322
0.0292222
0.0296215
0.0300227
0.0303925
0.0308016
0.0312541
0.0316801
0.0321429
0.0326118
0.0330663
0.0335877
0.0340968
0.0345409
0.0350438
0.0356294
0.0362301
0.0367841
0.0372084
0.0377356
0.0385474
0.0391845
0.0395497
0.0402053
0.0410366
0.0415989
0.0421711
0.0429323
0.0436512
0.0443135
0.0450191
0.0457651
0.0465249
0.0472815
0.0480699
0.048852
0.049638
0.0505034
0.0513377
0.0521791
0.053058
0.0539534
0.0548375
0.0557841
0.0567267
0.0576715
0.0586416
0.0596569
0.0606821
0.0616965
0.0627694
0.0638373
0.0649558
0.0660586
0.0672153
0.0683701
0.0695636
0.0707871
0.0720024
0.073279
0.0745508
0.0758669
0.0772028
0.0785446
0.0799627
0.0813466
0.0828085
0.0842767
0.0857717
0.0873044
0.088774
0.0901628
0.0911804
0.0205413
0.0210362
0.0216182
0.0221807
0.0226808
0.0230921
0.0234172
0.0236525
0.0238235
0.0239573
0.0240764
0.0242121
0.0243601
0.0245318
0.0247337
0.024971
0.0252314
0.0254964
0.0257822
0.0260927
0.026421
0.0267626
0.0271041
0.0274519
0.0277914
0.0281334
0.0284873
0.0288516
0.0292389
0.0296356
0.0300401
0.0304296
0.0308247
0.031268
0.0317061
0.0321563
0.0326336
0.0330931
0.0335899
0.034112
0.0345729
0.0350624
0.035636
0.0362152
0.0367952
0.0372795
0.0377378
0.0384791
0.0392236
0.0396205
0.0401698
0.0410191
0.0416427
0.0421799
0.0429195
0.0436633
0.0443326
0.0450267
0.0457693
0.0465312
0.0472882
0.0480813
0.0488637
0.0496427
0.0505085
0.051349
0.0521871
0.0530624
0.0539619
0.0548451
0.0557895
0.0567343
0.0576786
0.0586482
0.0596643
0.0606883
0.0617032
0.0627756
0.0638432
0.0649621
0.0660631
0.0672194
0.0683758
0.0695691
0.0707904
0.0720059
0.073284
0.0745553
0.0758696
0.0772074
0.0785505
0.0799675
0.0813528
0.082816
0.084286
0.0857825
0.0873164
0.0887878
0.0901778
0.0911962
0.0206272
0.0211122
0.0216828
0.02223
0.0227119
0.0231065
0.0234166
0.023644
0.023806
0.0239353
0.0240536
0.0241897
0.0243444
0.0245249
0.024731
0.0249706
0.0252398
0.0255167
0.0258046
0.0261158
0.0264466
0.0267868
0.0271283
0.0274747
0.0278198
0.0281615
0.0285155
0.0288812
0.0292601
0.0296567
0.0300599
0.0304612
0.0308596
0.0312882
0.0317354
0.0321801
0.0326528
0.0331266
0.0336059
0.0341259
0.0346099
0.0350866
0.0356503
0.0362208
0.0367897
0.0373373
0.0377896
0.0384234
0.039224
0.0397146
0.0401708
0.0409831
0.041685
0.0422096
0.0429057
0.0436714
0.0443561
0.0450383
0.0457765
0.0465382
0.047294
0.0480927
0.0488777
0.0496482
0.0505121
0.0513603
0.0521964
0.0530668
0.0539716
0.0548536
0.0557941
0.05674
0.0576862
0.0586559
0.0596715
0.0606949
0.0617112
0.0627834
0.0638505
0.0649697
0.0660685
0.0672252
0.0683834
0.0695756
0.0707949
0.0720113
0.0732912
0.0745613
0.0758739
0.0772138
0.078558
0.0799736
0.08136
0.0828248
0.0842959
0.0857936
0.0873285
0.0888018
0.0901932
0.0912118
0.0205112
0.0209857
0.0215483
0.0220899
0.0225668
0.0229577
0.0232632
0.0234929
0.0236606
0.0238003
0.023933
0.0240861
0.0242594
0.0244591
0.0246836
0.0249349
0.0252154
0.0255056
0.0258043
0.0261188
0.0264524
0.0267907
0.0271294
0.0274758
0.027826
0.0281744
0.0285263
0.0288945
0.029269
0.0296629
0.0300681
0.0304738
0.0308839
0.0313043
0.03175
0.0321981
0.0326598
0.0331441
0.0336213
0.0341262
0.0346338
0.0351095
0.035654
0.0362321
0.036777
0.0373538
0.0378547
0.0383934
0.0391736
0.0397833
0.0402061
0.0409334
0.0416989
0.0422525
0.0428945
0.0436665
0.0443783
0.045051
0.0457832
0.0465445
0.0472966
0.0481015
0.0488937
0.0496555
0.0505137
0.0513712
0.0522065
0.0530706
0.053981
0.0548629
0.0557984
0.0567449
0.0576956
0.0586645
0.059678
0.0607012
0.0617191
0.0627904
0.0638568
0.0649758
0.0660723
0.0672302
0.0683903
0.0695803
0.0707975
0.0720152
0.0732967
0.0745653
0.0758765
0.0772189
0.0785644
0.0799784
0.081366
0.0828328
0.0843048
0.0858038
0.0873396
0.0888144
0.0902069
0.0912261
0.020776
0.021227
0.0217417
0.0222249
0.0226442
0.022984
0.0232437
0.0234357
0.0235815
0.0237151
0.0238543
0.0240181
0.024207
0.0244213
0.024662
0.0249248
0.0252146
0.0255149
0.0258202
0.0261345
0.0264658
0.0268058
0.027141
0.0274864
0.0278382
0.0281933
0.028546
0.0289111
0.0292886
0.0296777
0.030083
0.0304912
0.030909
0.0313318
0.0317683
0.0322222
0.0326783
0.0331602
0.0336466
0.0341355
0.0346526
0.0351413
0.0356599
0.0362443
0.036782
0.0373518
0.0379157
0.0384157
0.0391169
0.0398165
0.0402755
0.0409033
0.0416852
0.0423
0.0429004
0.0436531
0.0443954
0.0450677
0.0457911
0.0465536
0.0472996
0.0481057
0.0489109
0.0496667
0.0505135
0.0513802
0.0522185
0.0530758
0.0539908
0.0548737
0.0558027
0.0567448
0.0577065
0.0586732
0.0596821
0.0607063
0.0617276
0.0627975
0.0638631
0.064982
0.0660764
0.0672361
0.0683983
0.0695855
0.0708011
0.0720209
0.0733041
0.0745703
0.0758799
0.0772249
0.0785712
0.0799835
0.0813721
0.082841
0.0843135
0.0858133
0.0873506
0.0888267
0.0902205
0.09124
0.0205234
0.020936
0.0214309
0.0219122
0.022342
0.0226987
0.0229798
0.0232093
0.0234031
0.0235832
0.0237628
0.0239582
0.0241729
0.0244037
0.0246558
0.0249278
0.0252208
0.0255253
0.0258298
0.0261418
0.0264686
0.0268098
0.0271457
0.0274866
0.0278396
0.0281989
0.0285589
0.0289209
0.029302
0.0296925
0.0300934
0.0305063
0.0309261
0.0313561
0.0317846
0.0322382
0.0326982
0.0331688
0.0336657
0.0341488
0.034663
0.0351717
0.035673
0.0362499
0.0367954
0.0373481
0.0379484
0.0384611
0.0390773
0.0398058
0.0403486
0.0409067
0.041654
0.0423366
0.0429272
0.0436406
0.044402
0.0450876
0.0457998
0.0465629
0.0473055
0.0481039
0.0489269
0.0496849
0.0505131
0.0513859
0.0522315
0.053082
0.0539999
0.0548854
0.0558166
0.0567824
0.0577234
0.0586861
0.0596873
0.0607128
0.0617388
0.0628062
0.0638699
0.0649885
0.066081
0.0672427
0.0684063
0.06959
0.0708038
0.0720258
0.0733103
0.0745747
0.0758834
0.0772309
0.0785785
0.0799888
0.0813784
0.0828493
0.0843219
0.0858225
0.0873606
0.0888378
0.0902324
0.0912524
0.0216572
0.0216996
0.0216959
0.0217229
0.0218083
0.0219862
0.0222463
0.0225551
0.0228698
0.0231749
0.0234682
0.0237598
0.0240498
0.0243337
0.0246154
0.0249034
0.0252023
0.0255123
0.0258207
0.0261312
0.0264549
0.0267938
0.0271358
0.0274724
0.0278235
0.0281854
0.0285528
0.0289192
0.0293
0.0296982
0.0300952
0.030513
0.0309332
0.031367
0.031798
0.0322439
0.0327144
0.0331749
0.0336726
0.0341626
0.0346641
0.0351888
0.0356851
0.0362433
0.0368031
0.0373481
0.0379577
0.0385033
0.0390658
0.0397691
0.0403919
0.0409355
0.0416177
0.0423438
0.0429623
0.0436334
0.0443948
0.0451058
0.0458098
0.046571
0.047316
0.0480981
0.0489353
0.0497087
0.0505144
0.0513862
0.0522451
0.0530906
0.0540082
0.0548964
0.0558178
0.0567748
0.0577331
0.0586948
0.0596876
0.0607143
0.0617473
0.0628126
0.0638735
0.0649918
0.066084
0.0672482
0.0684127
0.0695929
0.0708062
0.0720309
0.0733161
0.0745781
0.0758855
0.0772354
0.0785835
0.0799924
0.0813827
0.0828558
0.0843289
0.0858298
0.0873695
0.0888479
0.0902433
0.0912638
0.020484
0.020832
0.0212575
0.0216708
0.0220362
0.0223396
0.0225842
0.0228007
0.0230096
0.0232291
0.0234635
0.0237214
0.0240024
0.024296
0.0245924
0.024891
0.0251986
0.0255162
0.0258356
0.0261501
0.0264724
0.0268061
0.0271508
0.0274869
0.0278264
0.0281857
0.028554
0.0289312
0.0293113
0.0297122
0.0301138
0.0305296
0.0309512
0.0313793
0.0318196
0.0322581
0.0327303
0.033195
0.0336787
0.0341842
0.0346757
0.035202
0.035711
0.0362426
0.0368146
0.0373624
0.0379594
0.0385368
0.0390823
0.0397447
0.0404096
0.040984
0.0416119
0.0423337
0.0430028
0.0436467
0.0443797
0.0451222
0.0458228
0.0465773
0.0473339
0.0480929
0.0489355
0.0497385
0.0505222
0.0513823
0.0522581
0.0531028
0.0540163
0.0549065
0.0558243
0.0567794
0.0577485
0.0587104
0.0596932
0.0607207
0.0617607
0.0628244
0.0638814
0.0649982
0.06609
0.0672572
0.0684215
0.0695976
0.07081
0.0720373
0.0733231
0.0745831
0.0758905
0.0772423
0.0785912
0.0799985
0.081389
0.0828639
0.0843365
0.0858377
0.0873779
0.0888571
0.090253
0.0912744
0.0217025
0.0216463
0.0215239
0.0214503
0.0214562
0.0215588
0.0217582
0.0220438
0.0223845
0.0227528
0.023127
0.0234975
0.0238638
0.0242192
0.024559
0.02488
0.0251939
0.0255075
0.0258258
0.026142
0.02646
0.0267897
0.027132
0.0274731
0.027807
0.0281624
0.0285338
0.0289209
0.0293094
0.029707
0.0301181
0.0305337
0.0309557
0.03138
0.0318236
0.0322684
0.0327301
0.0332073
0.0336802
0.0341885
0.0346875
0.0351972
0.0357269
0.0362424
0.0368111
0.0373784
0.0379538
0.0385513
0.0391016
0.0397303
0.0404034
0.0410071
0.0416215
0.0423105
0.0430167
0.0436723
0.0443599
0.0451268
0.0458391
0.0465731
0.0473523
0.0480934
0.0489208
0.0497625
0.0505372
0.0513743
0.0522661
0.0531172
0.054023
0.0549158
0.0558271
0.0567746
0.0577542
0.0587198
0.0596913
0.0607179
0.0617663
0.0628293
0.0638833
0.0649991
0.0660904
0.0672607
0.0684261
0.0695987
0.0708104
0.0720401
0.0733268
0.0745848
0.075891
0.0772446
0.0785941
0.0800004
0.0813911
0.0828677
0.084341
0.0858421
0.0873838
0.0888637
0.0902601
0.0912812
0.0211378
0.0210641
0.0209473
0.0208932
0.0209402
0.0210978
0.021358
0.0217078
0.0221202
0.0225588
0.0229959
0.023415
0.0238138
0.0241922
0.0245488
0.0248806
0.0251969
0.0255083
0.0258233
0.0261397
0.0264552
0.0267828
0.0271228
0.0274647
0.0277998
0.0281519
0.0285255
0.0289152
0.0293097
0.0297064
0.030119
0.030538
0.0309577
0.0313832
0.031824
0.0322749
0.0327329
0.0332109
0.0336878
0.0341889
0.0346977
0.0351993
0.0357328
0.0362534
0.0368084
0.0373901
0.0379584
0.0385553
0.0391216
0.0397347
0.0404049
0.0410201
0.0416408
0.0423133
0.0430196
0.0437004
0.0443633
0.0451244
0.0458586
0.0465748
0.047363
0.0481131
0.0489136
0.0497733
0.0505673
0.0513758
0.0522704
0.0531372
0.0540352
0.054928
0.0558394
0.056783
0.0577644
0.058737
0.0597038
0.0607249
0.0617779
0.0628423
0.0638933
0.0650083
0.066098
0.0672689
0.0684355
0.0696061
0.0708159
0.0720462
0.0733341
0.0745916
0.0758972
0.0772513
0.0786017
0.0800073
0.0813972
0.0828744
0.0843473
0.0858485
0.0873899
0.0888711
0.090268
0.091291
)
;

boundaryField
{
    zeroGradientPlanes
    {
        type            zeroGradient;
    }
    inlet
    {
        type            zeroGradient;
    }
    plate
    {
        type            zeroGradient;
    }
    frontAndBack
    {
        type            empty;
    }
}


// ************************************************************************* //
