/*--------------------------------*- C++ -*----------------------------------*\
| =========                 |                                                 |
| \\      /  F ield         | OpenFOAM: The Open Source CFD Toolbox           |
|  \\    /   O peration     | Version:  v1912                                 |
|   \\  /    A nd           | Website:  www.openfoam.com                      |
|    \\/     M anipulation  |                                                 |
\*---------------------------------------------------------------------------*/
FoamFile
{
    version     2.0;
    format      ascii;
    class       volScalarField;
    location    "3.6";
    object      p;
}
// * * * * * * * * * * * * * * * * * * * * * * * * * * * * * * * * * * * * * //

dimensions      [0 2 -2 0 0 0 0];


internalField   nonuniform List<scalar> 
9600
(
-7.5138e-09
0.00187157
-0.00523807
0.0012078
0.00829632
0.00301552
0.00246842
0.00627811
0.00403038
0.00736453
0.0064334
0.00635807
0.00924843
0.00893747
0.00880878
0.0103027
0.010108
0.0106286
0.010708
0.0154181
-8.68891e-07
0.0018608
-0.00521588
0.00122417
0.00825273
0.00302826
0.00247782
0.00626811
0.00403618
0.00730458
0.00643459
0.00639133
0.00924189
0.00897312
0.0088308
0.0102933
0.0101208
0.0105966
0.0107782
0.0150878
-2.99773e-06
0.00184848
-0.0051925
0.00123853
0.00820734
0.00306403
0.00248273
0.00624452
0.00403845
0.00722765
0.0064533
0.00644993
0.00923609
0.00900824
0.00884635
0.0102827
0.0101455
0.0105431
0.0108242
0.0147165
-6.35174e-06
0.00183531
-0.00516269
0.00126597
0.00815731
0.00312396
0.00249359
0.0062084
0.00404104
0.00714647
0.00647677
0.00652298
0.0092113
0.00904324
0.00885968
0.0102716
0.0101773
0.0104792
0.0108477
0.0143566
-1.15135e-05
0.00182299
-0.00512045
0.00130332
0.00809308
0.0032093
0.00251484
0.00616171
0.00405102
0.00705915
0.00649945
0.00660339
0.00917915
0.00907756
0.00887502
0.0102569
0.0102121
0.0104161
0.0108535
0.0140151
-1.85333e-05
0.00181364
-0.00506256
0.0013344
0.00801382
0.00331358
0.00255013
0.00611111
0.00407133
0.00696537
0.00652278
0.00668877
0.00914816
0.00910874
0.0088921
0.0102388
0.0102509
0.0103589
0.0108491
0.0136977
-2.70239e-05
0.00180841
-0.00498783
0.00135296
0.00792253
0.00342702
0.00259956
0.00606258
0.00410208
0.00686794
0.00654795
0.00677872
0.00912165
0.00913436
0.00890977
0.0102182
0.0102923
0.0103097
0.0108384
0.0134061
-3.63521e-05
0.00180754
-0.00489446
0.00136193
0.00782293
0.00353957
0.00266114
0.00601922
0.00414236
0.006769
0.00657469
0.00687152
0.00909907
0.00915346
0.00892612
0.0101947
0.0103338
0.01027
0.0108215
0.0131387
-4.57185e-05
0.0018108
-0.00477955
0.00136756
0.0077174
0.00364357
0.00273183
0.00598161
0.00419023
0.00666943
0.00660191
0.0069638
0.00907826
0.00916565
0.00893878
0.0101683
0.0103739
0.0102393
0.0107543
0.0128925
-5.43924e-05
0.00181789
-0.00464058
0.0013758
0.00760727
0.00373461
0.00280817
0.00594899
0.00424388
0.00657008
0.00662841
0.00705193
0.00905665
0.00917018
0.00894631
0.0101403
0.0104107
0.0102153
0.0107187
0.012665
-6.1964e-05
0.00182879
-0.00447706
0.00139051
0.00749325
0.00381083
0.00288686
0.00592062
0.00430262
0.00647233
0.00665388
0.00713339
0.00903196
0.00916716
0.00894818
0.0101111
0.0104424
0.0101957
0.0106746
0.0124522
-6.83217e-05
0.00184365
-0.00429112
0.00141288
0.00737547
0.00387218
0.00296544
0.00589639
0.00436631
0.0063783
0.00667924
0.00720724
0.00900294
0.00915751
0.00894409
0.0100815
0.0104684
0.0101782
0.0106207
0.0122486
-7.34899e-05
0.00186234
-0.00408697
0.00144177
0.00725385
0.00391988
0.00304273
0.00587659
0.00443541
0.00629027
0.00670597
0.00727399
0.00896942
0.00914262
0.00893391
0.0100517
0.010489
0.0101608
0.0105565
0.0120499
-7.74267e-05
0.00188439
-0.00386945
0.00147544
0.00712859
0.00395597
0.00311883
0.00586167
0.00450943
0.00620965
0.00673518
0.00733497
0.00893189
0.00912424
0.00891794
0.0100216
0.0105044
0.0101416
0.010483
0.0118544
-8.00296e-05
0.00190902
-0.00364266
0.00151266
0.00700049
0.00398308
0.00319469
0.00585192
0.00459054
0.00613669
0.00676716
0.00739167
0.00889114
0.00910426
0.00889684
0.0099907
0.0105152
0.0101189
0.0104029
0.0116619
-8.11386e-05
0.00193526
-0.00340954
0.00155278
0.00687091
0.00400401
0.00327147
0.00584742
0.00467683
0.0060708
0.00680154
0.00744554
0.00884801
0.00908444
0.00887158
0.00995808
0.0105227
0.0100911
0.0103177
0.0114733
-8.0561e-05
0.00196222
-0.00317209
0.00159577
0.00674138
0.00402122
0.00335003
0.0058479
0.00476758
0.00601106
0.00683763
0.00749799
0.00880325
0.00906619
0.00884345
0.00992271
0.0105284
0.0100574
0.0102274
0.0112898
-7.80765e-05
0.0019892
-0.0029316
0.00164183
0.00661323
0.00403646
0.00343081
0.00585288
0.00486186
0.00595655
0.00687454
0.00755022
0.00875735
0.0090503
0.00881425
0.00988292
0.0105334
0.0100183
0.0101309
0.011114
-7.34378e-05
0.0020158
-0.00268887
0.00169102
0.00648735
0.00405076
0.00351383
0.00586195
0.00495861
0.0059066
0.00691127
0.0076032
0.00871034
0.00903674
0.00878617
0.00983686
0.0105378
0.0099757
0.0100266
0.0109476
-6.63789e-05
0.0020418
-0.0024443
0.00174333
0.00636422
0.00406436
0.00359858
0.00587488
0.0050568
0.00586074
0.00694675
0.00765774
0.00866216
0.00902459
0.00876129
0.00978324
0.0105405
0.00993223
0.00991251
0.0107911
-5.66076e-05
0.00206708
-0.00219798
0.00179865
0.006244
0.00407717
0.00368434
0.00589142
0.00515548
0.00581881
0.00698005
0.0077143
0.00861289
0.00901239
0.00874116
0.00972142
0.01054
0.00989038
0.0097876
0.0106439
-4.38084e-05
0.00209158
-0.00194999
0.00185691
0.00612686
0.00408898
0.00377027
0.00591141
0.00525389
0.00578077
0.00701045
0.00777319
0.00856271
0.00899829
0.00872676
0.00965103
0.0105343
0.00985341
0.00965255
0.0105036
-2.76544e-05
0.00211523
-0.00170043
0.00191805
0.00601295
0.00409952
0.00385555
0.00593471
0.00535161
0.00574677
0.00703717
0.00783466
0.00851208
0.00898029
0.0087188
0.00957272
0.0105209
0.00982463
0.00953613
0.0103657
-7.80838e-06
0.00213796
-0.00144947
0.00198196
0.00590236
0.00410868
0.00393934
0.0059612
0.00544829
0.00571698
0.00705942
0.00789873
0.0084619
0.00895659
0.00871764
0.00948834
0.0104965
0.00980568
0.0093877
0.0102235
1.60781e-05
0.0021597
-0.00119734
0.00204854
0.00579516
0.00411661
0.00402089
0.00599071
0.00554367
0.00569135
0.00707658
0.00796527
0.00841326
0.00892577
0.00872329
0.00940006
0.0104578
0.00979807
0.00923425
0.0100692
4.43628e-05
0.00218038
-0.000944281
0.00211765
0.00569138
0.00412371
0.00409971
0.00602293
0.00563776
0.00566985
0.00708806
0.0080342
0.00836741
0.00888647
0.00873529
0.00931054
0.0104019
0.00980201
0.00908632
0.00989501
7.74245e-05
0.00219993
-0.000690543
0.00218923
0.00559102
0.00413048
0.00417535
0.00605739
0.00573079
0.0056525
0.00709315
0.00810518
0.00832595
0.00883756
0.00875279
0.00922328
0.010327
0.00981503
0.00895298
0.00969605
0.000115659
0.0022183
-0.00043643
0.00226331
0.00549412
0.0041375
0.00424741
0.00609349
0.00582295
0.00563948
0.00709116
0.00817757
0.0082908
0.00877807
0.00877432
0.00914224
0.0102322
0.00983298
0.00884315
0.00947415
0.00015945
0.00223551
-0.000182309
0.00234
0.0054007
0.00414535
0.0043157
0.00613048
0.0059145
0.00563105
0.00708146
0.00825059
0.00826388
0.0087074
0.00879758
0.00907132
0.0101179
0.00984704
0.00876682
0.00923886
0.000209185
0.00225162
7.13633e-05
0.00241945
0.00531065
0.00415458
0.00438034
0.00616749
0.00600554
0.00562768
0.00706361
0.00832284
0.008247
0.00862586
0.00881937
0.00901402
0.00998615
0.00985111
0.00873066
0.00900621
0.000265249
0.00226673
0.000323975
0.0025018
0.00522384
0.00416577
0.00444161
0.00620363
0.00609597
0.0056301
0.00703747
0.00839249
0.00824219
0.00853411
0.00883537
0.00897427
0.00984243
0.00983621
0.00873261
0.00879299
0.000327984
0.00228099
0.000574691
0.00258737
0.00514038
0.00417945
0.00450003
0.00623808
0.00618562
0.0056389
0.00700297
0.0084577
0.00825151
0.00843338
0.00884033
0.00895554
0.00969283
0.00979299
0.00876108
0.00861775
0.000397735
0.00229457
0.000822506
0.00267641
0.00506039
0.00419599
0.00455634
0.00627013
0.00627413
0.00565486
0.00696061
0.00851593
0.0082764
0.00832629
0.00882883
0.00895897
0.00954262
0.00971706
0.00880225
0.00849408
0.000474845
0.00230772
0.00106632
0.00275694
0.00498403
0.00421561
0.00461135
0.00629943
0.00636098
0.00567871
0.00691143
0.00856416
0.00831736
0.00821659
0.00879617
0.00898381
0.00941166
0.00961139
0.00884149
0.00842226
0.000559577
0.00232083
0.00130505
0.00285485
0.00491177
0.0042384
0.00466572
0.00632578
0.00644579
0.00571095
0.00685647
0.0085997
0.00837409
0.00810903
0.00873876
0.00902363
0.00930575
0.00948265
0.00886601
0.00839425
0.00065214
0.00233433
0.00153762
0.00295754
0.00484405
0.00426431
0.0047202
0.00634907
0.00652788
0.00575213
0.00679726
0.00861973
0.00844516
0.00800976
0.00865375
0.00906987
0.00923423
0.00933931
0.00886583
0.00840024
0.000752735
0.00234882
0.00176287
0.00306515
0.00478158
0.00429302
0.00477553
0.00636966
0.00660648
0.00580236
0.0067358
0.00862157
0.00852758
0.0079265
0.00854064
0.00911109
0.00920566
0.00919471
0.00883196
0.00842831
0.000861474
0.00236504
0.00197978
0.00317762
0.00472513
0.00432433
0.00483204
0.00638779
0.0066814
0.00586123
0.00667408
0.00860432
0.00861707
0.00786588
0.00840278
0.00913294
0.00922158
0.00906525
0.00875897
0.00846311
0.000978387
0.00238376
0.00218757
0.00329493
0.00467546
0.00435782
0.00489032
0.00640374
0.00675191
0.0059288
0.00661356
0.00856707
0.00870978
0.00783251
0.0082461
0.00912308
0.00927388
0.00897037
0.00865048
0.00848397
0.00110346
0.00240586
0.00238546
0.00341673
0.00463353
0.00439334
0.00495025
0.00641814
0.0068179
0.00600467
0.00655664
0.00850821
0.00880065
0.00783128
0.00807843
0.00907202
0.00934948
0.00893125
0.00852614
0.00846768
0.00123667
0.0024322
0.00257273
0.00354292
0.0045999
0.00443063
0.00501267
0.00643135
0.00687876
0.00608789
0.00650586
0.00842952
0.00888264
0.0078632
0.00791051
0.00897381
0.00942905
0.00895454
0.00841478
0.00840748
0.00137776
0.00246383
0.0027487
0.00367309
0.00457568
0.00446887
0.00507783
0.00644473
0.00693377
0.00617738
0.00646303
0.00833353
0.008952
0.00792361
0.00775386
0.00883132
0.00948731
0.00902905
0.00834631
0.00832524
0.00152652
0.00250162
0.00291314
0.00380687
0.00456143
0.00450796
0.00514572
0.00645894
0.006983
0.00627188
0.0064303
0.00822214
0.00900549
0.00800991
0.00761852
0.00864936
0.00950336
0.00913161
0.00833248
0.00825087
0.00168263
0.00254639
0.00306568
0.00394423
0.0045575
0.00454684
0.00521737
0.00647538
0.00702539
0.00636953
0.00640987
0.00810015
0.00903737
0.00811821
0.00752137
0.00844517
0.00947433
0.00923866
0.00837192
0.00818716
0.00184541
0.00259925
0.00320633
0.00408414
0.00456586
0.00458478
0.00529149
0.00649635
0.00706101
0.00646849
0.00640545
0.00797308
0.00904372
0.00824229
0.0074754
0.00825601
0.00941579
0.00935261
0.00843566
0.00806555
0.00201451
0.00266075
0.00333559
0.0042261
0.00458675
0.00462132
0.00536795
0.00652337
0.00709052
0.0065676
0.006418
0.00784697
0.00902331
0.0083731
0.00748057
0.008085
0.00932812
0.0094728
0.00851242
0.00789324
0.00218921
0.00273187
0.00345401
0.00436875
0.00462216
0.00465549
0.00544426
0.00655934
0.0071162
0.00666824
0.00644604
0.00772907
0.00897714
0.0084957
0.00753079
0.00792598
0.00916738
0.00951515
0.0086152
0.00783228
0.00236867
0.0028132
0.00356276
0.00451074
0.00467291
0.00468789
0.00551794
0.00660582
0.00714066
0.00675223
0.00648901
0.00762318
0.00890605
0.00859903
0.00760821
0.00779374
0.00897903
0.00951007
0.00874267
0.00786237
0.00255216
0.00290537
0.00366304
0.00465031
0.00474031
0.00471946
0.0055855
0.006663
0.00716842
0.00682785
0.00654856
0.00753269
0.00881449
0.00867597
0.00770423
0.00770241
0.00877763
0.00944839
0.00886983
0.00796435
0.00273879
0.00300899
0.0037564
0.00478543
0.00482511
0.00475185
0.0056434
0.00672966
0.00720403
0.0068961
0.00660971
0.00745828
0.00870678
0.00872529
0.00781224
0.007649
0.00857175
0.00933966
0.00898732
0.00811235
0.00292782
0.00312436
0.00384459
0.00491423
0.00492683
0.00478865
0.00568862
0.00680117
0.00725248
0.00695853
0.0066705
0.00739899
0.00859322
0.00875068
0.00792286
0.00762569
0.00838245
0.00920097
0.0090782
0.00828938
0.00311844
0.00325183
0.0039295
0.00503446
0.00504486
0.00483339
0.00571909
0.00687246
0.00731593
0.00701809
0.00672746
0.00735506
0.00848426
0.00875605
0.00802974
0.00763105
0.0082233
0.00904334
0.00912568
0.0084852
0.00330991
0.0033913
0.00401347
0.00514425
0.00517691
0.00489084
0.00573549
0.00693543
0.00739393
0.00708244
0.0067788
0.00732046
0.00838323
0.00874936
0.0081339
0.00766276
0.00809602
0.00888047
0.00912543
0.00867852
0.0035015
0.00354254
0.00409899
0.00524189
0.00532023
0.00496569
0.00573926
0.00698244
0.00748447
0.00715916
0.00682534
0.00729011
0.00829147
0.00873558
0.0082345
0.0077176
0.00800091
0.00872701
0.00908335
0.00883618
0.00369255
0.00370485
0.00418873
0.00532682
0.00547052
0.00506168
0.00573502
0.007007
0.00758086
0.00725401
0.006874
0.00725906
0.00820418
0.00871523
0.00833197
0.007796
0.00793749
0.00858806
0.00901414
0.00893877
0.00388242
0.00387732
0.0042853
0.00539925
0.00562259
0.00518127
0.00572904
0.00700461
0.00767409
0.00736983
0.00693456
0.00722681
0.00811606
0.00868948
0.00842639
0.00789579
0.00790464
0.00846422
0.00893623
0.00899147
0.00407048
0.00405879
0.00439107
0.0054604
0.00577089
0.00532453
0.0057293
0.00697486
0.0077531
0.00750438
0.0070157
0.0072027
0.00802541
0.00865273
0.00851327
0.00801279
0.00790741
0.00835821
0.00885894
0.0090142
0.00425615
0.00424762
0.00450805
0.00551265
0.00590975
0.00548935
0.00574482
0.00692103
0.00780698
0.00765082
0.00712389
0.00719961
0.007936
0.00859918
0.00858654
0.00814233
0.00795113
0.00827497
0.00877802
0.00902487
0.00443922
0.00444147
0.00463767
0.00555964
0.00603353
0.0056713
0.00578545
0.00685225
0.00782602
0.00779748
0.0072617
0.00722188
0.00785231
0.00852958
0.00863963
0.00827569
0.00803404
0.00822634
0.00869018
0.00902486
0.00461976
0.00463772
0.00478012
0.00560635
0.00613888
0.00586207
0.00585945
0.00678244
0.00780534
0.00792949
0.00742607
0.00727687
0.00778337
0.00844846
0.00866859
0.00840084
0.00814414
0.00822802
0.00860864
0.00900271
0.00479786
0.00483389
0.00493473
0.00565798
0.00622606
0.00604917
0.00596821
0.00672832
0.00774826
0.00803128
0.00760672
0.00736827
0.00774021
0.00836135
0.00867296
0.00851104
0.00826562
0.00828026
0.00855811
0.00895631
0.00497368
0.00502772
0.00510012
0.00571816
0.0062968
0.00622341
0.00610728
0.00670392
0.00766944
0.00809243
0.00778843
0.00749295
0.00773373
0.0082786
0.00865278
0.00860503
0.00838539
0.0083612
0.00855859
0.00890878
0.00514748
0.00521737
0.0052737
0.0057898
0.00635564
0.00638057
0.00626455
0.00671542
0.00758945
0.00811168
0.00795434
0.00764169
0.0077673
0.00821745
0.00861341
0.00867829
0.00850363
0.00845105
0.00860353
0.00889
0.00531947
0.00540148
0.00545181
0.00587502
0.00640858
0.00651851
0.00642783
0.00676266
0.00752446
0.00809792
0.00809213
0.00782064
0.00783783
0.00819032
0.00856815
0.00872234
0.00862104
0.00854519
0.00866931
0.00891359
0.00548974
0.00557949
0.0056306
0.00597415
0.00646146
0.00663751
0.00658821
0.00683973
0.00748473
0.0080661
0.00819267
0.00798645
0.00793727
0.00819802
0.00853467
0.00873796
0.0087252
0.00864935
0.0087424
0.00896789
0.00565813
0.00575109
0.00580692
0.00608615
0.00651841
0.00673948
0.00673977
0.00693793
0.00747445
0.00803097
0.00825731
0.00813786
0.00805765
0.00823655
0.00852509
0.00874117
0.00880314
0.00876042
0.00882268
0.0090352
0.00582436
0.00591622
0.00597813
0.00620898
0.00658245
0.00682774
0.00687891
0.00704863
0.00749277
0.00800487
0.00829608
0.00826482
0.00818758
0.00830145
0.00854106
0.00874867
0.00885574
0.00886458
0.00891391
0.00910708
0.00598801
0.00607508
0.00614241
0.00633922
0.00665537
0.00690686
0.0070041
0.00716428
0.00753541
0.0079951
0.00832073
0.00836668
0.0083158
0.00838786
0.00858004
0.00877045
0.00889795
0.00895188
0.00901124
0.00918413
0.00614829
0.00622796
0.0062987
0.00647333
0.00673704
0.00698053
0.0071156
0.00727896
0.00759657
0.0080045
0.0083407
0.00844827
0.00843526
0.00848857
0.00864039
0.008808
0.00894221
0.00902642
0.00910667
0.00926847
0.00630444
0.00637492
0.00644592
0.00660793
0.00682735
0.00705158
0.00721344
0.00738832
0.00767069
0.00803276
0.0083623
0.0085152
0.00854442
0.00859753
0.00872081
0.0088617
0.00899483
0.00909757
0.00919803
0.00935809
0.00645535
0.00651657
0.0065841
0.00673851
0.00692334
0.00712373
0.0072999
0.00748787
0.00775228
0.00807864
0.00838952
0.00857384
0.00864399
0.00870779
0.00881708
0.00893409
0.00905936
0.00917132
0.00928637
0.0094507
0.00659974
0.00665227
0.00671356
0.00686311
0.00702163
0.00719691
0.00737809
0.00757639
0.00783239
0.00813732
0.00842718
0.00863217
0.00873896
0.00881701
0.00892449
0.0090265
0.00913934
0.00925234
0.00937468
0.00954493
0.00673642
0.00678186
0.00683386
0.00697884
0.00711941
0.00727024
0.00744874
0.00765688
0.00790993
0.0081968
0.00845918
0.0086836
0.00882999
0.00892647
0.00904084
0.00913834
0.00923504
0.00933932
0.00945804
0.00963097
0.00686365
0.00690425
0.00694742
0.00708561
0.00721168
0.00734031
0.00750733
0.00772375
0.00799484
0.00828898
0.00859491
0.00880495
0.00896838
0.00908315
0.00920574
0.00931274
0.00940432
0.00949065
0.00959209
0.00973758
0.00698031
0.00701677
0.00705207
0.00718324
0.00729887
0.00740956
0.00755682
0.00775473
0.00801217
0.00826906
0.00851653
0.0087664
0.0089797
0.00913133
0.00928795
0.00943717
0.00957357
0.00971313
0.00985893
0.0100374
0.00708823
0.0071204
0.00714378
0.00726351
0.00737286
0.00747489
0.00762797
0.00784767
0.00813981
0.00849888
0.00876154
0.0090099
0.00924066
0.00939471
0.00951533
0.00959277
0.0096267
0.00964043
0.00967282
0.00976283
0.00718469
0.00721834
0.00723183
0.00733178
0.00741707
0.00748973
0.00758939
0.00775585
0.00798587
0.00821056
0.00846666
0.00880667
0.00920699
0.00955491
0.00988386
0.0101965
0.0104918
0.0107828
0.0110651
0.011305
0.00726104
0.0072861
0.00730895
0.00742216
0.00751611
0.00759311
0.00771604
0.00792405
0.00823596
0.00857614
0.00890172
0.00918275
0.009453
0.00964242
0.00977362
0.00987733
0.0099244
0.00991976
0.00990471
0.00993673
0.00733593
0.00735686
0.00734405
0.00740415
0.00745136
0.00750416
0.00762631
0.0078744
0.00818832
0.00850554
0.00882898
0.0091056
0.00941284
0.00973426
0.0100442
0.0103868
0.0107391
0.0110588
0.0113176
0.0114961
0.00739625
0.00743131
0.00744524
0.00753873
0.00761433
0.00766935
0.00773331
0.00787709
0.00811932
0.00841094
0.00881521
0.00925684
0.00965875
0.0100132
0.0102877
0.0105085
0.0106978
0.0108517
0.0109734
0.0110407
0.0186815
0.0137585
0.00670957
0.00148031
0.000490107
0.00204574
0.00376453
0.00491326
0.00562571
0.00631911
0.0071767
0.00798753
0.00853062
0.00887209
0.00927204
0.00977156
0.0102367
0.0107605
0.0113702
0.0118882
0.012325
0.0127362
0.0131311
0.0136231
0.0142129
0.0147226
0.0151391
0.0156406
0.0161705
0.0166414
0.0171402
0.0176743
0.0181886
0.0187127
0.0193191
0.0199563
0.0205529
0.0211493
0.021767
0.0224353
0.0230269
0.0232725
0.0232777
0.0235539
0.0242649
0.0250814
0.0258095
0.0264963
0.0272234
0.0279808
0.0286472
0.0293261
0.0301906
0.0310004
0.0314527
0.0316644
0.0320077
0.0328285
0.0339629
0.0349965
0.0358776
0.036677
0.0373905
0.038204
0.0390366
0.0397982
0.0406247
0.0414481
0.0422717
0.0432182
0.0442306
0.0451523
0.0461605
0.0472113
0.0482531
0.0492768
0.0503368
0.0514062
0.0525172
0.0536763
0.0548176
0.05595
0.0570846
0.058328
0.0595656
0.0608914
0.0621731
0.0634198
0.064709
0.066051
0.0674724
0.0688426
0.0702303
0.071692
0.0731003
0.074558
0.0759815
0.0774078
0.0787296
0.0798822
0.0180677
0.0136206
0.00679829
0.00163484
0.000585202
0.00209384
0.00379424
0.00493205
0.00563798
0.00632798
0.00718441
0.00799513
0.00853789
0.00887835
0.00927724
0.00977611
0.0102405
0.0107636
0.0113731
0.011891
0.0123275
0.0127385
0.013133
0.0136247
0.0142146
0.0147243
0.0151405
0.0156418
0.0161718
0.0166426
0.0171413
0.0176755
0.0181898
0.0187137
0.0193201
0.0199573
0.020554
0.0211503
0.0217678
0.0224361
0.0230281
0.0232737
0.0232785
0.0235544
0.0242655
0.0250821
0.0258102
0.0264969
0.0272239
0.0279814
0.0286478
0.0293265
0.030191
0.031001
0.0314534
0.031665
0.0320079
0.0328287
0.0339631
0.0349969
0.035878
0.0366773
0.0373908
0.0382042
0.0390369
0.0397985
0.0406249
0.0414483
0.0422719
0.0432184
0.0442308
0.0451525
0.0461607
0.0472115
0.0482532
0.049277
0.050337
0.0514063
0.0525173
0.0536765
0.0548178
0.0559502
0.0570848
0.0583281
0.0595658
0.0608915
0.0621732
0.0634199
0.0647091
0.0660511
0.0674725
0.0688427
0.0702304
0.0716921
0.0731004
0.0745581
0.0759816
0.0774078
0.0787296
0.0798822
0.0174469
0.0134409
0.00696354
0.00191872
0.00074371
0.00214907
0.00382226
0.00495494
0.00565628
0.00634157
0.007194
0.00800208
0.00854373
0.00888391
0.0092827
0.00978122
0.0102446
0.0107668
0.0113761
0.0118936
0.0123297
0.0127406
0.0131348
0.0136262
0.0142161
0.0147258
0.0151417
0.0156429
0.0161729
0.0166436
0.0171422
0.0176764
0.0181907
0.0187146
0.0193209
0.0199582
0.0205548
0.0211511
0.0217685
0.0224369
0.0230292
0.0232749
0.023279
0.0235545
0.0242659
0.0250827
0.0258108
0.0264974
0.0272244
0.0279819
0.0286483
0.0293267
0.0301913
0.0310016
0.0314541
0.0316653
0.0320079
0.0328286
0.0339634
0.0349973
0.0358783
0.0366776
0.0373911
0.0382044
0.0390371
0.0397987
0.0406251
0.0414485
0.0422721
0.0432185
0.044231
0.0451526
0.0461608
0.0472116
0.0482534
0.0492771
0.0503371
0.0514065
0.0525175
0.0536766
0.0548179
0.0559503
0.0570849
0.0583282
0.0595659
0.0608916
0.0621734
0.06342
0.0647092
0.0660512
0.0674726
0.0688428
0.0702305
0.0716922
0.0731005
0.0745582
0.0759817
0.0774079
0.0787297
0.0798822
0.0168494
0.0132633
0.00718051
0.00227997
0.000962715
0.0022293
0.00386654
0.00499201
0.00568649
0.00636495
0.00720984
0.0080113
0.00855013
0.0088905
0.00928997
0.00978848
0.0102512
0.0107723
0.0113805
0.011897
0.0123326
0.0127434
0.0131373
0.0136284
0.0142182
0.0147277
0.0151432
0.0156443
0.0161743
0.0166446
0.017143
0.0176772
0.0181915
0.0187154
0.0193218
0.0199591
0.0205556
0.0211519
0.0217693
0.0224378
0.0230306
0.0232762
0.0232793
0.0235544
0.0242662
0.0250834
0.0258115
0.026498
0.0272249
0.0279826
0.0286488
0.029327
0.0301918
0.0310025
0.0314549
0.0316657
0.0320077
0.0328285
0.0339638
0.0349978
0.0358786
0.0366779
0.0373913
0.0382046
0.0390374
0.0397989
0.0406253
0.0414488
0.0422722
0.0432187
0.0442312
0.0451528
0.0461609
0.0472118
0.0482536
0.0492772
0.0503372
0.0514066
0.0525176
0.0536767
0.0548181
0.0559504
0.057085
0.0583283
0.059566
0.0608917
0.0621735
0.0634201
0.0647093
0.0660513
0.0674727
0.0688429
0.0702305
0.0716923
0.0731006
0.0745583
0.0759818
0.077408
0.0787299
0.0798824
0.016273
0.0130857
0.0074096
0.00266353
0.00120758
0.00232286
0.00391856
0.00503826
0.0057274
0.0063988
0.00723318
0.008024
0.00855822
0.00889944
0.00930021
0.00979857
0.0102605
0.0107804
0.0113867
0.0119016
0.0123366
0.0127476
0.0131414
0.0136318
0.0142209
0.0147301
0.0151455
0.0156466
0.0161764
0.016646
0.0171439
0.0176778
0.0181922
0.0187162
0.0193226
0.0199597
0.0205563
0.0211529
0.0217703
0.0224388
0.0230321
0.0232776
0.0232797
0.0235543
0.0242666
0.0250841
0.0258122
0.0264986
0.0272255
0.0279833
0.0286494
0.0293273
0.0301923
0.0310035
0.0314558
0.031666
0.0320074
0.0328283
0.0339643
0.0349984
0.0358791
0.0366783
0.0373916
0.0382048
0.0390377
0.0397991
0.0406256
0.041449
0.0422723
0.0432188
0.0442315
0.0451529
0.0461611
0.047212
0.0482537
0.0492774
0.0503374
0.0514067
0.0525177
0.0536769
0.0548182
0.0559506
0.0570851
0.0583284
0.0595661
0.0608918
0.0621737
0.0634202
0.0647094
0.0660514
0.0674728
0.068843
0.0702306
0.0716924
0.0731007
0.0745584
0.0759819
0.0774082
0.0787303
0.0798826
0.0157182
0.0128962
0.00763016
0.00305229
0.00146857
0.00242458
0.00397231
0.00508748
0.00577374
0.006439
0.00726163
0.00803947
0.00856833
0.00891144
0.00931397
0.00981167
0.0102726
0.0107908
0.0113943
0.0119072
0.0123419
0.0127535
0.0131477
0.0136369
0.0142243
0.014733
0.0151487
0.0156499
0.0161795
0.0166485
0.0171453
0.0176785
0.0181927
0.0187169
0.0193232
0.0199599
0.0205566
0.0211538
0.0217715
0.02244
0.0230337
0.0232793
0.0232803
0.0235544
0.0242671
0.0250849
0.0258129
0.0264993
0.0272261
0.027984
0.0286501
0.0293278
0.030193
0.0310046
0.0314569
0.0316664
0.032007
0.0328281
0.0339649
0.0349992
0.0358796
0.0366788
0.0373919
0.0382051
0.0390381
0.0397994
0.0406258
0.0414492
0.0422724
0.043219
0.0442318
0.0451531
0.0461612
0.0472122
0.0482539
0.0492776
0.0503375
0.0514069
0.0525178
0.0536771
0.0548184
0.0559507
0.0570852
0.0583285
0.0595662
0.0608919
0.0621739
0.0634203
0.0647094
0.0660514
0.0674729
0.0688432
0.0702307
0.0716925
0.0731008
0.0745585
0.0759821
0.0774084
0.0787307
0.0798828
0.0151867
0.0126916
0.00783759
0.00344474
0.00174641
0.00253533
0.00402711
0.00513789
0.00582329
0.00648299
0.00729307
0.00805664
0.00857989
0.00892586
0.00933083
0.00982755
0.0102868
0.0108024
0.0114024
0.0119132
0.0123481
0.0127611
0.0131562
0.0136438
0.0142284
0.0147363
0.0151525
0.0156539
0.0161837
0.0166523
0.0171478
0.0176797
0.0181936
0.018718
0.0193237
0.0199595
0.0205562
0.0211542
0.0217724
0.0224411
0.0230353
0.0232811
0.0232814
0.0235551
0.0242679
0.0250857
0.0258138
0.0265001
0.0272267
0.0279846
0.0286507
0.0293284
0.0301939
0.0310058
0.0314581
0.031667
0.0320067
0.0328279
0.0339656
0.035
0.0358802
0.0366793
0.0373924
0.0382055
0.0390385
0.0397998
0.0406262
0.0414495
0.0422726
0.0432192
0.0442321
0.0451532
0.0461614
0.0472125
0.0482541
0.0492777
0.0503377
0.051407
0.052518
0.0536772
0.0548186
0.0559509
0.0570853
0.0583287
0.0595663
0.0608921
0.062174
0.0634204
0.0647095
0.0660516
0.067473
0.0688433
0.0702308
0.0716926
0.0731009
0.0745586
0.0759823
0.0774087
0.0787314
0.0798832
0.0146816
0.0124753
0.0080309
0.00383954
0.00204158
0.0026568
0.00408358
0.00518914
0.00587537
0.00652999
0.00732689
0.0080751
0.0085922
0.00894155
0.00934975
0.00984559
0.0103027
0.0108148
0.0114106
0.0119191
0.0123546
0.0127698
0.0131665
0.0136525
0.0142335
0.0147399
0.0151565
0.0156582
0.0161884
0.0166571
0.0171514
0.0176819
0.0181953
0.0187197
0.0193244
0.0199585
0.0205549
0.0211539
0.0217726
0.0224415
0.0230362
0.0232829
0.0232832
0.0235568
0.0242694
0.0250869
0.025815
0.0265013
0.0272273
0.027985
0.0286512
0.029329
0.0301948
0.0310071
0.0314596
0.0316678
0.0320064
0.0328278
0.0339664
0.035001
0.0358808
0.03668
0.037393
0.038206
0.039039
0.0398003
0.0406267
0.0414499
0.0422728
0.0432195
0.0442324
0.0451534
0.0461616
0.0472128
0.0482544
0.0492779
0.0503379
0.0514072
0.0525181
0.0536774
0.0548187
0.055951
0.0570854
0.0583288
0.0595665
0.0608922
0.0621743
0.0634206
0.0647097
0.0660517
0.0674732
0.0688435
0.0702309
0.0716928
0.0731011
0.0745588
0.0759826
0.0774092
0.0787323
0.0798838
0.0142081
0.0122523
0.00820667
0.00423181
0.00235286
0.00279086
0.00414277
0.00524076
0.00592923
0.00657962
0.00736301
0.00809484
0.00860491
0.00895771
0.00936975
0.00986503
0.0103197
0.0108277
0.0114188
0.0119251
0.0123613
0.0127791
0.013178
0.0136626
0.0142396
0.0147439
0.0151605
0.0156621
0.016193
0.0166625
0.017156
0.0176851
0.0181981
0.0187225
0.0193258
0.0199574
0.020553
0.0211529
0.0217721
0.0224406
0.023036
0.0232841
0.0232853
0.0235593
0.0242716
0.0250886
0.0258169
0.0265032
0.0272284
0.0279853
0.0286513
0.0293293
0.0301954
0.0310082
0.0314612
0.031669
0.0320065
0.0328279
0.0339673
0.0350019
0.0358813
0.0366806
0.0373938
0.0382066
0.0390396
0.0398009
0.0406273
0.0414503
0.0422731
0.0432199
0.0442329
0.0451537
0.0461619
0.0472131
0.0482546
0.0492781
0.0503381
0.0514074
0.0525183
0.0536776
0.0548189
0.0559512
0.0570856
0.058329
0.0595666
0.0608924
0.0621745
0.0634208
0.0647098
0.0660518
0.0674734
0.0688437
0.070231
0.0716929
0.0731013
0.0745589
0.0759829
0.0774098
0.0787334
0.0798845
0.0137697
0.0120247
0.00836021
0.00461654
0.00267841
0.00293879
0.00420487
0.00529161
0.0059839
0.00663165
0.00740164
0.00811612
0.00861812
0.008974
0.00939023
0.00988536
0.0103375
0.0108414
0.0114275
0.0119314
0.0123684
0.0127889
0.0131901
0.0136737
0.0142464
0.0147482
0.0151645
0.0156657
0.0161973
0.0166679
0.0171609
0.0176891
0.0182019
0.0187263
0.019328
0.0199565
0.0205509
0.0211514
0.0217707
0.0224384
0.0230339
0.0232839
0.0232871
0.0235625
0.0242746
0.0250909
0.0258194
0.026506
0.0272303
0.027986
0.0286513
0.0293289
0.0301951
0.0310085
0.0314627
0.0316706
0.0320071
0.0328285
0.0339686
0.0350029
0.0358817
0.0366811
0.0373946
0.0382073
0.0390403
0.0398018
0.0406281
0.0414508
0.0422736
0.0432205
0.0442334
0.0451541
0.0461624
0.0472136
0.0482549
0.0492784
0.0503384
0.0514077
0.0525185
0.0536778
0.0548191
0.0559513
0.0570858
0.0583292
0.0595668
0.0608925
0.0621747
0.0634209
0.0647099
0.066052
0.0674736
0.0688439
0.0702312
0.0716931
0.0731015
0.0745591
0.0759833
0.0774106
0.0787347
0.0798853
0.0133649
0.0117933
0.00849049
0.00499017
0.00301407
0.00309976
0.00426965
0.00534103
0.00603883
0.006686
0.00744303
0.00813936
0.00863211
0.0089904
0.00941093
0.00990641
0.0103564
0.0108559
0.0114367
0.0119381
0.0123758
0.012799
0.0132028
0.0136854
0.0142539
0.0147529
0.0151685
0.0156692
0.0162013
0.0166732
0.0171659
0.0176934
0.0182063
0.018731
0.0193309
0.0199559
0.0205485
0.0211496
0.0217687
0.0224349
0.02303
0.023282
0.0232878
0.0235657
0.0242781
0.0250936
0.0258224
0.0265096
0.0272331
0.0279876
0.0286515
0.0293279
0.0301936
0.0310075
0.0314633
0.0316721
0.0320081
0.0328297
0.0339706
0.0350043
0.0358819
0.0366813
0.0373954
0.0382079
0.0390408
0.0398029
0.0406291
0.0414515
0.0422743
0.0432212
0.0442341
0.0451546
0.046163
0.0472142
0.0482553
0.0492787
0.0503387
0.051408
0.0525188
0.0536781
0.0548193
0.0559515
0.057086
0.0583294
0.0595669
0.0608927
0.062175
0.0634211
0.06471
0.0660522
0.0674738
0.0688441
0.0702313
0.0716933
0.0731018
0.0745593
0.0759838
0.0774116
0.0787364
0.0798864
0.0129914
0.0115633
0.00859959
0.00534773
0.00335367
0.00327292
0.00433849
0.00538946
0.00609342
0.00674212
0.00748718
0.00816498
0.00864736
0.00900717
0.00943189
0.0099282
0.0103763
0.0108714
0.0114465
0.0119452
0.0123837
0.0128095
0.0132159
0.0136976
0.0142618
0.0147579
0.0151726
0.0156725
0.0162053
0.0166784
0.0171709
0.0176978
0.0182111
0.0187363
0.0193345
0.0199558
0.0205462
0.0211474
0.0217662
0.0224303
0.0230244
0.0232783
0.023287
0.0235682
0.0242817
0.0250966
0.0258256
0.0265134
0.0272366
0.02799
0.0286522
0.0293264
0.0301906
0.0310048
0.0314625
0.0316727
0.0320088
0.0328316
0.0339735
0.0350063
0.0358822
0.0366813
0.037396
0.0382082
0.0390412
0.0398039
0.0406302
0.0414523
0.0422751
0.0432221
0.0442348
0.0451552
0.0461639
0.047215
0.0482559
0.0492792
0.0503391
0.0514084
0.0525192
0.0536784
0.0548195
0.0559517
0.0570862
0.0583295
0.059567
0.0608928
0.0621752
0.0634213
0.0647102
0.0660524
0.067474
0.0688444
0.0702315
0.0716936
0.0731022
0.0745596
0.0759844
0.0774129
0.0787385
0.0798877
0.0126496
0.0113409
0.00868748
0.00568323
0.00369316
0.0034596
0.00441356
0.00543696
0.00614647
0.00679913
0.00753407
0.00819346
0.00866437
0.00902464
0.00945327
0.00995078
0.0103975
0.0108881
0.0114572
0.0119528
0.0123919
0.0128204
0.0132294
0.0137102
0.0142701
0.0147631
0.0151768
0.0156759
0.0162093
0.0166837
0.017176
0.0177025
0.0182164
0.0187422
0.0193388
0.0199561
0.0205438
0.021145
0.021763
0.0224244
0.0230169
0.0232727
0.0232845
0.0235695
0.0242851
0.0250997
0.0258288
0.0265172
0.0272402
0.0279929
0.0286532
0.0293244
0.0301861
0.0310001
0.0314599
0.0316718
0.0320087
0.0328334
0.0339773
0.0350093
0.0358829
0.0366811
0.0373963
0.0382082
0.0390411
0.0398049
0.0406312
0.0414531
0.0422762
0.0432232
0.0442355
0.0451559
0.0461649
0.0472161
0.0482567
0.0492799
0.0503396
0.0514088
0.0525195
0.0536788
0.0548199
0.0559521
0.0570866
0.0583297
0.0595671
0.0608929
0.0621755
0.0634216
0.0647104
0.0660526
0.0674742
0.0688446
0.0702318
0.0716938
0.0731026
0.0745599
0.0759851
0.0774144
0.0787408
0.0798892
0.0123379
0.011128
0.0087536
0.00599447
0.00403167
0.00366123
0.00449604
0.00548315
0.00619709
0.00685665
0.00758393
0.00822521
0.00868342
0.00904301
0.00947522
0.00997419
0.0104197
0.0109061
0.0114689
0.0119611
0.0124007
0.0128317
0.0132434
0.0137233
0.0142786
0.0147683
0.0151813
0.0156796
0.0162136
0.0166892
0.0171812
0.0177073
0.018222
0.0187486
0.0193436
0.0199569
0.0205417
0.0211424
0.0217592
0.0224173
0.0230075
0.0232651
0.0232805
0.0235697
0.0242881
0.0251028
0.0258319
0.0265205
0.0272431
0.0279955
0.0286542
0.0293216
0.0301799
0.0309932
0.0314555
0.0316692
0.032007
0.0328344
0.0339813
0.035013
0.035884
0.0366809
0.0373964
0.0382078
0.0390407
0.0398056
0.0406321
0.0414538
0.0422774
0.0432244
0.0442363
0.0451566
0.0461662
0.0472173
0.0482577
0.0492808
0.0503404
0.0514094
0.0525199
0.0536791
0.0548203
0.0559527
0.0570871
0.05833
0.0595671
0.0608928
0.0621758
0.063422
0.0647106
0.0660528
0.0674744
0.0688449
0.070232
0.0716941
0.0731031
0.0745602
0.075986
0.0774161
0.0787435
0.079891
0.0120507
0.0109245
0.00880108
0.00628241
0.00436765
0.00387764
0.0045873
0.00552885
0.00624527
0.00691451
0.0076368
0.00826035
0.00870461
0.00906238
0.00949786
0.00999848
0.0104432
0.0109253
0.0114816
0.01197
0.01241
0.0128436
0.0132578
0.0137367
0.0142873
0.0147738
0.015186
0.0156836
0.0162182
0.0166949
0.0171865
0.0177123
0.018228
0.0187555
0.0193488
0.0199581
0.0205399
0.0211398
0.0217551
0.0224089
0.0229959
0.0232553
0.0232751
0.0235687
0.0242906
0.0251058
0.0258349
0.0265235
0.0272452
0.0279972
0.0286546
0.029318
0.0301718
0.0309838
0.031449
0.0316651
0.0320038
0.0328341
0.0339848
0.035017
0.0358854
0.0366806
0.0373963
0.0382071
0.03904
0.039806
0.0406327
0.0414543
0.0422786
0.0432259
0.044237
0.0451572
0.0461674
0.0472187
0.0482588
0.0492818
0.0503414
0.0514102
0.0525203
0.0536793
0.0548207
0.0559534
0.0570879
0.0583303
0.0595671
0.0608927
0.0621759
0.0634223
0.0647109
0.0660531
0.0674746
0.0688451
0.0702322
0.0716943
0.0731036
0.0745607
0.075987
0.0774182
0.0787466
0.079893
0.0117831
0.0107317
0.00883455
0.00654703
0.00469785
0.0041085
0.00469019
0.00557607
0.0062912
0.00697211
0.00769232
0.00829886
0.00872803
0.0090829
0.00952141
0.0100238
0.0104678
0.0109456
0.0114953
0.0119796
0.0124199
0.012856
0.0132728
0.0137505
0.0142963
0.0147795
0.0151914
0.0156884
0.0162232
0.016701
0.0171922
0.0177175
0.0182344
0.0187627
0.0193544
0.0199596
0.0205383
0.0211374
0.0217506
0.0223994
0.0229821
0.0232432
0.0232688
0.0235671
0.0242926
0.0251086
0.0258378
0.026526
0.0272463
0.0279976
0.0286544
0.0293135
0.030162
0.0309719
0.0314405
0.0316598
0.0319997
0.0328323
0.0339872
0.0350206
0.0358868
0.0366802
0.037396
0.0382062
0.0390392
0.0398065
0.0406333
0.0414546
0.0422797
0.0432274
0.0442377
0.0451577
0.0461686
0.0472202
0.04826
0.049283
0.0503427
0.0514112
0.0525207
0.0536793
0.054821
0.0559541
0.0570889
0.0583309
0.0595671
0.0608923
0.0621758
0.0634226
0.0647114
0.0660535
0.0674747
0.0688452
0.0702324
0.0716944
0.0731042
0.0745612
0.0759881
0.0774205
0.0787498
0.0798953
0.0115326
0.01055
0.00885717
0.00678774
0.00501938
0.00435377
0.00480775
0.00562697
0.00633493
0.00702859
0.00775
0.00834075
0.00875402
0.00910497
0.00954615
0.0100502
0.0104935
0.0109671
0.01151
0.01199
0.0124303
0.0128689
0.0132883
0.0137647
0.0143054
0.0147857
0.0151977
0.0156941
0.016229
0.0167075
0.0171981
0.017723
0.0182411
0.0187703
0.0193602
0.0199613
0.020537
0.0211349
0.0217461
0.0223889
0.0229663
0.023229
0.0232603
0.0235657
0.0242943
0.0251112
0.0258405
0.0265283
0.0272466
0.0279968
0.0286535
0.0293071
0.0301513
0.0309578
0.0314301
0.0316541
0.031996
0.0328298
0.0339882
0.0350232
0.0358878
0.0366797
0.0373955
0.0382054
0.0390385
0.039807
0.040634
0.041455
0.0422808
0.0432289
0.0442384
0.0451579
0.0461697
0.0472216
0.0482612
0.0492842
0.050344
0.0514125
0.0525213
0.0536792
0.0548211
0.0559549
0.0570902
0.0583316
0.0595672
0.0608918
0.0621756
0.0634228
0.0647118
0.0660541
0.0674748
0.0688452
0.0702325
0.0716945
0.0731047
0.0745617
0.0759894
0.0774231
0.0787533
0.0798976
0.0112986
0.0103786
0.00887135
0.00700569
0.00533001
0.00461188
0.00494209
0.0056837
0.00637675
0.00708316
0.00780926
0.00838609
0.008783
0.00912905
0.00957239
0.0100779
0.0105204
0.0109897
0.0115256
0.0120012
0.0124414
0.0128824
0.0133044
0.0137794
0.0143148
0.0147923
0.015205
0.0157009
0.0162354
0.0167145
0.0172044
0.0177286
0.0182479
0.0187782
0.0193662
0.0199632
0.0205359
0.0211325
0.0217415
0.0223778
0.022949
0.0232136
0.0232549
0.0235659
0.0242963
0.0251134
0.025843
0.0265305
0.0272464
0.0279949
0.0286522
0.0293034
0.0301403
0.0309423
0.0314183
0.031649
0.031994
0.0328276
0.033988
0.0350245
0.035888
0.0366788
0.037395
0.0382046
0.0390379
0.0398077
0.0406349
0.0414556
0.0422821
0.0432304
0.0442391
0.045158
0.0461706
0.0472229
0.0482624
0.0492854
0.0503454
0.0514138
0.0525219
0.053679
0.0548209
0.0559555
0.0570915
0.0583326
0.0595674
0.0608912
0.062175
0.0634227
0.0647123
0.0660548
0.067475
0.0688452
0.0702326
0.0716946
0.0731053
0.0745622
0.0759909
0.077426
0.078757
0.0799001
0.0110814
0.0102156
0.00887923
0.00720365
0.00562743
0.00487908
0.00509444
0.00574864
0.00641746
0.00713525
0.00786942
0.00843483
0.00881542
0.00915563
0.0096004
0.010107
0.0105485
0.0110133
0.0115423
0.0120133
0.0124531
0.0128966
0.0133211
0.0137945
0.0143245
0.0147995
0.0152132
0.0157087
0.0162426
0.0167219
0.017211
0.0177343
0.0182549
0.0187863
0.0193725
0.0199652
0.0205348
0.0211302
0.0217371
0.0223665
0.0229308
0.0231982
0.0232522
0.0235689
0.0242992
0.0251154
0.0258452
0.0265329
0.0272462
0.0279924
0.0286507
0.029301
0.0301298
0.030926
0.0314061
0.0316456
0.0319953
0.0328274
0.0339871
0.0350244
0.0358873
0.0366778
0.0373944
0.0382039
0.0390373
0.0398085
0.0406361
0.0414567
0.0422837
0.043232
0.0442398
0.0451581
0.0461713
0.0472241
0.0482636
0.0492866
0.0503467
0.0514151
0.0525227
0.0536787
0.0548205
0.055956
0.0570929
0.0583338
0.0595677
0.0608905
0.0621742
0.0634224
0.0647126
0.0660557
0.0674753
0.0688452
0.0702326
0.0716946
0.0731058
0.0745626
0.0759925
0.0774292
0.0787609
0.0799028
0.0108825
0.0100595
0.00888203
0.00738492
0.00590947
0.00515055
0.00526526
0.00582432
0.00645829
0.0071844
0.00792955
0.00848673
0.0088516
0.00918506
0.00963029
0.0101374
0.0105778
0.0110381
0.0115601
0.0120264
0.0124657
0.0129114
0.0133386
0.0138103
0.0143347
0.0148073
0.0152223
0.0157175
0.0162505
0.0167299
0.017218
0.0177402
0.0182618
0.0187947
0.019379
0.0199675
0.0205338
0.021128
0.0217329
0.0223554
0.0229126
0.023184
0.0232534
0.0235764
0.024304
0.0251174
0.025847
0.0265354
0.0272461
0.0279896
0.0286496
0.0292999
0.0301204
0.0309099
0.0313943
0.0316449
0.0320016
0.0328307
0.0339865
0.0350232
0.0358857
0.0366765
0.037394
0.0382034
0.0390366
0.0398092
0.0406373
0.0414582
0.0422859
0.0432338
0.0442406
0.0451583
0.0461721
0.0472251
0.0482645
0.0492877
0.050348
0.0514164
0.0525235
0.0536784
0.05482
0.0559564
0.0570943
0.058335
0.0595681
0.0608899
0.0621731
0.0634218
0.0647127
0.0660566
0.0674757
0.068845
0.0702326
0.0716946
0.0731063
0.074563
0.0759942
0.0774326
0.078765
0.0799056
0.0107049
0.00990974
0.0088797
0.00755275
0.00617455
0.00542128
0.00545406
0.00591328
0.00650086
0.00723039
0.00798865
0.00854125
0.00889161
0.00921755
0.00966219
0.0101692
0.0106083
0.0110641
0.011579
0.0120405
0.012479
0.012927
0.0133568
0.0138267
0.0143453
0.0148156
0.0152323
0.0157272
0.016259
0.0167385
0.0172254
0.0177462
0.0182688
0.0188032
0.0193857
0.01997
0.0205328
0.0211258
0.0217288
0.0223447
0.0228947
0.0231719
0.0232594
0.0235895
0.0243114
0.0251198
0.0258487
0.026538
0.0272465
0.027987
0.0286489
0.0293001
0.030112
0.0308942
0.0313833
0.0316478
0.0320138
0.0328389
0.0339869
0.0350211
0.035883
0.036675
0.0373938
0.0382029
0.0390358
0.0398097
0.0406386
0.0414602
0.0422889
0.0432359
0.0442414
0.0451589
0.0461729
0.0472259
0.0482652
0.0492887
0.0503493
0.0514177
0.0525243
0.0536781
0.0548194
0.0559568
0.0570955
0.0583364
0.0595686
0.0608892
0.0621719
0.0634209
0.0647127
0.0660574
0.067476
0.0688448
0.0702326
0.0716946
0.0731069
0.0745634
0.0759958
0.0774362
0.0787693
0.0799085
0.0105517
0.00976621
0.00887056
0.00771041
0.00642257
0.00568643
0.00565905
0.00601789
0.0065472
0.00727345
0.00804584
0.00859763
0.00893527
0.00925321
0.00969632
0.0102025
0.0106401
0.0110913
0.011599
0.0120556
0.0124932
0.0129433
0.0133758
0.0138437
0.0143563
0.0148245
0.0152432
0.0157379
0.0162682
0.0167477
0.0172332
0.0177524
0.0182759
0.0188118
0.0193927
0.0199727
0.0205318
0.0211241
0.0217253
0.0223345
0.0228776
0.0231623
0.0232704
0.0236085
0.0243222
0.025123
0.0258503
0.0265409
0.0272475
0.0279847
0.0286487
0.0293014
0.0301048
0.0308791
0.0313733
0.0316543
0.0320327
0.0328523
0.0339886
0.0350183
0.0358794
0.036673
0.0373936
0.0382024
0.0390348
0.0398101
0.0406398
0.0414627
0.0422925
0.0432383
0.0442423
0.0451599
0.046174
0.0472266
0.0482658
0.0492897
0.0503506
0.051419
0.0525252
0.0536779
0.0548188
0.0559574
0.0570968
0.0583378
0.0595692
0.0608885
0.0621706
0.0634197
0.0647127
0.0660581
0.0674763
0.0688445
0.0702326
0.0716946
0.0731075
0.0745639
0.0759976
0.0774397
0.0787737
0.0799116
0.0104262
0.00963041
0.00885137
0.00786042
0.00665561
0.00594177
0.00587701
0.00614031
0.00659967
0.00731421
0.00810039
0.00865495
0.00898225
0.00929219
0.00973291
0.0102376
0.0106733
0.0111196
0.0116202
0.0120718
0.0125083
0.0129605
0.0133956
0.0138614
0.0143679
0.014834
0.015255
0.0157495
0.0162783
0.0167578
0.0172415
0.0177587
0.0182831
0.0188206
0.0193999
0.0199757
0.0205309
0.0211219
0.0217226
0.0223251
0.0228613
0.023155
0.0232861
0.0236331
0.0243366
0.0251274
0.0258522
0.0265439
0.027249
0.0279828
0.0286486
0.0293034
0.0300983
0.0308646
0.0313644
0.0316642
0.0320569
0.0328708
0.033992
0.0350148
0.035875
0.0366705
0.0373934
0.038202
0.0390338
0.0398105
0.0406411
0.0414655
0.0422969
0.0432411
0.0442434
0.0451616
0.0461754
0.0472273
0.0482662
0.0492906
0.0503519
0.0514204
0.0525262
0.0536779
0.0548182
0.055958
0.057098
0.0583394
0.0595699
0.0608879
0.0621693
0.0634185
0.0647128
0.0660585
0.0674766
0.0688442
0.0702326
0.0716945
0.0731081
0.0745644
0.0759995
0.0774433
0.0787784
0.0799149
0.0103299
0.00950728
0.00881858
0.00800321
0.00687756
0.00618404
0.00610334
0.0062823
0.00666094
0.00735343
0.00815171
0.00871238
0.00903216
0.00933459
0.00977215
0.0102744
0.0107078
0.0111491
0.0116425
0.0120892
0.0125242
0.0129785
0.0134164
0.0138798
0.0143801
0.014844
0.0152676
0.0157621
0.0162891
0.0167685
0.0172504
0.0177652
0.0182904
0.0188295
0.0194073
0.0199788
0.02053
0.0211195
0.0217202
0.0223164
0.0228459
0.0231498
0.0233055
0.0236627
0.0243546
0.0251332
0.0258545
0.0265471
0.0272509
0.0279811
0.0286486
0.0293055
0.0300924
0.0308506
0.0313564
0.0316766
0.032085
0.0328932
0.0339967
0.0350108
0.0358698
0.0366675
0.0373932
0.0382017
0.0390328
0.0398109
0.0406423
0.0414686
0.0423019
0.0432442
0.0442446
0.0451638
0.0461771
0.0472278
0.0482666
0.0492916
0.0503533
0.0514219
0.0525273
0.0536779
0.0548178
0.0559589
0.0570994
0.058341
0.0595708
0.0608873
0.062168
0.0634174
0.0647132
0.0660588
0.0674767
0.0688439
0.0702327
0.0716943
0.0731087
0.074565
0.0760016
0.0774468
0.0787832
0.0799184
0.0102609
0.0094053
0.00876983
0.0081363
0.00709354
0.00641151
0.00633207
0.00644459
0.00673386
0.00739222
0.00819977
0.00876941
0.00908434
0.00938022
0.00981419
0.0103134
0.0107439
0.0111799
0.011666
0.0121076
0.0125411
0.0129975
0.0134381
0.0138988
0.0143928
0.0148547
0.015281
0.0157756
0.0163008
0.0167801
0.01726
0.0177721
0.0182979
0.0188387
0.0194149
0.0199822
0.0205291
0.021117
0.0217183
0.0223082
0.0228313
0.0231461
0.0233276
0.023696
0.0243755
0.0251404
0.0258575
0.0265506
0.0272532
0.0279795
0.0286484
0.0293075
0.0300867
0.0308369
0.0313491
0.0316906
0.0321156
0.0329183
0.0340024
0.0350065
0.0358642
0.036664
0.0373929
0.0382015
0.0390318
0.0398114
0.0406437
0.041472
0.0423074
0.0432477
0.0442461
0.0451666
0.0461793
0.0472284
0.0482669
0.0492925
0.0503546
0.0514235
0.0525285
0.053678
0.0548175
0.0559599
0.0571009
0.0583428
0.0595717
0.0608868
0.0621667
0.0634165
0.0647139
0.066059
0.0674768
0.0688436
0.070233
0.0716942
0.0731092
0.0745658
0.0760041
0.0774505
0.0787883
0.0799221
0.0102119
0.00933459
0.00870558
0.00825365
0.00730913
0.00662523
0.00655628
0.00662623
0.00682165
0.00743204
0.00824493
0.00882575
0.00913806
0.00942865
0.00985912
0.0103548
0.0107819
0.0112123
0.0116907
0.0121271
0.0125589
0.0130175
0.0134609
0.0139187
0.0144061
0.0148659
0.0152951
0.0157899
0.0163131
0.0167923
0.0172701
0.0177792
0.0183055
0.0188481
0.0194228
0.0199857
0.0205282
0.0211144
0.0217163
0.0223005
0.0228173
0.0231435
0.0233512
0.0237317
0.0243987
0.0251488
0.025861
0.0265544
0.0272556
0.0279781
0.0286481
0.0293093
0.0300811
0.0308235
0.0313424
0.0317053
0.0321474
0.0329448
0.0340087
0.0350019
0.0358583
0.0366602
0.0373924
0.0382014
0.039031
0.0398121
0.0406452
0.0414756
0.0423133
0.0432514
0.0442478
0.0451698
0.0461817
0.047229
0.0482672
0.0492935
0.0503561
0.0514251
0.0525298
0.0536782
0.0548175
0.055961
0.0571025
0.0583445
0.0595727
0.0608863
0.0621655
0.0634159
0.0647151
0.0660593
0.0674767
0.0688434
0.0702333
0.071694
0.0731096
0.0745667
0.0760068
0.0774544
0.0787936
0.079926
0.0101706
0.00930499
0.00863181
0.00834664
0.00752794
0.0068294
0.00676919
0.00682413
0.00692784
0.00747469
0.0082874
0.00888126
0.00919275
0.00947928
0.00990688
0.0103987
0.0108221
0.0112464
0.0117166
0.0121476
0.0125775
0.0130386
0.0134848
0.0139395
0.0144202
0.0148778
0.01531
0.0158049
0.0163261
0.0168053
0.0172809
0.0177866
0.0183132
0.0188579
0.019431
0.0199893
0.0205273
0.0211118
0.0217138
0.0222931
0.022804
0.0231416
0.0233755
0.0237684
0.0244234
0.0251582
0.0258651
0.0265584
0.0272583
0.0279767
0.0286475
0.0293107
0.0300756
0.0308104
0.031336
0.0317202
0.0321796
0.0329719
0.0340155
0.0349972
0.0358522
0.0366561
0.037392
0.0382013
0.0390303
0.0398129
0.0406467
0.0414794
0.0423195
0.0432553
0.0442497
0.0451733
0.0461844
0.0472295
0.0482676
0.0492945
0.0503576
0.0514267
0.0525312
0.0536784
0.0548176
0.0559623
0.0571043
0.0583463
0.0595737
0.0608859
0.0621644
0.0634158
0.0647167
0.0660597
0.0674766
0.0688432
0.0702338
0.0716939
0.07311
0.0745679
0.0760098
0.0774585
0.0787993
0.0799302
0.0101212
0.00932166
0.00856118
0.00840678
0.00774805
0.00703092
0.00696613
0.0070329
0.00705582
0.0075224
0.00832706
0.00893615
0.00924832
0.00953149
0.00995722
0.0104452
0.0108646
0.0112827
0.0117442
0.0121691
0.0125971
0.0130606
0.0135099
0.0139613
0.0144349
0.0148904
0.0153257
0.0158207
0.0163398
0.0168188
0.0172924
0.0177944
0.0183212
0.0188679
0.0194395
0.0199932
0.0205265
0.0211091
0.021711
0.0222862
0.0227913
0.02314
0.0233997
0.0238053
0.0244491
0.0251684
0.0258697
0.0265628
0.0272612
0.0279753
0.0286467
0.0293119
0.03007
0.0307975
0.03133
0.0317351
0.0322115
0.0329989
0.0340225
0.0349927
0.0358462
0.0366518
0.0373914
0.0382012
0.0390297
0.0398139
0.0406484
0.0414833
0.0423259
0.0432595
0.0442517
0.045177
0.0461873
0.0472302
0.0482681
0.0492956
0.0503591
0.0514284
0.0525326
0.0536787
0.0548179
0.0559637
0.0571063
0.058348
0.0595747
0.0608856
0.0621632
0.0634161
0.0647187
0.0660602
0.0674765
0.0688432
0.0702345
0.071694
0.0731104
0.0745692
0.076013
0.077463
0.0788053
0.0799346
0.0100456
0.00937961
0.00851108
0.00842928
0.00796045
0.0072384
0.00714626
0.0072444
0.00720759
0.00757864
0.00836364
0.00899077
0.00930519
0.00958452
0.0100096
0.0104943
0.0109094
0.0113213
0.0117735
0.0121916
0.0126174
0.0130837
0.0135362
0.0139841
0.0144504
0.0149037
0.0153421
0.0158371
0.016354
0.016833
0.0173045
0.0178025
0.0183293
0.0188783
0.0194483
0.0199971
0.0205257
0.0211063
0.0217083
0.0222797
0.022779
0.0231386
0.0234235
0.0238419
0.0244752
0.0251795
0.0258748
0.0265675
0.0272642
0.027974
0.0286457
0.0293127
0.0300645
0.0307848
0.0313244
0.0317498
0.032243
0.0330254
0.0340298
0.0349883
0.0358403
0.0366475
0.0373908
0.0382011
0.0390291
0.0398151
0.0406502
0.0414874
0.0423325
0.0432639
0.044254
0.0451809
0.0461903
0.0472309
0.0482685
0.0492967
0.0503607
0.0514302
0.0525341
0.0536791
0.0548184
0.0559653
0.0571085
0.0583497
0.0595757
0.0608853
0.062162
0.0634167
0.0647209
0.066061
0.0674763
0.0688432
0.0702353
0.0716942
0.0731108
0.0745708
0.0760163
0.0774678
0.0788117
0.0799393
0.00992827
0.00946279
0.00850089
0.00841903
0.00815168
0.00745874
0.00731418
0.00744862
0.00738225
0.00764853
0.00839723
0.00904486
0.00936424
0.00963786
0.010063
0.0105459
0.0109568
0.0113626
0.011805
0.0122152
0.0126385
0.013108
0.0135639
0.0140081
0.0144668
0.0149177
0.0153593
0.0158542
0.0163689
0.0168477
0.0173172
0.0178112
0.0183375
0.0188889
0.0194574
0.0200012
0.0205249
0.0211035
0.0217058
0.0222735
0.0227673
0.0231374
0.0234468
0.0238779
0.0245015
0.0251911
0.0258802
0.0265725
0.0272675
0.0279727
0.0286445
0.0293132
0.0300589
0.0307725
0.0313191
0.0317643
0.0322737
0.0330515
0.0340372
0.0349842
0.0358344
0.0366431
0.0373903
0.038201
0.0390286
0.0398163
0.0406521
0.0414916
0.0423393
0.0432684
0.0442564
0.0451849
0.0461935
0.0472317
0.0482691
0.0492978
0.0503623
0.0514319
0.0525356
0.0536795
0.0548189
0.0559669
0.0571107
0.0583514
0.0595767
0.060885
0.0621609
0.0634175
0.0647233
0.0660618
0.0674761
0.0688433
0.0702362
0.0716945
0.0731113
0.0745726
0.0760198
0.077473
0.0788183
0.0799442
0.00976532
0.00954824
0.00854333
0.00839129
0.00830802
0.00769129
0.00747834
0.00763749
0.00757509
0.00773773
0.0084291
0.00909707
0.0094269
0.00969199
0.0101162
0.0105993
0.011007
0.0114068
0.0118392
0.0122402
0.0126602
0.0131332
0.0135929
0.0140333
0.0144841
0.0149326
0.0153773
0.0158721
0.0163844
0.0168629
0.0173305
0.0178203
0.0183459
0.0188999
0.019467
0.0200054
0.0205242
0.0211007
0.0217033
0.0222678
0.0227563
0.0231364
0.0234693
0.0239131
0.0245278
0.0252032
0.0258859
0.0265778
0.0272711
0.0279714
0.0286432
0.0293135
0.0300533
0.0307605
0.0313142
0.0317786
0.0323037
0.0330769
0.0340448
0.0349805
0.0358287
0.0366388
0.0373897
0.0382009
0.0390282
0.0398177
0.0406541
0.0414958
0.0423461
0.043273
0.0442589
0.045189
0.0461968
0.0472325
0.0482697
0.049299
0.050364
0.0514337
0.0525371
0.0536799
0.0548194
0.0559687
0.0571131
0.0583531
0.0595778
0.0608849
0.0621597
0.0634186
0.0647257
0.0660628
0.067476
0.0688435
0.0702372
0.0716949
0.0731119
0.0745747
0.0760234
0.0774784
0.0788253
0.0799494
0.00956847
0.00960822
0.00863543
0.00836837
0.00842098
0.00792482
0.00764915
0.00780867
0.0077774
0.00785077
0.00846269
0.00914517
0.00949428
0.00974837
0.0101679
0.0106536
0.0110598
0.0114541
0.0118763
0.0122671
0.0126829
0.0131595
0.0136231
0.0140595
0.0145022
0.0149484
0.0153962
0.0158908
0.0164006
0.0168786
0.0173445
0.01783
0.0183544
0.0189111
0.0194769
0.0200098
0.0205236
0.0210979
0.0217006
0.0222626
0.0227459
0.0231354
0.023491
0.0239473
0.024554
0.0252157
0.025892
0.0265835
0.0272749
0.0279702
0.0286417
0.0293136
0.0300478
0.030749
0.0313097
0.0317926
0.0323329
0.0331018
0.0340525
0.0349772
0.0358232
0.0366345
0.0373892
0.0382007
0.0390277
0.0398192
0.0406562
0.0415001
0.042353
0.0432778
0.0442616
0.0451932
0.0462002
0.0472335
0.0482704
0.0493003
0.0503657
0.0514356
0.0525387
0.0536804
0.05482
0.0559705
0.0571155
0.0583549
0.0595789
0.0608847
0.0621586
0.0634197
0.0647282
0.0660639
0.0674759
0.0688437
0.0702383
0.0716954
0.0731126
0.074577
0.0760271
0.0774841
0.0788326
0.0799549
0.00935801
0.00962202
0.00875963
0.00837475
0.00849574
0.00814342
0.00783377
0.00796721
0.0079781
0.00798841
0.00850399
0.00918735
0.00956596
0.00980942
0.0102174
0.0107072
0.0111153
0.0115047
0.0119163
0.0122959
0.0127068
0.013187
0.0136547
0.0140869
0.0145214
0.0149651
0.0154159
0.0159103
0.0164174
0.0168948
0.0173592
0.0178403
0.0183632
0.0189227
0.0194873
0.0200144
0.0205231
0.0210952
0.0216987
0.0222581
0.0227362
0.0231346
0.0235118
0.0239803
0.0245799
0.0252285
0.0258985
0.0265895
0.0272789
0.0279692
0.0286402
0.0293135
0.0300423
0.0307379
0.0313055
0.0318064
0.0323612
0.0331261
0.0340603
0.0349742
0.0358179
0.0366303
0.0373887
0.0382005
0.0390273
0.0398208
0.0406584
0.0415045
0.0423599
0.0432827
0.0442645
0.0451975
0.0462038
0.0472346
0.0482712
0.0493016
0.0503675
0.0514374
0.0525403
0.0536809
0.0548206
0.0559724
0.057118
0.0583567
0.05958
0.0608846
0.0621574
0.063421
0.0647307
0.066065
0.0674758
0.0688439
0.0702395
0.071696
0.0731134
0.0745795
0.076031
0.0774901
0.0788402
0.0799608
0.00915543
0.00958725
0.00889191
0.00842252
0.00854843
0.00833302
0.00802901
0.00812214
0.00816864
0.00814616
0.00855993
0.00922373
0.00963938
0.00987824
0.010266
0.0107579
0.0111729
0.0115591
0.0119596
0.0123269
0.0127319
0.0132157
0.0136874
0.0141156
0.0145418
0.0149828
0.0154367
0.0159307
0.0164348
0.0169116
0.0173746
0.0178513
0.0183724
0.0189345
0.0194982
0.0200193
0.0205227
0.0210926
0.0216971
0.0222541
0.0227275
0.0231338
0.0235318
0.0240123
0.0246055
0.0252417
0.0259052
0.0265958
0.0272833
0.0279682
0.0286385
0.0293132
0.0300369
0.0307273
0.0313019
0.03182
0.0323887
0.0331497
0.0340682
0.0349717
0.0358128
0.0366261
0.0373883
0.0382003
0.0390269
0.0398225
0.0406608
0.0415088
0.0423669
0.0432878
0.0442675
0.0452019
0.0462074
0.0472359
0.0482721
0.0493029
0.0503693
0.0514394
0.0525419
0.0536815
0.0548212
0.0559744
0.0571205
0.0583585
0.0595812
0.0608845
0.0621564
0.0634222
0.0647333
0.0660662
0.0674758
0.0688441
0.0702407
0.0716966
0.0731143
0.0745822
0.076035
0.0774963
0.0788482
0.0799669
0.0089807
0.00951727
0.0090068
0.00850256
0.00860087
0.00849022
0.00822143
0.00828215
0.00834887
0.00831559
0.0086356
0.00925793
0.00971059
0.00995649
0.0103159
0.0108037
0.0112312
0.0116174
0.0120064
0.0123606
0.0127588
0.0132457
0.0137215
0.0141453
0.0145631
0.0150013
0.0154585
0.0159523
0.016453
0.0169289
0.0173906
0.017863
0.0183819
0.0189465
0.0195095
0.0200247
0.0205226
0.0210902
0.0216957
0.0222509
0.0227197
0.0231333
0.0235508
0.0240431
0.0246307
0.0252551
0.0259122
0.0266024
0.027288
0.0279673
0.0286368
0.0293128
0.0300316
0.0307174
0.0312986
0.0318333
0.0324153
0.0331726
0.0340763
0.0349697
0.0358079
0.0366221
0.0373879
0.0382001
0.0390265
0.0398244
0.0406633
0.0415133
0.0423739
0.0432929
0.0442707
0.0452064
0.0462111
0.0472373
0.0482731
0.0493044
0.0503712
0.0514413
0.0525436
0.0536821
0.0548219
0.0559763
0.0571231
0.0583604
0.0595824
0.0608845
0.0621554
0.0634235
0.0647358
0.0660674
0.0674759
0.0688443
0.070242
0.0716973
0.0731153
0.074585
0.0760392
0.0775027
0.0788565
0.0799734
0.00884542
0.00942922
0.00909243
0.00859736
0.00866895
0.00862609
0.0083972
0.00844791
0.00852614
0.00848759
0.00873065
0.00929676
0.00977682
0.0100429
0.0103709
0.0108442
0.0112882
0.0116799
0.0120568
0.0123969
0.0127876
0.0132774
0.0137572
0.0141764
0.0145852
0.0150204
0.0154813
0.015975
0.0164721
0.0169468
0.0174074
0.0178756
0.0183918
0.0189587
0.0195214
0.0200305
0.0205226
0.0210881
0.0216946
0.0222484
0.022713
0.023133
0.023569
0.0240729
0.0246555
0.0252686
0.0259194
0.0266094
0.0272931
0.0279666
0.028635
0.0293123
0.0300266
0.030708
0.0312959
0.0318463
0.0324409
0.0331949
0.0340844
0.0349681
0.0358034
0.0366182
0.0373875
0.0381999
0.0390262
0.0398263
0.0406659
0.0415177
0.0423809
0.0432983
0.044274
0.0452109
0.046215
0.0472388
0.0482742
0.0493059
0.0503731
0.0514433
0.0525454
0.0536828
0.0548226
0.0559783
0.0571257
0.0583624
0.0595837
0.0608846
0.0621545
0.0634248
0.0647383
0.0660686
0.067476
0.0688445
0.0702433
0.071698
0.0731163
0.0745881
0.0760435
0.0775093
0.0788651
0.0799802
0.0087543
0.00934037
0.00915243
0.0086873
0.00874967
0.00875788
0.00855119
0.00860795
0.00870744
0.0086591
0.00883936
0.00934687
0.00983886
0.0101336
0.0104345
0.010881
0.011341
0.0117459
0.0121113
0.0124359
0.0128187
0.0133105
0.0137947
0.0142094
0.0146084
0.0150402
0.0155051
0.0159991
0.0164919
0.016965
0.0174248
0.0178892
0.0184024
0.0189712
0.0195338
0.020037
0.0205231
0.0210862
0.0216939
0.0222467
0.0227075
0.023133
0.0235862
0.0241016
0.02468
0.0252823
0.0259268
0.0266167
0.0272985
0.0279662
0.0286332
0.0293118
0.0300218
0.0306992
0.0312936
0.0318591
0.0324656
0.0332164
0.0340926
0.034967
0.0357991
0.0366145
0.0373872
0.0381997
0.0390259
0.0398284
0.0406687
0.0415222
0.0423879
0.0433037
0.0442775
0.0452155
0.0462189
0.0472405
0.0482754
0.0493075
0.0503752
0.0514454
0.0525472
0.0536836
0.0548233
0.0559804
0.0571283
0.0583644
0.059585
0.0608847
0.0621536
0.0634261
0.0647407
0.0660699
0.0674761
0.0688447
0.0702446
0.0716988
0.0731174
0.0745913
0.076048
0.0775161
0.0788741
0.0799874
0.00871084
0.00926478
0.00919516
0.00875958
0.00882637
0.0089006
0.00869584
0.00874932
0.00889254
0.00883619
0.0089543
0.00940984
0.00990135
0.0102243
0.0105081
0.0109178
0.0113877
0.0118139
0.0121704
0.0124774
0.012852
0.0133454
0.0138339
0.0142445
0.0146328
0.0150602
0.0155298
0.016025
0.0165131
0.0169839
0.0174428
0.0179036
0.0184136
0.0189837
0.0195466
0.0200443
0.0205239
0.0210846
0.0216937
0.0222459
0.0227032
0.0231334
0.0236026
0.0241293
0.0247041
0.0252961
0.0259345
0.0266242
0.0273043
0.0279659
0.0286315
0.0293114
0.0300173
0.0306911
0.0312919
0.0318716
0.0324893
0.0332373
0.0341009
0.0349664
0.0357952
0.0366109
0.0373869
0.0381996
0.0390257
0.0398305
0.0406716
0.0415268
0.042395
0.0433094
0.0442811
0.0452201
0.0462229
0.0472424
0.0482768
0.0493093
0.0503773
0.0514475
0.052549
0.0536844
0.0548241
0.0559825
0.0571309
0.0583666
0.0595864
0.0608848
0.0621528
0.0634274
0.0647432
0.0660711
0.0674764
0.068845
0.070246
0.0716997
0.0731186
0.0745948
0.0760527
0.0775232
0.0788834
0.0799949
0.00871591
0.00921646
0.00922867
0.00881463
0.00887989
0.00904939
0.00885107
0.00886818
0.00906919
0.0090263
0.00907357
0.00948114
0.00996939
0.0103131
0.0105895
0.0109588
0.0114276
0.0118817
0.0122357
0.0125216
0.0128869
0.0133824
0.0138746
0.014282
0.0146591
0.0150802
0.0155547
0.0160525
0.0165357
0.0170034
0.0174616
0.0179192
0.0184256
0.0189964
0.0195597
0.0200523
0.0205252
0.0210832
0.0216939
0.0222461
0.0227002
0.0231343
0.0236183
0.0241561
0.024728
0.0253101
0.0259423
0.0266321
0.0273107
0.0279659
0.0286298
0.029311
0.0300132
0.0306837
0.0312906
0.0318839
0.032512
0.0332573
0.0341092
0.0349662
0.0357916
0.0366075
0.0373868
0.0381996
0.0390255
0.0398328
0.0406747
0.0415314
0.042402
0.0433151
0.044285
0.0452249
0.0462271
0.0472444
0.0482783
0.0493111
0.0503794
0.0514496
0.052551
0.0536853
0.0548249
0.0559846
0.0571335
0.0583687
0.0595878
0.0608851
0.0621521
0.0634287
0.0647456
0.0660724
0.0674767
0.0688453
0.0702474
0.0717006
0.0731199
0.0745984
0.0760576
0.0775304
0.0788932
0.0800029
0.00875672
0.00920925
0.00926172
0.0088608
0.00889639
0.00918201
0.00903621
0.00897917
0.00922049
0.00923052
0.00920673
0.00955481
0.0100434
0.0104021
0.0106759
0.0110075
0.0114617
0.0119452
0.0123075
0.0125704
0.0129225
0.0134215
0.0139177
0.0143217
0.0146879
0.0151006
0.0155793
0.0160815
0.0165601
0.0170234
0.0174806
0.0179357
0.0184386
0.0190093
0.0195733
0.0200613
0.0205271
0.0210822
0.0216947
0.0222472
0.0226984
0.0231356
0.0236332
0.024182
0.0247516
0.0253243
0.0259502
0.0266403
0.0273175
0.0279663
0.0286281
0.0293107
0.0300095
0.0306769
0.0312899
0.0318959
0.0325337
0.0332767
0.0341175
0.0349666
0.0357884
0.0366043
0.0373867
0.0381996
0.0390254
0.0398353
0.040678
0.0415361
0.0424091
0.0433211
0.044289
0.0452297
0.0462313
0.0472465
0.0482799
0.049313
0.0503817
0.0514518
0.052553
0.0536864
0.0548258
0.0559868
0.0571362
0.0583709
0.0595892
0.0608854
0.0621514
0.0634299
0.064748
0.0660736
0.0674771
0.0688455
0.0702489
0.0717017
0.0731213
0.0746023
0.0760627
0.0775379
0.0789033
0.0800113
0.0088085
0.0092501
0.00930413
0.00890527
0.00887901
0.00927421
0.00925203
0.00910708
0.00933294
0.00943309
0.00936673
0.00963167
0.010118
0.0104935
0.0107664
0.011066
0.011493
0.0120005
0.0123847
0.0126263
0.0129575
0.0134611
0.0139642
0.0143639
0.014719
0.0151221
0.0156034
0.0161115
0.0165868
0.0170448
0.0175002
0.0179529
0.0184524
0.0190225
0.0195869
0.0200711
0.0205298
0.0210816
0.021696
0.0222494
0.0226981
0.0231374
0.0236472
0.024207
0.0247749
0.0253386
0.0259583
0.0266486
0.0273248
0.027967
0.0286266
0.0293106
0.0300064
0.030671
0.0312897
0.0319077
0.0325545
0.0332952
0.0341259
0.0349674
0.0357856
0.0366012
0.0373867
0.0381997
0.0390254
0.0398379
0.0406814
0.0415409
0.0424162
0.0433272
0.0442931
0.0452345
0.0462356
0.0472489
0.0482817
0.049315
0.050384
0.0514541
0.0525551
0.0536875
0.0548267
0.055989
0.0571389
0.0583732
0.0595907
0.0608857
0.0621509
0.0634312
0.0647504
0.0660749
0.0674777
0.0688459
0.0702504
0.0717029
0.0731228
0.0746064
0.076068
0.0775455
0.0789138
0.0800201
0.00884952
0.00932834
0.00936416
0.00895159
0.00884103
0.0093087
0.00947767
0.00927867
0.00941144
0.0096082
0.00955855
0.00972418
0.0101861
0.010585
0.0108623
0.0111363
0.0115261
0.0120446
0.0124638
0.0126932
0.0129932
0.0134984
0.0140143
0.01441
0.014752
0.015145
0.0156273
0.0161418
0.0166154
0.0170677
0.0175205
0.0179709
0.0184673
0.0190363
0.0196009
0.0200817
0.0205334
0.0210814
0.0216978
0.0222527
0.0226992
0.0231399
0.0236606
0.0242312
0.0247981
0.025353
0.0259665
0.0266572
0.0273326
0.0279682
0.0286251
0.0293107
0.0300038
0.0306658
0.03129
0.0319193
0.0325743
0.033313
0.0341343
0.0349687
0.0357832
0.0365985
0.0373869
0.0381999
0.0390255
0.0398406
0.0406849
0.0415457
0.0424233
0.0433335
0.0442975
0.0452394
0.04624
0.0472514
0.0482837
0.0493171
0.0503864
0.0514564
0.0525572
0.0536887
0.0548278
0.0559913
0.0571416
0.0583755
0.0595923
0.0608862
0.0621504
0.0634325
0.0647527
0.0660762
0.0674783
0.0688463
0.070252
0.0717043
0.0731244
0.0746107
0.0760736
0.0775533
0.0789246
0.0800293
0.00887836
0.00942509
0.00944939
0.00900632
0.00879732
0.00929041
0.00968529
0.00950797
0.00948261
0.00972732
0.00976605
0.00984938
0.0102469
0.0106683
0.0109632
0.0112199
0.0115664
0.0120773
0.0125386
0.0127729
0.0130334
0.0135303
0.0140665
0.0144623
0.014787
0.0151688
0.015652
0.0161721
0.0166453
0.0170924
0.0175417
0.0179894
0.0184829
0.0190507
0.0196153
0.0200934
0.020538
0.0210816
0.0217001
0.0222571
0.0227018
0.023143
0.0236732
0.0242545
0.0248211
0.0253676
0.0259748
0.0266661
0.0273409
0.0279698
0.0286237
0.029311
0.0300018
0.0306613
0.0312908
0.0319306
0.0325932
0.0333301
0.0341428
0.0349705
0.0357812
0.0365959
0.0373872
0.0382003
0.0390258
0.0398434
0.0406887
0.0415506
0.0424304
0.0433399
0.044302
0.0452444
0.0462446
0.0472541
0.0482858
0.0493193
0.0503888
0.0514588
0.0525595
0.0536901
0.0548289
0.0559937
0.0571443
0.0583779
0.0595939
0.0608867
0.0621501
0.0634337
0.0647551
0.0660775
0.0674791
0.0688467
0.0702536
0.0717058
0.0731261
0.0746153
0.0760795
0.0775613
0.0789358
0.080039
0.00884058
0.00949521
0.00957247
0.00910064
0.0087806
0.00924085
0.0098496
0.00978582
0.00958185
0.00978353
0.0099588
0.0100205
0.0103152
0.010735
0.0110637
0.0113172
0.0116194
0.0121019
0.0126015
0.0128631
0.0130839
0.0135557
0.0141164
0.0145226
0.0148262
0.0151921
0.0156772
0.0162033
0.0166759
0.0171187
0.0175645
0.0180089
0.0184992
0.0190654
0.0196299
0.020106
0.0205438
0.0210823
0.0217028
0.0222625
0.0227058
0.0231469
0.0236852
0.0242769
0.0248441
0.0253824
0.025983
0.026675
0.0273499
0.0279719
0.0286225
0.0293116
0.0300006
0.0306577
0.031292
0.0319416
0.0326111
0.0333463
0.0341511
0.0349728
0.0357797
0.0365937
0.0373877
0.0382009
0.0390262
0.0398464
0.0406926
0.0415555
0.0424375
0.0433465
0.0443067
0.0452495
0.0462493
0.047257
0.0482881
0.0493217
0.0503914
0.0514613
0.0525618
0.0536915
0.0548301
0.0559961
0.0571471
0.0583802
0.0595956
0.0608873
0.0621498
0.063435
0.0647574
0.0660789
0.0674799
0.0688473
0.0702552
0.0717075
0.0731279
0.0746201
0.0760856
0.0775695
0.0789473
0.0800492
0.00868395
0.00950163
0.00973438
0.0092685
0.00882439
0.00919146
0.00995959
0.0100829
0.00974869
0.00980466
0.0100998
0.0102269
0.0104145
0.0107865
0.011154
0.0114258
0.0116922
0.0121271
0.0126478
0.0129569
0.013151
0.0135787
0.0141585
0.0145897
0.0148733
0.0152145
0.0157016
0.0162365
0.0167077
0.0171457
0.017589
0.0180297
0.0185161
0.0190807
0.0196449
0.0201196
0.020551
0.0210837
0.021706
0.0222692
0.0227113
0.0231515
0.0236966
0.0242984
0.024867
0.0253974
0.0259911
0.0266839
0.0273594
0.0279747
0.0286215
0.0293124
0.0300001
0.0306549
0.0312938
0.0319525
0.0326283
0.0333619
0.0341595
0.0349755
0.0357787
0.0365917
0.0373883
0.0382016
0.0390267
0.0398495
0.0406967
0.0415606
0.0424446
0.0433533
0.0443116
0.0452546
0.046254
0.0472601
0.0482906
0.0493241
0.050394
0.0514639
0.0525642
0.0536931
0.0548314
0.0559987
0.0571498
0.0583826
0.0595974
0.060888
0.0621497
0.0634363
0.0647598
0.0660802
0.0674809
0.0688479
0.0702569
0.0717094
0.0731299
0.0746251
0.0760921
0.0775779
0.0789592
0.0800599
0.00842305
0.00944143
0.0099131
0.00950579
0.00893754
0.00916367
0.0100134
0.0103627
0.00999333
0.00983432
0.0101648
0.0104355
0.0105656
0.0108396
0.0112233
0.0115358
0.0117872
0.0121639
0.0126772
0.0130437
0.013237
0.0136074
0.0141886
0.0146586
0.0149326
0.0152388
0.0157227
0.0162717
0.0167421
0.0171726
0.0176145
0.0180527
0.018534
0.0190959
0.0196602
0.0201343
0.0205598
0.0210858
0.0217097
0.022277
0.0227184
0.0231569
0.0237073
0.024319
0.0248899
0.0254129
0.0259993
0.0266929
0.0273696
0.0279782
0.0286207
0.0293135
0.0300005
0.0306529
0.0312959
0.0319632
0.0326446
0.0333768
0.0341678
0.0349787
0.0357782
0.0365901
0.0373891
0.0382026
0.0390274
0.0398527
0.040701
0.0415658
0.0424517
0.0433603
0.0443168
0.0452598
0.0462589
0.0472634
0.0482934
0.0493267
0.0503967
0.0514666
0.0525667
0.0536948
0.0548328
0.0560013
0.0571526
0.0583851
0.0595992
0.0608887
0.0621497
0.0634376
0.0647621
0.0660816
0.0674819
0.0688487
0.0702586
0.0717115
0.073132
0.0746304
0.076099
0.0775864
0.0789713
0.080071
0.00822994
0.00932934
0.0100476
0.00977798
0.00912382
0.00917027
0.0100117
0.0105814
0.0102905
0.00992197
0.0101687
0.0105968
0.0107638
0.0109203
0.0112698
0.0116315
0.0118988
0.012224
0.012698
0.013111
0.0133358
0.0136512
0.0142074
0.0147212
0.0150044
0.0152696
0.0157389
0.0163067
0.016781
0.0171999
0.0176393
0.018078
0.0185538
0.0191112
0.0196753
0.02015
0.0205703
0.0210889
0.0217135
0.0222858
0.0227271
0.023163
0.0237174
0.0243388
0.0249127
0.0254286
0.0260074
0.0267017
0.0273802
0.0279824
0.0286201
0.0293149
0.0300017
0.0306519
0.0312985
0.0319736
0.0326602
0.033391
0.034176
0.0349823
0.0357782
0.0365888
0.0373901
0.0382038
0.0390282
0.039856
0.0407055
0.041571
0.0424587
0.0433674
0.0443221
0.0452651
0.0462639
0.0472669
0.0482963
0.0493293
0.0503996
0.0514694
0.0525693
0.0536966
0.0548343
0.0560039
0.0571554
0.0583876
0.0596011
0.0608896
0.0621497
0.0634389
0.0647644
0.066083
0.067483
0.0688496
0.0702603
0.0717138
0.0731343
0.0746358
0.0761062
0.0775951
0.0789838
0.0800827
0.00808486
0.00915996
0.010091
0.0100519
0.0093859
0.00922246
0.00996862
0.0107163
0.0106031
0.0101037
0.0101537
0.0106736
0.0109765
0.0110561
0.0113113
0.0116991
0.0120141
0.012315
0.0127254
0.0131534
0.0134351
0.0137185
0.014223
0.01477
0.015085
0.0153128
0.0157516
0.016338
0.0168248
0.0172298
0.0176624
0.0181045
0.0185769
0.0191271
0.0196896
0.0201663
0.0205829
0.0210934
0.0217176
0.0222956
0.0227376
0.0231701
0.0237268
0.0243576
0.0249356
0.0254447
0.0260155
0.0267105
0.0273914
0.0279875
0.0286199
0.0293165
0.0300038
0.0306517
0.0313015
0.0319838
0.032675
0.0334047
0.0341842
0.0349863
0.0357788
0.0365879
0.0373914
0.0382052
0.0390293
0.0398595
0.0407102
0.0415762
0.0424657
0.0433746
0.0443276
0.0452705
0.0462691
0.0472706
0.0482994
0.0493321
0.0504025
0.0514723
0.052572
0.0536985
0.054836
0.0560067
0.0571582
0.0583901
0.0596031
0.0608905
0.06215
0.0634402
0.0647667
0.0660845
0.0674842
0.0688508
0.0702621
0.0717163
0.0731369
0.0746414
0.0761139
0.0776041
0.0789964
0.0800949
0.00800109
0.00896776
0.0100429
0.0102928
0.00970956
0.00933576
0.00990837
0.0107708
0.0108958
0.0103764
0.0101783
0.0106702
0.0111577
0.011251
0.0113771
0.0117372
0.0121138
0.0124307
0.0127777
0.0131774
0.0135187
0.0138085
0.0142478
0.0148015
0.0151665
0.0153718
0.0157651
0.0163627
0.016872
0.0172653
0.0176841
0.0181302
0.0186036
0.0191452
0.0197031
0.0201827
0.0205975
0.0210995
0.0217221
0.022306
0.0227499
0.0231784
0.0237358
0.0243754
0.0249586
0.0254615
0.0260236
0.0267191
0.0274031
0.0279935
0.0286201
0.0293184
0.0300066
0.0306526
0.0313049
0.0319938
0.0326892
0.0334178
0.0341924
0.0349906
0.0357799
0.0365874
0.0373929
0.0382069
0.0390306
0.0398631
0.0407151
0.0415817
0.0424726
0.0433819
0.0443334
0.0452759
0.0462743
0.0472746
0.0483028
0.0493351
0.0504055
0.0514754
0.0525748
0.0537005
0.0548378
0.0560095
0.0571611
0.0583926
0.0596053
0.0608915
0.0621503
0.0634416
0.064769
0.0660861
0.0674855
0.0688521
0.070264
0.071719
0.0731397
0.0746472
0.0761219
0.0776132
0.0790093
0.0801075
0.00797959
0.00880462
0.00993859
0.0104611
0.010056
0.00952696
0.00986471
0.0107584
0.0111314
0.0107041
0.0102904
0.0106261
0.0112594
0.011473
0.0114974
0.011765
0.0121787
0.0125528
0.012867
0.0132009
0.0135732
0.0139082
0.014294
0.0148205
0.0152394
0.0154461
0.0157852
0.0163801
0.0169193
0.0173076
0.0177064
0.0181531
0.0186325
0.019167
0.0197163
0.020198
0.0206138
0.0211079
0.0217271
0.022317
0.0227638
0.0231881
0.0237443
0.0243921
0.0249816
0.0254789
0.0260315
0.0267274
0.0274153
0.0280004
0.0286208
0.0293206
0.0300104
0.0306543
0.0313088
0.0320036
0.0327028
0.0334304
0.0342005
0.0349954
0.0357815
0.0365872
0.0373946
0.038209
0.0390321
0.0398667
0.0407202
0.0415873
0.0424795
0.0433894
0.0443394
0.0452814
0.0462796
0.0472787
0.0483065
0.0493381
0.0504085
0.0514786
0.0525777
0.0537026
0.0548397
0.0560124
0.057164
0.0583952
0.0596075
0.0608926
0.0621508
0.063443
0.0647713
0.0660877
0.0674868
0.0688536
0.0702659
0.0717219
0.0731428
0.0746531
0.0761303
0.0776227
0.0790224
0.0801207
0.00801335
0.0086908
0.00981708
0.0105382
0.0103739
0.00979581
0.0098764
0.0107038
0.0112841
0.01104
0.0105032
0.0105949
0.0112709
0.0116752
0.0116807
0.0118139
0.0122079
0.0126561
0.0129887
0.0132478
0.0136008
0.0139986
0.0143675
0.0148393
0.0152962
0.0155304
0.0158168
0.0163915
0.0169635
0.0173569
0.0177321
0.0181725
0.0186613
0.0191936
0.0197313
0.020212
0.020631
0.0211187
0.0217332
0.0223282
0.022779
0.0231992
0.0237526
0.0244074
0.0250047
0.0254974
0.0260396
0.0267354
0.0274282
0.0280083
0.0286219
0.0293231
0.0300149
0.030657
0.0313131
0.0320133
0.0327159
0.0334426
0.0342085
0.0350005
0.0357836
0.0365874
0.0373966
0.0382115
0.0390339
0.0398705
0.0407256
0.0415931
0.0424863
0.0433969
0.0443456
0.0452871
0.0462851
0.047283
0.0483104
0.0493413
0.0504117
0.0514819
0.0525808
0.0537048
0.0548418
0.0560154
0.0571669
0.0583978
0.0596098
0.0608938
0.0621513
0.0634445
0.0647736
0.0660895
0.0674882
0.0688554
0.070268
0.0717249
0.0731463
0.0746592
0.0761392
0.0776324
0.0790355
0.0801343
0.00810575
0.00862062
0.00969951
0.0105415
0.0106254
0.0101155
0.00997125
0.0106388
0.0113483
0.0113353
0.0107943
0.0106342
0.0112247
0.0118083
0.0118997
0.0119177
0.0122229
0.0127176
0.0131213
0.0133378
0.0136206
0.0140601
0.0144584
0.0148728
0.0153365
0.0156164
0.0158631
0.0163996
0.0170018
0.0174117
0.0177636
0.0181898
0.0186878
0.0192242
0.0197502
0.020225
0.0206473
0.0211317
0.021741
0.0223399
0.0227954
0.023212
0.023761
0.0244217
0.0250277
0.0255169
0.0260478
0.0267427
0.0274414
0.0280173
0.0286233
0.029326
0.0300204
0.0306606
0.0313178
0.0320227
0.0327285
0.0334544
0.0342165
0.035006
0.0357863
0.036588
0.0373988
0.0382143
0.039036
0.0398742
0.0407312
0.0415991
0.0424931
0.0434045
0.044352
0.0452929
0.0462906
0.0472875
0.0483145
0.0493446
0.050415
0.0514854
0.052584
0.0537072
0.0548441
0.0560184
0.0571699
0.0584004
0.0596123
0.0608952
0.062152
0.0634462
0.0647758
0.0660913
0.0674897
0.0688573
0.0702702
0.0717281
0.0731501
0.0746654
0.0761483
0.0776425
0.0790489
0.0801483
0.00825727
0.00859176
0.00959237
0.0105022
0.0107983
0.0104436
0.0101516
0.0106007
0.0113438
0.011557
0.0111246
0.0107716
0.0111682
0.011854
0.0121117
0.0120859
0.0122559
0.0127357
0.0132351
0.0134691
0.0136586
0.0140881
0.0145475
0.0149318
0.0153688
0.0156954
0.0159251
0.0164085
0.0170319
0.0174715
0.0178024
0.0182064
0.0187102
0.0192564
0.0197746
0.0202388
0.0206618
0.0211461
0.0217512
0.0223526
0.0228129
0.0232264
0.0237695
0.0244346
0.0250503
0.0255375
0.0260565
0.0267494
0.0274551
0.0280278
0.0286253
0.029329
0.0300267
0.0306653
0.0313229
0.0320319
0.0327407
0.0334659
0.0342244
0.0350117
0.0357896
0.0365891
0.0374012
0.0382176
0.0390385
0.039878
0.0407369
0.0416053
0.0424999
0.0434122
0.0443586
0.0452988
0.0462964
0.0472922
0.048319
0.0493481
0.0504183
0.051489
0.0525873
0.0537097
0.0548466
0.0560215
0.0571728
0.0584032
0.0596148
0.0608966
0.0621528
0.063448
0.064778
0.0660934
0.0674912
0.0688595
0.0702726
0.0717314
0.0731544
0.0746718
0.0761578
0.0776529
0.0790623
0.0801627
0.00845271
0.00861812
0.00950067
0.0104456
0.0109034
0.0107379
0.0103956
0.0106225
0.0113054
0.0116931
0.0114421
0.0109985
0.0111562
0.0118336
0.01227
0.0122939
0.0123408
0.0127333
0.0133028
0.0136186
0.0137403
0.0141
0.014613
0.0150121
0.0154065
0.0157621
0.0160001
0.0164239
0.0170503
0.0175329
0.0178508
0.0182234
0.0187284
0.0192887
0.0198047
0.0202561
0.0206749
0.0211598
0.0217637
0.0223668
0.022831
0.0232418
0.0237783
0.0244465
0.0250727
0.0255593
0.0260659
0.0267554
0.0274689
0.0280397
0.0286278
0.0293321
0.030034
0.0306711
0.0313285
0.0320408
0.0327526
0.0334772
0.0342323
0.0350178
0.0357936
0.0365906
0.0374037
0.0382213
0.0390414
0.0398819
0.0407429
0.0416116
0.0425067
0.04342
0.0443654
0.0453049
0.0463022
0.047297
0.0483237
0.0493517
0.0504218
0.0514928
0.0525908
0.0537122
0.0548492
0.0560246
0.0571758
0.058406
0.0596173
0.0608982
0.0621536
0.0634499
0.0647801
0.0660955
0.0674929
0.0688618
0.0702753
0.0717348
0.0731591
0.0746783
0.0761675
0.0776637
0.0790758
0.0801774
0.00866305
0.00871619
0.00943975
0.0103815
0.010957
0.0109749
0.010671
0.0107154
0.0112722
0.011757
0.0117033
0.0112804
0.0112229
0.011787
0.0123535
0.0125032
0.0124885
0.0127446
0.0133197
0.013754
0.0138694
0.0141227
0.0146449
0.0150971
0.0154617
0.0158176
0.0160801
0.0164521
0.0170569
0.017591
0.017913
0.0182439
0.018741
0.0193194
0.0198392
0.0202782
0.0206877
0.0211711
0.021777
0.0223839
0.0228506
0.0232585
0.0237878
0.0244574
0.0250947
0.0255823
0.0260758
0.0267606
0.0274827
0.0280533
0.0286312
0.029335
0.0300419
0.030678
0.0313346
0.0320494
0.0327641
0.0334884
0.0342401
0.0350241
0.0357981
0.0365927
0.0374066
0.0382254
0.0390447
0.0398859
0.0407491
0.0416181
0.0425135
0.0434278
0.0443724
0.0453111
0.0463081
0.047302
0.0483287
0.0493555
0.0504254
0.0514968
0.0525944
0.0537149
0.054852
0.0560279
0.0571788
0.058409
0.05962
0.0608999
0.0621546
0.0634521
0.0647823
0.0660977
0.0674947
0.0688642
0.0702784
0.0717383
0.0731642
0.0746852
0.0761775
0.077675
0.0790895
0.0801924
0.00885432
0.0088759
0.0094282
0.0103163
0.010973
0.011151
0.0109465
0.0108715
0.0112734
0.0117763
0.0118898
0.0115723
0.0113728
0.0117616
0.0123733
0.0126727
0.0126786
0.0128035
0.0133085
0.0138444
0.0140242
0.0141832
0.0146554
0.0151658
0.0155359
0.0158719
0.016158
0.0164983
0.0170569
0.0176359
0.0179887
0.0182735
0.0187456
0.0193462
0.0198778
0.0203058
0.0207027
0.0211804
0.0217895
0.0224042
0.0228728
0.0232757
0.0237974
0.0244673
0.0251162
0.0256067
0.0260867
0.0267649
0.0274965
0.0280685
0.0286355
0.0293379
0.0300503
0.030686
0.0313414
0.0320578
0.0327751
0.0334996
0.034248
0.0350306
0.0358031
0.0365952
0.0374097
0.0382298
0.0390483
0.03989
0.0407555
0.0416249
0.0425202
0.0434357
0.0443796
0.0453174
0.0463143
0.0473072
0.048334
0.0493594
0.0504291
0.0515009
0.0525982
0.0537177
0.054855
0.0560312
0.0571818
0.0584122
0.0596227
0.0609017
0.0621556
0.0634544
0.0647844
0.0661
0.0674968
0.0688667
0.0702817
0.0717419
0.0731697
0.0746923
0.0761875
0.0776866
0.0791033
0.0802077
0.00900035
0.00906313
0.00948008
0.0102684
0.0109659
0.0112695
0.011195
0.0110726
0.0113208
0.011781
0.0120097
0.011833
0.0115817
0.0117907
0.0123604
0.0127809
0.0128768
0.0129225
0.0133025
0.0138816
0.0141733
0.0142901
0.0146687
0.0152053
0.0156177
0.0159362
0.0162292
0.0165597
0.0170606
0.0176592
0.0180703
0.0183216
0.0187438
0.0193644
0.0199212
0.0203402
0.0207212
0.0211885
0.0217988
0.0224257
0.0228989
0.0232942
0.0238064
0.0244764
0.0251374
0.0256327
0.0260989
0.0267681
0.0275097
0.0280856
0.028641
0.0293406
0.0300593
0.030695
0.0313487
0.0320662
0.0327859
0.0335105
0.0342561
0.0350374
0.0358085
0.0365982
0.0374131
0.0382347
0.0390524
0.0398943
0.0407621
0.0416317
0.042527
0.0434435
0.044387
0.0453239
0.0463205
0.0473125
0.0483396
0.0493636
0.0504329
0.0515052
0.052602
0.0537206
0.0548581
0.0560346
0.0571848
0.0584156
0.0596254
0.0609037
0.0621567
0.0634568
0.0647866
0.0661024
0.0674991
0.0688693
0.0702854
0.0717456
0.0731755
0.0746998
0.0761977
0.0776987
0.0791172
0.0802231
0.00910458
0.00924291
0.00958861
0.0102561
0.0109515
0.0113409
0.0113965
0.0112954
0.0114179
0.0117958
0.0120823
0.0120421
0.0118165
0.0118822
0.0123517
0.0128345
0.0130474
0.0130852
0.0133341
0.0138841
0.0142867
0.0144276
0.0147107
0.0152229
0.015689
0.0160128
0.0162954
0.0166283
0.0170803
0.0176631
0.0181445
0.0183957
0.0187453
0.0193666
0.0199658
0.0203836
0.0207431
0.0211963
0.021805
0.0224465
0.0229297
0.023316
0.0238144
0.0244838
0.0251584
0.0256603
0.0261127
0.0267702
0.0275219
0.0281048
0.0286479
0.0293428
0.0300687
0.0307053
0.0313565
0.0320746
0.0327965
0.0335211
0.0342643
0.0350446
0.0358143
0.0366017
0.0374168
0.0382402
0.0390568
0.0398986
0.040769
0.0416389
0.0425338
0.0434514
0.0443945
0.0453305
0.0463269
0.0473179
0.0483453
0.0493679
0.0504368
0.0515097
0.0526061
0.0537238
0.0548614
0.0560382
0.0571877
0.0584191
0.0596281
0.0609059
0.062158
0.0634595
0.064789
0.0661047
0.0675017
0.068872
0.0702894
0.0717494
0.0731816
0.0747078
0.0762079
0.077711
0.0791314
0.0802388
0.00918727
0.00939481
0.00972822
0.0102876
0.0109474
0.0113855
0.0115439
0.0115121
0.0115573
0.0118358
0.0121296
0.0121998
0.0120445
0.0120212
0.0123749
0.0128568
0.0131698
0.0132626
0.0134173
0.0138818
0.0143539
0.0145682
0.0147913
0.0152372
0.0157376
0.0160973
0.0163664
0.0166967
0.0171186
0.0176588
0.0181961
0.0184907
0.018765
0.0193499
0.0200018
0.020439
0.0207718
0.0212038
0.0218085
0.0224653
0.0229638
0.0233424
0.0238221
0.0244884
0.0251791
0.0256901
0.0261284
0.0267713
0.0275326
0.0281258
0.0286569
0.0293446
0.0300783
0.030717
0.0313645
0.0320828
0.0328074
0.0335315
0.0342725
0.0350522
0.0358206
0.0366054
0.0374208
0.0382462
0.0390616
0.039903
0.0407761
0.0416461
0.0425407
0.0434594
0.044402
0.0453373
0.0463335
0.0473236
0.0483513
0.0493723
0.0504408
0.0515144
0.0526103
0.0537271
0.0548649
0.0560418
0.0571906
0.0584229
0.0596309
0.0609081
0.0621594
0.0634622
0.0647914
0.066107
0.0675046
0.0688748
0.0702938
0.0717536
0.0731879
0.0747161
0.0762182
0.0777237
0.0791458
0.0802545
0.00925785
0.0095233
0.0098752
0.0103579
0.010964
0.0114249
0.0116466
0.0116966
0.0117209
0.0119099
0.0121721
0.0123134
0.0122474
0.0121873
0.0124369
0.0128756
0.013247
0.0134258
0.0135424
0.0139026
0.0143874
0.0146844
0.0148986
0.0152689
0.0157659
0.0161776
0.016448
0.0167633
0.0171717
0.0176608
0.018217
0.0185878
0.0188177
0.0193253
0.0200169
0.0205044
0.0208144
0.0212112
0.0218077
0.0224811
0.0229999
0.0233746
0.0238313
0.0244891
0.025198
0.0257231
0.0261467
0.0267712
0.0275416
0.0281482
0.0286682
0.0293462
0.0300874
0.0307301
0.0313732
0.0320906
0.0328185
0.0335421
0.0342805
0.0350602
0.0358275
0.0366096
0.0374249
0.0382527
0.0390669
0.0399075
0.0407834
0.0416534
0.0425476
0.0434675
0.0444097
0.0453443
0.0463402
0.0473294
0.0483576
0.0493771
0.050445
0.0515193
0.0526145
0.0537306
0.0548684
0.0560455
0.0571936
0.058427
0.0596338
0.0609105
0.0621611
0.063465
0.0647941
0.0661092
0.067508
0.0688776
0.0702984
0.0717581
0.0731943
0.074725
0.0762285
0.0777365
0.0791606
0.0802703
0.0093066
0.00963656
0.0100179
0.0104567
0.0110012
0.0114712
0.0117268
0.0118396
0.0118853
0.0120148
0.0122269
0.0123951
0.012417
0.0123636
0.0125301
0.0129108
0.0132957
0.0135548
0.0136868
0.0139591
0.0144104
0.0147686
0.015014
0.0153283
0.0157854
0.01624
0.0165359
0.016831
0.0172311
0.0176814
0.0182187
0.0186677
0.0189045
0.0193118
0.0200016
0.0205659
0.0208767
0.0212238
0.0218006
0.0224927
0.023038
0.0234127
0.0238438
0.0244862
0.0252131
0.0257593
0.026169
0.0267694
0.0275485
0.028172
0.0286818
0.0293481
0.0300959
0.0307443
0.0313829
0.0320977
0.0328295
0.0335532
0.0342886
0.0350682
0.035835
0.0366142
0.0374291
0.0382596
0.0390726
0.0399122
0.0407909
0.0416609
0.0425548
0.0434758
0.0444175
0.0453512
0.0463469
0.0473354
0.0483641
0.0493819
0.0504493
0.0515244
0.0526189
0.0537345
0.054872
0.0560493
0.0571965
0.0584311
0.0596366
0.0609128
0.0621632
0.0634677
0.0647971
0.0661114
0.0675116
0.0688807
0.070303
0.0717629
0.0732008
0.0747343
0.0762389
0.0777494
0.0791755
0.0802863
0.00932247
0.00973105
0.0101542
0.0105756
0.0110581
0.0115249
0.0118035
0.0119496
0.0120309
0.0121362
0.0123022
0.0124624
0.0125523
0.0125382
0.0126423
0.0129646
0.0133354
0.013647
0.0138294
0.014049
0.0144452
0.0148281
0.0151174
0.0154117
0.0158125
0.0162826
0.0166213
0.0169031
0.0172901
0.0177202
0.0182181
0.0187169
0.0190081
0.0193318
0.0199656
0.0206056
0.0209573
0.0212518
0.0217867
0.0224955
0.023077
0.0234575
0.0238604
0.0244806
0.0252228
0.0257976
0.0261975
0.0267665
0.0275518
0.0281974
0.028698
0.0293501
0.030104
0.0307595
0.0313938
0.0321045
0.0328399
0.0335647
0.0342971
0.0350762
0.0358429
0.0366194
0.0374335
0.038267
0.0390789
0.0399172
0.0407987
0.0416682
0.0425618
0.0434841
0.0444256
0.0453584
0.0463536
0.0473415
0.0483709
0.0493869
0.0504537
0.0515296
0.0526232
0.0537386
0.0548758
0.0560532
0.0571996
0.0584356
0.0596395
0.0609152
0.0621655
0.0634705
0.0648003
0.0661136
0.0675155
0.068884
0.0703078
0.0717683
0.0732074
0.074744
0.0762496
0.0777624
0.0791907
0.0803023
0.00931694
0.00979628
0.0102737
0.0107055
0.0111368
0.0115813
0.0118825
0.0120457
0.0121514
0.0122548
0.0123962
0.0125361
0.0126582
0.0126962
0.0127658
0.0130336
0.0133818
0.0137135
0.0139539
0.0141576
0.0144981
0.0148771
0.0151996
0.0155049
0.0158577
0.0163134
0.0166988
0.016984
0.0173497
0.0177686
0.0182258
0.0187369
0.0191042
0.0193928
0.0199319
0.0206099
0.0210419
0.0213071
0.0217738
0.0224833
0.0231129
0.023511
0.0238831
0.0244726
0.0252262
0.0258359
0.0262334
0.0267646
0.0275499
0.0282237
0.028718
0.0293519
0.0301112
0.0307756
0.0314057
0.0321113
0.0328496
0.0335763
0.0343065
0.0350843
0.0358509
0.0366251
0.0374381
0.0382747
0.0390857
0.0399225
0.0408067
0.0416756
0.0425689
0.0434925
0.0444339
0.0453657
0.0463604
0.0473479
0.0483779
0.0493922
0.0504583
0.051535
0.0526276
0.0537431
0.0548794
0.056057
0.0572028
0.0584402
0.0596426
0.0609176
0.0621684
0.0634732
0.0648037
0.0661158
0.0675195
0.0688877
0.0703126
0.0717741
0.0732141
0.0747539
0.0762605
0.0777753
0.0792061
0.0803184
0.00931534
0.00983365
0.0103663
0.0108331
0.0112358
0.0116427
0.0119605
0.0121384
0.0122537
0.0123621
0.0124984
0.0126206
0.012743
0.0128298
0.0128988
0.0131171
0.013438
0.0137662
0.0140507
0.0142696
0.0145688
0.0149312
0.0152653
0.0155914
0.0159214
0.0163429
0.0167615
0.0170671
0.0174119
0.0178224
0.0182506
0.0187452
0.0191739
0.0194781
0.0199237
0.0205828
0.0211074
0.0213897
0.0217769
0.0224563
0.0231378
0.023574
0.0239166
0.0244623
0.0252219
0.0258725
0.0262763
0.0267661
0.0275421
0.0282487
0.0287429
0.029354
0.0301167
0.030793
0.0314187
0.0321182
0.0328589
0.0335876
0.0343164
0.0350929
0.0358594
0.0366309
0.0374429
0.038283
0.0390929
0.039928
0.0408147
0.0416829
0.0425762
0.0435009
0.0444423
0.0453731
0.046367
0.0473545
0.048385
0.0493978
0.0504629
0.0515406
0.0526322
0.053748
0.0548834
0.0560607
0.0572062
0.0584448
0.0596457
0.0609198
0.0621715
0.0634759
0.0648073
0.0661183
0.0675237
0.0688918
0.0703173
0.0717804
0.073221
0.0747639
0.0762718
0.0777881
0.0792215
0.0803346
0.0093376
0.00986146
0.010432
0.0109426
0.0113489
0.0117167
0.0120329
0.012228
0.0123508
0.0124564
0.0125902
0.0127097
0.0128235
0.0129428
0.0130312
0.0132098
0.0135003
0.0138181
0.0141276
0.014375
0.0146506
0.0149935
0.0153268
0.0156658
0.0159949
0.0163786
0.0168076
0.0171453
0.0174773
0.0178777
0.0182888
0.0187556
0.0192178
0.019568
0.0199556
0.0205481
0.0211354
0.0214819
0.021809
0.0224225
0.0231403
0.0236398
0.0239677
0.0244536
0.0252073
0.0259063
0.0263263
0.0267731
0.0275299
0.02827
0.0287725
0.0293578
0.0301194
0.0308111
0.0314335
0.0321251
0.0328678
0.0335988
0.0343267
0.0351019
0.0358685
0.0366371
0.0374473
0.0382917
0.0391008
0.0399339
0.0408229
0.0416903
0.0425835
0.0435093
0.044451
0.045381
0.0463736
0.0473611
0.0483922
0.0494036
0.0504677
0.0515463
0.0526368
0.053753
0.0548875
0.0560644
0.0572101
0.0584496
0.0596491
0.0609221
0.0621751
0.0634786
0.0648108
0.066121
0.0675278
0.0688962
0.070322
0.071787
0.0732282
0.074774
0.0762833
0.0778011
0.0792369
0.0803509
0.00938621
0.00989695
0.0104834
0.0110281
0.0114612
0.0118057
0.0121057
0.0123123
0.0124429
0.0125409
0.0126666
0.0127976
0.0129078
0.0130374
0.0131481
0.0133073
0.013572
0.0138753
0.0141902
0.0144647
0.0147375
0.0150644
0.0153919
0.0157305
0.0160663
0.0164258
0.0168456
0.0172157
0.0175461
0.0179322
0.0183339
0.0187731
0.0192434
0.0196422
0.0200158
0.0205327
0.0211319
0.0215625
0.0218751
0.022401
0.0231167
0.0236946
0.0240385
0.0244539
0.0251786
0.0259326
0.0263842
0.0267867
0.0275144
0.0282869
0.0288059
0.0293652
0.0301198
0.0308287
0.0314508
0.0321322
0.0328757
0.03361
0.0343372
0.0351109
0.0358788
0.0366436
0.0374511
0.0383009
0.0391097
0.0399399
0.0408308
0.0416977
0.0425912
0.0435178
0.0444594
0.0453888
0.0463801
0.047368
0.0483994
0.0494097
0.0504727
0.0515519
0.0526414
0.0537584
0.0548916
0.0560678
0.0572141
0.0584542
0.0596526
0.0609244
0.0621791
0.0634816
0.0648145
0.0661242
0.0675321
0.0689011
0.0703267
0.0717939
0.0732357
0.0747839
0.0762951
0.0778137
0.0792523
0.080367
0.0094506
0.00994844
0.0105351
0.011095
0.0115587
0.0119039
0.012183
0.0123897
0.0125277
0.0126249
0.0127366
0.012876
0.0129897
0.0131176
0.0132495
0.0134056
0.0136486
0.0139329
0.0142457
0.014543
0.0148232
0.0151372
0.0154572
0.0157926
0.0161335
0.0164828
0.0168829
0.0172733
0.0176154
0.0179875
0.0183835
0.018802
0.0192626
0.0196951
0.0200839
0.0205458
0.0211145
0.0216107
0.0219572
0.0224108
0.0230807
0.0237248
0.024124
0.024477
0.0251383
0.025943
0.0264502
0.0268098
0.0274948
0.0282982
0.0288415
0.0293758
0.0301185
0.0308447
0.0314702
0.032141
0.0328824
0.0336211
0.0343482
0.0351193
0.0358902
0.0366512
0.0374539
0.0383101
0.0391197
0.0399464
0.0408384
0.0417055
0.0425992
0.0435265
0.0444682
0.0453971
0.0463868
0.0473753
0.0484066
0.049416
0.0504781
0.0515575
0.0526464
0.0537638
0.0548959
0.0560712
0.0572186
0.0584588
0.059656
0.0609268
0.062183
0.0634844
0.0648179
0.0661277
0.0675363
0.0689063
0.0703317
0.071801
0.0732436
0.0747938
0.0763071
0.077829
0.0792675
0.0803833
0.0095212
0.0100124
0.0105934
0.011155
0.0116375
0.0119977
0.0122633
0.012463
0.0126048
0.0127082
0.0128052
0.0129388
0.0130644
0.0131925
0.0133387
0.0134949
0.0137241
0.0139968
0.0143012
0.0146097
0.0148969
0.0152084
0.0155253
0.0158578
0.016198
0.0165412
0.0169241
0.0173197
0.0176801
0.0180445
0.0184325
0.0188399
0.0192832
0.0197328
0.0201476
0.0205827
0.0211059
0.02163
0.0220304
0.0224501
0.0230503
0.0237209
0.024205
0.0245335
0.0250993
0.0259288
0.0265203
0.0268501
0.0274725
0.0283024
0.0288807
0.02939
0.0301154
0.0308582
0.0314904
0.0321517
0.0328882
0.0336315
0.0343597
0.0351271
0.0359026
0.0366604
0.0374557
0.0383186
0.0391311
0.0399534
0.0408453
0.0417127
0.0426073
0.043535
0.0444768
0.045405
0.0463934
0.0473828
0.0484137
0.0494223
0.0504838
0.0515631
0.0526516
0.0537695
0.0549002
0.0560746
0.0572236
0.0584635
0.0596595
0.0609297
0.0621873
0.0634876
0.0648213
0.0661316
0.0675403
0.0689115
0.0703365
0.0718079
0.0732516
0.0748035
0.0763191
0.0778407
0.0792823
0.0803991
0.00959405
0.0100811
0.0106578
0.0112154
0.0117017
0.0120788
0.0123437
0.0125344
0.0126737
0.0127819
0.0128713
0.0129903
0.0131283
0.0132604
0.0134142
0.0135771
0.0137984
0.0140639
0.0143524
0.0146654
0.0149634
0.0152783
0.0155948
0.0159198
0.0162592
0.0165981
0.0169701
0.0173625
0.0177359
0.0181035
0.0184813
0.0188821
0.0193096
0.0197601
0.0201986
0.0206286
0.021116
0.0216389
0.0220832
0.0225061
0.0230458
0.0236959
0.0242582
0.0246166
0.0250789
0.0258831
0.02658
0.0269132
0.0274505
0.0282941
0.0289239
0.0294101
0.0301106
0.0308704
0.0315125
0.0321662
0.0328939
0.0336408
0.0343715
0.0351342
0.0359154
0.0366717
0.0374569
0.0383262
0.0391439
0.0399614
0.0408513
0.0417211
0.0426162
0.0435437
0.0444859
0.0454131
0.0464001
0.0473907
0.0484207
0.0494287
0.05049
0.0515685
0.0526571
0.0537752
0.0549046
0.0560782
0.0572289
0.058468
0.0596629
0.060933
0.0621917
0.063491
0.064825
0.0661362
0.0675449
0.0689171
0.0703422
0.0718152
0.0732602
0.0748133
0.0763311
0.0778547
0.0792969
0.0804148
0.00967008
0.0101504
0.0107232
0.0112765
0.0117591
0.0121453
0.0124166
0.0126019
0.0127344
0.0128414
0.0129322
0.0130371
0.0131769
0.0133182
0.013479
0.0136511
0.0138628
0.0141255
0.0144064
0.0147186
0.0150261
0.0153401
0.0156596
0.0159786
0.016318
0.0166551
0.0170156
0.0174045
0.0177813
0.0181584
0.0185316
0.0189243
0.0193446
0.0197866
0.0202386
0.0206754
0.0211389
0.0216491
0.0221169
0.0225586
0.0230687
0.0236732
0.0242766
0.0247075
0.025099
0.0258197
0.0266098
0.0269993
0.0274393
0.0282666
0.0289666
0.0294376
0.0301009
0.0308775
0.0315351
0.032182
0.0328996
0.0336489
0.0343828
0.0351407
0.0359284
0.0366851
0.037458
0.0383316
0.0391574
0.0399705
0.040857
0.0417286
0.0426247
0.0435515
0.0444947
0.045421
0.0464066
0.0473985
0.0484274
0.0494348
0.0504961
0.0515736
0.0526626
0.0537805
0.0549084
0.0560817
0.0572341
0.0584721
0.0596658
0.0609364
0.0621957
0.0634939
0.064828
0.0661403
0.0675488
0.068922
0.0703473
0.071822
0.0732685
0.0748226
0.0763428
0.0778665
0.079311
0.0804302
0.00975172
0.0102216
0.010788
0.0113365
0.0118121
0.0121969
0.0124742
0.0126591
0.0127864
0.012889
0.0129825
0.0130792
0.0132131
0.013364
0.0135302
0.0137114
0.0139204
0.0141821
0.0144627
0.014766
0.0150793
0.0153945
0.0157195
0.0160378
0.0163727
0.0167114
0.0170588
0.0174446
0.0178217
0.0182043
0.0185821
0.0189641
0.0193814
0.019815
0.0202685
0.0207194
0.0211709
0.0216662
0.0221447
0.0226007
0.023104
0.0236684
0.0242688
0.0247811
0.0251623
0.0257665
0.0265972
0.0270989
0.0274621
0.0282237
0.0290036
0.0294832
0.0300924
0.0308793
0.0315608
0.0322014
0.0329062
0.033657
0.0343933
0.0351464
0.0359413
0.0367008
0.0374601
0.0383356
0.0391713
0.0399808
0.0408615
0.0417371
0.0426346
0.0435597
0.0445044
0.0454296
0.0464139
0.047407
0.0484347
0.0494419
0.0505034
0.0515796
0.0526692
0.0537866
0.0549129
0.0560865
0.0572403
0.0584767
0.0596695
0.0609412
0.0622007
0.0634978
0.0648322
0.0661458
0.0675539
0.0689279
0.0703535
0.0718294
0.0732774
0.0748323
0.0763543
0.0778807
0.0793248
0.080445
0.00983921
0.0102973
0.0108533
0.0113937
0.0118599
0.0122359
0.0125136
0.0127002
0.0128254
0.0129224
0.013016
0.0131119
0.013239
0.0133958
0.0135706
0.0137622
0.0139744
0.0142309
0.0145137
0.0148103
0.0151248
0.015444
0.0157711
0.0160918
0.0164198
0.0167621
0.0171006
0.0174782
0.0178583
0.01824
0.0186268
0.0190037
0.0194153
0.0198449
0.020289
0.0207524
0.0212033
0.0216833
0.0221678
0.0226307
0.0231355
0.0236806
0.024251
0.0248155
0.0252435
0.0257409
0.0265365
0.0271722
0.0275211
0.0281704
0.0290098
0.0295403
0.030087
0.0308664
0.0315846
0.0322238
0.0329128
0.0336656
0.0344032
0.0351501
0.0359534
0.0367181
0.0374633
0.0383371
0.0391848
0.0399923
0.0408668
0.0417452
0.0426438
0.0435663
0.0445132
0.0454376
0.0464205
0.0474142
0.0484402
0.0494478
0.0505095
0.051584
0.0526747
0.0537912
0.0549158
0.0560905
0.0572453
0.0584798
0.0596717
0.0609449
0.0622042
0.0635001
0.0648352
0.0661499
0.0675579
0.0689324
0.070359
0.071836
0.0732855
0.0748413
0.0763651
0.0778911
0.079338
0.0804595
0.00992287
0.0103692
0.0109102
0.0114378
0.0118951
0.0122621
0.012536
0.012723
0.0128487
0.0129429
0.0130366
0.0131372
0.0132622
0.0134234
0.0136095
0.0138122
0.0140327
0.0142872
0.0145729
0.0148689
0.0151782
0.0154993
0.0158255
0.0161498
0.0164729
0.0168149
0.0171519
0.017515
0.0178985
0.0182777
0.0186693
0.0190527
0.0194545
0.0198845
0.020318
0.0207836
0.021244
0.02171
0.0221954
0.0226631
0.0231648
0.0237078
0.024251
0.0248254
0.0253274
0.025774
0.0264718
0.0272079
0.0276201
0.0281473
0.0289861
0.0296049
0.0301079
0.0308449
0.0316037
0.0322533
0.0329199
0.0336748
0.0344144
0.035152
0.0359634
0.0367383
0.0374699
0.0383367
0.0391972
0.0400048
0.040871
0.0417539
0.0426537
0.0435726
0.0445227
0.045447
0.0464284
0.0474224
0.0484471
0.0494558
0.0505176
0.0515903
0.0526818
0.0537971
0.0549202
0.0560968
0.0572518
0.0584842
0.0596759
0.0609509
0.0622095
0.063504
0.0648399
0.0661557
0.0675632
0.068938
0.0703653
0.0718433
0.0732941
0.0748509
0.0763761
0.0779036
0.0793509
0.0804731
0.00999944
0.010412
0.0109207
0.0114192
0.0118525
0.0121978
0.0124568
0.0126391
0.0127678
0.0128684
0.0129695
0.0130851
0.013223
0.0133962
0.0135994
0.0138199
0.0140559
0.0143158
0.0146039
0.0149043
0.01521
0.0155293
0.0158565
0.016185
0.0165084
0.0168464
0.0171887
0.0175408
0.0179211
0.0183025
0.0186928
0.0190882
0.0194837
0.0199111
0.0203411
0.020799
0.0212706
0.021732
0.0222133
0.0226905
0.0231846
0.023726
0.0242604
0.0248145
0.02537
0.0258312
0.0264197
0.027186
0.0277104
0.0281619
0.0289357
0.0296439
0.0301523
0.0308197
0.0316044
0.0322872
0.0329294
0.0336813
0.0344288
0.0351526
0.0359673
0.0367596
0.0374807
0.0383333
0.0392072
0.0400192
0.0408768
0.0417631
0.042664
0.0435783
0.0445317
0.0454571
0.046436
0.0474284
0.0484521
0.0494628
0.0505239
0.0515948
0.0526874
0.0538011
0.054923
0.056102
0.0572564
0.0584863
0.0596784
0.0609553
0.0622129
0.0635061
0.0648435
0.0661603
0.0675674
0.0689426
0.070371
0.0718499
0.0733018
0.0748593
0.076386
0.0779151
0.0793631
0.0804867
0.0103145
0.0107178
0.0111897
0.0116356
0.0120122
0.0123026
0.0125098
0.0126545
0.0127606
0.0128527
0.0129512
0.0130716
0.0132202
0.0134028
0.0136182
0.0138524
0.0140997
0.0143639
0.0146514
0.0149514
0.0152533
0.0155652
0.0158909
0.0162235
0.0165486
0.0168814
0.0172272
0.0175776
0.0179479
0.0183327
0.0187225
0.0191258
0.0195231
0.0199426
0.0203754
0.0208224
0.021295
0.0217607
0.0222325
0.0227206
0.0232112
0.0237411
0.0242819
0.0248177
0.0253896
0.0258969
0.0264179
0.0271419
0.0277699
0.0282173
0.0288926
0.0296492
0.0302133
0.0308152
0.0315887
0.0323185
0.0329469
0.033683
0.0344453
0.0351573
0.0359635
0.0367808
0.0374994
0.0383291
0.0392132
0.0400307
0.0408798
0.0417708
0.0426723
0.0435817
0.0445387
0.0454675
0.0464445
0.0474335
0.048457
0.0494721
0.0505317
0.0516002
0.0526941
0.0538058
0.0549271
0.0561092
0.0572625
0.0584894
0.0596829
0.0609614
0.0622175
0.0635092
0.0648477
0.0661655
0.0675719
0.0689473
0.0703767
0.0718566
0.0733094
0.0748681
0.0763961
0.0779263
0.0793748
0.0804988
0.00998065
0.0103476
0.0108054
0.0112563
0.0116524
0.0119752
0.0122225
0.0124168
0.0125802
0.0127296
0.0128772
0.0130338
0.0132132
0.0134157
0.0136445
0.0138876
0.0141396
0.0144047
0.0146894
0.0149868
0.0152856
0.0155926
0.0159139
0.0162507
0.0165786
0.0169096
0.0172555
0.0176098
0.0179734
0.0183543
0.0187488
0.0191526
0.0195557
0.0199693
0.0204035
0.0208472
0.0213112
0.0217878
0.022253
0.0227464
0.0232407
0.0237514
0.0242986
0.0248284
0.0253956
0.0259443
0.0264477
0.0271059
0.0277871
0.0282898
0.0288815
0.0296278
0.0302667
0.030837
0.0315646
0.0323339
0.0329749
0.0336842
0.0344589
0.0351705
0.0359531
0.0367948
0.0375261
0.0383258
0.0392133
0.0400485
0.0408915
0.0417827
0.0426834
0.0435879
0.0445481
0.0454809
0.0464557
0.0474384
0.048461
0.0494819
0.0505401
0.0516048
0.0527002
0.0538102
0.054931
0.0561159
0.0572671
0.0584912
0.0596865
0.060967
0.0622216
0.0635122
0.0648525
0.0661711
0.0675769
0.0689523
0.0703827
0.0718631
0.0733164
0.0748758
0.076405
0.0779367
0.0793855
0.0805116
0.0114182
0.0113967
0.0113248
0.0112969
0.0113463
0.011475
0.0116625
0.0118869
0.0121342
0.012388
0.0126421
0.0128873
0.0131343
0.0133809
0.0136356
0.0138949
0.0141538
0.0144224
0.0147036
0.0150007
0.0152982
0.0156026
0.0159165
0.0162515
0.0165828
0.0169152
0.0172647
0.0176222
0.0179891
0.0183648
0.0187645
0.01917
0.019576
0.0199915
0.0204202
0.020867
0.0213177
0.0218006
0.0222698
0.0227581
0.0232638
0.0237581
0.0243055
0.0248434
0.0253953
0.0259671
0.0264828
0.0270863
0.0277689
0.0283382
0.0288986
0.0295938
0.0302908
0.0308777
0.0315471
0.0323293
0.0330067
0.03369
0.0344648
0.0351907
0.0359429
0.0367968
0.0375582
0.0383286
0.0392056
0.0400605
0.0408992
0.041789
0.0426883
0.0435874
0.044552
0.0454909
0.0464643
0.0474398
0.0484623
0.0494904
0.0505476
0.0516083
0.0527043
0.0538131
0.0549348
0.0561223
0.0572712
0.0584929
0.0596903
0.0609719
0.0622246
0.063514
0.0648556
0.066175
0.0675799
0.0689559
0.0703872
0.0718686
0.0733227
0.0748829
0.0764135
0.0779457
0.0793952
0.0805163
0.0100913
0.0103824
0.0107476
0.0111007
0.0114143
0.0116773
0.0118956
0.0120802
0.0122564
0.0124415
0.0126514
0.0128775
0.0131166
0.0133667
0.0136292
0.0139036
0.0141752
0.0144541
0.0147364
0.0150362
0.0153402
0.0156443
0.0159511
0.016271
0.0166014
0.016934
0.0172859
0.0176434
0.0180141
0.0183915
0.0187855
0.0191953
0.0195993
0.020019
0.0204427
0.0208902
0.0213395
0.0218143
0.022298
0.0227759
0.0232842
0.0237774
0.0243092
0.0248654
0.0254036
0.0259788
0.0265249
0.0270952
0.0277573
0.0283673
0.0289397
0.0295842
0.0302884
0.0309297
0.0315537
0.0323079
0.0330389
0.033705
0.0344634
0.0352172
0.0359389
0.0367872
0.0375931
0.0383446
0.039204
0.0400743
0.040919
0.0418029
0.0427007
0.0435952
0.044561
0.0455075
0.0464795
0.0474451
0.0484669
0.0495018
0.0505582
0.0516149
0.0527106
0.0538178
0.0549409
0.0561305
0.0572759
0.0584957
0.0596955
0.0609787
0.0622295
0.0635183
0.0648614
0.0661812
0.0675856
0.0689611
0.0703931
0.0718747
0.0733287
0.0748898
0.076421
0.0779549
0.0794047
0.080531
0.0115321
0.0114152
0.0112281
0.0110767
0.0110167
0.0110603
0.0112084
0.0114312
0.0117056
0.012012
0.0123421
0.0126825
0.013011
0.0133225
0.0136153
0.0139053
0.0141871
0.0144678
0.0147462
0.0150388
0.0153447
0.0156475
0.0159511
0.0162577
0.0165856
0.0169268
0.0172808
0.0176433
0.0180169
0.0184042
0.0187926
0.0192026
0.0196102
0.0200282
0.0204538
0.0208952
0.0213521
0.0218178
0.0223084
0.022791
0.0232863
0.023794
0.0243087
0.0248729
0.0254164
0.0259715
0.0265497
0.0271076
0.0277436
0.0283718
0.0289603
0.0295923
0.0302658
0.0309536
0.0315836
0.0322735
0.0330499
0.0337309
0.0344495
0.0352436
0.0359457
0.0367649
0.0376166
0.0383623
0.0391846
0.0400724
0.0409288
0.0418088
0.0427025
0.0435938
0.0445598
0.0455129
0.0464886
0.047445
0.0484643
0.0495072
0.0505637
0.0516169
0.0527129
0.0538184
0.0549426
0.0561354
0.0572785
0.0584956
0.0596974
0.0609819
0.0622312
0.0635188
0.064863
0.0661835
0.067587
0.0689631
0.0703958
0.0718781
0.0733327
0.0748943
0.076427
0.0779605
0.0794111
0.080536
0.010997
0.0108282
0.0106257
0.0104884
0.0104627
0.0105581
0.0107713
0.0110717
0.0114272
0.0118124
0.0122071
0.0126001
0.0129686
0.0133079
0.0136169
0.0139113
0.0141973
0.0144775
0.0147553
0.0150457
0.0153509
0.0156533
0.0159553
0.0162581
0.0165808
0.0169269
0.0172817
0.0176457
0.0180203
0.0184106
0.0188002
0.0192057
0.0196176
0.0200338
0.0204604
0.020899
0.0213569
0.0218242
0.02231
0.022802
0.0232895
0.0238024
0.0243193
0.0248757
0.0254341
0.0259759
0.0265633
0.0271321
0.0277464
0.0283815
0.0289756
0.0296121
0.0302702
0.0309594
0.0316241
0.0322778
0.0330443
0.033761
0.0344513
0.0352489
0.0359737
0.0367564
0.0376215
0.0383935
0.0391919
0.0400762
0.040945
0.0418257
0.042718
0.0436066
0.0445711
0.0455257
0.0465048
0.0474579
0.0484713
0.0495169
0.0505753
0.0516254
0.0527212
0.0538258
0.0549488
0.0561431
0.0572855
0.0585007
0.0597028
0.0609887
0.0622378
0.0635246
0.0648693
0.0661899
0.0675933
0.0689685
0.0704012
0.0718834
0.0733376
0.0748999
0.0764334
0.0779699
0.0794216
0.0805484
)
;

boundaryField
{
    zeroGradientPlanes
    {
        type            zeroGradient;
    }
    inlet
    {
        type            zeroGradient;
    }
    plate
    {
        type            zeroGradient;
    }
    frontAndBack
    {
        type            empty;
    }
}


// ************************************************************************* //
