/*--------------------------------*- C++ -*----------------------------------*\
| =========                 |                                                 |
| \\      /  F ield         | OpenFOAM: The Open Source CFD Toolbox           |
|  \\    /   O peration     | Version:  v1912                                 |
|   \\  /    A nd           | Website:  www.openfoam.com                      |
|    \\/     M anipulation  |                                                 |
\*---------------------------------------------------------------------------*/
FoamFile
{
    version     2.0;
    format      ascii;
    class       volScalarField;
    location    "3.3";
    object      p;
}
// * * * * * * * * * * * * * * * * * * * * * * * * * * * * * * * * * * * * * //

dimensions      [0 2 -2 0 0 0 0];


internalField   nonuniform List<scalar> 
9600
(
-5.0478e-11
0.00011491
-0.000969847
0.00877299
0.000751572
0.00943919
0.0135154
0.00979079
0.00674565
0.0057368
0.00481879
0.00269148
-0.00479659
2.47045e-05
0.0025783
0.00536011
0.00472735
0.00502112
0.00630311
0.00754714
-2.12437e-06
0.000261268
-0.000960918
0.00858094
0.000760194
0.00951113
0.0134856
0.00979336
0.00675126
0.00571687
0.00483949
0.00268108
-0.00454108
3.79387e-05
0.00255845
0.00535234
0.00472744
0.00500372
0.00631751
0.00739563
-2.40076e-06
0.000329158
-0.000975542
0.00840085
0.000793675
0.00961303
0.0134273
0.0098074
0.00675176
0.00569403
0.00486616
0.00267453
-0.00428691
4.09671e-05
0.00255585
0.00533302
0.00472574
0.00498641
0.00631183
0.00720631
-1.20113e-06
0.000395865
-0.00100701
0.00820124
0.000852792
0.00969196
0.0133513
0.00981901
0.00674582
0.00567919
0.00489165
0.00267422
-0.00402429
4.16089e-05
0.00256638
0.00529327
0.00471887
0.00497154
0.00627819
0.00702199
1.70553e-06
0.000460904
-0.00105315
0.00799285
0.000947233
0.00973354
0.0132582
0.00982352
0.00673428
0.00567373
0.00491528
0.00268083
-0.00374829
3.69099e-05
0.00257224
0.00523031
0.00470617
0.00495089
0.00623095
0.00685078
6.49499e-06
0.000523607
-0.00110997
0.00780562
0.00108463
0.00972723
0.0131437
0.0098229
0.00671843
0.00567632
0.00493472
0.0026934
-0.00345848
2.59483e-05
0.00256756
0.00515198
0.00468871
0.00492996
0.0061814
0.0066907
1.31653e-05
0.000583668
-0.00116913
0.00766028
0.00126301
0.00965819
0.0130104
0.00982001
0.00670007
0.00568262
0.00494902
0.00271017
-0.00315812
1.60283e-05
0.00255843
0.00506874
0.00467014
0.00491475
0.00612832
0.00653722
2.15476e-05
0.000641307
-0.00121989
0.00756306
0.00146692
0.00953043
0.0128668
0.00981595
0.00668026
0.00568799
0.00495853
0.0027282
-0.00285037
1.8301e-05
0.00255319
0.00498961
0.00465286
0.00490187
0.00606713
0.00639042
3.13747e-05
0.00069733
-0.00125252
0.00750742
0.00167501
0.00935958
0.012722
0.00981043
0.00665894
0.00568951
0.00496405
0.00274509
-0.00253711
3.7002e-05
0.00255672
0.00492122
0.00463419
0.00488615
0.00599869
0.00624907
4.23842e-05
0.00075281
-0.00125931
0.00748154
0.00187207
0.00916769
0.0125815
0.00980304
0.00663543
0.00568566
0.00496679
0.00275993
-0.00222102
7.23809e-05
0.00257048
0.00486599
0.00461149
0.00486701
0.00592444
0.00610735
5.44469e-05
0.00080862
-0.00124128
0.00747408
0.00205351
0.0089728
0.0124468
0.00979379
0.00660899
0.00567596
0.00496856
0.00277253
-0.00190521
0.000123046
0.00259257
0.00482335
0.00458483
0.00484433
0.00584283
0.00596105
6.75996e-05
0.000865139
-0.00120195
0.00747629
0.00222191
0.00878234
0.012316
0.00978281
0.00657945
0.00566073
0.00497135
0.00278378
-0.00159232
0.000186889
0.00261892
0.00479204
0.00455464
0.00481583
0.00575378
0.00581047
8.19819e-05
0.000922381
-0.00114615
0.00748137
0.00238189
0.00859672
0.0121862
0.00976998
0.00654731
0.00564057
0.00497691
0.00279538
-0.00128444
0.000261696
0.00264577
0.00477077
0.00452073
0.00477959
0.00566049
0.00565678
9.77605e-05
0.000980256
-0.00107798
0.00748383
0.00253705
0.00841438
0.0120541
0.00975502
0.00651332
0.00561605
0.00498652
0.00280878
-0.000983399
0.000346247
0.00267044
0.004758
0.00448381
0.00473489
0.00556668
0.00550036
0.0001151
0.00103862
-0.00100002
0.00747973
0.00268945
0.00823386
0.0119177
0.00973766
0.00647811
0.00558764
0.00500099
0.00282514
-0.00069085
0.000440319
0.00269112
0.00475187
0.00444552
0.00468073
0.00547527
0.00534296
0.000134169
0.00109733
-0.000913708
0.00746677
0.00284012
0.00805453
0.0117759
0.00971765
0.00644206
0.00555572
0.00502071
0.00284545
-0.000408232
0.000544177
0.0027067
0.00475017
0.00440779
0.00461569
0.00538823
0.00518829
0.000155155
0.00115622
-0.00081993
0.00744413
0.00298989
0.0078766
0.0116285
0.0096948
0.00640543
0.00552052
0.00504572
0.00287082
-0.000136761
0.000658092
0.00271691
0.00475043
0.00437282
0.00453875
0.00530613
0.00504103
0.000178258
0.00121516
-0.000719276
0.00741188
0.00313951
0.00770061
0.0114758
0.00966902
0.00636832
0.00548222
0.00507581
0.00290265
0.000122601
0.000781928
0.0027226
0.00475045
0.00434298
0.00444962
0.00522768
0.00490607
0.000203673
0.001274
-0.000612146
0.00737053
0.00328956
0.00752723
0.0113182
0.00964032
0.00633084
0.0054409
0.00511075
0.00294219
0.0003689
0.000915086
0.00272587
0.00474852
0.00432023
0.00434864
0.00515026
0.00478815
0.000231595
0.00133258
-0.000498771
0.00732065
0.00344029
0.00735713
0.0111559
0.00960878
0.00629311
0.0053965
0.00515018
0.00299028
0.000601316
0.00105663
0.00272937
0.00474303
0.00430583
0.00423719
0.00507068
0.00469135
0.000262226
0.00139076
-0.000379237
0.00726266
0.00359156
0.00719101
0.0109893
0.00957454
0.00625534
0.00534891
0.00519346
0.00304766
0.000819472
0.00120518
0.0027355
0.00473252
0.00430068
0.00411779
0.00498548
0.00461856
0.000295752
0.00144839
-0.000253536
0.00719677
0.00374288
0.00702945
0.0108182
0.0095377
0.00621771
0.00529793
0.00523988
0.00311456
0.00102336
0.00135913
0.00274607
0.00471563
0.00430533
0.00399369
0.00489109
0.00457134
0.000332352
0.00150534
-0.000121651
0.00712308
0.00389346
0.006873
0.0106429
0.00949827
0.00618046
0.0052433
0.00528884
0.00319125
0.00121319
0.00151683
0.00276255
0.0046912
0.00431989
0.00386904
0.00478384
0.00454923
0.000372208
0.00156151
1.64149e-05
0.00704168
0.00404227
0.00672223
0.0104632
0.00945625
0.00614397
0.00518479
0.0053395
0.00327807
0.00138939
0.00167646
0.00278628
0.00465847
0.00434393
0.0037491
0.00465973
0.00454901
0.0004155
0.0016168
0.000161382
0.00695268
0.00418823
0.00657774
0.010279
0.00941162
0.00610876
0.00512221
0.00539087
0.00337526
0.00155251
0.00183624
0.00281846
0.0046167
0.00437618
0.00364023
0.00451524
0.00456341
0.000462401
0.00167119
0.000311384
0.0068564
0.00433023
0.00644015
0.0100903
0.00936423
0.00607553
0.00505549
0.00544187
0.00348295
0.001703
0.0019946
0.00286032
0.00456533
0.00441413
0.00354973
0.00434904
0.0045808
0.000513068
0.00172469
0.00046634
0.0067534
0.00446719
0.00631001
0.00989714
0.00931391
0.00604499
0.00498463
0.00549137
0.00360143
0.00184132
0.0021495
0.00291371
0.00450467
0.00445361
0.00348478
0.00416393
0.00458636
0.000567622
0.00177738
0.000625894
0.00664447
0.00459802
0.00618789
0.00969979
0.00926033
0.00601792
0.00490972
0.00553802
0.00373133
0.00196802
0.00229818
0.00298101
0.00443576
0.0044887
0.00345159
0.00396849
0.0045636
0.000626172
0.00182943
0.000789414
0.00653055
0.00472169
0.00607434
0.00949862
0.00920308
0.00599519
0.00483103
0.00558013
0.00387308
0.00208409
0.00243771
0.00306456
0.00436048
0.00451254
0.00345401
0.00377676
0.00449812
0.000688788
0.00188106
0.000956225
0.00641275
0.00483714
0.00596984
0.00929417
0.00914165
0.00597759
0.00474921
0.00561578
0.00402677
0.00219128
0.00256463
0.00316586
0.00428335
0.00451844
0.00349041
0.00360435
0.00438464
0.000755464
0.00193259
0.0011256
0.0062923
0.0049433
0.00587466
0.00908723
0.00907543
0.00596567
0.00466518
0.00564269
0.00419247
0.00229209
0.00267487
0.00328538
0.00421187
0.00450017
0.00355247
0.00346782
0.00423177
0.000826167
0.00198441
0.00129662
0.00617039
0.00503889
0.00578886
0.00887874
0.00900396
0.00595979
0.00457992
0.00565853
0.00436969
0.00239029
0.00276425
0.00342133
0.00415514
0.00445381
0.0036269
0.00338175
0.00406053
0.00090081
0.00203697
0.0014684
0.00604813
0.00512441
0.00571247
0.00866987
0.00892686
0.00596002
0.00449482
0.00566129
0.0045566
0.00249086
0.00282907
0.00356829
0.00412315
0.00438113
0.00369842
0.00335115
0.00389592
0.00097923
0.00209073
0.00164004
0.00592676
0.00519877
0.00564508
0.00846167
0.00884371
0.00596632
0.00441169
0.0056493
0.00475041
0.00259944
0.00286712
0.00371793
0.00412482
0.00428966
0.00375187
0.00336822
0.00376451
0.00106127
0.00214616
0.00181059
0.00580759
0.00526164
0.00558592
0.00825501
0.00875425
0.00597859
0.00433222
0.00562137
0.00494765
0.00272136
0.00287839
0.00386043
0.0041664
0.00419078
0.00377613
0.003418
0.00368509
0.00114671
0.00220369
0.00197945
0.00569146
0.00531296
0.00553462
0.00805094
0.00865826
0.00599646
0.00425829
0.00557679
0.00514434
0.00286163
0.0028652
0.00398459
0.00425041
0.0040975
0.00376515
0.00348515
0.00366264
0.00123533
0.0022636
0.00214625
0.00557892
0.00535314
0.00549104
0.00785052
0.00855536
0.00601885
0.00419213
0.00551577
0.00533569
0.0030244
0.00283266
0.00407884
0.00437514
0.00402552
0.00371603
0.00355362
0.00369219
0.00132693
0.00232614
0.00231064
0.00547032
0.00538261
0.00545492
0.00765438
0.0084455
0.00604515
0.00413547
0.00543929
0.00551684
0.00321139
0.0027888
0.00413223
0.00453197
0.00399357
0.00363198
0.00360646
0.00376624
0.0014213
0.00239137
0.00247263
0.00536597
0.00540136
0.00542614
0.00746316
0.0083281
0.00607506
0.00409035
0.00534829
0.00568331
0.00342247
0.00274309
0.00413796
0.00470495
0.00401852
0.00352584
0.00362482
0.0038741
0.00151827
0.00245917
0.00263238
0.00526634
0.0054093
0.00540443
0.00727787
0.00820317
0.00610733
0.00405905
0.00524516
0.00582929
0.0036561
0.00270562
0.00409369
0.00487593
0.00411035
0.00342038
0.00359234
0.00399582
0.00161778
0.00252926
0.00279011
0.00517208
0.00540599
0.00538987
0.00709989
0.00807034
0.00614066
0.00404343
0.00513365
0.00594921
0.00390662
0.00268887
0.00400323
0.00502327
0.00426506
0.00334391
0.00350889
0.00410367
0.00171979
0.00260124
0.0029458
0.00508415
0.00539114
0.00538195
0.00693117
0.00792947
0.00617269
0.00404502
0.00501757
0.00603969
0.00416659
0.00270247
0.00388041
0.00512793
0.00446151
0.00331985
0.00339256
0.00417297
0.00182435
0.00267462
0.00309927
0.00500363
0.00536444
0.00537953
0.00677351
0.00778159
0.00620173
0.00406443
0.00490041
0.00609785
0.00443026
0.00275255
0.00373845
0.00518284
0.00467742
0.00335695
0.00326618
0.00419179
0.00193157
0.00274885
0.0032499
0.00493229
0.00532548
0.00538108
0.00662932
0.0076269
0.00622614
0.00410233
0.00478633
0.00612079
0.00468925
0.00284732
0.0035937
0.00518503
0.00489834
0.00346609
0.00315306
0.00413147
0.00204156
0.00282346
0.00339674
0.00487228
0.00527471
0.00538362
0.00650136
0.00746826
0.0062421
0.00415888
0.00468149
0.00610782
0.0049341
0.00298675
0.00346662
0.0051365
0.00512229
0.00365733
0.00306594
0.00396576
0.00215454
0.0028979
0.00353901
0.0048255
0.00521318
0.00538426
0.00639076
0.00730861
0.00624789
0.00423137
0.00459063
0.00606241
0.005156
0.0031664
0.00336844
0.00504261
0.00532485
0.00390655
0.00301473
0.00373261
0.00227066
0.00297195
0.00367529
0.00479375
0.00514317
0.00537807
0.00629863
0.00715278
0.00624187
0.00431537
0.00451743
0.00599074
0.00534904
0.00337956
0.00330487
0.00490908
0.00546884
0.00418014
0.00302596
0.00351243
0.00238995
0.00304555
0.00380406
0.00477804
0.00506719
0.00536098
0.00622386
0.00700591
0.00622351
0.00440631
0.00446463
0.00589926
0.00551043
0.00361318
0.00327926
0.00475463
0.00554193
0.0044521
0.00313812
0.00333974
0.00251265
0.00311885
0.00392356
0.00477831
0.00498969
0.00532953
0.00616235
0.00687364
0.00619542
0.00449968
0.00443219
0.00579453
0.00563872
0.00385756
0.00329194
0.00459191
0.00554599
0.00470552
0.00333202
0.0032447
0.00263874
0.00319215
0.00403208
0.00479362
0.00491595
0.00528191
0.00610976
0.00676047
0.00616108
0.00458977
0.00441747
0.00568609
0.00573351
0.00410199
0.0033424
0.00443151
0.00549324
0.00492691
0.00357564
0.00324309
0.00276815
0.0032659
0.00412827
0.00482243
0.00485119
0.00521903
0.0060588
0.00666745
0.00612602
0.00467236
0.00441811
0.00558067
0.00579284
0.00433705
0.00343298
0.00428706
0.00539358
0.00510626
0.00384812
0.00332449
0.00290081
0.00334076
0.00421077
0.00486248
0.00480096
0.00514302
0.00600153
0.00659279
0.00609582
0.00474811
0.00443111
0.00547975
0.00582051
0.00455812
0.0035588
0.00416897
0.00526065
0.00523941
0.00413793
0.00346907
0.00303618
0.0034175
0.00427931
0.00491041
0.00476981
0.00505797
0.00593136
0.00653163
0.00607499
0.00481885
0.00445297
0.00538704
0.00582302
0.00475847
0.00371129
0.00408999
0.00511523
0.00531936
0.00442698
0.00366338
0.00317358
0.00349705
0.0043344
0.0049619
0.00476048
0.00496903
0.00584421
0.00647771
0.00606642
0.00488709
0.00448183
0.00530446
0.00580374
0.00493501
0.00388764
0.00405727
0.00497076
0.00533889
0.00469224
0.00390577
0.00331204
0.00358035
0.0043773
0.00501241
0.0047737
0.00488308
0.00573937
0.00642257
0.00606979
0.00495713
0.00451558
0.00523065
0.00577019
0.00508973
0.0040802
0.00406704
0.00484008
0.00530896
0.00491385
0.00418693
0.00345032
0.00366837
0.00441013
0.00505705
0.00480778
0.00480878
0.00561907
0.0063564
0.00608226
0.00503393
0.00455445
0.00516543
0.00572941
0.00522209
0.00427673
0.00411573
0.00473974
0.00525193
0.00507377
0.00447465
0.00358716
0.00376159
0.0044355
0.00509164
0.0048594
0.00475463
0.00548781
0.00627087
0.00609842
0.00512137
0.00460168
0.00510775
0.00568241
0.00533381
0.00447241
0.00419804
0.00467419
0.00518658
0.00517385
0.00473761
0.00372133
0.00385973
0.004457
0.00511381
0.00492266
0.00472608
0.00535383
0.00616231
0.00611022
0.00522024
0.00466171
0.00505842
0.00562864
0.00542649
0.00466635
0.00430763
0.00463899
0.00512415
0.00523401
0.00495936
0.00385162
0.00396218
0.0044785
0.00512263
0.00498884
0.00472528
0.00522859
0.00603367
0.00610814
0.00532725
0.00473879
0.00502119
0.00556893
0.00549683
0.00485334
0.00444343
0.00463619
0.00506823
0.00526728
0.00513705
0.00397696
0.00406789
0.00450315
0.00511917
0.00504953
0.00474983
0.00512326
0.00589189
0.00608431
0.00543591
0.00483539
0.00500027
0.00550582
0.00554319
0.00502462
0.00460014
0.00467341
0.00502552
0.00527692
0.00527524
0.00409646
0.00417535
0.00453306
0.00510584
0.00509917
0.00479432
0.00504533
0.00574839
0.00603597
0.00553615
0.00494943
0.00500039
0.00544358
0.00556864
0.00517494
0.00476271
0.00474973
0.00501176
0.00527106
0.00537621
0.00420954
0.00428255
0.00456928
0.00508608
0.0051357
0.00485088
0.00499624
0.00561441
0.00596733
0.00561794
0.00507344
0.00502652
0.00538896
0.00557479
0.00530581
0.00492114
0.00484917
0.00503774
0.00526813
0.005443
0.00431588
0.00438699
0.00461219
0.00506446
0.00515876
0.00491171
0.00497366
0.00549773
0.00588537
0.00567627
0.00519811
0.00507863
0.0053515
0.005563
0.00541545
0.00507833
0.00495662
0.00509513
0.00528662
0.00548654
0.00441527
0.00448674
0.0046613
0.00504507
0.00516908
0.00497043
0.00497432
0.00540308
0.00579712
0.00571094
0.00531571
0.00515013
0.00533964
0.00554353
0.0054947
0.0052345
0.00507337
0.00516647
0.00533311
0.0055262
0.00450775
0.00458018
0.00471515
0.00503087
0.00516937
0.00502217
0.00499233
0.0053327
0.00571004
0.00572386
0.00542136
0.00523357
0.00535335
0.00553293
0.00554298
0.00537403
0.00520547
0.00524606
0.00540008
0.00557835
0.00459343
0.00466621
0.00477188
0.00502349
0.00516245
0.00506454
0.00502109
0.00528597
0.0056317
0.00571851
0.00550991
0.00532363
0.00538641
0.00554009
0.00557838
0.00548213
0.00534351
0.00533992
0.00547732
0.00564905
0.00467249
0.00474418
0.00482931
0.00502357
0.00515078
0.00509632
0.00505503
0.00525952
0.00556755
0.00570243
0.00557836
0.0054148
0.00543467
0.00556032
0.00561603
0.00556567
0.00546931
0.0054468
0.00556144
0.00573607
0.00474518
0.00481382
0.00488459
0.00503064
0.00513791
0.00511758
0.00508855
0.0052484
0.00551872
0.00568322
0.00562906
0.00550108
0.00549832
0.00559146
0.00565607
0.00564036
0.00557621
0.00555432
0.00564829
0.00582826
0.00481124
0.00487525
0.00493578
0.00504268
0.00512546
0.00512951
0.00511872
0.00524851
0.00548344
0.00566379
0.00566648
0.00557786
0.00557324
0.00564009
0.00569754
0.00571277
0.00567608
0.0056568
0.00573427
0.00591297
0.00487063
0.00492826
0.00498142
0.00505832
0.0051147
0.00513269
0.00514195
0.00525613
0.00546139
0.00564494
0.0056937
0.00564479
0.00564909
0.00570929
0.00574876
0.00578017
0.00577734
0.00576241
0.00582476
0.00599095
0.00492313
0.00497305
0.00501936
0.00507453
0.00510657
0.00513008
0.00515522
0.00526492
0.00545175
0.00562991
0.00571125
0.00570378
0.00571817
0.00578867
0.00582222
0.00584715
0.0058769
0.00587576
0.00592538
0.00607343
0.00496818
0.00501012
0.00504953
0.00508822
0.00509822
0.00512263
0.00516047
0.00526924
0.00544818
0.00562208
0.00572268
0.00575687
0.00578135
0.00586246
0.00591557
0.00592863
0.00597282
0.00599633
0.00604246
0.00617314
0.00500491
0.00503938
0.00507136
0.00509833
0.00508889
0.00510752
0.00515602
0.00526929
0.005444
0.00561804
0.00573292
0.00580503
0.00584842
0.00592923
0.00601303
0.00603265
0.00607303
0.00611986
0.00617439
0.00629672
0.00503299
0.00506074
0.00508429
0.00510154
0.00507758
0.00508652
0.00513626
0.00525952
0.00543775
0.00561311
0.00574284
0.00584898
0.00592231
0.00600405
0.00610929
0.00615416
0.00618838
0.00624716
0.00631721
0.00644307
0.00505141
0.005074
0.00508905
0.00509616
0.00505933
0.00505899
0.00510378
0.00522916
0.00541912
0.00560313
0.00575023
0.00589447
0.00600761
0.00610243
0.00621434
0.00628432
0.0063167
0.00636956
0.00644915
0.00658003
0.00506176
0.00507781
0.00508331
0.00508099
0.00503217
0.00501966
0.00505683
0.00517699
0.00536484
0.00556841
0.00575319
0.00595516
0.00614484
0.00630186
0.00644968
0.00655079
0.00658423
0.00658517
0.00658949
0.0066289
0.00506235
0.00507681
0.00507039
0.00505563
0.00499632
0.00497153
0.0049982
0.00510311
0.00524686
0.00539735
0.00556814
0.00581221
0.00610864
0.00638635
0.00663856
0.00686972
0.00709596
0.00733869
0.00760473
0.00784948
0.00504065
0.00505237
0.00504558
0.00501988
0.00494435
0.00491168
0.00495051
0.00509858
0.005312
0.0055403
0.0057616
0.00600549
0.0062601
0.0064885
0.00669289
0.00683467
0.0068926
0.00687758
0.00683473
0.00681479
0.00504908
0.00504391
0.005015
0.00496515
0.00486279
0.00479285
0.00481401
0.00498224
0.00523009
0.00549952
0.00575329
0.00600278
0.00627963
0.00654702
0.00682111
0.00711084
0.00740073
0.00768098
0.00793217
0.00812082
0.00497289
0.0049922
0.00497242
0.0049255
0.00483433
0.0047827
0.00478576
0.00488923
0.00503054
0.00522346
0.00550201
0.00583423
0.00623161
0.00663391
0.0069953
0.00731339
0.00757835
0.00778456
0.00792237
0.00797632
0.00984803
0.00665279
0.00049214
-0.00452553
-0.00535037
-0.00361757
-0.00175676
-0.000344974
0.000903108
0.00207863
0.00292406
0.00337534
0.00371777
0.00415932
0.00461909
0.00513045
0.00577653
0.00634298
0.00677851
0.00723062
0.00766674
0.00811216
0.00866664
0.00925579
0.00974441
0.0101831
0.0107196
0.0113171
0.0118854
0.0124279
0.0129672
0.0135442
0.0141129
0.0146609
0.0152425
0.0158103
0.0163214
0.0168031
0.0172294
0.0176293
0.0180548
0.0185493
0.0191462
0.0197874
0.0204364
0.0210962
0.0217047
0.0223504
0.0231216
0.0238336
0.0243704
0.0248891
0.025459
0.0260238
0.0267026
0.0275188
0.0283655
0.0291445
0.02988
0.030629
0.0314037
0.0321796
0.0329642
0.0338159
0.0346465
0.0354398
0.0362128
0.0370624
0.0380188
0.0389742
0.0398831
0.040805
0.0417897
0.0427807
0.0438005
0.0447919
0.0458361
0.0469299
0.0481233
0.0492631
0.0502704
0.0513526
0.0525492
0.0537743
0.0550408
0.0563673
0.0575747
0.0587902
0.0600934
0.0614703
0.0628512
0.064216
0.065643
0.0670841
0.0685347
0.0700581
0.071563
0.0731342
0.0746624
0.0760413
0.00945103
0.00655289
0.000588913
-0.00436704
-0.00525664
-0.00357537
-0.00173263
-0.000328728
0.000915655
0.00208998
0.00293484
0.00338486
0.00372557
0.00416573
0.00462418
0.00513429
0.00577998
0.00634632
0.00678137
0.00723323
0.00766911
0.0081141
0.0086684
0.00925763
0.00974618
0.0101845
0.010721
0.0113185
0.0118868
0.0124292
0.0129684
0.0135453
0.0141141
0.0146619
0.0152435
0.0158113
0.0163224
0.0168042
0.0172304
0.0176302
0.0180556
0.0185501
0.019147
0.0197881
0.020437
0.0210969
0.0217053
0.0223509
0.0231221
0.0238342
0.024371
0.0248896
0.0254595
0.0260242
0.026703
0.0275191
0.0283658
0.0291449
0.0298804
0.0306294
0.031404
0.0321799
0.0329644
0.0338162
0.0346467
0.0354401
0.0362131
0.0370626
0.038019
0.0389744
0.0398833
0.0408052
0.0417899
0.0427809
0.0438007
0.0447921
0.0458362
0.0469301
0.0481235
0.0492633
0.0502706
0.0513528
0.0525494
0.0537745
0.055041
0.0563674
0.0575749
0.0587903
0.0600935
0.0614704
0.0628514
0.0642161
0.0656431
0.0670842
0.0685348
0.0700582
0.0715631
0.0731343
0.0746626
0.0760416
0.00902827
0.0064068
0.000744776
-0.00408906
-0.00509555
-0.00351601
-0.00170515
-0.000309964
0.000929831
0.00210051
0.00294306
0.00339241
0.00373341
0.00417362
0.00463089
0.00513921
0.00578386
0.00634955
0.00678399
0.00723567
0.00767129
0.00811583
0.00867001
0.0092593
0.00974769
0.0101857
0.0107221
0.0113196
0.0118879
0.0124302
0.0129694
0.0135463
0.014115
0.0146628
0.0152444
0.0158122
0.0163232
0.016805
0.0172312
0.0176309
0.0180562
0.0185506
0.0191475
0.0197887
0.0204376
0.0210974
0.0217058
0.0223513
0.0231225
0.0238348
0.0243715
0.0248899
0.0254598
0.0260245
0.0267032
0.0275194
0.0283662
0.0291452
0.0298807
0.0306296
0.0314042
0.0321801
0.0329646
0.0338164
0.034647
0.0354404
0.0362132
0.0370627
0.0380192
0.0389747
0.0398835
0.0408053
0.0417901
0.0427811
0.0438008
0.0447923
0.0458364
0.0469302
0.0481236
0.0492635
0.0502707
0.0513529
0.0525495
0.0537746
0.0550411
0.0563676
0.057575
0.0587904
0.0600936
0.0614705
0.0628514
0.0642162
0.0656432
0.0670843
0.0685349
0.0700583
0.0715632
0.0731344
0.0746627
0.076042
0.00862571
0.00626235
0.000940215
-0.00373558
-0.00486449
-0.00342114
-0.00165886
-0.00027873
0.000952985
0.00211535
0.00295128
0.00339887
0.00374182
0.00418454
0.00464222
0.00514844
0.00579039
0.00635416
0.00678777
0.00723937
0.00767465
0.00811853
0.00867228
0.0092614
0.00974955
0.0101872
0.0107234
0.0113209
0.0118891
0.0124314
0.0129704
0.0135473
0.014116
0.0146638
0.0152454
0.0158132
0.0163241
0.016806
0.0172322
0.0176316
0.0180568
0.0185511
0.0191481
0.0197893
0.0204382
0.0210981
0.0217064
0.0223517
0.023123
0.0238355
0.0243721
0.0248903
0.0254602
0.0260248
0.0267034
0.0275197
0.0283666
0.0291456
0.029881
0.0306299
0.0314045
0.0321804
0.0329649
0.0338166
0.0346472
0.0354406
0.0362134
0.0370628
0.0380194
0.0389749
0.0398837
0.0408055
0.0417903
0.0427813
0.043801
0.0447924
0.0458365
0.0469303
0.0481238
0.0492637
0.0502709
0.051353
0.0525496
0.0537747
0.0550411
0.0563677
0.0575752
0.0587904
0.0600937
0.0614706
0.0628516
0.0642163
0.0656432
0.0670844
0.068535
0.0700584
0.0715633
0.0731345
0.0746629
0.0760427
0.00823696
0.00611638
0.00114886
-0.0033571
-0.0046026
-0.00330725
-0.00160189
-0.000238104
0.000984716
0.00213533
0.00296093
0.00340537
0.00375128
0.00419864
0.00465865
0.00516283
0.00580022
0.0063606
0.00679324
0.00724502
0.00768017
0.00812328
0.00867598
0.00926438
0.00975222
0.0101894
0.0107251
0.0113225
0.0118905
0.0124326
0.0129714
0.0135481
0.014117
0.014665
0.0152466
0.0158142
0.0163251
0.0168072
0.0172333
0.0176324
0.0180574
0.0185517
0.0191488
0.0197901
0.0204388
0.0210988
0.0217071
0.0223522
0.0231236
0.0238362
0.0243729
0.0248908
0.0254606
0.026025
0.0267036
0.0275201
0.028367
0.029146
0.0298814
0.0306302
0.0314048
0.0321807
0.0329651
0.0338169
0.0346475
0.0354409
0.0362136
0.0370629
0.0380196
0.0389751
0.0398839
0.0408056
0.0417904
0.0427814
0.0438012
0.0447926
0.0458366
0.0469304
0.0481239
0.049264
0.050271
0.051353
0.0525497
0.0537748
0.0550412
0.0563679
0.0575753
0.0587905
0.0600937
0.0614707
0.0628517
0.0642164
0.0656433
0.0670845
0.068535
0.0700584
0.0715634
0.0731346
0.0746631
0.0760435
0.00786002
0.00596554
0.00135226
-0.00297439
-0.00432499
-0.0031839
-0.0015416
-0.000193791
0.00102127
0.00215922
0.00297274
0.00341318
0.0037621
0.00421495
0.00467878
0.00518126
0.00581274
0.00636872
0.00680047
0.00725273
0.00768815
0.00813065
0.00868166
0.0092687
0.0097562
0.010193
0.0107278
0.0113245
0.0118922
0.0124341
0.0129723
0.0135486
0.0141177
0.0146662
0.0152478
0.0158151
0.0163261
0.0168087
0.0172348
0.0176333
0.018058
0.0185525
0.0191498
0.019791
0.0204395
0.0210996
0.021708
0.0223529
0.0231242
0.0238371
0.0243738
0.0248915
0.0254609
0.0260252
0.0267039
0.0275205
0.0283675
0.0291465
0.0298818
0.0306306
0.0314051
0.032181
0.0329655
0.0338172
0.0346479
0.0354412
0.0362138
0.037063
0.0380198
0.0389754
0.0398841
0.0408058
0.0417906
0.0427816
0.0438014
0.0447928
0.0458368
0.0469305
0.0481241
0.0492643
0.0502711
0.0513531
0.0525499
0.053775
0.0550413
0.0563681
0.0575755
0.0587906
0.0600938
0.0614708
0.0628518
0.0642165
0.0656434
0.0670846
0.0685351
0.0700585
0.0715635
0.0731346
0.0746632
0.0760445
0.00750063
0.00581041
0.00154125
-0.00259497
-0.00403432
-0.00305154
-0.0014792
-0.000147855
0.00106073
0.00218611
0.00298688
0.00342282
0.0037744
0.0042326
0.00470058
0.00520141
0.00582637
0.00637777
0.00680904
0.00726214
0.00769826
0.00814041
0.00868934
0.00927454
0.00976183
0.0101982
0.0107317
0.0113273
0.0118946
0.0124361
0.0129735
0.0135487
0.014118
0.0146673
0.015249
0.0158157
0.0163271
0.0168104
0.0172366
0.0176346
0.018059
0.0185535
0.0191511
0.0197921
0.0204402
0.0211003
0.0217089
0.0223537
0.0231249
0.023838
0.0243751
0.0248924
0.0254613
0.0260255
0.0267043
0.0275211
0.028368
0.029147
0.0298823
0.030631
0.0314055
0.0321814
0.0329659
0.0338176
0.0346483
0.0354416
0.036214
0.0370632
0.0380201
0.0389758
0.0398843
0.0408059
0.0417908
0.0427818
0.0438016
0.0447929
0.045837
0.0469306
0.0481243
0.0492646
0.0502713
0.0513532
0.05255
0.0537751
0.0550415
0.0563683
0.0575758
0.0587907
0.0600939
0.0614709
0.0628519
0.0642166
0.0656435
0.0670847
0.0685352
0.0700586
0.0715636
0.0731347
0.0746634
0.0760457
0.00716391
0.00564887
0.00170992
-0.00222096
-0.00372922
-0.00290827
-0.00141468
-0.000101556
0.00110206
0.00221561
0.00300327
0.00343412
0.00378793
0.00425115
0.00472308
0.00522206
0.00584028
0.00638723
0.00681852
0.00727275
0.00770977
0.00815177
0.00869847
0.00928169
0.00976904
0.0102052
0.0107368
0.0113309
0.0118978
0.0124388
0.0129752
0.0135488
0.0141178
0.0146682
0.0152497
0.0158157
0.0163277
0.0168122
0.0172386
0.0176361
0.0180603
0.0185552
0.019153
0.0197938
0.0204411
0.0211011
0.02171
0.0223545
0.0231253
0.0238388
0.0243767
0.0248936
0.0254619
0.0260258
0.0267049
0.0275217
0.0283685
0.0291476
0.029883
0.0306315
0.0314059
0.0321819
0.0329665
0.0338182
0.0346487
0.035442
0.0362144
0.0370634
0.0380205
0.0389761
0.0398846
0.0408061
0.0417911
0.042782
0.0438018
0.0447931
0.0458372
0.0469308
0.0481245
0.0492649
0.0502714
0.0513533
0.0525502
0.0537752
0.0550416
0.0563685
0.057576
0.0587908
0.060094
0.0614711
0.0628521
0.0642167
0.0656436
0.0670848
0.0685353
0.0700586
0.0715637
0.0731348
0.0746635
0.0760471
0.00684788
0.00547972
0.00186004
-0.00185051
-0.00340989
-0.00275444
-0.00134928
-5.62646e-05
0.00114462
0.00224774
0.00302196
0.00344699
0.00380251
0.00427038
0.00474602
0.00524306
0.00585452
0.00639715
0.00682874
0.00728424
0.00772212
0.00816395
0.00870838
0.00928967
0.00977744
0.0102135
0.010743
0.0113353
0.0119016
0.0124423
0.0129775
0.0135492
0.0141174
0.0146687
0.0152499
0.015815
0.0163277
0.0168138
0.0172405
0.0176375
0.0180619
0.0185573
0.0191557
0.0197962
0.0204424
0.0211021
0.0217113
0.0223553
0.0231252
0.0238392
0.0243785
0.024895
0.0254625
0.0260265
0.0267058
0.0275225
0.0283691
0.0291482
0.0298837
0.030632
0.0314063
0.0321825
0.0329672
0.0338188
0.0346493
0.0354426
0.0362148
0.0370637
0.0380209
0.0389766
0.039885
0.0408064
0.0417914
0.0427823
0.0438019
0.0447933
0.0458375
0.0469309
0.0481247
0.0492653
0.0502716
0.0513534
0.0525504
0.0537754
0.0550417
0.0563688
0.0575763
0.0587909
0.0600941
0.0614713
0.0628523
0.0642168
0.0656438
0.0670849
0.0685354
0.0700586
0.0715638
0.0731348
0.0746635
0.0760487
0.00654999
0.00530928
0.00199641
-0.00148592
-0.00308095
-0.00259138
-0.00128303
-1.21705e-05
0.00118834
0.00228272
0.00304321
0.00346156
0.00381822
0.00429038
0.00476949
0.00526463
0.00586943
0.00640774
0.00683966
0.00729643
0.00773502
0.00817657
0.00871866
0.00929805
0.00978653
0.0102229
0.0107502
0.0113403
0.0119059
0.0124463
0.0129805
0.0135501
0.0141173
0.014669
0.0152496
0.0158135
0.0163273
0.0168151
0.0172421
0.0176387
0.0180635
0.0185599
0.0191591
0.0197994
0.0204445
0.0211038
0.0217132
0.0223561
0.0231246
0.0238389
0.02438
0.0248965
0.0254632
0.0260274
0.0267073
0.0275236
0.0283696
0.0291488
0.0298845
0.0306326
0.0314067
0.0321832
0.032968
0.0338194
0.0346499
0.0354433
0.0362153
0.0370641
0.0380215
0.0389772
0.0398854
0.0408068
0.0417918
0.0427826
0.0438022
0.0447936
0.0458377
0.0469311
0.048125
0.0492657
0.0502718
0.0513535
0.0525507
0.0537756
0.0550418
0.056369
0.0575766
0.058791
0.0600942
0.0614714
0.0628525
0.064217
0.0656439
0.067085
0.0685355
0.0700586
0.071564
0.0731348
0.0746633
0.0760505
0.00627313
0.00514529
0.00211841
-0.00113415
-0.00274594
-0.00241717
-0.00121378
3.11018e-05
0.00123281
0.00232044
0.00306723
0.00347809
0.0038353
0.00431144
0.00479382
0.00528701
0.00588517
0.00641906
0.00685124
0.00730923
0.00774837
0.00818953
0.00872916
0.00930657
0.00979592
0.0102328
0.010758
0.011346
0.0119107
0.0124506
0.0129839
0.0135515
0.0141175
0.0146693
0.0152489
0.0158115
0.0163264
0.0168161
0.0172433
0.0176393
0.0180647
0.0185625
0.0191629
0.0198033
0.0204473
0.0211061
0.0217157
0.0223573
0.0231235
0.0238377
0.0243808
0.0248974
0.0254635
0.0260285
0.0267093
0.0275252
0.0283704
0.0291495
0.0298853
0.0306331
0.031407
0.0321839
0.0329688
0.03382
0.0346505
0.0354442
0.0362161
0.0370647
0.0380223
0.0389779
0.039886
0.0408074
0.0417923
0.042783
0.0438024
0.0447938
0.045838
0.0469313
0.0481252
0.0492662
0.0502721
0.0513537
0.0525509
0.0537757
0.0550419
0.0563693
0.0575769
0.0587911
0.0600943
0.0614716
0.0628526
0.0642171
0.0656441
0.0670852
0.0685357
0.0700586
0.0715642
0.0731348
0.074663
0.0760524
0.00601994
0.00499034
0.00222199
-0.000799483
-0.00240451
-0.0022284
-0.00113968
7.32521e-05
0.00127713
0.00236064
0.00309426
0.00349689
0.00385402
0.00433386
0.00481931
0.00531039
0.00590179
0.00643112
0.00686344
0.00732259
0.00776222
0.00820291
0.00873994
0.00931515
0.00980541
0.0102431
0.0107663
0.0113521
0.0119158
0.0124552
0.0129877
0.0135533
0.0141179
0.0146697
0.0152478
0.0158089
0.0163251
0.0168168
0.0172441
0.0176393
0.0180655
0.0185648
0.0191667
0.0198075
0.0204506
0.0211091
0.0217189
0.0223588
0.0231221
0.0238356
0.0243808
0.0248974
0.0254631
0.0260293
0.0267116
0.0275275
0.0283717
0.0291503
0.0298861
0.0306336
0.0314074
0.0321846
0.0329697
0.0338205
0.0346509
0.035445
0.036217
0.0370656
0.0380232
0.0389787
0.0398867
0.0408081
0.041793
0.0427836
0.0438029
0.0447941
0.0458383
0.0469314
0.0481255
0.0492668
0.0502725
0.0513539
0.0525512
0.0537758
0.055042
0.0563696
0.0575773
0.0587913
0.0600944
0.0614718
0.0628528
0.0642173
0.0656443
0.0670853
0.0685359
0.0700585
0.0715645
0.0731347
0.0746626
0.0760546
0.00578772
0.0048446
0.00230768
-0.000482179
-0.00205649
-0.00202337
-0.00105963
0.000114075
0.00132065
0.00240316
0.00312458
0.00351825
0.00387455
0.00435781
0.00484611
0.00533488
0.00591937
0.00644397
0.00687627
0.00733656
0.00777671
0.00821693
0.0087512
0.00932387
0.00981498
0.0102537
0.0107751
0.0113586
0.0119212
0.0124601
0.0129917
0.0135555
0.0141187
0.0146703
0.0152466
0.0158059
0.0163234
0.0168174
0.0172446
0.0176388
0.0180657
0.0185669
0.0191705
0.0198117
0.020454
0.0211125
0.0217226
0.0223607
0.0231206
0.0238327
0.0243798
0.0248964
0.0254617
0.0260295
0.0267139
0.0275302
0.0283735
0.0291515
0.0298869
0.030634
0.0314077
0.0321855
0.0329707
0.0338209
0.0346511
0.0354457
0.0362179
0.0370666
0.0380243
0.0389796
0.0398876
0.040809
0.041794
0.0427843
0.0438035
0.0447947
0.0458387
0.0469313
0.0481255
0.0492674
0.050273
0.0513544
0.0525515
0.0537759
0.055042
0.0563698
0.0575777
0.0587915
0.0600945
0.061472
0.0628529
0.0642174
0.0656444
0.0670854
0.068536
0.0700583
0.0715648
0.0731346
0.0746619
0.0760569
0.00557174
0.00471031
0.00237984
-0.000183125
-0.00170455
-0.00180143
-0.000971761
0.000154342
0.00136316
0.00244771
0.00315833
0.00354242
0.00389701
0.00438329
0.00487429
0.00536058
0.00593802
0.0064577
0.0068898
0.00735121
0.00779204
0.00823186
0.00876323
0.00933296
0.00982476
0.0102647
0.0107844
0.0113655
0.0119269
0.0124651
0.0129959
0.0135578
0.0141198
0.0146712
0.0152454
0.0158026
0.0163215
0.0168176
0.0172447
0.0176377
0.0180655
0.0185687
0.0191741
0.0198158
0.0204572
0.0211159
0.0217266
0.0223628
0.0231188
0.023829
0.0243778
0.0248945
0.0254594
0.026029
0.0267159
0.0275329
0.0283756
0.029153
0.0298879
0.0306343
0.031408
0.0321865
0.0329718
0.0338213
0.0346511
0.0354461
0.0362187
0.0370679
0.0380256
0.0389806
0.0398884
0.0408101
0.0417951
0.0427852
0.0438044
0.0447957
0.0458394
0.0469311
0.0481252
0.0492678
0.0502737
0.0513552
0.0525521
0.0537759
0.0550418
0.0563699
0.0575782
0.0587917
0.0600947
0.0614722
0.062853
0.0642175
0.0656446
0.0670854
0.0685362
0.070058
0.0715651
0.0731345
0.074661
0.0760594
0.00536797
0.00459003
0.0024425
9.51928e-05
-0.00135205
-0.00156146
-0.000873315
0.000195372
0.0014045
0.00249387
0.00319557
0.00356969
0.00392148
0.00441021
0.0049038
0.00538754
0.00595784
0.00647238
0.00690406
0.00736663
0.0078084
0.00824793
0.00877626
0.00934263
0.00983493
0.0102762
0.0107943
0.0113729
0.011933
0.0124704
0.0130004
0.0135604
0.0141212
0.0146724
0.0152442
0.0157991
0.0163192
0.0168176
0.0172443
0.0176362
0.018065
0.0185703
0.0191776
0.0198198
0.02046
0.0211191
0.0217307
0.0223649
0.0231134
0.0238243
0.0243748
0.0248919
0.0254567
0.0260282
0.0267175
0.0275353
0.0283776
0.0291548
0.0298889
0.0306345
0.0314083
0.0321875
0.032973
0.0338216
0.0346509
0.0354461
0.0362192
0.0370691
0.0380273
0.0389816
0.0398892
0.0408112
0.0417963
0.0427862
0.0438053
0.0447969
0.0458404
0.0469308
0.0481244
0.0492678
0.0502744
0.0513564
0.0525531
0.0537761
0.0550414
0.0563698
0.0575786
0.058792
0.0600949
0.0614724
0.0628531
0.0642175
0.0656446
0.0670853
0.0685364
0.0700575
0.0715653
0.0731343
0.0746599
0.0760621
0.00517279
0.00448434
0.0024992
0.000350815
-0.00100198
-0.00130237
-0.000761417
0.000238668
0.00144461
0.00254105
0.00323617
0.00360025
0.0039481
0.00443852
0.00493458
0.00541581
0.00597888
0.00648807
0.00691913
0.00738296
0.00782595
0.00826524
0.00879038
0.00935304
0.00984567
0.0102884
0.0108049
0.0113809
0.0119395
0.012476
0.013005
0.0135632
0.0141229
0.0146739
0.0152433
0.0157953
0.0163166
0.0168172
0.0172435
0.0176344
0.0180643
0.0185719
0.0191811
0.0198236
0.0204624
0.0211218
0.0217347
0.0223671
0.0231063
0.0238188
0.0243707
0.0248889
0.0254542
0.0260274
0.026719
0.0275374
0.0283792
0.0291564
0.0298899
0.0306347
0.0314085
0.0321885
0.0329743
0.033822
0.0346506
0.0354459
0.0362195
0.0370701
0.0380291
0.0389828
0.0398899
0.0408124
0.0417978
0.0427872
0.0438061
0.0447983
0.0458418
0.0469307
0.0481231
0.0492672
0.0502747
0.0513576
0.0525544
0.0537764
0.0550409
0.0563694
0.0575788
0.0587923
0.0600953
0.0614727
0.0628532
0.0642175
0.0656446
0.0670851
0.0685365
0.0700569
0.0715655
0.0731339
0.0746585
0.0760649
0.00498282
0.00439199
0.00255419
0.000583316
-0.00065776
-0.00102441
-0.000633423
0.000285967
0.00148351
0.00258845
0.00327975
0.00363425
0.00397713
0.00446832
0.00496662
0.0054454
0.00600117
0.00650479
0.0069351
0.00740027
0.00784469
0.00828375
0.00880553
0.00936421
0.0098571
0.0103015
0.0108163
0.0113895
0.0119463
0.012482
0.0130099
0.0135661
0.0141248
0.0146757
0.0152425
0.0157914
0.0163136
0.0168163
0.0172423
0.0176325
0.0180638
0.0185736
0.0191847
0.0198274
0.0204645
0.021124
0.0217387
0.0223694
0.0231035
0.0238127
0.0243659
0.0248862
0.0254525
0.0260276
0.0267209
0.0275392
0.0283802
0.0291576
0.0298909
0.0306349
0.0314088
0.0321895
0.0329754
0.0338222
0.0346503
0.0354457
0.0362197
0.037071
0.0380308
0.038984
0.0398906
0.0408135
0.0417993
0.0427882
0.0438069
0.0447996
0.0458434
0.0469307
0.0481213
0.0492659
0.0502746
0.0513587
0.052556
0.053777
0.0550403
0.0563686
0.0575788
0.0587925
0.0600957
0.0614731
0.0628532
0.0642174
0.0656446
0.0670848
0.0685365
0.0700562
0.0715656
0.0731333
0.0746568
0.0760677
0.00479587
0.00431061
0.00261198
0.000793525
-0.00032359
-0.00072955
-0.000487002
0.000339157
0.00152139
0.00263523
0.00332565
0.00367179
0.00400901
0.00449984
0.00499996
0.00547632
0.00602474
0.00652262
0.00695205
0.0074186
0.00786454
0.00830332
0.00882157
0.00937616
0.00986934
0.0103154
0.0108285
0.0113986
0.0119536
0.0124883
0.0130151
0.0135692
0.0141268
0.0146779
0.0152419
0.0157875
0.0163104
0.016815
0.0172408
0.0176307
0.018064
0.0185759
0.0191886
0.0198314
0.0204664
0.0211258
0.0217425
0.0223718
0.0231007
0.0238061
0.0243607
0.0248841
0.0254522
0.0260292
0.0267237
0.0275411
0.0283807
0.0291583
0.0298917
0.0306354
0.0314093
0.0321904
0.0329764
0.0338223
0.0346498
0.0354455
0.0362201
0.0370719
0.0380324
0.0389853
0.0398913
0.0408146
0.0418009
0.0427893
0.0438075
0.0448008
0.0458451
0.0469308
0.048119
0.0492638
0.0502739
0.0513595
0.0525578
0.0537779
0.0550396
0.0563674
0.0575785
0.0587925
0.0600961
0.0614735
0.0628534
0.0642173
0.0656445
0.0670845
0.0685365
0.0700554
0.0715656
0.0731325
0.0746548
0.0760706
0.00461158
0.00423681
0.00267621
0.000983389
-4.07937e-06
-0.000421174
-0.000320375
0.000400146
0.0015587
0.00268065
0.00337314
0.00371287
0.00404416
0.00453338
0.00503457
0.00550855
0.00604964
0.00654163
0.00697006
0.00743793
0.00788532
0.00832379
0.00883843
0.00938887
0.00988247
0.0103303
0.0108415
0.0114083
0.0119613
0.0124951
0.0130206
0.0135724
0.014129
0.0146803
0.0152416
0.0157837
0.016307
0.0168135
0.0172392
0.0176301
0.0180656
0.0185794
0.019193
0.0198358
0.0204685
0.0211271
0.0217462
0.0223744
0.023098
0.0237996
0.0243555
0.0248831
0.0254536
0.0260328
0.0267279
0.0275434
0.0283809
0.0291584
0.0298924
0.030636
0.0314101
0.0321911
0.0329771
0.0338223
0.0346492
0.0354454
0.0362208
0.0370731
0.0380337
0.0389865
0.039892
0.0408157
0.0418025
0.0427904
0.0438079
0.0448018
0.0458465
0.0469309
0.0481163
0.049261
0.0502727
0.0513598
0.0525595
0.0537789
0.0550388
0.0563657
0.0575778
0.0587924
0.0600966
0.0614741
0.0628535
0.0642171
0.0656445
0.067084
0.0685365
0.0700545
0.0715656
0.0731316
0.0746526
0.0760734
0.00443112
0.00416594
0.00274939
0.00115637
0.000296315
-0.000103845
-0.000132666
0.000470795
0.00159633
0.00272437
0.00342146
0.00375719
0.00408276
0.00456916
0.00507057
0.00554219
0.00607598
0.00656189
0.0069892
0.00745829
0.00790693
0.00834505
0.00885607
0.00940233
0.00989646
0.010346
0.0108551
0.0114184
0.0119695
0.0125023
0.0130264
0.0135757
0.0141314
0.0146831
0.0152417
0.01578
0.0163034
0.0168117
0.0172382
0.0176311
0.0180691
0.0185845
0.0191982
0.0198405
0.0204707
0.0211283
0.0217497
0.022377
0.0230952
0.0237933
0.0243509
0.0248834
0.025457
0.0260384
0.0267336
0.0275464
0.028381
0.0291581
0.0298929
0.0306369
0.031411
0.0321918
0.0329776
0.0338221
0.0346485
0.0354455
0.0362222
0.0370748
0.0380347
0.0389875
0.0398928
0.040817
0.0418039
0.0427915
0.0438084
0.0448028
0.0458479
0.046931
0.0481133
0.0492575
0.0502711
0.0513597
0.052561
0.0537802
0.0550381
0.0563637
0.0575766
0.058792
0.0600969
0.0614748
0.0628537
0.064217
0.0656444
0.0670836
0.0685365
0.0700536
0.0715656
0.0731306
0.0746503
0.0760761
0.00425723
0.00409246
0.00283264
0.00131754
0.000573775
0.000217049
7.61617e-05
0.000553075
0.00163562
0.00276646
0.0034698
0.00380414
0.00412486
0.00460756
0.00510831
0.00557745
0.00610385
0.00658338
0.00700943
0.0074797
0.00792942
0.00836718
0.00887454
0.00941656
0.00991121
0.0103625
0.0108693
0.011429
0.0119782
0.01251
0.0130325
0.0135792
0.014134
0.0146861
0.0152421
0.0157766
0.0162997
0.0168097
0.0172378
0.0176338
0.0180747
0.0185914
0.0192046
0.0198458
0.0204733
0.0211293
0.0217529
0.0223798
0.0230926
0.0237872
0.0243469
0.0248849
0.0254619
0.026046
0.0267409
0.0275501
0.0283812
0.0291574
0.0298932
0.0306379
0.031412
0.0321923
0.0329779
0.0338218
0.0346477
0.0354459
0.0362243
0.0370774
0.0380354
0.0389881
0.0398937
0.0408184
0.0418052
0.0427925
0.0438089
0.0448038
0.0458492
0.0469312
0.0481102
0.0492535
0.0502693
0.0513594
0.0525624
0.0537816
0.0550375
0.0563615
0.0575749
0.0587914
0.0600972
0.0614755
0.0628538
0.0642169
0.0656443
0.0670831
0.0685365
0.0700527
0.0715655
0.0731296
0.0746479
0.0760788
0.00409437
0.00401057
0.00292535
0.0014731
0.000825488
0.000535969
0.000305859
0.000649272
0.00167803
0.00280724
0.00351734
0.00385291
0.00417048
0.00464898
0.00514813
0.00561448
0.00613326
0.00660612
0.00703077
0.0075022
0.00795289
0.00839028
0.00889397
0.00943159
0.00992661
0.0103796
0.0108839
0.0114399
0.0119873
0.0125183
0.0130388
0.0135828
0.0141369
0.0146894
0.0152429
0.0157734
0.016296
0.0168077
0.0172382
0.0176385
0.0180824
0.0186001
0.0192121
0.0198515
0.0204762
0.0211304
0.021756
0.0223825
0.0230902
0.0237815
0.0243436
0.0248873
0.0254678
0.0260551
0.0267494
0.0275543
0.0283814
0.0291565
0.0298933
0.0306389
0.031413
0.0321928
0.032978
0.0338215
0.0346468
0.0354464
0.0362271
0.0370809
0.0380361
0.0389884
0.0398947
0.0408201
0.0418065
0.0427934
0.0438095
0.0448049
0.0458506
0.0469316
0.0481073
0.0492491
0.0502676
0.0513592
0.0525637
0.0537832
0.0550369
0.0563591
0.0575729
0.0587908
0.0600973
0.0614763
0.062854
0.0642167
0.0656442
0.0670826
0.0685365
0.0700518
0.0715652
0.0731286
0.0746456
0.0760815
0.00394905
0.00391507
0.00302469
0.00163003
0.00105047
0.00084731
0.000555721
0.00076156
0.00172469
0.00284739
0.00356374
0.00390272
0.00421938
0.00469358
0.00519029
0.0056535
0.00616433
0.00663017
0.00705326
0.00752582
0.0079775
0.00841444
0.00891445
0.00944751
0.00994254
0.0103973
0.0108989
0.0114512
0.0119971
0.0125272
0.0130456
0.0135867
0.0141399
0.014693
0.015244
0.0157705
0.0162924
0.0168058
0.0172394
0.0176446
0.018092
0.0186105
0.0192207
0.0198577
0.0204795
0.0211317
0.0217588
0.0223853
0.0230881
0.023776
0.0243409
0.0248902
0.0254744
0.0260652
0.0267589
0.0275589
0.0283817
0.0291555
0.0298933
0.0306399
0.0314141
0.0321934
0.0329781
0.0338211
0.0346459
0.035447
0.0362304
0.0370851
0.038037
0.0389884
0.0398959
0.0408221
0.0418078
0.0427943
0.0438103
0.0448062
0.0458523
0.0469323
0.0481047
0.0492449
0.0502663
0.0513593
0.052565
0.0537851
0.0550369
0.0563567
0.0575706
0.0587903
0.0600974
0.061477
0.0628541
0.0642165
0.0656441
0.0670822
0.0685365
0.0700509
0.0715647
0.0731276
0.0746435
0.0760844
0.00383045
0.00380268
0.00312414
0.00179569
0.00125096
0.00114509
0.000823654
0.000891693
0.00177657
0.00288814
0.00360938
0.00395287
0.00427091
0.00474129
0.005235
0.00569491
0.00619736
0.00665558
0.00707681
0.00755054
0.00800338
0.00843982
0.00893605
0.00946437
0.00995899
0.0104155
0.0109145
0.0114628
0.0120073
0.0125367
0.0130527
0.0135907
0.0141432
0.0146969
0.0152454
0.0157678
0.0162888
0.016804
0.0172414
0.0176521
0.0181028
0.0186221
0.0192303
0.0198643
0.0204831
0.0211331
0.0217615
0.0223881
0.0230861
0.0237707
0.0243385
0.0248934
0.0254813
0.0260759
0.0267689
0.0275637
0.028382
0.0291545
0.0298932
0.0306409
0.0314151
0.0321941
0.0329783
0.0338207
0.034645
0.0354476
0.0362343
0.0370899
0.0380381
0.0389883
0.0398971
0.0408243
0.0418092
0.0427952
0.0438113
0.0448076
0.0458542
0.0469336
0.0481027
0.0492409
0.0502655
0.0513601
0.0525663
0.0537871
0.0550371
0.0563544
0.0575682
0.0587899
0.0600976
0.0614776
0.0628542
0.0642164
0.065644
0.0670817
0.0685365
0.07005
0.071564
0.0731266
0.0746416
0.0760875
0.00374951
0.00367447
0.00321351
0.00197597
0.00143285
0.00142286
0.00110591
0.00104182
0.00183494
0.00293063
0.00365506
0.00400282
0.00432417
0.00479196
0.00528243
0.00573905
0.00623271
0.00668246
0.00710132
0.00757626
0.00803059
0.00846656
0.00895888
0.00948221
0.00997593
0.0104342
0.0109308
0.0114748
0.0120181
0.0125468
0.0130603
0.0135951
0.0141467
0.014701
0.015247
0.0157654
0.0162854
0.0168024
0.0172441
0.0176604
0.0181144
0.0186345
0.0192408
0.0198714
0.0204869
0.0211347
0.0217641
0.0223909
0.0230843
0.0237653
0.0243364
0.0248967
0.0254883
0.0260869
0.0267791
0.0275686
0.0283823
0.0291534
0.029893
0.0306418
0.0314162
0.0321949
0.0329787
0.0338204
0.0346442
0.0354482
0.0362389
0.0370951
0.0380395
0.0389882
0.0398986
0.0408266
0.0418108
0.0427962
0.0438125
0.0448093
0.0458564
0.0469352
0.0481011
0.0492375
0.0502654
0.0513616
0.0525678
0.0537892
0.0550376
0.0563522
0.057566
0.0587899
0.060098
0.061478
0.0628543
0.0642162
0.0656439
0.0670812
0.0685365
0.0700492
0.0715632
0.0731256
0.0746399
0.0760909
0.00371649
0.00353932
0.00328086
0.00217251
0.00160476
0.00167465
0.00139731
0.00121472
0.0019014
0.00297528
0.00370205
0.00405254
0.0043781
0.00484515
0.00533271
0.00578619
0.00627078
0.00671102
0.00712677
0.00760292
0.00805913
0.0084947
0.00898302
0.00950107
0.00999343
0.0104536
0.0109477
0.0114872
0.0120294
0.0125576
0.0130684
0.0135997
0.0141504
0.0147054
0.015249
0.0157632
0.0162822
0.0168011
0.0172473
0.0176691
0.0181265
0.0186475
0.0192518
0.0198788
0.020491
0.0211364
0.0217668
0.0223939
0.0230825
0.02376
0.0243346
0.0249001
0.0254953
0.0260978
0.0267894
0.0275736
0.0283827
0.0291524
0.0298928
0.0306427
0.0314173
0.0321959
0.0329793
0.0338202
0.0346435
0.0354489
0.0362439
0.0371004
0.0380413
0.0389881
0.0399002
0.040829
0.0418124
0.0427974
0.0438139
0.0448112
0.0458589
0.0469373
0.0480999
0.0492346
0.0502661
0.0513639
0.0525695
0.0537913
0.0550383
0.0563503
0.0575641
0.0587906
0.0600987
0.0614783
0.0628543
0.064216
0.0656439
0.0670806
0.0685364
0.0700484
0.0715623
0.0731245
0.0746385
0.0760944
0.00373648
0.00341258
0.00331509
0.00238037
0.00177792
0.00189747
0.00169077
0.00141275
0.00197762
0.00302169
0.00375195
0.00410275
0.00443169
0.00490003
0.00538582
0.00583659
0.006312
0.00674157
0.00715313
0.00763039
0.00808901
0.0085243
0.0090085
0.00952096
0.0100116
0.0104737
0.0109653
0.0115001
0.0120413
0.0125692
0.013077
0.0136045
0.0141544
0.0147101
0.0152514
0.0157612
0.016279
0.0168002
0.0172511
0.0176782
0.0181388
0.0186608
0.0192634
0.0198866
0.0204953
0.0211383
0.0217697
0.022397
0.0230808
0.0237547
0.0243331
0.0249035
0.0255023
0.0261087
0.0267998
0.0275788
0.0283832
0.0291514
0.0298927
0.0306435
0.0314185
0.0321972
0.0329802
0.0338202
0.0346429
0.0354496
0.0362485
0.0371059
0.0380434
0.0389883
0.0399019
0.0408315
0.0418142
0.0427985
0.0438155
0.0448133
0.0458615
0.0469398
0.0480991
0.0492322
0.0502675
0.051367
0.0525713
0.0537934
0.0550391
0.0563485
0.0575627
0.0587919
0.0600998
0.0614784
0.0628542
0.0642158
0.0656438
0.06708
0.0685364
0.0700476
0.0715614
0.0731234
0.0746374
0.0760981
0.00380445
0.0033148
0.00331035
0.00258735
0.0019647
0.00209359
0.00197671
0.00163624
0.00206644
0.00306911
0.00380596
0.00415508
0.00448427
0.0049554
0.00544154
0.00589043
0.00635671
0.00677459
0.00718059
0.00765855
0.00812014
0.00855544
0.00903534
0.00954189
0.0100304
0.0104947
0.0109839
0.0115135
0.0120537
0.0125814
0.0130862
0.0136097
0.0141587
0.0147152
0.015254
0.0157595
0.0162761
0.0167997
0.0172554
0.0176874
0.018151
0.0186743
0.0192753
0.0198948
0.0204998
0.0211403
0.0217727
0.0224002
0.023079
0.0237495
0.0243318
0.024907
0.0255092
0.0261194
0.0268102
0.027584
0.0283837
0.0291506
0.0298926
0.0306444
0.0314196
0.0321985
0.0329813
0.0338203
0.0346424
0.0354505
0.0362531
0.0371114
0.0380456
0.0389885
0.0399039
0.040834
0.041816
0.0427998
0.0438172
0.0448156
0.0458643
0.0469424
0.0480986
0.0492302
0.0502695
0.0513708
0.0525735
0.0537955
0.0550399
0.0563467
0.0575616
0.0587939
0.0601012
0.0614783
0.062854
0.0642157
0.0656437
0.0670793
0.0685362
0.0700469
0.0715603
0.0731223
0.0746365
0.0761019
0.00390356
0.00326848
0.00327318
0.00277689
0.00217274
0.00227056
0.00224492
0.00188237
0.00217245
0.00311708
0.00386414
0.00421202
0.00453607
0.00500978
0.00549931
0.00594777
0.00640507
0.00681051
0.00720949
0.00768739
0.00815244
0.00858816
0.0090636
0.00956392
0.01005
0.0105165
0.0110035
0.0115274
0.0120666
0.0125944
0.013096
0.0136151
0.0141632
0.0147206
0.015257
0.015758
0.0162734
0.0167997
0.0172602
0.0176967
0.0181631
0.0186879
0.0192876
0.0199033
0.0205045
0.0211424
0.021776
0.0224035
0.0230772
0.0237443
0.0243307
0.0249106
0.025516
0.02613
0.0268207
0.0275893
0.0283844
0.0291498
0.0298927
0.0306453
0.0314208
0.0322
0.0329826
0.0338205
0.0346421
0.0354515
0.0362578
0.0371169
0.038048
0.038989
0.039906
0.0408365
0.0418179
0.0428011
0.043819
0.044818
0.0458673
0.0469453
0.0480983
0.0492285
0.050272
0.0513752
0.0525758
0.0537974
0.0550407
0.0563451
0.0575609
0.0587964
0.060103
0.0614781
0.0628538
0.0642155
0.0656436
0.0670786
0.0685361
0.0700461
0.0715592
0.0731213
0.0746357
0.0761057
0.00401011
0.00328855
0.00322258
0.00293132
0.0023992
0.00244078
0.00248815
0.00214429
0.00230099
0.00316603
0.00392467
0.00427635
0.00458831
0.00506164
0.00555825
0.00600876
0.0064573
0.00684953
0.00724017
0.00771707
0.00818585
0.00862254
0.00909332
0.00958702
0.0100703
0.0105392
0.0110241
0.011542
0.01208
0.0126083
0.0131066
0.013621
0.014168
0.0147265
0.0152603
0.0157568
0.0162709
0.0168001
0.0172655
0.0177061
0.0181752
0.0187016
0.0193002
0.0199122
0.0205095
0.0211446
0.0217794
0.022407
0.0230754
0.0237392
0.02433
0.0249142
0.0255228
0.0261404
0.0268312
0.0275948
0.0283852
0.0291492
0.0298929
0.0306463
0.031422
0.0322016
0.032984
0.0338207
0.0346418
0.0354526
0.0362626
0.0371225
0.0380505
0.0389895
0.0399082
0.0408391
0.0418198
0.0428025
0.0438209
0.0448207
0.0458703
0.0469481
0.0480981
0.0492269
0.0502748
0.0513799
0.0525783
0.0537993
0.0550415
0.0563435
0.0575605
0.0587994
0.0601051
0.0614778
0.0628535
0.0642153
0.0656435
0.0670778
0.0685358
0.0700454
0.0715579
0.0731203
0.0746351
0.0761094
0.00409457
0.00337196
0.00318586
0.00304012
0.00262974
0.00261929
0.0027059
0.00241068
0.00245577
0.00321922
0.00398492
0.00434983
0.00464336
0.00510967
0.00561688
0.00607359
0.00651398
0.00689184
0.00727276
0.00774774
0.00822035
0.00865855
0.00912459
0.00961129
0.0100917
0.0105629
0.011046
0.0115574
0.012094
0.0126229
0.0131179
0.0136273
0.0141732
0.0147328
0.0152641
0.015756
0.0162687
0.016801
0.0172713
0.0177156
0.0181871
0.0187154
0.0193131
0.0199215
0.0205146
0.021147
0.0217831
0.0224106
0.0230736
0.0237344
0.0243295
0.024918
0.0255296
0.0261508
0.0268417
0.0276004
0.0283861
0.0291487
0.0298932
0.0306473
0.0314232
0.0322032
0.0329855
0.033821
0.0346416
0.0354539
0.0362673
0.0371281
0.0380531
0.0389902
0.0399104
0.0408417
0.0418217
0.0428039
0.0438228
0.0448235
0.0458733
0.0469509
0.048098
0.0492254
0.0502777
0.0513848
0.0525809
0.0538012
0.0550424
0.0563418
0.0575602
0.0588026
0.0601073
0.0614774
0.0628532
0.0642151
0.0656435
0.067077
0.0685355
0.0700447
0.0715566
0.0731194
0.0746347
0.0761132
0.00413005
0.00349724
0.00319278
0.0031103
0.00284483
0.00281638
0.00290602
0.0026681
0.00263591
0.00328299
0.00404269
0.00443231
0.00470518
0.00515382
0.00567279
0.00614163
0.00657558
0.00693792
0.00730749
0.00777969
0.00825612
0.00869607
0.00915734
0.00963673
0.010114
0.0105877
0.0110691
0.0115738
0.0121084
0.0126383
0.0131301
0.0136339
0.0141786
0.0147395
0.0152685
0.0157556
0.0162668
0.0168024
0.0172776
0.0177253
0.0181989
0.0187293
0.0193262
0.0199311
0.0205201
0.0211495
0.021787
0.0224145
0.0230719
0.0237297
0.0243293
0.0249219
0.0255364
0.026161
0.0268522
0.0276061
0.0283872
0.0291484
0.0298937
0.0306484
0.0314244
0.0322049
0.0329871
0.0338214
0.0346416
0.0354553
0.0362721
0.0371336
0.0380557
0.038991
0.0399127
0.0408445
0.0418238
0.0428054
0.0438248
0.0448264
0.0458764
0.0469538
0.048098
0.0492239
0.0502807
0.0513899
0.0525836
0.053803
0.0550432
0.0563402
0.0575599
0.0588058
0.0601095
0.0614771
0.062853
0.0642149
0.0656434
0.0670762
0.0685352
0.070044
0.0715551
0.0731186
0.0746344
0.0761169
0.00410755
0.00363239
0.00325959
0.00316374
0.00302456
0.00302815
0.0031017
0.00290716
0.00283479
0.00336459
0.0040973
0.00452042
0.00477836
0.00519632
0.00572339
0.00621151
0.00664225
0.00698811
0.00734453
0.00781325
0.00829374
0.00873539
0.00919139
0.00966324
0.0101374
0.0106135
0.0110935
0.0115913
0.0121234
0.0126544
0.0131433
0.0136412
0.0141843
0.0147467
0.0152734
0.0157556
0.0162653
0.0168044
0.0172845
0.017735
0.0182105
0.0187431
0.0193397
0.0199411
0.0205257
0.0211521
0.0217911
0.0224185
0.0230703
0.0237253
0.0243294
0.024926
0.0255431
0.0261711
0.0268626
0.0276119
0.0283885
0.0291483
0.0298944
0.0306495
0.0314256
0.0322067
0.0329889
0.0338218
0.0346416
0.0354568
0.0362769
0.0371391
0.0380583
0.0389919
0.039915
0.0408472
0.0418259
0.0428071
0.0438269
0.0448294
0.0458796
0.0469566
0.0480979
0.0492225
0.0502837
0.0513949
0.0525864
0.0538048
0.055044
0.0563386
0.0575597
0.0588091
0.0601118
0.0614768
0.0628527
0.0642147
0.0656434
0.0670754
0.0685347
0.0700434
0.0715535
0.0731177
0.0746343
0.0761205
0.00404171
0.00374011
0.00337722
0.0032318
0.00316136
0.00323656
0.00330745
0.00312874
0.00304055
0.00346936
0.00415269
0.00460948
0.00486542
0.0052411
0.00576664
0.00628134
0.00671459
0.00704285
0.00738373
0.00784796
0.00833341
0.00877711
0.00922694
0.00969092
0.0101619
0.0106404
0.0111192
0.0116099
0.012139
0.0126712
0.0131574
0.0136491
0.0141904
0.0147544
0.015279
0.0157562
0.016264
0.0168068
0.017292
0.0177449
0.0182219
0.0187569
0.0193534
0.0199514
0.0205316
0.0211549
0.0217954
0.0224227
0.0230689
0.023721
0.0243298
0.0249302
0.0255498
0.026181
0.0268731
0.0276179
0.0283899
0.0291485
0.0298952
0.0306508
0.0314268
0.0322085
0.0329907
0.0338223
0.0346417
0.0354585
0.0362816
0.0371446
0.038061
0.0389931
0.0399174
0.04085
0.0418282
0.0428088
0.0438291
0.0448325
0.0458828
0.0469594
0.048098
0.0492212
0.0502867
0.0513999
0.0525892
0.0538067
0.0550448
0.056337
0.0575595
0.0588124
0.060114
0.0614765
0.0628524
0.0642144
0.0656433
0.0670746
0.0685342
0.0700427
0.0715518
0.073117
0.0746344
0.0761241
0.0039586
0.00379558
0.00351884
0.00334326
0.00327063
0.00341984
0.00352809
0.00334354
0.00323982
0.003596
0.00421677
0.00469552
0.00496522
0.00529404
0.00580227
0.00634758
0.00679257
0.0071031
0.00742559
0.00788383
0.00837481
0.00882145
0.00926414
0.0097195
0.0101875
0.0106686
0.0111464
0.0116298
0.0121553
0.0126888
0.0131725
0.0136577
0.0141969
0.0147626
0.0152853
0.0157574
0.0162631
0.0168098
0.0173
0.017755
0.018233
0.0187706
0.0193673
0.0199622
0.0205378
0.0211579
0.0217999
0.0224272
0.0230676
0.0237171
0.0243306
0.0249346
0.0255564
0.0261908
0.0268835
0.027624
0.0283915
0.0291488
0.0298962
0.0306521
0.0314281
0.0322103
0.0329926
0.0338229
0.0346419
0.0354604
0.0362865
0.03715
0.0380637
0.0389943
0.0399198
0.0408529
0.0418305
0.0428107
0.0438313
0.0448356
0.0458861
0.0469622
0.048098
0.0492199
0.0502897
0.0514049
0.052592
0.0538086
0.0550456
0.0563354
0.0575593
0.0588156
0.0601162
0.0614763
0.0628522
0.0642141
0.0656432
0.0670737
0.0685336
0.0700421
0.07155
0.0731163
0.0746347
0.0761277
0.00388758
0.00380245
0.003648
0.0035024
0.00338006
0.0035614
0.00374994
0.0035663
0.00342751
0.00373644
0.00429757
0.00477755
0.00507212
0.005361
0.00583358
0.00640628
0.00687486
0.00716969
0.00747036
0.00792135
0.00841812
0.00886873
0.00930355
0.00974861
0.0102138
0.010698
0.0111753
0.011651
0.0121722
0.0127072
0.0131887
0.0136671
0.0142038
0.0147712
0.0152922
0.0157593
0.0162627
0.0168133
0.0173088
0.0177653
0.018244
0.0187842
0.0193813
0.0199733
0.0205443
0.0211611
0.0218046
0.022432
0.0230665
0.0237135
0.0243316
0.0249392
0.0255629
0.0262005
0.0268939
0.0276302
0.0283933
0.0291493
0.0298973
0.0306535
0.0314293
0.0322122
0.0329947
0.0338236
0.0346423
0.0354624
0.0362913
0.0371554
0.0380665
0.0389958
0.0399223
0.0408559
0.041833
0.0428127
0.0438335
0.0448389
0.0458894
0.0469649
0.0480982
0.0492186
0.0502926
0.0514098
0.0525949
0.0538105
0.0550464
0.0563339
0.0575591
0.0588188
0.0601183
0.0614762
0.062852
0.0642138
0.0656432
0.0670729
0.0685329
0.0700415
0.0715481
0.0731156
0.0746353
0.0761312
0.00385305
0.0037839
0.00373256
0.00368611
0.00352332
0.00366788
0.00394955
0.00380592
0.00361205
0.00387889
0.00439885
0.00486145
0.00518008
0.00544403
0.0058659
0.00645454
0.00695899
0.00724397
0.00751808
0.00796011
0.00846323
0.0089189
0.00934626
0.00977905
0.0102403
0.0107285
0.0112057
0.0116736
0.0121898
0.0127263
0.0132062
0.0136775
0.0142111
0.0147804
0.0153001
0.015762
0.0162628
0.0168172
0.0173181
0.0177758
0.0182549
0.0187976
0.0193956
0.0199849
0.020551
0.0211643
0.0218094
0.0224371
0.0230658
0.0237102
0.024333
0.024944
0.0255694
0.02621
0.0269042
0.0276366
0.0283953
0.0291501
0.0298987
0.030655
0.0314306
0.0322141
0.0329969
0.0338244
0.0346428
0.0354645
0.0362962
0.0371608
0.0380693
0.0389975
0.0399249
0.0408588
0.0418357
0.0428148
0.0438359
0.0448422
0.0458927
0.0469677
0.0480983
0.0492175
0.0502954
0.0514147
0.0525978
0.0538125
0.0550473
0.0563323
0.0575588
0.0588219
0.0601204
0.0614761
0.0628518
0.0642135
0.0656431
0.067072
0.0685321
0.070041
0.0715461
0.0731149
0.074636
0.0761347
0.00386722
0.00376596
0.00376373
0.0038601
0.00371813
0.00376696
0.00410483
0.00405245
0.00380793
0.00401483
0.0045146
0.00495542
0.0052857
0.00554084
0.00590631
0.00649214
0.00704056
0.00732691
0.00756992
0.00799948
0.00851011
0.00897146
0.00939225
0.00981176
0.010267
0.0107596
0.0112382
0.011698
0.012208
0.012746
0.013225
0.0136889
0.0142187
0.0147901
0.0153089
0.0157656
0.0162635
0.0168217
0.017328
0.0177867
0.0182657
0.0188108
0.0194099
0.019997
0.0205581
0.0211678
0.0218145
0.0224425
0.0230653
0.0237072
0.0243348
0.024949
0.0255758
0.0262194
0.0269145
0.0276431
0.0283975
0.0291511
0.0299003
0.0306567
0.0314319
0.0322161
0.0329992
0.0338253
0.0346434
0.0354668
0.0363011
0.0371661
0.0380723
0.0389993
0.0399276
0.0408619
0.0418384
0.0428171
0.0438383
0.0448455
0.0458961
0.0469704
0.0480986
0.0492164
0.0502983
0.0514195
0.0526006
0.0538145
0.0550481
0.0563309
0.0575586
0.0588249
0.0601224
0.0614761
0.0628517
0.0642131
0.065643
0.0670711
0.0685312
0.0700405
0.071544
0.0731142
0.0746371
0.0761382
0.00393685
0.00377383
0.00375644
0.00398574
0.00394716
0.00389532
0.00421398
0.00428253
0.00402913
0.00415103
0.00463341
0.00506308
0.0053902
0.00564574
0.0059606
0.00652276
0.00711492
0.00741827
0.00762829
0.00803838
0.00855829
0.00902716
0.00944131
0.00984718
0.0102939
0.0107905
0.0112727
0.0117246
0.0122271
0.0127662
0.0132451
0.0137017
0.0142269
0.0148001
0.0153188
0.0157701
0.0162646
0.0168269
0.0173387
0.0177979
0.0182765
0.0188239
0.0194244
0.0200094
0.0205656
0.0211715
0.0218197
0.0224483
0.0230652
0.0237046
0.0243369
0.0249543
0.0255823
0.0262285
0.0269248
0.0276498
0.0283999
0.0291524
0.0299021
0.0306584
0.0314332
0.0322182
0.0330017
0.0338263
0.0346441
0.0354692
0.036306
0.0371715
0.0380753
0.0390014
0.0399305
0.040865
0.0418413
0.0428195
0.0438408
0.044849
0.0458995
0.0469731
0.0480989
0.0492154
0.0503011
0.0514243
0.0526035
0.0538166
0.055049
0.0563295
0.0575584
0.0588278
0.0601244
0.0614762
0.0628515
0.0642128
0.065643
0.0670703
0.0685302
0.07004
0.0715419
0.0731136
0.0746383
0.0761417
0.00406722
0.00382793
0.00373367
0.00404045
0.00417576
0.0040814
0.00430134
0.00446925
0.00427276
0.00430537
0.00474679
0.00517983
0.00549922
0.00575465
0.00603021
0.00655146
0.00717762
0.00751583
0.00769711
0.00807672
0.00860575
0.00908686
0.00949401
0.00988554
0.0103221
0.0108205
0.0113082
0.0117538
0.0122471
0.0127867
0.0132664
0.0137161
0.0142358
0.0148105
0.0153296
0.0157759
0.0162664
0.0168324
0.0173501
0.0178094
0.0182872
0.018837
0.0194389
0.0200222
0.0205735
0.0211754
0.0218251
0.0224544
0.0230656
0.0237024
0.0243393
0.0249599
0.0255887
0.0262375
0.026935
0.0276566
0.0284025
0.0291539
0.0299041
0.0306603
0.0314346
0.0322203
0.0330043
0.0338275
0.034645
0.0354718
0.036311
0.0371768
0.0380785
0.0390036
0.0399334
0.0408681
0.0418443
0.0428221
0.0438433
0.0448525
0.045903
0.0469758
0.0480993
0.0492146
0.0503039
0.0514289
0.0526065
0.0538188
0.05505
0.0563281
0.0575582
0.0588307
0.0601263
0.0614763
0.0628514
0.0642124
0.0656429
0.0670694
0.0685291
0.0700396
0.0715398
0.073113
0.0746398
0.0761451
0.00425577
0.00394496
0.00371889
0.00402691
0.00436313
0.00432306
0.0044028
0.0045978
0.00451439
0.00449663
0.00486095
0.00529503
0.00561529
0.00586793
0.00611467
0.00658452
0.00722604
0.00761389
0.00777957
0.00811667
0.0086493
0.00915024
0.00955209
0.00992651
0.0103522
0.0108507
0.0113442
0.0117859
0.0122689
0.0128074
0.0132886
0.013732
0.0142455
0.0148211
0.0153414
0.015783
0.0162689
0.0168383
0.0173624
0.0178215
0.0182978
0.01885
0.0194537
0.0200354
0.0205818
0.0211795
0.0218308
0.0224609
0.0230663
0.0237005
0.0243422
0.0249657
0.0255952
0.0262463
0.0269451
0.0276635
0.0284053
0.0291557
0.0299064
0.0306623
0.0314359
0.0322225
0.0330071
0.0338287
0.034646
0.0354746
0.036316
0.0371822
0.0380818
0.039006
0.0399365
0.0408714
0.0418474
0.0428248
0.043846
0.044856
0.0459066
0.0469786
0.0480998
0.0492138
0.0503067
0.0514335
0.0526094
0.053821
0.055051
0.0563269
0.0575581
0.0588334
0.0601281
0.0614764
0.0628514
0.064212
0.0656428
0.0670686
0.0685279
0.0700393
0.0715376
0.0731123
0.0746416
0.0761486
0.00448511
0.00413818
0.00373431
0.00396252
0.00447843
0.00459332
0.00455569
0.00468252
0.00472007
0.00472517
0.00499462
0.00539955
0.00573309
0.00598816
0.00621387
0.00662834
0.00726172
0.00770587
0.00787724
0.00816324
0.00868559
0.0092143
0.00961811
0.0099707
0.0103831
0.0108817
0.0113804
0.0118199
0.0122932
0.0128287
0.0133119
0.0137497
0.0142564
0.0148322
0.0153539
0.0157916
0.0162724
0.0168445
0.0173752
0.0178343
0.0183085
0.0188627
0.0194686
0.0200491
0.0205904
0.0211839
0.0218367
0.0224678
0.0230676
0.0236991
0.0243454
0.0249719
0.0256017
0.0262549
0.0269552
0.0276706
0.0284082
0.0291578
0.029909
0.0306645
0.0314374
0.0322248
0.03301
0.0338302
0.0346472
0.0354775
0.036321
0.0371875
0.0380852
0.0390087
0.0399396
0.0408747
0.0418506
0.0428277
0.0438487
0.0448596
0.0459102
0.0469813
0.0481005
0.0492132
0.0503095
0.0514381
0.0526123
0.0538233
0.055052
0.0563257
0.0575579
0.0588361
0.0601299
0.0614767
0.0628513
0.0642116
0.0656427
0.0670678
0.0685266
0.0700389
0.0715355
0.0731116
0.0746436
0.0761521
0.00473173
0.00440547
0.00380305
0.00387247
0.00451813
0.00485921
0.00478115
0.00475894
0.00485879
0.0049643
0.00516792
0.00549823
0.00584031
0.00611348
0.00632833
0.0066882
0.00728941
0.00778427
0.00798746
0.0082234
0.00871447
0.00927386
0.00969341
0.010021
0.0104134
0.0109134
0.0114177
0.011855
0.0123194
0.012851
0.0133356
0.013769
0.0142685
0.0148438
0.0153673
0.0158016
0.016277
0.0168512
0.0173886
0.0178479
0.0183192
0.0188752
0.0194837
0.0200633
0.0205995
0.0211885
0.0218429
0.0224752
0.0230694
0.0236981
0.0243491
0.0249783
0.0256082
0.0262633
0.0269651
0.0276779
0.0284114
0.0291601
0.0299118
0.0306669
0.0314389
0.0322272
0.0330131
0.0338318
0.0346486
0.0354806
0.0363261
0.0371929
0.0380887
0.0390115
0.039943
0.040878
0.041854
0.0428308
0.0438516
0.0448633
0.0459139
0.0469841
0.0481012
0.0492127
0.0503122
0.0514425
0.0526152
0.0538256
0.055053
0.0563247
0.0575578
0.0588387
0.0601316
0.061477
0.0628513
0.0642111
0.0656427
0.067067
0.0685251
0.0700386
0.0715335
0.0731109
0.0746458
0.0761556
0.00491938
0.00471634
0.00395032
0.00379922
0.00449978
0.0050918
0.00507381
0.00487724
0.00493542
0.00517369
0.00538781
0.00561247
0.00592828
0.00623549
0.00645716
0.00676879
0.00731688
0.00784328
0.00810193
0.00830306
0.0087406
0.00932273
0.00977599
0.0100821
0.0104433
0.0109439
0.0114576
0.0118915
0.0123469
0.0128752
0.0133604
0.0137897
0.0142818
0.0148557
0.0153816
0.015813
0.0162826
0.0168585
0.0174025
0.0178621
0.0183304
0.0188876
0.0194987
0.020078
0.0206091
0.0211932
0.0218492
0.0224831
0.0230717
0.0236975
0.0243531
0.0249852
0.0256148
0.0262715
0.026975
0.0276853
0.0284149
0.0291626
0.0299148
0.0306694
0.0314404
0.0322297
0.0330164
0.0338335
0.0346501
0.0354839
0.0363311
0.0371982
0.0380925
0.0390145
0.0399464
0.0408815
0.0418574
0.042834
0.0438545
0.044867
0.0459175
0.046987
0.0481021
0.0492124
0.050315
0.0514469
0.0526181
0.053828
0.0550541
0.0563237
0.0575578
0.0588411
0.0601332
0.0614774
0.0628514
0.0642107
0.0656426
0.0670662
0.0685236
0.0700383
0.0715315
0.0731101
0.0746482
0.0761592
0.00498033
0.00501039
0.00419042
0.00379008
0.00445016
0.00527289
0.00540424
0.00508084
0.00498773
0.00531353
0.00563037
0.00577021
0.00600512
0.00634213
0.0065953
0.00687517
0.00735582
0.00788325
0.00821006
0.00840506
0.00877296
0.00935662
0.00985937
0.0101578
0.0104761
0.0109702
0.0115001
0.0119314
0.0123746
0.0129005
0.0133871
0.0138118
0.0142965
0.0148684
0.015397
0.0158262
0.0162893
0.0168663
0.0174172
0.017877
0.0183417
0.0188998
0.0195136
0.0200932
0.0206195
0.0211982
0.0218556
0.0224917
0.0230748
0.0236974
0.0243575
0.0249924
0.0256215
0.0262796
0.0269848
0.0276928
0.0284185
0.0291654
0.0299182
0.0306723
0.0314421
0.0322322
0.03302
0.0338355
0.0346518
0.0354875
0.0363363
0.0372035
0.0380963
0.0390178
0.03995
0.0408851
0.041861
0.0428374
0.0438576
0.0448707
0.0459213
0.0469898
0.0481031
0.0492122
0.0503178
0.0514512
0.0526211
0.0538304
0.0550553
0.0563229
0.0575578
0.0588435
0.0601348
0.0614778
0.0628514
0.0642103
0.0656425
0.0670655
0.068522
0.070038
0.0715296
0.0731094
0.0746509
0.0761629
0.0049245
0.00525945
0.00451201
0.00387976
0.00439813
0.00538772
0.00573209
0.00537132
0.00506655
0.00537239
0.0058526
0.00598639
0.00609493
0.00642197
0.00672925
0.0070053
0.00741868
0.00791214
0.0082999
0.00852404
0.00882225
0.00937718
0.00993502
0.0102485
0.0105178
0.0109911
0.011542
0.0119768
0.0124031
0.0129255
0.0134163
0.013836
0.0143121
0.0148816
0.0154132
0.0158412
0.0162973
0.0168744
0.0174327
0.0178929
0.0183533
0.0189121
0.0195288
0.0201088
0.0206305
0.0212035
0.0218621
0.0225007
0.0230787
0.0236977
0.0243623
0.025
0.0256284
0.0262875
0.0269945
0.0277004
0.0284225
0.0291684
0.0299218
0.0306754
0.0314438
0.0322348
0.0330238
0.0338376
0.0346536
0.0354912
0.0363415
0.0372087
0.0381004
0.0390213
0.0399537
0.0408887
0.0418648
0.0428409
0.0438609
0.0448746
0.0459251
0.0469928
0.0481042
0.0492122
0.0503206
0.0514555
0.052624
0.053833
0.0550565
0.0563222
0.0575578
0.0588458
0.0601364
0.0614783
0.0628515
0.0642099
0.0656424
0.0670649
0.0685203
0.0700377
0.0715279
0.0731085
0.0746537
0.0761667
0.00479245
0.0054394
0.00488297
0.00408624
0.00437395
0.00542669
0.00600891
0.00571888
0.00522209
0.00538323
0.00600299
0.00624067
0.00622864
0.00648081
0.0068402
0.00714869
0.00751436
0.00794383
0.00836278
0.00864694
0.00889714
0.00939268
0.00999421
0.0103487
0.0105748
0.0110088
0.0115794
0.0120285
0.0124352
0.0129483
0.0134469
0.0138634
0.0143286
0.014895
0.0154304
0.015858
0.0163067
0.0168827
0.0174487
0.01791
0.0183652
0.0189239
0.019544
0.0201249
0.0206421
0.0212093
0.0218687
0.0225102
0.0230832
0.0236986
0.0243674
0.0250079
0.0256354
0.0262954
0.0270042
0.0277082
0.0284267
0.0291716
0.0299256
0.0306787
0.0314457
0.0322375
0.0330279
0.03384
0.0346555
0.0354951
0.0363468
0.037214
0.0381046
0.0390251
0.0399574
0.0408925
0.0418687
0.0428446
0.0438642
0.0448784
0.0459289
0.0469958
0.0481055
0.0492123
0.0503234
0.0514597
0.0526269
0.0538355
0.0550578
0.0563216
0.0575579
0.0588479
0.0601378
0.0614789
0.0628516
0.0642096
0.0656422
0.0670643
0.0685185
0.0700374
0.0715263
0.0731077
0.0746567
0.0761706
0.00459366
0.0055243
0.00526405
0.00440515
0.00440318
0.00540197
0.006203
0.00608312
0.00547946
0.00539877
0.00605763
0.00649039
0.00643293
0.00654542
0.00691482
0.00728814
0.00764385
0.00799755
0.00840253
0.0087574
0.00899928
0.00941571
0.0100333
0.01045
0.0106504
0.0110287
0.0116087
0.0120837
0.012474
0.0129694
0.0134766
0.0138954
0.0143474
0.0149081
0.0154484
0.015877
0.016318
0.0168912
0.0174648
0.0179286
0.0183779
0.0189352
0.0195592
0.0201418
0.0206543
0.0212154
0.0218757
0.0225202
0.0230886
0.0237
0.024373
0.0250162
0.0256426
0.0263031
0.0270138
0.0277162
0.0284312
0.0291752
0.0299297
0.0306824
0.0314476
0.0322402
0.0330323
0.0338426
0.0346576
0.0354993
0.0363522
0.0372191
0.0381089
0.0390291
0.0399614
0.0408964
0.0418728
0.0428484
0.0438677
0.0448824
0.0459329
0.0469989
0.048107
0.0492126
0.0503262
0.0514638
0.0526298
0.0538382
0.0550591
0.0563211
0.0575581
0.05885
0.0601393
0.0614795
0.0628518
0.0642092
0.0656421
0.0670637
0.0685167
0.070037
0.0715249
0.0731069
0.0746598
0.0761746
0.00437134
0.00550554
0.00560518
0.00480844
0.00451044
0.00534173
0.00630546
0.00642362
0.00582392
0.00548135
0.00604178
0.00668175
0.00669502
0.0066523
0.00695922
0.00740036
0.0077937
0.00808907
0.00843468
0.00884038
0.0091183
0.00946002
0.0100561
0.0105423
0.0107434
0.0110569
0.01163
0.0121385
0.0125219
0.0129921
0.0135032
0.0139306
0.0143705
0.0149206
0.0154661
0.0158982
0.0163313
0.0169001
0.0174812
0.0179484
0.0183919
0.0189463
0.0195741
0.0201596
0.0206674
0.0212216
0.0218828
0.0225309
0.0230945
0.0237019
0.0243792
0.0250251
0.0256498
0.0263108
0.0270235
0.0277242
0.0284359
0.029179
0.0299341
0.0306864
0.0314498
0.032243
0.0330368
0.0338455
0.0346597
0.0355036
0.0363579
0.0372243
0.0381133
0.0390334
0.0399654
0.0409003
0.0418771
0.0428524
0.0438714
0.0448864
0.0459368
0.0470021
0.0481086
0.0492131
0.0503291
0.0514679
0.0526327
0.0538409
0.0550605
0.0563209
0.0575584
0.0588519
0.0601407
0.0614802
0.0628519
0.064209
0.0656419
0.0670632
0.068515
0.0700367
0.0715238
0.0731061
0.0746629
0.0761787
0.00418047
0.00540442
0.00585565
0.00524655
0.0047177
0.00529115
0.00632625
0.00670381
0.00621724
0.00566869
0.00600509
0.00677415
0.00697137
0.00683312
0.00700111
0.00746763
0.00794117
0.00822222
0.00848155
0.00889253
0.00923603
0.00953366
0.0100734
0.010618
0.0108494
0.0110989
0.0116457
0.0121892
0.0125772
0.0130193
0.013526
0.013966
0.0143993
0.0149343
0.0154822
0.0159216
0.0163474
0.0169096
0.0174975
0.0179693
0.0184071
0.0189573
0.0195882
0.0201778
0.0206818
0.0212281
0.02189
0.0225424
0.0231014
0.0237041
0.0243857
0.0250346
0.0256571
0.0263183
0.0270331
0.0277325
0.0284408
0.029183
0.0299387
0.0306906
0.0314522
0.0322459
0.0330417
0.0338487
0.0346618
0.035508
0.0363638
0.0372295
0.0381177
0.039038
0.0399697
0.0409044
0.0418815
0.0428565
0.0438751
0.0448905
0.0459409
0.0470053
0.0481104
0.0492138
0.050332
0.0514719
0.0526356
0.0538437
0.0550619
0.0563207
0.0575587
0.0588538
0.0601421
0.061481
0.0628521
0.0642088
0.0656418
0.0670627
0.0685132
0.0700362
0.0715228
0.0731053
0.0746661
0.0761829
0.00405442
0.00526356
0.00599158
0.00566484
0.00502603
0.00529904
0.00629109
0.00689649
0.00660988
0.00595957
0.00600905
0.00677585
0.00720455
0.0070833
0.00708072
0.00749667
0.0080581
0.00838277
0.00856536
0.00892825
0.00933344
0.00963217
0.0100998
0.0106738
0.0109606
0.0111579
0.0116578
0.0122331
0.012638
0.0130537
0.0135476
0.0139993
0.0144332
0.0149519
0.0154966
0.0159456
0.016367
0.0169198
0.0175133
0.017991
0.0184237
0.0189688
0.0196017
0.0201964
0.0206977
0.021235
0.0218969
0.0225547
0.0231094
0.0237064
0.0243925
0.0250448
0.0256647
0.0263255
0.0270428
0.0277411
0.0284461
0.0291873
0.0299437
0.0306952
0.0314547
0.0322488
0.0330469
0.0338524
0.0346641
0.0355125
0.0363698
0.0372347
0.0381223
0.0390429
0.0399741
0.0409085
0.0418861
0.0428608
0.043879
0.0448947
0.045945
0.0470087
0.0481124
0.0492147
0.050335
0.0514758
0.0526386
0.0538466
0.0550634
0.0563207
0.0575592
0.0588556
0.0601434
0.0614819
0.0628523
0.0642086
0.0656416
0.0670623
0.0685116
0.0700357
0.0715221
0.0731046
0.0746694
0.0761872
0.00399514
0.00512503
0.00602661
0.00601664
0.00540596
0.00539699
0.006236
0.00699433
0.00695589
0.0063233
0.00610349
0.00673185
0.00734828
0.00736353
0.0072341
0.0075161
0.00812384
0.00854576
0.00869552
0.0089704
0.0094005
0.00973871
0.0101469
0.0107144
0.0110682
0.0112373
0.0116711
0.0122681
0.0127032
0.013096
0.0135699
0.0140294
0.0144693
0.0149753
0.0155106
0.0159679
0.0163897
0.0169324
0.0175288
0.0180137
0.018442
0.0189808
0.0196149
0.020215
0.0207148
0.0212428
0.0219035
0.0225676
0.0231189
0.0237091
0.0243992
0.0250559
0.0256729
0.0263326
0.0270523
0.0277499
0.0284516
0.0291917
0.029949
0.0307002
0.0314574
0.0322517
0.0330523
0.0338564
0.0346666
0.0355171
0.0363762
0.03724
0.0381269
0.0390479
0.0399787
0.0409128
0.0418909
0.0428654
0.0438831
0.044899
0.0459492
0.0470121
0.0481145
0.0492159
0.0503381
0.0514797
0.0526416
0.0538494
0.055065
0.0563209
0.0575597
0.0588574
0.0601447
0.0614828
0.0628525
0.0642086
0.0656414
0.0670618
0.0685101
0.0700351
0.0715216
0.0731041
0.0746726
0.0761917
0.00399114
0.00501628
0.00599846
0.00627679
0.00581179
0.00559112
0.00620514
0.00701666
0.00722388
0.00671686
0.00630337
0.00669974
0.00739716
0.0076191
0.0074625
0.0075662
0.00814366
0.00867986
0.00885924
0.00904252
0.00944638
0.00983536
0.0102169
0.0107509
0.0111642
0.0113362
0.0116921
0.0122899
0.0127696
0.0131478
0.013594
0.0140568
0.0145055
0.0150043
0.0155277
0.0159881
0.0164139
0.0169483
0.0175443
0.0180363
0.0184616
0.0189934
0.0196277
0.0202337
0.020733
0.0212514
0.0219099
0.0225809
0.0231299
0.0237124
0.0244056
0.0250676
0.0256817
0.0263395
0.0270616
0.0277591
0.0284575
0.0291963
0.0299545
0.0307057
0.0314604
0.0322548
0.0330579
0.0338608
0.0346691
0.0355217
0.0363827
0.0372454
0.0381315
0.0390532
0.0399835
0.0409172
0.0418957
0.0428701
0.0438872
0.0449033
0.0459535
0.0470157
0.0481167
0.0492173
0.0503412
0.0514835
0.0526446
0.0538524
0.0550666
0.0563213
0.0575604
0.0588591
0.060146
0.0614838
0.0628528
0.0642087
0.0656413
0.0670614
0.0685087
0.0700344
0.0715213
0.0731038
0.0746758
0.0761962
0.0040405
0.00494693
0.0059449
0.00644235
0.00619434
0.0058646
0.00623584
0.00699967
0.00740054
0.0070903
0.00658962
0.0067316
0.00738608
0.00780152
0.00773122
0.00768376
0.00814517
0.00876212
0.00903185
0.00915851
0.00949218
0.0099102
0.0102994
0.010794
0.0112445
0.0114476
0.0117299
0.0122983
0.0128309
0.0132123
0.0136223
0.0140816
0.0145413
0.0150373
0.0155494
0.0160075
0.0164367
0.0169671
0.0175614
0.0180586
0.0184826
0.019007
0.0196404
0.0202529
0.0207524
0.0212606
0.0219162
0.0225945
0.0231423
0.0237166
0.0244118
0.0250796
0.0256913
0.0263465
0.0270708
0.0277685
0.0284639
0.029201
0.0299604
0.0307115
0.0314635
0.0322579
0.0330638
0.0338657
0.0346718
0.0355265
0.0363894
0.0372509
0.0381362
0.0390587
0.0399886
0.0409217
0.0419007
0.042875
0.0438915
0.0449076
0.0459579
0.0470194
0.0481192
0.0492189
0.0503444
0.0514872
0.0526477
0.0538554
0.0550683
0.0563218
0.0575611
0.0588607
0.0601473
0.0614849
0.062853
0.0642088
0.0656412
0.0670609
0.0685075
0.0700337
0.0715212
0.0731036
0.0746789
0.0762008
0.00414635
0.00491416
0.00589149
0.00652895
0.00651873
0.00618846
0.00634232
0.00698407
0.00749707
0.00740327
0.00692496
0.00685143
0.00736545
0.00789748
0.00799082
0.00787555
0.0081675
0.00879565
0.00918325
0.00930926
0.00955908
0.00996669
0.0103796
0.0108486
0.0113124
0.0115619
0.0117929
0.0123003
0.0128773
0.0132895
0.0136607
0.0141017
0.014575
0.0150731
0.0155758
0.0160285
0.0164576
0.016987
0.0175818
0.0180818
0.0185039
0.0190215
0.0196526
0.0202721
0.0207734
0.0212706
0.0219221
0.0226087
0.0231561
0.0237215
0.0244179
0.0250919
0.0257016
0.0263537
0.0270797
0.0277781
0.0284707
0.0292057
0.0299665
0.030718
0.031467
0.032261
0.03307
0.033871
0.0346747
0.0355313
0.0363964
0.0372566
0.038141
0.0390643
0.0399938
0.0409264
0.0419059
0.04288
0.0438961
0.0449119
0.0459625
0.0470233
0.0481217
0.0492208
0.0503478
0.0514909
0.0526508
0.0538585
0.0550699
0.0563226
0.057562
0.0588624
0.0601486
0.0614861
0.0628533
0.064209
0.0656412
0.0670604
0.0685066
0.0700329
0.0715212
0.0731037
0.0746819
0.0762053
0.00430851
0.00492136
0.00585822
0.00656759
0.00676661
0.00652801
0.00651985
0.00700115
0.00754244
0.00763869
0.0072655
0.00705123
0.0073832
0.00793126
0.00819503
0.00811501
0.00824558
0.00880419
0.009291
0.00947202
0.00965991
0.0100207
0.010448
0.0109124
0.0113754
0.0116695
0.011881
0.0123092
0.0129006
0.01337
0.0137164
0.0141187
0.0146027
0.0151125
0.0156077
0.0160528
0.0164776
0.0170056
0.0176045
0.0181071
0.0185253
0.0190363
0.019665
0.0202916
0.0207962
0.0212817
0.0219272
0.0226232
0.0231716
0.0237272
0.0244239
0.0251046
0.0257123
0.026361
0.0270887
0.027788
0.028478
0.0292106
0.0299727
0.0307249
0.0314708
0.0322642
0.0330763
0.0338767
0.0346777
0.0355362
0.0364035
0.0372625
0.038146
0.03907
0.0399993
0.0409314
0.0419111
0.0428853
0.0439008
0.0449163
0.0459672
0.0470273
0.0481243
0.0492229
0.0503512
0.0514945
0.0526541
0.0538617
0.0550716
0.0563235
0.0575629
0.0588641
0.0601498
0.0614873
0.0628536
0.0642093
0.0656413
0.0670598
0.0685059
0.0700321
0.0715212
0.0731041
0.074685
0.0762099
0.00451992
0.00497727
0.00585145
0.00658769
0.00693687
0.00684616
0.00675404
0.00706652
0.00756901
0.00780073
0.00757305
0.00730382
0.00746457
0.00794408
0.00832636
0.00835973
0.00838933
0.00882033
0.00935559
0.00962163
0.00978918
0.0100902
0.0105056
0.0109767
0.0114391
0.0117653
0.0119852
0.0123389
0.0129035
0.0134392
0.0137949
0.0141425
0.0146198
0.0151525
0.0156463
0.0160807
0.0164973
0.017022
0.0176282
0.0181361
0.0185482
0.0190508
0.0196771
0.020311
0.0208208
0.0212945
0.0219314
0.0226374
0.0231893
0.0237339
0.0244295
0.0251179
0.0257238
0.0263682
0.0270976
0.0277983
0.0284858
0.0292155
0.0299791
0.0307324
0.0314749
0.0322674
0.033083
0.0338829
0.034681
0.0355413
0.0364109
0.0372683
0.038151
0.0390759
0.040005
0.0409367
0.0419164
0.0428906
0.0439057
0.0449206
0.045972
0.0470315
0.0481271
0.0492252
0.0503548
0.0514981
0.0526574
0.0538649
0.0550733
0.0563247
0.057564
0.0588658
0.060151
0.0614886
0.062854
0.0642096
0.0656414
0.067059
0.0685054
0.0700315
0.0715213
0.0731047
0.0746878
0.0762144
0.00475775
0.00508259
0.00586929
0.00661197
0.00705025
0.00711362
0.00702242
0.00718548
0.00760309
0.00790895
0.00782895
0.00757695
0.00760615
0.00797552
0.00839967
0.00856797
0.00858187
0.0088749
0.00939508
0.00974181
0.0099295
0.0101838
0.0105616
0.0110333
0.0115049
0.0118515
0.0120932
0.0123978
0.0129017
0.0134831
0.0138881
0.0141857
0.0146251
0.0151847
0.0156933
0.0161151
0.0165176
0.017036
0.0176514
0.0181688
0.0185738
0.0190647
0.0196882
0.0203307
0.0208472
0.0213093
0.021935
0.0226506
0.0232088
0.023742
0.0244343
0.0251317
0.0257365
0.0263752
0.0271061
0.0278092
0.0284941
0.0292203
0.0299857
0.0307404
0.0314794
0.0322707
0.0330898
0.0338895
0.0346843
0.0355464
0.0364185
0.0372745
0.0381563
0.0390817
0.0400107
0.0409422
0.0419218
0.0428962
0.0439109
0.044925
0.045977
0.0470358
0.04813
0.0492278
0.0503586
0.0515015
0.0526608
0.0538684
0.055075
0.0563261
0.0575651
0.0588676
0.0601523
0.0614899
0.0628545
0.0642099
0.0656418
0.0670583
0.0685051
0.0700309
0.0715214
0.0731058
0.0746908
0.0762188
0.00499495
0.00523253
0.00591588
0.00665094
0.00713667
0.00731768
0.00729225
0.00735533
0.00766265
0.00798635
0.00803008
0.00784066
0.00778833
0.00804799
0.00844817
0.00871913
0.00879115
0.00897981
0.00943273
0.00983228
0.010062
0.0102967
0.0106295
0.0110825
0.0115692
0.0119341
0.0121958
0.012481
0.0129128
0.0134968
0.0139775
0.0142591
0.0146303
0.0151999
0.0157447
0.0161611
0.0165401
0.017046
0.0176724
0.0182047
0.0186033
0.0190789
0.0196976
0.02035
0.0208758
0.0213263
0.0219381
0.0226628
0.0232299
0.023752
0.0244386
0.0251453
0.0257506
0.0263824
0.0271139
0.0278207
0.0285033
0.0292251
0.0299924
0.030749
0.0314843
0.0322741
0.0330968
0.0338967
0.0346879
0.0355514
0.0364262
0.0372807
0.0381617
0.0390878
0.0400166
0.040948
0.0419273
0.0429017
0.0439163
0.0449294
0.0459821
0.0470405
0.048133
0.0492306
0.0503625
0.0515049
0.0526643
0.0538719
0.0550767
0.0563278
0.0575663
0.0588693
0.0601536
0.0614912
0.0628553
0.0642102
0.0656423
0.0670575
0.068505
0.0700305
0.0715214
0.073107
0.0746937
0.0762231
0.00521487
0.00541478
0.00599637
0.00670266
0.00721796
0.00746983
0.00753261
0.00756148
0.00775824
0.00805259
0.00818224
0.0080792
0.00799366
0.00816115
0.0085034
0.00882008
0.00898173
0.00912515
0.00948884
0.0099045
0.010178
0.0104166
0.0107155
0.0111314
0.0116267
0.0120163
0.0122903
0.0125743
0.0129498
0.0134943
0.0140439
0.014359
0.0146533
0.0151938
0.0157885
0.0162224
0.0165704
0.0170512
0.0176886
0.0182438
0.018638
0.0190937
0.0197048
0.0203681
0.0209068
0.0213463
0.0219407
0.0226737
0.0232525
0.0237636
0.0244426
0.0251587
0.0257661
0.0263901
0.0271208
0.0278324
0.0285137
0.02923
0.0299988
0.0307581
0.0314898
0.0322774
0.0331038
0.0339045
0.0346919
0.0355566
0.0364341
0.0372871
0.0381673
0.0390939
0.0400227
0.0409542
0.041933
0.0429073
0.043922
0.0449337
0.0459871
0.0470452
0.0481362
0.0492337
0.0503665
0.0515085
0.0526678
0.0538755
0.0550782
0.0563297
0.0575676
0.0588712
0.0601551
0.0614925
0.0628562
0.0642105
0.0656429
0.0670567
0.068505
0.0700304
0.0715214
0.0731085
0.0746967
0.0762273
0.00540868
0.00561067
0.00610983
0.00676603
0.00730489
0.00759752
0.00772815
0.00777575
0.0078904
0.00812535
0.00829898
0.00828596
0.00820649
0.00830102
0.00858197
0.00889555
0.00913194
0.00928942
0.00957491
0.00997322
0.0102786
0.0105309
0.0108161
0.011189
0.0116749
0.0120952
0.0123812
0.0126677
0.0130128
0.0134955
0.0140762
0.0144654
0.0147114
0.0151786
0.0158093
0.016294
0.0166179
0.0170537
0.0176952
0.0182843
0.0186803
0.0191105
0.0197092
0.0203841
0.0209399
0.0213703
0.0219427
0.0226826
0.023277
0.023777
0.0244459
0.0251721
0.0257827
0.0263985
0.027127
0.0278438
0.028525
0.0292355
0.0300051
0.0307674
0.0314959
0.032281
0.0331108
0.0339129
0.0346962
0.0355615
0.0364421
0.0372939
0.0381731
0.0391
0.0400287
0.0409605
0.0419389
0.042913
0.0439281
0.0449381
0.0459924
0.0470503
0.0481394
0.0492368
0.0503706
0.051512
0.0526713
0.0538794
0.0550799
0.056332
0.0575691
0.0588729
0.0601567
0.0614936
0.0628574
0.0642107
0.0656436
0.0670561
0.0685051
0.0700306
0.0715214
0.0731101
0.0746998
0.0762314
0.00557086
0.00580301
0.0062498
0.00684504
0.00739573
0.00772065
0.00788593
0.00797134
0.00804858
0.00821883
0.00839708
0.00845609
0.00841263
0.00845665
0.0086834
0.00897141
0.00924446
0.00944877
0.00968769
0.0100474
0.0103705
0.0106357
0.0109214
0.011259
0.0117176
0.0121672
0.0124735
0.0127578
0.0130903
0.0135158
0.0140833
0.0145545
0.0148061
0.0151764
0.0157984
0.0163601
0.0166903
0.0170629
0.0176878
0.0183208
0.0187326
0.0191321
0.0197098
0.0203969
0.0209747
0.0213993
0.0219451
0.0226883
0.0233031
0.0237929
0.024448
0.0251851
0.025801
0.0264076
0.0271327
0.027855
0.028537
0.0292417
0.0300114
0.0307769
0.0315025
0.0322846
0.0331177
0.033922
0.0347011
0.0355664
0.03645
0.0373008
0.0381792
0.0391063
0.0400353
0.0409671
0.0419447
0.0429186
0.0439343
0.0449426
0.0459977
0.0470557
0.0481429
0.0492404
0.0503747
0.0515156
0.0526749
0.0538833
0.0550814
0.0563342
0.0575709
0.0588747
0.0601586
0.0614946
0.0628589
0.0642112
0.0656443
0.0670557
0.0685052
0.070031
0.0715215
0.0731119
0.0747029
0.0762353
0.00569903
0.00598121
0.0064068
0.00694191
0.00748402
0.00784442
0.00802669
0.00813953
0.00821483
0.00833572
0.00849114
0.00859122
0.00859939
0.00862219
0.00880049
0.00906061
0.0093361
0.00958529
0.0098157
0.010133
0.0104603
0.0107332
0.0110231
0.0113421
0.011763
0.0122285
0.0125641
0.012846
0.0131715
0.0135586
0.0140851
0.0146111
0.0149176
0.0152105
0.0157676
0.0163992
0.0167827
0.0170931
0.0176679
0.018344
0.018794
0.0191641
0.0197066
0.0204037
0.021011
0.0214338
0.0219487
0.0226903
0.0233301
0.0238127
0.0244491
0.0251968
0.0258213
0.0264176
0.0271376
0.0278661
0.0285497
0.0292484
0.0300179
0.0307865
0.0315098
0.0322882
0.0331244
0.0339317
0.0347065
0.035571
0.036458
0.0373083
0.0381855
0.0391124
0.0400419
0.040974
0.0419508
0.0429245
0.0439407
0.0449471
0.0460027
0.0470612
0.0481463
0.0492442
0.0503789
0.0515195
0.0526786
0.0538874
0.0550831
0.0563367
0.0575728
0.0588762
0.0601607
0.0614955
0.0628604
0.0642117
0.065645
0.0670556
0.0685053
0.0700316
0.0715216
0.0731137
0.0747062
0.0762392
0.00579626
0.00613656
0.00656778
0.00705711
0.00756953
0.00796307
0.00816595
0.00828768
0.00837209
0.0084674
0.00859256
0.00870406
0.00876063
0.00879034
0.00892628
0.00915829
0.00942261
0.00969726
0.00994386
0.0102291
0.0105512
0.0108303
0.0111206
0.0114337
0.0118157
0.0122783
0.0126487
0.0129355
0.0132531
0.0136161
0.0140962
0.0146388
0.0150208
0.0152884
0.0157429
0.0163969
0.0168757
0.0171579
0.017648
0.0183442
0.0188571
0.019213
0.0197035
0.0204003
0.0210471
0.0214755
0.0219543
0.0226881
0.0233566
0.0238367
0.02445
0.0252058
0.0258433
0.0264296
0.0271413
0.0278767
0.0285631
0.0292557
0.0300242
0.0307964
0.0315181
0.0322915
0.0331306
0.0339424
0.0347129
0.0355752
0.0364657
0.0373161
0.038192
0.0391183
0.0400489
0.0409811
0.0419567
0.0429304
0.0439475
0.044952
0.046008
0.0470671
0.04815
0.0492481
0.0503829
0.0515233
0.0526822
0.0538914
0.0550851
0.0563393
0.0575752
0.0588777
0.0601631
0.0614965
0.062862
0.0642124
0.0656454
0.0670558
0.0685055
0.0700324
0.071522
0.0731156
0.0747095
0.0762429
0.00587158
0.00626466
0.00672076
0.00718791
0.0076593
0.0080686
0.00830236
0.00842603
0.00851317
0.00859983
0.00870593
0.00881231
0.00889868
0.00894965
0.00905878
0.0092623
0.00951093
0.00978991
0.0100578
0.0103314
0.0106445
0.0109293
0.0112135
0.0115264
0.0118798
0.0123227
0.0127245
0.0130261
0.0133362
0.0136816
0.014121
0.0146529
0.0150959
0.0153908
0.0157521
0.0163632
0.0169423
0.0172553
0.017648
0.0183202
0.0189086
0.0192815
0.0197094
0.0203841
0.0210782
0.0215264
0.021964
0.022681
0.0233816
0.0238652
0.0244521
0.0252116
0.0258661
0.0264444
0.0271443
0.0278862
0.0285775
0.029264
0.0300301
0.0308064
0.0315278
0.0322947
0.0331359
0.033954
0.0347205
0.035579
0.0364728
0.0373245
0.0381989
0.0391241
0.0400562
0.0409887
0.0419625
0.0429364
0.0439542
0.044957
0.0460132
0.0470731
0.048154
0.0492524
0.0503872
0.0515274
0.0526861
0.0538953
0.0550871
0.0563417
0.0575776
0.0588791
0.0601655
0.0614976
0.0628636
0.0642136
0.0656458
0.0670562
0.0685059
0.0700331
0.0715225
0.0731176
0.074713
0.0762466
0.00594078
0.0063687
0.00685671
0.00732592
0.00776144
0.00815983
0.00842577
0.00855956
0.00864166
0.00872238
0.00882275
0.00892113
0.00901796
0.0090944
0.00919669
0.00937386
0.00960184
0.00987489
0.0101593
0.0104334
0.0107356
0.011025
0.0113042
0.0116157
0.0119538
0.0123673
0.012788
0.0131137
0.0134207
0.0137536
0.0141589
0.0146672
0.015144
0.015493
0.0158069
0.0163258
0.016961
0.0173618
0.0176865
0.0182856
0.0189325
0.0193617
0.0197359
0.0203575
0.0210963
0.0215868
0.0219821
0.0226682
0.0234033
0.0238984
0.0244565
0.0252142
0.0258887
0.0264624
0.0271474
0.0278939
0.0285921
0.0292734
0.0300354
0.030816
0.0315384
0.0322978
0.0331399
0.0339663
0.0347292
0.0355822
0.0364795
0.0373338
0.0382061
0.0391294
0.0400635
0.0409965
0.0419682
0.0429426
0.0439611
0.0449623
0.0460182
0.047079
0.0481581
0.0492566
0.0503913
0.0515316
0.0526903
0.0538993
0.0550897
0.0563444
0.0575806
0.0588805
0.0601681
0.0614988
0.0628651
0.0642148
0.065646
0.0670568
0.0685065
0.070034
0.0715233
0.0731195
0.0747163
0.0762503
0.00601871
0.00645779
0.0069734
0.00745915
0.00787766
0.00824846
0.00853218
0.0086853
0.00876466
0.00883429
0.00892849
0.009025
0.00912402
0.0092206
0.00932763
0.00948983
0.00970008
0.00996078
0.0102524
0.01053
0.010825
0.0111192
0.0113979
0.0117022
0.0120305
0.0124156
0.0128386
0.0131928
0.0135042
0.0138287
0.0142062
0.0146865
0.015176
0.0155762
0.015892
0.0163178
0.016942
0.0174474
0.0177657
0.0182644
0.0189226
0.0194361
0.0197911
0.0203312
0.0210921
0.0216514
0.0220143
0.0226499
0.0234183
0.0239367
0.0244638
0.0252132
0.0259101
0.0264832
0.0271515
0.0279
0.0286076
0.0292848
0.0300403
0.0308252
0.0315533
0.0323015
0.0331425
0.0339795
0.0347398
0.0355853
0.0364854
0.0373438
0.0382139
0.0391347
0.0400713
0.041005
0.0419739
0.0429488
0.0439679
0.0449678
0.0460235
0.0470852
0.0481626
0.049261
0.0503955
0.0515357
0.0526945
0.0539027
0.0550923
0.056347
0.0575835
0.0588822
0.0601709
0.0615005
0.0628667
0.0642166
0.0656463
0.0670575
0.0685075
0.0700348
0.0715243
0.0731218
0.0747197
0.076254
0.00611093
0.00654579
0.00707517
0.00757803
0.00800014
0.00834649
0.00862636
0.00879953
0.00888377
0.00894101
0.0090222
0.00912136
0.00922031
0.00932646
0.00944396
0.00960252
0.00980086
0.010042
0.0103354
0.0106211
0.0109137
0.0112127
0.0114934
0.0117902
0.0121086
0.0124718
0.0128843
0.0132609
0.0135849
0.0139047
0.0142605
0.0147112
0.0151999
0.0156354
0.0159823
0.0163508
0.0169123
0.0174879
0.0178622
0.0182814
0.0188939
0.0194849
0.0198715
0.0203227
0.0210633
0.0217094
0.0220672
0.0226311
0.0234221
0.0239801
0.0244765
0.0252079
0.0259298
0.0265065
0.0271568
0.0279044
0.0286213
0.0292976
0.030045
0.0308326
0.0315666
0.0323052
0.033143
0.033993
0.0347515
0.0355875
0.03649
0.0373546
0.0382219
0.0391393
0.0400789
0.0410136
0.0419796
0.0429554
0.043975
0.0449736
0.0460288
0.047091
0.0481675
0.0492656
0.0503998
0.0515403
0.0526991
0.0539063
0.0550953
0.0563498
0.0575863
0.0588836
0.0601732
0.0615021
0.062868
0.0642183
0.0656465
0.0670583
0.0685086
0.0700357
0.0715253
0.0731239
0.074723
0.0762574
0.00620653
0.00663759
0.00716803
0.00768116
0.008115
0.00845258
0.00871614
0.00889975
0.00899399
0.00904589
0.00911081
0.00920682
0.00930913
0.00941983
0.00954657
0.00970362
0.00989924
0.010123
0.0104086
0.0107037
0.0109942
0.0112986
0.0115848
0.011878
0.0121886
0.012534
0.0129323
0.0133191
0.0136614
0.0139826
0.014321
0.0147443
0.0152217
0.0156777
0.0160605
0.0164119
0.0169007
0.0174892
0.0179419
0.0183369
0.0188703
0.0194944
0.0199563
0.0203475
0.021019
0.0217458
0.0221408
0.0226216
0.0234103
0.0240254
0.0244982
0.0251981
0.0259469
0.0265334
0.0271638
0.027908
0.0286359
0.029312
0.0300495
0.0308397
0.0315853
0.0323109
0.0331422
0.034007
0.0347658
0.03559
0.0364941
0.0373666
0.0382309
0.039144
0.0400869
0.0410226
0.0419855
0.0429619
0.0439821
0.0449798
0.0460346
0.0470969
0.0481729
0.0492703
0.0504041
0.0515449
0.0527039
0.0539097
0.0550988
0.0563532
0.0575896
0.0588862
0.0601762
0.0615046
0.0628696
0.0642204
0.0656471
0.0670592
0.0685102
0.0700367
0.0715267
0.0731264
0.0747261
0.0762612
0.00629402
0.00673032
0.00725635
0.00777054
0.00821099
0.00855318
0.00880329
0.00898547
0.00908998
0.00914356
0.00919564
0.00928101
0.00938848
0.00950139
0.00963458
0.00979392
0.00999395
0.0102095
0.0104756
0.0107768
0.0110682
0.0113756
0.0116703
0.0119604
0.0122669
0.0125955
0.0129801
0.0133691
0.0137274
0.01406
0.0143852
0.0147869
0.0152471
0.0157093
0.0161248
0.016484
0.0169214
0.0174786
0.0179871
0.0184112
0.018878
0.0194778
0.0200201
0.0204072
0.0209771
0.021745
0.0222226
0.0226317
0.0233813
0.0240645
0.0245314
0.025184
0.0259573
0.0265639
0.0271721
0.0279085
0.0286431
0.0293267
0.0300541
0.030844
0.0316019
0.0323171
0.0331386
0.0340196
0.0347813
0.0355918
0.0364962
0.0373785
0.0382396
0.0391478
0.0400944
0.0410312
0.0419913
0.0429679
0.0439885
0.0449855
0.0460399
0.047102
0.0481783
0.0492749
0.050408
0.0515494
0.0527083
0.0539126
0.0551019
0.056356
0.0575917
0.0588878
0.0601782
0.0615065
0.062871
0.0642221
0.0656477
0.06706
0.0685118
0.0700376
0.0715279
0.0731289
0.0747296
0.0762643
0.00637461
0.006819
0.00734087
0.00784934
0.00828685
0.00863502
0.00888228
0.00905782
0.0091684
0.00922607
0.00927319
0.00934577
0.00945432
0.00957084
0.00970956
0.00987399
0.0100763
0.0102949
0.010542
0.010842
0.0111394
0.0114447
0.0117499
0.0120382
0.0123424
0.0126584
0.0130263
0.013414
0.013778
0.0141286
0.0144504
0.0148326
0.0152766
0.0157325
0.016176
0.016556
0.0169624
0.017478
0.0180034
0.0184794
0.0189214
0.0194617
0.020053
0.0204894
0.0209678
0.0217141
0.0222982
0.0226777
0.0233472
0.0240899
0.024581
0.0251727
0.0259585
0.0265993
0.027186
0.0279076
0.0286555
0.0293445
0.0300586
0.0308478
0.0316218
0.0323273
0.033135
0.0340314
0.0347996
0.0355951
0.036498
0.0373919
0.0382502
0.0391524
0.0401028
0.0410407
0.0419985
0.042975
0.043996
0.0449929
0.0460468
0.0471078
0.0481846
0.0492803
0.0504126
0.0515551
0.0527138
0.0539164
0.0551064
0.0563605
0.0575952
0.0588911
0.0601816
0.0615095
0.062873
0.0642243
0.0656488
0.0670612
0.0685139
0.0700389
0.0715294
0.0731315
0.0747324
0.076268
0.00645839
0.00690291
0.00742071
0.00791902
0.0083457
0.00869004
0.00893915
0.00910948
0.00922315
0.00928607
0.0093352
0.00939989
0.00950693
0.0096309
0.00977405
0.00994462
0.0101481
0.0103762
0.0106138
0.0109016
0.0112063
0.0115071
0.0118195
0.0121115
0.0124134
0.012723
0.0130712
0.0134564
0.0138199
0.0141844
0.0145164
0.0148786
0.0153072
0.0157495
0.0162086
0.0166187
0.0170097
0.0174898
0.0180032
0.0185158
0.0189775
0.0194587
0.0200493
0.0205576
0.0209892
0.0216622
0.0223346
0.0227476
0.0233186
0.0240855
0.0246366
0.0251693
0.0259431
0.0266328
0.0272075
0.0279021
0.0286632
0.0293643
0.0300633
0.0308483
0.03164
0.0323384
0.0331292
0.0340401
0.0348187
0.0355991
0.0364978
0.0374036
0.0382601
0.039156
0.0401096
0.0410487
0.0420049
0.0429804
0.0440013
0.0449988
0.046052
0.047112
0.0481902
0.0492848
0.0504157
0.0515597
0.0527176
0.0539185
0.0551095
0.0563636
0.0575967
0.058893
0.0601839
0.0615116
0.0628746
0.0642259
0.0656498
0.0670621
0.0685156
0.0700399
0.0715308
0.0731344
0.0747361
0.076271
0.00656244
0.00699403
0.0075017
0.00798281
0.00839088
0.00871801
0.00896188
0.0091241
0.0092359
0.00930453
0.00936254
0.00943224
0.00954034
0.0096749
0.00982557
0.0100063
0.010215
0.0104526
0.0106934
0.0109658
0.0112737
0.0115723
0.0118832
0.0121836
0.0124844
0.0127931
0.0131218
0.0134992
0.0138642
0.0142327
0.0145863
0.0149368
0.0153489
0.0157791
0.016235
0.0166768
0.0170669
0.017521
0.0180167
0.0185356
0.0190361
0.019493
0.0200433
0.0206081
0.0210476
0.0216318
0.0223375
0.0228307
0.0233258
0.0240623
0.0246888
0.0251924
0.025919
0.0266568
0.0272444
0.0278985
0.0286643
0.029389
0.0300707
0.0308462
0.0316598
0.032356
0.0331233
0.0340446
0.0348399
0.0356057
0.0364968
0.0374151
0.0382718
0.0391614
0.0401172
0.0410575
0.0420136
0.0429876
0.0440084
0.0450074
0.0460592
0.0471174
0.048197
0.0492909
0.0504204
0.0515664
0.0527234
0.0539224
0.0551149
0.0563687
0.0575999
0.0588966
0.0601876
0.0615144
0.062877
0.0642281
0.0656512
0.0670638
0.0685179
0.0700415
0.0715323
0.0731367
0.0747387
0.0762744
0.00669659
0.00710881
0.00760114
0.00805965
0.00844068
0.00873291
0.00895043
0.00909358
0.00919351
0.00926301
0.00932843
0.00940958
0.00952306
0.00967276
0.00983777
0.0100305
0.010249
0.0104959
0.0107504
0.0110132
0.0113164
0.0116179
0.0119247
0.0122318
0.0125349
0.0128463
0.0131627
0.0135246
0.0138931
0.0142595
0.0146316
0.0149852
0.0153803
0.0158051
0.0162474
0.0167107
0.017116
0.0175508
0.0180351
0.0185401
0.019063
0.0195349
0.0200403
0.0206217
0.0211048
0.0216235
0.0223095
0.0228894
0.02336
0.0240316
0.0247135
0.0252315
0.0258965
0.0266576
0.0272879
0.0279033
0.0286527
0.0294108
0.0300831
0.0308372
0.0316742
0.0323796
0.0331188
0.034042
0.0348621
0.0356179
0.036495
0.037424
0.0382845
0.0391678
0.0401235
0.041065
0.0420216
0.042993
0.0440131
0.0450148
0.0460648
0.0471214
0.0482031
0.0492959
0.0504233
0.0515712
0.0527271
0.0539241
0.0551188
0.0563724
0.0576015
0.0588993
0.060191
0.0615169
0.0628792
0.06423
0.0656524
0.0670652
0.0685198
0.0700429
0.0715342
0.07314
0.0747427
0.076278
0.00683378
0.00723827
0.00772508
0.00817387
0.00853979
0.0088062
0.00899307
0.00911544
0.00919951
0.00926631
0.00933259
0.00942131
0.00954044
0.0097011
0.00988045
0.0100807
0.010307
0.0105554
0.0108182
0.0110744
0.0113631
0.0116671
0.0119725
0.012279
0.0125837
0.0128999
0.013215
0.0135604
0.0139288
0.0142967
0.0146753
0.0150402
0.015422
0.0158409
0.0162708
0.0167331
0.0171612
0.0175867
0.0180638
0.0185579
0.0190753
0.0195769
0.0200617
0.0206239
0.0211511
0.0216457
0.0222817
0.0229176
0.0234124
0.0240191
0.0247146
0.0252779
0.0258952
0.026641
0.027326
0.0279279
0.0286379
0.0294252
0.0301097
0.0308297
0.0316807
0.0324107
0.03312
0.0340313
0.0348806
0.0356343
0.0364919
0.0374271
0.0382961
0.0391758
0.0401282
0.0410718
0.042031
0.0429988
0.0440187
0.0450242
0.0460709
0.0471255
0.0482096
0.0493018
0.0504279
0.051578
0.0527325
0.0539274
0.0551246
0.0563772
0.0576037
0.0589024
0.0601945
0.0615191
0.0628814
0.0642324
0.0656533
0.0670673
0.0685219
0.0700443
0.0715357
0.0731419
0.0747453
0.0762807
0.00678277
0.00707939
0.00747025
0.00785575
0.00819266
0.00846384
0.00867774
0.00885305
0.00899912
0.00912795
0.00924363
0.00937269
0.00952581
0.0097112
0.00991491
0.0101259
0.0103597
0.0106055
0.01087
0.0111256
0.0113989
0.0117003
0.012007
0.0123129
0.0126152
0.0129357
0.0132549
0.0135904
0.0139531
0.0143244
0.0147052
0.0150804
0.0154621
0.0158735
0.0162979
0.0167488
0.0171967
0.0176285
0.0180926
0.0185827
0.019081
0.0196047
0.0200963
0.0206271
0.0211821
0.0216831
0.0222708
0.0229226
0.0234599
0.0240295
0.0247026
0.0253129
0.0259133
0.026617
0.0273439
0.0279632
0.0286278
0.0294221
0.0301354
0.0308256
0.0316716
0.0324431
0.0331325
0.034014
0.0348955
0.0356605
0.0364949
0.037429
0.0383101
0.0391895
0.0401346
0.0410789
0.0420421
0.0430047
0.0440238
0.0450347
0.0460776
0.0471298
0.048217
0.0493076
0.0504317
0.0515837
0.0527366
0.0539297
0.0551301
0.0563822
0.057606
0.0589067
0.0601994
0.0615226
0.0628845
0.064235
0.065658
0.0670698
0.0685244
0.070046
0.071538
0.0731455
0.0747496
0.0762854
0.00798487
0.00799193
0.00795346
0.00794838
0.00799895
0.00810128
0.00824331
0.00842112
0.00862049
0.00883288
0.00904213
0.00924875
0.00946194
0.0096835
0.00991775
0.0101453
0.0103854
0.0106318
0.0108953
0.0111566
0.0114197
0.0117133
0.0120157
0.0123235
0.0126271
0.0129502
0.013278
0.0136122
0.013971
0.0143419
0.0147268
0.0151065
0.0154929
0.0158965
0.0163143
0.0167566
0.0172103
0.0176613
0.0181127
0.0185989
0.019086
0.0196102
0.0201254
0.0206305
0.0211899
0.0217157
0.0222695
0.0229129
0.0234868
0.0240509
0.0246941
0.0253282
0.0259431
0.0266031
0.0273391
0.0280029
0.0286371
0.0294075
0.0301609
0.0308379
0.0316539
0.0324705
0.0331581
0.033989
0.0348963
0.035689
0.036496
0.0374204
0.0383178
0.0392008
0.0401367
0.0410821
0.0420509
0.0430082
0.0440269
0.0450437
0.0460823
0.0471316
0.0482224
0.0493124
0.0504355
0.0515893
0.0527407
0.053932
0.055135
0.0563861
0.0576069
0.0589089
0.0602023
0.0615239
0.0628862
0.064237
0.0656587
0.0670717
0.068526
0.070047
0.0715394
0.0731463
0.0747524
0.0762865
0.00689888
0.00711307
0.00739883
0.00768312
0.00793697
0.00815453
0.00833639
0.00850126
0.0086711
0.00885713
0.00905409
0.00924846
0.00945469
0.00967457
0.0099181
0.0101629
0.0104114
0.0106657
0.0109303
0.0112028
0.011467
0.0117488
0.0120393
0.0123431
0.0126508
0.0129673
0.0133002
0.0136368
0.0139959
0.0143643
0.0147494
0.0151362
0.0155228
0.0159263
0.0163379
0.0167784
0.0172306
0.0176945
0.0181445
0.0186153
0.0191065
0.0196201
0.0201505
0.020655
0.0211941
0.0217508
0.0222883
0.0229044
0.0235059
0.0240707
0.0246977
0.0253327
0.0259655
0.0266106
0.0273158
0.0280266
0.0286667
0.0293809
0.0301725
0.0308639
0.0316281
0.0324857
0.0332025
0.0339716
0.0348872
0.0357283
0.036513
0.0374133
0.0383309
0.0392218
0.0401439
0.0410903
0.0420646
0.0430148
0.0440334
0.0450564
0.0460905
0.047137
0.0482307
0.0493191
0.0504413
0.0515958
0.0527456
0.053936
0.0551419
0.0563924
0.0576108
0.0589147
0.0602086
0.0615286
0.0628905
0.0642408
0.0656616
0.0670756
0.0685293
0.070049
0.0715416
0.0731554
0.0747584
0.0762927
0.00816919
0.00806493
0.00788623
0.00773679
0.00766303
0.00767574
0.00777336
0.00794456
0.0081818
0.00846312
0.00876962
0.00906802
0.00935476
0.00962818
0.00990149
0.0101707
0.0104272
0.0106839
0.0109444
0.0112177
0.0114859
0.0117558
0.0120364
0.0123352
0.0126493
0.0129639
0.0133004
0.0136462
0.0140066
0.0143773
0.0147572
0.0151503
0.0155358
0.0159383
0.0163493
0.0167857
0.0172411
0.0177058
0.0181646
0.0186223
0.0191142
0.0196288
0.0201519
0.0206735
0.0211916
0.0217604
0.0223127
0.0228936
0.0235138
0.0240861
0.0247022
0.0253415
0.0259726
0.0266314
0.0273043
0.0280243
0.0287117
0.0293679
0.0301626
0.0309024
0.0316089
0.0324778
0.0332475
0.033964
0.0348583
0.0357509
0.0365316
0.0373978
0.0383283
0.0392364
0.0401446
0.041089
0.0420731
0.0430162
0.0440331
0.0450639
0.0460941
0.0471372
0.0482345
0.0493221
0.0504437
0.0516001
0.0527482
0.0539372
0.0551454
0.0563952
0.0576109
0.0589162
0.0602107
0.061529
0.0628914
0.0642419
0.0656616
0.0670748
0.0685304
0.0700495
0.0715429
0.0731522
0.0747505
0.0762918
0.00789032
0.00766109
0.00738449
0.00717531
0.0070836
0.00711962
0.00727938
0.00753705
0.00786714
0.00823325
0.00860944
0.00896619
0.00929367
0.00959605
0.00988756
0.0101704
0.0104337
0.01069
0.0109474
0.0112149
0.0114849
0.0117491
0.0120247
0.0123225
0.0126389
0.0129562
0.0132926
0.0136461
0.0140073
0.0143801
0.014759
0.0151525
0.0155412
0.0159413
0.0163556
0.0167899
0.0172477
0.0177129
0.0181744
0.0186333
0.01912
0.019642
0.0201584
0.0206869
0.0212051
0.0217655
0.0223345
0.0228982
0.0235145
0.0240992
0.0247045
0.025349
0.0259764
0.0266402
0.0273115
0.028011
0.0287311
0.0293825
0.0301439
0.0309236
0.0316227
0.0324641
0.0332748
0.033987
0.034847
0.0357622
0.0365605
0.0374061
0.0383326
0.0392552
0.04016
0.0410968
0.0420866
0.0430287
0.0440401
0.0450751
0.0461056
0.0471444
0.0482431
0.0493304
0.0504503
0.0516071
0.0527554
0.0539431
0.0551524
0.0564032
0.057617
0.0589229
0.0602183
0.061535
0.0628967
0.0642469
0.0656657
0.0670782
0.0685344
0.0700513
0.071543
0.0731577
0.0747639
0.0763005
)
;

boundaryField
{
    zeroGradientPlanes
    {
        type            zeroGradient;
    }
    inlet
    {
        type            zeroGradient;
    }
    plate
    {
        type            zeroGradient;
    }
    frontAndBack
    {
        type            empty;
    }
}


// ************************************************************************* //
