/*--------------------------------*- C++ -*----------------------------------*\
| =========                 |                                                 |
| \\      /  F ield         | OpenFOAM: The Open Source CFD Toolbox           |
|  \\    /   O peration     | Version:  v1912                                 |
|   \\  /    A nd           | Website:  www.openfoam.com                      |
|    \\/     M anipulation  |                                                 |
\*---------------------------------------------------------------------------*/
FoamFile
{
    version     2.0;
    format      ascii;
    class       volScalarField;
    location    "7.95";
    object      p;
}
// * * * * * * * * * * * * * * * * * * * * * * * * * * * * * * * * * * * * * //

dimensions      [0 2 -2 0 0 0 0];


internalField   nonuniform List<scalar> 
9600
(
3.27977e-10
0.00802504
0.0162358
0.0124041
0.00820252
0.0146831
0.0122704
0.0127375
0.0162713
0.0180178
0.0158806
0.0159767
0.0175345
0.0176429
0.0168606
0.0190989
0.0189199
0.0199998
0.0214014
0.0228589
1.13778e-05
0.00801949
0.0162172
0.0124179
0.00822595
0.0146129
0.0123046
0.012754
0.0162378
0.0180226
0.0158867
0.0159893
0.0175321
0.017645
0.0168747
0.019076
0.0189231
0.0199763
0.0213998
0.0225415
1.85697e-05
0.0080207
0.01621
0.0124235
0.00823221
0.0145241
0.0123462
0.0127732
0.0162059
0.0180285
0.0158947
0.0160161
0.0175311
0.0176492
0.0168925
0.0190287
0.0189329
0.0199344
0.0213697
0.0221978
2.36853e-05
0.00805057
0.0162071
0.0124217
0.00822586
0.01445
0.0124
0.0127994
0.01618
0.0180113
0.0158978
0.0160561
0.0175272
0.0176509
0.0169125
0.0189669
0.0189455
0.019883
0.0213117
0.0218981
3.2701e-05
0.00810823
0.0162022
0.012413
0.00822181
0.0143989
0.0124696
0.0128271
0.0161575
0.017966
0.0158969
0.0161031
0.0175172
0.0176498
0.0169356
0.0188977
0.0189567
0.0198178
0.0212447
0.0216346
5.06081e-05
0.00818483
0.0161872
0.0123977
0.00822657
0.0143741
0.0125528
0.0128491
0.0161302
0.0178986
0.0158934
0.0161513
0.0175043
0.0176471
0.0169613
0.0188247
0.0189645
0.0197443
0.021171
0.0213924
8.20864e-05
0.00827196
0.0161545
0.0123759
0.00824408
0.0143736
0.0126422
0.0128593
0.016101
0.0178191
0.0158884
0.0161985
0.0174917
0.0176423
0.0169893
0.018752
0.0189713
0.019666
0.0210869
0.0211684
0.000130961
0.00836181
0.0160995
0.0123487
0.00827678
0.0143881
0.0127286
0.0128702
0.0160728
0.0177366
0.0158825
0.0162433
0.01748
0.0176342
0.0170204
0.018683
0.0189779
0.0195837
0.0209898
0.0209622
0.000199188
0.00844881
0.0160227
0.012319
0.00832503
0.0144082
0.0128052
0.0128806
0.0160482
0.0176563
0.0158759
0.0162838
0.0174681
0.0176225
0.0170547
0.0186189
0.0189826
0.0194984
0.0208778
0.020772
0.00028652
0.00853105
0.0159283
0.012289
0.00838857
0.0144285
0.012869
0.0128915
0.016028
0.0175798
0.0158683
0.0163188
0.0174546
0.0176068
0.0170912
0.0185596
0.0189843
0.0194118
0.0207494
0.0205951
0.000390692
0.008609
0.0158215
0.01226
0.00846674
0.0144471
0.0129209
0.0129031
0.0160113
0.0175068
0.0158598
0.0163481
0.0174387
0.0175871
0.0171286
0.0185049
0.0189821
0.0193255
0.020605
0.0204276
0.000508366
0.00868394
0.0157074
0.0122318
0.00855826
0.0144635
0.0129637
0.012915
0.0159969
0.0174369
0.0158511
0.0163722
0.017421
0.017564
0.0171655
0.0184542
0.0189749
0.0192404
0.0204465
0.0202661
0.000636245
0.00875697
0.0155892
0.0122031
0.00867891
0.0144772
0.013001
0.0129256
0.0159836
0.0173701
0.0158421
0.016392
0.0174026
0.0175385
0.0172007
0.0184067
0.0189613
0.0191564
0.0202765
0.0201087
0.000771808
0.00882878
0.0154684
0.012173
0.00878277
0.0144878
0.0130367
0.012935
0.0159704
0.0173063
0.0158328
0.0164079
0.0173848
0.0175114
0.0172328
0.0183612
0.01894
0.0190726
0.0200978
0.0199541
0.000913487
0.00889981
0.0153459
0.0121406
0.00889024
0.0144947
0.0130746
0.012943
0.0159563
0.0172456
0.0158226
0.0164201
0.0173684
0.0174838
0.0172609
0.0183162
0.0189105
0.0189877
0.0199128
0.0198017
0.00106047
0.00897033
0.0152221
0.0121059
0.00900028
0.0144977
0.0131152
0.0129497
0.0159406
0.0171879
0.0158113
0.0164284
0.0173537
0.0174559
0.0172843
0.0182708
0.0188724
0.0189009
0.019723
0.0196506
0.0012124
0.00904058
0.0150977
0.0120691
0.00911279
0.014497
0.0131591
0.0129552
0.0159223
0.0171334
0.0157986
0.0164328
0.0173405
0.0174279
0.0173027
0.0182241
0.0188258
0.0188117
0.0195298
0.0194999
0.00136917
0.00911083
0.0149735
0.0120309
0.00922791
0.014493
0.0132067
0.0129595
0.0159007
0.0170824
0.0157844
0.0164331
0.0173287
0.0173998
0.0173164
0.0181753
0.0187705
0.0187206
0.0193345
0.0193485
0.0015308
0.00918125
0.01485
0.0119917
0.00934565
0.014486
0.0132578
0.0129629
0.0158752
0.0170351
0.0157687
0.0164287
0.0173181
0.0173711
0.0173259
0.0181241
0.0187063
0.0186289
0.0191386
0.0191948
0.0016974
0.00925192
0.0147277
0.0119523
0.00946582
0.0144762
0.0133125
0.0129657
0.0158451
0.0169919
0.0157517
0.0164195
0.0173088
0.0173413
0.0173315
0.018071
0.0186328
0.0185378
0.0189439
0.019037
0.00186912
0.0093228
0.0146072
0.0119129
0.00958821
0.0144638
0.0133705
0.0129686
0.0158098
0.0169532
0.0157336
0.016405
0.0173009
0.0173101
0.0173331
0.0180167
0.0185497
0.0184474
0.0187531
0.0188731
0.00204613
0.00939368
0.014489
0.0118739
0.00971228
0.0144488
0.0134316
0.012972
0.015769
0.016919
0.015715
0.0163846
0.0172946
0.0172772
0.0173302
0.0179626
0.0184564
0.0183569
0.0185701
0.0187024
0.00222857
0.00946424
0.0143735
0.0118356
0.00983732
0.0144312
0.0134956
0.0129766
0.0157223
0.0168896
0.0156965
0.0163577
0.0172902
0.0172429
0.0173213
0.0179104
0.0183534
0.0182636
0.0183987
0.0185256
0.00241658
0.00953406
0.014261
0.0117982
0.00996255
0.0144111
0.0135621
0.0129828
0.0156693
0.016865
0.0156789
0.0163233
0.017288
0.0172081
0.017304
0.0178617
0.0182426
0.0181642
0.0182423
0.0183463
0.00261028
0.00960267
0.0141517
0.0117617
0.0100872
0.0143887
0.0136306
0.0129914
0.01561
0.0168448
0.0156632
0.0162807
0.0172877
0.0171742
0.0172761
0.0178171
0.0181269
0.0180543
0.018102
0.0181712
0.00280979
0.00966961
0.014046
0.0117265
0.0102102
0.0143641
0.0137007
0.0130027
0.015544
0.0168284
0.0156507
0.0162288
0.0172885
0.0171433
0.0172357
0.0177757
0.018011
0.0179299
0.017975
0.0180094
0.00301521
0.00973446
0.0139441
0.0116931
0.0103304
0.0143376
0.013772
0.0130175
0.0154716
0.0168151
0.0156425
0.0161672
0.0172889
0.0171178
0.0171815
0.0177346
0.0179009
0.01779
0.0178544
0.0178695
0.00322668
0.0097968
0.013852
0.0116618
0.0104473
0.0143095
0.0138439
0.013036
0.0153929
0.0168041
0.0156401
0.0160956
0.0172867
0.0171
0.017114
0.0176896
0.0178021
0.0176376
0.01773
0.0177564
0.00344425
0.00985624
0.013758
0.0116333
0.0105601
0.01428
0.0139163
0.0130587
0.0153083
0.0167941
0.0156445
0.0160142
0.0172793
0.0170919
0.0170346
0.0176362
0.0177186
0.0174789
0.0175906
0.0176664
0.00366799
0.00991252
0.013668
0.0116081
0.0106678
0.0142495
0.0139888
0.0130859
0.0152183
0.016784
0.0156569
0.0159238
0.0172639
0.0170949
0.0169459
0.0175697
0.0176515
0.0173226
0.0174285
0.0175875
0.00389788
0.00996545
0.0135822
0.0115871
0.0107701
0.0142177
0.0140612
0.0131181
0.0151231
0.0167722
0.0156784
0.0158254
0.0172375
0.01711
0.0168512
0.0174856
0.0175988
0.0171792
0.017244
0.0175018
0.00413381
0.010015
0.0135006
0.0115709
0.0108665
0.0141847
0.0141334
0.0131556
0.0150231
0.0167573
0.0157097
0.0157203
0.0171967
0.0171377
0.0167553
0.0173803
0.0175559
0.0170587
0.0170446
0.0173896
0.00437558
0.0100614
0.0134231
0.0115603
0.010957
0.0141502
0.0142053
0.0131989
0.0149189
0.0167371
0.0157517
0.0156107
0.0171375
0.0171772
0.0166645
0.0172518
0.0175163
0.0169681
0.0168424
0.017238
0.004623
0.0101047
0.0133496
0.0115559
0.0110414
0.0141138
0.0142766
0.0132488
0.0148111
0.0167093
0.0158048
0.0154996
0.0170565
0.0172264
0.016585
0.0170999
0.0174719
0.0169103
0.0166519
0.0170467
0.00487579
0.0101455
0.0132801
0.0115583
0.01112
0.0140749
0.0143469
0.0133059
0.0147012
0.0166715
0.0158687
0.0153903
0.0169508
0.0172818
0.0165237
0.0169261
0.0174143
0.0168837
0.0164861
0.0168268
0.00513364
0.010184
0.0132146
0.011568
0.0111931
0.0140335
0.0144156
0.0133705
0.0145901
0.0166215
0.0159425
0.015287
0.0168181
0.0173381
0.0164877
0.0167335
0.0173352
0.0168859
0.016356
0.0165937
0.00539619
0.0102207
0.0131532
0.011585
0.0112614
0.0139892
0.0144819
0.0134432
0.0144798
0.0165563
0.0160242
0.0151959
0.016657
0.0173874
0.0164844
0.0165274
0.0172233
0.0169115
0.0162734
0.0163655
0.00566309
0.0102562
0.0130958
0.0116095
0.0113257
0.0139423
0.0145447
0.0135241
0.0143726
0.0164742
0.0161099
0.0151223
0.0164692
0.0174194
0.0165201
0.0163206
0.017067
0.016947
0.0162471
0.0161633
0.00593389
0.010291
0.0130426
0.0116415
0.0113862
0.0138927
0.014603
0.0136128
0.0142707
0.0163744
0.0161958
0.0150716
0.0162597
0.0174223
0.016591
0.0161289
0.0168638
0.0169751
0.0162801
0.0160083
0.00620817
0.0103257
0.0129935
0.0116808
0.0114435
0.0138409
0.0146559
0.0137088
0.0141759
0.0162568
0.0162767
0.0150477
0.0160359
0.0173881
0.0166888
0.015966
0.0166175
0.0169767
0.0163673
0.0159224
0.00648546
0.0103608
0.012949
0.0117272
0.011498
0.0137877
0.0147022
0.0138105
0.0140918
0.0161228
0.0163482
0.0150523
0.0158046
0.0173079
0.0168025
0.0158477
0.0163373
0.0169318
0.0164942
0.015924
0.00676532
0.010397
0.0129087
0.011781
0.0115496
0.0137335
0.0147423
0.0139159
0.0140202
0.0159746
0.0164042
0.0150862
0.0155778
0.0171768
0.0169145
0.0157836
0.0160381
0.0168219
0.0166446
0.0160231
0.0070473
0.0104353
0.0128726
0.0118421
0.011599
0.0136783
0.0147761
0.0140234
0.0139616
0.0158169
0.0164406
0.0151429
0.0153667
0.0170012
0.0170109
0.0157797
0.0157333
0.0166315
0.0167722
0.0162158
0.007331
0.0104745
0.0128406
0.0119108
0.0116458
0.013623
0.0148034
0.0141314
0.0139168
0.0156517
0.0164585
0.0152187
0.0151773
0.0167864
0.0170811
0.0158516
0.0154903
0.0163767
0.016834
0.016388
0.00761589
0.0105162
0.0128121
0.0119874
0.0116909
0.0135666
0.014825
0.0142389
0.0138861
0.0154831
0.016454
0.0153094
0.0150181
0.0165437
0.0171218
0.0159811
0.0153198
0.0160849
0.0167881
0.0165103
0.00790156
0.0105608
0.0127867
0.0120721
0.0117353
0.0135086
0.0148423
0.0143448
0.0138689
0.0153166
0.0164252
0.0154092
0.0148927
0.0162852
0.0171274
0.0161372
0.0152204
0.0157776
0.0166365
0.0165716
0.00818763
0.0106091
0.0127636
0.0121647
0.011781
0.0134476
0.0148536
0.0144518
0.0138645
0.0151496
0.0163745
0.0155158
0.0148025
0.0160228
0.0170797
0.0162835
0.015163
0.0154472
0.0163945
0.0166251
0.00847346
0.0106619
0.0127416
0.012265
0.01183
0.0133821
0.0148578
0.014561
0.0138733
0.0149849
0.0163029
0.0156215
0.0147504
0.0157696
0.016971
0.0164271
0.0151993
0.0151727
0.0160796
0.0165474
0.00875856
0.0107203
0.0127196
0.0123719
0.0118854
0.0133116
0.0148535
0.0146718
0.0138994
0.0148251
0.0162012
0.0157232
0.0147479
0.0155226
0.0167883
0.0165316
0.0152956
0.0149504
0.0157247
0.0163876
0.00904225
0.0107854
0.0126968
0.0124834
0.0119509
0.0132363
0.0148358
0.0147856
0.0139459
0.0146689
0.0160709
0.015817
0.0147851
0.0152876
0.0165526
0.0165767
0.0154237
0.0148246
0.0153923
0.016159
0.00932373
0.0108583
0.0126726
0.0125975
0.0120297
0.0131579
0.0148001
0.0148997
0.0140165
0.0145219
0.0159115
0.0158859
0.0148586
0.0150885
0.0162798
0.0165495
0.0155662
0.0147968
0.0151209
0.0158881
0.00960233
0.0109401
0.0126463
0.0127113
0.0121248
0.013079
0.014741
0.0150095
0.0141156
0.0143888
0.0157225
0.015923
0.0149653
0.0149348
0.0159866
0.0164589
0.015699
0.0148394
0.0149335
0.0156189
0.00987705
0.0110312
0.0126196
0.0128213
0.0122376
0.0130034
0.0146555
0.0151081
0.0142423
0.0142791
0.0155138
0.0159161
0.015087
0.0148427
0.0157025
0.0163082
0.015796
0.0149284
0.0148291
0.0153857
0.0101469
0.0111323
0.0125936
0.0129244
0.012368
0.0129368
0.0145432
0.015186
0.0143917
0.0142048
0.0152947
0.0158597
0.0152106
0.0148145
0.0154451
0.0161054
0.0158471
0.0150452
0.0147886
0.0152104
0.0104106
0.011244
0.0125706
0.0130231
0.0125143
0.0128875
0.0144075
0.0152311
0.0145551
0.0141767
0.0150824
0.0157599
0.0153121
0.0148326
0.0152378
0.015879
0.0158424
0.0151641
0.0147888
0.0150927
0.0106667
0.0113663
0.0125534
0.0131049
0.0126812
0.012863
0.0142532
0.0152326
0.0147207
0.0141993
0.0148922
0.0156242
0.0153777
0.0148851
0.015094
0.0156516
0.0157724
0.0152659
0.0148264
0.0150181
0.010914
0.0114988
0.0125458
0.0131695
0.0128494
0.0128705
0.0140901
0.0151839
0.0148711
0.0142692
0.0147404
0.0154658
0.0154041
0.0149531
0.0150024
0.0154435
0.0156542
0.0153393
0.0148992
0.0149693
0.0111518
0.0116404
0.0125507
0.013217
0.0130119
0.0129147
0.0139366
0.0150849
0.014988
0.014379
0.0146385
0.015301
0.0153885
0.0150195
0.0149546
0.0152753
0.015515
0.0153627
0.014988
0.0149499
0.0113795
0.0117893
0.0125699
0.0132485
0.0131574
0.012995
0.0138127
0.0149426
0.0150581
0.0145095
0.0145867
0.0151485
0.0153381
0.0150728
0.0149428
0.0151481
0.0153725
0.0153321
0.0150692
0.0149745
0.0115964
0.0119435
0.0126039
0.0132679
0.013282
0.0131014
0.0137255
0.0147829
0.0150771
0.0146387
0.0145797
0.0150207
0.0152659
0.0151039
0.0149515
0.0150569
0.0152465
0.0152714
0.0151196
0.0150314
0.0118026
0.0121005
0.0126528
0.0132809
0.0133857
0.0132188
0.0136767
0.0146296
0.0150495
0.0147493
0.0146067
0.0149206
0.015184
0.0151138
0.0149702
0.0149987
0.0151454
0.0152049
0.0151296
0.0150861
0.011998
0.0122576
0.0127158
0.0132927
0.0134689
0.0133364
0.0136638
0.014495
0.0149869
0.0148294
0.0146557
0.0148521
0.0151008
0.0151052
0.0149917
0.0149665
0.0150641
0.0151432
0.015118
0.0151193
0.012183
0.012412
0.0127917
0.0133072
0.013534
0.0134479
0.0136804
0.0143855
0.014906
0.0148771
0.0147122
0.0148155
0.0150252
0.0150792
0.0150102
0.0149569
0.0150013
0.015087
0.0151041
0.0151331
0.012358
0.0125618
0.0128783
0.0133273
0.0135839
0.0135497
0.0137173
0.014303
0.0148206
0.0148962
0.0147631
0.0148025
0.0149669
0.015044
0.0150195
0.0149658
0.0149621
0.0150329
0.0150884
0.0151412
0.0125231
0.0127057
0.0129727
0.0133574
0.0136224
0.0136385
0.0137669
0.0142466
0.0147395
0.0148935
0.0148051
0.0148039
0.0149267
0.015009
0.0150147
0.0149806
0.0149512
0.0149893
0.0150683
0.0151496
0.012679
0.0128428
0.0130714
0.0133983
0.0136545
0.0137136
0.0138227
0.0142139
0.0146683
0.0148752
0.0148381
0.0148168
0.0149002
0.0149796
0.0150014
0.014989
0.0149618
0.0149685
0.0150467
0.0151553
0.0128257
0.0129725
0.0131718
0.0134468
0.0136835
0.0137763
0.0138802
0.0142016
0.0146113
0.0148465
0.0148581
0.0148387
0.0148879
0.0149576
0.0149903
0.0149882
0.0149755
0.0149688
0.015032
0.0151584
0.0129635
0.0130941
0.0132712
0.0135022
0.0137119
0.0138275
0.0139353
0.0142052
0.0145707
0.0148162
0.0148662
0.0148628
0.0148908
0.0149428
0.0149844
0.0149871
0.0149827
0.0149798
0.0150292
0.0151612
0.0130922
0.0132075
0.0133666
0.013562
0.0137422
0.0138699
0.013985
0.0142192
0.0145446
0.0147893
0.014868
0.0148848
0.0149065
0.0149392
0.0149827
0.014994
0.0149893
0.0149926
0.0150358
0.0151646
0.0132117
0.0133121
0.013457
0.0136239
0.0137741
0.0139055
0.0140295
0.0142401
0.0145305
0.014767
0.0148676
0.0149037
0.0149292
0.0149512
0.0149881
0.0150096
0.0150049
0.0150068
0.0150488
0.0151713
0.0133216
0.0134079
0.0135399
0.0136861
0.0138083
0.013935
0.0140669
0.0142664
0.0145274
0.0147499
0.0148676
0.0149214
0.0149534
0.0149761
0.0150065
0.0150328
0.0150334
0.0150293
0.0150684
0.0151851
0.013421
0.0134944
0.0136144
0.0137456
0.0138449
0.0139621
0.0140965
0.0142927
0.014534
0.0147402
0.0148684
0.0149398
0.0149792
0.0150089
0.0150396
0.0150656
0.0150742
0.0150688
0.0151009
0.0152109
0.0135091
0.0135714
0.0136798
0.0137995
0.0138802
0.0139874
0.0141226
0.0143151
0.0145437
0.0147404
0.0148727
0.0149588
0.0150107
0.0150474
0.0150862
0.0151125
0.015126
0.0151272
0.0151547
0.0152575
0.0135845
0.0136382
0.0137354
0.0138468
0.0139135
0.0140087
0.0141447
0.0143367
0.0145516
0.014745
0.0148837
0.0149782
0.0150496
0.0150959
0.0151437
0.0151782
0.0151948
0.0152061
0.015235
0.0153344
0.0136448
0.0136931
0.0137823
0.0138854
0.0139441
0.0140285
0.014159
0.0143532
0.0145596
0.0147502
0.0149005
0.0150007
0.0150919
0.0151544
0.0152061
0.0152504
0.015265
0.0152802
0.0153162
0.0154229
0.0136904
0.0137393
0.0138171
0.0139139
0.0139699
0.0140474
0.0141669
0.0143535
0.0145624
0.0147641
0.0149436
0.0150787
0.0152113
0.0153147
0.0153824
0.0154353
0.0154313
0.0153901
0.0153486
0.0153584
0.0137177
0.0137582
0.01383
0.0139319
0.0139924
0.0140648
0.0141651
0.0143073
0.0144522
0.0146144
0.0148062
0.014999
0.0152159
0.0154025
0.015538
0.0157063
0.015903
0.0161199
0.0163506
0.0165591
0.0137222
0.0137758
0.0138559
0.0139588
0.0140277
0.0141017
0.0142119
0.0143931
0.0145952
0.0147957
0.0149973
0.01515
0.0153028
0.0154715
0.0155696
0.0156121
0.0156121
0.0155539
0.0154749
0.0154192
0.0136757
0.0137109
0.0138364
0.0139912
0.0140819
0.0141587
0.014261
0.0144177
0.0145909
0.0147554
0.0149164
0.0150722
0.0152198
0.0154241
0.0156531
0.0158736
0.0161235
0.0163723
0.0165961
0.0167475
0.013668
0.0137106
0.013839
0.014
0.0140945
0.0141707
0.0142695
0.0144136
0.0145818
0.0147547
0.0149227
0.0151058
0.0152936
0.0155005
0.0157364
0.015942
0.0161262
0.0162771
0.0163826
0.0164176
0.0257521
0.0218869
0.0147997
0.00932579
0.00800175
0.00934501
0.0109137
0.0118205
0.0122318
0.0125279
0.0127849
0.0130648
0.0134339
0.0139062
0.014537
0.0150907
0.0153622
0.0155461
0.0157907
0.0161108
0.0164902
0.0168097
0.0170633
0.0174263
0.0178997
0.0183331
0.0187262
0.0191707
0.0196168
0.0199816
0.0203322
0.0206663
0.0209137
0.0211902
0.021573
0.0219117
0.022145
0.0225073
0.0230177
0.0234394
0.0237458
0.0240921
0.0245574
0.025043
0.0255032
0.026033
0.0265989
0.0269909
0.0269718
0.0267066
0.0267562
0.0274327
0.0284242
0.0292813
0.0298591
0.0303442
0.0308015
0.0311782
0.0315913
0.032135
0.0327009
0.0332395
0.0337225
0.0341554
0.0346976
0.0353491
0.0359499
0.036573
0.037196
0.0378098
0.0384885
0.0391796
0.0398615
0.0405298
0.0412584
0.0419715
0.0427174
0.0434447
0.0442018
0.0449785
0.0457853
0.0466267
0.0474662
0.0483129
0.0491293
0.0500046
0.0508542
0.0517901
0.0527328
0.0536437
0.0545955
0.0555492
0.0565353
0.057528
0.0585167
0.0595907
0.0606265
0.061693
0.0627238
0.0635847
0.0251861
0.0217784
0.0148896
0.00947124
0.00809616
0.00939393
0.0109458
0.0118426
0.0122468
0.012539
0.0127936
0.0130715
0.0134394
0.0139106
0.0145412
0.0150953
0.0153663
0.0155495
0.0157937
0.0161133
0.0164926
0.016812
0.0170652
0.017428
0.0179013
0.0183347
0.0187275
0.019172
0.0196181
0.0199829
0.0203334
0.0206675
0.0209148
0.0211911
0.0215741
0.0219128
0.022146
0.0225081
0.0230187
0.0234405
0.0237468
0.0240929
0.0245582
0.0250438
0.0255039
0.0260336
0.0265995
0.0269918
0.0269728
0.0267073
0.0267564
0.0274329
0.0284246
0.0292818
0.0298596
0.0303446
0.030802
0.0311786
0.0315916
0.0321353
0.0327012
0.0332398
0.0337228
0.0341557
0.0346978
0.0353493
0.0359501
0.0365732
0.0371962
0.0378099
0.0384887
0.0391798
0.0398617
0.0405299
0.0412585
0.0419717
0.0427175
0.0434449
0.044202
0.0449787
0.0457854
0.0466268
0.0474663
0.048313
0.0491294
0.0500047
0.0508543
0.0517902
0.052733
0.0536438
0.0545956
0.0555493
0.0565354
0.0575281
0.0585168
0.0595908
0.0606266
0.0616931
0.0627239
0.0635849
0.0246654
0.0216872
0.0150775
0.009743
0.00825299
0.00944829
0.0109696
0.0118631
0.0122656
0.0125545
0.0128055
0.0130808
0.0134466
0.0139158
0.0145453
0.0150991
0.0153698
0.0155528
0.0157966
0.0161157
0.0164948
0.0168141
0.0170668
0.0174294
0.0179029
0.0183361
0.0187288
0.0191731
0.0196193
0.0199839
0.0203344
0.0206686
0.0209157
0.0211918
0.0215749
0.0219138
0.0221466
0.0225086
0.0230195
0.0234414
0.0237475
0.0240935
0.0245589
0.0250444
0.0255044
0.0260341
0.0266002
0.0269928
0.0269738
0.0267076
0.0267562
0.0274329
0.0284251
0.0292825
0.02986
0.030345
0.0308024
0.0311789
0.0315918
0.0321355
0.0327015
0.0332401
0.0337231
0.0341558
0.0346979
0.0353495
0.0359503
0.0365734
0.0371964
0.0378101
0.0384889
0.0391799
0.0398618
0.0405301
0.0412587
0.0419718
0.0427177
0.043445
0.0442021
0.0449788
0.0457855
0.0466269
0.0474664
0.0483132
0.0491295
0.0500048
0.0508544
0.0517903
0.0527331
0.0536439
0.0545957
0.0555494
0.0565355
0.0575282
0.0585169
0.0595908
0.0606267
0.0616931
0.062724
0.0635851
0.0241846
0.0215939
0.0152965
0.0100703
0.0084615
0.00952244
0.0110023
0.0118922
0.0122941
0.0125787
0.0128247
0.0130965
0.0134597
0.0139253
0.0145512
0.015103
0.0153737
0.0155576
0.0158015
0.0161197
0.0164978
0.0168165
0.0170689
0.0174313
0.0179047
0.018338
0.0187304
0.0191745
0.0196206
0.0199851
0.0203355
0.0206698
0.0209165
0.0211923
0.0215757
0.0219148
0.0221472
0.0225091
0.0230204
0.0234424
0.0237482
0.0240942
0.0245596
0.0250451
0.025505
0.0260347
0.026601
0.026994
0.0269749
0.0267079
0.0267557
0.0274328
0.0284257
0.0292833
0.0298606
0.0303454
0.0308028
0.0311792
0.031592
0.0321358
0.0327018
0.0332404
0.0337234
0.034156
0.034698
0.0353498
0.0359505
0.0365736
0.0371966
0.0378102
0.038489
0.0391801
0.039862
0.0405302
0.0412588
0.0419719
0.0427178
0.0434452
0.0442022
0.0449789
0.0457856
0.0466271
0.0474666
0.0483133
0.0491296
0.0500049
0.0508545
0.0517904
0.0527332
0.053644
0.0545958
0.0555495
0.0565356
0.0575283
0.0585169
0.0595909
0.0606268
0.0616932
0.0627242
0.0635854
0.0237016
0.0214735
0.0155135
0.0104109
0.00868935
0.00960645
0.0110381
0.0119261
0.0123305
0.0126118
0.0128521
0.0131201
0.0134806
0.0139412
0.0145601
0.0151072
0.015378
0.0155644
0.0158095
0.0161264
0.0165024
0.01682
0.017072
0.017434
0.017907
0.0183402
0.0187327
0.0191765
0.0196222
0.0199865
0.020337
0.0206713
0.0209175
0.0211929
0.0215765
0.0219158
0.0221478
0.0225096
0.0230211
0.0234431
0.0237489
0.0240949
0.0245604
0.0250459
0.0255057
0.0260354
0.026602
0.0269954
0.0269762
0.0267081
0.0267549
0.0274326
0.0284264
0.0292843
0.0298612
0.0303458
0.0308034
0.0311796
0.0315922
0.0321361
0.0327022
0.0332408
0.0337238
0.0341562
0.0346981
0.03535
0.0359508
0.0365738
0.0371968
0.0378104
0.0384892
0.0391803
0.0398622
0.0405303
0.041259
0.0419721
0.042718
0.0434453
0.0442024
0.044979
0.0457858
0.0466272
0.0474667
0.0483134
0.0491297
0.050005
0.0508546
0.0517905
0.0527333
0.0536441
0.0545959
0.0555496
0.0565357
0.0575284
0.058517
0.059591
0.0606269
0.0616933
0.0627244
0.0635858
0.0232131
0.0213248
0.0157246
0.0107553
0.00892796
0.00969613
0.0110738
0.0119607
0.0123704
0.0126499
0.0128851
0.0131498
0.0135079
0.0139628
0.0145721
0.0151121
0.0153828
0.0155731
0.0158205
0.016136
0.0165093
0.0168253
0.017077
0.0174379
0.0179097
0.0183428
0.0187355
0.0191788
0.0196238
0.0199881
0.0203389
0.0206732
0.0209188
0.0211937
0.0215774
0.0219169
0.0221486
0.0225101
0.0230218
0.0234436
0.0237495
0.0240957
0.0245611
0.0250465
0.0255066
0.0260364
0.0266031
0.026997
0.0269777
0.0267084
0.0267541
0.0274323
0.0284273
0.0292854
0.0298619
0.0303464
0.0308041
0.0311801
0.0315925
0.0321364
0.0327026
0.0332413
0.0337242
0.0341564
0.0346983
0.0353503
0.035951
0.036574
0.037197
0.0378105
0.0384894
0.0391805
0.0398624
0.0405305
0.0412591
0.0419723
0.0427181
0.0434455
0.0442025
0.0449792
0.0457859
0.0466273
0.0474669
0.0483136
0.0491299
0.0500051
0.0508547
0.0517906
0.0527334
0.0536442
0.054596
0.0555497
0.0565358
0.0575285
0.0585171
0.0595911
0.060627
0.0616934
0.0627246
0.0635863
0.0227264
0.021153
0.0159298
0.0111017
0.0091758
0.00979123
0.011109
0.0119951
0.0124125
0.012691
0.0129215
0.0131832
0.0135391
0.013988
0.0145864
0.0151179
0.0153884
0.0155833
0.0158336
0.016148
0.0165181
0.0168327
0.0170842
0.0174435
0.0179131
0.0183457
0.0187387
0.0191812
0.0196253
0.0199895
0.0203409
0.0206753
0.0209204
0.0211946
0.0215783
0.0219183
0.0221499
0.0225111
0.0230224
0.023444
0.02375
0.0240966
0.0245617
0.0250468
0.0255073
0.0260375
0.0266042
0.0269989
0.0269797
0.0267091
0.0267532
0.0274322
0.0284284
0.0292867
0.0298626
0.030347
0.0308049
0.0311806
0.0315928
0.0321369
0.0327032
0.0332419
0.0337247
0.0341567
0.0346986
0.0353507
0.0359514
0.0365744
0.0371973
0.0378107
0.0384896
0.0391808
0.0398626
0.0405307
0.0412593
0.0419724
0.0427183
0.0434457
0.0442026
0.0449793
0.045786
0.0466275
0.047467
0.0483137
0.04913
0.0500053
0.0508548
0.0517907
0.0527336
0.0536443
0.0545961
0.0555498
0.0565359
0.0575286
0.0585171
0.0595912
0.0606272
0.0616936
0.0627249
0.0635869
0.0222497
0.0209612
0.0161263
0.0114473
0.00943207
0.00989269
0.0111446
0.0120294
0.0124565
0.0127349
0.0129603
0.013219
0.0135728
0.0140154
0.0146021
0.0151246
0.0153949
0.0155945
0.015848
0.0161612
0.0165281
0.0168418
0.0170937
0.0174509
0.0179174
0.018349
0.0187422
0.0191836
0.0196263
0.0199907
0.0203428
0.0206775
0.0209221
0.0211957
0.0215792
0.0219198
0.0221519
0.0225128
0.0230234
0.0234445
0.0237509
0.0240976
0.0245621
0.0250465
0.0255077
0.0260383
0.0266051
0.0270008
0.0269822
0.0267103
0.0267527
0.0274322
0.0284296
0.029288
0.0298632
0.0303476
0.0308057
0.0311813
0.0315933
0.0321375
0.0327039
0.0332426
0.0337254
0.0341571
0.0346989
0.0353512
0.0359518
0.0365748
0.0371977
0.0378109
0.0384899
0.0391811
0.0398628
0.0405309
0.0412595
0.0419726
0.0427185
0.0434459
0.0442027
0.0449794
0.0457861
0.0466277
0.0474672
0.0483139
0.0491301
0.0500054
0.050855
0.0517908
0.0527338
0.0536445
0.0545962
0.0555499
0.056536
0.0575287
0.0585172
0.0595912
0.0606274
0.0616937
0.0627251
0.0635877
0.0217901
0.0207499
0.016309
0.0117901
0.00969753
0.0100025
0.0111813
0.0120633
0.0125023
0.0127815
0.0130013
0.0132565
0.0136082
0.0140444
0.0146193
0.0151322
0.0154021
0.0156066
0.0158632
0.016175
0.0165387
0.0168518
0.0171047
0.0174599
0.0179226
0.0183528
0.018746
0.0191858
0.0196269
0.0199913
0.0203442
0.0206793
0.0209239
0.0211969
0.0215799
0.0219212
0.0221544
0.0225153
0.0230248
0.0234454
0.0237523
0.0240993
0.0245624
0.0250456
0.0255076
0.0260385
0.0266051
0.0270022
0.0269849
0.0267122
0.0267528
0.0274329
0.0284312
0.0292892
0.0298636
0.030348
0.0308066
0.0311821
0.0315939
0.0321382
0.0327048
0.0332435
0.0337262
0.0341577
0.0346995
0.0353518
0.0359524
0.0365754
0.0371982
0.0378112
0.0384904
0.0391815
0.0398631
0.0405311
0.0412597
0.0419729
0.0427188
0.0434461
0.0442029
0.0449796
0.0457863
0.0466279
0.0474674
0.0483141
0.0491302
0.0500056
0.0508551
0.051791
0.052734
0.0536446
0.0545964
0.05555
0.0565361
0.0575288
0.0585173
0.0595913
0.0606276
0.0616939
0.0627254
0.0635885
0.0213526
0.0205192
0.016474
0.0121299
0.00997368
0.0101226
0.01122
0.0120963
0.0125493
0.0128307
0.0130445
0.0132955
0.0136448
0.0140749
0.0146378
0.0151407
0.0154097
0.0156191
0.0158789
0.0161894
0.0165499
0.0168625
0.0171166
0.01747
0.0179286
0.018357
0.0187499
0.019188
0.0196271
0.0199915
0.0203451
0.0206808
0.0209255
0.0211981
0.0215803
0.0219223
0.0221569
0.0225184
0.0230268
0.0234467
0.0237544
0.024102
0.0245632
0.0250444
0.025507
0.0260379
0.0266037
0.0270023
0.0269871
0.0267143
0.0267535
0.0274346
0.0284338
0.0292908
0.0298639
0.0303481
0.0308072
0.0311828
0.0315945
0.032139
0.0327058
0.0332445
0.0337271
0.0341585
0.0347002
0.0353526
0.0359531
0.0365762
0.0371988
0.0378116
0.0384909
0.039182
0.0398635
0.0405314
0.04126
0.0419732
0.0427191
0.0434463
0.044203
0.0449797
0.0457864
0.0466282
0.0474677
0.0483142
0.0491304
0.0500057
0.0508553
0.0517911
0.0527342
0.0536448
0.0545965
0.0555502
0.0565362
0.0575289
0.0585174
0.0595914
0.0606278
0.0616941
0.0627257
0.0635895
0.0209403
0.0202715
0.0166198
0.0124666
0.0102605
0.010254
0.0112612
0.0121279
0.0125969
0.0128825
0.01309
0.0133359
0.0136827
0.0141067
0.0146574
0.0151499
0.0154178
0.0156319
0.0158952
0.0162044
0.0165614
0.0168736
0.0171294
0.0174812
0.0179354
0.0183617
0.0187541
0.0191902
0.019627
0.0199912
0.0203456
0.0206817
0.0209268
0.0211992
0.0215807
0.0219229
0.0221592
0.022522
0.0230294
0.0234482
0.023757
0.0241055
0.0245646
0.0250431
0.0255058
0.0260364
0.0266008
0.0270007
0.0269879
0.0267158
0.0267543
0.0274374
0.0284377
0.0292932
0.0298641
0.0303478
0.0308074
0.0311833
0.0315951
0.0321399
0.0327068
0.0332456
0.0337281
0.0341594
0.0347011
0.0353534
0.0359539
0.0365773
0.0371996
0.0378122
0.0384917
0.0391827
0.039864
0.0405318
0.0412604
0.0419735
0.0427195
0.0434467
0.0442032
0.0449798
0.0457866
0.0466285
0.047468
0.0483144
0.0491305
0.0500059
0.0508554
0.0517913
0.0527344
0.0536451
0.0545967
0.0555504
0.0565364
0.057529
0.0585176
0.0595914
0.0606282
0.0616943
0.0627259
0.0635906
0.0205553
0.0200114
0.0167451
0.0127979
0.0105566
0.0103981
0.0113062
0.0121581
0.0126446
0.0129368
0.013138
0.0133777
0.0137215
0.0141395
0.0146782
0.0151599
0.0154263
0.0156451
0.015912
0.0162201
0.0165736
0.0168853
0.0171431
0.0174935
0.0179432
0.0183668
0.0187587
0.0191924
0.0196265
0.0199906
0.0203458
0.0206823
0.0209278
0.0212003
0.0215811
0.021923
0.022161
0.0225255
0.0230325
0.0234498
0.0237597
0.0241095
0.0245666
0.0250418
0.0255042
0.026034
0.0265964
0.0269971
0.0269869
0.0267156
0.0267541
0.0274406
0.0284431
0.0292969
0.0298648
0.0303472
0.0308071
0.0311833
0.0315954
0.0321406
0.0327079
0.0332466
0.0337291
0.0341605
0.0347022
0.0353544
0.0359548
0.0365785
0.0372006
0.0378131
0.0384927
0.0391835
0.0398647
0.0405324
0.0412609
0.041974
0.0427201
0.0434471
0.0442034
0.0449799
0.0457867
0.0466288
0.0474683
0.0483146
0.0491307
0.050006
0.0508556
0.0517914
0.0527346
0.0536453
0.0545969
0.0555506
0.0565365
0.0575292
0.0585177
0.0595914
0.0606286
0.0616946
0.062726
0.0635918
0.0201992
0.0197427
0.0168479
0.0131211
0.0108606
0.0105564
0.011357
0.0121873
0.0126918
0.0129935
0.0131888
0.0134214
0.0137614
0.0141733
0.0146999
0.0151708
0.0154354
0.0156588
0.0159294
0.0162365
0.0165864
0.0168976
0.0171577
0.017507
0.017952
0.0183727
0.0187637
0.0191948
0.0196259
0.0199895
0.0203455
0.0206826
0.0209286
0.0212013
0.0215816
0.0219229
0.0221621
0.0225288
0.023036
0.0234515
0.0237621
0.0241136
0.024569
0.0250404
0.025502
0.0260307
0.0265904
0.0269916
0.0269837
0.0267131
0.0267515
0.0274428
0.0284493
0.0293019
0.029866
0.0303464
0.0308062
0.0311826
0.0315953
0.0321413
0.032709
0.0332476
0.03373
0.0341616
0.0347034
0.0353553
0.0359558
0.0365797
0.0372017
0.0378142
0.038494
0.0391847
0.0398655
0.0405331
0.0412614
0.0419745
0.0427207
0.0434478
0.0442038
0.04498
0.0457868
0.046629
0.0474686
0.0483149
0.0491309
0.0500062
0.0508558
0.0517915
0.0527348
0.0536455
0.0545971
0.0555509
0.0565367
0.0575293
0.0585179
0.0595914
0.0606291
0.061695
0.0627262
0.0635931
0.0198724
0.0194689
0.0169263
0.0134331
0.011171
0.0107302
0.0114159
0.0122161
0.0127377
0.013052
0.0132426
0.0134671
0.0138024
0.0142081
0.0147229
0.0151829
0.0154453
0.015673
0.0159475
0.0162537
0.0165998
0.0169106
0.0171733
0.0175218
0.0179619
0.0183792
0.0187692
0.0191976
0.0196251
0.0199881
0.020345
0.0206826
0.0209293
0.0212021
0.0215823
0.0219226
0.0221626
0.0225315
0.0230398
0.0234534
0.0237643
0.0241174
0.0245716
0.0250389
0.0254993
0.0260263
0.0265827
0.0269839
0.0269784
0.0267082
0.0267461
0.027443
0.028455
0.0293077
0.0298678
0.0303454
0.0308047
0.0311813
0.0315947
0.0321418
0.0327101
0.0332487
0.0337308
0.0341626
0.0347046
0.0353564
0.0359567
0.0365809
0.0372028
0.0378153
0.0384957
0.039186
0.0398665
0.040534
0.0412621
0.0419752
0.0427215
0.0434486
0.0442044
0.0449802
0.0457869
0.0466292
0.0474689
0.0483151
0.0491312
0.0500065
0.050856
0.0517916
0.0527349
0.0536458
0.0545973
0.0555512
0.0565369
0.0575294
0.0585182
0.0595914
0.0606296
0.0616954
0.0627263
0.0635946
0.0195743
0.0191934
0.0169797
0.0137316
0.0114858
0.0109201
0.0114846
0.0122454
0.0127819
0.0131116
0.0132992
0.0135149
0.0138448
0.0142441
0.0147471
0.015196
0.0154561
0.015688
0.0159665
0.0162718
0.0166141
0.0169242
0.0171896
0.0175376
0.0179728
0.0183865
0.0187753
0.0192008
0.0196244
0.0199864
0.0203442
0.0206824
0.0209298
0.0212028
0.0215831
0.0219222
0.0221628
0.0225336
0.0230436
0.0234554
0.023766
0.0241206
0.024574
0.0250375
0.0254961
0.0260209
0.026573
0.0269737
0.0269709
0.0267014
0.026738
0.0274402
0.0284589
0.0293133
0.0298698
0.0303442
0.0308025
0.0311795
0.0315939
0.0321422
0.0327114
0.0332498
0.0337314
0.0341634
0.0347058
0.0353574
0.0359577
0.0365821
0.0372036
0.0378164
0.0384975
0.0391877
0.0398677
0.040535
0.0412629
0.0419758
0.0427222
0.0434495
0.0442052
0.0449807
0.045787
0.0466293
0.0474691
0.0483154
0.0491316
0.0500069
0.0508563
0.0517916
0.052735
0.0536459
0.0545975
0.0555514
0.0565372
0.0575296
0.0585185
0.0595913
0.0606301
0.0616959
0.0627264
0.0635961
0.0193041
0.0189199
0.0170083
0.014014
0.0118024
0.0111256
0.0115651
0.0122765
0.0128239
0.0131711
0.0133581
0.0135651
0.0138889
0.0142817
0.0147728
0.0152104
0.0154678
0.0157037
0.0159864
0.0162909
0.0166291
0.0169385
0.0172067
0.0175543
0.0179845
0.0183944
0.018782
0.0192046
0.0196238
0.0199845
0.0203433
0.020682
0.02093
0.0212035
0.021584
0.0219221
0.0221627
0.0225351
0.0230471
0.0234574
0.0237675
0.0241234
0.024576
0.0250363
0.0254926
0.0260146
0.0265614
0.0269607
0.0269611
0.0266933
0.0267283
0.0274347
0.0284602
0.029318
0.0298718
0.0303426
0.0307997
0.0311771
0.0315929
0.0321427
0.0327127
0.033251
0.0337321
0.0341641
0.034707
0.0353584
0.0359587
0.0365833
0.0372043
0.0378174
0.0384994
0.0391894
0.039869
0.0405363
0.0412639
0.0419766
0.0427229
0.0434504
0.0442062
0.0449814
0.0457872
0.0466293
0.0474692
0.0483155
0.0491319
0.0500073
0.0508567
0.0517916
0.0527349
0.053646
0.0545977
0.0555516
0.0565374
0.0575298
0.0585189
0.0595912
0.0606307
0.0616965
0.0627265
0.0635978
0.0190614
0.0186526
0.0170126
0.0142782
0.0121184
0.0113454
0.0116588
0.012311
0.0128634
0.0132297
0.0134192
0.0136182
0.0139351
0.014321
0.0147999
0.0152259
0.0154804
0.0157204
0.0160073
0.016311
0.0166449
0.0169534
0.0172244
0.0175717
0.0179968
0.0184029
0.0187892
0.0192089
0.0196235
0.0199826
0.0203422
0.0206816
0.02093
0.0212041
0.0215849
0.0219223
0.0221628
0.0225362
0.0230499
0.0234594
0.0237688
0.0241259
0.0245778
0.0250355
0.0254891
0.0260076
0.0265478
0.0269448
0.0269489
0.0266567
0.0267187
0.0274274
0.0284587
0.0293211
0.0298736
0.0303409
0.0307965
0.0311745
0.031592
0.0321433
0.0327139
0.033252
0.0337327
0.0341648
0.0347081
0.0353595
0.0359597
0.0365846
0.037205
0.0378181
0.0385012
0.0391913
0.0398704
0.0405376
0.041265
0.0419774
0.0427235
0.0434512
0.0442072
0.0449824
0.0457875
0.0466293
0.0474691
0.0483155
0.0491323
0.0500079
0.0508573
0.0517918
0.0527347
0.053646
0.0545977
0.0555518
0.0565376
0.0575299
0.0585194
0.0595911
0.0606312
0.061697
0.0627265
0.0635996
0.0188456
0.0183949
0.0169933
0.0145229
0.0124313
0.0115766
0.0117662
0.0123508
0.0129012
0.0132867
0.0134818
0.0136738
0.0139835
0.0143622
0.0148288
0.0152427
0.0154938
0.0157379
0.0160294
0.0163322
0.0166615
0.0169689
0.0172428
0.0175898
0.0180098
0.0184119
0.018797
0.0192137
0.0196235
0.0199807
0.0203412
0.0206812
0.0209301
0.0212048
0.0215857
0.021923
0.0221636
0.0225375
0.023052
0.0234612
0.0237701
0.0241285
0.0245795
0.0250352
0.0254859
0.0260003
0.0265328
0.0269265
0.0269352
0.02665
0.0267114
0.0274201
0.0284548
0.0293224
0.0298752
0.0303392
0.030793
0.0311721
0.0315918
0.032144
0.0327148
0.0332527
0.0337332
0.0341657
0.0347094
0.0353607
0.0359607
0.036586
0.0372057
0.0378187
0.0385029
0.0391931
0.0398717
0.0405389
0.0412662
0.0419783
0.0427242
0.0434519
0.0442083
0.0449834
0.045788
0.0466291
0.0474689
0.0483154
0.0491326
0.0500084
0.050858
0.051792
0.0527345
0.0536459
0.0545977
0.0555519
0.0565377
0.05753
0.05852
0.0595911
0.0606316
0.0616975
0.0627266
0.0636014
0.0186549
0.0181504
0.0169522
0.0147474
0.0127391
0.0118157
0.0118877
0.0123987
0.0129387
0.0133415
0.013545
0.0137317
0.0140343
0.0144056
0.0148598
0.015261
0.0155081
0.0157564
0.0160526
0.0163544
0.0166789
0.0169851
0.0172617
0.0176084
0.0180232
0.0184213
0.0188054
0.0192192
0.019624
0.0199789
0.0203402
0.0206811
0.0209309
0.021206
0.0215863
0.0219244
0.0221657
0.0225395
0.0230532
0.0234626
0.0237719
0.0241317
0.0245814
0.0250356
0.0254832
0.0259932
0.026517
0.0269064
0.0269212
0.0266467
0.0267094
0.0274152
0.0284496
0.0293219
0.0298763
0.0303375
0.0307895
0.0311703
0.0315924
0.0321451
0.0327152
0.0332527
0.0337334
0.0341669
0.0347111
0.035362
0.0359618
0.0365874
0.0372065
0.0378194
0.0385044
0.0391948
0.039873
0.0405402
0.0412675
0.0419793
0.0427249
0.0434525
0.0442092
0.0449846
0.0457887
0.046629
0.0474685
0.0483152
0.0491328
0.050009
0.0508587
0.0517923
0.0527341
0.0536456
0.0545977
0.055552
0.0565378
0.0575301
0.0585206
0.0595913
0.0606321
0.0616979
0.0627266
0.0636034
0.0184871
0.0179229
0.0168914
0.0149504
0.0130394
0.01206
0.0120239
0.012457
0.0129773
0.0133935
0.0136075
0.0137916
0.0140878
0.0144518
0.0148932
0.015281
0.0155233
0.0157757
0.016077
0.0163777
0.0166971
0.0170018
0.0172813
0.0176276
0.0180371
0.0184312
0.0188144
0.0192253
0.019625
0.0199774
0.0203393
0.0206814
0.0209326
0.021208
0.0215868
0.0219263
0.0221697
0.0225427
0.0230536
0.0234635
0.0237743
0.0241357
0.0245837
0.0250365
0.025481
0.0259863
0.026501
0.0268856
0.0269083
0.0266487
0.0267152
0.027415
0.0284446
0.0293197
0.0298766
0.0303357
0.0307862
0.0311694
0.0315942
0.0321464
0.0327151
0.0332521
0.0337335
0.0341688
0.0347135
0.0353636
0.0359629
0.0365887
0.0372076
0.0378204
0.0385057
0.0391963
0.0398743
0.0405415
0.0412687
0.0419803
0.0427256
0.0434532
0.0442102
0.0449857
0.0457894
0.0466289
0.047468
0.048315
0.0491331
0.0500095
0.0508594
0.0517927
0.0527337
0.0536452
0.0545976
0.0555521
0.0565379
0.05753
0.0585212
0.0595914
0.0606325
0.0616982
0.0627267
0.0636054
0.0183391
0.0177165
0.0168132
0.0151298
0.0133308
0.0123076
0.012174
0.0125274
0.0130185
0.0134426
0.0136687
0.0138529
0.0141439
0.014501
0.0149293
0.0153026
0.0155394
0.0157958
0.0161025
0.0164022
0.0167161
0.0170192
0.0173015
0.0176475
0.0180515
0.0184416
0.0188239
0.0192319
0.0196265
0.0199763
0.0203386
0.0206823
0.0209356
0.021211
0.0215872
0.0219286
0.022176
0.0225478
0.0230536
0.0234637
0.0237774
0.0241406
0.0245866
0.0250377
0.0254792
0.0259797
0.0264852
0.0268649
0.0268974
0.0266574
0.0267309
0.0274217
0.028441
0.0293158
0.0298758
0.0303337
0.0307831
0.0311695
0.0315972
0.0321481
0.0327147
0.0332508
0.0337336
0.0341715
0.0347166
0.0353656
0.0359642
0.03659
0.037209
0.0378219
0.038507
0.0391975
0.0398755
0.0405428
0.0412699
0.0419812
0.0427264
0.0434538
0.0442112
0.0449867
0.0457903
0.0466287
0.0474675
0.0483147
0.0491333
0.05001
0.0508601
0.0517931
0.0527332
0.0536447
0.0545974
0.0555523
0.056538
0.0575299
0.0585218
0.0595915
0.0606329
0.0616985
0.0627268
0.0636074
0.0182061
0.0175341
0.0167212
0.015284
0.0136127
0.0125568
0.0123354
0.0126108
0.013065
0.0134899
0.0137278
0.0139147
0.0142023
0.0145535
0.0149685
0.015326
0.0155563
0.0158167
0.0161291
0.016428
0.0167362
0.0170372
0.0173224
0.017668
0.0180665
0.0184525
0.0188341
0.0192393
0.0196285
0.0199755
0.0203383
0.0206837
0.0209401
0.0212153
0.0215878
0.0219312
0.0221847
0.0225551
0.0230537
0.0234632
0.0237813
0.0241464
0.0245899
0.0250389
0.0254778
0.0259735
0.0264699
0.0268446
0.0268891
0.0266733
0.0267573
0.0274366
0.0284398
0.0293105
0.0298736
0.0303312
0.0307801
0.0311705
0.0316012
0.0321502
0.032714
0.0332492
0.0337339
0.034175
0.0347205
0.0353679
0.0359658
0.0365911
0.0372106
0.037824
0.0385083
0.0391985
0.0398767
0.040544
0.0412711
0.0419822
0.0427273
0.0434545
0.0442124
0.0449879
0.0457914
0.0466287
0.0474669
0.0483145
0.0491335
0.0500105
0.0508608
0.0517933
0.0527328
0.0536441
0.0545972
0.0555524
0.0565382
0.0575298
0.0585223
0.0595916
0.0606332
0.0616988
0.0627269
0.0636095
0.018081
0.0173774
0.0166216
0.0154113
0.0138838
0.0128066
0.012505
0.0127076
0.0131194
0.0135364
0.0137843
0.0139761
0.0142624
0.0146093
0.0150111
0.0153515
0.015574
0.0158384
0.0161569
0.0164551
0.0167573
0.0170559
0.0173439
0.0176892
0.0180821
0.018464
0.0188449
0.0192472
0.0196311
0.0199752
0.0203382
0.0206858
0.020946
0.021221
0.0215886
0.0219341
0.0221957
0.0225646
0.0230539
0.0234622
0.0237858
0.0241527
0.0245935
0.0250401
0.0254765
0.0259676
0.0264553
0.026825
0.0268831
0.0266957
0.0267939
0.0274594
0.0284414
0.029304
0.0298698
0.0303283
0.0307772
0.0311721
0.0316061
0.0321526
0.0327134
0.0332474
0.0337343
0.0341794
0.0347252
0.0353704
0.0359676
0.0365921
0.0372124
0.0378266
0.0385096
0.0391993
0.0398779
0.0405453
0.0412724
0.0419833
0.0427282
0.0434553
0.0442136
0.0449891
0.0457927
0.0466288
0.0474663
0.0483142
0.0491339
0.050011
0.0508615
0.0517935
0.0527323
0.0536434
0.0545971
0.0555525
0.0565383
0.0575298
0.058523
0.0595914
0.0606335
0.0616992
0.0627272
0.0636117
0.0179557
0.0172455
0.0165223
0.0155104
0.0141418
0.0130568
0.01268
0.0128173
0.0131841
0.0135841
0.0138377
0.014036
0.0143236
0.0146683
0.0150576
0.0153794
0.0155928
0.0158609
0.0161856
0.0164835
0.0167796
0.0170753
0.0173661
0.0177112
0.0180984
0.018476
0.0188563
0.0192558
0.0196342
0.0199754
0.0203385
0.0206885
0.0209531
0.0212278
0.0215899
0.0219374
0.0222086
0.0225758
0.0230544
0.0234609
0.0237905
0.0241595
0.0245974
0.0250411
0.0254755
0.0259618
0.0264412
0.0268062
0.026879
0.0267232
0.0268385
0.0274892
0.0284458
0.0292964
0.0298643
0.0303243
0.0307742
0.0311742
0.0316113
0.0321551
0.0327127
0.0332457
0.0337351
0.0341846
0.0347304
0.035373
0.0359696
0.0365932
0.0372144
0.0378296
0.0385111
0.0392001
0.0398791
0.0405467
0.0412737
0.0419844
0.0427291
0.0434562
0.044215
0.0449905
0.0457941
0.0466291
0.0474657
0.048314
0.0491342
0.0500115
0.0508623
0.0517935
0.0527319
0.0536426
0.054597
0.0555525
0.0565384
0.0575298
0.0585238
0.0595912
0.0606336
0.0616994
0.0627277
0.0636139
0.017823
0.0171337
0.0164317
0.0155826
0.014383
0.0133076
0.0128586
0.0129379
0.013261
0.0136351
0.0138882
0.0140935
0.0143849
0.0147303
0.0151082
0.0154101
0.0156128
0.015884
0.0162154
0.0165132
0.0168029
0.0170955
0.0173889
0.0177339
0.0181154
0.0184887
0.0188683
0.0192649
0.0196378
0.019976
0.0203391
0.0206917
0.0209611
0.0212355
0.0215917
0.021941
0.0222228
0.0225883
0.0230551
0.0234592
0.0237953
0.0241666
0.0246013
0.025042
0.0254809
0.025956
0.0264275
0.0267881
0.0268764
0.0267544
0.0268885
0.0275239
0.0284524
0.0292881
0.0298574
0.0303195
0.030771
0.0311764
0.0316167
0.0321578
0.0327122
0.0332439
0.033736
0.03419
0.0347361
0.0353758
0.0359718
0.0365944
0.0372165
0.0378329
0.0385127
0.0392008
0.0398804
0.0405481
0.0412751
0.0419856
0.04273
0.0434572
0.0442164
0.044992
0.0457956
0.0466295
0.0474652
0.0483138
0.0491346
0.0500121
0.0508631
0.0517935
0.0527316
0.053642
0.054597
0.0555524
0.0565385
0.05753
0.0585247
0.0595909
0.0606337
0.0616999
0.0627283
0.0636162
0.0176801
0.0170329
0.0163567
0.0156326
0.0146023
0.0135587
0.0130405
0.0130661
0.0133509
0.0136927
0.0139364
0.0141476
0.0144457
0.0147949
0.015163
0.0154441
0.0156341
0.0159079
0.0162463
0.0165445
0.0168276
0.0171163
0.0174124
0.0177574
0.0181332
0.0185021
0.018881
0.0192747
0.0196419
0.0199772
0.0203402
0.0206954
0.0209697
0.0212437
0.0215939
0.0219451
0.0222378
0.0226016
0.0230559
0.0234574
0.0238002
0.0241739
0.0246052
0.0250426
0.025479
0.0259501
0.0264142
0.0267705
0.0268746
0.0267875
0.0269413
0.0275616
0.0284604
0.0292794
0.0298494
0.0303143
0.0307676
0.0311786
0.031622
0.0321606
0.0327118
0.0332424
0.0337371
0.0341958
0.0347422
0.0353787
0.0359741
0.0365957
0.0372187
0.0378364
0.0385144
0.0392016
0.0398817
0.0405496
0.0412765
0.0419868
0.042731
0.0434583
0.044218
0.0449937
0.0457972
0.04663
0.0474648
0.0483137
0.049135
0.0500128
0.0508641
0.0517936
0.0527313
0.0536414
0.0545972
0.0555522
0.0565385
0.0575302
0.0585257
0.0595908
0.0606338
0.0617006
0.0627292
0.0636185
0.0175312
0.0169312
0.0163
0.015669
0.0147946
0.0138079
0.0132278
0.0131981
0.0134527
0.0137602
0.013984
0.0141975
0.0145051
0.0148615
0.0152219
0.0154817
0.0156574
0.0159326
0.0162782
0.0165772
0.0168535
0.0171381
0.0174366
0.0177817
0.0181518
0.0185162
0.0188943
0.0192851
0.0196465
0.0199788
0.0203418
0.0206995
0.0209786
0.0212523
0.0215965
0.0219496
0.0222532
0.0226153
0.023057
0.0234556
0.0238051
0.0241813
0.0246091
0.0250429
0.0254767
0.0259442
0.0264012
0.0267536
0.0268736
0.0268215
0.026995
0.0276007
0.0284694
0.0292706
0.0298408
0.0303086
0.0307642
0.0311807
0.0316272
0.0321634
0.0327115
0.033241
0.0337382
0.0342018
0.0347486
0.0353817
0.0359766
0.0365973
0.0372211
0.03784
0.0385162
0.0392024
0.0398831
0.0405512
0.0412781
0.0419881
0.042732
0.0434596
0.0442197
0.0449954
0.0457989
0.0466305
0.0474644
0.0483136
0.0491355
0.0500136
0.0508651
0.0517937
0.052731
0.0536411
0.0545975
0.0555521
0.0565385
0.0575304
0.0585268
0.0595908
0.0606339
0.0617014
0.0627302
0.0636209
0.0173873
0.0168169
0.0162563
0.0157042
0.0149585
0.0140491
0.0134226
0.0133318
0.0135638
0.0138405
0.0140336
0.0142428
0.0145623
0.0149297
0.0152845
0.0155231
0.0156831
0.0159585
0.0163112
0.0166113
0.0168807
0.0171607
0.0174615
0.0178068
0.0181713
0.0185311
0.0189082
0.019296
0.0196515
0.0199809
0.0203438
0.0207041
0.0209878
0.0212609
0.0215995
0.0219546
0.0222688
0.0226292
0.0230583
0.0234539
0.0238099
0.0241887
0.024613
0.025043
0.0254743
0.0259383
0.0263884
0.0267374
0.0268731
0.0268555
0.0270483
0.0276401
0.028479
0.029262
0.0298319
0.0303027
0.0307607
0.0311827
0.0316322
0.0321662
0.0327113
0.0332398
0.0337395
0.0342079
0.0347551
0.0353849
0.0359791
0.0365991
0.0372237
0.0378437
0.0385181
0.0392033
0.0398845
0.0405528
0.0412797
0.0419895
0.042733
0.0434609
0.0442215
0.0449973
0.0458006
0.0466312
0.0474641
0.0483136
0.049136
0.0500144
0.0508661
0.0517941
0.0527308
0.053641
0.0545979
0.055552
0.0565386
0.0575308
0.058528
0.0595909
0.060634
0.0617025
0.0627313
0.0636234
0.017264
0.0166857
0.0162138
0.0157494
0.0150982
0.0142737
0.0136257
0.0134683
0.01368
0.0139349
0.0140891
0.0142834
0.0146159
0.0149991
0.0153507
0.0155684
0.0157114
0.0159857
0.0163455
0.016647
0.0169092
0.0171839
0.017487
0.0178329
0.0181917
0.0185466
0.0189227
0.0193074
0.0196571
0.0199835
0.0203463
0.0207093
0.0209973
0.0212698
0.021603
0.0219601
0.0222844
0.0226431
0.0230598
0.0234523
0.0238147
0.0241964
0.0246169
0.0250427
0.0254717
0.0259324
0.0263759
0.0267218
0.0268732
0.0268891
0.0271007
0.0276791
0.0284888
0.0292537
0.0298228
0.0302967
0.0307571
0.0311845
0.0316371
0.0321689
0.0327112
0.0332387
0.0337408
0.0342142
0.0347618
0.0353881
0.0359819
0.0366012
0.0372264
0.0378475
0.0385202
0.0392044
0.039886
0.0405546
0.0412814
0.041991
0.0427341
0.0434624
0.0442234
0.0449993
0.0458023
0.0466318
0.0474639
0.0483136
0.0491366
0.0500154
0.0508672
0.0517946
0.0527305
0.0536411
0.0545985
0.055552
0.0565387
0.0575312
0.0585292
0.0595911
0.0606341
0.0617037
0.0627327
0.063626
0.0171766
0.0165474
0.0161569
0.0158088
0.0152241
0.0144737
0.0138341
0.0136117
0.0137969
0.0140418
0.0141551
0.0143207
0.0146648
0.0150692
0.0154198
0.0156174
0.0157428
0.0160146
0.0163812
0.0166847
0.0169392
0.0172077
0.0175129
0.0178598
0.0182131
0.018563
0.0189379
0.0193194
0.0196632
0.0199867
0.0203494
0.0207148
0.0210068
0.0212787
0.0216068
0.0219659
0.0222998
0.022657
0.0230617
0.0234509
0.0238194
0.0242042
0.0246208
0.0250422
0.025469
0.0259266
0.0263638
0.0267069
0.0268737
0.0269221
0.0271517
0.0277174
0.0284989
0.0292459
0.0298139
0.0302906
0.0307536
0.0311863
0.0316417
0.0321716
0.0327112
0.0332379
0.0337422
0.0342206
0.0347685
0.0353914
0.0359847
0.0366034
0.0372292
0.0378513
0.0385224
0.0392055
0.0398876
0.0405565
0.0412831
0.0419925
0.0427353
0.0434639
0.0442254
0.0450013
0.045804
0.0466324
0.0474636
0.0483136
0.0491372
0.0500163
0.0508684
0.0517952
0.0527302
0.0536413
0.0545991
0.055552
0.0565389
0.0575316
0.0585304
0.0595915
0.0606342
0.0617051
0.0627342
0.0636286
0.0171314
0.0164206
0.0160715
0.0158741
0.0153522
0.0146458
0.0140385
0.0137667
0.0139127
0.0141569
0.0142353
0.0143578
0.0147077
0.0151396
0.0154918
0.0156692
0.0157772
0.0160455
0.0164184
0.0167242
0.0169709
0.0172323
0.0175393
0.0178877
0.0182354
0.01858
0.0189537
0.0193321
0.0196698
0.0199904
0.020353
0.020721
0.0210167
0.0212876
0.0216109
0.0219721
0.0223152
0.022671
0.0230641
0.0234497
0.0238241
0.0242122
0.0246246
0.0250414
0.0254662
0.0259208
0.026352
0.0266928
0.0268748
0.0269543
0.0272011
0.0277548
0.0285092
0.0292387
0.029805
0.0302846
0.0307501
0.0311879
0.0316461
0.0321743
0.0327114
0.0332372
0.0337437
0.0342271
0.0347752
0.0353949
0.0359878
0.0366059
0.0372321
0.0378552
0.0385246
0.0392067
0.0398892
0.0405584
0.0412849
0.0419941
0.0427365
0.0434654
0.0442275
0.0450034
0.0458057
0.0466331
0.0474635
0.0483137
0.0491379
0.0500174
0.0508696
0.051796
0.0527298
0.0536418
0.0545998
0.055552
0.0565391
0.0575321
0.0585317
0.059592
0.0606343
0.0617066
0.0627358
0.0636313
0.0171191
0.0163296
0.0159558
0.0159272
0.015498
0.0147968
0.0142261
0.0139351
0.0140309
0.0142746
0.0143312
0.0143997
0.0147436
0.0152084
0.0155674
0.0157239
0.0158142
0.0160785
0.0164572
0.0167659
0.0170045
0.0172575
0.017566
0.0179167
0.0182591
0.0185979
0.01897
0.0193451
0.019677
0.0199948
0.0203574
0.0207276
0.0210267
0.0212967
0.0216154
0.0219786
0.0223304
0.0226849
0.0230669
0.0234488
0.0238289
0.0242202
0.0246285
0.0250405
0.0254633
0.0259152
0.0263408
0.0266795
0.0268763
0.0269858
0.0272488
0.0277912
0.0285197
0.029232
0.0297964
0.0302786
0.0307466
0.0311894
0.0316504
0.0321769
0.0327117
0.0332368
0.0337453
0.0342336
0.034782
0.0353985
0.0359911
0.0366086
0.0372351
0.0378591
0.038527
0.0392081
0.0398909
0.0405604
0.0412867
0.0419957
0.0427378
0.0434671
0.0442296
0.0450055
0.0458074
0.0466339
0.0474633
0.0483138
0.0491386
0.0500184
0.0508709
0.0517968
0.0527294
0.0536423
0.0546006
0.055552
0.0565394
0.0575326
0.058533
0.0595926
0.0606344
0.0617083
0.0627377
0.063634
0.0171195
0.0162967
0.0158267
0.015945
0.0156651
0.0149426
0.0143847
0.0141104
0.014159
0.0143903
0.0144401
0.0144526
0.0147733
0.0152726
0.0156465
0.0157817
0.0158534
0.0161136
0.0164979
0.0168101
0.0170405
0.0172834
0.0175925
0.0179463
0.0182842
0.018617
0.0189871
0.0193589
0.0196847
0.0199997
0.0203624
0.0207348
0.0210369
0.0213058
0.0216202
0.0219855
0.0223455
0.0226988
0.0230702
0.0234482
0.0238336
0.0242284
0.0246324
0.0250393
0.0254603
0.0259097
0.0263301
0.0266671
0.0268784
0.0270164
0.0272948
0.0278265
0.0285304
0.029226
0.0297881
0.0302727
0.0307433
0.0311908
0.0316545
0.0321794
0.032712
0.0332366
0.033747
0.03424
0.0347887
0.0354023
0.0359945
0.0366114
0.0372383
0.0378631
0.0385295
0.0392096
0.0398928
0.0405625
0.0412886
0.0419974
0.0427392
0.0434687
0.0442319
0.0450077
0.0458092
0.0466347
0.0474632
0.0483139
0.0491394
0.0500195
0.0508722
0.0517976
0.052729
0.0536428
0.0546013
0.0555521
0.0565398
0.057533
0.0585343
0.0595933
0.0606344
0.0617101
0.0627397
0.0636368
0.0171063
0.0163274
0.0157109
0.0159076
0.0158372
0.015106
0.0145122
0.0142786
0.0143031
0.0145039
0.0145562
0.0145221
0.0148008
0.0153287
0.0157285
0.0158435
0.0158935
0.0161503
0.0165411
0.0168571
0.0170792
0.0173106
0.0176191
0.0179765
0.0183104
0.0186366
0.0190047
0.0193736
0.0196935
0.0200055
0.020368
0.0207425
0.0210475
0.0213152
0.0216255
0.0219926
0.0223603
0.0227126
0.023074
0.0234479
0.0238382
0.0242367
0.0246364
0.025038
0.0254572
0.0259045
0.0263199
0.0266555
0.0268809
0.0270461
0.0273391
0.0278606
0.0285414
0.0292206
0.0297802
0.0302668
0.03074
0.0311921
0.0316585
0.0321819
0.0327126
0.0332365
0.0337489
0.0342464
0.0347955
0.0354062
0.0359981
0.0366144
0.0372415
0.0378671
0.0385321
0.0392113
0.0398947
0.0405647
0.0412906
0.0419992
0.0427407
0.0434705
0.0442342
0.0450099
0.045811
0.0466355
0.0474631
0.0483141
0.0491402
0.0500206
0.0508735
0.0517985
0.0527286
0.0536434
0.054602
0.0555521
0.0565402
0.0575335
0.0585356
0.0595941
0.0606345
0.061712
0.062742
0.0636397
0.0170551
0.0164054
0.0156411
0.0158159
0.0159869
0.0153048
0.0146223
0.0144224
0.0144634
0.014622
0.0146726
0.0146099
0.0148331
0.0153746
0.015811
0.0159113
0.0159342
0.0161872
0.0165867
0.0169073
0.0171208
0.0173391
0.0176458
0.0180074
0.0183383
0.0186576
0.0190229
0.0193885
0.0197027
0.0200122
0.0203748
0.0207509
0.0210582
0.0213247
0.0216313
0.0220001
0.0223749
0.0227263
0.0230784
0.0234481
0.023843
0.0242452
0.0246406
0.0250366
0.025454
0.0258996
0.0263105
0.0266449
0.026884
0.027075
0.0273816
0.0278936
0.0285525
0.029216
0.0297726
0.0302612
0.0307369
0.0311934
0.0316623
0.0321843
0.0327132
0.0332368
0.033751
0.0342528
0.0348023
0.0354102
0.0360019
0.0366176
0.0372449
0.0378712
0.0385349
0.0392131
0.0398967
0.0405669
0.0412926
0.0420011
0.0427423
0.0434723
0.0442365
0.0450121
0.0458129
0.0466365
0.0474631
0.0483143
0.0491411
0.0500218
0.0508748
0.0517994
0.0527282
0.0536439
0.0546027
0.0555522
0.0565406
0.057534
0.0585368
0.059595
0.0606345
0.061714
0.0627445
0.0636426
0.0169518
0.0165032
0.0156433
0.0156945
0.0160815
0.0155352
0.0147384
0.0145297
0.0146287
0.0147535
0.0147851
0.0147114
0.0148768
0.0154107
0.0158908
0.0159873
0.0159763
0.016222
0.0166342
0.0169613
0.0171656
0.0173692
0.0176725
0.0180385
0.0183673
0.01868
0.0190422
0.0194047
0.0197127
0.0200194
0.0203821
0.0207599
0.0210695
0.0213346
0.0216374
0.0220079
0.0223894
0.0227402
0.0230833
0.0234486
0.0238476
0.0242538
0.0246451
0.0250352
0.0254509
0.025895
0.0263017
0.0266352
0.0268876
0.027103
0.0274224
0.0279254
0.0285638
0.0292121
0.0297656
0.0302558
0.0307339
0.0311946
0.031666
0.0321867
0.032714
0.0332372
0.0337532
0.0342592
0.0348091
0.0354144
0.0360059
0.036621
0.0372484
0.0378754
0.0385377
0.039215
0.0398989
0.0405692
0.0412947
0.042003
0.0427439
0.0434741
0.0442389
0.0450144
0.0458148
0.0466375
0.0474631
0.0483146
0.0491419
0.050023
0.0508762
0.0518003
0.0527278
0.0536444
0.0546034
0.0555522
0.0565411
0.0575345
0.0585381
0.0595959
0.0606346
0.0617162
0.0627472
0.0636455
0.0167948
0.016587
0.0157229
0.0155778
0.0160959
0.0157704
0.0148899
0.0146077
0.0147812
0.0149042
0.0148974
0.0148202
0.014936
0.0154391
0.0159624
0.0160727
0.0160233
0.0162534
0.0166825
0.01702
0.0172136
0.0174007
0.0176996
0.0180701
0.0183977
0.0187033
0.0190621
0.0194216
0.019724
0.020028
0.0203906
0.020769
0.0210806
0.0213448
0.0216441
0.022016
0.0224039
0.0227542
0.0230889
0.0234496
0.0238522
0.0242624
0.0246497
0.0250336
0.0254476
0.0258908
0.0262938
0.0266265
0.0268917
0.0271301
0.0274613
0.027956
0.0285753
0.029209
0.029759
0.0302505
0.0307311
0.0311958
0.0316695
0.032189
0.032715
0.033238
0.0337555
0.0342656
0.034816
0.0354187
0.03601
0.0366246
0.037252
0.0378796
0.0385407
0.0392172
0.0399011
0.0405716
0.0412969
0.042005
0.0427457
0.0434761
0.0442414
0.0450167
0.0458168
0.0466385
0.0474631
0.0483149
0.0491428
0.0500242
0.0508775
0.0518012
0.0527275
0.0536448
0.0546041
0.0555523
0.0565417
0.0575349
0.0585393
0.059597
0.0606346
0.0617184
0.0627502
0.0636486
0.0165949
0.0166246
0.0158619
0.0155072
0.0160336
0.0159725
0.0150899
0.0146779
0.0149033
0.0150681
0.0150191
0.0149316
0.0150121
0.0154663
0.0160211
0.016164
0.0160783
0.0162803
0.0167291
0.0170847
0.0172668
0.0174339
0.0177268
0.018102
0.018429
0.0187279
0.0190828
0.0194394
0.0197359
0.0200374
0.0204007
0.0207796
0.0210924
0.0213554
0.021651
0.0220241
0.0224182
0.0227683
0.0230949
0.0234509
0.023857
0.0242713
0.0246548
0.0250321
0.0254444
0.025887
0.0262867
0.0266188
0.0268962
0.0271565
0.0274986
0.0279853
0.0285869
0.0292067
0.029753
0.0302456
0.0307285
0.031197
0.0316729
0.0321914
0.0327161
0.033239
0.033758
0.0342719
0.0348229
0.0354232
0.0360143
0.0366285
0.0372558
0.0378838
0.0385438
0.0392194
0.0399035
0.0405742
0.0412991
0.0420071
0.0427476
0.0434781
0.0442439
0.0450191
0.0458188
0.0466397
0.0474632
0.0483153
0.0491437
0.0500254
0.0508789
0.0518022
0.0527271
0.0536453
0.0546047
0.0555523
0.0565423
0.0575355
0.0585405
0.0595982
0.0606347
0.0617206
0.0627534
0.0636517
0.0163714
0.0165934
0.0160268
0.0155133
0.0159249
0.0161029
0.0153236
0.0147715
0.0149914
0.0152293
0.0151569
0.015045
0.0151013
0.0154991
0.0160667
0.0162578
0.0161452
0.0163034
0.0167689
0.0171538
0.0173265
0.0174688
0.0177548
0.0181352
0.0184617
0.0187535
0.0191041
0.0194582
0.0197491
0.0200476
0.0204111
0.0207903
0.0211044
0.0213669
0.0216589
0.0220327
0.0224326
0.0227827
0.0231015
0.0234525
0.0238616
0.0242801
0.0246601
0.0250308
0.0254413
0.0258838
0.0262807
0.0266121
0.0269012
0.0271819
0.0275341
0.0280135
0.0285987
0.0292051
0.0297475
0.0302409
0.030726
0.0311981
0.0316762
0.0321937
0.0327174
0.0332403
0.0337606
0.0342785
0.0348299
0.0354278
0.0360187
0.0366325
0.0372597
0.0378881
0.038547
0.0392219
0.0399059
0.0405768
0.0413015
0.0420094
0.0427496
0.0434801
0.0442465
0.0450214
0.0458209
0.0466409
0.0474633
0.0483157
0.0491447
0.0500266
0.0508802
0.0518031
0.0527269
0.0536456
0.0546054
0.0555523
0.0565429
0.057536
0.0585416
0.0595995
0.0606348
0.061723
0.062757
0.063655
0.0161512
0.016489
0.0161747
0.0155973
0.015808
0.0161406
0.0155599
0.0149164
0.0150622
0.0153701
0.0153089
0.0151653
0.0151996
0.0155417
0.0161003
0.0163474
0.0162279
0.0163295
0.0167991
0.0172247
0.0173942
0.0175051
0.0177812
0.0181691
0.0184962
0.0187805
0.0191265
0.0194779
0.0197636
0.0200593
0.0204232
0.020802
0.0211164
0.021378
0.0216671
0.0220415
0.0224471
0.0227976
0.0231088
0.0234547
0.0238665
0.0242892
0.0246658
0.0250296
0.025438
0.0258809
0.0262755
0.0266065
0.0269066
0.0272065
0.0275679
0.0280404
0.0286105
0.0292043
0.0297427
0.0302366
0.0307238
0.0311993
0.0316794
0.032196
0.0327189
0.0332419
0.0337634
0.0342848
0.0348369
0.0354325
0.0360232
0.0366367
0.0372638
0.0378925
0.0385504
0.0392245
0.0399085
0.0405795
0.0413039
0.0420117
0.0427517
0.0434823
0.0442492
0.0450239
0.0458231
0.0466422
0.0474635
0.0483162
0.0491457
0.0500279
0.0508816
0.0518041
0.0527267
0.053646
0.0546061
0.0555524
0.0565436
0.0575365
0.0585427
0.0596009
0.0606349
0.0617254
0.0627608
0.0636583
0.0159659
0.0163254
0.0162641
0.0157341
0.0157223
0.0160969
0.0157611
0.015113
0.0151416
0.0154827
0.0154642
0.0152957
0.0153053
0.0155978
0.0161275
0.0164259
0.0163236
0.0163647
0.016819
0.0172936
0.0174735
0.0175469
0.0178058
0.0182036
0.0185325
0.018808
0.019149
0.0194984
0.0197794
0.0200721
0.0204361
0.0208149
0.0211295
0.0213903
0.0216761
0.0220504
0.0224612
0.0228126
0.0231166
0.0234569
0.0238712
0.0242983
0.024672
0.0250287
0.025435
0.0258787
0.0262714
0.0266018
0.0269123
0.0272303
0.0276
0.0280662
0.0286225
0.0292044
0.0297385
0.0302327
0.0307219
0.0312005
0.0316826
0.0321983
0.0327206
0.0332438
0.0337664
0.0342911
0.0348441
0.0354374
0.0360279
0.0366412
0.037268
0.0378969
0.0385539
0.0392272
0.0399112
0.0405823
0.0413064
0.0420141
0.0427539
0.0434845
0.044252
0.0450264
0.0458253
0.0466436
0.0474637
0.0483167
0.0491467
0.0500292
0.050883
0.0518051
0.0527265
0.0536464
0.0546068
0.0555525
0.0565444
0.0575371
0.0585438
0.0596025
0.0606352
0.0617279
0.0627649
0.0636618
0.015858
0.0161326
0.0162664
0.0158854
0.0156916
0.0160009
0.0158959
0.0153363
0.015255
0.0155783
0.0156076
0.0154329
0.015418
0.0156682
0.0161549
0.0164895
0.0164271
0.0164155
0.0168301
0.0173518
0.0175617
0.0175974
0.0178281
0.0182379
0.0185734
0.0188379
0.0191715
0.0195194
0.0197965
0.0200864
0.0204501
0.020828
0.0211426
0.0214029
0.0216861
0.0220603
0.0224757
0.0228281
0.0231252
0.0234596
0.0238761
0.0243077
0.0246785
0.0250279
0.0254319
0.0258771
0.0262686
0.0265983
0.0269184
0.0272532
0.0276305
0.0280907
0.0286344
0.0292051
0.029735
0.0302292
0.0307199
0.0312017
0.0316856
0.0322007
0.0327224
0.033246
0.0337696
0.0342975
0.0348512
0.0354424
0.0360327
0.0366459
0.0372725
0.0379014
0.0385575
0.0392302
0.039914
0.0405853
0.041309
0.0420166
0.0427563
0.0434868
0.0442548
0.0450289
0.0458275
0.046645
0.0474641
0.0483173
0.0491478
0.0500305
0.0508844
0.0518062
0.0527264
0.0536467
0.0546076
0.0555526
0.0565452
0.0575377
0.0585447
0.0596042
0.0606355
0.0617304
0.0627692
0.0636655
0.0158525
0.0159498
0.0161849
0.0160188
0.0157376
0.0159005
0.015957
0.0155484
0.0154068
0.0156764
0.0157318
0.0155648
0.0155366
0.0157551
0.016189
0.0165361
0.0165284
0.0164866
0.0168408
0.0173938
0.0176546
0.0176606
0.017848
0.0182669
0.0186174
0.0188712
0.0191943
0.019541
0.0198154
0.0201025
0.0204656
0.0208424
0.0211565
0.0214158
0.0216961
0.0220699
0.0224897
0.022844
0.0231349
0.0234627
0.0238809
0.0243173
0.0246858
0.0250277
0.025429
0.0258759
0.0262668
0.0265958
0.0269248
0.0272754
0.0276596
0.0281142
0.0286464
0.0292067
0.0297322
0.0302262
0.0307185
0.0312031
0.0316886
0.0322031
0.0327244
0.0332484
0.0337729
0.0343038
0.0348585
0.0354475
0.0360377
0.0366509
0.0372771
0.037906
0.0385612
0.0392333
0.0399169
0.0405884
0.0413117
0.0420192
0.0427587
0.0434892
0.0442577
0.0450315
0.0458298
0.0466466
0.0474644
0.048318
0.0491489
0.0500318
0.0508858
0.0518072
0.0527263
0.053647
0.0546083
0.0555527
0.056546
0.0575384
0.0585457
0.059606
0.0606359
0.0617329
0.0627739
0.0636693
0.0158661
0.0157795
0.0160416
0.0161143
0.0158789
0.0158704
0.0159655
0.0157137
0.0155786
0.015799
0.0158483
0.0156794
0.0156529
0.0158601
0.0162387
0.016571
0.0166197
0.0165768
0.0168595
0.017418
0.0177452
0.0177413
0.017872
0.0182893
0.0186636
0.0189096
0.0192164
0.0195608
0.0198352
0.0201205
0.0204823
0.0208571
0.0211707
0.0214297
0.0217076
0.0220805
0.0225036
0.0228599
0.0231451
0.023466
0.0238855
0.024327
0.0246934
0.0250278
0.0254263
0.0258755
0.0262664
0.0265944
0.0269314
0.0272965
0.0276871
0.0281364
0.0286583
0.0292091
0.0297302
0.0302236
0.0307175
0.0312045
0.0316916
0.0322055
0.0327267
0.0332512
0.0337764
0.0343102
0.0348658
0.0354528
0.0360429
0.036656
0.0372819
0.0379107
0.0385652
0.0392366
0.03992
0.0405917
0.0413145
0.0420219
0.0427614
0.0434917
0.0442607
0.0450341
0.0458321
0.0466482
0.0474649
0.0483188
0.04915
0.0500331
0.0508873
0.0518084
0.0527264
0.0536474
0.0546091
0.0555528
0.0565469
0.0575392
0.0585465
0.059608
0.0606365
0.0617354
0.0627788
0.0636734
0.0158935
0.0156279
0.0158633
0.0161691
0.0160999
0.0159552
0.01596
0.0158176
0.0157462
0.01595
0.0159769
0.0157774
0.0157562
0.0159794
0.0163127
0.0166021
0.0166945
0.0166801
0.0168974
0.0174285
0.0178229
0.0178364
0.0179055
0.0183031
0.0187083
0.0189573
0.0192427
0.0195796
0.0198556
0.0201406
0.0205009
0.020873
0.0211854
0.0214439
0.0217194
0.0220913
0.0225178
0.0228768
0.0231567
0.02347
0.0238901
0.0243369
0.0247017
0.0250284
0.0254237
0.0258754
0.026267
0.0265941
0.0269383
0.0273171
0.0277132
0.0281576
0.0286702
0.0292121
0.0297288
0.0302216
0.0307167
0.031206
0.0316946
0.032208
0.0327291
0.0332542
0.0337801
0.0343165
0.0348731
0.0354583
0.0360481
0.0366614
0.0372869
0.0379154
0.0385692
0.03924
0.0399232
0.0405951
0.0413175
0.0420247
0.0427642
0.0434943
0.0442638
0.0450368
0.0458345
0.0466499
0.0474654
0.0483197
0.0491513
0.0500345
0.0508887
0.0518095
0.0527265
0.0536477
0.0546099
0.0555531
0.0565478
0.05754
0.0585473
0.05961
0.0606372
0.061738
0.0627839
0.0636776
0.0159244
0.0155095
0.0156817
0.016168
0.0163448
0.0161465
0.0159853
0.0158682
0.0158766
0.0161095
0.0161299
0.0158725
0.0158305
0.0160971
0.0164157
0.0166427
0.0167492
0.0167836
0.0169581
0.0174352
0.0178815
0.0179408
0.0179568
0.0183118
0.0187448
0.019011
0.0192744
0.019596
0.0198748
0.0201633
0.0205222
0.0208899
0.0212001
0.0214588
0.0217329
0.022103
0.0225315
0.0228935
0.0231689
0.0234744
0.0238946
0.0243471
0.024711
0.0250298
0.0254216
0.0258762
0.026269
0.0265949
0.0269452
0.0273367
0.0277381
0.0281779
0.0286822
0.029216
0.0297283
0.0302201
0.0307172
0.0312077
0.0316976
0.0322107
0.0327318
0.0332576
0.0337841
0.034323
0.0348806
0.0354639
0.0360536
0.036667
0.037292
0.0379203
0.0385734
0.0392437
0.0399266
0.0405987
0.0413205
0.0420276
0.0427671
0.043497
0.0442669
0.0450396
0.045837
0.0466516
0.047466
0.0483206
0.0491525
0.0500358
0.0508903
0.0518107
0.0527266
0.053648
0.0546107
0.0555534
0.0565486
0.057541
0.0585481
0.0596122
0.0606382
0.0617405
0.0627893
0.0636822
0.0160896
0.015508
0.0155357
0.0161055
0.0165313
0.0164009
0.0160783
0.0158913
0.0159546
0.0162489
0.0163059
0.0159882
0.0158787
0.0161903
0.0165418
0.0167058
0.0167889
0.0168754
0.0170402
0.017449
0.0179171
0.0180416
0.0180277
0.0183216
0.0187689
0.0190674
0.0193168
0.0196134
0.0198897
0.0201861
0.0205463
0.0209088
0.021215
0.0214733
0.0217466
0.022115
0.0225454
0.0229109
0.0231827
0.0234793
0.0238987
0.0243572
0.0247208
0.0250316
0.0254193
0.0258772
0.0262721
0.0265968
0.0269523
0.0273559
0.0277617
0.028197
0.0286939
0.0292203
0.0297285
0.0302193
0.030717
0.0312096
0.0317006
0.0322133
0.0327346
0.0332612
0.0337873
0.0343294
0.034888
0.0354697
0.0360592
0.0366727
0.0372974
0.0379252
0.0385777
0.0392475
0.0399301
0.0406024
0.0413237
0.0420306
0.0427702
0.0434998
0.0442701
0.0450425
0.0458395
0.0466535
0.0474668
0.0483217
0.0491539
0.0500371
0.0508918
0.051812
0.0527269
0.0536483
0.0546115
0.0555538
0.0565495
0.057542
0.0585489
0.0596145
0.0606393
0.0617431
0.0627949
0.0636869
0.0161567
0.0155427
0.015447
0.0160168
0.0166414
0.0166749
0.0162669
0.0159388
0.0159911
0.0163475
0.0164875
0.0161529
0.0159269
0.0162427
0.0166751
0.016808
0.0168282
0.0169447
0.0171328
0.0174838
0.0179379
0.0181294
0.0181172
0.0183434
0.0187812
0.0191192
0.0193706
0.0196366
0.0199007
0.0202082
0.0205748
0.0209305
0.0212298
0.021488
0.0217617
0.0221284
0.0225593
0.0229282
0.023197
0.023485
0.0239027
0.0243675
0.0247316
0.0250345
0.0254178
0.0258791
0.0262768
0.0265998
0.0269594
0.027374
0.0277842
0.0282155
0.0287057
0.0292255
0.0297295
0.030219
0.0307175
0.0312116
0.0317037
0.0322162
0.0327379
0.0332652
0.0337917
0.0343359
0.0348956
0.0354756
0.036065
0.0366787
0.0373029
0.0379303
0.0385823
0.0392516
0.0399338
0.0406063
0.041327
0.0420337
0.0427735
0.0435028
0.0442734
0.0450454
0.0458421
0.0466554
0.0474676
0.0483228
0.0491553
0.0500383
0.0508934
0.0518133
0.0527272
0.0536487
0.0546123
0.0555542
0.0565504
0.0575432
0.0585497
0.0596168
0.0606408
0.0617457
0.0628008
0.0636919
0.0162341
0.0156643
0.0154394
0.0159297
0.016665
0.0169038
0.0165237
0.0160496
0.0160099
0.0163952
0.0166487
0.0163618
0.0160058
0.0162508
0.0167848
0.016947
0.0168849
0.0169904
0.0172236
0.0175444
0.0179559
0.0181948
0.0182153
0.0183841
0.0187869
0.0191607
0.0194332
0.0196714
0.0199091
0.0202239
0.0206054
0.0209573
0.0212462
0.0215023
0.0217765
0.022142
0.0225738
0.0229462
0.0232131
0.0234919
0.0239066
0.0243777
0.0247436
0.0250384
0.0254162
0.0258811
0.0262824
0.0266039
0.0269668
0.0273917
0.0278058
0.0282329
0.0287172
0.0292312
0.0297312
0.0302194
0.0307186
0.0312139
0.0317069
0.0322191
0.0327411
0.0332694
0.0337959
0.0343424
0.0349032
0.0354817
0.036071
0.0366849
0.0373086
0.0379356
0.038587
0.0392558
0.0399376
0.0406104
0.0413304
0.0420369
0.0427769
0.0435058
0.0442768
0.0450484
0.0458447
0.0466573
0.0474686
0.0483241
0.0491568
0.0500396
0.050895
0.0518146
0.0527276
0.0536491
0.0546132
0.0555549
0.0565512
0.0575444
0.0585504
0.0596192
0.0606426
0.0617483
0.0628067
0.0636972
0.0162872
0.0158546
0.0155109
0.0158522
0.0166141
0.0170411
0.0167972
0.0162375
0.0160424
0.0163988
0.0167592
0.0165849
0.016141
0.0162394
0.0168414
0.0171062
0.0169791
0.0170221
0.0172945
0.0176237
0.0179857
0.0182392
0.018309
0.0184467
0.0187951
0.0191865
0.0194953
0.0197187
0.0199201
0.0202329
0.020636
0.0209895
0.0212641
0.0215154
0.0217914
0.0221567
0.0225891
0.0229644
0.0232294
0.0234994
0.02391
0.0243871
0.0247561
0.0250432
0.0254149
0.0258837
0.0262898
0.0266095
0.0269739
0.0274083
0.0278265
0.0282495
0.0287287
0.0292375
0.0297335
0.0302202
0.03072
0.0312164
0.0317103
0.0322223
0.0327448
0.033274
0.0338006
0.034349
0.0349108
0.0354879
0.0360771
0.0366913
0.0373146
0.0379409
0.0385919
0.0392602
0.0399416
0.0406147
0.041334
0.0420402
0.0427805
0.043509
0.0442802
0.0450515
0.0458474
0.0466594
0.0474697
0.0483254
0.0491583
0.0500409
0.0508967
0.051816
0.0527281
0.0536496
0.054614
0.0555556
0.056552
0.0575457
0.0585513
0.0596215
0.0606447
0.0617511
0.0628128
0.0637028
0.016263
0.0160539
0.0156556
0.0158049
0.0165185
0.0170904
0.0170375
0.0164867
0.0161264
0.0163845
0.0168146
0.0167919
0.0163393
0.0162495
0.0168378
0.0172533
0.0171205
0.0170617
0.0173382
0.0177068
0.018039
0.0182723
0.0183854
0.018525
0.0188153
0.0191991
0.0195525
0.0197802
0.0199404
0.0202352
0.0206611
0.0210274
0.0212882
0.0215289
0.0218052
0.0221709
0.0226043
0.0229832
0.023247
0.0235081
0.0239138
0.0243969
0.0247703
0.0250501
0.0254142
0.0258864
0.0262981
0.0266162
0.026981
0.0274245
0.0278466
0.0282656
0.0287401
0.0292445
0.0297366
0.0302219
0.030722
0.0312192
0.0317138
0.0322256
0.0327486
0.0332788
0.0338055
0.0343557
0.0349186
0.0354944
0.0360833
0.0366978
0.0373207
0.0379464
0.038597
0.0392647
0.0399457
0.0406191
0.0413378
0.0420436
0.0427842
0.0435122
0.0442837
0.0450547
0.0458502
0.0466614
0.0474709
0.0483269
0.0491599
0.0500422
0.0508984
0.0518175
0.0527285
0.0536502
0.0546149
0.0555566
0.0565529
0.0575471
0.0585523
0.0596239
0.0606471
0.0617539
0.0628188
0.0637086
0.0161479
0.0161974
0.0158535
0.0158205
0.0164184
0.017073
0.0172148
0.0167641
0.0162813
0.0163847
0.0168228
0.0169502
0.0165726
0.0163172
0.0167956
0.0173525
0.0172963
0.0171318
0.0173569
0.0177745
0.0181159
0.0183115
0.0184405
0.0186106
0.0188579
0.0192062
0.0195967
0.0198488
0.0199721
0.0202354
0.0206793
0.0210677
0.0213181
0.0215427
0.0218175
0.0221857
0.0226211
0.0230037
0.0232663
0.0235179
0.0239177
0.0244063
0.0247848
0.0250576
0.0254134
0.025889
0.0263078
0.0266244
0.0269883
0.0274391
0.027866
0.0282811
0.0287512
0.029252
0.0297403
0.0302239
0.0307244
0.0312223
0.0317175
0.032229
0.0327527
0.033284
0.0338105
0.0343623
0.0349263
0.035501
0.0360897
0.0367046
0.0373271
0.037952
0.0386022
0.0392696
0.0399501
0.0406238
0.0413417
0.042047
0.0427882
0.0435157
0.0442873
0.045058
0.0458531
0.0466636
0.0474724
0.0483286
0.0491616
0.0500434
0.0509001
0.0518191
0.052729
0.053651
0.0546157
0.0555576
0.0565537
0.0575484
0.0585535
0.0596262
0.0606497
0.0617568
0.0628249
0.0637147
0.0159697
0.0162497
0.0160671
0.0159163
0.0163504
0.0170127
0.0173156
0.0170226
0.0164933
0.0164263
0.0168066
0.0170481
0.0168051
0.016457
0.0167543
0.017383
0.0174749
0.0172524
0.0173739
0.017814
0.0182039
0.018372
0.0184799
0.0186856
0.0189196
0.0192135
0.0196247
0.0199219
0.0200187
0.0202363
0.0206886
0.0211067
0.0213558
0.0215619
0.0218291
0.0221989
0.022637
0.0230244
0.0232866
0.0235279
0.0239204
0.0244152
0.0248008
0.0250672
0.0254134
0.0258919
0.0263187
0.0266341
0.0269954
0.0274535
0.0278852
0.0282963
0.0287622
0.02926
0.0297447
0.0302267
0.0307274
0.0312257
0.0317216
0.0322328
0.0327571
0.0332894
0.0338158
0.0343691
0.0349341
0.035508
0.0360963
0.0367114
0.0373337
0.0379578
0.0386076
0.0392745
0.0399545
0.0406286
0.0413458
0.0420507
0.0427923
0.0435192
0.0442909
0.0450615
0.045856
0.0466657
0.0474739
0.0483303
0.0491633
0.0500448
0.0509019
0.0518208
0.0527295
0.0536518
0.0546165
0.0555587
0.0565546
0.0575499
0.0585549
0.0596285
0.0606527
0.06176
0.062831
0.063721
0.0157748
0.01621
0.016248
0.0160748
0.0163366
0.0169369
0.0173464
0.0172319
0.0167391
0.0165267
0.0167936
0.017091
0.0170022
0.0166493
0.0167557
0.0173616
0.0176211
0.0174177
0.0174111
0.0178195
0.0182798
0.0184582
0.0185177
0.0187405
0.0189969
0.0192367
0.0196377
0.0199915
0.0200796
0.0202418
0.0206923
0.021143
0.0213978
0.0215847
0.0218392
0.0222097
0.0226526
0.0230463
0.0233097
0.0235404
0.0239237
0.024424
0.0248181
0.0250785
0.0254135
0.0258944
0.0263307
0.0266455
0.0270028
0.0274668
0.0279037
0.0283111
0.0287729
0.0292685
0.0297498
0.03023
0.030731
0.0312294
0.0317258
0.0322367
0.0327616
0.0332951
0.0338214
0.0343759
0.0349419
0.0355151
0.036103
0.0367184
0.0373405
0.0379637
0.0386132
0.0392798
0.0399593
0.0406336
0.04135
0.0420543
0.0427966
0.0435228
0.0442947
0.045065
0.0458591
0.0466678
0.0474758
0.0483322
0.049165
0.0500462
0.0509037
0.0518226
0.05273
0.0536529
0.0546174
0.05556
0.0565556
0.0575512
0.0585566
0.0596307
0.0606559
0.0617634
0.0628371
0.0637275
0.0156101
0.0161106
0.0163586
0.0162607
0.0163862
0.0168809
0.0173297
0.0173753
0.0169826
0.0166781
0.0168094
0.0171015
0.0171471
0.0168632
0.0168198
0.0173195
0.0177043
0.0175967
0.017493
0.0178105
0.0183268
0.0185648
0.0185756
0.018776
0.0190741
0.0192793
0.0196389
0.0200506
0.0201572
0.0202537
0.0206859
0.021174
0.0214437
0.0216146
0.0218528
0.0222199
0.0226674
0.0230693
0.0233353
0.0235542
0.0239253
0.0244308
0.0248361
0.0250924
0.0254147
0.0258967
0.0263436
0.0266583
0.0270102
0.0274791
0.0279217
0.0283259
0.0287835
0.0292774
0.0297555
0.0302338
0.030735
0.0312335
0.0317304
0.032241
0.0327664
0.0333012
0.0338273
0.0343827
0.0349498
0.0355227
0.0361098
0.0367254
0.0373476
0.0379699
0.038619
0.0392851
0.0399641
0.0406387
0.0413545
0.0420581
0.0428011
0.0435266
0.0442985
0.0450688
0.0458623
0.04667
0.0474777
0.0483343
0.0491666
0.0500476
0.0509055
0.0518246
0.0527305
0.053654
0.0546184
0.0555612
0.0565567
0.0575526
0.0585585
0.059633
0.0606593
0.0617672
0.0628431
0.0637341
0.0154947
0.015995
0.0163931
0.0164344
0.0164829
0.0168608
0.0172925
0.0174539
0.0171969
0.0168675
0.0168713
0.0171021
0.0172368
0.0170615
0.0169353
0.0172953
0.0177349
0.0177603
0.0176247
0.017814
0.0183348
0.0186699
0.0186616
0.0187999
0.0191367
0.0193447
0.0196409
0.020089
0.0202456
0.0202801
0.0206725
0.0212025
0.0214957
0.0216487
0.0218679
0.0222284
0.0226791
0.0230914
0.0233627
0.02357
0.0239272
0.0244376
0.0248559
0.025109
0.0254166
0.0258976
0.0263568
0.026673
0.027018
0.0274906
0.0279396
0.0283405
0.0287939
0.0292867
0.029762
0.0302383
0.0307396
0.0312381
0.0317353
0.0322455
0.0327714
0.0333073
0.0338334
0.0343896
0.0349577
0.0355304
0.0361167
0.0367325
0.0373549
0.0379762
0.0386249
0.0392906
0.0399693
0.0406441
0.0413591
0.0420621
0.0428057
0.0435305
0.0443024
0.0450726
0.0458654
0.0466721
0.0474799
0.0483366
0.0491682
0.0500492
0.0509074
0.0518266
0.052731
0.0536553
0.0546195
0.0555625
0.056558
0.0575538
0.0585607
0.0596353
0.0606627
0.0617712
0.0628491
0.0637409
0.0154135
0.0158985
0.0163714
0.0165685
0.0166061
0.0168805
0.0172689
0.0174924
0.0173642
0.0170622
0.0169708
0.0171126
0.0172831
0.0172281
0.0170875
0.0173149
0.0177384
0.017878
0.0177809
0.0178537
0.0183131
0.0187494
0.0187767
0.0188329
0.0191772
0.019421
0.0196544
0.0201066
0.0203406
0.0203323
0.0206511
0.0212157
0.0215511
0.0216874
0.0218845
0.0222374
0.0226889
0.0231134
0.0233943
0.0235897
0.0239285
0.0244419
0.0248756
0.0251281
0.0254199
0.0258979
0.0263704
0.0266898
0.0270264
0.027501
0.027957
0.0283552
0.0288041
0.0292963
0.029769
0.0302432
0.0307445
0.0312431
0.0317405
0.0322502
0.0327768
0.033314
0.03384
0.0343964
0.0349656
0.0355385
0.0361239
0.0367397
0.0373624
0.0379827
0.0386311
0.0392964
0.0399746
0.0406496
0.0413637
0.0420661
0.0428105
0.0435345
0.0443063
0.0450765
0.0458688
0.0466745
0.0474823
0.0483392
0.0491698
0.0500508
0.0509093
0.0518288
0.0527315
0.0536567
0.0546207
0.0555638
0.0565595
0.0575551
0.0585631
0.0596377
0.0606662
0.0617755
0.0628551
0.0637477
0.0153501
0.0158358
0.0163276
0.0166547
0.0167386
0.0169312
0.0172661
0.0175053
0.0174754
0.0172363
0.0171004
0.0171594
0.0173133
0.0173546
0.0172478
0.0173712
0.0177402
0.0179513
0.0179308
0.0179396
0.0182884
0.018787
0.0189046
0.018891
0.0191999
0.0194988
0.0196914
0.0201069
0.0204209
0.0204093
0.0206312
0.0212093
0.021612
0.0217389
0.0219023
0.0222465
0.0226978
0.0231333
0.0234275
0.0236124
0.0239291
0.0244437
0.0248965
0.025151
0.0254251
0.0258972
0.0263836
0.0267084
0.0270356
0.0275102
0.0279741
0.0283702
0.0288143
0.0293059
0.0297768
0.0302488
0.0307498
0.0312488
0.0317462
0.0322551
0.0327823
0.0333208
0.0338467
0.0344034
0.0349737
0.0355469
0.0361309
0.036747
0.0373702
0.0379893
0.0386373
0.0393021
0.03998
0.0406553
0.0413688
0.0420704
0.0428155
0.0435387
0.0443105
0.0450806
0.0458721
0.0466767
0.0474848
0.0483419
0.0491713
0.0500527
0.0509113
0.0518311
0.0527319
0.0536582
0.0546223
0.0555649
0.0565613
0.0575563
0.0585658
0.0596403
0.0606697
0.0617802
0.0628612
0.0637545
0.015306
0.0157972
0.016283
0.0166918
0.0168625
0.0170018
0.0172776
0.0175156
0.0175522
0.0173858
0.0172458
0.0172426
0.0173402
0.0174347
0.0173937
0.0174537
0.0177588
0.0180005
0.018054
0.0180595
0.0182892
0.0187825
0.019022
0.0189849
0.0192177
0.0195599
0.0197449
0.0200998
0.0204797
0.0205122
0.0206338
0.0211795
0.0216638
0.021806
0.0219233
0.0222515
0.0227051
0.0231505
0.0234622
0.0236412
0.0239313
0.024442
0.0249168
0.0251777
0.0254321
0.025895
0.0263962
0.0267288
0.0270461
0.0275184
0.0279906
0.0283857
0.0288246
0.0293154
0.029785
0.0302552
0.0307554
0.0312547
0.0317525
0.0322601
0.032788
0.0333281
0.033854
0.0344102
0.0349815
0.0355558
0.0361382
0.0367543
0.0373782
0.0379961
0.038644
0.0393083
0.0399859
0.0406611
0.0413737
0.0420747
0.0428206
0.0435431
0.0443147
0.0450848
0.0458755
0.0466791
0.0474875
0.0483449
0.0491727
0.0500546
0.0509133
0.0518335
0.0527326
0.0536596
0.0546241
0.055566
0.0565632
0.0575575
0.0585685
0.0596431
0.0606731
0.0617851
0.0628673
0.0637614
0.0152873
0.0157684
0.0162528
0.0166945
0.0169615
0.0170897
0.0173042
0.0175332
0.0176115
0.0175058
0.0173779
0.0173431
0.0173836
0.017487
0.0175175
0.0175526
0.0177958
0.0180447
0.0181468
0.0181856
0.0183321
0.0187585
0.0191033
0.0191013
0.0192433
0.0196012
0.0198146
0.0201053
0.0205122
0.0206203
0.0206673
0.0211343
0.0216915
0.0218888
0.0219578
0.022251
0.0227099
0.0231675
0.023498
0.0236753
0.0239353
0.0244358
0.0249349
0.025209
0.0254428
0.0258914
0.0264077
0.0267511
0.0270576
0.0275256
0.0280064
0.0284016
0.0288343
0.0293248
0.0297935
0.0302624
0.0307616
0.0312611
0.0317594
0.0322655
0.0327938
0.0333356
0.0338617
0.034417
0.0349894
0.035565
0.0361453
0.0367616
0.0373868
0.0380032
0.0386505
0.0393143
0.0399919
0.0406673
0.041379
0.0420792
0.0428257
0.0435475
0.0443189
0.0450892
0.045879
0.0466817
0.0474903
0.0483481
0.0491741
0.0500568
0.0509155
0.0518359
0.0527334
0.053661
0.0546262
0.055567
0.0565652
0.0575589
0.0585714
0.0596463
0.0606765
0.0617902
0.0628735
0.0637682
0.0152959
0.0157517
0.0162434
0.016685
0.0170244
0.0171856
0.0173466
0.017554
0.0176583
0.0176001
0.017489
0.0174491
0.0174562
0.0175324
0.017614
0.0176579
0.0178457
0.0180878
0.0182183
0.018296
0.0184088
0.0187397
0.0191394
0.0192265
0.0193001
0.0196312
0.0198856
0.0201236
0.0205192
0.0207161
0.0207382
0.0210963
0.0216855
0.0219739
0.0220165
0.0222499
0.022706
0.023182
0.0235339
0.023715
0.0239434
0.0244259
0.0249496
0.025244
0.0254581
0.0258863
0.026417
0.0267755
0.0270708
0.0275314
0.0280218
0.028418
0.0288453
0.0293344
0.0298019
0.0302699
0.0307684
0.0312679
0.0317666
0.0322714
0.0327996
0.0333432
0.0338699
0.0344239
0.0349974
0.0355746
0.0361526
0.0367688
0.0373955
0.0380103
0.0386571
0.0393205
0.0399982
0.0406735
0.0413843
0.0420839
0.0428311
0.0435523
0.0443234
0.0450936
0.0458823
0.0466843
0.0474934
0.0483514
0.0491754
0.050059
0.0509177
0.0518383
0.0527345
0.0536624
0.0546285
0.055568
0.0565674
0.0575605
0.0585742
0.0596497
0.0606799
0.0617955
0.06288
0.063775
0.015321
0.0157497
0.016251
0.0166849
0.0170566
0.0172753
0.0174056
0.0175749
0.0176934
0.0176782
0.0175864
0.0175471
0.0175462
0.0175839
0.017684
0.0177558
0.0179041
0.0181334
0.0182835
0.0183874
0.0185005
0.0187497
0.0191447
0.0193329
0.0193822
0.0196534
0.0199465
0.0201636
0.0205193
0.0207887
0.0208335
0.021083
0.0216492
0.0220405
0.0221009
0.02226
0.0226902
0.0231903
0.0235719
0.0237614
0.0239565
0.0244123
0.0249594
0.0252815
0.0254794
0.025881
0.0264228
0.0268019
0.0270864
0.0275356
0.0280366
0.0284352
0.0288563
0.0293446
0.0298107
0.0302773
0.0307759
0.0312757
0.0317741
0.0322774
0.0328057
0.0333511
0.0338785
0.0344308
0.0350055
0.0355847
0.0361597
0.0367757
0.0374045
0.0380181
0.0386642
0.0393268
0.0400046
0.0406799
0.0413898
0.0420888
0.0428364
0.0435569
0.044328
0.0450984
0.0458858
0.0466872
0.0474967
0.0483549
0.0491766
0.0500614
0.0509202
0.0518406
0.0527358
0.0536637
0.0546312
0.055569
0.0565696
0.0575624
0.058577
0.0596535
0.0606833
0.0618008
0.0628865
0.0637818
0.0153444
0.0157587
0.0162661
0.0167031
0.0170754
0.0173425
0.0174721
0.0176011
0.0177222
0.0177448
0.0176771
0.0176328
0.0176353
0.0176469
0.0177375
0.0178393
0.0179671
0.0181794
0.018347
0.0184689
0.0185951
0.01879
0.019137
0.0194007
0.019479
0.0196866
0.0199942
0.0202182
0.020522
0.0208331
0.0209354
0.021107
0.0216034
0.0220725
0.0221972
0.0222964
0.0226686
0.0231837
0.0236078
0.0238162
0.0239768
0.0243954
0.0249631
0.0253208
0.0255069
0.0258768
0.0264248
0.0268289
0.0271052
0.0275382
0.0280501
0.0284537
0.0288673
0.0293549
0.0298204
0.0302846
0.0307832
0.0312843
0.0317822
0.0322837
0.0328117
0.0333592
0.0338876
0.0344378
0.0350136
0.0355947
0.0361668
0.036783
0.037414
0.038026
0.038671
0.0393329
0.0400114
0.0406867
0.0413954
0.0420939
0.0428417
0.0435618
0.0443328
0.0451031
0.0458889
0.0466903
0.0475003
0.0483585
0.049178
0.0500641
0.0509229
0.0518426
0.0527374
0.053665
0.054634
0.05557
0.0565717
0.0575646
0.0585798
0.0596574
0.0606869
0.0618062
0.0628932
0.0637887
0.0153595
0.0157705
0.0162811
0.0167317
0.0170925
0.017383
0.017541
0.0176441
0.0177508
0.0177979
0.0177594
0.0177091
0.017714
0.0177217
0.0177866
0.0179033
0.0180293
0.0182272
0.0184082
0.0185398
0.0186789
0.0188488
0.0191421
0.019441
0.0195756
0.0197401
0.0200286
0.0202749
0.0205373
0.0208539
0.0210262
0.0211622
0.0215686
0.0220711
0.0222851
0.0223641
0.0226568
0.0231585
0.0236336
0.02388
0.0240091
0.0243759
0.0249577
0.025361
0.025541
0.0258741
0.0264234
0.0268556
0.0271274
0.0275406
0.0280614
0.0284733
0.0288789
0.0293646
0.0298312
0.0302922
0.03079
0.0312939
0.0317915
0.0322903
0.0328174
0.0333674
0.0338972
0.0344445
0.0350221
0.0356059
0.036174
0.0367896
0.0374231
0.0380341
0.0386784
0.0393393
0.0400183
0.0406934
0.041401
0.0420994
0.0428472
0.043567
0.0443377
0.0451081
0.0458921
0.0466934
0.047504
0.0483619
0.0491793
0.0500667
0.0509258
0.0518446
0.0527395
0.0536665
0.0546369
0.0555714
0.0565737
0.0575672
0.0585825
0.0596614
0.0606907
0.0618114
0.0628999
0.0637955
0.0153708
0.0157811
0.0162927
0.0167594
0.0171195
0.0174125
0.0176012
0.0176965
0.0177785
0.0178334
0.0178264
0.0177827
0.0177825
0.0177965
0.0178407
0.01796
0.0180936
0.0182735
0.0184603
0.0186005
0.0187525
0.0189168
0.0191636
0.0194633
0.0196515
0.0198102
0.0200645
0.0203269
0.0205715
0.0208641
0.0210948
0.0212362
0.021556
0.022049
0.0223451
0.0224485
0.022672
0.0231235
0.0236381
0.023948
0.0240606
0.0243579
0.024939
0.0254006
0.0255841
0.0258725
0.0264181
0.026882
0.0271522
0.0275432
0.0280702
0.0284934
0.028892
0.0293736
0.0298421
0.0303009
0.0307965
0.0313032
0.0318017
0.0322978
0.0328227
0.0333754
0.033908
0.0344516
0.0350303
0.0356167
0.0361807
0.0367965
0.0374331
0.0380428
0.0386855
0.0393453
0.0400253
0.0407006
0.041407
0.0421052
0.0428524
0.0435722
0.0443429
0.0451133
0.0458954
0.0466969
0.0475082
0.0483653
0.049181
0.0500695
0.0509288
0.0518462
0.0527416
0.0536681
0.0546397
0.0555729
0.0565756
0.0575701
0.0585855
0.0596655
0.0606947
0.0618167
0.0629067
0.0638024
0.0153828
0.0157907
0.0163032
0.0167855
0.0171556
0.0174382
0.0176413
0.0177458
0.0178094
0.0178605
0.0178774
0.0178488
0.0178415
0.0178665
0.0179064
0.0180123
0.0181471
0.0183118
0.0185073
0.0186625
0.0188204
0.0189873
0.0191974
0.0194807
0.0197037
0.0198793
0.020107
0.0203668
0.0206172
0.0208798
0.0211408
0.0213179
0.0215712
0.0220245
0.0223774
0.022529
0.0227165
0.0230953
0.023614
0.0240051
0.024135
0.0243513
0.0249034
0.0254334
0.0256396
0.0258742
0.0264069
0.0269089
0.0271809
0.0275456
0.0280768
0.0285134
0.0289066
0.0293826
0.029853
0.03031
0.0308033
0.0313122
0.0318125
0.0323067
0.0328279
0.0333828
0.0339193
0.0344582
0.0350381
0.0356283
0.0361883
0.0368033
0.0374426
0.0380515
0.0386927
0.0393517
0.0400327
0.0407076
0.0414125
0.0421111
0.0428577
0.0435775
0.0443482
0.0451182
0.0458985
0.0467005
0.0475125
0.0483687
0.049183
0.0500726
0.0509321
0.051848
0.0527442
0.0536699
0.0546424
0.0555748
0.0565774
0.0575733
0.058587
0.0596694
0.060699
0.061822
0.0629134
0.0638092
0.015397
0.0158038
0.0163158
0.0168065
0.0171902
0.017466
0.0176679
0.0177868
0.0178465
0.0178846
0.0179097
0.0179037
0.0178997
0.0179273
0.0179656
0.0180547
0.0181922
0.0183523
0.0185507
0.0187215
0.0188801
0.019055
0.0192429
0.0195024
0.0197444
0.0199386
0.0201589
0.0204014
0.0206592
0.0209061
0.0211653
0.0213888
0.0216091
0.0220076
0.0223933
0.0225953
0.0227794
0.0230943
0.0235742
0.0240347
0.0242249
0.0243692
0.024853
0.0254477
0.0257084
0.0258853
0.0263854
0.0269334
0.0272163
0.0275479
0.02808
0.0285339
0.0289224
0.029392
0.0298642
0.0303192
0.0308107
0.031321
0.0318229
0.0323171
0.0328333
0.0333892
0.0339313
0.0344668
0.0350464
0.0356399
0.0361954
0.0368096
0.0374526
0.0380612
0.0387001
0.039358
0.0400403
0.040715
0.0414185
0.0421175
0.0428628
0.043583
0.0443538
0.0451231
0.0459018
0.0467042
0.047517
0.0483716
0.049185
0.0500756
0.0509352
0.0518496
0.0527468
0.0536722
0.0546449
0.055577
0.0565793
0.0575766
0.0585907
0.0596737
0.0607035
0.0618272
0.06292
0.0638162
0.0154125
0.0158203
0.0163284
0.016821
0.0172209
0.0175001
0.0176933
0.0178171
0.0178796
0.0179073
0.0179327
0.0179453
0.0179463
0.017971
0.0180166
0.0181018
0.0182382
0.0183927
0.0185824
0.0187689
0.0189323
0.0191146
0.0192964
0.01953
0.0197805
0.0199882
0.0202121
0.0204415
0.0206942
0.0209442
0.0211864
0.0214387
0.0216602
0.0220002
0.0223962
0.0226435
0.0228407
0.0231223
0.0235406
0.0240294
0.0243126
0.0244255
0.0248036
0.025432
0.025784
0.025917
0.0263531
0.0269485
0.0272622
0.0275519
0.0280766
0.028555
0.0289395
0.0294004
0.0298767
0.0303285
0.0308177
0.03133
0.0318332
0.0323288
0.0328391
0.0333947
0.0339439
0.0344741
0.0350533
0.0356508
0.0362031
0.0368163
0.0374623
0.0380711
0.038707
0.039364
0.0400483
0.0407225
0.0414243
0.042124
0.0428682
0.0435888
0.0443596
0.0451278
0.0459055
0.0467084
0.0475217
0.0483746
0.0491876
0.050079
0.0509381
0.0518512
0.0527496
0.0536744
0.054647
0.0555792
0.0565812
0.0575799
0.0585936
0.0596763
0.0607081
0.0618326
0.0629265
0.0638228
0.0154255
0.0158358
0.016341
0.0168328
0.0172436
0.0175331
0.0177209
0.0178389
0.017905
0.017932
0.0179487
0.0179657
0.0179781
0.018009
0.0180623
0.0181446
0.0182751
0.0184281
0.0186102
0.0188083
0.018982
0.0191669
0.019352
0.0195635
0.0198106
0.0200282
0.0202566
0.0204861
0.0207252
0.0209825
0.0212168
0.0214729
0.0217156
0.0220117
0.0223942
0.0226819
0.0228907
0.0231618
0.0235276
0.0239971
0.0243716
0.0245132
0.0247763
0.0253803
0.0258498
0.0259811
0.0263196
0.0269438
0.0273192
0.0275668
0.028065
0.0285746
0.0289598
0.0294078
0.0298904
0.0303392
0.0308238
0.0313387
0.0318436
0.0323414
0.0328457
0.0333996
0.0339562
0.0344844
0.0350614
0.0356625
0.0362117
0.0368226
0.0374713
0.0380817
0.0387143
0.0393702
0.0400566
0.04073
0.0414302
0.0421305
0.0428736
0.0435947
0.0443657
0.0451322
0.0459095
0.0467128
0.0475264
0.0483776
0.0491906
0.0500829
0.0509412
0.0518533
0.052753
0.0536774
0.0546494
0.0555819
0.0565835
0.0575834
0.0585977
0.0596814
0.060713
0.061838
0.0629326
0.0638298
0.0154357
0.0158501
0.0163536
0.0168407
0.0172546
0.0175566
0.0177461
0.0178567
0.017921
0.0179497
0.0179594
0.0179766
0.0180009
0.0180364
0.0180931
0.018176
0.0183049
0.0184606
0.0186366
0.0188385
0.0190243
0.0192118
0.0194021
0.0196025
0.01984
0.0200648
0.0202944
0.0205289
0.0207579
0.0210121
0.021252
0.0214996
0.0217598
0.0220395
0.0223918
0.0227124
0.0229384
0.0232027
0.0235422
0.023964
0.0243892
0.0246087
0.0247926
0.0253078
0.025877
0.0260708
0.0262998
0.0269079
0.0273736
0.0275996
0.0280451
0.0285863
0.0289839
0.029414
0.0299038
0.0303523
0.0308287
0.0313457
0.0318547
0.0323552
0.0328522
0.0334038
0.0339692
0.034494
0.0350671
0.0356722
0.0362202
0.0368289
0.0374798
0.0380926
0.0387211
0.0393755
0.0400646
0.0407372
0.041436
0.0421367
0.0428789
0.0436004
0.0443713
0.0451359
0.0459134
0.0467172
0.0475304
0.0483797
0.0491934
0.0500864
0.0509433
0.0518548
0.0527559
0.0536798
0.054651
0.0555842
0.0565857
0.0575865
0.0586009
0.0596834
0.0607176
0.0618435
0.0629388
0.0638359
0.0154467
0.015862
0.0163621
0.0168433
0.0172542
0.0175644
0.0177607
0.0178675
0.0179258
0.0179556
0.0179669
0.0179792
0.0180074
0.0180499
0.0181158
0.0182035
0.0183289
0.018487
0.0186598
0.018861
0.0190565
0.019249
0.0194439
0.0196414
0.0198688
0.0200952
0.0203256
0.0205629
0.0207926
0.0210394
0.0212864
0.0215303
0.0217916
0.0220728
0.0223949
0.0227287
0.0229835
0.0232396
0.0235683
0.0239522
0.0243787
0.0246891
0.0248593
0.0252516
0.0258574
0.0261712
0.0263258
0.026855
0.0274107
0.0276588
0.0280304
0.0285846
0.0290118
0.0294228
0.0299149
0.0303691
0.0308346
0.0313497
0.031866
0.0323709
0.0328591
0.0334075
0.0339817
0.0345054
0.035074
0.0356829
0.0362313
0.0368359
0.0374879
0.0381042
0.0387292
0.0393821
0.0400739
0.040745
0.0414429
0.0421437
0.0428852
0.0436074
0.0443777
0.0451403
0.0459188
0.0467229
0.0475351
0.0483832
0.0491978
0.0500915
0.0509462
0.0518575
0.0527602
0.0536833
0.0546532
0.0555873
0.0565886
0.0575899
0.0586056
0.0596881
0.0607224
0.061849
0.0629444
0.0638427
0.0154637
0.0158734
0.0163664
0.0168395
0.0172422
0.0175513
0.017754
0.0178614
0.0179163
0.0179452
0.0179601
0.0179706
0.0180021
0.018055
0.0181296
0.018224
0.0183475
0.0185102
0.018684
0.0188818
0.0190826
0.019281
0.0194813
0.0196759
0.0198957
0.0201204
0.0203504
0.020587
0.02082
0.021063
0.0213111
0.0215602
0.0218164
0.0221007
0.0224078
0.0227344
0.0230195
0.0232744
0.0235891
0.0239542
0.0243509
0.024721
0.0249417
0.0252289
0.0257931
0.0262348
0.0263907
0.0267999
0.0274059
0.0277278
0.0280321
0.0285665
0.0290369
0.0294372
0.0299212
0.0303879
0.0308437
0.0313491
0.0318751
0.0323891
0.0328666
0.0334097
0.0339946
0.0345174
0.0350786
0.0356913
0.0362422
0.0368419
0.0374942
0.0381149
0.0387364
0.0393871
0.0400812
0.0407511
0.0414486
0.0421492
0.0428902
0.0436133
0.0443822
0.045143
0.0459232
0.0467274
0.0475378
0.048385
0.0492009
0.0500951
0.0509474
0.0518591
0.0527635
0.0536856
0.0546545
0.0555897
0.0565913
0.0575926
0.0586076
0.059691
0.0607269
0.0618547
0.0629502
0.0638485
0.0154973
0.0158921
0.0163702
0.0168273
0.0172156
0.0175131
0.0177129
0.01782
0.0178748
0.017905
0.0179288
0.0179476
0.0179831
0.0180467
0.0181329
0.0182406
0.0183681
0.0185344
0.018714
0.0189093
0.0191128
0.0193141
0.0195209
0.0197151
0.019929
0.0201534
0.02038
0.0206149
0.0208486
0.0210941
0.0213399
0.0215929
0.0218482
0.0221267
0.0224328
0.0227459
0.023049
0.0233195
0.0236154
0.0239753
0.0243465
0.0247269
0.0250237
0.025266
0.0257321
0.0262534
0.0264851
0.0267861
0.0273717
0.0277888
0.028064
0.0285444
0.0290521
0.0294608
0.0299259
0.0304044
0.0308608
0.0313471
0.0318793
0.0324098
0.0328777
0.0334103
0.0340057
0.0345315
0.0350834
0.0356984
0.0362559
0.0368492
0.0375001
0.0381266
0.0387458
0.0393941
0.0400901
0.0407586
0.0414564
0.0421564
0.0428971
0.0436211
0.0443877
0.0451476
0.0459302
0.046734
0.0475418
0.048389
0.0492063
0.0501004
0.05095
0.051862
0.0527684
0.0536889
0.0546566
0.0555928
0.0565947
0.057596
0.0586117
0.0596952
0.0607314
0.06186
0.0629553
0.0638545
0.0155641
0.0159416
0.0163965
0.0168242
0.0171828
0.0174506
0.0176285
0.0177225
0.0177699
0.017799
0.0178319
0.0178663
0.0179132
0.0179917
0.0180957
0.0182218
0.0183618
0.0185333
0.0187209
0.0189174
0.0191218
0.0193232
0.0195348
0.0197341
0.0199431
0.0201671
0.0203905
0.0206259
0.0208606
0.0211097
0.0213596
0.0216121
0.0218725
0.0221445
0.0224478
0.022754
0.023057
0.0233499
0.0236369
0.0239866
0.0243499
0.0247116
0.0250614
0.0253267
0.0256933
0.0262231
0.0265618
0.0268111
0.0273226
0.0278145
0.0281139
0.0285333
0.0290479
0.029486
0.0299341
0.0304127
0.030883
0.0313487
0.031874
0.0324285
0.0328946
0.0334097
0.034015
0.0345474
0.0350891
0.0357036
0.0362709
0.0368571
0.0375037
0.038137
0.0387554
0.0394001
0.040096
0.0407643
0.0414631
0.042162
0.0429025
0.0436275
0.0443905
0.0451502
0.0459361
0.0467382
0.0475433
0.0483914
0.0492108
0.0501043
0.0509511
0.0518641
0.0527727
0.0536914
0.0546579
0.0555955
0.0565978
0.0575985
0.0586149
0.0596984
0.0607356
0.0618654
0.0629604
0.0638604
0.0156618
0.0160414
0.0164896
0.016899
0.0172341
0.0174735
0.0176225
0.0176922
0.0177216
0.0177422
0.017775
0.0178205
0.0178778
0.0179661
0.0180849
0.0182288
0.0183808
0.0185521
0.0187402
0.0189367
0.0191408
0.0193417
0.0195531
0.0197606
0.0199683
0.0201876
0.020408
0.0206427
0.0208795
0.021126
0.0213815
0.0216341
0.0218969
0.0221703
0.0224656
0.0227728
0.0230712
0.0233774
0.0236718
0.0240008
0.0243615
0.0247068
0.0250718
0.0253898
0.0256981
0.0261761
0.026603
0.0268657
0.0272933
0.0278095
0.0281649
0.0285439
0.0290319
0.0295036
0.0299495
0.0304159
0.030904
0.0313615
0.031865
0.0324386
0.0329185
0.0334106
0.0340056
0.0345626
0.0350946
0.0357052
0.0362853
0.036865
0.0375049
0.0381459
0.0387668
0.0394081
0.040101
0.0407699
0.0414717
0.0421688
0.0429089
0.0436352
0.0443941
0.0451546
0.0459446
0.0467442
0.0475456
0.048395
0.0492165
0.0501086
0.0509527
0.0518667
0.0527775
0.0536943
0.0546593
0.0555985
0.0566012
0.0576016
0.0586185
0.0597023
0.0607399
0.0618697
0.0629647
0.0638653
0.0155036
0.0157921
0.0161605
0.0165136
0.016825
0.0170775
0.0172693
0.0173979
0.0174856
0.0175622
0.0176437
0.0177355
0.0178293
0.0179409
0.0180781
0.0182388
0.0184007
0.0185681
0.0187509
0.0189443
0.0191477
0.0193459
0.0195543
0.0197688
0.0199819
0.020198
0.020418
0.0206551
0.0208974
0.0211424
0.0213993
0.0216589
0.0219186
0.0221947
0.0224817
0.0227847
0.0230841
0.0233917
0.0237056
0.0240183
0.0243691
0.0247163
0.0250736
0.025437
0.0257338
0.0261437
0.0266113
0.0269238
0.0272932
0.027786
0.0281966
0.0285718
0.0290175
0.0295082
0.0299676
0.0304195
0.030917
0.0313818
0.0318593
0.0324354
0.0329447
0.0334208
0.034004
0.0345785
0.0351065
0.0357079
0.036303
0.0368771
0.0375068
0.0381548
0.0387803
0.0394188
0.0401051
0.0407742
0.0414814
0.0421764
0.042915
0.0436417
0.0443965
0.0451583
0.0459525
0.0467487
0.0475472
0.0483991
0.049223
0.0501135
0.0509547
0.05187
0.0527826
0.0536974
0.054661
0.0556014
0.0566046
0.0576041
0.0586211
0.0597056
0.0607439
0.0618756
0.0629766
0.0638725
0.0166748
0.0166661
0.0166017
0.0165531
0.0165591
0.0166264
0.0167442
0.0168889
0.0170427
0.0172079
0.0173818
0.0175598
0.0177227
0.0178768
0.0180377
0.0182148
0.0183933
0.0185662
0.0187479
0.0189379
0.0191411
0.019337
0.0195399
0.0197561
0.0199736
0.0201911
0.0204121
0.0206517
0.020897
0.0211456
0.0213988
0.0216668
0.02193
0.0222045
0.0224921
0.0227889
0.0230956
0.0234005
0.0237258
0.0240353
0.0243629
0.0247226
0.0250691
0.0254488
0.0257703
0.0261284
0.0265959
0.0269618
0.0273108
0.0277666
0.0282057
0.0286057
0.0290242
0.0295053
0.0299818
0.030427
0.0309208
0.0314051
0.0318639
0.0324217
0.0329658
0.0334417
0.0339952
0.0345862
0.0351179
0.0357059
0.036314
0.0368868
0.0375033
0.0381582
0.0387917
0.0394283
0.0401064
0.0407751
0.0414892
0.0421836
0.0429202
0.0436464
0.0443978
0.0451627
0.0459609
0.0467524
0.0475476
0.048402
0.0492275
0.0501161
0.0509553
0.0518719
0.0527864
0.0536994
0.054662
0.055604
0.0566076
0.0576067
0.0586239
0.0597089
0.0607478
0.0618795
0.0629766
0.0638752
0.0154866
0.015697
0.0159832
0.0162537
0.0164803
0.0166704
0.0168335
0.0169773
0.0171014
0.0172227
0.0173577
0.0175151
0.0176788
0.0178414
0.0180088
0.0181918
0.0183887
0.0185774
0.0187663
0.0189548
0.0191553
0.0193516
0.0195485
0.0197593
0.0199728
0.0201959
0.0204219
0.0206628
0.0209087
0.021163
0.0214158
0.0216816
0.0219531
0.0222205
0.0225079
0.0228015
0.0231097
0.0234195
0.0237415
0.0240603
0.0243689
0.0247335
0.0250874
0.0254515
0.0258062
0.0261426
0.0265784
0.0269867
0.0273333
0.0277597
0.0282034
0.0286262
0.0290452
0.0294847
0.0299863
0.0304449
0.0309179
0.0314269
0.0318834
0.0324021
0.0329797
0.033475
0.0339944
0.0345911
0.0351364
0.035712
0.0363285
0.0369045
0.037507
0.0381636
0.0388078
0.039444
0.0401111
0.0407786
0.0414996
0.0421937
0.0429286
0.0436524
0.0444
0.0451686
0.0459709
0.0467572
0.0475502
0.0484084
0.0492355
0.050122
0.0509588
0.0518766
0.0527921
0.0537031
0.0546643
0.0556069
0.056611
0.0576091
0.0586262
0.0597121
0.0607517
0.0618845
0.0629836
0.0638827
0.01676
0.016626
0.0164243
0.0162498
0.0161418
0.016122
0.0161922
0.0163465
0.0165542
0.0167905
0.0170413
0.0172988
0.0175488
0.0177729
0.0179749
0.0181691
0.0183763
0.0185758
0.0187691
0.0189537
0.019143
0.0193383
0.0195315
0.0197353
0.0199443
0.0201754
0.0204123
0.020655
0.0209028
0.0211605
0.0214189
0.0216798
0.0219566
0.0222266
0.0225099
0.0228077
0.023113
0.0234304
0.023747
0.0240672
0.0243739
0.024728
0.0251004
0.0254469
0.0258133
0.0261669
0.0265627
0.0269952
0.0273549
0.0277571
0.0282052
0.0286287
0.0290677
0.0294921
0.0299699
0.0304675
0.0309163
0.0314291
0.031913
0.0323867
0.0329743
0.0335061
0.0339925
0.0345854
0.0351471
0.0357116
0.0363322
0.036914
0.0375058
0.03816
0.0388137
0.039455
0.040112
0.0407756
0.0415044
0.0421987
0.042933
0.0436559
0.0443987
0.0451704
0.0459779
0.0467598
0.047549
0.0484096
0.0492386
0.0501236
0.0509585
0.0518775
0.0527946
0.0537043
0.0546647
0.0556085
0.056613
0.0576109
0.0586278
0.0597142
0.060754
0.0618866
0.0629845
0.0638838
0.0163205
0.0160922
0.0158238
0.0156247
0.0155328
0.01556
0.0157008
0.0159375
0.0162334
0.0165513
0.0168706
0.0171792
0.0174712
0.0177281
0.0179514
0.0181553
0.0183644
0.0185661
0.0187589
0.0189416
0.0191231
0.0193174
0.0195137
0.0197149
0.0199232
0.0201588
0.0204042
0.0206489
0.0208986
0.0211574
0.0214189
0.0216791
0.0219533
0.0222277
0.0225083
0.0228074
0.0231135
0.0234338
0.0237533
0.0240704
0.0243845
0.0247319
0.025109
0.0254562
0.0258129
0.0261851
0.0265648
0.026992
0.0273716
0.0277587
0.0282089
0.0286329
0.0290781
0.0295141
0.0299677
0.0304759
0.0309336
0.0314279
0.0319402
0.0324037
0.0329651
0.0335264
0.0340106
0.0345859
0.0351619
0.0357241
0.0363421
0.0369314
0.037518
0.0381679
0.0388241
0.0394702
0.0401242
0.0407814
0.0415132
0.0422089
0.0429414
0.0436649
0.0444048
0.0451752
0.0459867
0.0467678
0.0475545
0.0484162
0.0492465
0.0501313
0.0509644
0.0518827
0.0528004
0.0537089
0.054668
0.0556115
0.056616
0.0576132
0.0586299
0.0597167
0.0607578
0.0618917
0.0629911
0.0638915
)
;

boundaryField
{
    zeroGradientPlanes
    {
        type            zeroGradient;
    }
    inlet
    {
        type            zeroGradient;
    }
    plate
    {
        type            zeroGradient;
    }
    frontAndBack
    {
        type            empty;
    }
}


// ************************************************************************* //
