/*--------------------------------*- C++ -*----------------------------------*\
| =========                 |                                                 |
| \\      /  F ield         | OpenFOAM: The Open Source CFD Toolbox           |
|  \\    /   O peration     | Version:  v1912                                 |
|   \\  /    A nd           | Website:  www.openfoam.com                      |
|    \\/     M anipulation  |                                                 |
\*---------------------------------------------------------------------------*/
FoamFile
{
    version     2.0;
    format      ascii;
    class       volScalarField;
    location    "4.4";
    object      p;
}
// * * * * * * * * * * * * * * * * * * * * * * * * * * * * * * * * * * * * * //

dimensions      [0 2 -2 0 0 0 0];


internalField   nonuniform List<scalar> 
9600
(
-1.8473e-10
5.05823e-05
-0.00102172
0.000626078
-0.00363468
-0.00225491
0.00502529
0.00620197
0.00644176
0.00906218
0.0104598
0.0124661
0.0119576
0.0122087
0.0130698
0.014541
0.0161519
0.0185788
0.0207009
0.0268772
-6.91845e-07
8.23429e-05
-0.00101984
0.000534557
-0.00362476
-0.00205696
0.00498935
0.00620679
0.00644554
0.00905938
0.0104639
0.0124339
0.0119669
0.0121971
0.0130805
0.0145606
0.0161488
0.0185557
0.0207345
0.0262201
8.98965e-07
0.000110419
-0.00103241
0.000455075
-0.00360099
-0.00189698
0.00494598
0.00621893
0.00644689
0.00905557
0.0104671
0.0123915
0.0119807
0.0121868
0.0131052
0.0145875
0.0161342
0.0185354
0.0207224
0.0256394
4.87219e-06
0.000133524
-0.00104946
0.000397619
-0.00356288
-0.00175175
0.0049032
0.00622937
0.00644489
0.00905342
0.0104691
0.0123431
0.0119919
0.0121819
0.013135
0.0146119
0.0161112
0.0185035
0.0206888
0.0250851
1.1601e-05
0.000152905
-0.00106583
0.000366062
-0.00350388
-0.00163067
0.00486087
0.00623626
0.00644116
0.00905115
0.01047
0.0122884
0.0120011
0.0121797
0.0131671
0.0146294
0.0160835
0.0184634
0.0206365
0.0245511
2.15747e-05
0.0001686
-0.0010791
0.000367408
-0.00342277
-0.00153423
0.00482213
0.00624171
0.00643619
0.00904663
0.0104694
0.0122289
0.0120098
0.0121782
0.0132011
0.014641
0.0160551
0.0184162
0.0205623
0.0240347
3.46871e-05
0.000181538
-0.00108578
0.000399613
-0.00332385
-0.00145628
0.00479229
0.00624759
0.00643049
0.00903936
0.0104677
0.0121671
0.0120184
0.012176
0.0132362
0.0146488
0.0160253
0.0183612
0.0204647
0.02354
5.03406e-05
0.000193527
-0.00108348
0.000455004
-0.00321386
-0.00138732
0.00477492
0.00625473
0.00642481
0.00902968
0.0104653
0.012104
0.0120268
0.0121721
0.0132718
0.0146543
0.0159916
0.0182985
0.0203459
0.0230663
6.781e-05
0.000206616
-0.00107192
0.000525386
-0.00309922
-0.00131967
0.00476966
0.00626322
0.00641942
0.0090179
0.0104624
0.0120403
0.012035
0.0121655
0.0133075
0.0146579
0.0159518
0.0182295
0.0202069
0.0226074
8.65593e-05
0.000222178
-0.0010522
0.000604275
-0.00298428
-0.00124915
0.00477365
0.00627274
0.00641417
0.00900432
0.0104591
0.0119762
0.0120427
0.0121563
0.0133423
0.0146602
0.0159051
0.0181549
0.0200477
0.0221585
0.000106357
0.000240602
-0.00102587
0.000687084
-0.00287115
-0.00117443
0.0047836
0.00628308
0.00640898
0.00898914
0.0104555
0.0119114
0.01205
0.012145
0.0133745
0.0146622
0.0158507
0.0180746
0.0198705
0.0217172
0.000127187
0.000261506
-0.00099434
0.00077064
-0.00276009
-0.00109575
0.00479699
0.00629421
0.0064039
0.00897245
0.0104519
0.0118458
0.012057
0.0121323
0.0134028
0.0146652
0.0157882
0.0179876
0.0196787
0.0212807
0.000149128
0.000284168
-0.000958547
0.000852898
-0.00265003
-0.00101381
0.00481226
0.00630634
0.00639916
0.00895421
0.0104485
0.0117791
0.0120636
0.0121195
0.0134258
0.0146698
0.0157173
0.0178931
0.0194763
0.020846
0.000172297
0.000307933
-0.000919061
0.000932856
-0.00253909
-0.000929257
0.00482866
0.00631964
0.00639496
0.00893428
0.0104457
0.0117115
0.0120695
0.0121079
0.0134424
0.0146764
0.0156382
0.017789
0.019267
0.0204114
0.000196816
0.00033238
-0.00087611
0.00101041
-0.00242515
-0.000842447
0.00484592
0.00633426
0.00639143
0.00891246
0.0104437
0.011643
0.012074
0.0120985
0.0134514
0.014685
0.0155519
0.0176725
0.019055
0.0199777
0.000222827
0.000357335
-0.000829678
0.00108601
-0.00230621
-0.000753502
0.00486403
0.00635037
0.00638858
0.0088886
0.0104427
0.011574
0.0120763
0.0120925
0.013452
0.0146945
0.0154601
0.0175408
0.0188433
0.0195471
0.000250486
0.000382802
-0.000779629
0.00116026
-0.00218071
-0.000662359
0.00488314
0.00636813
0.0063864
0.00886256
0.0104427
0.011505
0.0120755
0.0120904
0.0134438
0.0147036
0.0153646
0.0173916
0.0186336
0.0191229
0.000279928
0.000408894
-0.00072572
0.00123364
-0.00204766
-0.000568838
0.00490342
0.00638776
0.00638484
0.00883423
0.0104436
0.0114366
0.0120707
0.0120924
0.0134268
0.0147106
0.0152675
0.0172238
0.0184257
0.0187096
0.000311278
0.000435762
-0.000667696
0.00130633
-0.0019067
-0.00047271
0.00492495
0.00640953
0.00638387
0.00880353
0.0104455
0.0113693
0.012061
0.012098
0.0134018
0.0147134
0.0151702
0.0170368
0.0182188
0.0183118
0.000344666
0.000463554
-0.000605384
0.00137821
-0.00175799
-0.000373751
0.00494769
0.00643371
0.00638351
0.00877033
0.0104482
0.0113039
0.0120456
0.0121065
0.0133696
0.0147103
0.0150736
0.0168315
0.0180115
0.0179344
0.000380215
0.000492376
-0.000538669
0.00144898
-0.00160209
-0.0002718
0.00497143
0.00646051
0.00638385
0.00873444
0.0104515
0.0112409
0.0120241
0.012117
0.0133307
0.0146993
0.0149789
0.016609
0.0178017
0.0175819
0.00041805
0.0005223
-0.000467522
0.00151824
-0.00143977
-0.000166735
0.0049958
0.0064902
0.00638497
0.00869558
0.0104554
0.0111808
0.011996
0.012129
0.0132853
0.0146789
0.0148873
0.0163709
0.0175864
0.0172584
0.000458278
0.000553399
-0.000391969
0.00158564
-0.00127183
-5.84092e-05
0.00502029
0.00652294
0.00638707
0.00865342
0.0104599
0.0111239
0.0119611
0.0121421
0.0132339
0.0146475
0.0148001
0.0161192
0.0173618
0.0169675
0.000500989
0.000585787
-0.00031208
0.00165097
-0.00109899
5.33336e-05
0.0050444
0.00655886
0.00639044
0.00860756
0.0104649
0.0110705
0.0119188
0.0121558
0.013177
0.0146033
0.0147191
0.015857
0.0171232
0.0167106
0.000546277
0.000619647
-0.000228007
0.00171419
-0.000921818
0.000168638
0.00506764
0.0065981
0.0063955
0.00855752
0.0104702
0.0110215
0.0118684
0.0121698
0.0131155
0.0145441
0.0146453
0.0155897
0.0168656
0.0164856
0.000594211
0.000655238
-0.000139896
0.00177546
-0.00074082
0.00028768
0.00508966
0.00664058
0.00640287
0.00850283
0.0104756
0.0109776
0.0118092
0.0121834
0.0130513
0.0144676
0.0145784
0.0153233
0.0165839
0.0162854
0.000644825
0.000692917
-4.79102e-05
0.00183507
-0.000556452
0.000410592
0.00511021
0.00668615
0.00641328
0.00844306
0.0104805
0.0109399
0.0117406
0.0121952
0.012987
0.014372
0.0145152
0.0150659
0.0162769
0.0160983
0.000698152
0.000733129
4.77275e-05
0.00189339
-0.000369142
0.000537414
0.00512919
0.00673459
0.00642752
0.00837793
0.0104838
0.0109095
0.0116623
0.0122031
0.0129253
0.0142563
0.0144508
0.0148262
0.0159487
0.0159095
0.000754184
0.000776371
0.00014683
0.00195079
-0.000179309
0.000668183
0.00514667
0.00678548
0.00644647
0.00830747
0.0104844
0.0108877
0.0115743
0.0122041
0.0128695
0.0141216
0.014379
0.0146109
0.0156091
0.0157023
0.000812873
0.000823191
0.000249222
0.00200763
1.26508e-05
0.000802867
0.00516286
0.00683822
0.00647086
0.00823202
0.0104805
0.0108755
0.0114776
0.0121948
0.012822
0.0139715
0.0142929
0.0144223
0.01527
0.0154658
0.000874172
0.000874169
0.000354697
0.00206426
0.000206356
0.000941284
0.00517817
0.0068923
0.0065012
0.00815201
0.0104706
0.0108739
0.0113737
0.0121711
0.0127847
0.0138113
0.0141862
0.014257
0.0149439
0.0152001
0.000937986
0.000929844
0.000463105
0.00212103
0.000401508
0.00108311
0.00519311
0.00694743
0.00653791
0.00806811
0.0104527
0.0108832
0.0112649
0.0121288
0.0127578
0.0136482
0.0140544
0.0141077
0.0146427
0.0149159
0.00100419
0.000990751
0.00057434
0.00217816
0.000597921
0.00122794
0.00520812
0.00700333
0.00658132
0.00798143
0.0104249
0.0109029
0.0111542
0.0120647
0.0127389
0.0134895
0.0138968
0.0139653
0.0143735
0.0146276
0.00107268
0.00105738
0.000688404
0.0022358
0.000795406
0.00137544
0.00522339
0.00705967
0.00663168
0.00789339
0.0103855
0.0109323
0.0110452
0.0119761
0.0127237
0.0133425
0.0137169
0.0138207
0.0141362
0.0143493
0.00114334
0.00113011
0.000805335
0.00229402
0.000994019
0.00152543
0.00523913
0.00711626
0.00668897
0.00780514
0.0103326
0.0109698
0.0109418
0.0118615
0.0127066
0.0132138
0.0135198
0.0136656
0.0139259
0.0140931
0.00121604
0.0012093
0.000925288
0.00235283
0.00119383
0.00167795
0.00525517
0.00717277
0.00675334
0.00771803
0.0102646
0.0110133
0.0108489
0.0117205
0.0126801
0.0131094
0.0133133
0.0134924
0.0137357
0.0138655
0.00129074
0.00129501
0.00104883
0.00241237
0.00139426
0.00183308
0.00527165
0.00722879
0.00682458
0.00763363
0.0101806
0.0110594
0.0107718
0.0115544
0.0126347
0.013033
0.0131084
0.0132958
0.0135583
0.0136676
0.00136747
0.0013871
0.00117666
0.0024728
0.00159471
0.00199086
0.00528855
0.00728429
0.00690286
0.00755327
0.01008
0.0111038
0.0107147
0.0113682
0.0125612
0.0129827
0.0129174
0.0130736
0.0133846
0.0135008
0.00144622
0.00148533
0.00130973
0.00253424
0.00179437
0.00215195
0.00530499
0.00733804
0.00698849
0.00747903
0.0099632
0.0111428
0.0106788
0.011167
0.0124531
0.0129523
0.0127538
0.0128298
0.0132026
0.0133648
0.00152716
0.00158907
0.00144915
0.00259731
0.0019918
0.00231676
0.00532144
0.00738936
0.00708075
0.0074126
0.0098304
0.0111727
0.0106672
0.0109566
0.0123028
0.0129312
0.0126301
0.0125766
0.013002
0.013256
0.00161062
0.00169771
0.00159569
0.00266244
0.00218565
0.00248612
0.00533819
0.00743687
0.00717956
0.007357
0.00968293
0.0111866
0.01068
0.0107492
0.0121048
0.0129029
0.0125521
0.0123303
0.0127776
0.0131665
0.0016969
0.00181047
0.00174998
0.00273075
0.002374
0.00266044
0.00535656
0.00747846
0.00728216
0.0073148
0.00952565
0.0111806
0.0107109
0.0105548
0.0118649
0.0128481
0.0125144
0.0121091
0.0125286
0.0130837
0.00178661
0.00192654
0.00191194
0.00280402
0.00255573
0.00283849
0.00537856
0.00751489
0.00738743
0.0072864
0.00936099
0.0111526
0.0107572
0.0103817
0.0115918
0.0127524
0.0125035
0.0119279
0.0122582
0.0129935
0.00188032
0.00204523
0.00208134
0.00288374
0.00272963
0.00302022
0.00540372
0.00754444
0.0074954
0.0072739
0.00919214
0.0110991
0.0108119
0.0102424
0.0113012
0.0126123
0.0125045
0.0118134
0.011991
0.0128202
0.00197874
0.0021658
0.00225704
0.00297264
0.00289457
0.00320338
0.00543619
0.00756657
0.00760196
0.00727961
0.00902431
0.0110184
0.0108695
0.0101417
0.0110158
0.0124391
0.0125188
0.011754
0.0117199
0.0125301
0.00208267
0.00228776
0.00243735
0.00307255
0.00305134
0.00338531
0.00547751
0.00758404
0.00770421
0.00730325
0.00886309
0.0109089
0.0109247
0.010083
0.0107413
0.0122379
0.0125393
0.0117308
0.0114575
0.0121422
0.00219277
0.00241063
0.00262051
0.00318515
0.00320107
0.0035634
0.00552798
0.00759849
0.00780063
0.0073419
0.00871399
0.010775
0.0109682
0.0100646
0.0104847
0.0119797
0.0124866
0.011698
0.0112148
0.0118049
0.00230991
0.00253434
0.00280363
0.00331245
0.00334528
0.00373397
0.0055866
0.00761127
0.00789283
0.00739475
0.00857651
0.0106214
0.0109952
0.0100755
0.0102602
0.0116951
0.0124155
0.011729
0.0110456
0.0113811
0.00243451
0.00265897
0.00298529
0.00345361
0.00348849
0.00389536
0.00565089
0.00762699
0.00797966
0.00745796
0.00845533
0.010453
0.0109971
0.0101086
0.0100758
0.0113776
0.0122628
0.0117557
0.0109465
0.0110325
0.00256716
0.00278521
0.0031627
0.00360813
0.003634
0.00404567
0.00571905
0.00764678
0.00806232
0.00753155
0.00834922
0.0102706
0.0109749
0.0101561
0.00991861
0.0110418
0.0120532
0.0117626
0.0109209
0.0107959
0.00270798
0.00291383
0.00333436
0.00377425
0.00378485
0.00418579
0.00578433
0.0076694
0.00814383
0.00761156
0.00825589
0.0100828
0.0109292
0.0102035
0.0097885
0.010717
0.0118044
0.0117448
0.010942
0.0106528
0.0028569
0.003046
0.00349887
0.00394845
0.00394583
0.0043129
0.00584048
0.00769311
0.00822523
0.00769907
0.00817796
0.00989189
0.0108527
0.0102456
0.00969948
0.0104148
0.0115225
0.0117001
0.0109859
0.0105684
0.00301386
0.00318284
0.00365498
0.00412825
0.00411874
0.00443407
0.00588756
0.00771583
0.00830726
0.00779344
0.00811367
0.0096998
0.0107517
0.0102822
0.00964591
0.0101455
0.0112182
0.011616
0.0110463
0.0105276
0.00317819
0.00332552
0.00380331
0.00430915
0.00430421
0.00455602
0.00592353
0.0077306
0.00838614
0.00789505
0.0080693
0.00951397
0.0106261
0.0103036
0.00962319
0.00992416
0.010907
0.0114754
0.0111124
0.0105379
0.00334911
0.00347524
0.0039437
0.0044872
0.00450208
0.00468124
0.00594827
0.0077315
0.00846227
0.00800665
0.0080438
0.0093335
0.0104802
0.010312
0.00962785
0.00975054
0.0106063
0.0112758
0.0111533
0.0106039
0.00352537
0.00363246
0.00406213
0.00465868
0.00470941
0.00481718
0.00596446
0.00771465
0.00852936
0.00812283
0.00803667
0.00916757
0.0103258
0.0103036
0.0096448
0.00961735
0.010338
0.0110419
0.0111334
0.0107019
0.00370567
0.00379806
0.00419731
0.00482121
0.00492222
0.00496623
0.00597688
0.00767661
0.00858018
0.00824371
0.00805379
0.00901823
0.0101617
0.0102756
0.00967157
0.0095235
0.010111
0.0108023
0.0110406
0.0107869
0.00388876
0.00397211
0.00433347
0.00497226
0.0051415
0.00513249
0.00599301
0.00761806
0.00860939
0.0083655
0.00809281
0.00888336
0.00999065
0.0102361
0.00971294
0.00946278
0.00991113
0.0105727
0.0109034
0.0108233
0.00407349
0.00415374
0.00447366
0.00511084
0.00534864
0.0053165
0.00602089
0.00754119
0.00860887
0.00848135
0.00815465
0.00876974
0.00981806
0.0101809
0.00976078
0.0094356
0.00973653
0.0103578
0.0107557
0.0108032
0.004259
0.00434137
0.00461971
0.005238
0.00554191
0.00551633
0.00607141
0.00745537
0.00857287
0.00858379
0.00824097
0.0086815
0.00964374
0.0101039
0.00980603
0.00945001
0.00960172
0.0101488
0.0106015
0.010744
0.00444452
0.00453319
0.00477226
0.00535656
0.00571794
0.00572234
0.00614923
0.0073763
0.00850339
0.00866194
0.00834637
0.00862361
0.00947248
0.0100078
0.0098403
0.00949341
0.00951877
0.00995035
0.0104334
0.0106676
0.0046294
0.0047269
0.00493141
0.0054704
0.00587586
0.00592341
0.00625146
0.0073159
0.00841263
0.00870816
0.00845874
0.00860175
0.00931392
0.00989206
0.00985529
0.0095448
0.00948819
0.00978984
0.0102554
0.0105775
0.00481309
0.00492019
0.00509661
0.00558296
0.00601608
0.0061141
0.00637309
0.00727938
0.00831532
0.00872253
0.00856488
0.00861495
0.00917826
0.0097575
0.00984862
0.00959547
0.00949126
0.009686
0.0100841
0.0104649
0.00499507
0.00511106
0.00526649
0.00569708
0.00614023
0.0062904
0.00650665
0.00726828
0.00822224
0.00871029
0.00865395
0.00865329
0.00907781
0.00961497
0.00981391
0.00964425
0.00951188
0.00963053
0.00994277
0.0103348
0.0051749
0.00529789
0.00543887
0.00581479
0.00625168
0.00644951
0.00664482
0.00728127
0.00814124
0.00867895
0.00872075
0.00870428
0.00901767
0.00948264
0.00974563
0.0096802
0.00954596
0.00960723
0.00984621
0.0102066
0.00535205
0.00547953
0.00561145
0.00593644
0.00635406
0.00659142
0.00678088
0.00731449
0.00807798
0.00863644
0.00876458
0.00875778
0.00899053
0.00937833
0.00965828
0.00968604
0.00958697
0.00960794
0.00979061
0.0101006
0.00552585
0.00565508
0.00578192
0.00606185
0.00644961
0.00671636
0.00691141
0.0073634
0.00803432
0.00859041
0.00878781
0.00880708
0.00898452
0.00930602
0.0095758
0.00966253
0.00961663
0.00962373
0.0097662
0.0100291
0.00569584
0.00582374
0.00594769
0.00619024
0.00654131
0.00682544
0.00703278
0.00742269
0.0080092
0.0085472
0.00879504
0.00884945
0.00899363
0.00925705
0.00950957
0.00962963
0.00962607
0.00964117
0.00976117
0.00999162
0.00586114
0.00598517
0.0061069
0.00631931
0.00663092
0.00692079
0.00714246
0.0074872
0.00800074
0.00851092
0.00879115
0.00888327
0.00901647
0.00922853
0.00945451
0.00960125
0.0096279
0.00965053
0.00976109
0.00997409
0.00602084
0.00613869
0.00625807
0.00644721
0.00671858
0.00700353
0.00723888
0.0075532
0.00800548
0.00848233
0.0087822
0.00890731
0.00904659
0.00922647
0.00941137
0.00957544
0.00963663
0.00966114
0.00976192
0.00996274
0.00617406
0.00628401
0.00639901
0.0065714
0.00680628
0.00707658
0.00731892
0.0076164
0.00802094
0.0084605
0.00877232
0.00892463
0.00907314
0.00924922
0.00939447
0.00955046
0.00965143
0.00968452
0.00977188
0.00995738
0.00631958
0.00642072
0.00652946
0.00668769
0.00689093
0.00714274
0.00738464
0.00767085
0.00804342
0.00844528
0.00876227
0.00894276
0.00909117
0.00928009
0.00941547
0.00954085
0.00966717
0.00972278
0.00979946
0.00996465
0.00645602
0.00654851
0.00664857
0.00679531
0.00696943
0.00719922
0.0074374
0.00771542
0.00806504
0.0084355
0.0087513
0.00896471
0.00911265
0.00930489
0.00946319
0.00956695
0.00969261
0.0097762
0.00985273
0.00999823
0.00658198
0.00666626
0.00675593
0.00689165
0.00704297
0.00724679
0.00747346
0.0077488
0.00808286
0.00842674
0.00873925
0.00898448
0.00914449
0.00933109
0.00952052
0.00963147
0.00974535
0.009851
0.00994063
0.010077
0.0066957
0.00677167
0.00685107
0.00697388
0.00710483
0.00728514
0.00749339
0.00776177
0.00809148
0.00841876
0.00872598
0.00899689
0.00918144
0.00936463
0.0095702
0.00970532
0.00980787
0.00992154
0.0100382
0.0101918
0.00679773
0.00686906
0.0069351
0.00704674
0.00715914
0.00731306
0.00749907
0.00775299
0.00808086
0.0084174
0.00874191
0.00905692
0.00931035
0.00953383
0.00975421
0.00990343
0.00996956
0.0100051
0.0100381
0.0100994
0.00688749
0.00694187
0.00699768
0.00708213
0.00718005
0.00731324
0.00747027
0.00769237
0.00795897
0.00823332
0.00854401
0.0088986
0.00925671
0.00961222
0.00994872
0.0102491
0.0105248
0.0108057
0.011099
0.0113522
0.00696863
0.00703791
0.00707644
0.0071598
0.00723234
0.00733294
0.0074742
0.00771273
0.008037
0.00837307
0.00872333
0.00909562
0.00940919
0.00969139
0.00995428
0.0101275
0.0102021
0.0101999
0.0101822
0.01019
0.00699902
0.00703605
0.00706406
0.00712921
0.00720195
0.00730557
0.00745482
0.00769184
0.00800869
0.00836079
0.00869235
0.00904907
0.00939714
0.00970386
0.0100536
0.0104129
0.0107496
0.0110514
0.0113151
0.0115181
0.00711598
0.00718004
0.00717882
0.00718284
0.00718524
0.00721058
0.00729123
0.00748657
0.00778024
0.00817283
0.00861145
0.00905132
0.00951183
0.00990134
0.0102512
0.010576
0.0108416
0.0110401
0.0111711
0.0112402
0.0291336
0.021845
0.0131313
0.00711767
0.00567449
0.00659094
0.00774023
0.008713
0.00955354
0.0101663
0.01046
0.0105722
0.0106927
0.0108059
0.0109348
0.0112662
0.0117207
0.0120478
0.0122997
0.0125642
0.0127746
0.0130214
0.0133763
0.0137166
0.0140031
0.0143533
0.0147761
0.015161
0.0155275
0.015922
0.0163327
0.0167316
0.017078
0.017483
0.0179417
0.018327
0.0186881
0.0190104
0.0191594
0.0193355
0.0197866
0.0203099
0.020662
0.0210229
0.021529
0.0220153
0.0224399
0.02293
0.0234845
0.0240157
0.0245801
0.0250527
0.0252162
0.0251631
0.0252409
0.0258156
0.0268621
0.0277877
0.0283932
0.0289438
0.029442
0.0298551
0.0303793
0.0310419
0.0316143
0.0321473
0.0325926
0.0331266
0.0339008
0.0346056
0.0352149
0.0358849
0.0366391
0.0373532
0.0380845
0.0388203
0.0395862
0.0404053
0.0412517
0.0419846
0.0426898
0.0435185
0.0444174
0.0453391
0.0462758
0.047225
0.0480712
0.0489373
0.0499055
0.0509057
0.051844
0.0528503
0.0539049
0.0549194
0.0559633
0.057072
0.0581161
0.059164
0.0601918
0.0611061
0.0283131
0.0217084
0.0132267
0.00726902
0.00575994
0.00662964
0.00776372
0.00872976
0.00956678
0.0101777
0.0104699
0.0105805
0.0106998
0.0108118
0.0109393
0.0112698
0.0117242
0.012051
0.0123025
0.0125668
0.0127769
0.0130232
0.013378
0.0137183
0.0140046
0.0143546
0.0147775
0.0151624
0.0155288
0.0159231
0.0163338
0.0167327
0.0170791
0.0174839
0.0179427
0.0183279
0.0186891
0.0190115
0.0191604
0.0193361
0.0197873
0.0203108
0.0206629
0.0210236
0.0215297
0.0220161
0.0224406
0.0229306
0.023485
0.0240162
0.0245806
0.0250533
0.025217
0.0251637
0.0252413
0.0258158
0.0268624
0.0277882
0.0283936
0.0289441
0.0294424
0.0298555
0.0303795
0.0310421
0.0316147
0.0321476
0.0325929
0.0331268
0.033901
0.0346059
0.0352151
0.0358851
0.0366393
0.0373534
0.0380846
0.0388205
0.0395864
0.0404055
0.0412519
0.0419848
0.04269
0.0435186
0.0444175
0.0453392
0.046276
0.0472252
0.0480714
0.0489375
0.0499056
0.0509058
0.0518441
0.0528504
0.0539049
0.0549195
0.0559633
0.0570721
0.0581162
0.0591641
0.0601919
0.0611063
0.0275952
0.0215545
0.0133977
0.00754268
0.00590911
0.00668253
0.00778806
0.00874707
0.00958042
0.0101886
0.010479
0.0105887
0.0107075
0.0108187
0.0109448
0.011274
0.0117278
0.012054
0.0123051
0.0125693
0.012779
0.0130248
0.0133796
0.0137198
0.0140058
0.0143557
0.0147786
0.0151635
0.0155297
0.0159241
0.0163348
0.0167337
0.0170799
0.0174846
0.0179436
0.0183287
0.0186898
0.0190125
0.0191612
0.0193364
0.0197878
0.0203116
0.0206636
0.021024
0.0215303
0.0220167
0.0224411
0.022931
0.0234855
0.0240166
0.0245811
0.0250541
0.0252176
0.0251641
0.0252413
0.0258157
0.0268627
0.0277888
0.028394
0.0289445
0.0294428
0.0298557
0.0303797
0.0310424
0.031615
0.0321479
0.0325931
0.0331269
0.0339011
0.0346061
0.0352152
0.0358852
0.0366395
0.0373536
0.0380848
0.0388206
0.0395865
0.0404056
0.0412521
0.041985
0.0426901
0.0435187
0.0444176
0.0453393
0.0462761
0.0472253
0.0480715
0.0489375
0.0499057
0.0509059
0.0518442
0.0528505
0.053905
0.0549196
0.0559634
0.0570722
0.0581163
0.0591641
0.060192
0.0611065
0.0268983
0.0213806
0.0136109
0.00789678
0.00612634
0.00676594
0.00782824
0.00877533
0.00960062
0.0102021
0.0104892
0.0105982
0.0107175
0.0108292
0.0109545
0.0112816
0.0117333
0.0120582
0.0123088
0.0125731
0.0127823
0.0130275
0.0133819
0.0137217
0.0140073
0.014357
0.0147799
0.0151647
0.0155307
0.0159251
0.0163357
0.0167347
0.0170809
0.0174855
0.0179446
0.0183296
0.0186907
0.0190137
0.019162
0.0193366
0.0197883
0.0203126
0.0206643
0.0210245
0.0215309
0.0220174
0.0224416
0.0229315
0.0234859
0.024017
0.0245818
0.025055
0.0252184
0.0251644
0.0252411
0.0258153
0.0268632
0.0277896
0.0283944
0.0289448
0.0294432
0.029856
0.0303798
0.0310427
0.0316153
0.0321482
0.0325933
0.0331269
0.0339013
0.0346064
0.0352154
0.0358853
0.0366396
0.0373538
0.0380849
0.0388208
0.0395866
0.0404057
0.0412522
0.0419851
0.0426902
0.0435188
0.0444178
0.0453394
0.0462762
0.0472254
0.0480716
0.0489376
0.0499058
0.050906
0.0518443
0.0528505
0.0539051
0.0549196
0.0559635
0.0570723
0.0581164
0.0591642
0.0601922
0.0611068
0.0262007
0.0211903
0.0138382
0.00827595
0.00637165
0.0068652
0.00787767
0.00881185
0.00962693
0.0102187
0.0105009
0.0106094
0.0107301
0.0108441
0.0109699
0.0112938
0.0117412
0.0120637
0.0123141
0.0125788
0.0127879
0.0130323
0.0133856
0.0137246
0.0140097
0.014359
0.0147817
0.0151662
0.0155319
0.015926
0.0163365
0.0167356
0.0170819
0.0174866
0.0179457
0.0183306
0.0186917
0.019015
0.0191628
0.0193366
0.0197887
0.0203136
0.020665
0.0210249
0.0215315
0.0220181
0.0224422
0.0229321
0.0234865
0.0240175
0.0245827
0.0250561
0.0252192
0.0251647
0.0252407
0.0258149
0.0268637
0.0277905
0.0283949
0.0289452
0.0294437
0.0298563
0.03038
0.031043
0.0316157
0.0321486
0.0325935
0.0331269
0.0339016
0.0346068
0.0352156
0.0358855
0.0366398
0.037354
0.0380851
0.0388209
0.0395868
0.0404058
0.0412525
0.0419853
0.0426902
0.0435189
0.0444179
0.0453395
0.0462763
0.0472256
0.0480717
0.0489377
0.0499059
0.0509061
0.0518444
0.0528506
0.0539052
0.0549197
0.0559635
0.0570724
0.0581165
0.0591643
0.0601924
0.0611072
0.0255149
0.0209867
0.0140581
0.00865667
0.00662908
0.00697128
0.0079298
0.00885199
0.00965705
0.0102376
0.0105141
0.0106221
0.0107447
0.0108626
0.0109903
0.0113103
0.0117515
0.0120705
0.0123206
0.0125863
0.012796
0.0130396
0.0133912
0.0137291
0.0140136
0.0143621
0.0147841
0.0151682
0.0155335
0.0159271
0.0163371
0.0167362
0.0170828
0.0174876
0.0179467
0.0183316
0.018693
0.0190167
0.019164
0.0193369
0.0197893
0.0203147
0.0206659
0.0210252
0.021532
0.0220188
0.0224429
0.0229327
0.0234871
0.0240181
0.0245838
0.0250574
0.02522
0.0251649
0.0252403
0.0258144
0.0268643
0.0277916
0.0283954
0.0289456
0.0294443
0.0298566
0.0303802
0.0310434
0.0316161
0.0321491
0.0325938
0.0331269
0.0339019
0.0346072
0.0352157
0.0358856
0.0366401
0.0373541
0.0380853
0.0388211
0.0395869
0.040406
0.0412527
0.0419856
0.0426903
0.043519
0.044418
0.0453395
0.0462765
0.0472258
0.0480719
0.0489377
0.049906
0.0509063
0.0518445
0.0528507
0.0539054
0.0549198
0.0559636
0.0570725
0.0581167
0.0591645
0.0601926
0.0611077
0.024851
0.0207637
0.0142574
0.00903301
0.00689766
0.00708395
0.00798295
0.00889355
0.00968984
0.0102588
0.0105288
0.0106359
0.0107606
0.0108832
0.0110138
0.0113296
0.0117633
0.0120783
0.0123281
0.0125951
0.0128061
0.0130493
0.0133989
0.0137354
0.0140193
0.0143666
0.0147875
0.015171
0.0155358
0.0159286
0.0163377
0.0167364
0.0170835
0.0174885
0.0179473
0.0183322
0.0186942
0.0190186
0.0191655
0.0193375
0.0197901
0.020316
0.020667
0.0210258
0.0215324
0.0220193
0.0224434
0.0229331
0.0234875
0.0240188
0.0245854
0.0250591
0.0252209
0.0251653
0.0252398
0.0258139
0.026865
0.0277928
0.0283959
0.028946
0.0294449
0.0298571
0.0303804
0.0310439
0.0316167
0.0321496
0.0325941
0.0331269
0.0339023
0.0346076
0.035216
0.0358858
0.0366403
0.0373544
0.0380855
0.0388214
0.0395871
0.0404061
0.0412529
0.0419858
0.0426904
0.0435192
0.0444182
0.0453396
0.0462766
0.0472261
0.048072
0.0489378
0.0499061
0.0509064
0.0518446
0.0528508
0.0539055
0.0549199
0.0559637
0.0570726
0.0581168
0.0591646
0.0601929
0.0611084
0.0242081
0.0205159
0.0144345
0.00940759
0.00717966
0.00720398
0.00803619
0.00893518
0.00972469
0.0102824
0.0105452
0.0106509
0.0107775
0.010905
0.0110389
0.0113505
0.0117763
0.0120868
0.0123362
0.0126044
0.0128172
0.0130604
0.013408
0.0137433
0.0140267
0.0143725
0.0147919
0.0151748
0.0155389
0.0159307
0.0163385
0.0167366
0.017084
0.017489
0.0179473
0.0183321
0.0186951
0.0190204
0.0191672
0.0193386
0.0197915
0.0203179
0.0206688
0.0210267
0.0215328
0.0220198
0.022444
0.0229331
0.0234872
0.0240193
0.0245872
0.025061
0.0252221
0.0251659
0.0252396
0.0258134
0.0268658
0.027794
0.0283963
0.0289463
0.0294456
0.0298576
0.0303807
0.0310444
0.0316174
0.0321503
0.0325944
0.0331271
0.0339028
0.0346081
0.0352163
0.0358861
0.0366406
0.0373546
0.0380857
0.0388216
0.0395874
0.0404062
0.0412531
0.041986
0.0426905
0.0435193
0.0444184
0.0453397
0.0462768
0.0472264
0.0480722
0.0489378
0.0499063
0.0509066
0.0518447
0.0528509
0.0539057
0.05492
0.0559638
0.0570727
0.058117
0.0591648
0.0601932
0.0611091
0.0235851
0.0202494
0.0145936
0.00978025
0.00747315
0.00733069
0.00808895
0.00897626
0.00976139
0.0103086
0.0105635
0.0106671
0.0107953
0.0109276
0.0110649
0.0113724
0.0117901
0.0120959
0.0123447
0.0126142
0.0128288
0.0130722
0.0134179
0.0137522
0.0140355
0.0143796
0.0147971
0.0151793
0.0155428
0.0159334
0.0163398
0.0167371
0.0170846
0.0174892
0.0179466
0.0183313
0.0186952
0.0190217
0.0191689
0.0193401
0.0197933
0.0203203
0.0206714
0.0210284
0.0215335
0.0220206
0.0224447
0.0229328
0.0234861
0.0240189
0.0245887
0.0250628
0.0252234
0.025167
0.0252399
0.0258133
0.0268669
0.0277952
0.0283965
0.0289465
0.0294463
0.0298582
0.030381
0.0310449
0.0316181
0.0321511
0.0325949
0.0331273
0.0339034
0.0346088
0.0352167
0.0358866
0.0366411
0.0373548
0.0380859
0.038822
0.0395877
0.0404064
0.0412533
0.0419863
0.0426906
0.0435195
0.0444186
0.0453398
0.046277
0.0472267
0.0480724
0.0489379
0.0499064
0.0509068
0.0518448
0.052851
0.0539058
0.0549202
0.0559639
0.0570727
0.0581172
0.059165
0.0601935
0.06111
0.0229863
0.0199724
0.0147329
0.0101449
0.00777546
0.00746528
0.00814226
0.00901671
0.00979968
0.0103374
0.0105839
0.0106846
0.0108138
0.0109509
0.0110919
0.0113952
0.0118047
0.0121057
0.0123538
0.0126244
0.0128407
0.0130844
0.0134283
0.0137618
0.0140453
0.0143877
0.0148029
0.0151843
0.0155472
0.0159366
0.0163416
0.0167382
0.0170855
0.0174891
0.0179452
0.0183298
0.0186944
0.0190219
0.0191698
0.0193415
0.0197956
0.0203231
0.0206746
0.0210309
0.0215349
0.0220218
0.022446
0.0229327
0.0234842
0.0240173
0.0245891
0.0250638
0.0252243
0.0251684
0.0252409
0.025814
0.0268685
0.0277966
0.0283965
0.0289464
0.0294469
0.0298588
0.0303813
0.0310453
0.0316189
0.0321521
0.0325955
0.0331278
0.0339042
0.0346096
0.0352173
0.0358872
0.0366416
0.0373552
0.0380862
0.0388224
0.0395881
0.0404066
0.0412536
0.0419865
0.0426907
0.0435198
0.0444188
0.0453398
0.0462773
0.047227
0.0480726
0.048938
0.0499066
0.0509071
0.051845
0.0528512
0.0539061
0.0549203
0.055964
0.0570728
0.0581175
0.0591652
0.0601938
0.061111
0.0224158
0.019688
0.0148464
0.0104967
0.00808698
0.00761082
0.00819757
0.00905625
0.00983897
0.0103688
0.0106065
0.0107034
0.0108331
0.0109749
0.0111197
0.011419
0.0118201
0.0121161
0.0123634
0.0126351
0.0128531
0.0130969
0.013439
0.0137719
0.0140558
0.0143965
0.0148091
0.0151897
0.0155521
0.0159401
0.0163437
0.0167396
0.0170869
0.017489
0.0179433
0.0183277
0.0186931
0.0190212
0.0191698
0.0193425
0.0197981
0.0203261
0.020678
0.021034
0.021537
0.0220235
0.0224479
0.022933
0.023482
0.0240143
0.0245877
0.025063
0.0252239
0.0251696
0.0252425
0.0258157
0.0268711
0.0277985
0.0283964
0.028946
0.0294474
0.0298594
0.0303814
0.0310454
0.0316196
0.0321531
0.0325962
0.0331284
0.0339052
0.0346105
0.0352181
0.035888
0.0366424
0.0373557
0.0380867
0.038823
0.0395887
0.0404068
0.0412538
0.0419869
0.0426909
0.0435201
0.044419
0.0453398
0.0462775
0.0472274
0.0480728
0.0489381
0.0499068
0.0509073
0.0518451
0.0528514
0.0539063
0.0549205
0.0559642
0.0570729
0.0581179
0.0591655
0.0601942
0.0611122
0.0218729
0.0193973
0.0149315
0.0108343
0.00840876
0.00776987
0.00825607
0.00909457
0.00987859
0.0104027
0.0106317
0.010724
0.0108534
0.0109997
0.0111484
0.0114438
0.0118364
0.0121271
0.0123735
0.0126463
0.0128659
0.0131099
0.0134502
0.0137823
0.0140668
0.014406
0.0148157
0.0151953
0.0155573
0.0159441
0.0163459
0.0167413
0.0170887
0.0174889
0.0179409
0.0183251
0.0186912
0.0190195
0.0191686
0.0193426
0.0198008
0.0203293
0.0206814
0.0210372
0.0215396
0.0220257
0.0224501
0.0229336
0.0234796
0.02401
0.0245844
0.0250601
0.0252215
0.0251694
0.0252437
0.025818
0.0268752
0.0278014
0.0283963
0.0289452
0.0294476
0.0298599
0.0303814
0.0310452
0.03162
0.0321538
0.0325968
0.0331292
0.0339063
0.0346114
0.035219
0.0358892
0.0366434
0.0373564
0.0380873
0.0388237
0.0395893
0.0404071
0.0412542
0.0419873
0.0426913
0.0435205
0.0444191
0.0453396
0.0462778
0.0472279
0.048073
0.0489382
0.049907
0.0509075
0.0518452
0.0528516
0.0539066
0.0549207
0.0559644
0.0570729
0.0581183
0.059166
0.0601946
0.0611135
0.0213549
0.0191041
0.0149891
0.0111558
0.00873993
0.00794441
0.00831933
0.00913176
0.009918
0.0104388
0.0106596
0.0107464
0.0108749
0.0110253
0.0111782
0.0114697
0.0118536
0.0121388
0.0123843
0.0126581
0.0128794
0.0131235
0.0134618
0.0137931
0.0140782
0.0144161
0.0148227
0.0152012
0.0155628
0.0159483
0.0163481
0.016743
0.0170906
0.0174889
0.0179381
0.0183221
0.0186889
0.0190171
0.0191664
0.0193418
0.0198034
0.0203328
0.0206846
0.0210402
0.0215424
0.0220283
0.0224526
0.0229345
0.0234769
0.0240043
0.0245787
0.0250547
0.0252169
0.0251672
0.0252434
0.02582
0.0268803
0.0278056
0.0283966
0.028944
0.0294475
0.0298603
0.0303813
0.0310448
0.03162
0.0321542
0.0325972
0.03313
0.0339075
0.0346123
0.03522
0.0358905
0.0366446
0.0373574
0.0380882
0.0388248
0.0395901
0.0404072
0.0412544
0.041988
0.0426919
0.0435211
0.0444192
0.0453393
0.0462779
0.0472283
0.0480732
0.0489383
0.0499073
0.0509078
0.0518453
0.0528518
0.0539069
0.0549209
0.0559646
0.057073
0.0581188
0.0591665
0.060195
0.061115
0.0208594
0.0188135
0.0150205
0.0114578
0.0090783
0.00813643
0.00838954
0.00916836
0.00995667
0.0104767
0.0106904
0.0107712
0.0108976
0.0110518
0.0112089
0.0114966
0.0118717
0.0121511
0.0123958
0.0126707
0.0128935
0.0131376
0.0134739
0.0138044
0.0140902
0.0144268
0.0148301
0.0152072
0.0155686
0.0159529
0.0163504
0.0167446
0.0170926
0.0174892
0.017935
0.0183186
0.0186861
0.0190141
0.0191633
0.0193402
0.0198055
0.0203367
0.0206876
0.0210427
0.021545
0.0220312
0.0224553
0.0229354
0.0234738
0.023997
0.0245704
0.0250466
0.0252102
0.0251631
0.025241
0.0258201
0.0268852
0.0278107
0.0283973
0.0289424
0.0294468
0.0298603
0.030381
0.0310443
0.0316198
0.0321542
0.0325972
0.0331308
0.0339088
0.0346132
0.0352209
0.035892
0.036646
0.0373585
0.0380895
0.0388262
0.0395911
0.0404072
0.0412545
0.0419886
0.0426928
0.0435222
0.0444195
0.0453387
0.046278
0.0472288
0.0480735
0.0489384
0.0499075
0.050908
0.0518454
0.052852
0.0539072
0.0549211
0.0559649
0.0570729
0.0581194
0.0591671
0.0601954
0.0611166
0.0203831
0.0185296
0.0150281
0.0117363
0.00942094
0.00834772
0.00846906
0.00920513
0.00999413
0.0105158
0.0107239
0.0107984
0.0109218
0.0110792
0.0112404
0.0115246
0.0118908
0.0121642
0.0124079
0.012684
0.0129083
0.0131524
0.0134866
0.0138161
0.0141028
0.0144381
0.0148381
0.0152134
0.0155746
0.0159578
0.0163528
0.0167461
0.0170946
0.0174898
0.0179316
0.0183147
0.0186828
0.0190107
0.0191596
0.0193383
0.0198071
0.0203407
0.0206907
0.0210449
0.021547
0.0220341
0.0224579
0.0229363
0.0234702
0.0239884
0.0245592
0.0250357
0.0252017
0.0251578
0.0252366
0.0258175
0.0268884
0.0278156
0.028398
0.0289403
0.0294455
0.02986
0.0303806
0.0310438
0.0316195
0.0321537
0.0325968
0.0331315
0.0339103
0.0346141
0.0352218
0.0358934
0.0366474
0.0373597
0.0380909
0.038828
0.0395925
0.0404072
0.0412542
0.0419891
0.0426939
0.0435236
0.04442
0.045338
0.0462777
0.047229
0.0480737
0.0489386
0.0499078
0.0509081
0.0518455
0.0528522
0.0539074
0.0549212
0.0559652
0.0570728
0.05812
0.0591679
0.0601959
0.0611185
0.0199217
0.0182556
0.0150152
0.0119876
0.00976401
0.0085791
0.00856
0.00924286
0.0100299
0.0105551
0.01076
0.0108284
0.0109477
0.0111075
0.0112728
0.0115537
0.011911
0.0121781
0.0124206
0.0126981
0.0129239
0.0131679
0.0134999
0.0138284
0.014116
0.0144501
0.0148467
0.0152199
0.0155809
0.0159629
0.0163553
0.0167475
0.0170968
0.0174907
0.0179282
0.0183106
0.0186791
0.019007
0.0191558
0.0193367
0.0198081
0.0203447
0.020694
0.021047
0.0215484
0.022037
0.0224605
0.022937
0.0234663
0.0239787
0.0245456
0.0250222
0.0251922
0.0251523
0.0252315
0.0258123
0.0268886
0.0278192
0.0283981
0.0289375
0.0294433
0.0298591
0.0303799
0.0310432
0.0316192
0.032153
0.032596
0.0331318
0.0339118
0.034615
0.0352225
0.0358947
0.0366488
0.0373608
0.0380923
0.03883
0.0395942
0.0404071
0.0412534
0.0419891
0.042695
0.0435255
0.0444208
0.0453372
0.0462772
0.0472291
0.0480738
0.0489389
0.0499082
0.0509083
0.0518455
0.0528524
0.0539077
0.0549214
0.0559655
0.0570726
0.0581207
0.0591687
0.0601965
0.0611205
0.0194713
0.0179934
0.0149868
0.0122085
0.0101027
0.00883005
0.00866418
0.00928244
0.0100635
0.0105939
0.0107981
0.0108612
0.0109757
0.0111369
0.0113061
0.0115839
0.0119322
0.0121927
0.0124342
0.0127129
0.0129402
0.013184
0.0135138
0.0138412
0.0141299
0.0144629
0.0148559
0.0152268
0.0155875
0.0159683
0.016358
0.016749
0.0170992
0.0174919
0.0179251
0.0183063
0.0186749
0.0190033
0.0191527
0.0193365
0.0198089
0.0203481
0.0206975
0.0210494
0.0215492
0.0220395
0.0224629
0.0229376
0.0234622
0.0239688
0.0245305
0.0250067
0.0251822
0.025146
0.0252275
0.0258057
0.0268852
0.0278204
0.0283974
0.0289338
0.0294402
0.0298579
0.0303791
0.0310425
0.0316188
0.0321523
0.0325951
0.033132
0.0339134
0.034616
0.0352231
0.035896
0.0366501
0.0373619
0.0380935
0.038832
0.0395961
0.040407
0.0412522
0.0419886
0.0426956
0.0435274
0.0444221
0.0453364
0.0462763
0.0472288
0.0480738
0.0489391
0.0499086
0.0509084
0.0518455
0.0528525
0.0539079
0.0549215
0.0559658
0.0570723
0.0581213
0.0591694
0.060197
0.0611227
0.0190283
0.0177434
0.0149483
0.0123969
0.0104315
0.00909847
0.00878321
0.00932496
0.0100947
0.010631
0.0108375
0.010897
0.011006
0.0111676
0.0113404
0.0116151
0.0119544
0.0122082
0.0124485
0.0127286
0.0129571
0.0132007
0.0135283
0.0138545
0.0141443
0.0144763
0.0148657
0.0152341
0.0155944
0.0159739
0.0163609
0.0167507
0.017102
0.0174936
0.0179224
0.0183018
0.0186705
0.0189995
0.0191509
0.0193386
0.0198099
0.0203509
0.0207012
0.0210524
0.0215497
0.0220415
0.0224652
0.0229381
0.0234581
0.0239595
0.0245149
0.0249902
0.0251724
0.0251444
0.0252268
0.0258
0.026879
0.0278187
0.0283955
0.0289295
0.0294363
0.0298565
0.0303784
0.0310417
0.0316183
0.0321518
0.0325946
0.0331323
0.0339149
0.0346171
0.0352238
0.0358972
0.0366514
0.0373629
0.0380946
0.0388338
0.0395979
0.040407
0.0412504
0.0419876
0.0426957
0.0435291
0.0444234
0.0453355
0.0462749
0.047228
0.0480735
0.0489393
0.0499091
0.0509086
0.0518454
0.0528527
0.0539082
0.0549215
0.0559661
0.057072
0.0581218
0.0591702
0.0601975
0.061125
0.0185906
0.0175045
0.014905
0.0125526
0.0107445
0.00938076
0.00891853
0.00937188
0.0101238
0.0106657
0.0108775
0.0109356
0.0110391
0.0111997
0.0113755
0.0116473
0.0119775
0.0122245
0.0124637
0.0127451
0.0129748
0.0132181
0.0135435
0.0138684
0.0141592
0.0144902
0.014876
0.0152418
0.0156017
0.0159797
0.0163641
0.0167527
0.0171052
0.0174957
0.0179202
0.0182973
0.0186659
0.0189959
0.019151
0.0193438
0.0198121
0.0203527
0.0207052
0.0210564
0.0215501
0.022043
0.0224672
0.0229385
0.0234543
0.0239512
0.0244998
0.0249736
0.0251636
0.0251462
0.0252313
0.0257979
0.0268716
0.0278145
0.0283926
0.0289249
0.029432
0.0298554
0.0303782
0.0310407
0.0316173
0.0321513
0.0325948
0.0331331
0.0339163
0.0346181
0.0352246
0.0358985
0.0366527
0.0373638
0.0380956
0.0388354
0.0395994
0.0404067
0.0412481
0.0419861
0.0426952
0.0435303
0.0444248
0.0453346
0.0462731
0.0472269
0.048073
0.0489395
0.0499098
0.0509087
0.0518453
0.0528529
0.0539084
0.0549216
0.0559665
0.0570717
0.0581224
0.0591708
0.060198
0.0611274
0.0181568
0.0172736
0.0148619
0.012677
0.011036
0.00967239
0.0090713
0.00942495
0.0101515
0.0106976
0.0109172
0.0109766
0.011075
0.0112336
0.0114117
0.0116806
0.0120015
0.0122417
0.01248
0.0127626
0.0129933
0.0132363
0.0135594
0.0138829
0.0141746
0.0145046
0.0148867
0.0152501
0.0156094
0.0159858
0.0163676
0.0167549
0.0171089
0.0174982
0.0179186
0.0182928
0.0186612
0.0189921
0.0191534
0.0193526
0.0198158
0.0203536
0.0207095
0.0210615
0.0215508
0.0220439
0.0224692
0.0229387
0.0234509
0.0239442
0.0244857
0.0249576
0.0251562
0.0251518
0.0252424
0.0258018
0.0268649
0.0278083
0.028389
0.0289202
0.0294277
0.0298549
0.0303787
0.0310396
0.0316159
0.0321511
0.032596
0.0331352
0.0339176
0.0346189
0.0352257
0.0359001
0.036654
0.0373647
0.0380966
0.0388368
0.0396004
0.0404061
0.0412454
0.0419841
0.0426944
0.0435309
0.0444258
0.0453338
0.0462709
0.0472252
0.0480722
0.0489395
0.0499104
0.0509088
0.0518451
0.052853
0.0539087
0.0549216
0.0559668
0.0570714
0.058123
0.0591715
0.0601985
0.0611299
0.0177264
0.0170459
0.014823
0.0127736
0.0113006
0.00996846
0.00924237
0.00948606
0.0101791
0.0107267
0.0109555
0.0110193
0.0111137
0.0112695
0.0114493
0.0117151
0.0120265
0.0122599
0.0124972
0.0127809
0.0130128
0.0132552
0.0135759
0.0138979
0.0141906
0.0145195
0.0148977
0.0152588
0.0156177
0.0159921
0.0163714
0.0167574
0.0171129
0.0175012
0.0179175
0.0182886
0.0186565
0.0189884
0.0191581
0.019365
0.0198216
0.020354
0.0207141
0.0210676
0.021552
0.0220442
0.0224712
0.0229389
0.0234481
0.0239388
0.024473
0.0249421
0.0251501
0.025161
0.0252606
0.0258132
0.0268607
0.0278011
0.028385
0.0289156
0.0294236
0.0298553
0.0303802
0.0310385
0.0316139
0.0321509
0.0325984
0.0331388
0.033919
0.0346196
0.0352272
0.0359019
0.0366553
0.0373656
0.0380977
0.0388381
0.0396012
0.0404052
0.0412421
0.0419798
0.0426934
0.0435311
0.0444267
0.0453332
0.0462683
0.0472231
0.0480711
0.0489395
0.0499111
0.050909
0.0518448
0.0528531
0.053909
0.0549216
0.0559672
0.0570711
0.0581235
0.0591722
0.060199
0.0611324
0.017301
0.016815
0.0147909
0.0128479
0.0115341
0.0102639
0.00943207
0.00955711
0.0102077
0.0107532
0.0109919
0.0110629
0.0111551
0.0113077
0.0114886
0.0117509
0.0120524
0.0122789
0.0125154
0.0128003
0.0130332
0.013275
0.0135931
0.0139135
0.014207
0.0145347
0.0149089
0.015268
0.0156264
0.0159987
0.0163754
0.0167602
0.0171171
0.0175045
0.0179166
0.0182846
0.0186519
0.0189849
0.0191648
0.0193803
0.0198292
0.0203539
0.0207189
0.0210747
0.0215538
0.0220443
0.0224734
0.0229392
0.0234459
0.0239353
0.0244614
0.0249274
0.025145
0.0251733
0.0252863
0.0258324
0.0268602
0.0277934
0.0283805
0.0289111
0.0294199
0.0298564
0.0303827
0.0310373
0.0316115
0.0321506
0.0326019
0.0331441
0.0339203
0.0346199
0.0352291
0.035904
0.0366566
0.0373665
0.0380988
0.0388395
0.0396018
0.0404042
0.0412387
0.0419775
0.0426926
0.0435311
0.0444273
0.0453331
0.0462657
0.0472207
0.0480698
0.0489395
0.0499117
0.0509091
0.0518446
0.0528531
0.0539093
0.0549216
0.0559675
0.0570708
0.058124
0.059173
0.0601997
0.061135
0.0168844
0.0165742
0.0147662
0.0129066
0.0117336
0.0105537
0.00964002
0.00963992
0.0102387
0.0107781
0.0110259
0.0111064
0.0111988
0.0113483
0.0115298
0.0117883
0.0120793
0.0122988
0.0125345
0.0128207
0.0130546
0.0132957
0.013611
0.0139297
0.0142239
0.0145504
0.0149204
0.0152776
0.0156356
0.0160057
0.0163797
0.0167633
0.0171215
0.0175081
0.017916
0.018281
0.0186475
0.0189815
0.019173
0.0193977
0.0198382
0.0203537
0.0207238
0.0210824
0.0215561
0.0220442
0.0224758
0.0229397
0.0234442
0.0239393
0.0244508
0.0249132
0.0251407
0.025188
0.0253168
0.0258585
0.0268634
0.0277854
0.0283755
0.0289066
0.0294164
0.029858
0.0303857
0.0310362
0.0316089
0.0321501
0.0326065
0.033151
0.0339217
0.0346199
0.0352315
0.0359065
0.0366579
0.0373675
0.0381001
0.038841
0.0396026
0.0404032
0.0412353
0.0419755
0.0426923
0.0435313
0.044428
0.0453336
0.0462633
0.0472181
0.0480684
0.0489395
0.0499122
0.0509093
0.0518445
0.0528531
0.0539096
0.0549217
0.0559679
0.0570704
0.0581244
0.0591739
0.0602007
0.0611377
0.0164832
0.0163169
0.0147467
0.0129575
0.0118982
0.010832
0.00986486
0.00973605
0.0102732
0.0108027
0.0110577
0.0111489
0.011244
0.0113912
0.0115731
0.0118276
0.0121074
0.0123195
0.0125546
0.012842
0.0130771
0.0133173
0.0136296
0.0139466
0.0142414
0.0145666
0.0149323
0.0152877
0.0156453
0.0160132
0.0163842
0.0167665
0.0171261
0.0175119
0.0179156
0.0182775
0.0186434
0.0189786
0.0191823
0.0194163
0.0198481
0.0203536
0.0207291
0.0210907
0.0215588
0.0220441
0.0224786
0.0229405
0.0234427
0.0239369
0.0244408
0.0248993
0.0251369
0.0252043
0.0253512
0.0258898
0.0268695
0.0277771
0.0283699
0.028902
0.0294129
0.0298597
0.0303892
0.0310351
0.0316062
0.0321495
0.0326119
0.0331593
0.0339233
0.0346197
0.0352343
0.0359093
0.0366592
0.0373684
0.0381016
0.0388426
0.0396036
0.0404023
0.0412322
0.0419738
0.0426927
0.0435318
0.0444287
0.0453347
0.0462611
0.0472156
0.0480671
0.0489398
0.0499126
0.0509095
0.0518444
0.052853
0.0539098
0.0549217
0.0559683
0.05707
0.0581247
0.059175
0.0602019
0.0611406
0.0161069
0.0160381
0.0147264
0.0130095
0.0120298
0.0110926
0.0101041
0.00984701
0.0103121
0.0108281
0.0110879
0.0111897
0.0112897
0.0114361
0.0116189
0.0118691
0.012137
0.012341
0.0125754
0.0128644
0.0131007
0.0133397
0.013649
0.0139641
0.0142593
0.0145834
0.0149448
0.0152981
0.0156554
0.0160211
0.016389
0.0167699
0.0171309
0.017516
0.0179151
0.0182744
0.0186395
0.0189762
0.019192
0.0194352
0.0198584
0.0203538
0.0207345
0.0210993
0.0215617
0.022044
0.0224815
0.0229414
0.0234413
0.0239332
0.0244311
0.0248858
0.0251335
0.0252215
0.0253879
0.0259246
0.0268778
0.0277687
0.0283638
0.0288976
0.0294095
0.0298616
0.0303928
0.031034
0.0316036
0.0321489
0.032618
0.0331686
0.033925
0.0346194
0.0352375
0.0359123
0.0366605
0.0373695
0.0381031
0.0388442
0.0396049
0.0404017
0.0412296
0.0419727
0.0426941
0.0435329
0.0444297
0.0453364
0.0462594
0.0472131
0.048066
0.0489405
0.0499128
0.0509097
0.0518447
0.0528528
0.0539098
0.0549217
0.0559688
0.0570694
0.058125
0.0591762
0.0602033
0.0611436
0.0157663
0.0157388
0.0146961
0.0130694
0.0121331
0.0113288
0.0103542
0.0099745
0.0103563
0.0108554
0.0111178
0.0112285
0.0113349
0.0114825
0.011667
0.0119132
0.0121684
0.0123635
0.0125968
0.0128876
0.0131253
0.0133631
0.0136693
0.0139824
0.0142777
0.0146007
0.0149578
0.0153091
0.015666
0.0160295
0.0163942
0.0167735
0.0171359
0.0175202
0.0179148
0.0182714
0.0186359
0.0189742
0.0192018
0.0194538
0.0198687
0.0203543
0.0207401
0.021108
0.0215647
0.0220442
0.0224845
0.0229423
0.0234397
0.0239292
0.0244216
0.0248726
0.0251304
0.0252392
0.0254259
0.0259612
0.0268875
0.0277601
0.0283571
0.0288927
0.0294062
0.0298635
0.0303964
0.0310329
0.0316011
0.0321482
0.0326246
0.0331785
0.033927
0.0346191
0.0352409
0.0359155
0.0366619
0.0373707
0.0381047
0.0388459
0.0396064
0.0404014
0.0412275
0.0419724
0.0426965
0.0435347
0.044431
0.0453385
0.0462582
0.0472107
0.0480653
0.0489415
0.0499129
0.0509098
0.0518452
0.0528528
0.0539097
0.0549217
0.0559693
0.0570689
0.0581251
0.0591776
0.0602051
0.0611467
0.0154717
0.0154281
0.0146449
0.0131392
0.012216
0.011535
0.0106101
0.0101203
0.0104065
0.0108849
0.0111491
0.0112655
0.0113782
0.0115294
0.0117174
0.0119601
0.0122019
0.0123871
0.0126191
0.0129116
0.0131507
0.0133872
0.0136905
0.0140014
0.0142966
0.0146185
0.0149714
0.0153204
0.0156771
0.0160385
0.0163996
0.0167772
0.017141
0.0175247
0.0179146
0.0182685
0.0186326
0.0189728
0.0192115
0.0194719
0.0198789
0.0203554
0.0207459
0.0211167
0.0215678
0.0220445
0.0224874
0.0229434
0.0234378
0.023925
0.0244124
0.0248597
0.0251275
0.0252571
0.0254642
0.0259985
0.0268977
0.0277515
0.0283501
0.0288877
0.0294029
0.0298657
0.0304
0.0310319
0.0315986
0.0321475
0.0326315
0.0331887
0.0339293
0.034619
0.0352445
0.0359189
0.0366634
0.037372
0.0381064
0.0388476
0.0396082
0.0404014
0.0412259
0.0419727
0.0427
0.0435371
0.0444326
0.0453408
0.0462574
0.0472085
0.0480649
0.0489431
0.049913
0.0509098
0.051846
0.052853
0.0539094
0.0549216
0.0559699
0.0570683
0.0581252
0.0591792
0.0602071
0.0611501
0.0152276
0.0151203
0.0145627
0.0132151
0.0122893
0.011708
0.0108639
0.0102858
0.0104636
0.0109163
0.0111838
0.0113017
0.0114189
0.0115757
0.0117695
0.01201
0.012238
0.012412
0.0126422
0.0129364
0.013177
0.0134123
0.0137125
0.0140212
0.014316
0.0146372
0.0149857
0.0153321
0.0156886
0.016048
0.0164054
0.0167812
0.0171464
0.0175294
0.0179146
0.0182659
0.0186295
0.0189718
0.0192211
0.0194894
0.019889
0.0203569
0.0207519
0.0211256
0.0215709
0.0220448
0.0224904
0.0229446
0.0234356
0.0239205
0.0244033
0.0248473
0.025125
0.025275
0.0255022
0.0260356
0.0269082
0.0277431
0.0283428
0.0288826
0.0293996
0.029868
0.0304035
0.031031
0.0315963
0.032147
0.0326385
0.0331988
0.0339318
0.0346191
0.0352482
0.0359224
0.0366649
0.0373733
0.0381082
0.0388493
0.0396101
0.0404018
0.0412246
0.0419736
0.0427044
0.0435403
0.0444345
0.0453432
0.046257
0.0472063
0.048065
0.0489451
0.0499133
0.0509096
0.0518471
0.0528533
0.053909
0.0549216
0.0559705
0.0570678
0.0581253
0.0591809
0.0602093
0.0611535
0.0150281
0.0148337
0.0144455
0.0132865
0.0123645
0.0118493
0.0111063
0.0104708
0.0105298
0.0109484
0.011223
0.0113395
0.0114567
0.0116202
0.0118226
0.0120625
0.012277
0.012439
0.0126663
0.012962
0.013204
0.0134382
0.0137356
0.0140418
0.0143359
0.0146563
0.0150009
0.0153443
0.0157006
0.0160579
0.0164114
0.0167854
0.0171521
0.0175343
0.0179147
0.0182633
0.0186268
0.0189715
0.0192306
0.0195062
0.0198989
0.0203591
0.0207582
0.0211344
0.0215741
0.0220452
0.0224934
0.0229458
0.0234332
0.0239157
0.0243945
0.0248353
0.0251228
0.025293
0.0255398
0.0260721
0.0269187
0.0277348
0.0283352
0.0288774
0.0293964
0.0298703
0.030407
0.0310302
0.031594
0.0321466
0.0326456
0.0332087
0.0339346
0.0346196
0.0352519
0.0359259
0.0366666
0.0373749
0.03811
0.0388512
0.0396121
0.0404024
0.0412236
0.041975
0.0427095
0.043544
0.0444368
0.0453455
0.0462568
0.0472043
0.0480653
0.0489477
0.0499137
0.0509092
0.0518484
0.0528538
0.0539085
0.0549215
0.0559712
0.0570673
0.0581254
0.0591829
0.0602118
0.0611571
0.0148592
0.0145852
0.0143007
0.0133404
0.0124478
0.0119653
0.011328
0.0106718
0.0106088
0.0109802
0.0112667
0.0113814
0.0114919
0.0116617
0.0118761
0.0121173
0.0123189
0.0124682
0.0126917
0.0129883
0.0132319
0.0134649
0.0137595
0.0140633
0.0143563
0.0146761
0.0150167
0.015357
0.0157131
0.0160686
0.016418
0.0167899
0.0171578
0.0175394
0.0179151
0.0182609
0.0186243
0.0189718
0.0192401
0.0195222
0.0199086
0.0203617
0.0207646
0.0211433
0.0215774
0.0220456
0.0224964
0.0229471
0.0234304
0.0239107
0.0243859
0.0248237
0.0251211
0.0253109
0.0255766
0.0261077
0.0269293
0.027727
0.0283277
0.0288721
0.0293931
0.0298727
0.0304103
0.0310294
0.0315919
0.0321466
0.0326528
0.0332185
0.0339376
0.0346203
0.0352558
0.0359295
0.0366683
0.0373765
0.0381119
0.0388532
0.0396141
0.0404032
0.0412229
0.0419767
0.042715
0.0435481
0.0444393
0.0453478
0.0462568
0.0472023
0.0480659
0.0489506
0.0499143
0.0509087
0.0518499
0.0528545
0.053908
0.0549214
0.0559719
0.0570668
0.0581254
0.0591849
0.0602145
0.0611608
0.0147014
0.0143817
0.0141447
0.0133653
0.0125355
0.0120666
0.0115234
0.0108814
0.0107048
0.0110121
0.0113128
0.0114302
0.0115259
0.0116986
0.0119288
0.0121743
0.0123639
0.0125
0.0127184
0.0130153
0.0132606
0.0134927
0.0137844
0.0140856
0.0143774
0.0146966
0.0150333
0.0153701
0.0157258
0.0160797
0.0164252
0.0167947
0.0171639
0.0175448
0.0179158
0.0182586
0.0186221
0.0189726
0.0192493
0.0195375
0.0199183
0.020365
0.0207713
0.0211522
0.0215807
0.0220461
0.0224995
0.0229485
0.0234275
0.0239056
0.0243775
0.0248128
0.0251197
0.0253288
0.0256128
0.0261424
0.0269399
0.0277195
0.0283202
0.0288668
0.0293899
0.029875
0.0304135
0.0310287
0.03159
0.0321468
0.0326599
0.0332281
0.0339408
0.0346212
0.0352597
0.0359331
0.0366702
0.0373782
0.038114
0.0388552
0.0396162
0.0404042
0.0412222
0.0419785
0.0427207
0.0435526
0.044442
0.0453499
0.0462569
0.0472003
0.0480666
0.0489537
0.049915
0.0509081
0.0518516
0.0528553
0.0539074
0.0549213
0.0559726
0.0570664
0.0581254
0.0591871
0.0602173
0.0611646
0.0145336
0.014215
0.0139977
0.0133586
0.012616
0.0121645
0.0116935
0.0110887
0.0108195
0.0110471
0.0113588
0.0114874
0.0115619
0.0117304
0.0119789
0.0122326
0.0124119
0.0125353
0.0127472
0.0130429
0.0132899
0.0135215
0.0138101
0.0141086
0.0143993
0.0147178
0.0150509
0.015384
0.0157391
0.0160913
0.0164327
0.0167998
0.0171702
0.0175504
0.0179168
0.0182564
0.0186203
0.0189741
0.0192586
0.019552
0.0199278
0.0203687
0.0207782
0.0211612
0.0215842
0.0220466
0.0225025
0.0229499
0.0234244
0.0239003
0.0243694
0.0248024
0.0251187
0.0253466
0.0256481
0.0261762
0.0269505
0.0277126
0.0283127
0.0288613
0.0293866
0.0298772
0.0304165
0.0310281
0.0315883
0.0321473
0.032667
0.0332375
0.0339441
0.0346224
0.0352636
0.0359369
0.0366721
0.03738
0.0381162
0.0388573
0.0396183
0.0404053
0.0412217
0.0419804
0.0427265
0.0435572
0.0444448
0.0453519
0.0462571
0.0471984
0.0480673
0.048957
0.0499158
0.0509075
0.0518533
0.0528562
0.0539069
0.0549213
0.0559732
0.0570661
0.0581255
0.0591895
0.0602204
0.0611685
0.014344
0.0140688
0.0138752
0.0133307
0.0126766
0.0122628
0.0118452
0.0112832
0.0109501
0.0110905
0.0114025
0.0115522
0.0116041
0.0117577
0.0120245
0.0122911
0.0124621
0.0125737
0.0127786
0.0130717
0.0133203
0.0135515
0.0138365
0.014132
0.0144218
0.0147399
0.0150693
0.0153985
0.0157529
0.0161037
0.0164409
0.0168053
0.0171764
0.0175562
0.0179182
0.0182546
0.0186187
0.0189762
0.0192678
0.0195659
0.0199371
0.0203729
0.0207854
0.0211703
0.0215877
0.0220472
0.0225056
0.0229515
0.023421
0.0238949
0.0243617
0.0247927
0.0251181
0.0253642
0.0256826
0.0262089
0.0269611
0.0277062
0.0283054
0.0288559
0.0293834
0.0298794
0.0304194
0.0310274
0.0315868
0.0321481
0.0326741
0.0332468
0.0339476
0.0346238
0.0352677
0.0359407
0.0366742
0.037382
0.0381184
0.0388595
0.0396205
0.0404065
0.0412212
0.0419823
0.0427323
0.043562
0.0444477
0.0453537
0.0462574
0.0471965
0.048068
0.0489604
0.0499167
0.0509069
0.0518551
0.0528571
0.0539064
0.0549212
0.0559739
0.0570659
0.0581255
0.0591919
0.0602237
0.0611725
0.0141355
0.0139226
0.0137775
0.0132989
0.0127095
0.0123532
0.0119879
0.0114607
0.0110889
0.0111472
0.0114442
0.0116212
0.0116561
0.0117828
0.0120639
0.0123489
0.0125144
0.0126149
0.0128125
0.0131016
0.0133516
0.0135833
0.0138642
0.0141559
0.0144447
0.0147627
0.0150886
0.0154136
0.015767
0.0161165
0.0164498
0.0168114
0.0171832
0.0175621
0.01792
0.0182529
0.0186173
0.018979
0.0192771
0.019579
0.0199461
0.0203777
0.0207929
0.0211793
0.0215913
0.0220478
0.0225088
0.0229533
0.0234176
0.0238895
0.0243544
0.0247837
0.0251179
0.0253816
0.0257161
0.0262406
0.0269716
0.0277004
0.0282983
0.0288504
0.0293802
0.0298813
0.0304221
0.0310268
0.0315855
0.0321491
0.0326811
0.0332559
0.0339512
0.0346254
0.0352718
0.0359446
0.0366764
0.0373841
0.0381208
0.0388617
0.0396227
0.0404077
0.0412208
0.0419842
0.0427381
0.0435668
0.0444506
0.0453555
0.0462576
0.0471947
0.0480686
0.0489638
0.0499176
0.0509063
0.0518569
0.052858
0.053906
0.0549211
0.0559745
0.0570657
0.0581255
0.0591944
0.0602272
0.0611766
0.0139211
0.0137606
0.0136903
0.0132814
0.0127211
0.0124222
0.0121274
0.0116261
0.0112262
0.0112183
0.0114876
0.0116903
0.011719
0.0118098
0.0120959
0.0124046
0.012569
0.0126586
0.0128492
0.0131331
0.0133834
0.0136162
0.0138932
0.0141804
0.0144683
0.0147864
0.015109
0.0154294
0.0157815
0.0161299
0.0164591
0.0168177
0.0171901
0.0175684
0.0179226
0.0182519
0.0186162
0.0189822
0.0192864
0.0195913
0.0199549
0.020383
0.0208007
0.0211884
0.021595
0.0220486
0.022512
0.0229551
0.0234141
0.0238841
0.0243475
0.0247753
0.0251181
0.0253989
0.0257485
0.0262712
0.0269822
0.0276951
0.0282915
0.0288448
0.029377
0.0298832
0.0304246
0.0310262
0.0315845
0.0321503
0.032688
0.0332649
0.0339549
0.0346273
0.035276
0.0359486
0.0366787
0.0373863
0.0381233
0.038864
0.039625
0.040409
0.0412205
0.0419862
0.0427438
0.0435717
0.0444535
0.0453573
0.0462579
0.0471929
0.0480691
0.0489671
0.0499186
0.0509058
0.0518586
0.0528589
0.0539056
0.054921
0.0559751
0.0570657
0.0581255
0.0591971
0.060231
0.0611808
0.0137148
0.0135819
0.0135944
0.0132841
0.0127283
0.0124582
0.0122567
0.0117882
0.0113567
0.0112994
0.0115384
0.0117578
0.0117908
0.0118428
0.0121201
0.0124558
0.0126262
0.0127045
0.0128882
0.0131672
0.0134166
0.0136504
0.0139232
0.0142049
0.0144918
0.0148112
0.0151308
0.0154461
0.0157966
0.0161441
0.0164693
0.0168246
0.0171971
0.0175745
0.0179255
0.0182514
0.0186156
0.0189862
0.019296
0.0196032
0.0199635
0.0203887
0.0208088
0.0211974
0.0215988
0.0220495
0.0225154
0.0229572
0.0234105
0.0238787
0.0243411
0.0247678
0.0251187
0.025416
0.02578
0.0263006
0.0269926
0.0276905
0.0282849
0.0288394
0.0293738
0.0298849
0.030427
0.0310256
0.0315837
0.0321518
0.0326949
0.0332738
0.0339588
0.0346293
0.0352802
0.0359527
0.0366812
0.0373886
0.0381259
0.0388664
0.0396272
0.0404103
0.0412203
0.0419881
0.0427494
0.0435765
0.0444564
0.0453591
0.0462582
0.0471912
0.0480696
0.0489704
0.0499195
0.0509053
0.0518604
0.0528598
0.0539052
0.054921
0.0559757
0.0570657
0.0581256
0.0591999
0.060235
0.0611851
0.0135281
0.0133986
0.0134719
0.013294
0.0127524
0.012463
0.0123595
0.0119539
0.0114847
0.011382
0.0115982
0.0118258
0.0118685
0.0118852
0.0121386
0.0124996
0.0126857
0.0127527
0.0129279
0.0132037
0.0134517
0.0136863
0.0139554
0.0142304
0.0145152
0.014836
0.0151533
0.0154635
0.015812
0.0161589
0.0164804
0.0168322
0.0172046
0.0175812
0.0179289
0.0182512
0.018615
0.0189905
0.0193057
0.0196146
0.019972
0.0203948
0.0208172
0.0212066
0.0216027
0.0220503
0.0225188
0.0229594
0.023407
0.0238734
0.0243353
0.024761
0.0251198
0.0254327
0.0258103
0.0263289
0.027003
0.0276865
0.0282786
0.028834
0.0293707
0.0298866
0.0304293
0.031025
0.0315831
0.0321535
0.0327017
0.0332825
0.0339628
0.0346317
0.0352846
0.035957
0.0366839
0.037391
0.0381286
0.0388689
0.0396296
0.0404117
0.0412202
0.0419901
0.0427549
0.0435814
0.0444592
0.0453608
0.0462586
0.0471895
0.04807
0.0489737
0.0499205
0.0509048
0.0518621
0.0528607
0.0539049
0.0549209
0.0559762
0.0570658
0.0581256
0.0592028
0.0602393
0.0611896
0.0133673
0.0132237
0.0133172
0.0132893
0.0128065
0.0124546
0.0124194
0.0121188
0.0116213
0.0114603
0.0116627
0.0118978
0.0119503
0.0119381
0.012155
0.0125338
0.0127468
0.0128049
0.0129671
0.0132416
0.0134894
0.013723
0.0139889
0.0142574
0.0145391
0.0148617
0.0151774
0.0154819
0.0158275
0.016174
0.0164921
0.01684
0.0172122
0.0175882
0.0179334
0.0182521
0.018615
0.0189952
0.0193156
0.0196255
0.0199802
0.0204011
0.0208259
0.021216
0.0216069
0.0220514
0.0225224
0.0229619
0.0234035
0.0238682
0.02433
0.024755
0.0251213
0.0254492
0.0258395
0.0263561
0.0270133
0.0276831
0.0282728
0.0288286
0.0293676
0.0298881
0.0304314
0.0310244
0.0315828
0.0321554
0.0327085
0.0332912
0.033967
0.0346343
0.0352891
0.0359613
0.0366867
0.0373936
0.0381314
0.0388714
0.039632
0.040413
0.0412202
0.041992
0.0427604
0.0435863
0.0444621
0.0453626
0.046259
0.047188
0.0480703
0.0489769
0.0499215
0.0509044
0.0518638
0.0528617
0.0539047
0.0549209
0.0559767
0.0570661
0.0581257
0.0592057
0.0602439
0.0611942
0.0132376
0.0130681
0.0131387
0.0132464
0.0128828
0.0124579
0.0124306
0.0122652
0.0117777
0.0115385
0.0117238
0.011975
0.0120363
0.0120003
0.0121732
0.0125577
0.0128064
0.0128629
0.013006
0.0132793
0.0135306
0.0137619
0.0140234
0.0142852
0.0145625
0.0148869
0.0152028
0.0155019
0.0158438
0.01619
0.016505
0.0168487
0.01722
0.0175951
0.0179379
0.0182535
0.0186155
0.0190006
0.019326
0.0196362
0.0199884
0.0204078
0.0208347
0.0212255
0.021611
0.0220524
0.0225261
0.0229646
0.0234003
0.0238632
0.0243252
0.0247498
0.0251231
0.0254653
0.0258675
0.026382
0.0270234
0.0276804
0.0282674
0.0288235
0.0293646
0.0298896
0.0304333
0.0310238
0.0315828
0.0321576
0.0327151
0.0332997
0.0339714
0.0346372
0.0352936
0.0359658
0.0366896
0.0373963
0.0381343
0.0388741
0.0396344
0.0404144
0.0412202
0.041994
0.0427657
0.0435912
0.044465
0.0453643
0.0462594
0.0471865
0.0480706
0.0489801
0.0499225
0.050904
0.0518655
0.0528626
0.0539046
0.054921
0.0559772
0.0570665
0.0581259
0.0592087
0.0602487
0.0611989
0.0131443
0.0129384
0.0129497
0.0131469
0.0129551
0.0124974
0.0124097
0.0123731
0.0119554
0.01163
0.0117739
0.0120526
0.0121282
0.0120712
0.0121972
0.0125725
0.0128604
0.0129274
0.0130469
0.0133143
0.0135743
0.0138043
0.0140593
0.0143149
0.0145867
0.0149116
0.0152285
0.0155225
0.0158601
0.0162063
0.0165188
0.0168584
0.0172287
0.0176028
0.0179435
0.0182558
0.0186161
0.0190059
0.0193364
0.0196468
0.0199965
0.0204148
0.0208439
0.0212353
0.0216155
0.0220535
0.0225298
0.0229675
0.023397
0.0238585
0.0243212
0.0247455
0.0251254
0.0254811
0.0258943
0.0264068
0.0270335
0.0276784
0.0282624
0.0288185
0.0293617
0.0298911
0.0304352
0.0310233
0.0315831
0.03216
0.0327217
0.0333082
0.0339759
0.0346404
0.0352983
0.0359704
0.0366927
0.0373991
0.0381373
0.0388768
0.0396368
0.0404158
0.0412204
0.0419961
0.042771
0.0435961
0.0444678
0.0453661
0.0462599
0.0471852
0.0480708
0.0489832
0.0499236
0.0509037
0.0518672
0.0528636
0.0539045
0.054921
0.0559775
0.057067
0.0581261
0.0592118
0.0602538
0.0612038
0.0130964
0.0128419
0.0127633
0.0129878
0.0129893
0.0125747
0.0123841
0.0124283
0.0121384
0.0117514
0.0118169
0.0121221
0.0122248
0.0121499
0.01223
0.0125823
0.0129043
0.0129971
0.0130937
0.0133454
0.0136176
0.0138514
0.0140967
0.0143451
0.0146124
0.0149369
0.0152554
0.0155449
0.0158774
0.0162229
0.016533
0.0168685
0.0172374
0.0176103
0.0179495
0.0182592
0.0186178
0.0190119
0.019347
0.019657
0.0200043
0.0204219
0.0208531
0.0212451
0.0216201
0.0220548
0.0225338
0.0229708
0.0233941
0.0238539
0.0243177
0.0247419
0.025128
0.0254965
0.02592
0.0264305
0.0270435
0.027677
0.0282579
0.0288137
0.0293589
0.0298925
0.030437
0.0310227
0.0315836
0.0321626
0.0327282
0.0333165
0.0339807
0.0346438
0.035303
0.035975
0.036696
0.037402
0.0381405
0.0388796
0.0396394
0.0404173
0.0412207
0.0419982
0.0427762
0.043601
0.0444707
0.0453679
0.0462604
0.0471839
0.0480709
0.0489862
0.0499247
0.0509034
0.0518688
0.0528645
0.0539045
0.0549212
0.0559779
0.0570676
0.0581264
0.059215
0.0602591
0.0612089
0.0131024
0.0127896
0.0125905
0.0127824
0.0129586
0.0126713
0.0123829
0.0124319
0.0122996
0.0119093
0.0118681
0.0121758
0.0123207
0.0122362
0.0122743
0.0125929
0.0129353
0.0130669
0.0131507
0.0133746
0.0136561
0.0139028
0.0141385
0.0143755
0.0146383
0.0149622
0.0152819
0.0155682
0.0158959
0.0162407
0.0165485
0.0168799
0.0172471
0.0176184
0.017956
0.0182632
0.0186199
0.019018
0.0193581
0.0196677
0.0200123
0.0204293
0.0208627
0.0212552
0.0216249
0.022056
0.0225378
0.0229744
0.0233913
0.0238497
0.0243151
0.0247392
0.025131
0.0255114
0.0259444
0.0264529
0.0270534
0.0276762
0.028254
0.0288093
0.0293561
0.029894
0.0304387
0.0310223
0.0315845
0.0321655
0.0327347
0.0333247
0.0339857
0.0346475
0.0353077
0.0359799
0.0366995
0.0374051
0.0381438
0.0388825
0.039642
0.0404188
0.0412211
0.0420004
0.0427812
0.0436059
0.0444735
0.0453696
0.046261
0.0471827
0.048071
0.0489891
0.0499258
0.0509032
0.0518705
0.0528655
0.0539046
0.0549213
0.0559781
0.0570683
0.0581269
0.0592182
0.0602648
0.0612141
0.0131587
0.0127916
0.0124447
0.0125489
0.0128593
0.012766
0.0124317
0.012407
0.012406
0.0120867
0.0119455
0.012215
0.012405
0.0123268
0.0123318
0.0126114
0.0129541
0.0131291
0.0132193
0.0134073
0.013686
0.0139555
0.0141875
0.0144065
0.014664
0.0149893
0.015309
0.0155915
0.0159148
0.0162586
0.0165642
0.0168918
0.0172574
0.0176271
0.0179633
0.0182686
0.018623
0.0190244
0.0193691
0.0196782
0.0200202
0.0204367
0.0208725
0.0212658
0.02163
0.0220574
0.0225421
0.0229784
0.0233888
0.0238456
0.0243131
0.0247375
0.0251343
0.025526
0.0259677
0.0264742
0.0270631
0.027676
0.0282506
0.0288051
0.0293535
0.0298954
0.0304404
0.0310218
0.0315855
0.0321686
0.032741
0.0333327
0.0339908
0.0346515
0.0353126
0.0359848
0.0367031
0.0374083
0.0381471
0.0388854
0.0396448
0.0404203
0.0412217
0.0420026
0.0427863
0.0436107
0.0444764
0.0453714
0.0462617
0.0471817
0.048071
0.048992
0.049927
0.0509031
0.0518721
0.0528665
0.0539047
0.0549216
0.0559784
0.0570692
0.0581274
0.0592215
0.0602707
0.0612196
0.0131748
0.0128318
0.0123523
0.0123293
0.0127079
0.0128412
0.0125478
0.0123899
0.0124429
0.0122537
0.0120613
0.0122539
0.0124697
0.0124139
0.0124006
0.0126441
0.0129665
0.0131757
0.0132953
0.01345
0.0137063
0.0140034
0.0142456
0.0144411
0.0146868
0.0150171
0.0153381
0.0156152
0.0159347
0.0162782
0.0165809
0.0169041
0.0172681
0.0176359
0.0179707
0.0182745
0.0186266
0.019031
0.0193806
0.019689
0.0200281
0.020444
0.0208823
0.0212764
0.0216353
0.0220586
0.0225464
0.0229829
0.0233868
0.023842
0.0243119
0.0247366
0.0251379
0.02554
0.0259899
0.0264944
0.0270728
0.0276765
0.0282477
0.0288013
0.0293511
0.029897
0.0304422
0.0310214
0.0315869
0.032172
0.0327473
0.0333406
0.0339962
0.0346558
0.0353175
0.0359898
0.036707
0.0374117
0.0381506
0.0388885
0.0396477
0.040422
0.0412224
0.0420049
0.0427912
0.0436155
0.0444793
0.0453732
0.0462625
0.0471808
0.048071
0.0489947
0.0499283
0.050903
0.0518737
0.0528675
0.0539049
0.0549219
0.0559785
0.0570702
0.0581282
0.0592247
0.0602768
0.0612253
0.013075
0.0128661
0.0123303
0.0121676
0.0125383
0.0128862
0.0127211
0.0124273
0.0124273
0.0123778
0.0122087
0.0123132
0.0125191
0.0124904
0.0124758
0.0126974
0.012984
0.0132043
0.0133706
0.0135099
0.0137237
0.0140399
0.0143105
0.0144842
0.0147066
0.0150438
0.0153705
0.0156388
0.0159532
0.0162989
0.0165991
0.0169172
0.0172796
0.0176459
0.0179792
0.0182818
0.0186313
0.0190378
0.0193921
0.0197001
0.0200363
0.0204515
0.0208924
0.0212876
0.0216411
0.02206
0.0225507
0.0229878
0.023385
0.0238385
0.0243115
0.0247368
0.025142
0.0255536
0.026011
0.0265134
0.0270823
0.0276775
0.0282454
0.028798
0.0293488
0.0298985
0.030444
0.0310211
0.0315884
0.0321758
0.0327535
0.0333483
0.0340018
0.0346604
0.0353225
0.035995
0.0367111
0.0374152
0.0381542
0.0388916
0.0396507
0.0404238
0.0412232
0.0420074
0.0427961
0.0436203
0.0444822
0.045375
0.0462633
0.04718
0.048071
0.0489974
0.0499296
0.050903
0.0518753
0.0528685
0.0539052
0.0549224
0.0559787
0.0570713
0.0581292
0.059228
0.0602832
0.0612312
0.0128541
0.0128795
0.0123677
0.0120718
0.0123775
0.0128869
0.0129156
0.0125374
0.0123921
0.0124315
0.0123604
0.0124056
0.0125677
0.0125513
0.0125466
0.0127665
0.013018
0.0132188
0.0134337
0.0135864
0.0137472
0.0140609
0.0143759
0.0145408
0.0147259
0.0150655
0.0154069
0.015666
0.0159706
0.0163202
0.0166193
0.0169308
0.0172913
0.0176563
0.0179881
0.0182899
0.0186369
0.0190451
0.0194042
0.0197117
0.0200443
0.0204588
0.0209024
0.0212991
0.0216474
0.0220615
0.0225551
0.0229934
0.023384
0.0238354
0.0243117
0.0247378
0.0251463
0.0255667
0.0260311
0.0265314
0.0270918
0.0276793
0.0282437
0.028795
0.0293467
0.0299001
0.030446
0.0310209
0.0315901
0.0321798
0.0327597
0.0333558
0.0340076
0.0346653
0.0353275
0.0360002
0.0367154
0.0374189
0.0381579
0.0388947
0.0396539
0.0404257
0.0412241
0.0420099
0.042801
0.0436251
0.0444851
0.0453769
0.0462642
0.0471793
0.048071
0.049
0.0499309
0.050903
0.0518768
0.0528696
0.0539055
0.054923
0.0559788
0.0570725
0.0581304
0.0592314
0.0602898
0.0612374
0.0126741
0.0129132
0.0124518
0.0120443
0.0122467
0.0128312
0.0130762
0.0127098
0.0123785
0.0124197
0.0124749
0.0125217
0.0126313
0.0126028
0.0125989
0.0128386
0.0130759
0.0132303
0.0134724
0.0136693
0.013786
0.0140687
0.0144307
0.0146108
0.0147514
0.0150791
0.0154436
0.0156987
0.0159862
0.0163392
0.0166422
0.0169462
0.0173027
0.017667
0.0179979
0.0182993
0.0186433
0.0190518
0.0194159
0.0197236
0.0200526
0.0204661
0.0209126
0.0213108
0.0216539
0.022063
0.0225594
0.0229993
0.0233834
0.0238326
0.0243126
0.0247398
0.025151
0.0255794
0.0260502
0.0265484
0.027101
0.0276815
0.0282425
0.0287925
0.0293449
0.0299018
0.030448
0.0310209
0.031592
0.0321841
0.0327659
0.0333631
0.0340135
0.0346706
0.0353327
0.0360055
0.0367199
0.0374229
0.0381618
0.0388979
0.0396572
0.0404278
0.0412251
0.0420124
0.0428059
0.0436298
0.0444881
0.0453788
0.0462652
0.0471788
0.048071
0.0490025
0.0499324
0.0509032
0.0518783
0.0528707
0.0539058
0.0549236
0.0559789
0.0570738
0.0581318
0.0592347
0.0602966
0.0612439
0.0123064
0.0128544
0.0125669
0.0120935
0.0121645
0.0127382
0.0131728
0.0129188
0.0124391
0.0123773
0.0125278
0.0126391
0.0127277
0.0126645
0.0126326
0.0128988
0.0131595
0.0132594
0.0134886
0.0137458
0.013848
0.0140748
0.0144683
0.0146888
0.0147904
0.0150856
0.0154751
0.01574
0.0160044
0.016354
0.0166662
0.0169646
0.0173144
0.0176776
0.0180083
0.0183098
0.0186508
0.0190591
0.0194284
0.0197364
0.020061
0.0204729
0.0209226
0.021323
0.021661
0.0220647
0.0225639
0.0230059
0.0233837
0.0238303
0.0243142
0.0247426
0.025156
0.0255915
0.0260684
0.0265645
0.0271101
0.0276845
0.0282419
0.0287905
0.0293435
0.0299035
0.0304502
0.031021
0.0315941
0.0321887
0.0327722
0.0333702
0.0340195
0.0346762
0.0353379
0.0360109
0.0367246
0.0374269
0.0381657
0.0389012
0.0396607
0.0404302
0.0412263
0.0420151
0.0428107
0.0436345
0.044491
0.0453808
0.0462663
0.0471784
0.048071
0.0490049
0.0499338
0.0509034
0.0518798
0.0528719
0.0539062
0.0549244
0.0559791
0.0570752
0.0581336
0.0592382
0.0603036
0.0612506
0.0119193
0.012718
0.0126932
0.0122121
0.0121322
0.0126255
0.0131907
0.0131302
0.0125869
0.0123523
0.0125203
0.0127271
0.0128463
0.0127558
0.0126597
0.0129293
0.0132523
0.0133206
0.0134928
0.0138
0.0139273
0.0140911
0.014486
0.0147642
0.0148474
0.0150923
0.0154967
0.0157866
0.0160295
0.0163648
0.0166893
0.0169876
0.0173276
0.0176874
0.0180192
0.0183223
0.0186597
0.0190662
0.0194404
0.0197498
0.0200701
0.02048
0.0209329
0.0213357
0.021669
0.0220667
0.0225683
0.0230131
0.0233845
0.0238281
0.0243165
0.0247465
0.0251613
0.0256032
0.0260857
0.0265796
0.0271189
0.027688
0.0282419
0.0287888
0.0293423
0.0299054
0.0304525
0.0310214
0.0315962
0.0321935
0.0327786
0.0333771
0.0340256
0.0346821
0.0353433
0.0360163
0.0367295
0.0374312
0.0381699
0.0389045
0.0396643
0.0404327
0.0412277
0.0420179
0.0428155
0.0436392
0.044494
0.0453828
0.0462675
0.0471781
0.0480711
0.0490073
0.0499353
0.0509038
0.0518814
0.0528732
0.0539066
0.0549254
0.0559793
0.0570766
0.0581357
0.0592417
0.0603106
0.0612576
0.0115461
0.0124937
0.0127837
0.0123802
0.0121504
0.0125103
0.0131281
0.0132918
0.0127951
0.0123812
0.0124761
0.0127576
0.0129599
0.0128833
0.0126999
0.0129236
0.0133291
0.0134167
0.0135051
0.0138245
0.0140091
0.0141281
0.0144925
0.0148264
0.0149188
0.0151073
0.0155064
0.0158318
0.0160651
0.0163751
0.0167062
0.0170127
0.0173443
0.0176966
0.0180291
0.0183355
0.0186697
0.0190736
0.0194528
0.0197641
0.0200797
0.0204865
0.0209423
0.0213485
0.0216772
0.0220684
0.0225724
0.0230209
0.0233863
0.0238265
0.0243196
0.0247513
0.0251667
0.0256143
0.0261021
0.026594
0.0271276
0.0276919
0.0282426
0.0287876
0.0293414
0.0299074
0.0304551
0.031022
0.0315985
0.0321985
0.0327851
0.0333839
0.0340319
0.0346883
0.0353489
0.0360218
0.0367345
0.0374357
0.0381742
0.0389079
0.039668
0.0404355
0.0412292
0.0420207
0.0428204
0.0436438
0.044497
0.0453849
0.0462688
0.047178
0.0480712
0.0490095
0.0499368
0.0509043
0.0518829
0.0528745
0.0539071
0.0549264
0.0559796
0.057078
0.0581381
0.0592453
0.0603178
0.0612648
0.0112281
0.0122046
0.0127871
0.0125647
0.0122261
0.012413
0.0130077
0.0133738
0.0130258
0.0124891
0.0124376
0.0127352
0.0130376
0.013034
0.0127809
0.0129011
0.0133684
0.0135333
0.0135491
0.0138292
0.0140775
0.014187
0.0144996
0.0148699
0.0149963
0.0151373
0.0155093
0.0158682
0.0161093
0.0163903
0.0167169
0.0170376
0.0173669
0.0177067
0.0180372
0.0183502
0.0186828
0.0190815
0.0194641
0.0197783
0.02009
0.0204932
0.0209515
0.021362
0.0216868
0.0220707
0.0225767
0.0230296
0.0233889
0.0238249
0.0243231
0.0247571
0.0251725
0.0256251
0.0261179
0.0266079
0.0271361
0.0276964
0.028244
0.0287869
0.0293408
0.0299096
0.0304579
0.0310229
0.0316008
0.0322038
0.0327917
0.0333906
0.0340381
0.0346948
0.0353546
0.0360274
0.0367398
0.0374404
0.0381787
0.0389114
0.0396718
0.0404384
0.0412309
0.0420236
0.0428252
0.0436484
0.0444999
0.0453871
0.0462703
0.047178
0.0480714
0.0490118
0.0499383
0.0509049
0.0518843
0.052876
0.0539076
0.0549276
0.0559801
0.0570794
0.0581408
0.059249
0.0603249
0.0612723
0.0109857
0.0119043
0.0126845
0.0127159
0.0123585
0.0123683
0.0128652
0.013368
0.0132357
0.0126664
0.0124447
0.0126848
0.0130581
0.0131796
0.0129153
0.0128897
0.0133583
0.0136419
0.0136328
0.0138327
0.0141192
0.0142555
0.0145186
0.014898
0.0150699
0.0151819
0.0155123
0.0158942
0.0161586
0.0164165
0.0167246
0.0170576
0.0173947
0.0177216
0.0180431
0.018363
0.0186974
0.0190904
0.0194751
0.0197933
0.0201023
0.0205006
0.0209602
0.0213758
0.0216972
0.0220728
0.0225803
0.0230387
0.0233925
0.0238235
0.0243271
0.0247641
0.0251787
0.0256353
0.0261329
0.0266209
0.0271444
0.0277011
0.0282461
0.0287867
0.0293405
0.029912
0.030461
0.0310241
0.0316033
0.0322091
0.0327985
0.0333973
0.0340444
0.0347015
0.0353605
0.0360331
0.0367452
0.0374453
0.0381834
0.0389149
0.0396758
0.0404417
0.0412328
0.0420266
0.0428301
0.043653
0.044503
0.0453894
0.0462718
0.0471781
0.0480718
0.049014
0.0499398
0.0509056
0.0518858
0.0528775
0.0539081
0.0549288
0.0559808
0.0570809
0.0581438
0.0592529
0.0603321
0.0612801
0.0108045
0.0116316
0.0125033
0.0127936
0.0125214
0.0123963
0.0127421
0.0132866
0.0133821
0.0128839
0.0125173
0.0126397
0.0130244
0.0132832
0.0130863
0.0129201
0.0133147
0.0137135
0.0137436
0.0138583
0.0141385
0.0143189
0.0145548
0.0149205
0.0151346
0.0152391
0.0155228
0.015911
0.0162047
0.0164513
0.0167333
0.01707
0.0174229
0.0177423
0.0180481
0.0183731
0.0187152
0.0191029
0.0194858
0.0198073
0.0201149
0.0205079
0.0209675
0.0213891
0.0217085
0.0220753
0.0225839
0.023049
0.0233977
0.0238224
0.0243312
0.024772
0.0251853
0.025645
0.0261471
0.0266341
0.0271528
0.0277062
0.0282488
0.0287872
0.0293405
0.0299146
0.0304644
0.0310256
0.0316059
0.0322147
0.0328054
0.0334039
0.0340508
0.0347084
0.0353666
0.0360389
0.0367508
0.0374503
0.0381882
0.0389186
0.0396799
0.0404452
0.0412349
0.0420297
0.0428349
0.0436575
0.044506
0.0453918
0.0462735
0.0471784
0.0480722
0.0490162
0.0499413
0.0509065
0.0518873
0.0528792
0.0539088
0.0549301
0.0559818
0.0570823
0.0581471
0.059257
0.0603393
0.061288
0.0106633
0.0113968
0.0122859
0.012787
0.0126797
0.0124887
0.0126739
0.0131628
0.01344
0.0130996
0.01265
0.0126308
0.0129616
0.0133217
0.013263
0.0130132
0.0132678
0.0137332
0.0138565
0.0139188
0.0141532
0.0143649
0.0146018
0.014947
0.0151883
0.0152998
0.0155394
0.0159197
0.0162455
0.0164938
0.0167481
0.0170772
0.017449
0.0177716
0.0180578
0.018379
0.0187314
0.0191176
0.0194962
0.0198198
0.0201283
0.0205169
0.0209752
0.0214031
0.0217216
0.0220783
0.0225869
0.0230595
0.0234041
0.0238216
0.0243353
0.024781
0.0251926
0.0256543
0.0261606
0.0266463
0.027161
0.0277115
0.0282521
0.0287881
0.0293407
0.0299174
0.0304681
0.0310274
0.0316085
0.0322204
0.0328125
0.0334105
0.0340572
0.0347155
0.0353729
0.0360448
0.0367566
0.0374556
0.0381931
0.0389224
0.039684
0.0404488
0.0412372
0.0420329
0.0428398
0.0436621
0.0445092
0.0453943
0.0462752
0.0471788
0.0480727
0.0490185
0.0499427
0.0509076
0.0518889
0.0528809
0.0539095
0.0549315
0.055983
0.0570837
0.0581506
0.0592613
0.0603464
0.0612961
0.0105662
0.0111953
0.0120692
0.0127114
0.0127982
0.0126157
0.0126706
0.0130392
0.0134123
0.0132719
0.012823
0.0126761
0.012905
0.0132983
0.013407
0.0131591
0.0132508
0.0137124
0.0139437
0.0140051
0.0141813
0.0143926
0.0146451
0.0149805
0.0152338
0.0153615
0.0155679
0.0159265
0.0162809
0.0165422
0.0167702
0.0170821
0.0174689
0.0178037
0.0180721
0.0183807
0.0187447
0.0191368
0.0195104
0.0198321
0.020142
0.0205271
0.0209825
0.0214162
0.021735
0.0220814
0.0225892
0.0230707
0.0234123
0.0238213
0.0243391
0.0247906
0.0252005
0.0256632
0.0261734
0.026658
0.0271693
0.0277171
0.028256
0.0287897
0.0293413
0.0299204
0.0304722
0.0310296
0.0316113
0.0322263
0.0328197
0.0334171
0.0340637
0.0347227
0.0353795
0.0360508
0.0367624
0.037461
0.0381983
0.0389264
0.0396884
0.0404526
0.0412398
0.0420362
0.0428446
0.0436665
0.0445124
0.0453969
0.046277
0.0471793
0.0480734
0.0490208
0.0499441
0.0509088
0.0518904
0.0528827
0.0539104
0.0549328
0.0559846
0.0570852
0.0581544
0.059266
0.0603534
0.0613043
0.0105338
0.0110298
0.0118681
0.0125876
0.0128576
0.012745
0.0127194
0.0129591
0.013332
0.0133756
0.0130063
0.0127698
0.0128832
0.0132379
0.0134883
0.0133288
0.0132871
0.0136766
0.0139901
0.0140936
0.0142323
0.0144154
0.0146771
0.0150222
0.0152821
0.0154219
0.0156055
0.0159307
0.0163056
0.0165937
0.0167991
0.0170833
0.0174817
0.0178385
0.0180967
0.0183848
0.0187532
0.0191568
0.0195277
0.0198435
0.0201535
0.0205372
0.0209899
0.0214295
0.0217501
0.0220857
0.022591
0.0230821
0.0234222
0.0238216
0.0243428
0.0248016
0.0252092
0.0256721
0.0261855
0.0266694
0.0271776
0.0277228
0.0282606
0.0287919
0.029342
0.0299237
0.0304768
0.0310321
0.0316141
0.0322324
0.032827
0.0334237
0.0340702
0.03473
0.0353862
0.0360571
0.0367684
0.0374667
0.0382036
0.0389306
0.0396929
0.0404565
0.0412427
0.0420397
0.0428495
0.0436709
0.0445157
0.0453997
0.0462788
0.0471801
0.0480741
0.0490232
0.0499455
0.0509102
0.0518921
0.0528846
0.0539115
0.0549342
0.0559864
0.0570868
0.0581582
0.0592709
0.0603604
0.0613125
0.0105711
0.0109162
0.0116889
0.012436
0.0128568
0.0128576
0.0127983
0.012935
0.0132392
0.0134056
0.0131659
0.0128931
0.012909
0.0131766
0.013503
0.0134853
0.0133747
0.0136534
0.0140037
0.0141646
0.0143017
0.0144521
0.0146979
0.0150601
0.0153317
0.015476
0.0156491
0.0159387
0.0163174
0.0166453
0.0168415
0.017087
0.0174896
0.0178741
0.0181279
0.0183901
0.0187545
0.0191738
0.0195495
0.0198576
0.0201643
0.0205475
0.0209984
0.0214433
0.0217665
0.0220904
0.0225913
0.0230937
0.023434
0.0238227
0.0243462
0.0248123
0.0252183
0.0256808
0.0261972
0.0266804
0.0271858
0.0277288
0.0282657
0.0287947
0.029343
0.0299272
0.030482
0.031035
0.0316168
0.0322387
0.0328346
0.0334303
0.0340768
0.0347373
0.0353932
0.0360635
0.0367745
0.0374725
0.0382089
0.0389348
0.0396976
0.0404606
0.0412458
0.0420434
0.0428543
0.0436753
0.0445192
0.0454026
0.0462807
0.0471811
0.048075
0.0490256
0.0499468
0.0509117
0.051894
0.0528864
0.0539128
0.0549355
0.0559886
0.0570886
0.0581621
0.0592762
0.0603674
0.0613208
0.0106514
0.0108678
0.0115412
0.0122789
0.0128017
0.0129393
0.012888
0.0129531
0.0131696
0.0133825
0.0132825
0.0130245
0.0129736
0.013145
0.0134688
0.0135964
0.0134964
0.0136645
0.0140051
0.0142101
0.01437
0.0145049
0.0147125
0.0150838
0.0153847
0.0155313
0.0156971
0.0159567
0.0163195
0.0166915
0.0169003
0.0170942
0.0174831
0.0179038
0.0181664
0.0184021
0.0187533
0.0191872
0.0195753
0.0198761
0.0201743
0.0205559
0.021006
0.0214572
0.0217844
0.0220962
0.0225906
0.0231052
0.0234479
0.0238245
0.0243492
0.0248236
0.0252278
0.0256892
0.0262085
0.0266913
0.0271939
0.0277348
0.0282715
0.0287982
0.0293442
0.0299308
0.0304877
0.0310383
0.0316196
0.0322452
0.0328423
0.033437
0.0340835
0.0347448
0.0354003
0.03607
0.0367807
0.0374784
0.0382145
0.0389395
0.0397027
0.0404648
0.0412492
0.0420473
0.0428591
0.0436796
0.0445227
0.0454057
0.0462826
0.0471823
0.0480761
0.0490281
0.0499481
0.0509134
0.0518961
0.0528881
0.0539144
0.0549369
0.055991
0.0570905
0.0581661
0.0592819
0.0603744
0.0613291
0.0107283
0.0108775
0.0114372
0.0121378
0.0127083
0.012978
0.0129775
0.0129958
0.0131372
0.0133354
0.0133492
0.0131439
0.0130572
0.0131567
0.0134199
0.0136507
0.0136257
0.0137103
0.0140105
0.0142353
0.0144196
0.0145688
0.0147384
0.0150959
0.0154359
0.0155914
0.0157463
0.0159864
0.0163171
0.0167172
0.0169675
0.0171157
0.0174659
0.0179268
0.018216
0.0184237
0.0187491
0.019193
0.019601
0.0198992
0.0201852
0.0205626
0.0210128
0.0214717
0.0218048
0.0221035
0.0225883
0.023116
0.0234639
0.0238274
0.0243518
0.0248356
0.0252381
0.0256972
0.0262193
0.0267022
0.027202
0.0277407
0.028278
0.0288024
0.0293454
0.0299346
0.0304941
0.0310421
0.0316221
0.0322518
0.0328503
0.0334437
0.0340903
0.0347521
0.0354076
0.0360769
0.0367872
0.0374845
0.0382201
0.038944
0.0397077
0.040469
0.0412529
0.0420515
0.0428638
0.0436838
0.0445263
0.0454089
0.0462843
0.0471838
0.0480773
0.0490307
0.0499494
0.0509151
0.0518984
0.0528897
0.0539162
0.0549385
0.0559936
0.0570927
0.05817
0.0592878
0.0603814
0.0613373
0.0107723
0.0109244
0.0113853
0.0120282
0.0126009
0.0129662
0.0130522
0.0130503
0.0131352
0.0132899
0.0133735
0.0132453
0.0131461
0.0132034
0.0133861
0.0136527
0.0137318
0.0137785
0.0140299
0.0142587
0.0144529
0.0146326
0.01478
0.0150994
0.0154761
0.0156572
0.0157942
0.0160194
0.0163176
0.0167239
0.0170371
0.0171659
0.0174458
0.0179288
0.0182689
0.018458
0.0187438
0.0191907
0.0196257
0.0199286
0.0201993
0.0205682
0.0210175
0.0214854
0.0218275
0.0221131
0.0225845
0.0231255
0.023482
0.0238318
0.0243535
0.0248478
0.0252495
0.0257048
0.0262291
0.0267134
0.0272107
0.0277465
0.0282848
0.0288074
0.029347
0.0299384
0.030501
0.0310465
0.0316246
0.0322585
0.0328586
0.0334503
0.0340971
0.0347597
0.0354153
0.0360838
0.0367936
0.0374907
0.0382259
0.0389488
0.0397132
0.0404734
0.0412567
0.0420558
0.0428684
0.0436881
0.0445302
0.0454125
0.0462861
0.0471855
0.0480787
0.0490333
0.0499508
0.0509168
0.0519011
0.0528913
0.0539182
0.0549402
0.0559963
0.0570953
0.058174
0.059294
0.0603885
0.0613455
0.0107835
0.0109802
0.011377
0.0119528
0.0125031
0.0129136
0.0130959
0.0131094
0.0131541
0.013262
0.013372
0.013325
0.0132272
0.0132601
0.0133842
0.0136282
0.0138009
0.0138597
0.0140655
0.0142916
0.0144758
0.014679
0.0148319
0.0151051
0.0154995
0.0157218
0.015846
0.0160578
0.0163327
0.0167182
0.0170888
0.0172389
0.0174364
0.0179045
0.0183157
0.0185126
0.0187458
0.0191785
0.0196454
0.0199633
0.0202171
0.0205724
0.0210202
0.0214978
0.0218525
0.0221261
0.0225795
0.023133
0.0235021
0.0238376
0.0243546
0.0248601
0.0252621
0.0257125
0.0262378
0.0267244
0.0272198
0.0277524
0.0282919
0.0288131
0.0293487
0.0299422
0.0305086
0.0310516
0.031627
0.0322652
0.0328672
0.0334572
0.0341041
0.034767
0.0354228
0.0360908
0.0368002
0.0374972
0.038232
0.0389538
0.0397188
0.0404779
0.0412607
0.0420605
0.0428729
0.0436924
0.0445341
0.0454162
0.0462877
0.0471875
0.0480804
0.0490358
0.0499525
0.0509186
0.0519041
0.0528927
0.0539204
0.0549422
0.0559991
0.0570982
0.0581779
0.0593002
0.0603958
0.0613535
0.0107691
0.0110194
0.0113937
0.0119092
0.0124317
0.0128458
0.0131011
0.0131619
0.0131862
0.0132549
0.0133568
0.013374
0.0132971
0.0133166
0.0134146
0.0136069
0.0138318
0.0139369
0.0141077
0.0143306
0.014502
0.0147095
0.014885
0.0151172
0.0155075
0.0157841
0.01591
0.0160989
0.0163534
0.0167061
0.0171142
0.0173236
0.017459
0.0178645
0.0183388
0.0185831
0.0187644
0.0191565
0.0196536
0.0200027
0.0202422
0.0205763
0.0210208
0.0215082
0.0218784
0.0221433
0.0225741
0.0231377
0.0235239
0.0238453
0.0243547
0.0248727
0.0252758
0.0257203
0.0262458
0.026735
0.0272293
0.0277588
0.0282993
0.0288193
0.0293507
0.0299461
0.0305169
0.0310574
0.0316293
0.0322719
0.032876
0.0334641
0.0341109
0.0347745
0.035431
0.0360981
0.0368069
0.0375036
0.038238
0.0389589
0.0397245
0.0404825
0.0412651
0.0420656
0.0428773
0.0436967
0.0445382
0.0454201
0.0462893
0.0471897
0.0480824
0.0490381
0.0499544
0.0509204
0.0519074
0.0528943
0.0539226
0.0549445
0.0560019
0.0571015
0.058182
0.0593066
0.0604031
0.0613615
0.0107342
0.011037
0.0114208
0.011891
0.012388
0.0127873
0.0130751
0.0131946
0.0132223
0.0132625
0.0133393
0.0133971
0.0133611
0.0133703
0.0134574
0.0136023
0.0138331
0.0139945
0.0141529
0.0143737
0.0145422
0.0147317
0.0149306
0.0151419
0.0155079
0.0158324
0.0159755
0.0161405
0.0163801
0.0167021
0.0171192
0.0174002
0.0175174
0.0178284
0.0183246
0.0186532
0.0188118
0.0191348
0.0196438
0.0200424
0.0202779
0.0205813
0.0210175
0.0215165
0.0219049
0.0221648
0.0225698
0.0231393
0.0235469
0.0238553
0.0243535
0.0248849
0.025291
0.0257281
0.0262532
0.0267452
0.0272388
0.0277654
0.0283073
0.0288261
0.0293528
0.0299495
0.0305257
0.0310642
0.0316317
0.0322783
0.0328851
0.0334712
0.034118
0.0347821
0.0354394
0.0361054
0.0368135
0.0375103
0.0382444
0.0389644
0.0397303
0.0404872
0.0412694
0.0420708
0.0428814
0.0437011
0.0445426
0.0454242
0.046291
0.0471921
0.0480849
0.0490402
0.0499565
0.0509222
0.0519108
0.0528959
0.0539249
0.0549473
0.0560048
0.057105
0.0581861
0.059313
0.0604106
0.0613695
0.0106803
0.0110368
0.0114461
0.0118891
0.012361
0.0127488
0.0130374
0.0132009
0.0132499
0.01328
0.0133342
0.0134067
0.0134123
0.0134171
0.0134967
0.0136153
0.013825
0.0140301
0.0141973
0.0144118
0.0145912
0.0147598
0.0149685
0.015174
0.0155008
0.0158597
0.0160429
0.0161926
0.0164138
0.0167046
0.0171087
0.0174526
0.0175981
0.0178221
0.0182822
0.0187
0.0188874
0.0191294
0.0196135
0.020072
0.0203261
0.0205924
0.0210089
0.0215216
0.0219321
0.0221895
0.0225671
0.0231382
0.02357
0.0238682
0.0243514
0.024896
0.0253072
0.0257363
0.0262595
0.0267553
0.0272481
0.0277725
0.028316
0.0288337
0.029355
0.0299525
0.0305353
0.031072
0.0316338
0.0322844
0.0328948
0.0334788
0.0341246
0.0347892
0.0354478
0.0361129
0.0368202
0.0375172
0.038251
0.0389701
0.039736
0.0404922
0.0412741
0.0420765
0.0428855
0.0437054
0.044547
0.0454282
0.0462926
0.0471947
0.0480879
0.0490421
0.0499589
0.0509244
0.0519142
0.0528978
0.053927
0.0549504
0.0560078
0.0571087
0.0581905
0.0593194
0.0604182
0.0613774
0.0106066
0.0110209
0.0114633
0.0118962
0.0123411
0.012726
0.0130043
0.0131858
0.0132634
0.0133012
0.013342
0.0134087
0.0134462
0.0134586
0.0135328
0.0136409
0.0138197
0.0140423
0.0142329
0.0144452
0.0146415
0.0147979
0.0149961
0.0152072
0.0154991
0.015872
0.0161066
0.0162512
0.0164515
0.0167147
0.0170937
0.0174794
0.0176801
0.0178552
0.0182352
0.0187037
0.0189711
0.0191584
0.0195751
0.0200792
0.0203823
0.0206178
0.0209957
0.0215192
0.0219611
0.0222186
0.0225654
0.0231348
0.0235928
0.023884
0.0243483
0.024905
0.0253266
0.0257456
0.0262645
0.0267652
0.0272578
0.0277792
0.028325
0.0288425
0.0293579
0.0299543
0.0305451
0.0310816
0.0316363
0.0322902
0.0329044
0.0334866
0.0341313
0.0347967
0.0354571
0.0361206
0.0368266
0.0375239
0.0382576
0.0389761
0.0397418
0.0404975
0.041279
0.0420823
0.0428896
0.0437099
0.0445519
0.0454323
0.0462944
0.0471972
0.0480911
0.0490437
0.0499614
0.0509267
0.0519176
0.0528999
0.0539293
0.0549538
0.0560109
0.0571125
0.0581952
0.0593258
0.0604258
0.0613854
0.0105198
0.0109878
0.0114681
0.0119091
0.0123288
0.012707
0.0129819
0.0131657
0.0132636
0.0133125
0.013351
0.0134072
0.0134653
0.0134958
0.0135659
0.0136696
0.0138232
0.0140461
0.0142601
0.0144706
0.0146789
0.0148415
0.0150264
0.0152417
0.0155071
0.0158673
0.0161525
0.0163129
0.0164962
0.0167366
0.0170811
0.0174856
0.0177474
0.0179173
0.0182114
0.0186717
0.0190338
0.019222
0.0195488
0.0200573
0.0204319
0.0206638
0.0209853
0.021504
0.0219897
0.0222553
0.0225646
0.0231281
0.0236163
0.0239032
0.0243449
0.0249115
0.0253474
0.0257568
0.0262684
0.0267741
0.0272677
0.0277862
0.0283339
0.0288525
0.0293615
0.0299548
0.0305549
0.0310929
0.0316388
0.0322942
0.0329143
0.0334955
0.0341378
0.0348037
0.0354662
0.0361283
0.036833
0.037531
0.0382645
0.0389825
0.0397473
0.0405027
0.041284
0.042088
0.0428935
0.0437143
0.0445569
0.0454363
0.0462967
0.0472002
0.0480949
0.0490454
0.0499641
0.0509295
0.0519209
0.0529022
0.0539314
0.0549576
0.0560143
0.0571164
0.0582
0.0593321
0.0604333
0.0613933
0.0104345
0.0109376
0.0114589
0.0119221
0.0123269
0.0126899
0.0129679
0.0131484
0.0132528
0.0133087
0.013352
0.0134048
0.0134722
0.0135225
0.0135927
0.0137008
0.01384
0.0140455
0.0142715
0.0144876
0.0147099
0.01489
0.0150641
0.0152717
0.0155201
0.0158565
0.0161779
0.0163733
0.0165454
0.0167667
0.0170753
0.0174768
0.0177928
0.0179895
0.0182251
0.0186305
0.0190562
0.0193004
0.019557
0.0200196
0.0204577
0.0207264
0.0209895
0.0214735
0.02201
0.0223027
0.022566
0.0231142
0.0236401
0.0239272
0.0243407
0.0249147
0.0253686
0.0257703
0.0262725
0.026782
0.0272777
0.0277934
0.0283422
0.0288637
0.029367
0.0299539
0.0305641
0.0311064
0.0316422
0.0322984
0.0329256
0.0335053
0.0341441
0.0348106
0.0354758
0.0361366
0.0368394
0.0375381
0.0382714
0.0389892
0.039753
0.0405082
0.0412895
0.0420937
0.0428975
0.0437188
0.0445622
0.0454399
0.0462987
0.0472031
0.0480987
0.049047
0.049967
0.0509328
0.051924
0.052905
0.0539338
0.0549614
0.0560178
0.0571203
0.0582052
0.0593386
0.0604409
0.0614013
0.0103698
0.0108822
0.0114359
0.011926
0.0123335
0.0126781
0.0129531
0.0131325
0.0132366
0.0132971
0.0133459
0.0134009
0.0134688
0.0135371
0.0136137
0.0137238
0.0138559
0.0140412
0.014277
0.014505
0.0147348
0.0149308
0.0151037
0.0153041
0.0155403
0.0158507
0.0161853
0.0164224
0.0165985
0.0168032
0.0170802
0.0174612
0.0178145
0.018054
0.0182652
0.0186045
0.0190429
0.0193637
0.0196012
0.0199902
0.0204521
0.0207896
0.0210219
0.0214374
0.022012
0.0223617
0.0225781
0.0230903
0.0236615
0.0239595
0.0243364
0.0249126
0.0253896
0.025786
0.0262779
0.026789
0.0272865
0.027801
0.0283502
0.0288759
0.0293743
0.0299514
0.0305718
0.031122
0.0316467
0.0322996
0.0329341
0.0335158
0.0341504
0.0348173
0.0354856
0.0361448
0.0368456
0.0375451
0.0382785
0.0389962
0.0397586
0.0405138
0.0412954
0.0420993
0.0429018
0.0437235
0.0445678
0.0454437
0.0463014
0.0472065
0.0481026
0.0490484
0.0499697
0.0509363
0.0519268
0.0529076
0.0539363
0.0549654
0.0560216
0.0571242
0.0582104
0.0593449
0.0604483
0.0614089
0.0103319
0.0108347
0.0114044
0.011918
0.0123387
0.0126719
0.0129354
0.013117
0.0132212
0.0132848
0.0133332
0.0133899
0.0134591
0.013538
0.0136223
0.0137336
0.0138745
0.0140462
0.0142771
0.0145113
0.0147449
0.0149623
0.0151443
0.0153407
0.0155659
0.0158516
0.0161837
0.0164546
0.0166518
0.0168458
0.0170963
0.0174497
0.017818
0.0181033
0.0183188
0.0186056
0.0190173
0.0193912
0.0196578
0.0199881
0.0204248
0.0208296
0.0210802
0.0214129
0.0219851
0.0224205
0.0226109
0.0230571
0.0236735
0.0240039
0.0243359
0.0249036
0.0254103
0.0258043
0.0262848
0.0267968
0.0272941
0.0278081
0.0283579
0.0288892
0.0293839
0.029948
0.030578
0.0311399
0.0316524
0.0323011
0.0329446
0.0335281
0.0341571
0.0348236
0.0354953
0.0361533
0.0368524
0.0375524
0.0382858
0.0390034
0.0397645
0.0405196
0.0413016
0.0421046
0.0429062
0.0437285
0.0445733
0.0454471
0.0463043
0.0472104
0.0481067
0.0490507
0.0499731
0.0509407
0.0519298
0.0529107
0.0539394
0.0549694
0.0560257
0.0571283
0.0582158
0.0593514
0.0604554
0.0614169
0.01031
0.010801
0.011371
0.0118975
0.012332
0.0126672
0.0129187
0.0130996
0.0132044
0.0132673
0.0133136
0.01337
0.0134415
0.0135249
0.0136236
0.0137418
0.013891
0.0140525
0.0142677
0.0145112
0.0147503
0.0149849
0.0151798
0.0153734
0.015593
0.015857
0.0161793
0.01647
0.0166962
0.0168931
0.01712
0.0174488
0.0178119
0.0181328
0.0183745
0.0186295
0.0190024
0.0193947
0.0197057
0.0200184
0.0204015
0.020836
0.0211456
0.0214179
0.0219358
0.0224588
0.0226706
0.0230242
0.0236629
0.0240565
0.0243431
0.024884
0.0254277
0.0258247
0.0262917
0.0268053
0.0273011
0.0278135
0.0283643
0.0289036
0.0293961
0.0299433
0.030581
0.0311591
0.0316608
0.0322997
0.0329514
0.0335403
0.0341632
0.0348293
0.0355047
0.0361614
0.0368588
0.0375589
0.0382925
0.0390101
0.0397699
0.0405252
0.0413077
0.0421092
0.0429104
0.0437335
0.0445784
0.0454501
0.0463071
0.0472141
0.0481098
0.0490519
0.0499756
0.0509445
0.0519321
0.0529134
0.0539426
0.0549732
0.0560297
0.0571323
0.0582211
0.0593579
0.0604628
0.0614241
0.0102957
0.0107792
0.011341
0.0118696
0.012311
0.0126542
0.0129
0.0130747
0.0131789
0.0132405
0.0132877
0.0133422
0.0134173
0.0135053
0.013616
0.0137397
0.0138926
0.0140604
0.014263
0.0145092
0.0147522
0.0149947
0.0152087
0.0154023
0.0156212
0.0158678
0.0161741
0.0164739
0.016722
0.0169393
0.0171499
0.0174547
0.0178056
0.0181426
0.0184241
0.0186673
0.019
0.0193889
0.0197317
0.0200621
0.0204035
0.0208214
0.0211998
0.0214625
0.0218902
0.0224632
0.022752
0.0230163
0.023628
0.0241106
0.0243725
0.0248593
0.0254385
0.0258493
0.026299
0.0268141
0.0273107
0.0278178
0.0283685
0.0289195
0.0294121
0.0299392
0.0305812
0.0311792
0.0316712
0.0322984
0.0329595
0.0335549
0.034171
0.0348354
0.0355148
0.0361705
0.0368668
0.0375666
0.0383004
0.039018
0.0397765
0.040532
0.0413145
0.0421142
0.0429158
0.0437399
0.0445841
0.0454537
0.0463111
0.0472193
0.0481141
0.0490549
0.0499799
0.0509495
0.0519352
0.0529166
0.0539466
0.0549774
0.0560341
0.0571368
0.0582266
0.0593643
0.0604694
0.061432
0.0102877
0.0107647
0.0113165
0.0118384
0.0122765
0.0126229
0.0128685
0.0130368
0.0131418
0.0132037
0.0132539
0.0133082
0.0133867
0.0134783
0.0135947
0.013731
0.0138914
0.0140698
0.0142623
0.0145007
0.014751
0.0149958
0.0152285
0.0154282
0.0156465
0.0158833
0.0161681
0.0164711
0.0167316
0.0169749
0.017186
0.0174625
0.0177994
0.0181359
0.0184548
0.0187109
0.0190073
0.0193824
0.019736
0.0200921
0.0204243
0.0207975
0.0212156
0.0215202
0.021862
0.0224242
0.0228202
0.0230421
0.0235726
0.0241391
0.0244223
0.0248338
0.0254327
0.0258784
0.0263077
0.0268199
0.0273237
0.0278215
0.0283666
0.0289348
0.0294324
0.0299354
0.0305771
0.0311982
0.0316858
0.0322963
0.0329642
0.0335688
0.0341782
0.03484
0.0355232
0.0361783
0.0368737
0.0375722
0.0383065
0.0390244
0.0397816
0.0405379
0.0413201
0.0421175
0.0429201
0.0437454
0.0445878
0.0454559
0.0463143
0.0472233
0.0481162
0.0490563
0.0499829
0.0509533
0.0519374
0.0529193
0.0539505
0.054981
0.056038
0.0571411
0.0582319
0.0593708
0.0604767
0.061439
0.0102962
0.0107581
0.0112958
0.0118028
0.0122274
0.0125646
0.0128076
0.0129701
0.0130768
0.0131426
0.0132002
0.0132613
0.0133446
0.0134453
0.0135707
0.0137229
0.0138917
0.01408
0.0142753
0.0145039
0.0147586
0.0150011
0.0152432
0.0154567
0.0156757
0.0159102
0.0161718
0.0164706
0.0167398
0.0170026
0.0172336
0.0174857
0.0178064
0.0181349
0.0184723
0.0187609
0.0190321
0.0193877
0.0197432
0.0201114
0.0204643
0.0208016
0.0212126
0.0215822
0.0218813
0.0223755
0.0228624
0.0231079
0.0235328
0.0241364
0.0244879
0.0248313
0.0254116
0.0259055
0.0263246
0.0268208
0.0273394
0.027831
0.02836
0.028947
0.0294589
0.0299362
0.0305675
0.0312157
0.0317046
0.0322948
0.0329675
0.0335836
0.0341875
0.0348456
0.0355323
0.0361876
0.0368831
0.0375795
0.0383141
0.039033
0.0397887
0.0405455
0.0413267
0.0421219
0.0429266
0.0437533
0.0445927
0.0454595
0.0463197
0.0472292
0.0481201
0.0490595
0.0499879
0.0509582
0.0519405
0.0529227
0.0539552
0.0549854
0.0560424
0.0571458
0.0582371
0.0593767
0.0604828
0.0614463
0.0103493
0.0107842
0.0112966
0.0117742
0.0121688
0.0124741
0.0126976
0.0128445
0.0129446
0.0130124
0.013079
0.0131549
0.0132511
0.0133693
0.0135075
0.0136766
0.0138614
0.0140637
0.0142712
0.0144921
0.0147461
0.0149895
0.0152334
0.0154628
0.0156867
0.0159243
0.0161692
0.0164544
0.016732
0.0170041
0.017261
0.017506
0.0178071
0.0181309
0.0184682
0.01879
0.019059
0.0193897
0.0197469
0.0201112
0.0204838
0.0208189
0.0211948
0.021608
0.0219207
0.0223312
0.0228578
0.0231784
0.0235215
0.0241021
0.0245377
0.024854
0.0253806
0.0259167
0.026352
0.0268193
0.0273487
0.0278481
0.0283509
0.0289479
0.0294885
0.0299454
0.0305534
0.0312271
0.0317295
0.0322969
0.0329679
0.033598
0.0341982
0.034851
0.0355399
0.0361958
0.0368913
0.037585
0.0383196
0.0390401
0.0397945
0.040552
0.0413315
0.0421246
0.0429321
0.0437593
0.0445951
0.0454613
0.0463241
0.0472335
0.0481217
0.0490615
0.049992
0.0509622
0.0519428
0.0529255
0.0539597
0.0549892
0.0560462
0.0571503
0.0582425
0.0593833
0.06049
0.0614535
0.0104655
0.0108917
0.0113945
0.0118532
0.0122218
0.0124904
0.012679
0.0128005
0.0128824
0.0129439
0.0130083
0.0130921
0.0131973
0.0133299
0.0134798
0.0136597
0.0138586
0.0140676
0.0142823
0.0144957
0.0147416
0.014988
0.0152314
0.0154689
0.0157007
0.0159431
0.0161823
0.0164511
0.0167328
0.0170124
0.0172847
0.0175369
0.0178199
0.0181395
0.0184691
0.0188051
0.0190926
0.0194027
0.0197598
0.02012
0.0204914
0.020848
0.0211956
0.0216122
0.0219667
0.0223213
0.0228306
0.0232337
0.0235469
0.0240638
0.0245597
0.0248989
0.0253634
0.0259104
0.0263874
0.026827
0.027349
0.0278714
0.0283513
0.0289381
0.0295159
0.029967
0.0305379
0.0312283
0.0317556
0.0323018
0.0329634
0.0336083
0.034209
0.0348557
0.0355463
0.0362049
0.0369003
0.0375905
0.038326
0.0390486
0.0398011
0.0405594
0.0413363
0.0421279
0.0429399
0.0437674
0.0445981
0.0454645
0.0463307
0.0472391
0.0481244
0.0490645
0.049997
0.0509664
0.0519453
0.0529289
0.0539633
0.0549933
0.05605
0.0571549
0.0582476
0.0593883
0.0604953
0.0614599
0.010277
0.0106067
0.0110355
0.011451
0.0118058
0.0120854
0.0123068
0.012485
0.0126307
0.012753
0.0128642
0.0129902
0.0131305
0.0132915
0.0134619
0.0136498
0.0138584
0.0140698
0.0142888
0.0144972
0.0147306
0.0149775
0.015223
0.0154639
0.0157011
0.0159493
0.01619
0.0164486
0.0167271
0.017015
0.0172952
0.0175598
0.0178374
0.0181501
0.0184754
0.0188079
0.01912
0.0194244
0.0197707
0.0201328
0.0204896
0.0208706
0.0212136
0.0216084
0.0220021
0.0223386
0.0228041
0.0232589
0.0235905
0.0240422
0.0245536
0.0249442
0.0253673
0.0258899
0.0264074
0.0268449
0.0273439
0.0278881
0.028363
0.0289205
0.0295306
0.0300048
0.0305314
0.0312191
0.0317854
0.0323182
0.0329621
0.0336193
0.0342244
0.0348644
0.0355532
0.0362156
0.036911
0.0375955
0.0383322
0.0390582
0.0398084
0.0405667
0.0413409
0.0421307
0.0429476
0.0437744
0.0445997
0.0454666
0.0463371
0.0472442
0.0481264
0.049068
0.0500026
0.0509712
0.0519484
0.0529326
0.0539688
0.0549974
0.056054
0.0571596
0.058253
0.059395
0.0605023
0.0614683
0.0114875
0.0114959
0.0114678
0.011473
0.0115286
0.0116287
0.0117736
0.0119614
0.0121726
0.012392
0.0126
0.0128063
0.0130105
0.0132151
0.0134174
0.0136158
0.0138315
0.0140486
0.0142757
0.0144877
0.0147097
0.0149509
0.0151954
0.0154417
0.0156824
0.0159366
0.0161833
0.0164425
0.0167167
0.0170066
0.0172954
0.0175678
0.0178497
0.0181522
0.0184746
0.0188003
0.0191268
0.0194461
0.0197747
0.0201402
0.0204847
0.0208725
0.0212336
0.0215981
0.0220113
0.0223623
0.022784
0.0232588
0.0236265
0.0240412
0.0245352
0.0249713
0.0253923
0.0258717
0.0264098
0.0268711
0.0273425
0.0278939
0.0283852
0.0289091
0.0295279
0.0300446
0.0305289
0.0311939
0.0318043
0.0323363
0.0329538
0.0336205
0.0342345
0.0348691
0.0355555
0.036223
0.0369195
0.0375977
0.0383354
0.0390662
0.0398146
0.0405716
0.0413432
0.042133
0.0429556
0.0437809
0.0446007
0.0454688
0.0463432
0.0472485
0.0481274
0.04907
0.0500066
0.0509739
0.0519499
0.0529353
0.0539726
0.055001
0.056057
0.0571634
0.0582575
0.0593987
0.0605064
0.0614732
0.0103005
0.0105415
0.0108608
0.0111813
0.0114631
0.0116933
0.0118731
0.0120378
0.0122081
0.0123935
0.0125798
0.0127643
0.0129597
0.0131643
0.0133821
0.0135929
0.0138166
0.0140443
0.0142817
0.0145084
0.0147245
0.0149547
0.0151901
0.0154399
0.015681
0.0159311
0.0161843
0.0164484
0.0167248
0.017007
0.0173032
0.017583
0.0178689
0.0181675
0.0184832
0.0188109
0.0191348
0.0194737
0.0197927
0.0201481
0.0204982
0.0208736
0.0212601
0.0216097
0.0220125
0.0223975
0.022784
0.0232526
0.0236549
0.0240511
0.0245267
0.0249775
0.0254216
0.0258725
0.026392
0.0268981
0.0273516
0.0278851
0.0284147
0.0288996
0.0295065
0.0300867
0.0305543
0.0311702
0.03182
0.032371
0.0329576
0.033625
0.0342537
0.0348823
0.0355627
0.036236
0.036933
0.0376041
0.0383421
0.0390774
0.039825
0.0405796
0.0413472
0.042137
0.0429656
0.0437883
0.0446025
0.0454726
0.0463509
0.0472546
0.0481309
0.0490752
0.0500134
0.0509799
0.0519543
0.0529399
0.053978
0.0550069
0.0560615
0.0571681
0.0582625
0.0594116
0.0605255
0.061484
0.0115778
0.0114827
0.0113118
0.0111751
0.011114
0.0111368
0.0112375
0.0114124
0.0116566
0.0119472
0.0122581
0.012551
0.0128301
0.0130867
0.0133384
0.0135725
0.0138009
0.0140342
0.014271
0.0145056
0.014717
0.0149347
0.0151624
0.015413
0.0156595
0.0159047
0.0161684
0.0164397
0.0167232
0.0170012
0.0172955
0.0175856
0.0178699
0.0181715
0.0184795
0.018812
0.0191349
0.0194788
0.0198076
0.0201435
0.020504
0.0208702
0.0212614
0.0216239
0.0219986
0.0224139
0.0227945
0.0232375
0.0236734
0.0240602
0.0245244
0.0249781
0.0254339
0.0258931
0.0263718
0.0269058
0.0273819
0.0278651
0.0284322
0.0289192
0.0294708
0.0301066
0.0305879
0.0311419
0.0318132
0.032396
0.0329574
0.0336155
0.0342599
0.0348888
0.0355605
0.0362398
0.0369408
0.037604
0.0383424
0.0390823
0.0398295
0.0405837
0.0413476
0.0421367
0.0429716
0.0437936
0.0446021
0.0454732
0.046355
0.0472574
0.0481309
0.0490762
0.0500157
0.0509812
0.0519548
0.0529413
0.0539803
0.0550066
0.0560636
0.0571708
0.058266
0.0594109
0.0605207
0.0614858
0.0111842
0.010994
0.0107561
0.0105809
0.0105156
0.01057
0.0107407
0.0110035
0.0113389
0.0117088
0.0120882
0.0124397
0.0127596
0.0130455
0.0133137
0.0135619
0.0137938
0.0140289
0.0142632
0.0144961
0.0147077
0.0149166
0.0151422
0.0153919
0.0156432
0.0158871
0.0161548
0.0164327
0.0167175
0.0169984
0.017289
0.0175844
0.0178686
0.018171
0.0184795
0.0188107
0.0191388
0.0194797
0.019818
0.0201491
0.0205088
0.0208814
0.021264
0.021641
0.022004
0.0224191
0.0228134
0.0232327
0.0236799
0.0240706
0.0245231
0.0249831
0.0254361
0.0259096
0.0263764
0.0268982
0.0274049
0.0278673
0.0284311
0.0289512
0.0294653
0.0301063
0.0306279
0.0311496
0.0318079
0.0324209
0.032978
0.0336229
0.0342734
0.0349067
0.0355724
0.0362506
0.036956
0.0376155
0.0383504
0.0390931
0.0398399
0.0405933
0.041356
0.0421418
0.042979
0.0438022
0.0446079
0.045478
0.0463618
0.0472649
0.0481368
0.0490825
0.0500233
0.0509883
0.0519607
0.0529468
0.0539865
0.055012
0.0560688
0.0571751
0.0582681
0.0594187
0.0605329
0.0614967
)
;

boundaryField
{
    zeroGradientPlanes
    {
        type            zeroGradient;
    }
    inlet
    {
        type            zeroGradient;
    }
    plate
    {
        type            zeroGradient;
    }
    frontAndBack
    {
        type            empty;
    }
}


// ************************************************************************* //
