/*--------------------------------*- C++ -*----------------------------------*\
| =========                 |                                                 |
| \\      /  F ield         | OpenFOAM: The Open Source CFD Toolbox           |
|  \\    /   O peration     | Version:  v1912                                 |
|   \\  /    A nd           | Website:  www.openfoam.com                      |
|    \\/     M anipulation  |                                                 |
\*---------------------------------------------------------------------------*/
FoamFile
{
    version     2.0;
    format      ascii;
    class       volScalarField;
    location    "3.35";
    object      p;
}
// * * * * * * * * * * * * * * * * * * * * * * * * * * * * * * * * * * * * * //

dimensions      [0 2 -2 0 0 0 0];


internalField   nonuniform List<scalar> 
9600
(
-1.19846e-09
0.00763197
0.00533364
-0.00130787
0.00217669
0.0129734
0.0102969
0.013117
0.0133728
0.0159653
0.0173436
0.0214748
0.0174567
0.0177553
0.0173172
0.0176281
0.0174555
0.0184845
0.0176185
0.0178056
6.736e-07
0.00766998
0.00531733
-0.00135836
0.00219907
0.0129927
0.0102817
0.0131149
0.0133755
0.0159691
0.017337
0.0213229
0.017496
0.0177575
0.0173309
0.0176448
0.0174475
0.0184838
0.0176335
0.0177878
5.40378e-06
0.0076987
0.00527795
-0.00135745
0.00225539
0.0129866
0.010263
0.0131143
0.0133759
0.0159798
0.0173247
0.0212133
0.0175429
0.0177489
0.0173657
0.0176668
0.0174527
0.0184833
0.0176337
0.0177888
1.78391e-05
0.00771275
0.0052374
-0.00128469
0.0023558
0.0129557
0.0102541
0.0131102
0.0133717
0.0160009
0.0173124
0.0210719
0.0175878
0.0177345
0.0174133
0.0176867
0.0174556
0.0184566
0.0176233
0.0177771
4.24615e-05
0.00771054
0.00520273
-0.00113624
0.00250654
0.0128951
0.0102622
0.0130996
0.0133632
0.0160289
0.0172979
0.0209051
0.0176357
0.0177148
0.0174631
0.0176985
0.0174451
0.0184097
0.017614
0.0177442
8.22082e-05
0.00768886
0.00517639
-0.000916041
0.00270261
0.0128112
0.0102945
0.0130838
0.0133511
0.0160571
0.0172807
0.0207221
0.0176867
0.017688
0.0175093
0.0177023
0.0174241
0.018363
0.0176031
0.0176938
0.000136896
0.00764922
0.00516136
-0.000640235
0.00292761
0.0127125
0.0103525
0.0130656
0.0133372
0.016081
0.0172625
0.0205314
0.0177373
0.0176562
0.0175521
0.0177032
0.0174019
0.0183206
0.0175834
0.0176352
0.000203512
0.00759503
0.0051584
-0.000329661
0.0031626
0.0126069
0.0104314
0.0130472
0.0133239
0.0160987
0.0172457
0.0203383
0.0177852
0.0176246
0.0175937
0.017707
0.0173809
0.0182772
0.0175567
0.0175762
0.000277748
0.0075317
0.0051654
-1.9778e-06
0.0033907
0.0124987
0.0105226
0.0130297
0.0133116
0.0161109
0.0172327
0.0201463
0.0178299
0.0175949
0.0176358
0.0177165
0.0173568
0.0182319
0.0175291
0.0175111
0.000356074
0.00746576
0.00518017
0.000330603
0.00360071
0.0123895
0.0106192
0.0130121
0.0133
0.0161188
0.0172251
0.0199583
0.0178711
0.0175674
0.0176796
0.0177314
0.0173271
0.0181877
0.0175013
0.0174313
0.000436685
0.00740341
0.00520255
0.000661369
0.00378591
0.0122801
0.01072
0.012994
0.0132892
0.0161242
0.0172235
0.0197759
0.0179068
0.0175421
0.0177263
0.0177517
0.0172919
0.0181451
0.0174719
0.0173361
0.000519149
0.00734889
0.00523425
0.000987588
0.0039436
0.0121705
0.0108266
0.0129754
0.0132809
0.0161298
0.0172276
0.0195989
0.0179352
0.0175203
0.0177763
0.0177771
0.0172522
0.0181033
0.0174444
0.0172314
0.000603689
0.00730385
0.00527697
0.00130872
0.00407552
0.0120599
0.0109412
0.0129598
0.0132772
0.0161382
0.0172365
0.0194264
0.0179557
0.0175036
0.017829
0.0178071
0.0172102
0.0180627
0.0174243
0.0171238
0.000690714
0.00726769
0.00533073
0.00162491
0.00418746
0.0119482
0.0110638
0.012948
0.0132799
0.0161506
0.0172492
0.0192574
0.0179689
0.0174929
0.0178824
0.017841
0.0171693
0.0180238
0.017415
0.0170185
0.000780632
0.00723836
0.00539393
0.00193658
0.00428737
0.0118354
0.0111924
0.0129398
0.013289
0.0161667
0.0172651
0.0190914
0.017976
0.0174884
0.0179336
0.0178782
0.0171324
0.0179854
0.017418
0.0169208
0.000873749
0.00721382
0.00546448
0.00224426
0.00438276
0.0117222
0.0113241
0.0129349
0.013304
0.0161849
0.0172835
0.018928
0.0179778
0.0174894
0.0179797
0.0179186
0.0171008
0.0179448
0.0174328
0.0168344
0.000970282
0.00719267
0.00554081
0.00254836
0.00447924
0.0116092
0.0114565
0.012933
0.0133234
0.0162038
0.017304
0.0187672
0.0179746
0.0174953
0.0180195
0.0179619
0.017075
0.0178993
0.0174581
0.0167616
0.00107041
0.00717417
0.00562212
0.00284906
0.00458025
0.0114973
0.011588
0.012934
0.0133463
0.0162221
0.017326
0.0186095
0.0179663
0.0175061
0.0180525
0.0180072
0.0170553
0.0178469
0.0174921
0.0167041
0.00117431
0.00715807
0.00570821
0.00314633
0.00468773
0.0113872
0.0117176
0.0129383
0.0133717
0.0162394
0.0173489
0.0184555
0.0179525
0.0175219
0.0180789
0.0180537
0.0170423
0.0177868
0.0175324
0.0166636
0.00128215
0.00714436
0.00579925
0.00343995
0.00480278
0.0112795
0.0118445
0.0129462
0.013399
0.0162554
0.0173724
0.0183059
0.017933
0.0175427
0.0180997
0.0181002
0.0170368
0.0177195
0.0175765
0.0166425
0.00139415
0.00713313
0.0058955
0.00372959
0.00492613
0.0111752
0.0119679
0.012958
0.0134278
0.0162701
0.0173959
0.0181615
0.0179076
0.017568
0.0181157
0.0181455
0.0170398
0.0176464
0.0176218
0.0166431
0.00151051
0.0071245
0.00599728
0.00401485
0.00505827
0.011075
0.0120874
0.0129738
0.0134577
0.0162834
0.0174194
0.0180229
0.0178766
0.0175975
0.0181272
0.0181886
0.0170527
0.0175692
0.0176656
0.0166683
0.00163149
0.00711856
0.00610484
0.00429524
0.00519939
0.0109798
0.0122019
0.0129938
0.0134887
0.0162955
0.0174426
0.0178909
0.0178399
0.0176308
0.0181351
0.0182282
0.0170768
0.0174897
0.0177053
0.0167202
0.00175737
0.0071154
0.00621839
0.00457028
0.00534943
0.0108904
0.012311
0.0130182
0.0135204
0.0163062
0.0174657
0.0177658
0.0177975
0.0176677
0.01814
0.0182629
0.017113
0.0174103
0.0177381
0.0167999
0.00188848
0.00711512
0.00633812
0.00483953
0.00550805
0.010808
0.0124142
0.013047
0.0135529
0.0163155
0.0174889
0.0176483
0.0177493
0.0177081
0.0181429
0.018291
0.017162
0.0173342
0.0177607
0.0169069
0.00202512
0.00711776
0.00646422
0.00510267
0.00567479
0.0107335
0.0125109
0.0130803
0.0135861
0.016323
0.0175125
0.0175388
0.0176951
0.0177516
0.0181461
0.0183109
0.0172229
0.0172654
0.0177698
0.0170381
0.00216763
0.00712339
0.0065968
0.00535956
0.00584904
0.0106681
0.012601
0.0131182
0.0136201
0.0163286
0.0175365
0.0174381
0.0176347
0.0177974
0.0181517
0.0183217
0.0172938
0.0172088
0.0177624
0.0171859
0.00231637
0.00713208
0.00673601
0.00561037
0.00603001
0.0106128
0.0126844
0.0131605
0.0136551
0.0163321
0.0175613
0.017347
0.017568
0.0178442
0.0181626
0.0183231
0.0173711
0.0171703
0.0177384
0.0173387
0.0024717
0.00714395
0.00688187
0.00585549
0.0062169
0.0105684
0.0127611
0.0132071
0.0136914
0.016333
0.0175867
0.0172663
0.0174956
0.0178901
0.0181814
0.0183161
0.0174504
0.0171547
0.0177024
0.0174824
0.00263403
0.00715917
0.0070342
0.00609554
0.00640882
0.0105359
0.0128314
0.0132578
0.0137294
0.0163314
0.0176128
0.0171967
0.0174177
0.0179336
0.0182102
0.018303
0.0175272
0.0171641
0.0176632
0.0176051
0.00280378
0.00717791
0.00719278
0.00633133
0.00660476
0.0105158
0.0128957
0.0133123
0.0137691
0.0163271
0.0176396
0.0171391
0.0173348
0.0179725
0.0182509
0.0182873
0.0175973
0.0171971
0.0176301
0.0177027
0.00298138
0.00720034
0.00735729
0.00656382
0.00680367
0.0105085
0.0129546
0.0133706
0.0138108
0.0163199
0.0176671
0.0170942
0.0172476
0.0180046
0.0183043
0.0182733
0.0176582
0.0172493
0.0176107
0.0177804
0.00316729
0.0072267
0.00752714
0.00679405
0.00700469
0.0105144
0.0130088
0.0134321
0.0138551
0.0163098
0.0176951
0.0170625
0.0171568
0.0180279
0.0183701
0.0182654
0.0177095
0.0173165
0.0176082
0.017846
0.00336196
0.00725728
0.00770152
0.00702304
0.00720707
0.0105332
0.0130594
0.0134966
0.0139022
0.0162968
0.0177239
0.017045
0.017063
0.0180401
0.0184486
0.0182674
0.0177511
0.0173956
0.0176243
0.0179046
0.00356577
0.00729237
0.00787956
0.0072519
0.00741035
0.0105643
0.0131072
0.0135644
0.0139528
0.0163029
0.0177528
0.0170432
0.0169677
0.0180382
0.0185391
0.018284
0.0177819
0.017483
0.0176635
0.017961
0.00377912
0.00733227
0.00806113
0.00748166
0.00761434
0.0106071
0.0131532
0.0136352
0.0140073
0.016283
0.0177796
0.0170581
0.0168743
0.0180188
0.018639
0.0183218
0.0178011
0.0175699
0.0177316
0.018025
0.00400246
0.00737739
0.0082435
0.00771333
0.00781922
0.0106608
0.0131985
0.0137089
0.0140657
0.0162614
0.0178035
0.0170893
0.0167863
0.0179791
0.0187439
0.0183883
0.0178124
0.0176447
0.0178273
0.0181095
0.00423616
0.00742832
0.00842602
0.00794754
0.00802574
0.0107247
0.0132435
0.0137856
0.0141288
0.0162385
0.0178232
0.0171366
0.0167077
0.0179176
0.0188461
0.0184874
0.0178257
0.017698
0.0179415
0.0182274
0.00448047
0.00748566
0.00860795
0.008185
0.00823428
0.0107984
0.0132893
0.0138648
0.0141972
0.0162155
0.0178367
0.017199
0.0166441
0.0178348
0.0189372
0.0186195
0.0178526
0.0177248
0.0180599
0.0183858
0.0047356
0.00755022
0.008788
0.0084268
0.00844575
0.0108805
0.0133368
0.0139472
0.0142707
0.0161937
0.0178431
0.0172731
0.0166022
0.0177345
0.0190069
0.018782
0.017906
0.0177266
0.018167
0.0185779
0.00500165
0.00762287
0.00896531
0.00867189
0.00866078
0.0109707
0.0133864
0.0140325
0.01435
0.0161743
0.0178425
0.017355
0.0165858
0.0176258
0.0190444
0.0189628
0.0179973
0.0177145
0.0182521
0.0187893
0.00527872
0.00770446
0.00913885
0.0089212
0.00888005
0.0110682
0.0134392
0.0141209
0.014435
0.0161589
0.017835
0.0174426
0.016595
0.0175162
0.0190492
0.0191477
0.0181293
0.0177005
0.0183104
0.0190115
0.00556674
0.00779618
0.00930755
0.00917488
0.00910506
0.0111718
0.0134951
0.0142134
0.0145259
0.0161484
0.0178207
0.0175332
0.0166321
0.0174114
0.0190222
0.0193273
0.0182985
0.0176944
0.0183288
0.0192381
0.00586532
0.00789919
0.00947095
0.00943264
0.00933642
0.0112812
0.0135543
0.0143102
0.0146233
0.0161435
0.0178003
0.017624
0.0166972
0.0173226
0.0189669
0.0194918
0.0185111
0.0177228
0.0183075
0.0194073
0.00617406
0.00801481
0.0096281
0.00969455
0.00957596
0.011395
0.0136169
0.0144128
0.0147274
0.016145
0.0177749
0.0177127
0.0167869
0.0172575
0.0188969
0.0196365
0.0187744
0.0178278
0.018251
0.0194587
0.00649224
0.00814445
0.00977885
0.00995974
0.00982507
0.0115131
0.0136818
0.0145214
0.0148397
0.0161534
0.017745
0.0177985
0.0168996
0.0172184
0.0188201
0.0197554
0.0190583
0.0179917
0.0181868
0.0194079
0.00681905
0.00828932
0.00992339
0.010227
0.0100857
0.0116355
0.0137476
0.0146363
0.0149621
0.0161701
0.0177112
0.0178797
0.0170336
0.0172102
0.0187371
0.0198352
0.0193244
0.0181918
0.018141
0.0193266
0.0071533
0.00845082
0.0100627
0.010494
0.0103597
0.011763
0.0138124
0.0147574
0.0150962
0.0161971
0.0176748
0.0179528
0.0171861
0.017236
0.018654
0.0198733
0.0195634
0.0184351
0.0181755
0.0192317
0.00749374
0.00863017
0.0101984
0.0107575
0.0106482
0.0118985
0.0138739
0.0148818
0.0152442
0.0162386
0.0176369
0.0180141
0.017352
0.0172966
0.0185797
0.0198732
0.0197661
0.0187072
0.0182835
0.019149
0.00783905
0.00882831
0.010333
0.011014
0.0109511
0.0120453
0.0139306
0.015007
0.0154071
0.0162973
0.0175983
0.0180624
0.0175244
0.0173918
0.0185218
0.0198427
0.019931
0.0189874
0.018453
0.0191145
0.00818782
0.00904602
0.0104697
0.0112602
0.0112667
0.012208
0.0139828
0.0151275
0.0155839
0.0163766
0.0175659
0.0180959
0.0176956
0.0175202
0.018487
0.0197922
0.0200579
0.0192582
0.0186705
0.0191481
0.00853891
0.00928352
0.0106114
0.0114944
0.0115916
0.0123908
0.0140331
0.0152375
0.0157705
0.0164801
0.0175465
0.0181144
0.0178583
0.0176797
0.0184809
0.0197283
0.0201485
0.0195169
0.0189248
0.0192471
0.0088912
0.0095404
0.0107623
0.0117156
0.0119198
0.0125977
0.0140871
0.0153315
0.0159597
0.0166097
0.0175475
0.018124
0.0180064
0.0178614
0.0185107
0.0196639
0.0202082
0.0197602
0.0191992
0.0193934
0.00924367
0.00981582
0.0109262
0.0119234
0.012245
0.0128304
0.0141519
0.0154073
0.0161425
0.0167638
0.0175768
0.0181327
0.0181329
0.0180512
0.0185824
0.0196177
0.0202425
0.0199763
0.019481
0.0195772
0.00959542
0.0101082
0.0111067
0.0121191
0.0125607
0.0130873
0.0142361
0.0154667
0.0163077
0.016937
0.0176399
0.0181496
0.0182399
0.0182374
0.0186899
0.0196042
0.0202647
0.0201602
0.019763
0.0197976
0.00994599
0.0104152
0.0113065
0.0123056
0.0128618
0.0133643
0.0143471
0.015516
0.0164473
0.0171202
0.0177389
0.0181839
0.0183345
0.0184136
0.0188219
0.0196279
0.0202925
0.0203163
0.0200288
0.0200454
0.0102951
0.0107341
0.0115269
0.0124878
0.0131444
0.0136543
0.0144896
0.0155662
0.0165582
0.0172993
0.0178715
0.0182383
0.0184249
0.0185773
0.01897
0.0196835
0.0203358
0.0204581
0.0202666
0.0203044
0.0106429
0.0110614
0.0117682
0.0126715
0.0134067
0.0139486
0.014665
0.0156298
0.0166432
0.0174605
0.0180311
0.0183461
0.0185226
0.0187253
0.0191251
0.0197662
0.0203964
0.0205992
0.0204828
0.0205524
0.0109898
0.0113939
0.0120294
0.0128623
0.0136486
0.0142386
0.014871
0.015718
0.0167124
0.0175962
0.0182022
0.0184915
0.0186397
0.0188631
0.0192779
0.0198721
0.0204722
0.0207435
0.0206939
0.0207778
0.0113358
0.0117291
0.0123082
0.0130639
0.0138729
0.0145175
0.0151016
0.0158374
0.01678
0.0177057
0.0183699
0.0186643
0.0187872
0.0190047
0.0194221
0.0199904
0.0205599
0.0208857
0.020914
0.0209987
0.0116813
0.0120649
0.0126013
0.0132794
0.0140844
0.0147814
0.0153481
0.0159893
0.0168598
0.0177948
0.0185225
0.0188528
0.0189622
0.0191607
0.0195645
0.0201128
0.0206609
0.0210229
0.0211389
0.0212382
0.0120264
0.0123995
0.0129039
0.0135107
0.0142895
0.0150283
0.0156016
0.016171
0.0169617
0.0178753
0.0186541
0.0190452
0.0191608
0.0193352
0.0197139
0.0202397
0.0207758
0.0211559
0.0213479
0.0214923
0.012371
0.0127319
0.0132114
0.013758
0.0144949
0.0152588
0.0158541
0.0163763
0.0170898
0.0179607
0.0187672
0.0192282
0.019378
0.0195306
0.0198741
0.0203721
0.0209019
0.0212944
0.021534
0.0217408
0.0127149
0.0130612
0.0135201
0.0140195
0.0147059
0.0154755
0.0160999
0.016598
0.017244
0.0180604
0.0188697
0.0193941
0.0196024
0.0197485
0.0200507
0.0205091
0.021033
0.0214468
0.0217132
0.0219673
0.013057
0.0133871
0.0138271
0.0142924
0.0149262
0.0156825
0.0163353
0.0168289
0.0174217
0.0181791
0.0189718
0.0195444
0.0198174
0.0199825
0.0202517
0.0206575
0.0211611
0.0216046
0.0219007
0.0221775
0.0133964
0.0137092
0.0141303
0.0145724
0.0151572
0.0158849
0.0165588
0.0170623
0.0176181
0.0183189
0.0190809
0.0196845
0.0200186
0.0202155
0.0204717
0.0208296
0.021291
0.0217526
0.0220918
0.0223874
0.0137318
0.0140273
0.0144288
0.0148549
0.0153981
0.0160872
0.0167711
0.0172929
0.0178278
0.0184792
0.0192017
0.0198197
0.0202104
0.0204408
0.0206968
0.0210278
0.021439
0.021891
0.0222723
0.0225985
0.0140617
0.0143408
0.0147215
0.0151361
0.015647
0.0162925
0.0169733
0.0175166
0.0180455
0.0186573
0.0193381
0.019954
0.0203922
0.0206634
0.0209189
0.0212373
0.0216148
0.022036
0.022439
0.0227998
0.0143844
0.0146488
0.0150079
0.0154125
0.0159004
0.0165029
0.0171689
0.0177306
0.0182649
0.0188486
0.0194909
0.0200939
0.0205633
0.0208815
0.021145
0.0214477
0.0218097
0.0222018
0.0226026
0.0229886
0.0146982
0.0149497
0.0152875
0.0156819
0.0161532
0.0167174
0.0173613
0.0179349
0.0184808
0.019047
0.0196573
0.0202464
0.0207291
0.0210875
0.0213769
0.0216631
0.022009
0.0223862
0.0227754
0.0231721
0.0150012
0.015242
0.015559
0.0159423
0.0164023
0.0169335
0.01755
0.0181293
0.0186911
0.0192484
0.0198329
0.020412
0.0208974
0.0212773
0.0216047
0.021892
0.0222129
0.0225787
0.0229596
0.0233588
0.0152914
0.015524
0.0158215
0.0161915
0.0166432
0.0171494
0.0177368
0.0183129
0.0188905
0.0194486
0.0200127
0.0205868
0.0210844
0.0214677
0.0218196
0.0221303
0.0224308
0.0227757
0.0231484
0.0235484
0.0155665
0.0157932
0.0160736
0.0164282
0.0168714
0.0173583
0.0179203
0.0184889
0.0190783
0.0196453
0.0201909
0.0207498
0.0212613
0.0216587
0.0220253
0.0223689
0.0226669
0.0229814
0.0233341
0.0237281
0.0158243
0.0160468
0.0163129
0.0166518
0.0170865
0.0175561
0.018093
0.0186507
0.0192477
0.0198393
0.0204064
0.0209584
0.0215182
0.0219359
0.0222949
0.0226576
0.0229699
0.023253
0.0235697
0.0239371
0.0160627
0.0162818
0.0165353
0.0168572
0.0172833
0.0177422
0.01826
0.0188002
0.0193817
0.0199522
0.0204918
0.0210596
0.0215929
0.0220636
0.022458
0.0228609
0.0232454
0.0235869
0.0239372
0.024323
0.016281
0.0164972
0.0167391
0.0170419
0.0174542
0.0179004
0.0184116
0.0189621
0.0195784
0.0202097
0.0209006
0.0214911
0.022005
0.0224564
0.022812
0.0231081
0.0233783
0.0235962
0.0238224
0.0241113
0.0164747
0.01669
0.0169229
0.0172109
0.0176052
0.0180224
0.0184896
0.0189761
0.0195223
0.0200965
0.0206933
0.021364
0.022033
0.0226796
0.0232744
0.0238112
0.024355
0.0248765
0.0253616
0.0257891
0.0166357
0.016843
0.0170758
0.0173641
0.0177657
0.0181884
0.0186761
0.0192132
0.0198198
0.0204672
0.0211369
0.0217742
0.0223683
0.0228434
0.0232464
0.0235634
0.0238246
0.0240429
0.0242322
0.0244553
0.0167744
0.0169801
0.0171844
0.0174293
0.017783
0.018166
0.0186402
0.019201
0.0198378
0.0205171
0.0211715
0.0217716
0.0223896
0.0229843
0.0235745
0.0241594
0.0247311
0.025272
0.0257427
0.0261158
0.0168807
0.0170987
0.0173279
0.0176019
0.0179911
0.0183876
0.0188286
0.0193036
0.0198409
0.0204804
0.0212275
0.0220209
0.0227581
0.0234052
0.0239426
0.0243964
0.0247837
0.0251441
0.0254647
0.0257229
0.0180345
0.0166172
0.0127941
0.00911472
0.00883
0.011017
0.013821
0.0163278
0.0182868
0.0198235
0.0210449
0.0220121
0.0228633
0.0237133
0.0244664
0.0251836
0.0261217
0.0271761
0.0280894
0.0289515
0.0298964
0.0308782
0.0318753
0.0328481
0.0337477
0.0346324
0.0355328
0.0364599
0.0374476
0.0384746
0.0394787
0.0404804
0.0415286
0.0425834
0.0436026
0.0446084
0.0456168
0.0466524
0.0477308
0.0488294
0.0499254
0.0510288
0.0521685
0.0533506
0.0545621
0.0557475
0.0569613
0.0582688
0.0595889
0.0608165
0.0620114
0.0632799
0.0645562
0.0658197
0.0671999
0.0687497
0.0702687
0.0717385
0.0732833
0.0748978
0.0764105
0.0777859
0.0792824
0.0809438
0.0826232
0.0843373
0.0861139
0.0878474
0.089633
0.0914694
0.0933279
0.0951746
0.097062
0.0990162
0.100983
0.102975
0.105035
0.107181
0.109327
0.111478
0.113667
0.115953
0.118261
0.12068
0.12314
0.125538
0.127963
0.130465
0.133067
0.135739
0.138438
0.141177
0.143874
0.146692
0.149494
0.152378
0.155266
0.158033
0.160656
0.163097
0.0180411
0.0165853
0.0129094
0.00928492
0.008927
0.0110578
0.0138452
0.0163473
0.0183033
0.0198374
0.0210565
0.0220213
0.0228705
0.0237195
0.0244717
0.0251877
0.0261254
0.0271799
0.0280929
0.0289544
0.0298991
0.0308806
0.0318775
0.0328502
0.0337496
0.0346342
0.0355344
0.0364613
0.0374488
0.0384758
0.0394798
0.0404813
0.0415295
0.0425843
0.0436035
0.0446092
0.0456176
0.0466532
0.0477316
0.0488302
0.0499262
0.0510295
0.0521692
0.0533513
0.0545627
0.0557481
0.0569619
0.0582693
0.0595895
0.0608171
0.0620119
0.0632804
0.0645567
0.0658201
0.0672003
0.0687501
0.0702691
0.0717389
0.0732836
0.0748982
0.0764109
0.0777862
0.0792826
0.0809441
0.0826235
0.0843375
0.0861141
0.0878477
0.0896332
0.0914696
0.0933281
0.0951748
0.0970622
0.0990163
0.100984
0.102975
0.105036
0.107181
0.109328
0.111479
0.113667
0.115953
0.118261
0.12068
0.12314
0.125538
0.127963
0.130465
0.133067
0.135739
0.138438
0.141177
0.143875
0.146692
0.149494
0.152378
0.155267
0.158033
0.160656
0.163097
0.0179298
0.0164404
0.0130529
0.00957337
0.00909782
0.0111204
0.0138707
0.0163622
0.0183155
0.0198494
0.0210683
0.0220323
0.0228799
0.023727
0.0244773
0.0251917
0.0261288
0.0271833
0.028096
0.0289571
0.0299016
0.0308828
0.0318795
0.0328521
0.0337513
0.0346357
0.0355357
0.0364625
0.0374499
0.0384768
0.0394808
0.0404822
0.0415303
0.0425851
0.0436043
0.0446099
0.0456183
0.0466538
0.0477322
0.0488308
0.0499268
0.0510301
0.0521697
0.0533518
0.0545633
0.0557486
0.0569623
0.0582697
0.05959
0.0608176
0.0620123
0.0632808
0.0645571
0.0658204
0.0672005
0.0687504
0.0702695
0.0717391
0.0732839
0.0748985
0.0764113
0.0777865
0.0792828
0.0809443
0.0826237
0.0843377
0.0861144
0.0878479
0.0896334
0.0914697
0.0933283
0.095175
0.0970623
0.0990165
0.100984
0.102975
0.105036
0.107181
0.109328
0.111479
0.113667
0.115953
0.118261
0.12068
0.12314
0.125538
0.127964
0.130465
0.133067
0.135739
0.138438
0.141177
0.143875
0.146692
0.149494
0.152378
0.155267
0.158033
0.160656
0.163097
0.0177845
0.0162959
0.0132294
0.00994585
0.00934727
0.0112226
0.0139138
0.0163849
0.018332
0.0198637
0.0210814
0.0220449
0.0228921
0.0237383
0.024487
0.0251992
0.0261342
0.0271875
0.0280996
0.0289608
0.0299053
0.0308861
0.0318823
0.0328546
0.0337534
0.0346376
0.0355375
0.036464
0.0374512
0.0384782
0.0394821
0.0404833
0.0415313
0.0425861
0.0436052
0.0446107
0.0456189
0.0466544
0.0477328
0.0488314
0.0499274
0.0510306
0.0521703
0.0533524
0.0545639
0.0557492
0.0569628
0.0582702
0.0595906
0.0608182
0.0620128
0.0632812
0.0645575
0.0658207
0.0672007
0.0687507
0.0702699
0.0717394
0.0732841
0.0748989
0.0764118
0.0777867
0.0792829
0.0809445
0.082624
0.0843379
0.0861146
0.0878481
0.0896336
0.0914699
0.0933285
0.0951752
0.0970624
0.0990166
0.100984
0.102976
0.105036
0.107181
0.109328
0.111479
0.113667
0.115953
0.118261
0.12068
0.12314
0.125538
0.127964
0.130465
0.133067
0.135739
0.138438
0.141177
0.143875
0.146692
0.149494
0.152378
0.155267
0.158033
0.160657
0.163098
0.017643
0.0161787
0.0134307
0.0103466
0.00962916
0.0113462
0.0139678
0.0164139
0.0183532
0.0198806
0.0210958
0.0220594
0.0229068
0.0237523
0.0245008
0.025212
0.0261436
0.0271934
0.0281045
0.0289662
0.0299108
0.030891
0.0318863
0.0328579
0.0337563
0.0346403
0.0355401
0.0364662
0.037453
0.0384798
0.0394838
0.0404849
0.0415327
0.0425873
0.0436062
0.0446116
0.0456197
0.0466551
0.0477335
0.048832
0.049928
0.0510313
0.0521709
0.053353
0.0545645
0.0557498
0.0569633
0.0582708
0.0595912
0.0608188
0.0620133
0.0632817
0.0645579
0.065821
0.0672009
0.0687512
0.0702704
0.0717397
0.0732844
0.0748993
0.0764123
0.077787
0.079283
0.0809447
0.0826242
0.0843381
0.0861149
0.0878483
0.0896337
0.0914702
0.0933287
0.0951754
0.0970626
0.0990168
0.100984
0.102976
0.105036
0.107181
0.109328
0.111479
0.113667
0.115953
0.118261
0.12068
0.12314
0.125539
0.127964
0.130465
0.133067
0.135739
0.138438
0.141177
0.143875
0.146693
0.149494
0.152378
0.155267
0.158033
0.160657
0.163098
0.0175207
0.0160914
0.013631
0.0107473
0.00992511
0.0114803
0.0140261
0.0164462
0.018378
0.0199004
0.0211117
0.0220748
0.022922
0.0237668
0.0245167
0.0252292
0.0261574
0.0272023
0.0281116
0.0289739
0.0299185
0.0308976
0.0318917
0.0328623
0.0337604
0.0346444
0.035544
0.0364694
0.0374554
0.0384819
0.039486
0.0404871
0.0415347
0.042589
0.0436077
0.0446128
0.0456207
0.046656
0.0477343
0.0488326
0.0499286
0.0510319
0.0521716
0.0533535
0.054565
0.0557506
0.0569641
0.0582714
0.0595919
0.0608197
0.062014
0.0632822
0.0645583
0.0658213
0.0672012
0.0687516
0.0702708
0.0717401
0.0732848
0.0748998
0.0764129
0.0777874
0.0792831
0.080945
0.0826245
0.0843384
0.0861153
0.0878486
0.089634
0.0914704
0.093329
0.0951757
0.0970628
0.099017
0.100984
0.102976
0.105036
0.107182
0.109328
0.111479
0.113668
0.115953
0.118261
0.12068
0.123141
0.125539
0.127964
0.130465
0.133067
0.13574
0.138439
0.141177
0.143875
0.146693
0.149495
0.152378
0.155267
0.158034
0.160658
0.163099
0.0174255
0.0160215
0.013813
0.0111397
0.0102343
0.0116257
0.0140884
0.016481
0.0184062
0.0199237
0.02113
0.0220912
0.0229371
0.0237801
0.0245322
0.025248
0.026174
0.0272138
0.0281215
0.0289844
0.0299286
0.0309061
0.0318982
0.0328675
0.0337654
0.0346499
0.0355495
0.036474
0.0374584
0.0384843
0.0394887
0.0404898
0.041537
0.0425911
0.0436096
0.0446144
0.0456221
0.0466573
0.0477353
0.0488334
0.0499293
0.0510326
0.0521723
0.053354
0.0545655
0.0557514
0.0569651
0.0582721
0.0595926
0.0608207
0.062015
0.0632828
0.0645587
0.0658216
0.0672015
0.0687521
0.0702713
0.0717405
0.0732852
0.0749003
0.0764136
0.0777878
0.0792833
0.0809453
0.0826249
0.0843388
0.0861157
0.0878489
0.0896342
0.0914707
0.0933293
0.095176
0.097063
0.0990172
0.100985
0.102976
0.105036
0.107182
0.109328
0.111479
0.113668
0.115953
0.118262
0.12068
0.123141
0.125539
0.127964
0.130465
0.133068
0.13574
0.138439
0.141178
0.143875
0.146693
0.149495
0.152378
0.155268
0.158034
0.160659
0.1631
0.01735
0.0159578
0.0139732
0.0115272
0.0105616
0.011786
0.0141554
0.0165178
0.0184376
0.0199506
0.021151
0.022109
0.0229525
0.0237929
0.0245469
0.0252668
0.0261915
0.0272271
0.0281339
0.0289976
0.0299409
0.030916
0.0319055
0.0328731
0.033771
0.0346565
0.0355567
0.0364802
0.0374625
0.0384871
0.0394918
0.040493
0.0415396
0.0425933
0.0436116
0.0446164
0.0456241
0.0466593
0.0477368
0.0488344
0.0499302
0.0510336
0.0521732
0.0533544
0.0545657
0.0557522
0.0569662
0.0582727
0.0595932
0.060822
0.0620163
0.0632836
0.0645592
0.0658222
0.067202
0.0687525
0.0702718
0.0717409
0.0732856
0.0749008
0.0764143
0.0777883
0.0792835
0.0809456
0.0826252
0.0843392
0.0861161
0.0878492
0.0896345
0.091471
0.0933297
0.0951763
0.0970633
0.0990175
0.100985
0.102976
0.105036
0.107182
0.109329
0.11148
0.113668
0.115954
0.118262
0.120681
0.123141
0.125539
0.127964
0.130465
0.133068
0.13574
0.138439
0.141178
0.143875
0.146693
0.149495
0.152378
0.155268
0.158035
0.16066
0.163101
0.0172827
0.0159017
0.0141209
0.0119139
0.0109084
0.0119626
0.0142274
0.0165556
0.0184714
0.0199811
0.021175
0.0221287
0.0229689
0.0238063
0.024562
0.0252856
0.0262092
0.0272413
0.028148
0.0290128
0.0299549
0.0309273
0.0319136
0.0328788
0.0337767
0.0346637
0.0355651
0.0364879
0.0374678
0.0384906
0.0394953
0.0404964
0.0415422
0.0425954
0.0436136
0.0446184
0.0456265
0.0466619
0.0477389
0.0488359
0.0499315
0.0510351
0.0521745
0.053355
0.0545658
0.0557529
0.0569674
0.0582732
0.0595935
0.0608234
0.062018
0.0632846
0.0645599
0.0658232
0.0672028
0.0687529
0.0702721
0.0717412
0.073286
0.0749013
0.0764151
0.077789
0.0792838
0.0809459
0.0826257
0.0843397
0.0861167
0.0878496
0.0896348
0.0914714
0.0933301
0.0951768
0.0970636
0.0990178
0.100985
0.102976
0.105037
0.107182
0.109329
0.11148
0.113668
0.115954
0.118262
0.120681
0.123141
0.125539
0.127964
0.130465
0.133068
0.13574
0.138439
0.141178
0.143875
0.146693
0.149495
0.152379
0.155268
0.158036
0.160662
0.163103
0.0172212
0.0158641
0.014262
0.0122966
0.0112734
0.0121582
0.0143057
0.0165939
0.0185066
0.0200146
0.0212017
0.02215
0.0229863
0.023821
0.0245788
0.0253059
0.0262277
0.0272562
0.0281631
0.0290294
0.0299702
0.0309396
0.0319225
0.0328849
0.0337824
0.034671
0.035574
0.0364967
0.037474
0.0384948
0.0394993
0.0405002
0.041545
0.0425973
0.0436153
0.0446202
0.0456289
0.046665
0.0477415
0.0488378
0.0499333
0.051037
0.0521764
0.0533559
0.054566
0.0557537
0.0569686
0.0582733
0.0595934
0.0608247
0.0620199
0.0632858
0.0645608
0.0658247
0.0672042
0.0687536
0.0702724
0.0717414
0.0732861
0.0749014
0.0764159
0.0777899
0.0792844
0.0809464
0.0826262
0.0843402
0.0861172
0.08785
0.0896352
0.0914718
0.0933306
0.0951774
0.0970641
0.0990182
0.100986
0.102977
0.105037
0.107183
0.109329
0.11148
0.113668
0.115954
0.118262
0.120681
0.123142
0.12554
0.127964
0.130465
0.133068
0.13574
0.138439
0.141178
0.143875
0.146693
0.149495
0.152379
0.155269
0.158037
0.160664
0.163104
0.0171694
0.0158509
0.0143947
0.0126706
0.0116581
0.0123779
0.0143929
0.0166319
0.0185411
0.0200493
0.0212301
0.0221724
0.0230046
0.0238374
0.0245984
0.0253288
0.0262477
0.0272717
0.0281791
0.029047
0.0299865
0.0309528
0.0319321
0.0328916
0.0337885
0.0346785
0.0355832
0.0365059
0.037481
0.0384995
0.0395037
0.0405043
0.0415478
0.0425992
0.0436166
0.0446214
0.0456312
0.0466683
0.0477446
0.04884
0.0499354
0.0510394
0.0521787
0.0533572
0.0545664
0.0557546
0.0569699
0.0582731
0.0595927
0.0608256
0.0620217
0.0632867
0.0645616
0.0658266
0.0672062
0.0687549
0.0702729
0.0717416
0.0732858
0.0749011
0.0764163
0.0777909
0.0792851
0.080947
0.0826269
0.0843409
0.0861179
0.0878504
0.0896355
0.0914722
0.0933311
0.0951781
0.0970646
0.0990187
0.100986
0.102977
0.105037
0.107183
0.10933
0.11148
0.113668
0.115954
0.118262
0.120681
0.123142
0.12554
0.127964
0.130466
0.133068
0.13574
0.13844
0.141178
0.143876
0.146693
0.149496
0.152379
0.15527
0.158039
0.160667
0.163107
0.0171279
0.0158612
0.0145183
0.0130338
0.0120636
0.012625
0.0144906
0.0166691
0.0185733
0.0200838
0.0212591
0.0221952
0.0230234
0.0238554
0.0246208
0.0253547
0.0262696
0.0272881
0.0281955
0.0290653
0.0300034
0.0309665
0.0319422
0.0328987
0.0337949
0.0346863
0.0355926
0.0365155
0.0374883
0.0385047
0.0395084
0.0405086
0.0415508
0.042601
0.0436177
0.0446222
0.0456331
0.0466717
0.0477479
0.0488425
0.0499377
0.0510422
0.0521815
0.0533589
0.054567
0.0557558
0.0569713
0.0582728
0.0595915
0.0608262
0.0620231
0.0632873
0.0645622
0.0658286
0.0672088
0.0687568
0.070274
0.071742
0.0732852
0.0749
0.0764162
0.0777917
0.0792859
0.0809478
0.0826278
0.0843418
0.0861186
0.0878509
0.089636
0.0914725
0.0933316
0.0951788
0.0970653
0.0990192
0.100987
0.102978
0.105038
0.107184
0.10933
0.111481
0.113668
0.115954
0.118262
0.120681
0.123143
0.12554
0.127964
0.130466
0.133068
0.135741
0.13844
0.141178
0.143876
0.146693
0.149496
0.152379
0.15527
0.158041
0.16067
0.163109
0.0170933
0.015894
0.0146362
0.0133836
0.0124837
0.0128973
0.014599
0.0167054
0.0186028
0.0201177
0.0212884
0.0222182
0.0230426
0.0238747
0.0246457
0.0253832
0.0262936
0.0273055
0.0282123
0.0290838
0.0300206
0.0309805
0.0319526
0.0329062
0.0338019
0.0346947
0.0356024
0.0365252
0.037496
0.0385103
0.0395136
0.0405132
0.041554
0.0426029
0.0436187
0.0446228
0.0456348
0.0466751
0.0477515
0.0488452
0.0499403
0.0510452
0.0521846
0.0533609
0.054568
0.0557572
0.0569729
0.0582723
0.0595899
0.0608263
0.0620242
0.0632874
0.0645622
0.0658303
0.0672115
0.0687593
0.0702757
0.0717427
0.0732845
0.0748982
0.0764152
0.0777919
0.0792865
0.0809488
0.0826289
0.0843429
0.0861194
0.0878515
0.0896365
0.0914727
0.0933319
0.0951795
0.0970659
0.0990198
0.100987
0.102979
0.105039
0.107185
0.109331
0.111481
0.113669
0.115955
0.118263
0.120682
0.123143
0.125541
0.127964
0.130466
0.133069
0.135741
0.13844
0.141179
0.143876
0.146693
0.149496
0.15238
0.155271
0.158043
0.160673
0.163112
0.0170631
0.0159489
0.0147526
0.0137138
0.0129068
0.0131887
0.0147176
0.0167424
0.0186306
0.0201514
0.0213181
0.0222416
0.0230623
0.0238951
0.0246722
0.0254139
0.0263194
0.0273243
0.0282297
0.0291025
0.0300379
0.0309946
0.0319631
0.0329139
0.0338094
0.0347036
0.0356126
0.0365353
0.037504
0.0385162
0.0395191
0.0405182
0.0415573
0.0426048
0.0436196
0.0446234
0.0456365
0.0466784
0.0477551
0.0488481
0.0499429
0.0510485
0.052188
0.0533632
0.0545691
0.0557588
0.0569747
0.0582718
0.0595879
0.0608259
0.0620249
0.0632871
0.0645617
0.0658317
0.0672141
0.068762
0.0702779
0.0717437
0.0732838
0.0748957
0.0764133
0.0777914
0.0792868
0.0809498
0.0826304
0.0843442
0.0861202
0.0878522
0.0896372
0.0914731
0.0933321
0.0951801
0.0970665
0.0990204
0.100988
0.102979
0.105039
0.107185
0.109332
0.111482
0.11367
0.115955
0.118263
0.120682
0.123144
0.125541
0.127965
0.130466
0.133069
0.135741
0.13844
0.141179
0.143876
0.146694
0.149497
0.15238
0.155272
0.158046
0.160678
0.163116
0.0170366
0.016025
0.0148699
0.0140175
0.013321
0.0134933
0.0148472
0.0167823
0.0186582
0.0201854
0.021349
0.0222662
0.0230831
0.0239166
0.0246998
0.025446
0.0263472
0.0273447
0.028248
0.0291214
0.0300553
0.0310087
0.0319736
0.0329218
0.0338173
0.0347131
0.0356232
0.0365457
0.0375123
0.0385224
0.039525
0.0405235
0.0415609
0.0426069
0.0436207
0.0446242
0.0456386
0.0466819
0.0477586
0.048851
0.0499457
0.0510519
0.0521916
0.0533656
0.0545703
0.0557606
0.0569766
0.0582712
0.0595856
0.0608251
0.0620253
0.0632865
0.0645608
0.0658325
0.0672162
0.0687645
0.0702803
0.0717451
0.0732829
0.0748928
0.0764106
0.0777901
0.0792865
0.0809506
0.0826319
0.0843458
0.0861212
0.0878529
0.0896381
0.0914737
0.0933322
0.0951805
0.097067
0.0990209
0.100989
0.10298
0.105041
0.107186
0.109333
0.111483
0.113671
0.115956
0.118263
0.120681
0.123144
0.125542
0.127965
0.130467
0.133069
0.135741
0.13844
0.141179
0.143876
0.146694
0.149497
0.15238
0.155273
0.158049
0.160682
0.163119
0.0170129
0.0161203
0.0149898
0.0142905
0.0137187
0.013808
0.0149899
0.0168275
0.0186861
0.02022
0.0213814
0.0222927
0.0231059
0.0239395
0.0247285
0.0254793
0.0263768
0.0273671
0.0282674
0.0291408
0.0300729
0.0310232
0.0319844
0.0329298
0.0338255
0.034723
0.0356343
0.0365566
0.0375211
0.0385291
0.0395312
0.0405292
0.0415648
0.0426091
0.043622
0.0446256
0.0456412
0.0466856
0.0477621
0.0488539
0.0499486
0.0510554
0.0521954
0.0533681
0.0545716
0.0557625
0.0569787
0.0582707
0.0595829
0.0608239
0.0620253
0.0632857
0.0645596
0.0658329
0.0672178
0.0687666
0.0702826
0.0717465
0.073282
0.0748893
0.0764071
0.0777882
0.0792859
0.0809512
0.0826334
0.0843474
0.0861223
0.0878536
0.0896389
0.0914743
0.0933323
0.0951807
0.0970675
0.0990213
0.100989
0.102981
0.105042
0.107187
0.109333
0.111484
0.113672
0.115958
0.118263
0.120681
0.123144
0.125542
0.127966
0.130468
0.133069
0.135741
0.138441
0.141179
0.143877
0.146694
0.149498
0.152381
0.155274
0.158052
0.160687
0.163123
0.0169902
0.0162322
0.0151151
0.0145334
0.014097
0.0141323
0.015148
0.0168795
0.0187146
0.0202546
0.0214156
0.0223217
0.0231311
0.0239643
0.0247582
0.0255137
0.026408
0.0273914
0.0282883
0.0291609
0.0300911
0.031038
0.0319955
0.0329383
0.0338342
0.0347334
0.0356459
0.036568
0.0375305
0.0385362
0.0395379
0.0405354
0.041569
0.0426115
0.0436238
0.0446277
0.0456446
0.0466898
0.0477656
0.048857
0.0499517
0.0510592
0.0521994
0.0533708
0.0545729
0.0557646
0.056981
0.0582701
0.0595798
0.0608221
0.0620251
0.0632847
0.0645585
0.0658333
0.0672191
0.068768
0.0702847
0.0717481
0.0732809
0.0748855
0.0764029
0.0777861
0.0792853
0.0809517
0.0826347
0.0843491
0.0861234
0.0878542
0.0896397
0.0914749
0.0933323
0.0951808
0.0970678
0.0990217
0.10099
0.102982
0.105043
0.107189
0.109334
0.111485
0.113673
0.115959
0.118264
0.12068
0.123143
0.125542
0.127966
0.130469
0.13307
0.13574
0.138441
0.141179
0.143877
0.146694
0.149499
0.152381
0.155275
0.158056
0.160693
0.163127
0.0169661
0.0163573
0.0152497
0.0147504
0.0144556
0.0144656
0.0153234
0.0169398
0.0187437
0.0202887
0.0214516
0.0223538
0.0231593
0.0239912
0.0247891
0.0255492
0.0264408
0.0274175
0.0283106
0.029182
0.03011
0.0310536
0.0320072
0.0329473
0.0338434
0.0347445
0.0356583
0.0365802
0.0375406
0.0385438
0.039545
0.0405421
0.0415735
0.0426143
0.0436258
0.0446303
0.0456487
0.0466945
0.0477694
0.0488602
0.0499548
0.0510631
0.0522036
0.0533734
0.0545742
0.0557667
0.0569834
0.0582696
0.0595765
0.06082
0.0620247
0.0632839
0.0645576
0.065834
0.0672203
0.0687688
0.0702863
0.0717497
0.0732799
0.0748813
0.0763983
0.0777842
0.0792854
0.0809525
0.082636
0.0843504
0.0861245
0.0878549
0.0896404
0.0914751
0.093332
0.0951808
0.0970682
0.0990222
0.10099
0.102982
0.105044
0.10719
0.109334
0.111485
0.113674
0.115961
0.118265
0.12068
0.123143
0.125542
0.127967
0.13047
0.133071
0.13574
0.13844
0.141179
0.143877
0.146694
0.149499
0.152381
0.155276
0.15806
0.160699
0.163131
0.0169386
0.0164917
0.0153977
0.0149469
0.0147942
0.0148068
0.015518
0.0170101
0.0187738
0.0203217
0.0214889
0.0223892
0.023191
0.0240206
0.0248212
0.0255855
0.0264748
0.027445
0.0283342
0.0292041
0.0301299
0.0310701
0.0320198
0.0329571
0.0338533
0.0347563
0.0356715
0.0365931
0.0375513
0.038552
0.0395525
0.0405491
0.0415785
0.0426173
0.0436283
0.0446335
0.0456534
0.0466996
0.0477734
0.0488636
0.049958
0.0510671
0.0522081
0.0533762
0.0545754
0.055769
0.0569861
0.0582692
0.0595731
0.0608175
0.0620242
0.0632786
0.0645572
0.0658353
0.0672219
0.0687693
0.0702876
0.0717513
0.073279
0.074877
0.0763935
0.077783
0.0792867
0.080954
0.0826373
0.0843515
0.0861255
0.0878557
0.089641
0.0914751
0.0933315
0.0951807
0.0970687
0.0990227
0.100991
0.102983
0.105045
0.107191
0.109335
0.111485
0.113674
0.115962
0.118266
0.120679
0.123141
0.125541
0.127967
0.130471
0.133072
0.13574
0.13844
0.141178
0.143877
0.146694
0.1495
0.152382
0.155277
0.158064
0.160705
0.163136
0.0169072
0.0166314
0.0155624
0.0151275
0.0151115
0.0151539
0.0157333
0.0170922
0.0188055
0.0203534
0.0215274
0.0224279
0.0232264
0.0240527
0.0248548
0.025623
0.0265101
0.0274739
0.028359
0.0292273
0.0301509
0.0310877
0.0320334
0.0329678
0.033864
0.0347688
0.0356856
0.0366069
0.0375627
0.0385608
0.0395605
0.0405566
0.0415838
0.0426207
0.043631
0.044637
0.0456584
0.0467049
0.0477777
0.0488673
0.0499614
0.0510713
0.0522128
0.053379
0.0545766
0.0557715
0.056989
0.058269
0.0595696
0.060815
0.0620239
0.0632786
0.0645577
0.0658378
0.0672244
0.0687698
0.0702885
0.071753
0.0732781
0.0748727
0.0763889
0.0777828
0.0792895
0.0809563
0.0826387
0.0843522
0.0861263
0.0878565
0.0896418
0.0914747
0.0933307
0.0951804
0.0970693
0.0990233
0.100992
0.102984
0.105046
0.107192
0.109335
0.111485
0.113675
0.115963
0.118267
0.120678
0.12314
0.12554
0.127966
0.130472
0.133073
0.13574
0.13844
0.141178
0.143878
0.146694
0.149501
0.152383
0.155278
0.158069
0.160712
0.163141
0.0168735
0.016772
0.0157451
0.0152971
0.0154062
0.0155041
0.0159695
0.0171877
0.0188401
0.0203842
0.0215666
0.0224696
0.0232654
0.0240877
0.0248901
0.0256616
0.0265467
0.027504
0.0283849
0.0292515
0.030173
0.0311064
0.0320479
0.0329794
0.0338755
0.0347822
0.0357006
0.0366214
0.0375748
0.0385701
0.0395689
0.0405645
0.0415894
0.0426244
0.0436342
0.0446408
0.0456637
0.0467106
0.0477824
0.0488713
0.049965
0.0510757
0.0522177
0.053382
0.0545779
0.055774
0.0569922
0.058269
0.0595662
0.0608126
0.062024
0.0632792
0.0645591
0.0658417
0.0672282
0.0687706
0.0702891
0.0717545
0.0732774
0.0748683
0.0763846
0.0777839
0.0792939
0.0809595
0.0826405
0.0843527
0.0861268
0.0878574
0.0896427
0.0914742
0.0933297
0.09518
0.09707
0.0990239
0.100992
0.102985
0.105047
0.107193
0.109336
0.111485
0.113675
0.115964
0.118268
0.120677
0.123138
0.125538
0.127966
0.130473
0.133075
0.135739
0.138439
0.141177
0.143878
0.146694
0.149502
0.152383
0.155279
0.158074
0.160718
0.163145
0.0168402
0.0169085
0.0159461
0.0154613
0.0156773
0.0158539
0.016226
0.0172985
0.0188793
0.0204146
0.0216061
0.0225137
0.0233082
0.0241261
0.0249276
0.0257016
0.0265847
0.0275354
0.0284119
0.0292769
0.0301963
0.0311263
0.0320636
0.0329919
0.0338878
0.0347963
0.0357163
0.0366366
0.0375874
0.03858
0.0395778
0.0405729
0.0415955
0.0426284
0.0436376
0.0446448
0.0456692
0.0467164
0.0477874
0.0488755
0.0499689
0.0510803
0.0522228
0.0533852
0.0545794
0.0557768
0.0569955
0.0582692
0.0595629
0.0608104
0.0620246
0.0632805
0.0645616
0.0658471
0.0672334
0.0687719
0.0702895
0.0717559
0.0732767
0.0748639
0.0763805
0.0777861
0.0792997
0.0809634
0.0826424
0.0843532
0.0861269
0.0878582
0.0896438
0.0914738
0.0933288
0.0951797
0.0970709
0.0990247
0.100993
0.102986
0.105049
0.107193
0.109336
0.111485
0.113676
0.115965
0.118269
0.120676
0.123136
0.125536
0.127966
0.130474
0.133076
0.135739
0.138438
0.141176
0.143878
0.146694
0.149502
0.152384
0.15528
0.158079
0.160726
0.163151
0.0168103
0.0170353
0.0161648
0.0156258
0.0159238
0.0161993
0.0165015
0.0174261
0.0189249
0.0204456
0.0216455
0.0225596
0.0233545
0.024168
0.0249674
0.0257433
0.0266245
0.0275683
0.0284401
0.0293034
0.0302209
0.0311476
0.0320803
0.0330054
0.033901
0.0348113
0.0357328
0.0366524
0.0376005
0.0385905
0.0395872
0.0405817
0.041602
0.0426328
0.0436415
0.0446492
0.0456749
0.0467225
0.0477927
0.0488798
0.0499729
0.0510851
0.052228
0.0533885
0.0545811
0.0557797
0.0569991
0.0582696
0.0595598
0.0608083
0.0620256
0.0632826
0.0645652
0.0658538
0.0672398
0.0687737
0.0702896
0.0717572
0.0732761
0.0748595
0.0763768
0.0777892
0.0793064
0.0809677
0.0826446
0.0843538
0.0861267
0.0878589
0.089645
0.0914735
0.093328
0.0951796
0.097072
0.0990255
0.100994
0.102988
0.105051
0.107194
0.109336
0.111486
0.113677
0.115966
0.118271
0.120675
0.123134
0.125534
0.127965
0.130474
0.133077
0.13574
0.138437
0.141175
0.143878
0.146694
0.149503
0.152385
0.155281
0.158084
0.160733
0.163156
0.0167882
0.0171472
0.0163992
0.0157967
0.0161457
0.0165366
0.0167943
0.0175715
0.0189783
0.0204785
0.0216851
0.0226068
0.0234037
0.0242133
0.02501
0.0257871
0.0266662
0.0276028
0.0284694
0.0293311
0.0302468
0.0311702
0.0320981
0.0330197
0.0339152
0.0348272
0.03575
0.0366686
0.0376141
0.0386014
0.0395971
0.040591
0.0416089
0.0426376
0.0436457
0.0446539
0.0456809
0.046729
0.0477983
0.0488841
0.0499771
0.0510901
0.0522334
0.0533921
0.054583
0.0557827
0.0570028
0.0582701
0.0595568
0.0608065
0.062027
0.0632854
0.0645697
0.0658618
0.0672474
0.068776
0.0702895
0.0717582
0.0732755
0.0748552
0.0763733
0.0777927
0.0793135
0.0809722
0.082647
0.0843546
0.0861263
0.0878596
0.0896462
0.0914735
0.0933273
0.0951796
0.0970733
0.0990264
0.100996
0.10299
0.105053
0.107194
0.109336
0.111486
0.113679
0.115967
0.118272
0.120675
0.123132
0.125532
0.127965
0.130474
0.133079
0.13574
0.138436
0.141174
0.143878
0.146695
0.149504
0.152386
0.155283
0.15809
0.160741
0.163162
0.0167805
0.017239
0.016644
0.0159807
0.0163452
0.0168612
0.0171021
0.0177355
0.0190406
0.0205149
0.0217254
0.0226547
0.0234551
0.0242618
0.0250554
0.0258334
0.0267102
0.0276392
0.0285001
0.0293598
0.0302742
0.0311942
0.0321171
0.033035
0.0339302
0.034844
0.0357679
0.0366855
0.0376283
0.038613
0.0396075
0.0406007
0.0416163
0.0426428
0.0436504
0.0446591
0.0456872
0.0467358
0.0478041
0.0488884
0.0499816
0.0510955
0.052239
0.0533959
0.0545851
0.0557858
0.0570067
0.0582709
0.0595541
0.0608049
0.0620287
0.0632888
0.0645748
0.0658705
0.0672556
0.0687787
0.0702893
0.071759
0.0732748
0.0748509
0.0763699
0.0777964
0.0793208
0.0809768
0.0826496
0.0843559
0.0861259
0.0878603
0.0896474
0.0914737
0.0933269
0.0951799
0.0970747
0.0990274
0.100997
0.102993
0.105055
0.107194
0.109336
0.111487
0.11368
0.115968
0.118274
0.120675
0.12313
0.125531
0.127965
0.130475
0.13308
0.135741
0.138436
0.141173
0.143878
0.146695
0.149505
0.152387
0.155285
0.158096
0.16075
0.163168
0.0167964
0.0173074
0.0168904
0.0161846
0.0165265
0.0171675
0.0174224
0.0179191
0.019113
0.0205562
0.0217677
0.0227031
0.0235081
0.0243131
0.0251037
0.0258825
0.0267569
0.0276775
0.028532
0.0293897
0.0303029
0.0312198
0.0321375
0.0330513
0.0339462
0.0348618
0.0357866
0.0367029
0.037643
0.0386251
0.0396185
0.0406111
0.0416242
0.0426484
0.0436555
0.0446647
0.0456938
0.046743
0.0478102
0.0488928
0.0499862
0.0511013
0.0522447
0.0534
0.0545875
0.055789
0.0570107
0.0582718
0.0595515
0.0608034
0.0620307
0.0632926
0.0645805
0.0658798
0.0672644
0.0687816
0.0702891
0.0717597
0.0732742
0.0748467
0.0763666
0.0778001
0.079328
0.0809813
0.0826524
0.0843574
0.0861256
0.087861
0.0896487
0.091474
0.0933266
0.0951803
0.0970763
0.0990286
0.100998
0.102995
0.105057
0.107195
0.109336
0.111489
0.113683
0.11597
0.118276
0.120676
0.123128
0.12553
0.127966
0.130476
0.133082
0.135742
0.138435
0.141172
0.143879
0.146695
0.149506
0.152388
0.155286
0.158102
0.160758
0.163174
0.0168451
0.0173559
0.0171275
0.0164125
0.0166967
0.0174502
0.0177514
0.0181239
0.0191961
0.0206033
0.0218134
0.0227523
0.023562
0.0243665
0.0251547
0.0259349
0.026807
0.027718
0.0285651
0.0294208
0.0303331
0.031247
0.0321592
0.0330687
0.0339632
0.0348807
0.0358061
0.0367209
0.0376584
0.0386379
0.0396302
0.040622
0.0416326
0.0426544
0.0436611
0.0446707
0.0457007
0.0467505
0.0478167
0.0488973
0.049991
0.0511073
0.0522506
0.0534042
0.0545901
0.0557924
0.0570148
0.0582729
0.059549
0.0608021
0.0620329
0.0632967
0.0645864
0.0658893
0.0672734
0.0687848
0.0702889
0.0717603
0.0732736
0.0748424
0.0763633
0.0778037
0.0793351
0.0809859
0.0826555
0.0843593
0.0861255
0.0878618
0.0896498
0.0914744
0.0933264
0.0951809
0.0970779
0.0990298
0.100999
0.102998
0.10506
0.107196
0.109336
0.11149
0.113685
0.115972
0.118279
0.120677
0.123126
0.125529
0.127968
0.130477
0.133084
0.135743
0.138434
0.141172
0.143879
0.146696
0.149507
0.152389
0.155288
0.158108
0.160767
0.16318
0.0169337
0.0173955
0.0173441
0.0166622
0.016866
0.0177058
0.0180834
0.0183518
0.0192908
0.0206561
0.0218644
0.0228031
0.0236165
0.0244214
0.0252078
0.0259905
0.0268608
0.0277612
0.0285993
0.029453
0.0303649
0.0312758
0.0321824
0.0330874
0.0339815
0.0349007
0.0358266
0.0367397
0.0376744
0.0386514
0.0396424
0.0406336
0.0416416
0.0426608
0.0436672
0.0446772
0.0457079
0.0467584
0.0478235
0.0489019
0.049996
0.0511137
0.0522566
0.0534087
0.0545929
0.0557958
0.0570191
0.0582741
0.0595466
0.060801
0.0620354
0.063301
0.0645925
0.0658991
0.0672827
0.0687881
0.0702887
0.071761
0.073273
0.0748382
0.07636
0.0778073
0.0793422
0.0809905
0.0826587
0.0843613
0.0861256
0.0878627
0.089651
0.091475
0.0933262
0.0951816
0.0970797
0.0990312
0.101
0.103
0.105062
0.107197
0.109336
0.111492
0.113688
0.115975
0.118282
0.120678
0.123125
0.125529
0.12797
0.130479
0.133086
0.135744
0.138434
0.141171
0.14388
0.146696
0.149509
0.15239
0.15529
0.158115
0.160777
0.163187
0.0170617
0.017442
0.0175331
0.0169248
0.017046
0.0179354
0.0184096
0.018603
0.0193995
0.0207139
0.0219222
0.0228574
0.0236712
0.0244772
0.0252627
0.0260491
0.0269189
0.0278075
0.028635
0.0294864
0.0303985
0.0313063
0.0322068
0.0331073
0.034001
0.0349219
0.0358479
0.0367592
0.0376912
0.0386655
0.0396553
0.0406457
0.0416511
0.0426678
0.0436738
0.044684
0.0457153
0.0467666
0.0478308
0.0489069
0.0500012
0.0511203
0.0522629
0.0534135
0.0545959
0.0557994
0.0570235
0.0582754
0.0595443
0.0608
0.062038
0.0633055
0.0645987
0.0659089
0.067292
0.0687915
0.0702887
0.0717616
0.0732724
0.074834
0.0763568
0.0778108
0.079349
0.0809951
0.0826622
0.0843635
0.0861259
0.0878636
0.0896523
0.0914755
0.0933262
0.0951824
0.0970815
0.0990326
0.101002
0.103003
0.105065
0.107198
0.109337
0.111494
0.113691
0.115977
0.118284
0.12068
0.123124
0.125529
0.127972
0.130482
0.133088
0.135745
0.138434
0.141171
0.143881
0.146697
0.14951
0.152391
0.155292
0.158122
0.160787
0.163194
0.0172185
0.0175112
0.0176973
0.017188
0.0172439
0.0181453
0.0187213
0.0188747
0.019526
0.0207761
0.021987
0.0229177
0.0237265
0.0245331
0.0253188
0.0261103
0.0269812
0.0278577
0.0286722
0.0295206
0.0304338
0.031339
0.0322328
0.0331284
0.034022
0.0349445
0.0358702
0.0367795
0.0377087
0.0386804
0.039669
0.0406586
0.0416613
0.0426752
0.0436809
0.0446914
0.0457229
0.0467752
0.0478386
0.0489121
0.0500066
0.0511273
0.0522695
0.0534184
0.0545992
0.0558031
0.0570281
0.0582768
0.0595422
0.0607992
0.0620409
0.0633102
0.064605
0.0659188
0.0673014
0.0687951
0.0702887
0.0717623
0.0732718
0.0748299
0.0763537
0.0778142
0.0793558
0.0809998
0.0826658
0.0843658
0.0861263
0.0878646
0.0896535
0.0914761
0.0933262
0.0951832
0.0970833
0.0990341
0.101003
0.103006
0.105068
0.107199
0.109337
0.111496
0.113694
0.11598
0.118287
0.120681
0.123122
0.125529
0.127975
0.130484
0.13309
0.135746
0.138433
0.14117
0.143882
0.146697
0.149512
0.152393
0.155294
0.15813
0.160798
0.163202
0.0173891
0.0176117
0.0178486
0.0174408
0.0174585
0.0183458
0.0190132
0.0191597
0.0196747
0.0208438
0.0220573
0.0229868
0.0237836
0.0245881
0.0253758
0.0261739
0.0270477
0.0279121
0.0287116
0.0295559
0.0304709
0.0313738
0.0322604
0.0331507
0.0340444
0.0349685
0.0358935
0.0368005
0.037727
0.0386961
0.0396833
0.0406722
0.0416722
0.0426832
0.0436887
0.0446992
0.0457307
0.0467841
0.0478468
0.0489178
0.0500123
0.0511346
0.0522764
0.0534237
0.0546026
0.055807
0.0570329
0.0582784
0.0595402
0.0607985
0.062044
0.063315
0.0646114
0.0659287
0.067311
0.0687988
0.0702889
0.0717631
0.0732712
0.0748258
0.0763506
0.0778177
0.0793625
0.0810044
0.0826695
0.0843681
0.0861269
0.0878657
0.0896548
0.0914767
0.0933262
0.0951841
0.0970851
0.0990356
0.101005
0.103009
0.10507
0.1072
0.109338
0.111498
0.113697
0.115983
0.11829
0.120683
0.123121
0.12553
0.127978
0.130487
0.133091
0.135747
0.138433
0.14117
0.143883
0.146698
0.149514
0.152395
0.155296
0.158138
0.160809
0.16321
0.0175586
0.0177394
0.018001
0.0176791
0.01768
0.0185476
0.0192874
0.0194476
0.0198466
0.0209206
0.0221312
0.0230661
0.0238454
0.0246414
0.0254328
0.0262399
0.0271183
0.0279708
0.0287537
0.0295927
0.0305097
0.0314109
0.0322897
0.0331742
0.0340682
0.0349941
0.0359181
0.0368224
0.0377461
0.0387127
0.0396983
0.0406864
0.0416838
0.0426919
0.0436971
0.0447075
0.0457388
0.0467934
0.0478556
0.0489238
0.0500181
0.0511421
0.0522837
0.0534291
0.0546062
0.0558111
0.0570378
0.0582802
0.0595383
0.0607981
0.0620474
0.06332
0.0646178
0.0659387
0.0673207
0.0688027
0.0702892
0.0717639
0.0732707
0.0748218
0.0763476
0.0778211
0.079369
0.0810091
0.0826733
0.0843706
0.0861276
0.0878668
0.0896561
0.0914773
0.0933263
0.095185
0.097087
0.0990371
0.101006
0.103012
0.105073
0.107201
0.109338
0.111501
0.1137
0.115986
0.118293
0.120684
0.12312
0.12553
0.127982
0.13049
0.133093
0.135747
0.138433
0.14117
0.143884
0.146699
0.149516
0.152397
0.155298
0.158145
0.16082
0.163218
0.0177192
0.0178833
0.0181649
0.0179092
0.0178974
0.0187545
0.019552
0.0197295
0.0200371
0.021012
0.0222077
0.0231547
0.0239154
0.0246935
0.0254885
0.026308
0.0271925
0.0280336
0.0287987
0.0296314
0.0305505
0.0314502
0.0323211
0.033199
0.0340931
0.0350212
0.0359442
0.0368452
0.037766
0.0387302
0.0397144
0.0407014
0.0416963
0.0427012
0.043706
0.0447164
0.0457473
0.0468031
0.047865
0.0489304
0.0500242
0.05115
0.0522914
0.0534348
0.05461
0.0558153
0.057043
0.0582821
0.0595367
0.0607978
0.062051
0.0633252
0.0646243
0.0659486
0.0673305
0.0688067
0.0702896
0.0717648
0.0732703
0.0748179
0.0763448
0.0778245
0.0793754
0.0810138
0.0826772
0.0843732
0.0861285
0.087868
0.0896574
0.0914779
0.0933265
0.0951859
0.0970889
0.0990387
0.101008
0.103015
0.105076
0.107203
0.109339
0.111503
0.113704
0.115989
0.118296
0.120685
0.123119
0.125531
0.127985
0.130493
0.133095
0.135748
0.138433
0.14117
0.143885
0.1467
0.149518
0.152399
0.1553
0.158154
0.160832
0.163227
0.0178698
0.0180335
0.0183423
0.0181429
0.018104
0.0189577
0.019817
0.0200048
0.020237
0.0211215
0.0222898
0.0232498
0.0239967
0.0247468
0.0255411
0.0263778
0.0272705
0.0281004
0.0288467
0.0296721
0.0305938
0.031492
0.0323544
0.0332255
0.0341193
0.0350496
0.0359718
0.0368692
0.0377866
0.0387487
0.0397314
0.0407172
0.0417095
0.0427115
0.0437156
0.0447259
0.0457562
0.0468131
0.0478749
0.0489375
0.0500305
0.0511582
0.0522995
0.0534408
0.0546139
0.0558197
0.0570483
0.0582843
0.0595352
0.0607977
0.0620549
0.0633305
0.0646307
0.0659584
0.0673403
0.0688109
0.0702901
0.0717658
0.0732699
0.0748142
0.0763421
0.077828
0.0793818
0.0810186
0.0826812
0.0843759
0.0861294
0.0878692
0.0896588
0.0914786
0.0933267
0.0951869
0.0970909
0.0990403
0.10101
0.103018
0.105079
0.107204
0.10934
0.111506
0.113707
0.115992
0.118298
0.120687
0.123118
0.125532
0.127989
0.130497
0.133098
0.135749
0.138432
0.14117
0.143886
0.146701
0.14952
0.152402
0.155303
0.158162
0.160845
0.163236
0.0180107
0.0181821
0.0185253
0.0183917
0.0183046
0.0191437
0.0200871
0.020283
0.0204357
0.0212459
0.0223838
0.0233494
0.024089
0.0248053
0.02559
0.0264475
0.0273527
0.0281713
0.0288978
0.0297149
0.0306396
0.0315367
0.0323898
0.0332535
0.034147
0.0350794
0.036001
0.0368946
0.0378081
0.0387681
0.0397495
0.0407338
0.0417235
0.0427225
0.043726
0.044736
0.0457655
0.0468235
0.0478854
0.0489451
0.0500372
0.0511667
0.0523081
0.053447
0.054618
0.0558243
0.057054
0.0582868
0.0595339
0.0607978
0.0620591
0.063336
0.0646371
0.0659682
0.0673502
0.0688151
0.0702908
0.0717669
0.0732697
0.0748107
0.0763396
0.0778314
0.079388
0.0810233
0.0826853
0.0843786
0.0861304
0.0878704
0.0896603
0.0914794
0.0933269
0.0951879
0.0970929
0.099042
0.101012
0.103021
0.105082
0.107206
0.109341
0.111508
0.113711
0.115995
0.118301
0.120688
0.123117
0.125533
0.127992
0.1305
0.1331
0.13575
0.138432
0.14117
0.143887
0.146702
0.149522
0.152405
0.155306
0.158171
0.160858
0.163246
0.0181432
0.0183241
0.0187025
0.0186588
0.0185139
0.0193026
0.0203524
0.0205761
0.0206315
0.0213758
0.0224948
0.0234554
0.0241886
0.0248728
0.0256371
0.0265149
0.0274388
0.0282466
0.0289521
0.0297601
0.0306879
0.0315848
0.0324275
0.0332829
0.0341763
0.0351105
0.0360316
0.0369216
0.0378307
0.0387882
0.0397686
0.0407515
0.0417384
0.0427343
0.0437372
0.0447469
0.0457753
0.0468344
0.0478967
0.0489533
0.0500441
0.0511755
0.0523171
0.0534536
0.0546222
0.0558291
0.0570599
0.0582896
0.0595328
0.0607982
0.0620637
0.0633417
0.0646434
0.0659778
0.0673601
0.0688195
0.0702916
0.0717681
0.0732697
0.0748073
0.0763373
0.0778349
0.0793942
0.081028
0.0826893
0.0843815
0.0861316
0.0878717
0.0896618
0.0914802
0.0933272
0.095189
0.0970949
0.0990437
0.101014
0.103024
0.105085
0.107207
0.109342
0.111511
0.113715
0.115998
0.118304
0.12069
0.123116
0.125533
0.127996
0.130503
0.133102
0.135751
0.138432
0.14117
0.143889
0.146703
0.149524
0.152408
0.155309
0.15818
0.160871
0.163256
0.018273
0.0184581
0.0188627
0.0189356
0.0187489
0.0194374
0.0205939
0.0208912
0.0208356
0.0214996
0.0226208
0.0235745
0.0242928
0.0249502
0.0256863
0.0265781
0.0275273
0.0283266
0.0290095
0.0298079
0.0307387
0.0316365
0.0324685
0.0333136
0.0342069
0.0351433
0.0360636
0.0369502
0.0378547
0.0388094
0.0397888
0.0407703
0.0417544
0.0427471
0.0437491
0.0447585
0.0457856
0.0468455
0.0479085
0.0489622
0.0500514
0.0511847
0.0523266
0.0534604
0.0546267
0.0558342
0.057066
0.0582927
0.059532
0.0607988
0.0620685
0.0633476
0.0646497
0.0659874
0.0673701
0.0688241
0.0702926
0.0717694
0.0732697
0.0748042
0.0763352
0.0778384
0.0794002
0.0810327
0.0826935
0.0843844
0.0861328
0.087873
0.0896633
0.0914811
0.0933276
0.0951901
0.097097
0.0990454
0.101016
0.103027
0.105088
0.107209
0.109343
0.111514
0.113718
0.116001
0.118307
0.120691
0.123115
0.125534
0.127999
0.130506
0.133104
0.135752
0.138432
0.14117
0.14389
0.146705
0.149527
0.152411
0.155313
0.158189
0.160886
0.163267
0.018411
0.0185864
0.0189968
0.0192029
0.0190212
0.0195675
0.0207938
0.0212196
0.0210642
0.021613
0.0227516
0.023713
0.024403
0.0250346
0.0257417
0.0266378
0.0276161
0.0284122
0.0290697
0.029858
0.0307923
0.0316915
0.0325135
0.0333462
0.0342383
0.035178
0.0360972
0.0369801
0.0378799
0.0388316
0.0398101
0.0407901
0.0417714
0.042761
0.0437618
0.044771
0.0457967
0.0468571
0.0479211
0.0489717
0.0500588
0.0511942
0.0523367
0.0534676
0.0546314
0.0558395
0.0570725
0.0582962
0.0595314
0.0607996
0.0620737
0.0633537
0.0646559
0.0659967
0.0673801
0.0688288
0.0702937
0.0717709
0.07327
0.0748014
0.0763333
0.0778419
0.0794062
0.0810374
0.0826977
0.0843875
0.0861342
0.0878744
0.0896649
0.0914821
0.093328
0.0951913
0.0970991
0.0990473
0.101018
0.10303
0.105091
0.107211
0.109344
0.111517
0.113722
0.116004
0.11831
0.120693
0.123115
0.125535
0.128003
0.13051
0.133106
0.135753
0.138432
0.141171
0.143891
0.146707
0.149529
0.152414
0.155317
0.158199
0.1609
0.163278
0.0185724
0.0187191
0.0191022
0.0194387
0.0193263
0.0197174
0.0209459
0.0215395
0.0213323
0.0217276
0.0228728
0.023869
0.0245257
0.0251235
0.0258046
0.0266962
0.0277031
0.0285036
0.0291334
0.0299093
0.0308493
0.0317499
0.0325622
0.0333815
0.0342703
0.0352142
0.0361332
0.0370113
0.0379064
0.0388552
0.0398327
0.040811
0.0417894
0.0427759
0.0437754
0.0447842
0.0458085
0.0468692
0.0479342
0.0489821
0.0500667
0.051204
0.0523473
0.0534752
0.0546363
0.0558451
0.0570794
0.0583001
0.0595311
0.0608007
0.0620792
0.0633601
0.064662
0.066006
0.0673902
0.0688337
0.070295
0.0717725
0.0732704
0.0747988
0.0763317
0.0778455
0.0794121
0.081042
0.0827019
0.0843906
0.0861356
0.0878759
0.0896666
0.0914831
0.0933286
0.0951926
0.0971013
0.0990492
0.101021
0.103033
0.105094
0.107213
0.109346
0.11152
0.113726
0.116007
0.118313
0.120694
0.123114
0.125536
0.128006
0.130513
0.133109
0.135754
0.138432
0.141171
0.143892
0.146708
0.149532
0.152418
0.155322
0.158209
0.160915
0.16329
0.0187708
0.0188716
0.0191871
0.0196241
0.0196441
0.0199089
0.0210625
0.0218263
0.0216391
0.021864
0.0229772
0.0240316
0.0246668
0.0252193
0.0258739
0.0267552
0.0277871
0.028601
0.0292024
0.0299601
0.0309091
0.0318132
0.0326145
0.0334198
0.0343035
0.0352513
0.0361716
0.0370443
0.0379338
0.0388801
0.0398569
0.0408332
0.0418083
0.0427921
0.0437901
0.0447982
0.045821
0.0468818
0.0479479
0.0489932
0.050075
0.051214
0.0523585
0.0534833
0.0546415
0.0558509
0.0570866
0.0583045
0.0595311
0.060802
0.0620851
0.0633667
0.064668
0.0660151
0.0674003
0.0688387
0.0702964
0.0717742
0.0732711
0.0747966
0.0763303
0.0778491
0.0794179
0.0810466
0.0827062
0.0843938
0.0861371
0.0878774
0.0896684
0.0914843
0.0933292
0.0951941
0.0971035
0.0990511
0.101023
0.103037
0.105098
0.107215
0.109347
0.111523
0.113729
0.11601
0.118317
0.120696
0.123114
0.125537
0.128009
0.130516
0.133111
0.135755
0.138432
0.141171
0.143893
0.14671
0.149534
0.152422
0.155327
0.158219
0.160931
0.163302
0.019011
0.0190616
0.0192664
0.0197476
0.0199493
0.0201535
0.0211687
0.0220598
0.0219636
0.022043
0.0230743
0.0241857
0.024825
0.0253285
0.0259499
0.0268151
0.0278667
0.0287039
0.0292796
0.0300096
0.0309691
0.0318829
0.032671
0.0334605
0.0343387
0.0352894
0.0362121
0.0370798
0.0379618
0.0389059
0.039883
0.040857
0.0418281
0.0428093
0.0438062
0.0448132
0.0458343
0.0468952
0.0479624
0.0490051
0.0500838
0.0512244
0.0523702
0.0534918
0.0546469
0.0558568
0.0570941
0.0583094
0.0595315
0.0608036
0.0620914
0.0633737
0.0646739
0.066024
0.0674105
0.0688439
0.070298
0.0717761
0.073272
0.0747946
0.0763291
0.0778527
0.0794236
0.0810512
0.0827104
0.0843971
0.0861388
0.0878789
0.0896703
0.0914855
0.0933299
0.0951956
0.0971058
0.0990532
0.101026
0.10304
0.105101
0.107217
0.109349
0.111526
0.113733
0.116014
0.11832
0.120698
0.123113
0.125538
0.128013
0.130519
0.133114
0.135756
0.138433
0.141172
0.143894
0.146712
0.149537
0.152426
0.155332
0.158229
0.160947
0.163316
0.0192921
0.0193007
0.0193578
0.0198095
0.0202156
0.020449
0.0212927
0.0222371
0.0222779
0.0222698
0.0231834
0.0243217
0.0249898
0.0254567
0.0260374
0.0268765
0.02794
0.0288105
0.0293685
0.0300589
0.0310254
0.0319592
0.0327346
0.0335026
0.0343757
0.0353296
0.0362542
0.037118
0.0379914
0.038932
0.0399109
0.0408828
0.0418488
0.0428274
0.0438235
0.0448292
0.0458481
0.0469091
0.0479777
0.0490178
0.0500931
0.0512352
0.0523825
0.0535009
0.0546528
0.055863
0.057102
0.0583149
0.0595323
0.0608053
0.062098
0.0633811
0.0646799
0.0660327
0.0674207
0.0688493
0.0702997
0.0717782
0.0732731
0.074793
0.0763282
0.0778565
0.0794293
0.0810557
0.0827147
0.0844006
0.0861405
0.0878805
0.0896723
0.0914869
0.0933307
0.0951972
0.0971082
0.0990553
0.101028
0.103043
0.105104
0.107219
0.109351
0.111529
0.113737
0.116017
0.118323
0.1207
0.123113
0.125539
0.128016
0.130523
0.133116
0.135757
0.138433
0.141172
0.143896
0.146715
0.14954
0.152431
0.155338
0.15824
0.160963
0.163329
0.0196166
0.0195876
0.0194813
0.0198278
0.0204225
0.0207833
0.0214637
0.0223752
0.0225525
0.0225274
0.0233238
0.0244466
0.0251461
0.0256004
0.0261433
0.0269433
0.0280049
0.0289164
0.0294718
0.0301129
0.0310741
0.0320387
0.0328087
0.0335468
0.0344124
0.0353728
0.0362985
0.0371581
0.0380231
0.0389584
0.0399401
0.0409115
0.0418709
0.0428461
0.0438421
0.0448466
0.0458628
0.0469234
0.0479938
0.0490316
0.0501027
0.0512461
0.0523955
0.0535106
0.0546591
0.0558696
0.0571102
0.0583212
0.0595336
0.0608072
0.062105
0.0633888
0.0646858
0.0660412
0.0674309
0.0688549
0.0703017
0.0717804
0.0732746
0.0747918
0.0763276
0.0778602
0.0794349
0.0810602
0.0827191
0.0844042
0.0861424
0.0878821
0.0896744
0.0914884
0.0933316
0.095199
0.0971106
0.0990575
0.101031
0.103047
0.105108
0.107222
0.109352
0.111532
0.113741
0.116021
0.118326
0.120702
0.123113
0.125541
0.128019
0.130526
0.133119
0.135758
0.138433
0.141173
0.143897
0.146717
0.149542
0.152435
0.155345
0.158251
0.16098
0.163344
0.0199426
0.019909
0.0196555
0.019839
0.0205651
0.0211345
0.0217077
0.0225022
0.0227758
0.0227888
0.023502
0.0245789
0.0252868
0.0257474
0.0262711
0.0270235
0.0280622
0.0290146
0.029589
0.0301783
0.0311142
0.0321153
0.0328955
0.0335975
0.0344463
0.0354181
0.036347
0.0371999
0.0380567
0.0389856
0.0399695
0.0409428
0.0418951
0.0428652
0.0438618
0.0448655
0.0458785
0.0469383
0.0480107
0.0490466
0.050113
0.0512571
0.0524092
0.053521
0.0546656
0.0558764
0.0571187
0.0583279
0.0595354
0.0608094
0.0621123
0.0633969
0.0646917
0.0660495
0.0674413
0.0688607
0.0703038
0.0717829
0.0732763
0.074791
0.0763273
0.0778641
0.0794404
0.0810646
0.0827234
0.084408
0.0861444
0.0878838
0.0896766
0.09149
0.0933325
0.0952009
0.0971131
0.0990598
0.101034
0.10305
0.105111
0.107224
0.109354
0.111536
0.113745
0.116024
0.11833
0.120703
0.123113
0.125542
0.128022
0.130529
0.133122
0.135759
0.138434
0.141174
0.143898
0.14672
0.149546
0.15244
0.155352
0.158262
0.160997
0.163359
0.0201983
0.020237
0.0198938
0.0198924
0.0206572
0.0214731
0.0220287
0.0226564
0.0229592
0.0230272
0.0237026
0.0247396
0.0254245
0.0258843
0.0264141
0.0271281
0.0281199
0.0290987
0.0297141
0.0302628
0.0311504
0.0321815
0.0329925
0.0336606
0.0344777
0.0354619
0.0364015
0.0372448
0.0380913
0.0390142
0.0399994
0.0409763
0.0419223
0.0428851
0.0438819
0.044886
0.0458955
0.0469536
0.0480282
0.0490629
0.0501241
0.0512683
0.0524234
0.0535323
0.0546725
0.0558834
0.0571278
0.0583354
0.0595378
0.0608118
0.0621199
0.0634055
0.0646977
0.0660576
0.0674516
0.0688667
0.0703062
0.0717855
0.0732784
0.0747906
0.0763272
0.0778681
0.0794459
0.081069
0.0827278
0.0844119
0.0861465
0.0878855
0.089679
0.0914919
0.0933336
0.0952029
0.0971157
0.0990621
0.101037
0.103054
0.105115
0.107227
0.109357
0.111539
0.113749
0.116028
0.118333
0.120705
0.123113
0.125543
0.128026
0.130532
0.133125
0.135761
0.138434
0.141175
0.143899
0.146723
0.149549
0.152446
0.15536
0.158274
0.161014
0.163375
0.0203827
0.0205622
0.0201951
0.020021
0.0207226
0.0217593
0.0223978
0.0228684
0.0231262
0.0232283
0.0238996
0.0249333
0.0255813
0.0260045
0.0265551
0.0272612
0.0281921
0.0291668
0.0298356
0.0303703
0.0311929
0.0322318
0.033092
0.0337417
0.0345111
0.0354997
0.0364608
0.037296
0.0381265
0.0390433
0.0400301
0.0410113
0.0419526
0.0429066
0.0439024
0.044908
0.0459141
0.0469696
0.0480463
0.0490804
0.0501362
0.0512796
0.0524381
0.0535446
0.05468
0.0558905
0.0571372
0.0583436
0.0595408
0.0608144
0.0621279
0.0634146
0.0647037
0.0660654
0.0674621
0.068873
0.0703087
0.0717884
0.0732807
0.0747906
0.0763275
0.0778721
0.0794514
0.0810734
0.0827322
0.084416
0.0861488
0.0878872
0.0896815
0.0914938
0.0933348
0.0952049
0.0971184
0.0990645
0.10104
0.103057
0.105118
0.10723
0.109359
0.111543
0.113753
0.116031
0.118336
0.120708
0.123114
0.125545
0.128029
0.130535
0.133128
0.135763
0.138435
0.141176
0.143901
0.146726
0.149553
0.152451
0.155368
0.158286
0.161032
0.163392
0.0205088
0.0208734
0.0205458
0.020239
0.0207939
0.0219592
0.0227698
0.0231492
0.023307
0.0234
0.0240655
0.0251394
0.0257786
0.026123
0.0266723
0.0274099
0.0282939
0.0292282
0.0299403
0.0304948
0.0312537
0.032268
0.033183
0.0338413
0.0345546
0.0355291
0.0365199
0.0373567
0.0381647
0.0390712
0.0400617
0.041048
0.0419857
0.0429304
0.0439231
0.0449307
0.0459345
0.0469863
0.0480649
0.0490991
0.0501493
0.0512913
0.0524531
0.0535578
0.0546883
0.0558979
0.0571469
0.0583528
0.0595444
0.0608171
0.0621362
0.0634242
0.0647097
0.066073
0.0674726
0.0688796
0.0703114
0.0717914
0.0732835
0.074791
0.076328
0.0778762
0.0794568
0.0810777
0.0827365
0.0844202
0.0861513
0.087889
0.0896841
0.091496
0.0933361
0.0952071
0.0971213
0.099067
0.101044
0.103061
0.105122
0.107233
0.109361
0.111546
0.113757
0.116035
0.11834
0.12071
0.123114
0.125547
0.128032
0.130538
0.133131
0.135764
0.138436
0.141177
0.143902
0.14673
0.149557
0.152457
0.155377
0.158298
0.16105
0.163409
0.0205479
0.0211483
0.0209311
0.0205389
0.0208974
0.0220801
0.0230954
0.0234851
0.0235337
0.0235631
0.0241912
0.0253299
0.0260233
0.0262688
0.0267577
0.0275512
0.0284332
0.029303
0.0300223
0.0306208
0.0313425
0.0323023
0.0332549
0.0339518
0.0346173
0.0355535
0.0365724
0.0374267
0.0382103
0.0390972
0.0400925
0.0410873
0.0420213
0.0429566
0.0439451
0.044954
0.0459565
0.0470043
0.0480841
0.049119
0.0501634
0.0513033
0.0524687
0.0535717
0.0546974
0.0559056
0.0571569
0.0583628
0.059549
0.0608199
0.0621447
0.0634345
0.0647159
0.0660802
0.0674832
0.0688866
0.0703143
0.0717946
0.0732866
0.0747919
0.0763288
0.0778805
0.0794623
0.0810819
0.082741
0.0844246
0.0861539
0.087891
0.0896868
0.0914983
0.0933376
0.0952094
0.0971242
0.0990696
0.101047
0.103065
0.105125
0.107236
0.109364
0.11155
0.113761
0.116039
0.118344
0.120712
0.123115
0.125549
0.128035
0.130542
0.133134
0.135766
0.138436
0.141179
0.143904
0.146733
0.149561
0.152462
0.155387
0.158311
0.161068
0.163427
0.0205189
0.0213655
0.0213276
0.020903
0.0210535
0.0221553
0.0233449
0.0238446
0.0238247
0.0237468
0.0242891
0.0254776
0.0262924
0.026473
0.0268306
0.0276565
0.0285949
0.0294134
0.0300922
0.03073
0.0314558
0.0323519
0.0333053
0.0340597
0.034704
0.0355821
0.0366131
0.0375008
0.0382679
0.0391238
0.0401199
0.041129
0.0420606
0.0429845
0.0439686
0.0449783
0.0459794
0.0470236
0.0481041
0.04914
0.0501786
0.0513159
0.0524849
0.0535865
0.0547071
0.0559138
0.0571672
0.0583736
0.0595545
0.0608229
0.0621533
0.0634456
0.0647226
0.0660872
0.0674937
0.0688941
0.0703176
0.0717979
0.0732902
0.0747933
0.07633
0.0778849
0.0794678
0.0810861
0.0827455
0.0844291
0.0861566
0.0878929
0.0896897
0.0915008
0.0933392
0.0952119
0.0971273
0.0990723
0.101051
0.103069
0.105129
0.107239
0.109367
0.111554
0.113765
0.116042
0.118347
0.120714
0.123116
0.12555
0.128038
0.130545
0.133137
0.135768
0.138437
0.141181
0.143906
0.146737
0.149566
0.152468
0.155397
0.158324
0.161087
0.163446
0.0204605
0.0215105
0.0217009
0.0213131
0.0212751
0.022222
0.0235165
0.0241884
0.0241721
0.0239789
0.0243828
0.0255687
0.0265494
0.0267462
0.0269263
0.0277109
0.0287486
0.0295711
0.0301744
0.0308102
0.0315743
0.0324324
0.0333473
0.0341495
0.0348092
0.0356262
0.0366428
0.0375715
0.0383385
0.0391556
0.040142
0.0411709
0.042105
0.0430145
0.043993
0.0450042
0.0460035
0.0470438
0.0481253
0.0491625
0.050195
0.0513286
0.0525016
0.0536024
0.0547173
0.0559223
0.057178
0.0583853
0.0595609
0.0608261
0.0621618
0.0634572
0.0647297
0.0660939
0.067504
0.0689019
0.0703212
0.0718014
0.0732941
0.0747952
0.0763313
0.0778895
0.0794734
0.0810903
0.08275
0.0844338
0.0861595
0.0878951
0.0896927
0.0915034
0.0933409
0.0952144
0.0971305
0.0990752
0.101054
0.103073
0.105133
0.107243
0.10937
0.111558
0.113769
0.116046
0.118351
0.120717
0.123117
0.125553
0.128041
0.130548
0.13314
0.13577
0.138439
0.141182
0.143908
0.146741
0.149571
0.152475
0.155408
0.158338
0.161106
0.163465
0.0204082
0.0215844
0.0220172
0.0217473
0.0215692
0.0223122
0.0236273
0.0244806
0.0245474
0.024274
0.0245002
0.0256139
0.0267564
0.0270654
0.0270865
0.0277339
0.0288576
0.0297609
0.0302979
0.0308718
0.0316736
0.032543
0.0334017
0.0342141
0.0349179
0.0356947
0.0366698
0.0376319
0.0384188
0.0391981
0.0401605
0.0412098
0.0421551
0.0430482
0.0440174
0.0450321
0.0460294
0.0470642
0.0481472
0.0491868
0.0502126
0.0513415
0.0525189
0.0536198
0.0547283
0.0559308
0.0571894
0.0583979
0.0595683
0.0608297
0.0621703
0.0634693
0.0647374
0.0661005
0.0675141
0.0689101
0.0703251
0.0718049
0.0732984
0.0747977
0.076333
0.0778942
0.0794792
0.0810944
0.0827545
0.0844387
0.0861625
0.0878973
0.0896959
0.0915062
0.0933428
0.0952171
0.0971338
0.0990782
0.101058
0.103077
0.105137
0.107246
0.109373
0.111562
0.113773
0.11605
0.118355
0.120719
0.123119
0.125555
0.128044
0.130551
0.133143
0.135773
0.13844
0.141184
0.14391
0.146745
0.149577
0.152481
0.155419
0.158352
0.161125
0.163485
0.0203848
0.0216118
0.0222583
0.0221749
0.0219332
0.0224488
0.0237011
0.0247062
0.0249179
0.0246287
0.0246698
0.0256397
0.0268909
0.0273907
0.0273353
0.0277652
0.0288983
0.0299486
0.0304805
0.0309434
0.0317356
0.032661
0.0334908
0.0342664
0.035011
0.035786
0.0367063
0.0376794
0.0385024
0.0392541
0.0401788
0.0412429
0.0422093
0.0430879
0.0440413
0.0450603
0.0460584
0.0470851
0.0481692
0.0492134
0.0502322
0.0513543
0.0525364
0.0536387
0.0547405
0.0559392
0.0572009
0.0584118
0.0595767
0.0608336
0.0621791
0.0634819
0.0647456
0.0661072
0.0675242
0.0689186
0.0703295
0.0718087
0.0733032
0.0748008
0.0763349
0.077899
0.079485
0.0810985
0.0827591
0.0844438
0.0861656
0.0878996
0.0896993
0.0915091
0.093345
0.0952199
0.0971372
0.0990813
0.101062
0.103081
0.105141
0.10725
0.109377
0.111567
0.113777
0.116054
0.118359
0.120722
0.12312
0.125557
0.128047
0.130555
0.133147
0.135775
0.138441
0.141187
0.143912
0.146749
0.149583
0.152488
0.155431
0.158367
0.161144
0.163505
0.0204015
0.0216305
0.0224329
0.0225573
0.0223436
0.0226479
0.0237647
0.0248698
0.0252546
0.0250214
0.0249083
0.0256759
0.0269554
0.0276784
0.0276576
0.027853
0.0288854
0.0300907
0.030709
0.0310597
0.0317692
0.0327563
0.0336163
0.0343312
0.035077
0.0358847
0.036764
0.0377184
0.0385818
0.039324
0.040201
0.0412694
0.042265
0.043135
0.0440662
0.0450876
0.0460911
0.0471079
0.0481899
0.0492416
0.0502545
0.0513673
0.0525534
0.0536591
0.0547543
0.0559478
0.0572124
0.0584269
0.0595866
0.0608376
0.0621878
0.063495
0.0647541
0.0661138
0.0675343
0.0689275
0.0703342
0.0718127
0.0733083
0.0748044
0.0763371
0.077904
0.079491
0.0811025
0.0827638
0.0844492
0.0861688
0.0879021
0.089703
0.0915122
0.0933472
0.0952229
0.0971407
0.0990847
0.101066
0.103085
0.105145
0.107254
0.10938
0.111571
0.113781
0.116058
0.118363
0.120725
0.123122
0.12556
0.12805
0.130558
0.13315
0.135778
0.138443
0.141189
0.143915
0.146753
0.149589
0.152496
0.155443
0.158383
0.161163
0.163526
0.0204594
0.021668
0.0225691
0.0228714
0.0227623
0.0229153
0.0238459
0.0249863
0.0255399
0.0254222
0.0252161
0.0257535
0.0269738
0.0278968
0.0280131
0.0280329
0.0288599
0.0301542
0.0309463
0.0312464
0.0318068
0.0328041
0.0337529
0.0344352
0.0351279
0.0359699
0.0368449
0.0377602
0.0386517
0.0394052
0.0402311
0.0412889
0.04232
0.0431906
0.0440944
0.0451126
0.0461259
0.0471342
0.0482094
0.0492699
0.0502804
0.0513814
0.0525698
0.0536807
0.0547699
0.0559568
0.0572235
0.0584427
0.059598
0.0608419
0.0621963
0.0635089
0.0647632
0.0661202
0.0675445
0.0689369
0.0703392
0.0718168
0.0733138
0.0748086
0.0763396
0.0779091
0.0794972
0.0811065
0.0827684
0.0844549
0.0861721
0.0879046
0.0897069
0.0915154
0.0933496
0.0952261
0.0971443
0.0990881
0.10107
0.10309
0.105149
0.107258
0.109384
0.111576
0.113786
0.116062
0.118367
0.120728
0.123124
0.125562
0.128054
0.130562
0.133154
0.13578
0.138445
0.141192
0.143918
0.146758
0.149596
0.152504
0.155456
0.158399
0.161182
0.163547
0.0205486
0.021718
0.0226918
0.0231302
0.0231553
0.0232383
0.0239683
0.0250751
0.0257703
0.025801
0.025576
0.0258954
0.0269777
0.0280367
0.0283551
0.0283045
0.0288736
0.0301444
0.0311451
0.031494
0.0318883
0.032811
0.0338648
0.0345836
0.0351908
0.036027
0.0369354
0.0378166
0.0387115
0.0394931
0.0402741
0.041302
0.0423705
0.0432545
0.0441275
0.0451349
0.0461616
0.0471653
0.0482292
0.0492971
0.0503096
0.0513979
0.0525851
0.0537027
0.0547874
0.0559663
0.0572344
0.0584594
0.0596113
0.0608469
0.0622045
0.0635234
0.0647731
0.0661264
0.0675546
0.068947
0.0703445
0.0718209
0.0733198
0.0748134
0.0763424
0.0779143
0.0795036
0.0811105
0.082773
0.084461
0.0861757
0.0879071
0.0897111
0.0915187
0.0933522
0.0952295
0.0971482
0.0990917
0.101074
0.103094
0.105154
0.107262
0.109388
0.111581
0.11379
0.116067
0.118371
0.120731
0.123127
0.125565
0.128057
0.130565
0.133157
0.135783
0.138447
0.141194
0.143921
0.146763
0.149604
0.152512
0.155469
0.158416
0.161202
0.163569
0.0206678
0.0217701
0.0228126
0.0233636
0.0235084
0.0235891
0.0241433
0.0251575
0.0259518
0.0261376
0.0259598
0.0261107
0.0270012
0.0281102
0.0286438
0.0286345
0.0289697
0.0301001
0.0312651
0.0317646
0.0320458
0.0328117
0.0339211
0.0347497
0.0352963
0.0360656
0.0370153
0.0378929
0.0387678
0.0395804
0.0403338
0.0413117
0.042411
0.0433266
0.0441696
0.0451547
0.0461962
0.0472015
0.0482507
0.049322
0.0503403
0.0514177
0.0526001
0.0537246
0.0548072
0.0559772
0.0572453
0.0584766
0.0596259
0.0608524
0.0622124
0.0635385
0.0647841
0.0661325
0.0675644
0.0689579
0.0703504
0.0718251
0.0733261
0.0748188
0.0763456
0.0779196
0.0795103
0.0811147
0.0827776
0.0844672
0.0861795
0.0879098
0.0897154
0.0915223
0.0933548
0.095233
0.0971521
0.0990956
0.101079
0.103099
0.105158
0.107266
0.109392
0.111586
0.113794
0.116071
0.118376
0.120734
0.123129
0.125568
0.12806
0.130569
0.133161
0.135787
0.138449
0.141197
0.143925
0.146768
0.149611
0.152521
0.155482
0.158433
0.161222
0.163591
0.0208318
0.0218358
0.022921
0.0235807
0.0238251
0.0239423
0.0243694
0.0252532
0.0260956
0.0264268
0.0263393
0.0263901
0.0270734
0.0281433
0.0288601
0.0289792
0.0291596
0.0300719
0.0313015
0.0320099
0.0322765
0.0328496
0.0339238
0.0348944
0.0354532
0.0361128
0.0370682
0.03798
0.0388304
0.0396615
0.0404105
0.0413265
0.0424367
0.0434028
0.0442252
0.0451729
0.0462261
0.0472427
0.048276
0.0493447
0.0503713
0.0514414
0.0526163
0.0537459
0.0548284
0.0559894
0.0572557
0.0584943
0.0596425
0.0608586
0.0622201
0.0635541
0.064796
0.0661385
0.0675738
0.0689694
0.0703569
0.0718293
0.0733327
0.0748247
0.0763492
0.0779251
0.0795172
0.081119
0.0827821
0.0844737
0.0861835
0.0879125
0.0897199
0.0915261
0.0933578
0.0952366
0.0971562
0.0990995
0.101083
0.103104
0.105163
0.10727
0.109396
0.111591
0.113799
0.116076
0.11838
0.120738
0.123132
0.125571
0.128063
0.130572
0.133164
0.13579
0.138452
0.1412
0.143929
0.146773
0.149619
0.15253
0.155496
0.15845
0.161242
0.163613
0.0210346
0.0219346
0.023013
0.0237748
0.024118
0.0242864
0.0246351
0.0253775
0.0262143
0.0266705
0.0266932
0.0267083
0.0272096
0.0281691
0.0290055
0.0292974
0.0294218
0.0301059
0.0312857
0.0321867
0.0325451
0.0329605
0.0339073
0.0349824
0.0356362
0.0362
0.0371
0.0380604
0.0389065
0.0397365
0.0404984
0.041356
0.0424463
0.0434729
0.0442983
0.045195
0.0462478
0.0472867
0.0483085
0.0493665
0.0504006
0.0514681
0.0526347
0.0537666
0.0548502
0.0560033
0.0572664
0.0585124
0.059661
0.0608654
0.062227
0.0635705
0.0648091
0.0661445
0.067583
0.0689813
0.070364
0.0718338
0.0733396
0.0748312
0.0763531
0.0779307
0.0795243
0.0811234
0.0827866
0.0844803
0.086188
0.0879154
0.0897244
0.0915301
0.093361
0.0952404
0.0971606
0.0991037
0.101087
0.103108
0.105168
0.107275
0.109401
0.111596
0.113803
0.11608
0.118384
0.120742
0.123135
0.125574
0.128067
0.130576
0.133168
0.135793
0.138455
0.141204
0.143934
0.146779
0.149628
0.15254
0.155509
0.158468
0.161263
0.163636
0.0212484
0.0220764
0.0231118
0.0239483
0.0243912
0.0246136
0.0249218
0.0255379
0.0263221
0.0268723
0.027013
0.027039
0.0274069
0.0282212
0.0290978
0.0295614
0.0297205
0.0302207
0.0312631
0.0322828
0.0328052
0.0331484
0.0339151
0.0350107
0.0358065
0.0363396
0.0371354
0.0381189
0.0389925
0.039811
0.0405878
0.0414066
0.0424486
0.043526
0.0443867
0.045231
0.04626
0.047328
0.0483505
0.04939
0.0504259
0.0514962
0.0526563
0.0537881
0.0548724
0.0560187
0.0572774
0.0585304
0.0596815
0.0608731
0.0622329
0.0635876
0.0648239
0.0661504
0.0675916
0.068994
0.0703717
0.0718385
0.0733469
0.0748381
0.0763574
0.0779364
0.0795317
0.0811281
0.082791
0.0844871
0.0861927
0.0879184
0.089729
0.0915343
0.0933645
0.0952441
0.0971651
0.0991083
0.101092
0.103113
0.105173
0.107279
0.109406
0.111601
0.113808
0.116085
0.118389
0.120745
0.123138
0.125578
0.12807
0.13058
0.133172
0.135797
0.138458
0.141207
0.143939
0.146785
0.149636
0.152551
0.155524
0.158487
0.161284
0.163658
0.0214541
0.0222461
0.0232342
0.0241066
0.0246382
0.0249189
0.0252149
0.0257369
0.0264392
0.0270383
0.0272965
0.027362
0.027645
0.0283202
0.029165
0.0297634
0.0300189
0.0304061
0.0312782
0.0323203
0.0330142
0.0333844
0.0339828
0.0350081
0.0359288
0.0365105
0.0372031
0.0381573
0.0390754
0.0398928
0.0406735
0.0414768
0.0424576
0.0435546
0.0444782
0.0452898
0.0462678
0.0473578
0.0484008
0.0494211
0.0504472
0.0515229
0.052682
0.0538116
0.0548944
0.0560345
0.0572889
0.0585488
0.0597041
0.0608824
0.0622375
0.0636047
0.0648406
0.0661566
0.0675996
0.0690074
0.07038
0.0718432
0.0733546
0.0748457
0.0763619
0.0779421
0.0795394
0.0811331
0.0827954
0.0844939
0.0861979
0.0879217
0.0897335
0.0915388
0.0933685
0.0952479
0.0971697
0.099113
0.101096
0.103118
0.105178
0.107284
0.109411
0.111607
0.113812
0.11609
0.118393
0.120749
0.123142
0.125581
0.128074
0.130584
0.133177
0.1358
0.138462
0.141211
0.143944
0.146791
0.149645
0.152562
0.155538
0.158505
0.161305
0.163681
0.0216547
0.0224164
0.0233707
0.0242584
0.0248645
0.025208
0.0255076
0.0259643
0.0265793
0.0271774
0.0275392
0.0276694
0.0279035
0.0284665
0.0292379
0.029912
0.0302866
0.0306354
0.0313528
0.0323365
0.0331558
0.0336289
0.0341197
0.0350134
0.0359966
0.0366779
0.0373143
0.0381944
0.0391419
0.0399826
0.0407577
0.0415565
0.0424855
0.043565
0.0445567
0.0453733
0.046284
0.0473706
0.0484516
0.049466
0.0504681
0.0515437
0.0527101
0.0538392
0.0549172
0.0560505
0.0573007
0.0585678
0.0597286
0.0608929
0.062241
0.0636213
0.0648594
0.0661634
0.0676066
0.0690212
0.0703891
0.0718479
0.0733626
0.0748541
0.0763669
0.0779476
0.0795474
0.0811386
0.0827997
0.0845007
0.0862036
0.0879252
0.0897378
0.0915434
0.0933729
0.0952517
0.0971744
0.0991182
0.101101
0.103124
0.105183
0.107288
0.109416
0.111612
0.113817
0.116095
0.118398
0.120754
0.123146
0.125585
0.128078
0.130588
0.133181
0.135804
0.138466
0.141215
0.143949
0.146798
0.149654
0.152574
0.155553
0.158524
0.161326
0.163704
0.02187
0.0225867
0.023513
0.0244098
0.025078
0.0254821
0.025792
0.0262032
0.0267474
0.0273094
0.0277406
0.027956
0.0281695
0.0286454
0.0293362
0.0300286
0.0305102
0.0308795
0.0314829
0.0323683
0.0332435
0.0338436
0.0343071
0.03506
0.0360315
0.036812
0.0374543
0.0382536
0.0391904
0.0400703
0.0408459
0.0416367
0.0425342
0.0435727
0.0446102
0.0454706
0.0463239
0.0473705
0.0484904
0.0495252
0.050497
0.0515557
0.052736
0.053873
0.0549424
0.0560656
0.0573114
0.0585873
0.059756
0.0609053
0.0622433
0.0636373
0.0648802
0.0661713
0.0676129
0.0690354
0.0703992
0.0718526
0.0733707
0.0748633
0.0763724
0.0779528
0.0795555
0.0811446
0.082804
0.0845075
0.0862097
0.087929
0.0897419
0.0915483
0.093378
0.0952556
0.097179
0.0991237
0.101105
0.103129
0.105188
0.107293
0.109421
0.111618
0.113821
0.116101
0.118402
0.120758
0.12315
0.125588
0.128082
0.130593
0.133186
0.135807
0.13847
0.141219
0.143955
0.146805
0.149663
0.152586
0.155568
0.158542
0.161348
0.163727
0.0221099
0.0227755
0.0236632
0.0245562
0.0252732
0.0257366
0.0260661
0.0264464
0.0269396
0.0274552
0.0279084
0.0282106
0.0284361
0.0288439
0.0294639
0.0301374
0.0306917
0.0311127
0.031651
0.0324357
0.0333035
0.0340091
0.0345139
0.0351587
0.0360633
0.0369078
0.0375976
0.0383453
0.0392357
0.0401453
0.0409407
0.041717
0.0425942
0.0435913
0.0446395
0.0455625
0.0463946
0.0473726
0.0485064
0.0495894
0.0505447
0.0515636
0.0527524
0.0539121
0.0549739
0.0560799
0.0573197
0.0586066
0.0597866
0.0609198
0.0622439
0.0636523
0.064903
0.0661804
0.0676183
0.0690498
0.0704103
0.0718574
0.0733787
0.0748734
0.0763787
0.0779576
0.0795637
0.0811512
0.0828083
0.0845142
0.0862165
0.087933
0.0897457
0.0915533
0.0933837
0.0952596
0.0971837
0.0991296
0.10111
0.103134
0.105194
0.107298
0.109426
0.111624
0.113826
0.116106
0.118407
0.120762
0.123155
0.125592
0.128086
0.130597
0.133191
0.135812
0.138475
0.141224
0.143961
0.146813
0.149672
0.152599
0.155583
0.158561
0.16137
0.163751
0.0223572
0.0229875
0.0238272
0.0246989
0.0254485
0.0259723
0.0263316
0.0266897
0.0271408
0.0276201
0.0280607
0.0284258
0.0286956
0.0290562
0.0296134
0.030254
0.0308455
0.0313227
0.0318368
0.0325405
0.0333626
0.0341296
0.0347095
0.0352987
0.0361155
0.0369772
0.0377215
0.0384579
0.0392952
0.0402066
0.0410363
0.0418043
0.0426585
0.0436256
0.0446585
0.0456317
0.0464855
0.0473952
0.0485001
0.0496422
0.0506153
0.0515791
0.0527532
0.0539501
0.0550164
0.0560965
0.0573238
0.0586244
0.059821
0.060938
0.0622425
0.0636653
0.0649282
0.0661909
0.0676226
0.0690642
0.0704227
0.0718623
0.0733862
0.0748844
0.0763859
0.0779622
0.079572
0.0811585
0.0828124
0.0845207
0.0862241
0.0879373
0.0897488
0.0915586
0.0933899
0.0952637
0.0971883
0.0991359
0.101115
0.10314
0.105199
0.107303
0.109432
0.11163
0.113831
0.116111
0.118412
0.120766
0.12316
0.125595
0.12809
0.130601
0.133195
0.135816
0.138479
0.14123
0.143967
0.146821
0.149682
0.152612
0.155599
0.15858
0.161392
0.163774
0.0225915
0.0232115
0.0240128
0.0248528
0.0256128
0.0261884
0.0265837
0.0269291
0.0273412
0.0277971
0.0282171
0.0286061
0.0289326
0.0292759
0.0297777
0.0303825
0.030985
0.0315092
0.0320241
0.0326735
0.0334392
0.034223
0.0348767
0.0354604
0.0361986
0.0370387
0.037821
0.0385729
0.0393738
0.0402618
0.0411216
0.0418997
0.0427266
0.0436702
0.044683
0.0456783
0.0465782
0.0474509
0.0484884
0.0496657
0.0506979
0.0516172
0.0527416
0.0539753
0.0550701
0.0561212
0.0573224
0.0586376
0.0598594
0.0609619
0.0622395
0.0636751
0.064956
0.0662035
0.0676257
0.0690785
0.0704366
0.0718675
0.0733929
0.0748959
0.0763942
0.0779663
0.0795801
0.0811665
0.0828167
0.0845271
0.0862324
0.0879419
0.0897515
0.0915644
0.0933967
0.095268
0.0971928
0.0991425
0.101119
0.103145
0.105205
0.107308
0.109437
0.111637
0.113836
0.116117
0.118417
0.120771
0.123165
0.125599
0.128095
0.130606
0.1332
0.13582
0.138484
0.141235
0.143974
0.146829
0.149692
0.152625
0.155616
0.158599
0.161413
0.163797
0.0228127
0.0234342
0.0242139
0.0250239
0.0257741
0.0263834
0.0268187
0.0271657
0.0275428
0.0279759
0.0283836
0.0287674
0.0291364
0.0294933
0.0299525
0.0305198
0.0311174
0.0316771
0.0322036
0.0328202
0.0335385
0.0343068
0.0350132
0.0356241
0.0363113
0.0371099
0.0379049
0.0386788
0.0394654
0.0403218
0.0411922
0.0419954
0.0428023
0.0437173
0.0447164
0.0457137
0.0466555
0.0475334
0.0484944
0.0496584
0.0507722
0.051688
0.0527331
0.053977
0.0551272
0.0561618
0.057318
0.0586417
0.0598996
0.0609933
0.0622359
0.0636798
0.0649859
0.0662194
0.0676274
0.0690922
0.0704526
0.0718732
0.0733986
0.0749083
0.0764039
0.0779703
0.0795881
0.0811751
0.0828203
0.0845333
0.0862416
0.0879469
0.0897519
0.0915705
0.0934041
0.0952723
0.0971972
0.0991491
0.101124
0.103151
0.105211
0.107314
0.109443
0.111643
0.113841
0.116122
0.118422
0.120775
0.123171
0.125602
0.1281
0.130611
0.133205
0.135826
0.138489
0.141241
0.143981
0.146838
0.149703
0.152638
0.155632
0.158618
0.161435
0.16382
0.0230304
0.0236503
0.024418
0.0252065
0.0259399
0.0265633
0.0270347
0.0273965
0.0277468
0.0281506
0.0285539
0.0289275
0.0293118
0.0296948
0.0301321
0.0306647
0.0312474
0.0318293
0.0323731
0.0329694
0.0336547
0.0343943
0.035126
0.0357753
0.0364401
0.0371974
0.0379833
0.0387733
0.0395601
0.0403921
0.0412569
0.0420847
0.0428884
0.0437683
0.0447522
0.0457479
0.0467114
0.0476215
0.0485336
0.0496387
0.050816
0.0517805
0.0527486
0.0539566
0.0551725
0.0562227
0.05732
0.0586331
0.0599382
0.0610348
0.062234
0.0636778
0.0650162
0.0662398
0.0676277
0.0691039
0.0704706
0.0718799
0.0734026
0.0749207
0.0764149
0.077974
0.0795959
0.0811846
0.0828242
0.0845391
0.0862518
0.0879525
0.0897596
0.0915777
0.0934123
0.0952772
0.0972018
0.0991563
0.101129
0.103156
0.105217
0.107319
0.109449
0.111649
0.113847
0.116127
0.118428
0.12078
0.123176
0.125606
0.128104
0.130616
0.13321
0.135831
0.138494
0.141248
0.143988
0.146847
0.149714
0.152652
0.155649
0.158636
0.161456
0.163843
0.023245
0.0238621
0.0246193
0.025393
0.0261103
0.0267346
0.0272301
0.0276135
0.0279506
0.0283228
0.02872
0.0290907
0.0294709
0.0298727
0.0303082
0.0308159
0.0313779
0.0319671
0.0325319
0.033117
0.0337796
0.0344926
0.0352255
0.0359081
0.036572
0.0373
0.0380648
0.0388574
0.0396503
0.0404691
0.0413227
0.0421638
0.0429786
0.0438298
0.044789
0.0457859
0.0467566
0.0476972
0.0485994
0.0496296
0.0508217
0.0518692
0.052803
0.0539323
0.0551891
0.0562948
0.0573401
0.0586123
0.0599672
0.0610875
0.0622382
0.0636689
0.065045
0.0662658
0.0676283
0.0691128
0.0704907
0.0718886
0.0734049
0.0749331
0.0764275
0.0779776
0.0796031
0.0811947
0.0828272
0.0845444
0.0862628
0.0879581
0.0897562
0.0915846
0.0934203
0.0952816
0.097206
0.0991628
0.101134
0.103162
0.105223
0.107325
0.109455
0.111655
0.113853
0.116132
0.118433
0.120785
0.123182
0.125611
0.128109
0.130622
0.133214
0.135836
0.138499
0.141254
0.143995
0.146856
0.149724
0.152666
0.155665
0.158655
0.161477
0.163866
0.0234511
0.02407
0.0248174
0.0255795
0.0262812
0.0268986
0.0274064
0.0278106
0.0281496
0.0284937
0.0288759
0.0292495
0.0296248
0.0300313
0.0304723
0.0309675
0.0315088
0.0320933
0.0326785
0.0332628
0.0339052
0.0345985
0.035321
0.0360244
0.0366984
0.0374101
0.0381548
0.0389379
0.0397344
0.0405471
0.0413905
0.0422351
0.0430641
0.043902
0.0448289
0.0458238
0.0468001
0.0477585
0.0486754
0.0496497
0.0508087
0.0519271
0.0528852
0.0539292
0.0551735
0.056359
0.0573879
0.058589
0.0599772
0.0611475
0.0622532
0.0636527
0.0650683
0.0662969
0.0676306
0.0691184
0.0705122
0.0719006
0.0734057
0.0749447
0.0764421
0.0779818
0.0796103
0.081206
0.0828312
0.0845489
0.0862747
0.0879647
0.0897625
0.0915916
0.0934295
0.0952879
0.0972104
0.0991705
0.10114
0.103167
0.10523
0.107331
0.109461
0.111661
0.113859
0.116138
0.118439
0.120791
0.123188
0.125615
0.128114
0.130628
0.133219
0.135842
0.138506
0.141261
0.144004
0.146865
0.149736
0.15268
0.155683
0.158674
0.161498
0.163888
0.0236469
0.0242711
0.0250115
0.0257627
0.0264511
0.0270566
0.0275674
0.0279848
0.0283343
0.0286599
0.0290213
0.0293967
0.0297726
0.0301777
0.0306196
0.0311115
0.0316404
0.0322159
0.0328128
0.0334024
0.0340286
0.0347066
0.0354173
0.0361265
0.0368139
0.0375208
0.038251
0.039019
0.0398114
0.0406222
0.0414597
0.0423037
0.0431426
0.0439793
0.0448764
0.0458591
0.0468423
0.0478101
0.0487477
0.049696
0.0508015
0.0519496
0.0529705
0.0539672
0.0551453
0.0563936
0.0574591
0.058579
0.0599643
0.0612077
0.0622849
0.063633
0.0650832
0.0663314
0.0676355
0.0691198
0.0705325
0.071915
0.0734047
0.0749539
0.0764576
0.0779857
0.0796157
0.0812178
0.0828323
0.0845521
0.0862869
0.0879708
0.0897533
0.0915974
0.0934368
0.0952795
0.0972136
0.0991763
0.101146
0.103172
0.105236
0.107337
0.109467
0.111667
0.113865
0.116143
0.118444
0.120796
0.123193
0.12562
0.128118
0.130634
0.133223
0.135847
0.138512
0.141267
0.144011
0.146874
0.149747
0.152693
0.155696
0.158691
0.161518
0.16391
0.0238379
0.0244634
0.0251986
0.025939
0.0266176
0.0272082
0.0277139
0.0281351
0.0284954
0.0288169
0.0291568
0.029528
0.0299077
0.0303138
0.0307521
0.0312441
0.0317707
0.0323352
0.0329346
0.0335334
0.0341519
0.0348135
0.0355139
0.0362221
0.0369185
0.0376268
0.0383461
0.0391002
0.0398842
0.0406924
0.0415266
0.0423686
0.0432135
0.0440551
0.0449321
0.0458957
0.0468814
0.0478567
0.0488113
0.0497534
0.050812
0.0519509
0.0530344
0.0540381
0.0551334
0.0563921
0.0575363
0.0585991
0.059933
0.0612572
0.0623374
0.0636158
0.0650883
0.0663705
0.0676476
0.0691204
0.0705535
0.0719344
0.0734049
0.0749616
0.0764755
0.077992
0.0796211
0.0812313
0.0828417
0.0845547
0.0862997
0.087979
0.0897562
0.0916036
0.0934465
0.0952891
0.0972188
0.0991839
0.101153
0.103178
0.105242
0.107344
0.109474
0.111673
0.113872
0.116149
0.11845
0.120803
0.123199
0.125625
0.128124
0.130641
0.133229
0.135854
0.138519
0.141274
0.14402
0.146884
0.149758
0.152707
0.155714
0.15871
0.161538
0.163931
0.0240298
0.0246502
0.0253778
0.0261055
0.0267744
0.0273508
0.0278448
0.0282623
0.0286267
0.0289536
0.0292782
0.0296417
0.0300249
0.0304365
0.0308758
0.0313649
0.0318936
0.0324513
0.0330495
0.0336551
0.0342716
0.0349199
0.0356098
0.0363152
0.0370116
0.0377242
0.0384394
0.0391824
0.039957
0.0407566
0.041588
0.0424284
0.0432775
0.0441265
0.0449908
0.0459341
0.046914
0.0478959
0.0488666
0.0498109
0.0508364
0.0519457
0.0530636
0.0541127
0.0551503
0.0563616
0.0575879
0.0586489
0.0598941
0.0612775
0.0624041
0.0636045
0.0650747
0.0664057
0.0676629
0.0691153
0.0705699
0.0719545
0.0734037
0.0749653
0.0764927
0.0779984
0.0796241
0.0812441
0.082846
0.0845548
0.0863109
0.0879882
0.0897549
0.091608
0.0934555
0.0952936
0.0972231
0.0991895
0.101159
0.103183
0.105247
0.10735
0.10948
0.111678
0.113878
0.116154
0.118455
0.120809
0.123203
0.125629
0.128129
0.130646
0.133233
0.135859
0.138525
0.14128
0.144027
0.146892
0.149769
0.152721
0.155729
0.158726
0.161557
0.163951
0.0242132
0.0248276
0.025543
0.0262545
0.0269099
0.027474
0.0279522
0.028362
0.0287232
0.0290583
0.0293799
0.0297369
0.030125
0.0305449
0.030992
0.0314773
0.0320108
0.0325684
0.0331628
0.0337732
0.0343914
0.0350319
0.0357066
0.036409
0.0371015
0.0378167
0.0385352
0.0392679
0.0400351
0.0408236
0.0416509
0.0424917
0.0433422
0.0442006
0.0450584
0.0459827
0.0469509
0.0479328
0.0489196
0.0498718
0.0508766
0.0519584
0.0530774
0.0541779
0.0552101
0.0563426
0.0576095
0.058725
0.0598798
0.0612711
0.0624819
0.0636219
0.0650515
0.0664392
0.0676919
0.0691112
0.0705863
0.0719807
0.0734054
0.0749675
0.076511
0.0780076
0.0796272
0.0812578
0.0828537
0.0845547
0.0863226
0.0879994
0.0897576
0.0916156
0.0934648
0.095301
0.0972281
0.0991954
0.101167
0.103189
0.105252
0.107358
0.109487
0.111683
0.113886
0.116161
0.11846
0.120816
0.123209
0.125634
0.128136
0.130652
0.133239
0.135866
0.138533
0.141288
0.144036
0.146902
0.14978
0.152735
0.155744
0.158743
0.161576
0.163971
0.0244002
0.0249859
0.025666
0.0263459
0.0269768
0.0275257
0.0279837
0.0283782
0.0287315
0.0290733
0.0294059
0.0297638
0.0301619
0.0305954
0.0310618
0.0315535
0.0320918
0.0326564
0.0332492
0.0338643
0.0344837
0.0351221
0.0357832
0.0364819
0.0371728
0.0378825
0.0386095
0.0393371
0.0400984
0.040878
0.0416972
0.0425403
0.0433897
0.044258
0.0451176
0.0460253
0.0469821
0.0479576
0.0489555
0.0499243
0.0509142
0.0519757
0.0530787
0.054202
0.055272
0.0563442
0.0575932
0.0587856
0.0598926
0.0612373
0.0625345
0.0636622
0.0650195
0.0664521
0.0677281
0.0691047
0.0705932
0.0720093
0.0734079
0.0749645
0.0765279
0.078018
0.0796282
0.0812705
0.0828624
0.0845504
0.0863301
0.0880124
0.0897594
0.0916165
0.0934725
0.0953096
0.0972332
0.0992008
0.101175
0.103195
0.105257
0.107366
0.109493
0.111688
0.113892
0.116166
0.118465
0.120822
0.123214
0.125639
0.128141
0.130657
0.133243
0.135871
0.138539
0.141294
0.144044
0.146911
0.14979
0.152747
0.155758
0.158759
0.161593
0.163989
0.0247972
0.0253779
0.0260218
0.0266457
0.0272158
0.0277141
0.0281277
0.0284837
0.0288103
0.0291397
0.0294774
0.0298356
0.0302352
0.0306753
0.0311544
0.0316563
0.0321931
0.0327613
0.0333509
0.0339644
0.0345812
0.0352163
0.0358681
0.0365568
0.0372509
0.0379512
0.0386833
0.0394146
0.0401678
0.0409429
0.0417511
0.0425958
0.0434417
0.0443135
0.0451822
0.0460749
0.0470214
0.0479878
0.0489862
0.0499758
0.0509599
0.0520068
0.0530967
0.0542124
0.055325
0.0563847
0.0575781
0.0588211
0.0599368
0.0612108
0.0625593
0.0637242
0.0650045
0.0664467
0.0677693
0.069108
0.0705908
0.0720396
0.073419
0.0749571
0.076542
0.0780325
0.079628
0.0812823
0.0828764
0.0845481
0.0863347
0.0880288
0.089766
0.0916154
0.0934787
0.0953194
0.097237
0.0992033
0.101182
0.1032
0.105261
0.107374
0.109499
0.111692
0.113899
0.116173
0.11847
0.120829
0.123219
0.125644
0.128148
0.130663
0.133248
0.135878
0.138547
0.1413
0.144051
0.14692
0.1498
0.152759
0.155772
0.158773
0.161609
0.164006
0.0245277
0.0250827
0.0257158
0.0263408
0.0269192
0.0274438
0.0279004
0.0283065
0.0286853
0.0290645
0.0294544
0.0298544
0.0302804
0.0307389
0.0312327
0.0317485
0.0322862
0.0328506
0.0334358
0.0340445
0.0346604
0.0352908
0.0359363
0.0366139
0.0373102
0.0380073
0.0387344
0.0394756
0.0402235
0.040998
0.0417987
0.0426411
0.0434882
0.0443556
0.0452383
0.0461219
0.0470584
0.0480198
0.0490081
0.0500146
0.0510016
0.0520368
0.0531172
0.0542149
0.0553521
0.0564368
0.0575801
0.0588274
0.0599876
0.0612054
0.062555
0.0637857
0.0650143
0.0664284
0.0678047
0.0691257
0.0705812
0.0720643
0.0734422
0.0749479
0.0765485
0.078052
0.0796275
0.0812897
0.0828937
0.0845436
0.0863308
0.0880447
0.0897756
0.0916108
0.0934826
0.0953341
0.0972437
0.0992076
0.101192
0.103209
0.105267
0.107384
0.109507
0.111697
0.113907
0.11618
0.118476
0.120836
0.123224
0.125649
0.128155
0.130668
0.133253
0.135884
0.138554
0.141307
0.144059
0.14693
0.149811
0.152771
0.155785
0.158787
0.161624
0.164023
0.0260833
0.0262416
0.0263489
0.0265007
0.0267314
0.0270562
0.0274511
0.0278861
0.0283408
0.0288086
0.0292908
0.0297733
0.0302606
0.0307581
0.0312765
0.0318099
0.0323542
0.0329138
0.0334934
0.0340971
0.0347131
0.0353424
0.0359825
0.0366523
0.0373464
0.0380475
0.0387672
0.0395152
0.040267
0.0410416
0.0418413
0.0426739
0.0435254
0.0443858
0.0452765
0.0461626
0.0470855
0.0480471
0.0490225
0.0500389
0.0510395
0.0520635
0.0531379
0.0542178
0.0553605
0.056479
0.0575974
0.0588184
0.06002
0.0612187
0.0625343
0.0638214
0.0650434
0.0664052
0.0678179
0.0691524
0.0705672
0.0720731
0.0734759
0.074941
0.0765433
0.0780754
0.079628
0.0812916
0.0829168
0.0845428
0.0863224
0.0880638
0.0897909
0.0916037
0.0934826
0.0953473
0.0972477
0.0992058
0.101197
0.103212
0.10527
0.10739
0.109511
0.1117
0.113912
0.116185
0.11848
0.120841
0.123228
0.125653
0.128161
0.130673
0.133257
0.13589
0.138559
0.141313
0.144065
0.146936
0.149819
0.152781
0.155796
0.1588
0.161638
0.164037
0.0247858
0.0252557
0.0258017
0.0263349
0.0268253
0.0272745
0.0276915
0.0280878
0.0284852
0.0288964
0.0293385
0.0298037
0.030292
0.030798
0.0313238
0.0318678
0.0324202
0.0329836
0.0335593
0.0341611
0.0347784
0.0354095
0.0360444
0.036703
0.0373892
0.0380909
0.0388061
0.039549
0.0403106
0.0410884
0.0418892
0.0427123
0.0435631
0.0444248
0.0453092
0.0462072
0.0471188
0.048077
0.0490494
0.050057
0.0510767
0.0520906
0.0531581
0.0542331
0.055362
0.0565129
0.0576301
0.0588177
0.0600407
0.0612473
0.0625293
0.063837
0.0650899
0.0664071
0.0678151
0.0691917
0.0705679
0.0720656
0.073519
0.0749452
0.0765254
0.0781023
0.079633
0.0812839
0.0829439
0.0845445
0.0863032
0.0880824
0.089812
0.091594
0.0934817
0.0953658
0.0972571
0.0992099
0.101208
0.103223
0.105279
0.107401
0.109521
0.111707
0.113921
0.116194
0.118488
0.120849
0.123235
0.125659
0.128168
0.130678
0.133262
0.135897
0.138567
0.14132
0.144073
0.146946
0.149828
0.152792
0.155807
0.158811
0.16165
0.16405
0.0263235
0.0263742
0.0263639
0.0263957
0.0265201
0.0267514
0.0270913
0.0275153
0.0280028
0.0285293
0.029083
0.0296491
0.0302174
0.030783
0.0313421
0.0319044
0.0324628
0.0330268
0.0335973
0.0341916
0.034807
0.0354359
0.0360714
0.0367214
0.0374019
0.0381047
0.0388223
0.039561
0.0403282
0.0411166
0.0419157
0.0427363
0.0435815
0.0444484
0.0453258
0.0462275
0.0471437
0.04809
0.0490706
0.0500662
0.0510947
0.0521151
0.0531669
0.0542509
0.0553607
0.056525
0.0576601
0.0588169
0.0600481
0.0612654
0.0625302
0.0638331
0.0651112
0.0664223
0.067795
0.069209
0.0705842
0.0720397
0.0735474
0.0749676
0.0764957
0.0781199
0.0796499
0.0812661
0.0829661
0.0845601
0.0862765
0.0880902
0.0898396
0.0915848
0.0934724
0.0953801
0.097262
0.0992052
0.101211
0.103225
0.105279
0.107406
0.109523
0.111707
0.113925
0.116197
0.11849
0.120852
0.123237
0.125662
0.128173
0.130681
0.133264
0.135901
0.13857
0.141323
0.144077
0.14695
0.149833
0.152798
0.155815
0.15882
0.161657
0.164059
0.0258524
0.0258505
0.0258182
0.0258541
0.0260032
0.026276
0.026672
0.0271688
0.0277361
0.0283426
0.0289632
0.0295837
0.030192
0.0307848
0.0313599
0.0319291
0.0324903
0.0330528
0.0336219
0.0342098
0.0348221
0.0354487
0.0360846
0.0367338
0.0374102
0.0381136
0.0388321
0.0395714
0.0403377
0.0411319
0.0419315
0.0427513
0.0435951
0.0444622
0.0453406
0.046238
0.0471602
0.0481011
0.0490823
0.0500779
0.051101
0.0521315
0.0531744
0.0542617
0.0553708
0.0565286
0.0576827
0.0588284
0.060055
0.0612843
0.0625423
0.0638414
0.0651254
0.066448
0.0678019
0.0692167
0.0706142
0.0720386
0.0735545
0.0750017
0.0764885
0.0781211
0.0796754
0.0812598
0.0829708
0.0845849
0.0862686
0.0880831
0.0898607
0.0915925
0.0934664
0.0953906
0.0972773
0.0992115
0.101222
0.103238
0.10529
0.107418
0.109535
0.111717
0.113934
0.116208
0.118499
0.120861
0.123246
0.125669
0.128181
0.130689
0.133271
0.135908
0.138578
0.141331
0.144085
0.146958
0.149841
0.152807
0.155824
0.15883
0.161671
0.164072
)
;

boundaryField
{
    zeroGradientPlanes
    {
        type            zeroGradient;
    }
    inlet
    {
        type            zeroGradient;
    }
    plate
    {
        type            zeroGradient;
    }
    frontAndBack
    {
        type            empty;
    }
}


// ************************************************************************* //
